ID	X	Y	Width	Height	Text
28a05167-f4bc-4d27-b3a7-5b647ba9f9c8	74	50	34	18	544
1a9d8593-0685-4b1d-bd53-3aba9a2dda93	324	50	64	18	INDEX
a7d23d99-a076-4fc7-bb5d-294afb356c8e	142	90	32	16	5
66da5246-d914-4fd2-a16f-60ff441868a8	142	90	32	16	-
7c6c43da-83a0-4f1a-8939-e60d1de0ec3d	142	90	32	16	7
785939ed-cbff-49a9-81bf-1a7d0df09a29	142	90	32	16	;
e231efc7-3ba7-48da-bb78-b4b0b8bcfcb4	86	89	21	27	fl
5e18c50b-db82-45c4-85a5-2169b22ce789	108	91	18	26	hi
c5efd6c8-8e6f-457e-a187-58d058ce336f	127	92	39	28	30
104222fc-98e0-4533-a0eb-f0c11099bd16	127	92	39	28	-
d205fcab-a38f-4b91-9770-8c53b31e4593	127	92	39	28	9
e04d7e9b-e9b5-4c94-890c-6a26516a613c	127	92	39	28	:
4fca492c-b315-420e-b1e2-7c2c805b6a01	167	95	64	30	Nephite
31275ad3-05bc-4512-8666-05c2b4fa8b9d	167	95	64	30	:
eb04664b-8089-4784-8b38-e1187e85f116	233	101	30	27	kep
c86ad49d-deba-41e5-b53f-e56c85f58862	264	103	39	29	95
c71cba17-794a-424a-a6ed-a1088b0cfc68	264	103	39	29	-
9a626964-1fb5-4da1-aca8-c2d5295489bc	264	103	39	29	52
3222a7aa-2c00-48b6-96e0-2eb84994ad4c	300	104	56	12	because
cfcc1817-8159-418f-8d64-24fc73b688ac	312	118	20	12	to
d93ece0f-2bc1-46fb-ab1d-2a0d03fdcb0d	336	116	20	12	be
9752c44f-6149-498d-a4b7-a6c42ba2d1f2	84	102	30	34	in
ce18cdc4-f4f9-4c48-a687-6c8af45a707d	112	107	37	34	322
7fbc1d30-4e6c-4d71-9c47-3f0ee612cdb2	148	114	69	40	Nephite
73b7b158-5821-452f-8043-453becf8cb45	148	114	69	40	,
5a8d0b63-8ba1-4673-ba6e-0f60fd6f2aa1	216	126	34	34	8
b844f262-7a35-4233-9539-2f8cde35b0e6	216	126	34	34	-
060868b7-a05c-4836-8e4f-79d6afd814ad	216	126	34	34	9
8f3c1b47-98c9-4d0a-93f9-bacf31c49907	216	126	34	34	;
d9f15951-165f-4891-b5c9-1ea83b27488c	248	131	51	37	taught
fe37ae25-8766-4906-a711-f125a1d13e4a	298	140	30	33	2
0d23ae29-5469-4875-8289-72be6d2e552e	298	140	30	33	;
0251d91b-6a0f-4ba0-9090-090afca4b2a5	326	146	30	34	die
edb3d9f9-73ad-448a-bcf7-69cb651a2b27	327	146	30	34	:
854ecee5-8cc3-4c92-b178-2373806a7432	90	128	35	14	kept
1d7ae5fd-99f1-4840-bfc2-c89777985f7d	127	128	21	14	by
adbf3c25-dfac-45b2-945d-5e7afdbf1f39	228	128	45	14	102
49665f81-7497-41d6-972e-a7cc284599c2	228	128	45	14	-
9fe9ff79-0f34-46a5-b352-84710bb4228d	228	128	45	14	1
d55b05ce-4d00-41ae-b019-5d9e4e653345	228	128	45	14	;
71e4eb4d-7088-4220-9805-7e3211b4f0b1	275	128	59	14	keeping
42df3bbb-eacf-4bc6-9dd5-bf1784f7183a	336	128	18	14	of
9331bb51-2e92-4bcb-a1ca-0af2c7de2dd9	336	128	18	14	,
e202e812-9804-4210-b976-23e11e749a81	92	144	69	24	Beajamin
e47dc083-1991-46ee-9757-e4ccfdb1f57f	92	144	69	24	,
6ae43079-26ab-44bc-ae59-549d0b7a1ebb	164	144	48	24	137.13
eead9f8b-cde6-4d39-adb4-a72779a04eac	164	144	48	24	;
ae0533d2-5578-4533-acc6-9701e0ed78bc	215	144	24	24	the
a8a66dfd-27ab-4c17-88e8-ab68910247e5	242	144	32	24	ten
87054ca8-3809-4e2f-8a75-b122f4848caa	242	144	32	24	,
8630a4f4-071b-4e23-9b5b-45e896c4909b	92	154	70	12	Beajamin
3e7e073a-b4f2-4ed0-9064-794a1fe786fe	92	154	70	12	,
401f16a7-742a-48be-b0de-a8851711c3e0	92	166	54	12	obeyers
ae2c3426-17e2-4216-bf83-beb09f7def27	148	166	22	12	of
bcfd3af9-9be6-489c-8931-11fabe6e0f12	148	166	22	12	,
f43cf08b-4d7f-4c9a-8bb9-d13772688148	172	166	21	12	to
d0ecb596-36bc-456d-8d20-3d3a37e62986	194	166	21	12	be
903d7659-6380-4412-874f-9946ff278182	217	166	27	12	cut
0a3d2a90-f8e8-4f08-a23a-14f6b40df86d	245	166	29	12	of
a5649efb-e72b-4663-9c6b-66dcaf3f93da	245	166	29	12	,
adea43aa-835e-4eb6-9f67-f82593c69871	276	166	48	12	217
84f915ac-1b03-43ea-a4c5-30011a8f097a	276	166	48	12	-
02b4ee4a-0c5c-423e-b7ce-f3fa035669bf	276	166	48	12	13
6bb6d5e7-8e85-4f58-97be-672dde646fc2	276	166	48	12	.
60ae8270-4183-43c1-be00-85ee2809f050	82	180	108	12	Commencement
abbb10b0-537e-471b-b281-2e3b4445dd33	82	180	108	12	,
278cd994-e341-4b79-ab50-a284fc6353c3	191	180	18	12	of
b5f70b73-9d25-492f-926b-8094b841628b	211	180	41	12	reign
e45cef55-2d7b-458c-b47c-bf1db3b51455	253	180	17	12	of
126f53c1-b983-4a14-9bfc-35d305374ddc	271	180	53	12	judges
8f0c7964-7fd6-48dd-9090-2c32851361a6	271	180	53	12	,
739115ed-54f6-497d-b0ca-fc055829c373	325	180	31	12	194
62300014-1721-4fb1-ab9d-d465fae2108c	325	180	31	12	-
49c95c87-0878-400d-9db8-2c700524cbda	88	190	24	16	44
62eb82bc-c406-4a50-9107-dc08e000452d	88	190	24	16	.
bd63329a-62ca-49d9-be86-c99e98d682dd	78	202	56	16	Comnor
55d19718-54cb-4965-b901-82b5e4240938	78	202	56	16	,
6b1e1666-a604-4d20-a2e5-84ff2825d618	136	202	30	16	hill
2c3c88e6-f8e4-42df-b972-7dbb9bf96027	136	202	30	16	,
1b7234b4-66f3-4407-a986-279f508f37f1	168	202	40	16	scene
377e2b65-b070-45c9-a13a-9aec40ac51ad	210	202	16	16	of
7ea6f8c1-4f0b-45b8-a7f0-9968ebaf8604	228	202	38	16	great
23811be7-6043-4845-b859-93a5561bcd0c	268	202	56	16	Jaredite
3ec213b8-ae39-4922-9c49-94491ca66341	326	202	32	16	bat
ff0f92c9-b299-4093-be8b-f9336d8dc777	326	202	32	16	-
a618e66f-8f57-4370-8a5a-a844847e8063	90	216	24	16	tle
983c5f51-4f4d-4c03-b913-5011fb02758d	90	216	24	16	,
47c50917-c153-4f38-ab7a-0b5b61691c03	116	216	50	16	507
6d692b50-7c86-4b62-a3ac-4b93ac8af0e4	116	216	50	16	-
684b7d0d-2916-4f0d-b89c-e6515563873a	116	216	50	16	28
ce0715b5-0f15-4495-9997-abbfa49e176a	116	216	50	16	.
d60518f1-18c6-4413-a81e-6f1af0574001	144	228	28	14	see
db7f2d8e-aae0-4bd5-a604-e1072b5b3cc8	174	228	60	14	Lishona
11a9eb2a-cd49-4577-b554-731e03f9eb9d	174	228	60	14	.
ddadd5ce-3ba1-4f88-8f72-6040aa3baf27	80	240	86	14	Compassion
dfdf6fa6-493e-4859-a447-9006738b46a5	80	240	86	14	,
1684a49a-a394-47fe-b3a6-16ec651edd0f	164	242	53	12	divine
29370aa5-7e79-4de5-a53c-ac2c363a68c6	164	242	53	12	,
3c9958bf-8766-4b4c-9615-7abc8aaea154	218	242	60	12	towards
e9605685-4852-45cd-8495-38a0e4d38fe4	280	242	58	12	children
320a6c5f-b57b-42b1-8b28-a779ca2c7cc5	339	242	16	12	ot
10e6c1b4-fa17-44bf-9ca8-64245a3aab43	88	256	34	10	men
03d80846-2c75-4e4d-a33a-770c4eb2060c	88	256	34	10	,
59e16aeb-564d-4046-81b6-79677b310206	122	252	44	14	163
4ba1c3a6-099d-424c-9372-a38e562e47d1	122	252	44	14	-
1f796d46-206a-4507-a00d-774e9da29ee1	122	252	44	14	9
c98fa797-aa13-4c43-a3f3-de01ca561177	122	252	44	14	;
4dded400-87e9-4d64-b71b-65e0e1fd2138	167	252	75	14	Lamanites
677efae2-093d-4ff7-bec1-4e91201a42cc	244	252	30	14	bad
e7fbe8d5-1e78-4e1e-b2a9-0fffe7d5992e	244	252	30	14	,
602a63a1-9cca-4edf-a62e-aa9892da2355	276	252	47	14	171
38d148f5-cb90-42bc-9d81-d7d7e64e9817	276	252	47	14	-
3b02c9fa-2847-4c29-98ec-01ccfdf6bdfc	276	252	47	14	14
31c65b29-5007-427b-bf44-9b7053b75207	276	252	47	14	,
fce2882f-5d2f-4a8b-b830-369cfac19c0d	325	252	31	14	174
0a6ce73f-292c-40e1-bcff-5585d8446449	325	252	31	14	.
482ae5a6-6d78-4b82-ba86-812e0d8fc9be	90	266	21	12	26
a959356b-717e-4cec-b3ca-1c7ef23cb4af	90	266	21	12	,
b8513c51-f7de-42b0-a47e-57e6f165384c	112	266	53	12	180
cf774375-06f9-42c1-b84f-719cb9c8466b	112	266	53	12	-
ac7efd5c-6a04-482c-b9db-094c8086db00	112	266	53	12	34
71276b9d-5324-4260-b17d-7318db163079	112	266	53	12	:
a034f387-bd95-49a5-9f26-37c3cdb0ade8	167	266	55	12	Ammon
d1fe1e9a-7586-4be9-aeda-6bb11c6b941b	224	266	48	12	moved
5ae039c6-2488-41c3-9d17-69449ef96fab	273	266	38	12	with
f2e7564d-d7af-43c6-9c74-b952e0848194	273	266	38	12	,
c75b9d99-f186-40d1-8681-3ca729e661e8	312	266	42	12	264
480e1e53-3829-4990-a713-436859c8bdde	312	266	42	12	-
c6fcded3-455d-4c25-b61a-18f3612b3e17	312	266	42	12	4
bcd1d69c-bbc9-494b-889c-5eecbfec103b	312	266	42	12	;
0566e26d-87f3-4da8-905a-9abfb0eb9986	92	280	42	10	Jesus
f106ad71-293c-4f1e-8966-c4b567396c46	134	276	42	14	flled
0417904b-d79e-4b68-b7da-d7dfccd70428	178	279	39	13	with
1ee80075-15e6-49d5-a4e6-eab19d213fcf	178	279	39	13	,
0dbbbff9-b6a6-4e11-81ca-26296f770e12	218	278	48	13	432
a3cd1fcb-8b65-4cc9-8be8-51fe48c71a47	218	278	48	13	-
e08457c6-55b5-4b64-90ad-efbc73da4c35	218	278	48	13	6
e1db1220-c5bb-4e19-9c1c-bed0b4b42f5b	218	278	48	13	;
fc00e24d-5c4f-45d1-ade7-5e30b19a780c	268	277	20	12	of
d988cc1f-3870-48ba-9415-b9fe52d2a72a	289	277	30	13	the
9e315a07-5af0-48f9-a1e6-f1b833f40577	320	276	34	13	Lord
1feefbb8-45db-48f0-be36-eed7571b37f1	92	290	21	14	for
c4e3a2e2-6f3a-4e88-9877-183a227ac248	115	290	45	14	Jared
6a3e8afa-798f-4112-8046-d0913490802c	115	290	45	14	,
f0064629-88ae-4c7a-bc9f-3cf9a6cc06aa	162	290	52	14	479
d9240469-517e-4198-9831-23463dac390d	162	290	52	14	-
6c6dc805-5050-44d9-afe8-879ea9384e27	162	290	52	14	35
eb3d8d96-0dcc-4ff9-b3a6-dd327ed6428c	162	290	52	14	.
bc4e55d3-70bb-4e49-ae08-b9c5e0978d29	80	304	75	14	Complaint
19bcb7e7-0721-4d13-bf6d-88a792811a5e	80	304	75	14	,
fb0120db-4ec8-4538-ad36-d3a870ed1bbc	157	304	56	14	against
3e9eaf86-6811-4ce4-a1f2-ec234a04ba74	215	304	87	14	unrighteous
a5ddca6c-e494-40c6-abdc-8a5257c82ddb	304	304	52	14	judges
00ddd099-6507-4c96-b026-3dcfbecd55d4	304	304	52	14	,
7526fa95-05a8-4ee7-8c20-b56f6ec508fa	90	316	48	12	412
48304ed0-e7fa-48b6-9b4f-f0abe87202f5	90	316	48	12	-
c58a96f7-0aaf-4cb2-8653-7f777a830281	90	316	48	12	25
4af68dd2-b185-4f96-b11d-c024f413d0bb	90	316	48	12	.
45971da5-71ac-4084-9c30-62fb5359a7f4	92	354	39	10	Nosh
efd8c33a-18b8-4b92-9d81-04387cea65d3	132	354	31	10	and
64307cab-97dd-4681-8a9a-e943ddd0a37a	165	354	29	10	his
66529dc5-38cc-41f2-ae81-3cc704415490	90	352	35	28	Amon
d55ce0d9-1dde-4558-a908-3249d4dac839	128	352	10	28	a
fb1806fc-1928-46ae-9c2f-1cdacdffac24	142	352	45	28	dredi
a4e0b4b3-2814-4c3e-a7b9-68d0468ebf8a	191	352	49	28	sited
08d1d6e7-eb02-4c70-b6cf-8b817404e33d	244	352	59	28	priesta
b165c702-07ae-441a-bb50-38c6dbe7dba9	244	352	59	28	,
d603c094-60ee-4daa-affe-67cce9884179	307	352	51	28	156
dfa0b5e6-e317-4939-8c25-74be7bd3d117	307	352	51	28	-
02f56a21-0c8d-480a-91c7-ece25312bac6	307	352	51	28	14
33ed3d00-a402-4804-b582-3ff2273421ae	307	352	51	28	;
354e260f-6679-4659-9798-fbfecbf9976b	78	378	103	14	Condemnation
742f0a38-8f54-4c16-9d3d-285aa778699a	78	378	103	14	,
02fd25da-8653-4570-9735-83e1addb18e5	183	378	40	14	none
f3d3d431-11c9-42f6-bcb1-bd6ed948211b	225	378	45	14	where
28b56563-3ea2-47df-8fcf-ab12cc222901	272	378	42	14	there
15e135dc-a30b-4886-b048-926c866f9eb1	316	378	19	14	is
c5a87b2b-369b-4107-8ff3-7f56c1488db4	337	378	21	14	no
3ee648bd-adb3-4f19-b62f-f1ff142e4a3f	88	389	30	17	law
8a7f470c-63c1-47df-8826-8203d04f57cf	88	389	30	17	,
bfe8d85f-e99a-4eb4-9d86-ac2e93a0ff2f	120	390	46	17	69
4035b821-9403-4add-825d-a77d6818909b	120	390	46	17	-
f7336c66-cd2d-4034-97c2-202ccb5afba2	120	390	46	17	25
ba6c1dc0-9f29-4b1f-95cc-8d2ba9291d6d	120	390	46	17	.
fe9c3af8-f808-4622-942f-95084d9e0c23	78	403	84	18	Conditione
b4d295ca-dc37-4225-a112-2125405e3424	78	403	84	18	,
e880705f-20b2-4d88-9421-31e389d9cb41	160	404	21	14	of
a053ae6a-81dd-43bf-9f33-fd391e393d89	183	404	72	14	salvation
6e38b95d-6a8d-405c-956e-b24d4a9b8ebf	183	404	72	14	,
6e4eba78-43e5-427f-b408-0cbf60432b45	256	404	45	14	143
8e2e1f36-980c-4a17-bd05-db96949b5378	256	404	45	14	-
f470d1eb-a309-4ab9-850a-5ec8d0c28183	256	404	45	14	8
dc8dc72c-e152-405a-a23f-7c3dec6880e9	256	404	45	14	,
f4e4635e-8561-4de2-85a6-f474b86eb50d	303	404	57	14	205
46deb1b5-83d2-4e30-9289-1a622975790f	303	404	57	14	-
9636ef77-7e27-4e2f-ad1d-caf0453f5998	303	404	57	14	10
46dcf7b3-1aa3-43dc-b8b4-1f3541854779	303	404	57	14	;
11c93d2b-06e6-43ec-9cb5-b3b524403c2a	92	418	66	14	Moroni's
1bb5ab54-fc23-4415-8b50-12b0c99a7473	92	418	66	14	,
56bb748c-d0de-4634-bdb8-bd1a28a8bcda	160	418	26	14	for
750a224d-694f-4c8b-bdac-ca7e06665092	90	430	48	12	333
c20162dd-6924-48f8-9550-504a95633cd3	90	430	48	12	-
13c28424-cea5-4116-b3eb-d3e2fa23d5d4	90	430	48	12	11
6c3a3789-50ad-45ff-82fb-810d886ae32e	90	430	48	12	.
f215ac45-ae64-4692-b7ff-610fb75e80ae	190	416	72	14	exchange
6cc725a7-6631-4c60-8d3c-2ad7ede0ab04	263	416	21	14	of
f323684e-2987-4c0c-86a6-6dedbf40fc5b	284	418	74	10	prisoners
d4645123-3725-4dd5-a889-d38a72450d2b	284	418	74	10	,
04a92e9f-1d03-43d2-9472-c1515fb9ba41	78	442	98	14	Consignation
ee6e9922-019b-47f7-97bc-7fa2a28fe187	78	442	98	14	,
a589daaa-49fd-44fa-a1ce-bbb7f1cb7204	178	442	21	14	to
69ec271b-a8f2-41ff-843b-0f44fb79ce29	200	442	77	14	happiness
09cc9879-04d1-4377-8862-9362a33ffd91	279	442	21	14	or
dacd97f7-6aa3-4c1b-8f4e-8467b41e658c	302	442	56	14	misery
b8caa49d-4a6b-4864-a8d5-77626b3a93a3	302	442	56	14	,
bb5adeba-70a2-4c86-92ba-0a8de47a1dac	88	456	51	14	296
04d34e4f-903c-4282-904a-b7aad5d5de20	88	456	51	14	-
a5fe573b-5e5b-4a49-abdc-dd2aaae907d7	88	456	51	14	15
7dd2a2e2-d090-47ae-bf8f-0c7376e39f7e	88	456	51	14	,
638946ee-8f2b-4344-86b2-15c43094a410	140	456	24	14	17
ecdaa1b5-2ec8-4b3f-b3c3-3fe8e734c89c	140	456	24	14	.
9510207e-1237-41c8-967d-32ce21312214	78	468	84	12	Contentions
095ff6c8-87af-4160-8aeb-dfd3524471ec	78	468	84	12	,
866704dc-4d0e-4600-a69a-5956bdb18275	88	480	47	12	larger
6c5ca4ce-1aa2-4777-a945-aa2021bdf5db	136	480	46	12	plates
755a7b99-0646-4fe9-90c4-761cf52c2ef6	136	480	46	12	,
ac87bf70-dd1c-4e4e-ba30-504a662ac5ec	90	492	48	16	Nepbi
ad64ae0c-e985-4237-aebd-8824a0ccd8d1	90	492	48	16	,
725d002f-4616-4a63-a4da-9408db4ae06f	140	492	40	16	20
ec4d6870-6dcd-45e9-9217-419e0eb67df6	140	492	40	16	-
eabfcf8c-17a5-4e0e-9a85-59c7d5dd01da	140	492	40	16	3
73797cab-c04a-474e-aa0e-620b780b268b	140	492	40	16	;
a9ca5ec6-1ade-457e-bf98-3fe4b645cd90	334	468	20	16	on
7630204b-6d32-4902-b844-a02108c02544	336	482	16	12	Dy
f516263c-683f-441e-8bfc-89c74e6614da	314	492	38	12	Nephi
f011277a-bc51-491c-a103-ca80b7609b98	314	492	38	12	,
ff89d45c-b724-47fe-84e6-605d78cf647d	90	506	39	12	92
783f78e1-a6d4-4038-bee5-728f73ae421e	90	506	39	12	-
5e7b42c5-b826-4e5b-abaa-7b8f4b976e4c	90	506	39	12	2
1ea71e73-170a-4438-a034-b1f1c754fda8	90	506	39	12	;
b5e37143-3438-460d-8b63-516ee085a34b	131	506	55	12	witnesse
f2e15b76-1126-44a9-8d53-c0255aa5a701	88	516	42	16	Enos
7357d048-929d-4a58-b2ef-432ab38c78f3	88	516	42	16	,
50b61811-0b26-4f59-9a71-1cbcb0b688cd	134	516	54	12	127
1eb46bbc-3f2a-4b62-b22c-38483e85e8d6	134	516	54	12	-
0d217784-26cf-44c8-b20b-e31126f8c25b	134	516	54	12	23
bad254ff-88dd-4993-addb-f5ca59fe5cef	134	516	54	12	;
cc0a5329-a921-42a2-9ab8-bedfe6ccc50d	230	506	42	10	acob
c24de842-7bee-4bc2-89d2-e2d1a9322356	230	506	42	10	,
cc00ab1d-9eee-46cd-824d-e98806a84403	90	529	72	15	Benjamin
46b99a02-7693-4649-9601-5056af805938	90	529	72	15	,
e9b851bc-d88e-4168-8013-59ab1287fbfa	88	542	58	12	warning
567db65c-e464-4d5f-b4e5-1acc4c11d32c	88	556	50	10	among
1891997e-7273-40ab-9ab9-74a106f8f9bc	142	554	50	12	people
2c81dd70-bf65-4074-b974-108fce8a3f88	88	568	48	22	Brodec
c49178c4-01df-4de5-8f47-17cd67e93f3a	152	540	38	28	copic
f51035e4-e000-419f-86c2-bca1327e72ba	194	540	17	28	or
889f6552-05bd-4ba1-b180-650617d0e375	215	540	83	28	Zaradorial
6238a5af-6ef4-4e0d-8923-1495f59a7263	215	540	83	28	.
cbaa99d0-a014-4528-ba84-582e769a3f13	144	566	50	12	warned
1edbe671-6325-43a8-854e-b203f2591d18	200	566	60	16	against
8c18df6c-a6b8-4562-b6c8-87e037ed6d93	200	566	60	16	,
dff330ca-554b-4948-b597-10cda586024c	88	590	16	18	5
ff0f43c6-b517-4622-9878-6c9c25dc7700	88	590	16	18	;
244894f7-6b9e-41bb-ada7-1909f36ed05a	106	590	18	18	in
9b630025-ec6a-4d11-953f-e633d8ed213a	126	590	56	18	church
26f3bef4-cc6d-4c0a-b80b-4740cec791d6	126	590	56	18	,
fa330fbb-0f2e-4406-86a7-5c419221939f	86	602	72	16	regarding
68f1ec68-f3bb-496d-9c83-f1fe556fa563	86	602	72	16	,
488f90b2-24d4-441f-aed0-6c3d8bfbda27	162	604	58	10	Aramon
353e538c-d6ca-42c7-a3af-4b67a18ca3f8	162	604	58	10	,
bfba34fd-16f3-442a-83e3-7a8208b32529	224	602	52	14	246
b345466b-ae12-4d12-995a-7c42cb5b6e38	224	602	52	14	-
abd6b1a8-10e1-4446-b94c-d8d4220adff6	224	602	52	14	28
7016dd6a-8346-4c77-8b21-160da32f9caf	224	602	52	14	;
666a83e0-6f96-4ceb-9142-ec0ab7092f0f	278	602	78	14	concerning
b75a2035-1a32-4a1a-86be-fea1fcc0bdf9	156	614	33	12	Lehi
c36e4322-94d3-4dd8-85d6-65738bd2ebbc	191	614	27	12	and
1031f7e3-2b00-4627-b6b2-98e250d62123	220	612	81	18	Morianton
e8386a53-0098-4588-b99d-9aff0d1c2fc5	220	612	81	18	,
5fed2ce0-aa54-44a5-ae0b-12dd9e8a05a8	303	612	53	18	322
b279e096-0182-4f48-a86e-289e19263b1b	303	612	53	18	-
3f322d70-1712-48b1-86d3-8047bac6de48	303	612	53	18	25
42148905-f9aa-47a7-9688-3a25e8bf7a47	303	612	53	18	;
10be6d1c-4894-4831-a7e8-f45d715e43d5	152	626	38	16	wars
a87c5df4-adf4-4e0c-9c33-59e64b25128f	192	626	30	16	and
cf61d4bb-8622-43aa-8eeb-f7378c8c20f9	224	626	80	16	destruction
9d701dce-1c68-49e5-b3d0-db8e91e235f4	304	626	23	14	of
a17f602e-ee3e-4594-a8e4-684effcbd5f0	328	626	26	14	Ne
a1cc17f0-3831-4acf-8d85-f4d8c995ab93	328	626	26	14	-
4fd75645-11f3-4d77-83bc-351359a15024	88	638	48	18	phites
fb83220d-e62c-4e90-8c20-fab7b1890396	88	638	48	18	,
ee995cc3-ff76-44b7-b65e-78612ca76b1f	144	638	46	14	325
01284251-cbcf-41da-b787-252e060fa8b5	144	638	46	14	-
38e973b2-9395-4a1d-b336-3218509bf8a9	144	638	46	14	9
6e50aef2-6e7a-431f-bf98-eb6b515529e7	144	638	46	14	;
29d15666-e515-4b3a-8ae9-b48d3d1b5977	196	638	50	16	caused
109c578d-cf4b-47c5-b159-cfaff005e1a7	284	638	70	17	Gadianton
bb00ab4a-e561-4294-9c39-29679389a7f3	88	650	56	18	robbers
dc2ea109-5909-4fdf-8c0f-091b972fdfed	88	650	56	18	,
79483837-a2cf-4075-b056-3f1ba45ed684	147	650	52	18	402
0d927799-7dc1-43d2-9c1a-0672b1cdaf43	147	650	52	18	-
57eeb22f-2805-4478-93f5-ba525a405e29	147	650	52	18	11
4ee0bc55-c917-44ce-b445-13fbdaf0cb4a	147	650	52	18	;
a89df34a-3169-4e88-a5e1-d596c57700c0	201	650	25	18	the
4e60c211-5be6-4c33-a12e-1dc071ef3f67	228	650	34	18	devil
c2352a74-500b-4e2d-9616-76e34020c9c7	264	650	25	18	the
f7cd0343-af84-4cb8-b1be-3f8495fa13b8	291	650	45	18	father
f617abca-6efb-44db-8136-c2f6d3342aee	338	650	16	18	of
63c386fb-9be8-4127-8a5f-90b4be03cfe3	338	650	16	18	,
bceb9e04-12a5-491e-8a05-2bf78e02f4c8	88	664	52	14	422
9876cdcc-8e1c-4db6-a89c-acf0bed33162	88	664	52	14	-
96fb47cf-ec95-4975-8e60-dd7635d83ebc	88	664	52	14	29
a3e06d7f-bf10-41c6-a733-5082ff9994e4	88	664	52	14	;
d86eff96-4738-49a4-aab3-f64269f68eb9	142	664	52	16	among
a2dce10c-06b8-4521-adbf-fc936a29483b	196	664	70	16	Jaredites
921f1f2d-a6d9-4c84-bd31-29e31dd75911	196	664	70	16	,
508459c0-3764-4360-8465-94abe1e3874e	268	664	42	16	499
b40e2dbc-b871-4f7f-be70-1b45c40d8d89	268	664	42	16	-
d07711c2-2071-476d-942d-efad3c7974f7	268	664	42	16	7
9922e2d1-0fe2-42a6-89e0-445bf6f888d1	268	664	42	16	.
4bc1e84d-0e0e-4073-a9a9-c9dc4e2b44c2	80	678	54	10	Contrite
5683692a-3d77-4ef3-bd32-a14c08dafd79	144	676	38	16	spirit
ea5d12ce-b854-474f-a6e0-643c89c7c7c5	184	676	30	16	and
1ae794f8-32c1-4bb3-9e36-b0501905412c	216	676	50	16	broken
32620ea7-a5b1-4fa3-8e44-2d48f95373aa	268	676	44	16	beart
2ed2e9f5-b5d0-405c-8241-bd5addb79d65	268	676	44	16	,
55fbe81b-3feb-4b11-8207-e1dd3c348f34	314	676	40	16	59.32
a61c6eda-6c18-4a5a-955c-75e6b6348692	314	676	40	16	,
bad70c3f-333c-44c2-ae44-5e4a1f79d322	92	690	52	12	486
94d265dd-29ae-4693-9521-3a30a0a3ecb7	92	690	52	12	-
29fed73b-ed8b-45b7-802b-f90709bae374	92	690	52	12	15
48b63365-e4dd-4ce4-9b3a-4e9cd7ce084c	92	690	52	12	,
3c84c2cb-14ce-4e01-80cf-f405159186d9	142	690	49	10	511
9314f221-37df-4454-8528-0fd9dded7066	142	690	49	10	-
6c3db7ae-3179-433e-88bf-76bcbd19329a	142	690	49	10	ch
05323657-82ca-4a46-abf9-5ba20fa4ed26	142	690	49	10	.
ff465fbf-ab70-4dee-bbae-ea67d526794f	192	690	29	10	6
dc8cd14b-cf08-4d0a-8b03-1f7ce0ae257c	192	690	29	10	:
c4895267-079d-4a5b-bb1b-a22a70ef014a	192	690	29	10	2
d9f82339-6fc4-4a42-8ed3-18e08ec97815	192	690	29	10	;
38966968-80f2-436a-8c4f-7bfcc2c5c77c	222	690	20	10	an
92eda5a9-e19d-4bdc-af8d-10671000d1b2	243	690	73	10	acceptable
e0927542-a63d-431a-ab35-c527eef51b67	317	690	37	10	offer
c3f068a2-9950-4c34-b368-39ca6a90991c	317	690	37	10	.
a197bf88-ce27-46d8-9926-0ff6d34afe79	90	702	28	14	ing
e00fd74a-483a-40c7-b43e-04915a7a0184	116	702	20	12	in
8eb24fb3-10ad-42fc-ae78-ec2585a92e75	138	700	38	16	place
65b029cf-0252-4f42-aa70-169dce29c390	178	700	18	16	of
65f6b885-bbf1-4e63-9767-a5548fcf2ff8	198	700	52	16	Mosaic
64b017e3-361d-465d-82c6-7fc1dd7482cf	252	700	70	16	sacrifices
4bbc97e8-2a60-4dd9-86f2-4f838fcee933	252	700	70	16	,
5f694f43-2b4e-433a-9009-443826d111aa	324	700	32	16	418
c144af3a-f531-438b-9aac-1b973966394f	324	700	32	16	-
4c4f23b5-9c5e-4bdb-b6b2-2769568a4ba0	90	714	21	14	20
c70526f4-8a61-4522-ace5-d5347cc9a852	90	714	21	14	,
b80db797-bedd-48a7-8780-191193f44dca	113	714	45	14	424
42b5b804-f5a2-47eb-b2e3-32c3d7d63320	113	714	45	14	-
fd0ea3c8-53ac-43df-a32d-9044ade87b9c	113	714	45	14	19
774ea3d9-b46b-4420-94fa-2c403a689d32	113	714	45	14	.
1e53845b-8ab5-4e67-81bc-468c0a0898bb	90	752	54	14	Mosiab
20fe21c1-80b0-4aa2-a3d2-f89e7ae6a2d1	90	752	54	14	,
c34f1903-0fd0-46fc-9cfb-f57b33e6922e	88	764	48	16	Abish
009dcbf4-53e1-4972-8175-434a39ffe267	88	764	48	16	,
0c3c075b-9b01-4211-9d17-abff14715058	196	788	52	12	256
b00df88e-0ca2-4292-b988-cb505a6d1689	196	788	52	12	-
102ab73a-9279-4cf7-a02e-e6a54f7c2f59	196	788	52	12	14
dd4f4839-f793-484d-bd70-832a177542c8	196	788	52	12	.
886bb2c4-4f90-4155-ae99-10d8417faee6	75	802	45	29	Conge
abac0d6c-bada-41c1-89ce-13193e2f5962	123	803	18	27	of
744e5621-eb77-4255-a3dd-3b2ad3fa16e7	143	803	58	29	Christs
697ee7d6-fe89-43e4-b4ba-7e8795f6efdd	204	805	45	29	birth
99de17bd-ac00-4635-b425-d5f141552f16	204	805	45	29	,
ef7ab538-b97b-49d4-a2fe-987500111595	146	802	54	25	Cried
4115c0cc-e29a-4c8c-8c03-58bc853ece6c	146	802	54	25	,
3f8edf4c-fb2e-4341-8088-7953647ea867	203	802	42	24	bir
3e503001-4875-419d-8e03-9c19651da887	203	802	42	24	-
331d196a-2f53-4617-94db-d9c1881186ce	203	802	42	24	8
3245776b-fbf3-4048-a521-78b5faeae317	203	802	42	24	;
2bcd5250-7fa4-4f3b-b6bb-91dc896736ef	248	802	45	24	7017
734722cf-24d6-4995-85b8-2c945a295fc0	248	802	45	24	,
721ffe5e-dca3-4e09-86a0-65d7175129b4	296	801	36	24	made
de0e7676-1ac8-4267-882d-14f9f5ee2c96	335	801	19	24	by
ef5b9a61-c2a8-4df3-836c-e04ea7250165	82	830	42	12	Copper
5758b3d4-d5fe-40b8-9147-1125b6371849	136	828	44	12	found
36eb9e63-ae75-49e1-a94b-3931aeac4bc3	180	828	22	16	in
c46d96cb-3858-4fce-8162-08bb5e6ae326	204	828	64	16	promised
d00f3aaa-e24a-41b8-941d-5789b4e7056c	270	828	40	16	land
1ca1ad21-8208-4ce2-82d1-a1248f5437e8	270	828	40	16	,
fd6e9ce0-86e9-42a1-b9f8-f781a40aa7be	90	838	34	16	used
4f49e96b-27cb-49c4-82bc-37ac301d2a07	126	838	22	16	by
43c5b3dc-3ce9-43a1-b1c8-fa00b72b42fc	306	825	52	21	40
0cfee4ee-61d1-439c-a92d-019952cc0658	306	825	52	21	-
e2deb88a-30ac-4e0b-abff-874643b406f6	306	825	52	21	25
cb3bb68f-68df-4219-9e13-b5edd99cce74	306	825	52	21	;
7b5005f1-94df-4d60-916d-b0d818ca9628	154	840	47	14	Nephi
7d3843e2-15c0-4e2e-a0d9-9238c6491bb7	154	840	47	14	,
72c1afc8-38be-4c40-b6a6-9e14de0f5abe	203	840	47	14	61
5db13026-30ab-4cb8-926f-ce678df36fdd	203	840	47	14	-
14e52479-b449-476c-8211-c3631d5d76be	203	840	47	14	15
cbb3c743-1fb0-476b-83a7-dda5fc2b8040	203	840	47	14	;
ee95bb4e-8ca4-4ca5-81c6-b0d21b49ba71	252	840	32	14	fine
4a3998cf-d082-45ab-a782-5bed1dd43b19	285	839	71	15	workman
f92bd240-42bc-4940-9856-96b5b90ab164	285	839	71	15	-
e704b414-cb3f-41ca-be27-fdf696b02000	144	852	48	14	128
efe61ff3-d123-431f-978f-66fdc2fa1574	144	852	48	14	-
58fb7391-b2e2-4970-b220-b4153c8b4213	144	852	48	14	8
bb15171a-37ca-452a-a278-cf440ff1e375	144	852	48	14	.
99e2eea8-d900-4621-bcab-f41a08c539d3	90	876	19	14	of
90295af3-36e4-479a-a7b8-17d04bbac55b	111	876	28	14	the
63d833fd-5c60-490c-b76f-4ca40c511af1	141	876	39	14	devil
04748405-7261-4813-8844-52de75946590	141	876	39	14	.
7a96f966-c330-401c-94cd-27da1d85e726	90	888	22	16	by
7c90ceef-6101-4c55-bca2-788973fafa33	114	888	56	16	Moroni
9f338107-1309-49d8-bf4b-48a350c0b7ed	114	888	56	16	,
ac711016-1552-4629-870d-fd04c779e549	172	888	52	16	355
24e3adad-d702-426e-a448-333ada7cdf56	172	888	52	16	-
184ff913-f006-47dd-8ada-aeac6446effb	172	888	52	16	21
f30b4095-a1bb-4260-a498-c936e04aff2c	172	888	52	16	.
4fe8191c-fc76-492d-a2d0-651a559c7fe3	442	80	35	14	goes
db686502-516a-4484-90b5-c340e270ca7d	479	80	19	14	to
2ceaf169-c2a3-4666-9045-e63096742437	500	80	75	14	Zoramites
a5327e04-23ef-4715-9d48-5d2c06a459bb	500	80	75	14	,
fedb1835-50a4-4b40-a268-01c0d7092f67	577	80	49	14	274
34db11c9-0e04-4b5e-a738-980413856c89	577	80	49	14	-
286021b5-f5af-4b6c-b3b5-313266f99b18	577	80	49	14	7
1a621a1f-31a1-45e3-92a9-152a3cc47560	577	80	49	14	;
eb48e975-6a36-43e9-a4e9-5e9395c577ae	627	80	21	14	10
08b2d5ec-8d8c-41df-b0a4-d83e99b8fa87	627	80	21	14	-
fcc1e58a-05a1-47b6-80fe-ae3b69f0049a	380	104	28	12	the
9050e15d-244e-4f28-af50-940cb6f87385	380	116	60	15	mission
8e6dc3e9-2db1-4a3e-a5c5-0ca0de3f6895	380	116	60	15	,
0b3d73ee-4438-4c0c-8e62-e73e81ad0de2	376	128	56	16	298
1ceb3f70-63fb-49e7-87ef-13fe3248f44e	376	128	56	16	-
70e286e7-6849-4913-b17b-ec7f26731214	376	128	56	16	14
f91303be-b653-4dc5-87f5-f0a579c184bb	376	128	56	16	;
dc8e1e5a-c6ac-4e0a-94b9-f4dc519c4f8f	378	141	52	26	justice
a472ff77-9ee1-40da-8404-0eda199a1bca	378	141	52	26	,
99f1f1ee-2af4-47a2-a4f8-3f31a7192ea0	433	142	52	26	299
0eef7d29-154a-442f-844a-85d578bdeb28	433	142	52	26	-
9150d289-0d39-4b52-bdb9-39722fc168e9	433	142	52	26	14
4aba43c2-1e2d-431b-8502-ecb3b258de77	433	142	52	26	,
e91c4c2f-578c-4360-ab01-57dd64333b01	488	142	20	26	on
d81dbaf2-e83f-4cc3-b961-80bc339a1068	484	130	85	27	redemption
431063bc-3fe4-41ac-9d29-f9de99a22144	484	130	85	27	,
1be8fb0d-f8f6-4e53-a480-b844887ead0b	572	130	30	26	299
279437bc-ffa6-4177-8598-bc12dd2a6836	572	130	30	26	.
ae0502c1-f337-426b-a6e8-1088562849b0	604	129	23	26	Pr
f58eb761-09ff-40e5-a8a0-986dc9b9837c	604	129	23	26	,
e4983620-1dbe-4f86-b3a2-9ebffeca7ed4	630	129	18	26	on
780c9a7f-75c6-49c5-a5af-f3eff95000f6	514	154	80	12	atonement
576ac1ee-3ac6-4130-98b5-a2ef808c5fe4	514	154	80	12	,
6223ca0d-2ab7-4f07-8ee2-0ce2e25f3a53	595	154	55	12	299
c900506a-2a4f-4544-b0bc-1eef866b7d50	595	154	55	12	-
f445df0a-156d-450c-8f22-15fec84e8e85	595	154	55	12	15
6f5e28e3-07e9-4066-841e-10f69f343124	595	154	55	12	;
c5f8a9a2-1ae3-4e17-a836-bf6c7ca96bf2	378	162	20	40	90
a8339381-1874-48a7-a3e7-22e81de81ed9	403	162	75	40	dan
7d7b543b-542c-4f51-a1f8-2fce32ec5a55	483	162	60	40	29,20
a9227569-3c7e-4765-b756-d9ac7101c61e	548	162	45	40	6
ab099881-2a4b-4585-bbcd-2ca09243540b	548	162	45	40	,
5d4210b0-859e-4ab0-b188-cc3af0f0b290	598	162	52	40	10057
3d3ff587-e685-47e7-9835-0122b5073e41	598	162	52	40	:
8d5dbac4-a124-437e-b1eb-3fe14ce05276	380	190	34	12	sails
4db30039-c03e-4030-bc9f-4f6d65e83ecc	416	190	78	12	northward
51186e8f-7d5c-44de-98c9-c01e0f539afc	416	190	78	12	,
ff1569c1-261c-4d82-b635-67f357828e8c	367	198	70	31	Cortanton
4ea8b362-ddb5-475f-a12f-2090c4ae6dc1	367	198	70	31	,
0852527e-f9b2-4e0f-a52d-2dba2ac5f673	440	200	48	30	801,9.1
87311b40-6802-45d2-9407-4404b1c5cd79	491	202	15	29	B
f5ad3014-7896-4c04-8a3d-9573b2d7a134	509	202	52	30	begets
21c32f6b-15f2-41c3-b436-2d5bdd9826ba	563	204	48	30	Ether
2d4bb8a3-e253-468d-8fbd-8a560b5430bd	563	204	48	30	,
fa65bd84-c396-4b23-bd3d-608d53ca83fe	614	205	33	30	dies
63167d27-5de0-43b6-becb-4f6b648e4f27	380	218	68	14	captivity
de5f7926-e1f3-47f5-be8b-4d7237ccc2cb	380	218	68	14	,
1a660d53-85fb-4596-ac3a-bb3aae0944d1	450	216	52	12	499
43af9dfa-2b8b-42ae-ac56-e4116e214bab	450	216	52	12	-
b82d626d-8826-41dd-abe6-8e53db06dce5	450	216	52	12	18
a2c82271-d4eb-4863-81da-f831087a1572	380	231	15	17	in
d45326c1-3b1d-46ab-871a-e95a434c8edd	396	228	69	19	captivity
f83fadbf-21fe-48a9-abaf-b0518bf07d73	396	228	69	19	,
d453e1b6-36a6-4795-8d5e-e529976ebc36	466	225	49	19	500
22f3b495-b767-4362-9bf1-5b4f82eb1aff	466	225	49	18	-
d6f86e60-c178-4be4-875c-841fb282b865	466	225	49	19	23
c614e498-b1e8-4a8c-b691-00ec3a1391f8	466	225	49	18	.
6e666857-27ef-4958-9e7e-ee0eb2249ef7	368	242	78	16	Coriantum
849eb193-85df-4929-9fbe-7f0a03cf7000	368	242	78	16	,
feedfc30-a446-46bd-a4c3-7b06d13e822b	448	242	28	16	son
e205d36a-f204-4f42-8627-e1b29506ed08	478	242	20	16	of
76d6b2f0-d826-4bd2-949a-ae04f072aa6a	500	242	92	16	Amnigaddah
647bd1ef-c953-4d9a-8eee-963b1c1124eb	500	242	92	16	,
430b819b-b810-47eb-8fd3-f9d38728ce75	594	242	56	16	479
4291ed2f-4890-4b34-8055-49faeb845c37	594	242	56	16	-
dc0ab306-2323-446d-9d5e-44f890db1661	594	242	56	16	14
bc4ddcad-fc8d-4987-a55e-c4db2438b899	594	242	56	16	;
deaba49a-4f32-49ae-a87e-0ab65e3aff1b	380	254	44	16	dwells
5abace27-c2c3-43e3-8198-5f4cb50b3db0	426	254	18	16	in
fc19d947-e12f-44c2-af46-08059df3eaca	446	254	68	16	captivity
34835138-8b48-44f6-b608-6e1aed4db184	446	254	68	16	,
60c9f0d1-0413-41a1-aff5-81246d7fe4d5	516	254	50	16	498
4eedc6d1-5512-491a-a3f9-adbae084e5ca	516	254	50	16	-
b8c763ac-2d32-49d4-8f50-9f0475125b4a	516	254	50	16	31
b0ad79a6-6473-4957-938a-484d81c9f747	516	254	50	16	.
80681efe-0417-4e31-847b-af975c624cc3	368	268	75	14	Coriantum
9bdd3353-5519-4d34-b92f-f2ba51703d59	368	268	75	14	,
04403655-898f-4278-8652-a66af05edfd0	445	268	26	14	son
6943ceb0-5467-4c81-8e43-994308dcd5cf	473	268	16	14	of
9b0de3c3-8eed-493e-9116-f5e7be60a041	490	268	44	14	Emer
702d1f91-cdb4-4da4-96fb-21809b2070c0	490	268	44	14	,
57c745e7-2ece-4ff3-91eb-8a4d7de69c13	536	268	47	14	479
eb64a357-ee59-4695-9a2c-3971d45c4f7d	536	268	47	14	-
3262542e-95fc-43cc-802d-a90b3c04f3ca	536	268	47	14	28
53855622-03b4-4a3f-927f-6a35ab448966	536	268	47	14	;
e254b096-5385-4646-a8e2-8e1ca8491b24	585	268	61	14	anointed
84950925-0093-457e-a738-006c0dc12084	380	280	37	14	king
8873331b-839f-46ef-a5df-4de02b694c02	380	280	37	14	,
35304bb5-a222-4089-944b-44eceb1d5bf0	418	280	56	14	495
abe9eb4e-f39b-4fce-86cf-a06d2899bbfe	418	280	56	14	-
506f23fa-09a3-456f-9655-e40392585906	418	280	56	14	21
2493f1e1-743f-47a9-b757-492d1fd306a3	418	280	56	14	;
175fab9b-ba78-400a-8891-65abd550d075	476	280	47	14	reigns
57231421-ed57-4382-8489-f159f8f39713	525	280	91	14	righteously
8f0e784f-6ff6-45ed-8fc1-a12961879096	525	280	91	14	,
fecceef8-0ebe-4e8f-b901-83926b1424a1	614	282	34	10	495
f1ed75c3-0572-446c-a462-3b84039d19ad	614	282	34	10	-
bea2c564-cc8c-480c-b55d-b464c57b394c	378	294	22	12	23
a3e0ae34-8592-4507-8747-7d13998f1fc9	378	294	22	12	.
886b29d9-b2b7-4f74-be4a-0101b4f62212	370	308	81	12	Coriantumr
0ce74e6f-3c8b-430b-ac33-fc4a5f703972	370	308	81	12	,
4b09a617-aa00-44f4-8ceb-8867a6a1298b	453	308	30	12	son
a93142a2-0bf1-4eb7-9bbc-04dabbfbf04e	484	308	16	12	of
ddcea41e-6a02-4340-8d01-8c13bed457b4	502	308	45	12	Omer
9c3356d1-7cc1-451e-b9ff-55edceb2a87c	502	308	45	12	,
c70f7f61-9bc1-4ce9-9a8e-60f8aafe4de2	549	308	45	12	491
bf71df0c-84c3-4329-a9d3-1f95b4f6fd70	549	308	45	12	-
338e3679-a025-474a-94c8-52b3b64ce693	549	308	45	12	4
a17c5ec3-2fdd-461b-9200-4355eff7d477	549	308	45	12	;
b41f59e6-e641-467a-8159-1fcbba377bdd	595	308	51	12	delesta
b7620eb3-c54c-4b97-bf6f-3ae3d46f693d	378	318	45	14	Jared
d8042d0d-c85f-42c4-a56f-38861124a6ba	378	318	45	14	,
efe1c7e3-9389-4ea6-9b71-10cba2c312bd	425	318	41	14	491
5ef31a7c-3fc2-49e2-8514-b4368a523111	425	318	41	14	-
6cc4d118-6743-4da6-8f26-23b7b7c724d1	425	318	41	14	6
b48e4941-bbb9-4c02-a3fa-6525720a005a	425	318	41	14	.
9bad9f18-ec17-49e4-96c6-3ca7f6783fe4	567	342	54	17	131
34d30786-2460-48e5-baab-50246ccb02a3	567	342	54	16	-
3b7c694f-aba5-4dc0-8145-2e9d9c23208a	567	342	54	17	21
3246a6c0-a272-4a3e-994a-d8b5dcc1b203	567	342	54	16	;
45ad3835-87da-440d-b39c-0f7893d84979	622	345	26	15	ас
6aa33ff5-c89a-43f8-881b-7548c11816f5	622	345	26	15	.
18302df2-c37b-4d62-8ed1-ca5db5e2199a	380	358	42	12	count
a0f5bb3c-783c-4e74-929e-b0f06d9f5217	530	356	58	14	131
9813b007-dbd8-45b7-b680-867fe2cef556	530	356	58	14	-
ad6272ed-238b-428f-8049-228867ba856b	530	356	58	14	21
cf098911-f9f0-4549-880a-70e3788e67b0	530	356	58	14	;
deac06a7-5cab-4d0b-843a-b79fa132c6ff	589	356	39	14	king
0368b476-8929-4567-a897-64b9702cf235	378	360	67	36	Josie
97b40573-0893-4165-af25-481aa846f38a	378	360	67	36	,
b9e6e7df-e0e8-4d92-80b0-bd8c8bc6f6cf	450	360	41	36	Bied
9fd00a97-6a1b-4c4d-9a65-5c6a1e330b78	495	360	18	36	i
1f96e58d-8957-4114-bf5b-a42a556b3a93	518	360	72	36	deart
7437ceb8-f68f-481b-8719-985f0dbe2907	594	360	54	36	304215
f379b92a-60c9-4a9c-b5c0-89c6e1e06e98	378	382	52	26	Warned
85d1ac90-5c2a-4bf7-b2f9-c76bb5718543	433	382	19	26	by
d95a068b-2134-4611-af59-b0d7edbd85ae	456	382	45	26	Ether
99bb3053-89a8-478d-9f8e-2dc70ba94077	456	382	45	26	,
be3c7ff0-5475-4024-a412-0e543bfbbae2	505	382	49	26	504.20
6e3560f4-39df-4579-8ad5-75c0e0150ec8	505	382	49	26	:
a5fa9190-86a0-40ee-8ada-add03169b3a1	557	382	19	26	to
224b4b60-b7a4-47fe-b1f0-c8bda64d05bb	579	382	16	26	be
aebecad5-bdec-4f9a-9db5-569f4c2ecedf	599	382	45	26	buried
16b36192-02d4-4228-8014-8e764042013b	380	430	26	14	24
4573619f-e3c3-4617-943f-ad60a3b9d325	380	430	26	14	;
ba712691-bb8f-4051-a5b8-c8fd00f25569	408	430	48	14	meets
6d7ebcaf-f2a0-4eb6-aac0-a44219a1e722	460	430	50	13	Shared
ca66ea7e-fb41-464b-8ec4-8b1047405b96	540	430	48	16	battle
5435e886-ca61-42d3-914e-413351bcd198	540	430	48	16	,
60f03da6-1ada-44d5-b3d0-8cd0f5135a18	450	442	58	14	505
e9e9a389-fc20-40c2-97be-e0977c644ba5	450	442	58	14	-
30f43d2a-097a-48e9-9e22-9c7d3e9d3a5e	450	442	58	14	31
6d894413-b01b-4182-a7c9-5e940dbedcbb	450	442	58	14	;
1da8cd3f-7b48-4256-8f52-040f6747d056	509	442	57	14	defeats
716ac950-da59-4ca8-9c5e-829859b1e1de	492	456	48	10	throne
938c8358-bf78-492f-9abe-7510d8a08ab5	566	442	62	14	brother
42a9ec2d-2465-40a6-9d06-7f079e19ab00	592	454	31	28	б
f1a59203-93e5-49db-8088-8680b11f0105	592	454	31	28	.
dcd7bc08-fcd1-48e8-b762-aaa30a39e193	627	454	23	28	17
dca74ae9-d86e-447a-8884-611a9847be85	627	454	23	28	.
c117f339-1929-4129-b326-5981e0109c6d	614	480	28	14	506
8fbcc7c7-c9e9-451e-8cee-4ee3ab7cf0d4	446	504	36	12	506
adaccc9e-f4ad-402b-8767-29e74634ef3f	446	504	36	12	-
9a54aa7e-055a-4e82-be9f-ec992d9387e2	446	504	36	12	1
c13818f3-3b71-4fad-8fb2-814a435c8404	478	504	22	16	175
27b4e43c-61c9-45f8-b91c-901afa2d504c	478	504	22	16	,
cc26e8e3-7af4-4e6b-b06c-b0dd6ee879c3	502	504	18	16	no
6da37d45-2c02-4cca-a50f-37a642117507	380	514	49	30	5002d
91a75823-8020-4447-a39a-a40ccc867e56	380	514	49	30	:
daefa287-da8b-44b3-8ac0-e5a9375bb38f	432	514	34	30	bet
3c53590d-e8a9-4736-8661-e7e6ac2388d1	470	514	41	30	Shit
75231d98-63f3-4284-96c7-21c4ebfa1b69	515	514	15	30	50
2d9a77d5-7e1c-4716-a736-4d4f28b307ba	534	514	34	30	Com
c6bb5d8b-91e9-4f8d-ad11-780b4e1642b2	534	514	34	30	,
84044c0e-6faa-4598-89d4-2ea7abd8e256	571	514	49	30	503
e233b59c-f167-4cc5-b211-d3c6a07d1533	571	514	49	30	-
a8aeb807-eeba-4125-a046-22180a2148a1	571	514	49	30	07
d23b7410-292d-479d-827e-0db63fa7a264	592	514	48	16	507
811d1d90-8371-4bd5-afa9-d9a7e75cf822	592	514	48	16	-
48b7a284-90f5-4054-a275-d0ef6c813ba5	592	514	48	16	29
515e480d-da79-43ad-8b49-b6534d859c92	378	526	11	42	7
b79a1cee-d968-48fc-b74c-2de81af381b0	394	526	27	42	50
5b6b662b-afb5-4cc9-bc6f-6ced5d34708f	425	526	16	42	8
bda86a77-e0c1-48bb-9628-66a6f4df7343	446	526	11	42	0
e9a76ac6-25ec-4573-8516-15610fbfee45	462	526	50	42	30231
c3aecbeb-8321-4f85-a71f-335256c168fd	460	552	40	16	flees
f00a9dce-3011-41d8-9610-59c43810fa82	502	552	46	16	before
5aca7623-11f2-455b-bf3f-616294d6135e	510	540	43	29	rote
87554774-5aee-42d6-98b2-6f3513241a28	555	540	18	28	50
6da67611-1123-4c0b-85f5-066db2d9f87d	576	540	22	28	Sh
c2309198-b38a-4645-86aa-0d966f6cf9bf	601	539	34	29	308
3b838bf0-e8b3-41fe-9d34-9d9e63f44fcb	601	539	34	29	.
5da53c09-d03a-4fc9-ad2f-6d589dd079b1	542	566	44	12	508
07927dd9-c8ce-4a9c-b513-3d9c844843a0	542	566	44	12	-
ed76b23e-2990-4044-9804-e6d779e195f5	542	566	44	12	8
eb79e208-af26-4266-af99-7de4b0f34526	542	566	44	12	;
7020ba38-bdcd-4cbd-afc8-ed14773bc10a	378	568	36	26	Shiz
3b2d5777-ab67-4887-97a2-e1715136a933	378	568	36	26	,
d9373494-2909-427f-9a78-f56d63e3ebc9	417	568	49	26	508
e661f648-445b-482a-b3a6-a579e8b967d5	417	568	49	26	-
fd53b862-bd73-4a2e-ae69-559b79ace40d	417	568	49	26	10
8919a557-624a-4366-99d7-0f46b080cb40	417	568	49	26	;
c413338d-c6fd-4cc7-aa3e-26e76b331c59	469	568	62	26	camput
a464b510-9043-487e-9a08-55692597b399	534	568	26	26	hill
a592d773-b226-4f93-b34c-c9bcc9c3aed6	563	568	51	26	Ramal
fc78f4fe-6c15-4cdb-a24e-fd05baeea12e	563	568	51	26	,
53cecdf1-acc7-4767-922f-e0969dfda4da	598	566	40	12	defeat
44073c87-5e97-4906-bf3a-806b85e0f06b	612	578	30	14	508
ac6a1909-00dc-4aed-a601-53e93cca82ba	408	590	58	14	watched
84efff24-e600-467e-b85b-53cc9b61e912	378	602	48	12	battle
d9a24291-9cb9-44ae-8a9a-cc5002860934	502	590	42	12	Ether
6d824231-a6c9-452e-b106-2491594af65b	554	590	54	14	508
0e52e031-a4e6-4cf7-ad88-a3cefb5a389d	554	590	54	14	-
ef2673df-584d-48ab-8c7f-164d1caab98c	554	590	54	14	13
cbad0688-bb49-4a48-985b-9a7aab051e5a	554	590	54	14	;
ce77a25b-5bd0-4a62-bf33-6ae1326da4d4	424	602	40	16	with
9d6d7059-5265-405e-b566-623e88ec20de	466	602	38	16	Shiz
66206aa2-0c1c-4eb7-8801-4ab99f860145	466	602	38	16	,
883ba8f7-62b8-4d77-af5f-be5bb5cab906	616	590	32	12	final
1d4acd1c-6a0b-43a7-9491-3b6d3c8a6cf6	376	614	54	16	509
17cd6bce-af2f-4dab-9b2b-05a8bab072df	376	614	54	16	-
b7a1b3ed-320d-489f-b445-b92be25c8a3c	376	614	54	16	30
8ef29606-b841-4460-8190-6c2a02e4c31b	376	614	54	16	;
59f0a2d5-a22b-481a-9945-e113675dea64	432	614	38	16	falis
da4be080-e258-48bd-9533-35d2e884fba0	506	600	56	14	508
234171f2-ef61-4104-abc0-ae93dcae2eae	506	600	56	14	-
cf22160c-ddb5-4abd-82de-bfcf700993c5	506	600	56	14	15
5e621427-8853-4c83-a357-d757a572a1e7	506	600	56	14	:
0e5f4d6a-beb9-4aab-bcd5-2559ad58b027	564	600	44	14	slays
0921e063-7d17-4571-ae45-18b4d30b185c	468	614	68	14	wounded
60bb0826-86c3-4631-94d8-19c227effda8	468	614	68	14	,
4ebbf98a-e9e1-4f6c-ad61-b0b301d1c9b4	610	602	36	12	Shiz
f0e2c115-2e68-4c95-a600-7dd8d8fb5cf4	610	602	36	12	.
1cc7ff19-4be3-4308-a7b3-c3017c9b2c8f	538	612	48	16	509
193d812e-55ad-40bb-af07-8cd5c1bddd80	538	612	48	16	-
94378f1c-7851-4ed9-9993-9237705e47cd	538	612	48	16	32
e5f2c4c7-a1a5-4ac6-a5f5-6743dca564c4	538	612	48	16	.
fccaaa6f-1a4d-4bc2-b555-a657b50e4646	366	624	85	20	Coriantumr
0e80f6d0-e6c2-4aa9-8961-3ebbffc37f8f	366	624	85	20	,
43e14939-7ff8-4da9-a335-70c24d3aefef	454	624	60	20	Nephite
32b83988-aafd-48d8-b42a-a0667f278bd3	516	624	72	20	dissenter
3ff2f69a-7920-42c2-b9c3-09b4f49a2080	516	624	72	20	.
2fce86b0-be96-4073-bfdc-9408bd84ed36	378	640	28	12	ite
c4c59d79-c6a2-41cd-9fa3-d6ad5a8cf7bb	500	640	52	12	360
dac37d19-aaa2-4fa3-9243-bcc703bac379	500	640	52	12	-
e6edb2d0-cad9-4799-814c-45175bc77c5f	500	640	52	12	15
74b8e208-95bd-43b6-bb37-985893c07786	500	640	52	12	;
2623e2d0-ac07-4ec6-903a-e0869f0791ea	404	640	23	26	co
3395d806-523b-4964-88b6-665e8fb417a3	404	640	23	26	,
9283315a-b40f-4be7-a891-f99773f11713	430	640	52	26	361
da87c012-e8c8-4c5c-a2b6-d52b6ebf6de9	430	640	52	26	-
6a8c3b8a-4cf5-4056-b6ff-ba7b969a0af6	430	640	52	26	20
12b5d50f-7609-4685-a67b-65ba2507eb6b	430	640	52	26	;
43b25ca1-c891-4aaa-8204-308d095bc558	485	640	36	26	kill
2ff5614e-8edc-41a6-b1a6-b97f3dba5434	524	640	23	26	the
b8e48649-f6e1-4b16-876a-7a5b8b08e33b	550	640	30	26	jud
06f3f18b-9a13-4b9b-a25a-0eb93a7a31c4	594	628	44	12	Laman
fbe5b9c0-bd22-4fdb-9ed4-74eac6c1d496	558	640	40	12	takes
3eb749e2-b148-4ec9-aa46-7095a86499ec	380	666	36	12	meni
76a3378c-6043-4004-b9fe-b1e4d1da182d	380	666	36	12	,
bd762637-7a31-45aa-85af-8ea4c70ac58e	428	650	58	16	361
8608054e-6cb3-4887-b17e-0f9ac6d59267	428	650	58	16	-
9a2c1fc5-535c-4219-aba8-b501bb05c334	428	650	58	16	20
2f75f1f4-41c2-4fa4-9317-15b029516910	428	650	58	16	;
a1b79701-0295-4197-aede-0107c725a3ae	378	650	30	30	hen
1a2604ae-70f8-477a-aec9-f164340f9c8f	412	650	60	30	36113
22f31c6b-4d0e-4f82-beba-2a547788fd01	412	650	60	30	,
8a0a42dc-e50a-47a1-8fae-86102eab7d75	475	650	63	30	archest
b45b0dd3-4ee0-44a0-94e4-762e19ea5d7e	608	640	32	10	Lara
798b5d7f-5a61-4d45-a92a-18f47ae482d0	604	652	40	10	Pacn
80e3aaec-10c1-4ef9-b9ca-68a19ae0f5ea	604	652	40	10	-
0c1362cc-f8d7-4a27-abaf-1db904770170	536	654	51	24	сомата
889aa4c7-fcb8-4bbf-9c78-0f79a06ec1d1	590	654	56	24	Воші
34605c77-d567-482d-acc5-0ddf4c92d605	590	654	56	24	-
53bd469b-7f86-4dc7-a64f-dbfb402c85ed	380	678	28	10	ful
6897e9b6-633d-479b-a4f9-dcce4d4bf36f	380	678	28	10	,
e097b288-9ea8-413f-a4d8-2d2fcb168d98	468	676	50	16	killed
7774d4fe-9e73-4a41-8168-69486056337e	468	676	50	16	,
bf9ddbfb-3edf-4b5f-9b36-cbdcfb3e956c	520	676	56	17	362
f12eb057-a044-48c6-81ed-8bfc1f17ee3a	520	676	56	17	-
a0b031ca-4c37-4184-b2f0-4d07de4cc279	520	676	56	17	30
2b37ad19-1556-4470-893f-bc5b938ed03a	520	676	56	17	;
af85ce15-62c9-46d5-8e53-7db244e24cf6	578	675	46	16	army
b59e5574-b88b-4ffd-a0bf-547e6663dd1a	626	675	18	16	of
48989785-99a9-4d68-a4ae-5719d9b85a03	626	675	18	16	,
6d0e6283-e5ae-4986-849b-5939c47917ea	378	686	66	16	captured
b58951db-7939-42a4-b88c-641edb0a9833	378	686	66	16	,
54a9cd4a-2f03-42db-aa41-15f838a9e02a	446	686	48	16	362
abef4b23-1a47-45cc-9210-ea01d031d140	446	686	48	16	-
a14d51f8-f7a1-4e87-80ad-c76a3bfe8058	446	686	48	16	32
ee4a9c58-4995-4653-b0fb-58c0e62e8da1	446	686	48	16	.
4814fc32-4b9a-407f-b7f9-6f112880ac5d	366	700	58	18	Coribor
29f0ebc7-74fd-48d0-b48c-154ae3d2b3c7	366	700	58	18	,
50688c68-369f-4e1f-98cd-5819c2ae4cbc	427	700	34	18	land
452065eb-093c-4573-a04a-63968b9cd47d	463	700	20	18	of
9f121372-e227-4ac9-8dd9-a8212ab4c9a3	463	700	20	18	,
0e5fc13a-4ff1-4876-960a-b43b4bdbe4dc	485	700	51	18	507
e62056d4-435d-4523-a12a-85b00bd5ced3	485	700	51	18	-
3abfbbe2-4117-4224-9f82-1a564af13a7c	485	700	51	18	27
cc64ebe6-1ebd-479c-9216-8f3f9516a590	485	700	51	18	.
15f7bd0b-cb88-4e50-ac44-d7d816d74f91	600	738	46	18	490
7f9e0954-62d9-4aa8-8a45-e52d3331b44f	600	738	46	18	-
801c8f2c-475a-4c24-8305-56efe4ed08f5	600	738	46	18	9
55d6570e-6c2b-4aa9-adcb-2fa73e10c0fd	600	738	46	18	;
22841447-1971-43c9-90ea-6ae64ce658f9	378	750	52	28	repeats
fcfdad48-1804-4aad-aad7-60e6f1f0eafc	434	750	24	28	and
17df8cc1-f7b3-4906-8230-1109f853def6	462	750	38	28	gains
39fba6e8-9a52-483e-a957-a37b5cf3a147	504	750	42	28	favor
4bf363d4-c39a-4a13-8e81-13a2def706cb	549	750	14	28	of
cd990d5b-f1c9-402e-afab-341c29ccd170	567	750	45	28	Shule
e0b06e35-0dfc-47ff-9835-a6b3c5a63948	567	750	45	28	,
1a64f7e8-8621-4487-997c-ce8370fe0a23	616	750	30	28	190
338a810a-c345-4e7d-a48f-1229d2112720	616	750	30	28	-
cf73a300-c505-4e57-9162-17382c87dfa1	368	776	54	18	Coribor
3b62b18a-f1e4-4ee9-985b-f9867d25e321	368	776	54	18	,
7353b857-766f-438c-8788-5b5cfba15800	424	776	20	18	an
310d749f-7bed-44a2-baab-3c91df2c3464	447	776	63	18	associate
40f9d3be-7944-43ee-98c0-e7cba624c7c9	512	776	16	18	of
4b9bb13e-c2e8-4dc6-bf24-9f9d1e15ce77	530	776	83	18	Coriantum
8a8998f3-9a3f-4714-8f6a-f6339388dda7	530	776	83	18	,
d35bbabc-b67a-446d-837c-8970492011c0	616	776	30	18	504
83080404-5817-4051-bde5-0ffa6e746966	616	776	30	18	-
4b7c5fd4-e522-4134-a055-a58f02583231	368	802	50	16	Corom
f7ade203-3076-479c-affe-ca7e2e642b7f	368	802	50	16	,
cad6d517-a259-44bf-a018-2d1d413cfa57	420	802	30	16	son
6195655c-a4be-4571-bc19-b401e1a4e0cf	452	802	18	16	of
2639c22c-fb93-4890-9522-2d006b520757	472	802	38	16	Levi
07170583-30b0-4e84-bbfe-851a1e4fea4a	472	802	38	16	,
bec60856-88f7-4ba9-b270-73fff27d4866	512	802	50	16	479
a469ebde-d47e-43d8-991a-5d5e74cc4767	512	802	50	16	-
55009688-1927-439e-85f5-eb13512d1ece	512	802	50	16	20
ba3eeb1f-d6f8-4171-a18c-24ebaedbfcea	512	802	50	16	,
da32ffdb-7e47-44ae-b1ec-c354643b80b4	564	802	50	16	497
3df5c74b-3c8e-4be9-9b16-4480bbab281a	564	802	50	16	-
cd4c98b8-b352-4dc9-be0b-e3fe0ee9a8c1	564	802	50	16	16
9c8609b5-5bca-41a2-9e48-4b56b97a73fd	564	802	50	16	.
d8ad8a97-63a9-40b1-af20-38ab73894626	368	852	79	14	Corruption
8dadb3c2-2ed6-4533-aecc-2fee6e7153c5	368	852	79	14	,
70bca9bf-0135-41e7-b745-6f8ff4f1d477	448	852	17	14	of
1ad040d4-a5ea-4b5a-990a-1a3ceb985bb4	468	852	66	14	mortality
84bf77e3-c178-454c-aa4a-95658072c836	536	852	18	14	to
d9b9c1f5-e8b7-4181-8915-76520221f77f	370	878	89	13	Corruptess
e52dbc32-c06f-4320-af53-4afa2f8cc109	370	878	89	13	,
e4f6fd0b-874f-4caa-b2c9-24b4a956f906	378	888	43	18	sway
a1f00886-2453-429e-9e00-6ec0b69a72e5	378	888	43	18	,
149b44ca-21c3-4c3c-a2f7-ee1bd966f60d	423	888	43	18	378
8166cbcf-c2c9-4522-9bd4-a8887618ad36	423	888	43	18	-
af0be458-9f4d-4ec0-837a-a9ed07b473ae	423	888	43	18	3
238affc2-1a96-4f40-bedf-e9e91cd253eb	423	888	43	18	.
252bb6bc-4374-4b1e-8b5b-a96fcdfa059e	574	878	70	12	Gadianton
