ID	X	Y	Width	Height	Text
9bf3eda5-42a0-4d87-bb28-0a596f4eae2e	288	48	64	18	INDEX
1d212c47-d911-4f12-854d-ac1591aa4402	572	48	34	18	547
20c97bb9-b495-4eb0-ab73-43609e823b03	38	78	93	14	Divorcement
adf5b2e8-6cf8-489d-aa16-e9600bbfff2f	38	78	93	14	,
78525559-35a5-4868-91fc-8e975e8be8a6	132	78	72	14	figurative
156dfdff-7103-4f78-8250-de00ef35ab33	206	78	16	14	of
126daa88-84a6-4a25-90ac-496af6347587	223	78	68	14	apostasy
74237edc-7e60-478a-8689-ebc980ccee35	223	78	68	14	,
5a8365ff-40c2-4047-9d02-8d63fdd603e0	293	78	21	14	64
85ac73e8-1b1f-49fb-89df-e4aeb9b5aca4	293	78	21	14	-
1d388817-1fbd-4113-97ea-2e153df1037d	338	76	25	20	32
98bbaa1c-0b69-46a7-84bc-d308c1520489	338	76	25	20	;
54cc4111-95be-447a-b3d5-1d071ab587af	366	76	53	20	Moroni
9f145aa2-daa8-4169-9456-ff84cedd73fd	421	76	17	20	to
6c41975d-26ec-4315-9ed4-30334adbaedf	440	76	45	20	Jacob
73e30047-b127-4b45-bab7-20733c0ec3b0	440	76	45	20	,
620fcdf6-2623-4754-8e28-1f41511107fd	488	76	53	20	329
bfc7dadf-0f36-41a8-8dfd-28126257581f	488	76	53	20	-
1c4f9f0c-6ba5-4050-97ba-0ba18ad06e07	488	76	53	20	20
d39a45f1-95cc-4937-b684-cda698a059b6	488	76	53	20	;
32f1c919-4373-4323-8616-2ed09b5fe26a	543	76	63	20	Helaman
47b2e040-7572-4327-925d-8539e4ae37e9	68	92	80	10	condemned
81676b3b-e55b-4b53-9be0-047d8abc95d0	149	92	23	10	by
91121964-039b-427f-bacb-d6c15a1cefcb	50	93	15	24	of
da250bb4-950b-48ba-9b8d-68ae18ccb7fd	68	92	81	25	comication
46041f8b-2791-461a-9094-16e76959ca02	68	92	81	25	,
9ac8decd-560f-48eb-9016-7d2cbe2151e7	152	91	52	25	425
204636cd-bfb7-4d4b-b151-ef1825d0277b	152	91	52	25	-
4a1731d3-bc84-428e-a28c-e9668728476a	152	91	52	25	31
e6b500d2-6247-4533-8351-426152e593d1	152	91	52	25	.
58631a11-e658-427d-8feb-435bc33e523c	172	90	51	14	Christ
fdc96a7f-b212-4c85-9639-cc7f70927495	172	90	51	14	,
4df8fe78-dd4e-46b2-bd22-4fbc392e00d5	224	90	35	14	save
8e6d5786-fbbf-457c-9bc4-45745dc07b4d	261	90	55	14	because
26b10d9d-8ebe-4acd-8022-85d99936daa0	340	92	17	10	to
58765db0-a0c3-43b1-9e51-9084298f2eb3	359	92	67	10	governor
5157159c-1ee5-4adb-bf61-4406b6ec70f6	359	92	67	10	,
9f4ed992-a74c-4917-9475-53362ae290ce	328	102	46	14	Emar
693cd105-398b-46a3-a655-f5f9bc695a6a	328	102	46	14	,
c3af4a9d-698e-4640-8ceb-5118bf084084	426	90	46	12	344
d9cb9e19-34cd-4b61-8576-d3648b9fa40c	426	90	46	12	-
4b9b0453-6847-4177-ae7c-801167cf8760	426	90	46	12	4
9515f06e-d987-4ee1-801d-24b2b929efb7	426	90	46	12	.
18edf347-a3bb-49fa-aff9-b14ed5459188	36	114	26	30	Doc
2f51f900-d680-4054-abb9-9b3a0359feb7	66	114	19	30	a
d7e4125a-4012-4c36-8fd2-bb85ccfe801a	88	114	22	30	con
444b2170-efc7-4f16-8e55-8c69deb93f1e	115	114	52	30	folded
4e3acd3f-e17b-4b08-8a93-5fa7337ee815	171	114	15	30	8
f2e74ee4-12d7-4f1e-9c76-110a87199e48	190	114	67	30	combined
fd5c750b-7cee-476d-945f-f66ebde79f65	261	114	11	30	a
833c023a-78b7-4980-95d9-25583b7fba7b	276	114	44	30	plice
530e0b4d-f978-456a-b504-78a97aa77255	380	104	28	10	son
d7e925b1-a8c4-46d7-a515-0c483dc8611e	340	102	31	28	King
67cfd285-fb04-4a6c-9ae3-9d51983465c0	375	102	14	28	a
2bcffb4e-135d-4a43-b1ac-8a605462a2cd	392	102	70	28	Jaredites
b7e77f1d-4594-49c7-a2e3-7a3ae476ce3f	392	102	70	28	,
bae11919-8693-4b1b-b97c-0c3420b84164	466	102	48	28	4,4.14
c457f3bb-8a9e-46c5-bd76-b3ab3d0f2e16	466	102	48	28	.
77e58a3b-e752-4a43-944c-093afee04fa6	484	100	58	18	479
c4a50766-516b-44ff-bfc4-7be46184f9c1	484	100	58	18	-
f91d2884-c14a-4d3b-823c-55048763edc7	484	100	58	18	29
f3249d45-3842-43fd-9dc7-c5f4001fe12e	484	100	58	18	;
1ab205a4-6f14-4717-8fe3-3c2a2dd89f4c	545	100	63	18	anointed
02e52493-77e4-4805-a535-31c5be352f7c	400	126	58	15	Nephite
ae171a85-b60b-4bc4-a15f-b94b3f0a37df	50	142	27	12	and
a573762b-3922-4791-8522-a6c8e3da2249	79	142	48	12	Jewish
08fb552e-b107-4031-9c36-ff95b5e2ebfd	128	142	75	12	scriptures
9b9e666b-0e12-481b-b120-d194969afa1c	128	142	75	12	,
eedd10bb-8be1-4655-9bf2-4c0898dd273a	204	142	45	12	56
98bb526b-f340-4162-86b7-860eecebfca0	204	142	45	12	-
1de292f6-500a-4768-9296-07ebd1bedb82	204	142	45	12	12
785cc477-b80f-46b6-8723-45638fede899	204	142	45	12	;
ed50abb4-c9d3-4847-93d8-5d8eae351736	251	142	16	12	of
05a845d3-c1bd-4eca-a268-566fa9fd3fab	269	142	47	12	Christ
cb2eeac8-c3d2-44eb-ad7d-eace5406fa49	269	142	47	12	,
8ef2ec00-199b-475b-984e-975fab37aceb	330	128	52	22	Emeron
28165091-76b6-4d92-86a8-90c17fa7d64c	330	128	52	22	,
6b35c6f4-e201-4254-95a2-d22ec0d95d12	385	128	17	22	81
4656b697-dc6b-48eb-b911-4187254a4890	404	128	36	22	soph
8f1ec9e7-60a6-42e6-a4ab-e3805e51d541	443	128	67	22	19
1ae77e12-e45b-4456-a377-aecf2c2f8040	443	128	67	22	-
b5c43dce-3bf0-486b-a52a-1334dbc79f7e	443	128	67	22	20
295a8d9c-4f92-4949-8d18-560178cd12a3	443	128	67	22	:
62ff8d3f-ed9d-4f15-bb9c-8181aeb21508	443	128	67	22	10
eb11c7a1-cead-4bf9-b1d6-c3f83e31431c	464	126	50	23	soldier
85678e10-59ae-4820-ac74-29897550085f	464	126	50	23	,
bd46581e-19cd-4efc-996a-bca378abe727	516	128	14	22	i
c375a025-0864-4908-b246-f69886b083ef	533	128	74	24	righteous
a9cfb101-cfc7-4891-9fcc-792f179414fa	533	128	74	24	:
ca9a42e5-e38c-414e-be8b-681c58e36f2b	48	156	72	24	teachings
f79370fb-1306-4b83-b806-af42f3826dfe	123	156	19	24	of
6c63564e-e3d1-48e5-86f7-122b13273394	123	156	19	24	.
3e70fc7f-8c9e-4bb4-be70-cc75bfdf8de5	130	154	52	14	423
cf0d870e-f736-46d3-8fe3-67e33159e37d	130	154	52	14	-
8a90248e-8027-450f-8983-1e65ac5e546f	130	154	52	14	32
c5273084-e93c-40af-ad42-3811cdda6c41	130	154	52	14	.
a24fbc24-dea4-44f8-9603-57f31bea1d04	194	152	33	13	See
4c60d89c-2444-4676-a886-c2f32e4f3b26	228	152	38	13	aiso
6587274d-64f5-431b-b1fe-fea35c482538	267	153	47	13	Chriat
0e1fd97e-750d-4b86-b08a-4bd528e974a3	267	153	47	13	,
ae0597e8-40f6-4d10-88d4-16147d95f398	330	152	5	40	-
73d86937-9045-498b-9b1e-fa3df8833a88	340	152	35	40	To
e4184804-345c-4d7b-8092-1a01273e6c83	340	152	35	40	,
0a3f5258-e1ba-48e6-ab0d-7d91e12040de	380	152	45	40	39.01
68aedd29-38d3-49ae-944f-d493828580f6	380	152	45	40	,
7931f8a7-25ac-4225-b514-b9562aef5c5c	430	152	50	40	2808
da45da92-2ddc-4558-be25-f8e1c8658346	430	152	50	40	,
d6546f13-7375-42ae-bc5c-39bd3725278f	485	152	40	40	39
ef44439c-3b50-40bb-b20a-edaefd484824	485	152	40	40	-
2be648e8-29a9-46e9-9741-2435d19b2f35	485	152	40	40	22
61fe2148-ea7e-4959-a4cc-8e9eae7ad6db	485	152	40	40	;
88eddce2-2348-4291-8bd4-b6c65fe2f8ee	530	152	76	40	deliverance
21b226b2-d3dc-4105-aa54-98b3cb5074da	36	178	60	30	Domini
53fd7852-7afc-48c2-bcd5-e27757ba5e1c	36	178	60	30	,
b24dd877-e1d7-4b9d-8f90-ec98dd9b30c6	100	178	19	30	26
f5e8bca8-96ba-4e14-83f9-a14bb23e8b0d	100	178	19	30	.
2d6a6238-9dfd-4340-9b8d-427750dd4fbf	122	178	15	30	2
fa75f459-5949-4feb-9b1b-d633eaa92f88	122	178	15	30	'
59d856af-1e62-4229-83c0-8b5a1ba59f58	141	178	56	30	church
245bdabc-44c5-45a2-ae82-d54fd9b35857	201	178	15	30	of
0526b4b3-943a-4da5-8411-3b7069caed44	220	178	49	30	Christ
d6c14e60-78c8-4b34-bbd6-9ce59e009697	272	178	19	30	to
a9e2c04d-19de-481a-88f1-8b8843f14246	295	178	23	30	be
dbd959ed-3f6d-483f-b108-aaac79b91ef3	337	176	44	15	from
519ffee4-e1b3-4c8f-be19-b802a5175cf2	337	176	44	15	,
2c001b5c-c39b-414d-8d26-85d3c04cd6d3	38	206	48	14	Doors
302ea240-7ea5-4bdf-b8d1-e2ae1919cf94	38	206	48	14	,
020021c0-478c-4bd5-9784-5353001d871d	88	206	23	14	of
5458d760-1ed6-45d9-a27d-0b7e2685bed4	112	206	40	14	tents
44829e5c-e077-434b-a5a5-d19fbaf031b0	156	206	56	14	toward
a693c44f-dba1-4b36-94e1-7f89bf3963a6	214	206	58	14	temple
f1f24ce0-5aab-4cb7-af93-444013a132d2	214	206	58	14	,
4f7a4d5c-75e8-498e-8e14-9d4be7ed4578	273	206	45	14	136
335bd668-94db-47e4-ad36-bc8d4a58964a	273	206	45	14	-
693807da-be69-4191-9052-00d7af3ac0c6	273	206	45	14	6
9364e811-71c3-4b78-85e7-1f44694017ee	273	206	45	14	;
799cbee3-0f2e-4d83-9f5b-7cb7efad3621	328	186	79	30	Enfariag
1dd1170b-7183-4b25-b86b-cf32dd82edc4	328	186	79	30	,
c7605981-dc60-43f5-b12b-2d19b16bca5f	410	186	41	30	upon
6bf09169-b652-476b-9eb1-b962be5a0439	455	186	52	30	plates
d5fe36f2-0cc9-4aa1-9f57-40411da1da0f	455	186	52	30	,
11e2265f-7a50-457f-a2e8-9e1b16797785	512	186	71	30	diffculty
67d98e37-14ca-4d57-a7a9-89dea4d45324	587	186	21	30	of
ed453251-2f0d-4088-aee6-92ed5f91f39c	587	186	21	30	,
5a64897b-cc23-4c2b-91cf-29ed07b59b74	50	220	50	12	prayer
db8541bd-6f2e-4e59-9166-571fdcdca5f7	101	220	50	12	behind
acb98269-8e46-477e-a6a9-31083f1e1f3b	152	220	51	12	closed
0a6accb8-142c-46a0-8e43-f6e87676fd7c	152	220	51	12	,
4ea3b18a-579c-453f-b7d7-16b1eb9b92ad	204	220	42	12	420
8760b252-f8a2-42d5-830e-99d516286e31	204	220	42	12	-
ad0d59ca-5f3d-4085-8fca-1f837d33ab95	204	220	42	12	0
d04fbe10-198e-473e-8a41-d0756616e04b	204	220	42	12	.
00a6aa2b-0598-4195-9e81-a4079e7c503e	38	230	68	16	Dormant
6a12551f-c918-464e-bedb-83560bd9b893	38	230	68	16	,
a532e30a-2f88-48e2-8d38-dfe24453facd	108	230	36	16	faith
b3fe81a5-55a2-4312-aabe-cf3282e006fd	146	230	32	16	may
ed7150a8-4d6b-420e-ba3a-ea406bfc328c	180	230	24	16	be
972990e3-c671-464d-98b1-d99fe8019807	180	230	24	16	,
0abe6479-6e4c-400a-a5b4-379a94d41557	206	230	50	16	279
593db8b3-bcb7-4671-81cc-f82d55924194	206	230	50	16	-
240d2230-d4db-40de-b529-a338281f0a3f	206	230	50	16	34
8b1207b3-97dd-4f6a-86e7-b211b52b1b8e	206	230	50	16	.
e053d64d-8406-4e41-9e4e-ac93ca473077	328	212	45	40	Eated
0729ed32-4ab4-474b-b536-4bc4b24663a1	378	212	15	40	in
98216f83-727f-4179-b25c-759940125eba	398	212	30	40	Fe
86e1f5a4-ead0-4cd5-ab78-488f2872bfe0	398	212	30	40	,
55043778-1f7d-4855-911b-a63e2b8d786b	433	212	95	40	473231
d03ac376-8754-4365-b710-d1e0c52e5ef4	433	212	95	40	-
08624917-25b0-4714-b30a-6000d7f3e3bf	433	212	95	40	205
0d31397b-5906-4749-bac2-390823ee1600	533	212	73	40	characters
0696dd09-9be5-4d2e-a13d-53a931d86c83	418	226	46	12	stone
7b31c273-af96-489a-934a-29da3fabb2d2	418	226	46	12	,
df307815-94a7-4e10-9d77-701ececedd05	474	224	56	14	131
ee4125cb-32f5-42cf-8941-ff40cd6f88e5	474	224	56	14	-
407eb770-2b12-438c-aef3-1ee79b760a4d	474	224	56	14	20
f4a6c9f2-ed45-4250-ba57-9bbe5c53bddd	474	224	56	14	;
6a2eb325-592b-4e1f-beec-5dcd138e5c02	532	224	74	14	characters
36f76831-1f9e-4e02-85a6-b7598baf7f87	42	246	73	12	Doubtings
1681c99a-b55c-491f-9202-c39a8ea5bf66	42	246	73	12	,
15e308fd-ca59-47b8-a24c-001b781e36e0	117	246	35	12	over
f5fe4040-db87-4652-b9fa-819dfcbe0106	153	246	66	12	prophecy
fdf31f5c-17e8-4349-b292-f469bf409c42	221	246	17	12	of
41f84cd5-e76b-4e23-9f1e-7627d0987431	239	246	53	12	Samuel
17224832-c416-4c2d-8d05-52e165c92be1	293	246	23	12	the
1bbfd2ba-34f4-430d-a304-adbb8393b462	330	250	44	14	Enoe
cc46cc4e-4f61-4c2a-9ce2-4560e0e4db7e	330	250	44	14	,
a726d8f5-60ea-4239-b447-1ef5c614a8a2	375	250	41	14	given
f82d4771-b60b-4d54-8f7b-a5ac3d6431b4	50	258	72	12	Lamanite
30a5a4b7-046a-433a-83dd-63f49f40bcec	50	258	72	12	,
48579f04-de0a-4944-948c-fb239b090c5b	124	258	38	12	415
0b298b71-4e74-4ac7-b18f-2660dce67d60	124	258	38	12	-
4f627b7e-cc2f-4dc0-90a8-a9e2b31d885c	124	258	38	12	4
3cd984be-0f4c-4fd4-be71-87afa8189829	424	248	52	28	plates
5160057b-1bb0-4548-b9f2-a1e8a2cd64c1	480	248	52	28	plates
dbe4d7b7-e2a3-4d40-a040-bea7e123a01d	536	248	72	28	aaron
97fbfd10-e3a2-4a3f-a6e8-aceecef2ef55	536	248	72	28	,
11f152ac-075c-4ec7-9084-f794ee588f53	38	272	27	24	Don
f319bd0a-ff7e-4104-992d-3f86ee04f43c	68	272	39	24	tea
75f39647-d992-4403-a6bb-6809a602a408	110	272	21	24	ont
4ee974ae-de36-4b24-ba62-59dd4af3110c	134	272	15	24	a
a88a34bc-8b88-487b-8bc7-c566147ee523	152	272	42	24	19
091c420e-8def-49e8-b6b3-4df87d660607	152	272	42	24	-
0237c66d-8982-4499-8993-705472eababb	152	272	42	24	27
cfb0c75d-5aec-43a1-b582-4f1d7412ceb6	152	272	42	24	,
42a87f16-7bcd-4207-9b80-d1a9e6c7deaf	197	272	36	24	104
8bcce238-4704-4b6b-afb8-81cdeb34b8d7	197	272	36	24	-
fcc342b7-8a36-41d8-ba95-da67c231d4a1	197	272	36	24	8
12da93db-a5df-4229-9997-7a46dff7d323	236	272	33	24	upon
92d6843b-a4d5-40fa-aabd-400bc56f5f4c	272	272	44	24	Christ
643b182c-4002-4984-bae2-66139e2b1dd9	338	260	45	28	firen
ab4dab8a-7349-42ab-a96e-9e89f1a5dc12	338	260	45	28	,
2075d7af-8c13-4e91-9b11-c474c82d0d99	387	260	45	28	125.5
2e36c72d-7e05-4e84-9366-063d42370cb2	387	260	45	28	;
5d436753-d077-4a2b-8984-3c1f194c1691	436	260	42	28	gives
45cdb8c0-85e3-4e5e-af12-d76d2866ddb3	481	260	51	28	plates
eaa011af-1a76-4d92-8e61-55d1364a7261	130	285	20	12	a
c721ef7a-efab-42eb-8010-6f17ee131bd5	130	285	20	12	,
8e542c84-91db-4b1a-ba66-74e43197f705	151	284	44	13	19
4f8db337-454c-46c3-98ef-07d59f4de7c7	151	284	44	13	-
f965a557-c6e6-46ba-ab12-22e3f6ed2aef	151	284	44	13	27
93d07201-f7c2-40f3-928d-b6b66d6713da	151	284	44	13	,
4d7997b7-81a8-44a1-8656-c79d6fd542ba	196	283	42	13	104
6d18fd00-2598-45ad-baff-aa8700397639	196	283	42	13	-
4240cbd5-266e-4a96-ab3d-2bb92fd6e716	196	283	42	13	8
da740773-3423-4e36-a99e-7a8826581dd0	196	283	42	13	.
af5838d7-6537-4129-96a6-e6f0a045e182	372	284	40	16	Book
091e38a8-beae-4ae3-a08a-a548056eb5f8	414	284	20	16	of
5d23c30f-5044-49cb-8459-1407ef7086de	414	284	20	16	,
6026d692-fb83-48e3-a734-9f3c0c7782fd	436	283	30	16	125
0e1b9c08-aba9-4bce-b60e-2d7b00c3a2c7	436	283	30	16	.
2d628cfb-3c0c-4481-97b9-0ecb18da828c	40	298	60	12	Dragons
30487f1b-d1cc-4f07-b820-6dadc9c08c4d	102	298	84	12	(
195266eb-dee7-4bc9-a10d-c8f184f667f6	102	298	84	12	figurative
4cd8c239-d821-4e6e-9d2a-3dc9fb4c3cde	102	298	84	12	),
65f49943-908f-40ce-bd9d-39e2ec68e035	187	298	39	12	65
86cc73ab-a5bb-4f4a-8a3b-cf5809bace96	187	298	39	12	-
d2b5fa55-3952-4bdc-b627-0686f177abd6	187	298	39	12	9
9fc40b7a-a748-4fb0-b0a0-c611acf751ee	187	298	39	12	,
2a935fbc-cd9e-4cc5-9233-ff37a28b990d	224	296	46	16	87
c315a64d-d670-4255-b868-1c72cd22efff	224	296	46	16	-
e9242094-fd6e-439f-9eed-41201e0144b9	224	296	46	16	22
95660c0d-745a-46bc-9141-c41d7b811185	224	296	46	16	;
557ec608-12a5-4bc7-8c7f-1177da13c736	272	296	46	16	people
c341c7de-ec03-4f48-b483-07dc96127540	52	310	15	12	of
42da4c2f-25ec-45e1-97e2-5bc96c910fb0	69	310	47	12	Limhi
074bc546-c20e-4b09-9413-69e3f6dcd10e	117	310	36	12	fight
31d77649-34d6-4969-ad14-f4a9bb1a9480	154	310	33	12	like
d60578de-6706-43f1-8acf-6b8501365677	154	310	33	12	,
919a9885-55e3-47c7-8f51-b83205464abd	189	310	54	12	173
c9fa0044-1c1f-4c9a-8f5e-deb948125803	189	310	54	12	-
dda5ae5a-d5e7-4598-b86b-0a7decb8099a	189	310	54	12	11
2e00b5ec-ba94-486a-a29a-9c24248c976a	189	310	54	12	;
b2ebdc7a-0d53-422c-99e2-00487e099e93	244	310	72	12	Lamanites
b66a9b9c-e7e3-4bec-a1a3-5caa54177fad	332	298	56	12	Ensign
3452a10c-4fe6-458d-bead-a8be1dc9b67a	332	298	56	12	,
091da54b-56ce-4126-8c16-46b89bf902a7	390	300	18	10	to
79ef4983-6777-488e-9a9d-09859bf8e3ef	414	298	28	16	the
7fb52f9c-9ec9-43dd-976c-56829217e756	444	298	60	16	nations
3e84c90a-55c8-45a1-a11b-997df70d9aea	444	298	60	16	,
9e93b798-05a6-43f5-99a8-142fe598fd4a	506	298	50	16	78
78310519-bbb2-42a5-91cf-98ef2e974907	506	298	50	16	-
f9285ae7-c972-409d-ba7f-14a9a4b10f8c	506	298	50	16	26
c5141a65-358e-471c-b97e-07481b6bdcbc	506	298	50	16	;
8fc9bfef-a95e-4552-9af6-bf19f06b22dd	558	298	22	16	of
d7e65774-e1a2-467e-8189-e407027e52a2	582	298	26	16	the
bd4b9d75-3d1a-46ae-b980-029f8a950b3e	50	320	36	16	fight
667a8069-fbf6-4941-8e89-b3e578a8d531	88	320	32	16	like
70109397-cc36-4d5f-bc8b-f0d5560db950	88	320	32	16	,
acf06966-e291-4cda-bfff-8399313e98a2	122	320	50	16	304
c91f1c34-51ff-44e4-a18d-99180320e974	122	320	50	16	-
c25e102c-9153-432d-b81d-361283915bec	122	320	50	16	44
fa464544-e516-493e-9316-45dba9408b08	122	320	50	16	.
351931df-a5c6-4dd6-a0a8-193f5de7c463	340	312	51	24	people
eee5ac5e-aa2b-45d9-a9cc-be28b1eea7d2	340	312	51	24	,
9cc43f8b-6cef-49b1-a2df-f69940992a79	394	312	30	24	of
1c727f7e-9606-43a0-b763-1e309d3b40a6	427	312	30	24	the
43ac0f6f-8621-48ae-a62f-c412513af698	460	312	45	24	devil
797a1379-d231-473e-8273-348a6e316d75	460	312	45	24	,
2600c447-b5c2-40d9-9053-5d3ee0344132	508	312	48	24	69
ea9abcf6-67d0-4daa-a387-3c2e9a7551fa	508	312	48	24	-
e574723b-b8bf-42bf-af64-33510f70286d	508	312	48	24	39
95926517-26ed-4c94-a909-23e496b32558	508	312	48	24	;
deb8acc0-06b5-4a9c-a56d-de581455c74b	559	312	18	24	of
6dffd3f9-b696-4598-8c70-be0c8e53ae65	580	312	28	24	the
0864a26e-d0a3-4d27-b560-71552f607ed3	332	324	72	14	Enticings
559b8603-a7ea-4405-976b-1238fcc2631d	332	324	72	14	,
c9402cf2-ea7e-40d0-b694-4c645f3c47f9	405	324	23	14	of
45c3c406-0601-443b-ac9b-cc2ae07ce1f8	328	344	64	32	E971
15f2f735-1309-44dc-8df4-03927619b65b	328	344	64	32	:
9decd342-daa4-44e1-a5ba-742268f2bb6d	328	344	64	32	29
ec3b526d-19a4-4a3b-b640-13f40473833a	328	344	64	32	.
770f0668-cf8f-40ff-86e3-8aa4176ac6f6	404	346	68	16	Ephraim
bdb23c74-6e59-46e7-b02a-72196888d49f	404	346	68	16	,
d6de4b57-5aa4-4932-9913-e630b4e990ec	474	346	48	16	85
e257a27c-033c-4891-b539-6240132b8a91	474	346	48	16	-
d9dd6711-81ac-4609-b052-c28c929a1e44	474	346	48	16	13
d2e8fb3d-9cd5-4e87-90e5-8b7714df00b0	474	346	48	16	;
e1468e2c-a08e-4b54-a0eb-627804945703	524	346	86	16	condemned
5427b8ac-c4ec-4f49-885d-ff8d52413915	524	346	86	16	,
a269d43c-9a06-493c-8d08-4683fedbc334	40	358	94	18	Drunkennesa
17980850-a2fd-4d94-93c6-aceb4d5ebb8b	40	358	94	18	,
da62879b-3a92-4297-a9a7-aff2b6ac043f	137	358	20	18	as
34eaece7-781e-451e-ad66-ab0d8897c464	159	358	11	18	a
9edf2aba-48c3-418b-a6b7-78411f1fd175	173	358	61	18	military
13d3ef05-a6bb-4cb8-9bb4-8fae3bb8d8f4	236	358	38	18	ruac
6df25574-e2d0-4b2d-9fa2-99c948b23b8f	236	358	38	18	,
e4da7876-ac8d-4fca-aa02-6d2af6bb7481	276	358	44	18	335
4ac56a39-bd42-4749-92ed-88b678f4e4d6	276	358	44	18	-
3df7d92d-f93c-4fb6-becc-22002e4f2947	276	358	44	18	8
f47eef63-835a-4ab2-aa01-ad2cc62ad5c0	276	358	44	18	,
62a30696-1424-4096-960b-ae5aedc4fd90	50	372	48	16	337
0f5807ba-19c7-4323-bcd2-badf4ec0a233	50	372	48	16	-
224ebb85-474f-4432-afd2-ddd17b3ec948	50	372	48	16	30
18fbb206-ece4-486e-9aa3-506ab2bfd6a9	50	372	48	16	.
f6b3b684-1aea-462a-b1e5-13a3cf78aa70	40	384	46	16	Dumb
8cf7928f-defc-4122-b95a-bbace0ab01a3	40	384	46	16	,
89ec0866-d67c-43ce-85a4-d2d33289d47f	52	398	54	13	Korihor
491e89e1-1ea5-48ac-8aab-2671c0d0d484	84	382	24	32	not
12a9286e-74da-4ae1-aab4-d0c0e33ecc37	112	382	20	32	sa
3c792ac8-6f63-4d98-8b19-0b4c965b35eb	136	382	36	32	made
b258316e-1058-4d6b-974d-102c134df88d	176	382	84	32	temporarile
62ee98b0-5522-42ea-ab67-7fa2eeb8d95f	264	382	28	32	lied
49c8ff32-165a-4548-9326-9e16f20e7a3a	296	382	24	32	1
d928ba31-eca9-41ea-8a02-56dbc4045a09	296	382	24	32	)
b628e6ea-60b5-45fb-9b01-b44fb01a8e44	54	408	47	14	Christ
cb2e9f1b-30eb-46b6-a183-5c6b8aa858f4	54	408	47	14	,
282bdf5c-1012-4237-81b3-3e186cd60b3c	103	408	43	14	432
2439480b-39ab-4ae3-ac67-de11c8a90aa0	103	408	43	14	-
cea6da00-90bb-4704-a1ca-9e48673609f8	103	408	43	14	9
dba555fe-1287-4e49-aba8-f0eff0d11d13	103	408	43	14	.
fbcddb2b-eaf3-47c9-a7db-b406484c2f45	50	422	42	26	51.14
52461c77-6792-4440-ae39-9a38dbfdca35	50	422	42	26	,
351781b9-c777-4b60-8289-53e1c49c25ab	95	422	42	26	55515
095355a1-a8af-4d9e-bfbc-b68d184198bb	95	422	42	26	;
72546d7a-ddce-42d6-a71e-17cc4ba18bbe	141	422	52	26	records
0d80f66d-c0c0-4a75-92a6-6a0d05d3c719	196	422	36	26	shall
06401968-5074-419a-9953-aae7b89d5b82	235	422	35	26	spen
f8363f41-e954-4577-b861-15a02d725b49	274	422	46	14	48
a56f9d68-3d17-4bfa-983a-013bb8b3d61e	274	422	46	14	-
b970f47d-f84b-4ba0-85ec-d7a344ca8e3e	274	422	46	14	14
77433e2e-ef5c-45c0-8d5d-38fdecb3d5d3	274	422	46	14	,
a1575248-114c-4f4d-9609-ff4d268d3da1	196	434	37	12	shall
8f93b6c7-aff4-4cf1-a309-965133473bb2	235	434	44	12	speak
10b8c578-06a0-4ce5-b30a-da2e7dd1bee8	280	434	32	12	from
f27f99e7-15ba-498e-a439-4af4b80228eb	50	446	40	16	57
160aa75f-dabc-4143-b3ed-43ff9f51c916	50	446	40	16	-
dae79f3c-99dd-47cc-b160-d11ef8da6a75	50	446	40	16	19
514778ae-50c7-4cee-9fec-7a9cbc328b47	50	446	40	16	,
cdb22b7e-ea87-4998-bf75-05d07a451ce6	92	446	32	16	96
42566e0f-221f-44d3-8586-f16c4dc4ed35	92	446	32	16	-
96922db4-fd72-468d-82f2-ddef35ee7312	92	446	32	16	9
50a0cce5-3c19-457a-a43c-a2fce974b02d	92	446	32	16	.
84846cfc-0323-4503-ab7e-a506ea680e27	54	460	30	10	rom
46a84744-4a43-4a6d-a0cb-8d947170d3ba	124	446	54	14	107
b2cb67ac-6444-42f3-960d-fd6dc049d8a0	124	446	54	14	-
01727db0-2e76-4c4c-ada4-4756f5fbba27	124	446	54	14	13
adad68a8-ff0c-4059-9b3c-91752522aa12	124	446	54	14	,
429a67d0-f7de-45e2-8509-0a1ce190e0f3	180	446	51	14	521
7128713d-4f49-491f-893b-fe951e1cf3fa	180	446	51	14	-
1a3208c9-3d27-407b-9f8f-718daa802057	180	446	51	14	27
d59c5c30-3fa3-4783-8d6b-7682cc0c850d	180	446	51	14	;
4acd8b4a-28fd-4213-9c1a-acafaf0b7481	232	446	33	14	man
2e60b9fb-a6af-4d4f-8c4b-0754cf734fc1	267	446	51	14	created
13890b9e-32cd-4807-ad2c-5775b74df3e0	90	458	48	14	138
abe7701e-9c9a-4eca-8ff0-00ebb56a441f	90	458	48	14	-
87af8c6c-1029-4cd5-a523-33fc203883e6	90	458	48	14	25
a7f470c6-e323-450b-b92b-feba6d88b870	90	458	48	14	.
d578606c-2649-4402-95de-bf3bea78d823	42	470	72	14	Dwindling
54b10a30-a9cf-4401-8f12-ef5dd97c766f	52	484	54	12	prevent
de0c27c8-a095-4374-8e36-6608892a4991	112	484	46	10	nation
75427c14-b643-4f21-990b-e68833b60e80	112	484	46	10	.
265e961b-6864-4ec7-a141-7a3618540eac	236	482	46	16	Lehi's
bc338e31-96b0-49bd-80dd-140e0ade84e4	286	482	32	14	seed
df9a1a67-0d55-4668-b042-28b547e76c65	52	494	70	14	predicted
c3dc23eb-0328-4d51-a6d1-07c819f37db7	52	494	70	14	,
3d5acd01-e78f-4541-b85f-dc3e5c588092	124	494	38	14	21
1ab92990-4442-4cbc-80f3-31e7e601f8e2	124	494	38	14	-
d9553746-390a-488a-81b8-ce989e257586	124	494	38	14	22
41548698-97ce-4776-b0cd-afe8dab556ae	220	494	42	12	50
ac4fd277-a281-4e36-96f6-96789b24e871	220	494	42	12	-
32e76d26-4eb3-4d08-adf4-d0ab5b1882a5	220	494	42	12	10
438920ef-7cd4-43c3-9281-a2e9ba465204	220	494	42	12	.
f09532b6-6347-4f23-9217-980861542208	48	508	24	28	34
8c8b5adc-d764-4cdc-8d2c-b05f4efd505a	48	508	24	28	.
2e7ab028-8f5c-417b-83b2-82334471ea3d	76	508	58	28	438
f04e815e-c88f-4a3d-8ef9-b386edfef935	76	508	58	28	-
fee7ccc4-cbb9-4acd-a865-c4f2923cc8de	76	508	58	28	70
8c81890b-f857-4bc0-834a-b042a42fbb6f	154	504	74	20	Nephites
2513ae18-463b-42d1-b59e-742557bbfc91	154	504	74	20	.
07cae232-5c57-4b2d-94de-892c1780a6fe	100	510	29	26	340
6d5fd6f9-55fe-4332-96a6-82c2da204000	132	510	62	26	ollowed
f15fcd0b-ba3b-43bb-be42-0a558afd184d	197	510	25	26	br
67906c29-2a7e-46eb-aef5-647a9051082a	268	494	52	16	308
781fbd1f-c33b-496d-917b-8d0e339e830d	268	494	52	16	-
955443dd-7f43-4ec4-919b-f9b1b6980f26	268	494	52	16	10
a1831e20-c876-45d7-9d0f-3aec4e76566b	268	494	52	16	,
b5dbe9c0-7e79-43c7-86b9-3808cfd3acb5	286	506	34	16	375
8b93495e-235f-4550-aab2-6c7675c1d358	286	506	34	16	-
2e8b142b-8390-4f31-b11c-518a6c035ffe	226	522	44	12	сигвс
c4955c9f-71ae-4b49-8527-8970df83381d	226	522	44	12	,
d1424f43-5dc3-4038-8587-b8186e4b983b	226	508	42	26	ситве
086a4a43-f4fd-45bc-94b8-ecbdb523c948	226	508	42	26	,
65a16bf6-dfd8-4b8b-af0d-0751d0e57d78	271	508	49	26	21
2347d545-7974-4d4e-9601-0b1636225c71	271	508	49	26	-
cba956bd-9ef0-4ebc-b621-d5bb99365b36	271	508	49	26	23
b3dc7c31-ef0c-420c-bb19-7360e0ef7a4b	271	508	49	26	;
37457a8f-6093-451a-b900-a97add0a3835	52	530	92	16	distinguished
a7f5c281-684e-44a3-9b6d-3862af0be196	156	532	34	12	from
e9e41a6c-02c0-48bf-b0da-53b114ab73d5	200	530	44	18	wilful
ff5cdf3d-bfca-457e-8e82-4e171a2da955	254	529	66	17	rebellion
6f82aab7-6944-4a2d-a0d8-829aa103c1d0	254	529	66	17	,
4da7a69f-4998-4ef3-86d7-0e6c869c4bfc	52	544	54	14	459
71177bc6-a6f0-4e56-b5f0-83c5d1ac7b51	52	544	54	14	-
7ca14c60-2578-4403-a035-1da8dc218cdf	52	544	54	14	38
d2d164e7-b48f-4ca7-8900-8efddd6c1fcf	52	544	54	14	;
61462dd5-13df-4064-b8d4-3da6ae897d8b	108	544	52	14	causes
a2bdb6d6-e2d9-403c-9979-257426e0ad0f	162	544	70	14	cessation
2593e448-3587-4264-ac42-89f5c83a3511	234	544	19	14	of
51362c1b-a62c-487b-821c-4a0a6d03d4c4	255	544	65	14	miracles
38d35c68-042f-4276-846c-276c6aae8974	255	544	65	14	,
1369e799-8065-45e2-a3b5-32b47ca2b7f2	50	556	50	16	477
ddd291e1-655f-4713-b69e-f856f26555c0	50	556	50	16	-
3ac0890e-a628-47f1-9e50-8463e531d878	50	556	50	16	20
4920ea79-4d78-415d-855c-2a27e36fd4a4	50	556	50	16	.
d1470674-ed43-4c13-a892-8f2760835436	38	578	88	32	Earthquakes
71339d80-d6c1-4aba-946c-b292172fb8c9	130	578	72	32	predicted
8fb5abd9-cfc7-4835-a8c6-3ae7cb01bb80	130	578	72	32	,
729790ce-aeb8-4921-abb6-f4fc3263439b	206	578	52	32	204,6
b2b50169-2f1a-48a7-951a-e018d7d03ed8	262	578	58	32	5.036
746aefd3-dd5e-4cee-8dbe-76e50833dfef	262	578	58	32	:
639a3189-29d5-4c07-a8eb-34b65e62bcbe	162	592	62	14	occurred
87b56cea-11ba-471c-900e-e39e487f0651	262	592	58	16	Christ'o
124a4098-b205-4ec3-aaa7-2cf7b47f8d4f	52	604	42	16	death
e064b29b-84e4-4661-8434-96bfbfacfb51	52	604	42	16	,
f63e243d-2be0-43a6-b0ab-13415e39ae7d	96	604	48	16	416
b6c0ede4-a29c-43cc-a658-8dd2efeafbc0	96	604	48	16	-
7c3e31dd-284d-4a43-b085-4e3721988260	96	604	48	16	12
3dfff5ad-fef6-408d-894b-c9bcaa00e118	96	604	48	16	.
32979299-79b2-4cfb-b40f-dc08ad31f243	142	618	64	16	slothful
9095232f-f048-4d6d-9ac7-54a6750448cc	142	618	64	16	,
3176e78e-a9cc-492e-b0ff-534b8ac22074	208	618	48	16	100
58236f42-2fe5-4537-993e-a381721a61a5	208	618	48	16	-
8414b73f-0808-4949-bb49-257c5d2fddc4	208	618	48	16	24
81aa8387-2aff-4584-a901-d924ac159193	208	618	48	16	:
9e5e708e-c40d-467c-958e-27a17acb86c3	40	630	34	16	Eat
2f967d83-f3e1-4b05-9bf7-d05c43e6f404	40	630	34	16	,
c3decb66-2f1b-4bfa-b5a2-46700e6aed95	122	630	30	12	and
b2b8953b-ea62-4192-9715-97b2bac44569	158	630	20	12	be
4f696c76-f4de-4c76-b1bb-60f1b91a8582	52	644	32	12	SAy
614afd99-9c89-4a90-84f3-bb5efce0e80b	52	644	32	12	,
467d4efb-01f8-4fc2-9b0a-9769a1b72193	184	632	52	12	merry
55f2970a-6b49-4f1c-aecd-89265316c50f	184	632	52	12	,
544b32a4-9356-44b1-95b9-6252423e3cdf	240	628	28	14	the
1ecf7e62-0e33-4b06-94b8-5c60705d3ae0	270	628	50	14	wicked
bd28bc15-2a20-4a66-b27c-38fd64ea755d	82	642	40	14	98
633d2c8c-d4ba-482d-8de6-f2d50a76c675	82	642	40	14	-
64b208e3-2494-453e-b876-bca13878f26a	82	642	40	14	7
5b9caa98-f6fe-4500-9232-35f8d9e62944	82	642	40	14	;
03cbe2a0-80db-4058-80b8-1af2340bd729	124	642	26	14	the
1f7d02b3-9580-4c2f-856a-79e2310e735f	152	642	51	14	twelve
68d4044e-626e-492c-a4ce-549f4f66ce62	204	642	61	14	disciples
5325634e-2007-40f4-9aa9-395d2ce03bed	267	642	17	14	to
32d05f4d-d037-496f-9189-a02c8847555d	287	642	31	14	take
6e4dfabc-e191-4d54-8d4d-663e1579965b	40	654	29	26	Edo
42bb8025-6507-4fe5-8b6a-d6cca97ea7b5	72	654	55	26	thout
fd63bb0c-c049-4adf-8dbd-dd99095947ee	131	654	23	26	and
afb03840-d2a9-4c6c-a83b-c421ca2972cb	157	654	29	26	to
3b3558e8-0975-40d7-93ba-d9bbf3ce0d49	189	654	42	26	driven
0ecfc354-fc60-42ad-a458-1a7031ab151d	235	654	42	26	troTa
6952bafa-8126-41f1-a114-980cd889d7ef	235	654	42	26	,
03708fb6-670d-4a4b-8e7f-db7f44bf3000	280	654	38	26	54.19
c0a174d4-1ad6-4bdb-b436-70ce31c66d80	280	654	38	26	,
7ddb6042-8584-4b7d-a40f-d2c670a432e9	52	678	46	16	226
989aa79a-1886-4d10-a857-f0adc90fc8db	52	678	46	16	-
4437692a-2efc-4728-98dc-42ea8a30d95f	52	678	46	16	21
7f0723ed-12a3-4482-986a-bc7e205e1730	52	678	46	16	,
1c9aeeb7-943f-4b01-93b6-e3fdfab49379	104	678	44	16	298
917dc1f6-5287-4515-9c5e-2d3620d1b748	104	678	44	16	-
c2fbc1e9-fd70-42c1-86a2-17e365b2efb4	104	678	44	16	2
958342fe-e01e-46af-afb7-fb3a39af6230	104	678	44	16	;
5b733343-703c-474d-895f-f8f2fdde48d3	150	678	36	16	type
ab19348a-2ef3-4448-bb1f-9f9bd59e400e	188	678	16	16	of
23d74e10-28c6-4cb4-a483-ac4ee442254b	206	678	76	16	perfection
6a03515d-d371-4e91-91c5-b62838030b12	206	678	76	16	,
1774ab2e-592e-489d-80ce-f8bae11d9306	284	678	34	16	65
d9ec3f8e-5cb9-4b3c-b842-c3f09edef0a8	284	678	34	16	-
1b8c714e-1ddc-4009-b0c1-5c2322c85bd6	284	678	34	16	3
0ce46ae1-a09d-46db-aba3-ec45567d100c	284	678	34	16	.
f5507152-69cf-4e51-b2b2-49564664b77e	40	690	46	16	Edom
456d0cbe-0d6b-45fb-a476-e7f45ba92294	40	690	46	16	,
81e10cae-4daf-49c6-96a5-42fa47a5d6fe	90	690	40	12	85
db8629a0-e300-4a1a-b885-387c1c1c6e7a	90	690	40	12	-
2c78a180-176a-4209-bd5b-84f8c8a7504a	90	690	40	12	14
9a2c27cb-1706-4557-ad37-b20dff1cba53	90	690	40	12	.
d44b51bd-7202-4a7d-933d-27f1e627dc39	40	700	47	34	E63
1b6c3ff3-d762-4f80-adda-5434ac78b3db	91	700	43	34	can
11072bf6-bdb8-492b-98cd-12b798b3e362	138	700	30	34	and
c557d8a0-95e0-4ce9-bb0a-9d97c9bd55bd	172	700	30	34	vete
da3de183-55c9-46c8-a943-002d5d68fcca	206	700	43	34	1004
b8b9d10e-5953-4a2b-97ec-f80cfed83e14	206	700	43	34	,
d2f3bbc6-3234-41dc-8199-1141ae5074a0	252	700	69	34	1045,7
8f311e30-04fb-40c7-8787-7e0d2d576f3f	253	700	69	34	:
7fa9aa8a-59cc-41b2-95c4-3e576b85cd44	330	420	66	14	Ephraim
ea9078d7-ab7a-4d4d-bc1a-e7189583926b	330	420	66	14	,
cc5f907f-e436-440d-9079-e928890e85d4	398	420	42	14	Syria
2bdbd205-7ccc-497d-a3b5-b30380253c9a	442	420	84	14	confederate
2c5a6512-2b0f-45ff-8716-fdbc7042542b	342	434	18	12	to
31b68372-ba79-4246-9ae5-31fd5afc76f3	366	434	40	12	know
3f29c110-f7f4-4f14-b33b-a49ef1f8ef16	412	432	42	14	word
2863c67d-4479-4aed-b904-9cc475352875	456	432	18	14	of
6d20939f-5fba-439d-9b1f-12851a09be89	480	432	36	16	God
48a80242-3117-4f5a-9465-540a005b418e	480	432	36	16	,
4bbc7b3e-9853-406c-9ba0-dea064abef26	518	432	44	16	82
d90c1896-ec43-449e-b911-75efe467e7bb	518	432	44	16	-
4ac98f6b-b77c-44f2-bb7b-fd384ad420c5	518	432	44	16	9
951c5f96-8e6e-4981-9a48-3542636618f3	518	432	44	16	;
18549f90-505e-4ab2-9841-0971800c1f53	564	432	24	16	to
20c77412-e534-4e71-9f69-1e7e0a4ba9ec	526	420	39	26	2
e5e90ec5-467e-4d47-bb7b-1a26e2e1769a	526	420	39	26	-
b1577d56-3671-489d-bdc0-462a7805b303	526	420	39	26	91
7d6026db-7a1d-4e7b-91dc-9d1b4ff29c2e	526	420	39	26	,
998b6398-d49e-4a36-bd33-bb6d0d8c6672	568	420	16	26	3
0d887a0c-bcf1-444b-a0ed-9c01151e4f23	588	420	20	26	be
f49505e9-5178-40dc-bf51-83e1187eba3f	340	446	54	16	purged
cb586a2c-4b5a-4078-8833-487baca7b116	394	446	20	12	of
f9c9bc81-3c9b-4a43-9a7f-29b20fa116ac	396	458	34	16	hill
ff605737-00f1-4bdd-9df6-ed9e9b1c4650	396	458	34	16	,
0fb43c3d-60dd-49e6-88f5-eaef63d8de6f	414	448	13	26	1
3b3b67ba-8e30-47d1-88dd-5db90aa23cd2	414	448	13	26	.
41f1ccd5-817a-4865-8faf-6b8316dc36ef	430	448	44	26	496.9
2e4b5c9a-5831-4ea1-b22a-b8b77962acf2	430	448	44	26	.
497d1161-c461-4951-a94e-94e52aa96e71	456	444	48	18	85
9be1f820-375a-4c0e-aa93-37228cc9168a	456	444	48	18	-
9f76eb58-b037-4bfa-8849-acc00a4970a5	456	444	48	18	13
6ef52dff-0467-4e9f-835a-50b2312a00a8	456	444	48	18	.
08d99dcd-24f3-4114-b3d5-9ca55738b250	328	458	56	28	Epital
0c0b84db-92fa-482f-8cb5-3ef8e16f72bf	328	458	56	28	,
eaa42d0b-af70-482a-9fd8-35e791a660aa	387	458	45	28	Moroni
9e6348ff-9bfc-4c32-afa1-f957638cdf70	436	458	14	28	to
d146a1bd-c4c3-4fd5-8701-9d4213bd09b2	454	458	73	28	Ammoron
95efbbd3-1cb4-4c2c-ba49-71ecf4bb2f4a	454	458	73	28	,
b4e5df92-8d85-4990-a9e0-e496732da77a	531	458	42	28	333
2e73e175-fcd5-4a57-ac2b-640c5acce453	531	458	42	28	-
86881476-0dd0-4df0-802f-1e7be7b4754b	531	458	42	28	4
248db919-7973-4987-b267-ce0f4cef4a67	531	458	42	28	;
f918efec-4b0a-470a-9a36-054de63aa2a2	576	458	32	28	Am
f8948f4e-0488-4176-b76d-b4539a97193e	576	458	32	28	.
da28a832-a468-4560-9e26-d458b4556ec5	342	480	45	18	moron
e3769bbb-fb8e-4fb8-8be2-310b50396bff	389	480	18	18	to
0d039831-d853-433d-a22e-e39daac124ba	410	480	58	18	Moroni
2cce3ce0-3d8d-4606-805e-e3430bc7055d	410	480	58	18	,
15a1f712-c1f1-42c4-a507-7066a82fdc00	470	480	52	18	334
c9421f83-aa21-4cfc-bef6-b1bd1623fe49	470	480	52	18	-
c79f2eb7-cf2c-4d29-99e0-088c8df45020	470	480	52	18	15
65ab75b1-07b3-498d-95e5-fadc97ba799b	470	480	52	18	;
e1dd1650-13ea-4b6d-a4d6-8fb3e392370c	524	480	65	18	Helaman
bc30a6c9-06ad-42ea-a4ab-0aef180dacbf	592	480	16	18	to
32a4e298-29a2-4490-bca9-46c04b1a9942	342	494	45	26	Moron
45154815-2b15-48d8-b53a-91e2d7d33a77	391	494	65	26	Helman
9abfc0c4-ed9a-4f83-aa57-00b812714617	459	494	27	26	non
0b5ecbfa-0e64-43f7-afc3-329162637575	400	494	45	14	337
b8ce0e68-eb13-4b05-bc67-ee28eaefc51a	400	494	45	14	-
4d623c48-877e-483f-a1b9-cbc9ffed47bd	400	494	45	14	1
0aab9144-8f39-47b7-acab-476437ba931f	400	494	45	14	;
9cff7c78-378c-4a37-a484-35ca1a993f95	447	494	72	14	Ammoron
3e05cd43-fb64-4d92-8297-29cc1721423f	521	494	19	14	to
6292c78a-c991-4e21-b1ba-3f074de76228	542	494	68	14	Helaman
eccde3da-587e-4698-b644-2d0d2d349826	542	494	68	14	,
48723b59-c6d8-47f1-8e05-9538eec4e2c6	340	506	48	16	341
61637f48-b0d7-489d-b310-e6b8ae8b25d2	340	506	48	16	-
d74449e2-11b1-48fe-b91a-9d95cfa9d97e	340	506	48	16	1
b598a3fb-0265-41a8-a8c3-6116b3bf6544	340	506	48	16	;
41666b68-1495-4def-a89a-2502e5f46bfa	340	544	48	16	403
a7d45c86-1e89-4a37-83f3-8f1ede8950d8	340	544	48	16	-
b88907ba-d802-4cfb-91c8-3bad5062ec6d	340	544	48	16	1
511465ae-f83e-4854-bbbe-0e22b79c719e	340	544	48	16	;
7c970fc8-f8a1-4d74-8cc5-58d27f07300d	340	556	84	28	Coriantar
2e3db9bf-31d7-409b-8cbf-21ae231c4b5b	358	554	67	28	rancan
20e6cfee-9200-42f8-b882-bcbc28d64beb	428	554	18	28	to
74c364f1-fe22-4d15-b549-e04f9ba956c0	449	554	73	28	Lamarigo
2f06c1ed-029d-44df-908b-ed51e9ffe942	520	554	40	16	king
f39d611a-6306-4053-a49a-de3225bca436	520	554	40	16	,
54a44341-0151-46ff-9cdf-3269fa6157bf	504	566	40	16	507
79dc4628-3273-4101-aec2-15d1c17bcfa1	504	566	40	16	-
8381a0f7-1514-40b2-90fe-9457ae486413	504	566	40	16	4
85c56957-5a28-49fd-ab79-42349ca89061	556	566	54	18	509
2c8534ef-f68e-4904-bd47-04df26e9a307	556	566	54	18	-
0e33bbdd-b6c7-4b1a-9e7b-ef3d7f8a4ae1	556	566	54	18	18
b77021e7-0cf9-464f-b315-4e5a164f13db	556	566	54	18	:
e8d43840-cc99-4fea-9f87-47774d056d38	330	604	66	28	Equality
f44a3769-3867-4483-a059-94f90b547157	330	604	66	28	,
523465cc-2fa2-4983-af8e-137ca2d7d72e	400	604	49	28	among
8b3df36d-7360-406f-87e0-88d74b77904e	452	604	52	28	people
23c9fd15-5ceb-4546-9098-61477e446b53	452	604	52	28	,
6f13b328-ca6f-469b-aa14-0b2697709888	508	604	45	28	186
e6bf1f08-a884-492d-a846-567b9f18dc7a	508	604	45	28	-
cf016c82-927a-441e-8ace-d5f0693b2f82	508	604	45	28	3
c24f9df5-1ad8-4a15-8977-60d9e83b896c	508	604	45	28	,
f7ce9d06-edf8-4398-979e-fbfad83deb4c	557	604	51	28	236
661f6b69-c9c2-403a-955c-a4de3b2a25a7	557	604	51	28	-
8f882e5c-e342-4ba7-975e-3ce4fc8757b9	557	604	51	28	16
8b5610c8-4ee7-441a-ae1e-521a8b506cfa	557	604	51	28	,
dc95e081-5f4f-4e41-9b98-ed9ed8eafd18	344	642	44	12	mites
21785a42-b350-40eb-9f48-a76bd26bb96e	386	642	46	28	116
1c225f09-639b-4a7c-8e6c-7fdb084dd84d	386	642	46	28	-
5df32b0e-8884-43af-ba84-90b4985b13d0	386	642	46	28	6
a22d3d84-be0f-498f-b969-235fc612a987	386	642	46	28	.
c788ae9c-0add-4fca-97d4-ac2bdae3ea5c	424	642	51	12	274
005036b4-97fe-43c3-8362-f56956a951a5	424	642	51	12	-
27431c55-aa15-4811-862c-b5c924635adf	424	642	51	12	9
fb6738e5-cbfe-43e5-b541-5f9c466f710b	424	642	51	12	:
c9ff1ce4-d560-40cf-afc7-080ebe3084dd	477	642	46	12	infant
91174337-cec7-4205-bb9d-1a2b7192452d	330	658	54	24	Esrez
0a40affd-aaa7-443f-86cc-be3cf795e7f6	330	658	54	24	,
280b7b51-3358-44d5-a150-8365f15d5fa9	387	658	9	24	a
d3d856ca-ff4e-446c-9cb5-03c28393d900	399	658	63	24	Jaredite
26d381a9-78e2-49cd-b890-7c0f8a77fff3	399	658	63	24	,
19989dc0-233a-4473-91ef-ec8b487e5424	465	658	27	24	son
e2bfdac7-9e4d-487d-a33a-4cb5b605b033	495	658	18	24	of
12758e80-024d-4ef5-ac36-b191726427f1	516	658	45	24	Omer
66d8de2b-8797-4eb4-ac01-63f63127df9d	516	658	45	24	,
60a0f492-4d8e-4a56-b672-562f40d38701	564	658	44	24	491
541b52d8-65c8-4856-b64c-40e42f98706f	564	658	44	24	-
09fd0795-7370-4d32-b3c7-355dcc7be852	564	658	44	24	4
be2355b3-fc30-4bba-957f-d19c88c43a3e	564	658	44	24	;
8d29ddf8-e73f-413c-b1dd-a8bfed14eb75	344	678	49	14	battles
7903f291-0753-4a2a-83a1-9e38356ff261	395	678	38	14	with
39bf1f42-6665-4235-810d-93a9e982c1da	435	678	45	14	Jared
642f7b07-8a66-4940-aaef-5da3079a559a	435	678	45	14	,
e2566352-1a6c-4ff9-b322-c6dace371d08	482	678	42	14	491
cc139afc-4c87-478f-b526-fb08a775fd4a	482	678	42	14	-
b44a3b5d-f04a-4555-bf92-c41a50ff4453	482	678	42	14	5
f61adf49-279b-41ef-9111-eca5fa66c6b1	482	678	42	14	.
a49fc9a3-3e00-48e0-b962-3bfaa74cf774	334	690	103	14	Establishment
26f1f35f-95f5-4f4b-932d-666e58577c94	334	690	103	14	,
93cada01-3a72-4382-a2f2-bacf1e987c97	439	690	19	14	of
9736ac48-c328-45c5-a570-9b0af35cf649	460	690	28	14	the
eea4bdcb-1451-4cb9-93e0-01605d8ffa27	490	690	54	14	church
c22a675f-ea5b-476c-9c08-5555881f2497	546	690	23	14	by
ae28de40-5ed8-461b-b18f-0d40c67231ae	570	690	38	14	Alma
2322c4cb-b885-4cd0-8636-208fc0f3b4d4	340	702	31	18	and
21ed5b85-8626-4ffa-8c48-e9f574f5a84f	374	702	61	18	Amulek
4233cc9d-8166-4df6-ac80-5f2d73e1d068	374	702	61	18	,
ebe62d46-4370-4016-b333-3f7dc0b11fbe	437	702	51	18	236
cc219608-bc8a-4692-b7da-cba0e68dbdbb	437	702	51	18	-
e3651c73-67a5-43ac-9a4d-f8b0557c8135	437	702	51	18	15
c2abf149-5d67-4c0c-a01b-75323996d706	437	702	51	18	.
a91566f2-29f2-40f4-a035-810c33ffc551	330	714	56	16	Eternal
05569dbe-ab57-4a48-8c1a-3c032005e7df	388	714	28	16	Ife
8ee38477-58e2-4a6d-9eb4-d3c407d3b221	388	714	28	16	,
4f073780-b103-4c72-be0c-9a293f99730f	566	714	44	16	55
137fbb27-25d0-4336-82d0-f3c3a8b13726	566	714	44	16	-
83203696-9055-4f26-ad44-d07f2aed3d7c	566	714	44	16	27
bc5b0c92-95c5-41a1-8986-9ddb1600df8e	566	714	44	16	.
ac8e652d-d316-431b-9e4e-ad51735be26b	42	776	52	16	Elders
101d3d97-85c7-4917-bee1-2145e4ad2a22	42	776	52	16	,
5fd57121-fc05-4927-8941-44704a3f8091	52	790	56	14	church
bcc86df3-c773-4b8e-bc6f-8a0f2f094155	52	790	56	14	,
6e9576a0-1563-4416-8457-15813a30dd33	110	788	50	18	203
d667e184-9a41-400e-957c-47e9f061ef13	110	788	50	18	-
4517b00a-2947-4c44-b6d1-06ccbc214781	110	788	50	18	7
b2a6d019-0426-40df-8f93-a16612577b51	110	788	50	18	:
1c507725-0086-4f09-a50c-6ee96fcace58	44	826	66	12	Elemente
5750d658-cd36-4b66-a1d9-cc50ba07a4a8	44	826	66	12	,
800f3113-8aee-4f0c-89f6-3299d66186c2	50	814	63	28	male
d037e8d0-6529-4772-ae69-a4a06e5a2263	116	814	21	28	o
8d80d894-a562-4e3b-bfa2-de0d1f90cab2	141	814	38	28	me
9698ee62-efde-40d2-83aa-a26c18abeced	183	814	35	28	with
05e5295c-ffab-4f28-bf95-82ea8d65f9d6	221	814	56	28	fervent
ba27da02-ed75-4392-9750-dcf4931d11af	281	814	39	28	beat
270997e2-4cc4-4e9f-ba61-301f8efcb887	281	814	39	28	,
66c8f4eb-6343-4a81-8bf7-ad3db1bdc4ad	50	838	48	14	448
e8cf2f03-0ba0-4917-8e43-9a64f63a65fe	50	838	48	14	-
34be464b-a66b-4b0c-a960-ddd1b24a6ada	50	838	48	14	3
ad631fc6-661e-463b-b7ac-d5bbd4291838	50	838	48	14	,
3532610f-5010-4536-a5fd-1b66c1d6d8af	96	836	40	14	475
a1c67b1d-4ae3-49bb-9846-422b4c57cda3	96	836	40	14	-
9bd17b48-2072-413e-bfe9-bb8fec99f542	96	836	40	14	2
33891f84-ccab-4e53-8c9c-fb3848187d8f	40	850	120	40	sual
f08df4c0-b576-4052-8c06-e91fea3762b4	165	850	65	40	promised
0116fc44-a7dc-48df-8e4c-12be32fa4729	165	850	65	40	,
4f2bb640-686a-4b38-8d76-e8d8564f04a1	235	850	50	40	473
196bd96f-26b5-49d4-b319-df6f305637ce	235	850	50	40	,
39e6de5b-1618-43e0-80ee-cccfd5a3696e	290	850	30	40	313
e00e85fb-5d84-466d-8c5a-93f2e4cd584d	290	850	30	40	.
97beef3d-6411-4c27-9b22-995e546136f7	42	875	68	14	Embassy
122b60fa-b145-44e3-a1e3-3792109b2ca3	42	875	68	14	,
25a99316-29a8-496c-8bd1-da1f8d558b70	116	875	83	11	Amalickiah
7c6b5cdf-392a-453c-b693-ee88bd803126	200	876	26	10	to
6ffa293a-b8d5-4ed0-9e0a-404cde1950e6	50	886	24	16	10
83b11129-d49f-4ea6-b9ce-648202400274	50	886	24	16	;
d784777d-2f6e-474e-80d4-681cf3ba0ea9	76	886	78	16	Amalickiah
adbd307a-494a-4796-a664-cd91a0011f2c	156	886	16	16	to
7516ecf1-e90e-4164-bbfc-268735c75939	174	886	66	16	Lamanite
b1424e30-833b-42a0-9123-b4a496355f8a	242	886	46	16	queen
114d4dec-7a1d-4ea8-822d-c01cbce5bf5a	242	886	46	16	,
fb5ccc34-9cba-45c5-90be-30bcb3fe31ae	290	886	28	16	315
d5153b96-bb66-42ed-8c10-8b723badfbf0	290	886	28	16	-
be620147-9603-4a21-a3eb-f4e6e5ebea19	342	802	32	14	the
341fd0c9-2eb7-47b6-8ab8-8a0af3811977	342	802	32	14	,
67f0c676-714b-441d-b465-ecfdc66bf996	428	788	54	14	521
f90dfe91-c78b-4686-80d5-d7b140568d33	428	788	54	14	-
bb095f45-cdbe-4fe8-85ff-0214204f0ce3	428	788	54	14	31
2dc37fc9-3360-4934-b28c-25f85f722236	428	788	54	14	;
5bd8b2e7-f337-4bbc-9197-848820a3ae19	484	788	47	14	Christ
1b840505-68c6-4503-9a9b-d8c3c3f1bf0b	533	788	28	14	the
09212fe5-49fb-4d41-bcc7-f40c9e0aee86	563	788	30	14	Son
8de55808-3934-46dc-9fb3-605e8bc4dacf	594	788	14	14	of
35865fd4-d6c1-4706-88da-9ccc66e2ebb3	376	799	44	17	19
e2e89457-8b17-4cd2-9752-fe9b5e37ddf0	376	799	44	17	-
7528b482-e7c7-437d-92e9-f4180f8eeebf	376	799	44	17	21
feb2d7cb-4cd9-4e36-a77d-deccce57c87d	376	799	44	17	,
320496ca-c2bb-4add-b52f-39c01c978884	422	800	46	17	25
e4622621-371e-4b07-8760-a4fca68ae06d	422	800	46	17	-
4db8dc85-240e-43c0-836f-3fbc2bbc5e54	422	800	46	17	40
4078767a-641e-4cca-b7b0-52359850fea0	422	800	46	17	.
774c7363-fd58-4f94-9297-f0cb583264ec	342	828	44	10	ration
81c7052d-412f-4be6-b1c9-a70927f9398f	330	850	50	12	Ether
2cae26ae-5125-4653-9e5f-4c36cf120e73	330	850	50	12	,
be308ca8-5bc0-4348-940f-fcbc30b73a9d	426	838	50	12	517
c5fba2cd-a9fc-408f-9932-3f223a03f2a3	426	838	50	12	-
74b96faf-0bf9-4849-b0c4-15fa7127111a	426	838	50	12	18
64b82b1f-ed58-4fbf-8ed0-351e48c1d7f9	426	838	50	12	.
f130aac3-aa49-4e10-ad1d-9006ff4f5ae2	382	848	56	16	Jaredite
7452729a-99eb-48e8-8161-f5f8fe106846	440	848	36	16	king
25d27435-6576-4e62-8364-6eafbbe96b2a	440	848	36	16	,
4e1708fa-2539-42db-b6af-0cec4e9a1e7f	478	848	26	16	son
8599790e-915c-4157-b985-b1f8fbf316da	506	848	16	16	of
a73f307c-c89f-4585-b03a-76da0d0b3898	524	848	40	16	Ahah
b5267aa6-dbee-49c1-8b02-2d0e60a62e7a	524	848	40	16	,
5b2bb344-af12-498f-91d4-595959252f5d	566	848	44	16	479
06a74460-d43c-4c7c-8b9b-de42d81a1087	566	848	44	16	-
1ba2875c-933e-4a04-af3c-1bcae340f1ce	566	848	44	16	9
0c5d5271-b055-41cf-973d-c1c78737efaf	566	848	44	16	,
356f6d29-1903-4192-a826-3b961f57377c	332	874	44	14	Ether
520062be-f480-4b37-ae0d-96496de0eab7	332	874	44	14	,
f97c5cfb-f1d8-4f4e-ab01-4fcdac8573f0	377	874	38	14	Book
5786b94f-b3c0-43b3-add8-d453cbbcefb5	418	874	17	14	of
04a1c1d7-aa1c-41ee-85e1-c3829ccaffd6	418	874	17	14	,
79f61d96-ccd2-4662-99f6-0e1f145548de	437	874	42	14	taken
a09b87a0-50bf-4671-9690-1db37936b010	481	874	35	14	from
5aae9298-89cf-402b-8465-c3d11141afa7	517	874	45	14	record
1f51261f-62a8-4c88-9f11-868060467ef0	565	874	17	14	on
d7de1dbc-0229-4263-a353-685d908a3809	584	874	24	14	the
3bfaadb7-a502-4b39-9285-72750ef37034	344	886	18	16	24
191c7999-d0fd-4742-a6bc-573b41f016d3	364	886	50	16	plates
c8885d1e-d6b9-49e6-9aa3-05a1dba0df5a	364	886	50	16	,
a36f6204-565a-425f-81f2-1a8f17deb4f6	416	886	44	16	478
11304d35-3113-47a7-8ffd-bcf833b243c2	416	886	44	16	-
ae799885-9a74-4b65-8e1e-68740e6881e9	416	886	44	16	2
ab2b823c-6fbd-44de-9353-344966d4d96c	416	886	44	16	.
