ID	X	Y	Width	Height	Text
75834eeb-e106-4742-997a-42755fb43a9b	78	38	34	15	552
d9fdb889-4e5f-49d5-b6a2-4673741d0385	92	88	22	16	bis
5844aac3-9a58-419d-bba0-d641768317ff	184	68	28	36	120
1f11bd84-5e9f-4f4d-b18c-1654a088fbd0	184	68	28	36	.
a186c5e2-b7f2-44d2-959e-458560b747e3	218	88	18	16	80
3546890e-c65f-41ee-8d53-eb45e488e363	204	126	18	16	Go
2fd3737b-ff4b-4aa6-a817-980c504cf7f9	332	38	62	15	INDEX
f4ac31c7-b51f-4b62-ad4a-18f1987e55bb	318	66	18	12	to
4f363bd6-95d5-4b06-864c-61669f079bb9	338	66	18	12	be
cd4c2d32-b7fb-49b5-8cd0-7e66ff6acaf5	338	66	18	12	.
3a88b9e2-c633-4c88-8885-8ad47dcdbc06	272	76	26	16	the
3367957f-7af7-45ef-b709-b17597307a94	270	90	20	14	00
9979db06-289f-4df0-bf41-9be7b44744bf	270	90	20	14	.
7ebcc65a-aa21-4f3b-aca0-8f87cbf3b6c9	338	90	18	14	28
7294d944-0523-46fe-8a47-28b9b0a5226f	338	90	18	14	.
4888758f-6ffb-43f4-b2ab-580a5ecd3cab	316	102	42	14	larger
a5d0684b-6181-465d-a5a1-f6af8f6dc9ac	264	122	54	20	Christ
04e4ea72-db4d-47c8-baa0-87f6573cd65d	264	122	54	20	,
e1fd03cf-d7ed-4263-850d-42d5f9c32639	316	126	42	12	53
5c3af64b-3966-4f64-8bbf-5067ce86de4c	316	126	42	12	-
9da0348f-303f-42b8-82c5-f278a9daa9c5	316	126	42	12	10
b16c8b1c-8529-4206-beaf-1950e9737941	316	126	42	12	,
333316ef-a572-4e58-a31f-d29ed1f8f031	292	240	22	22	12
d5c3f3e2-6e16-4845-a250-00cfde5cd5fa	292	240	22	22	:
ee136fdd-c761-4285-a3e6-60784ec43670	94	298	14	14	20
d2de71ec-1587-4d98-a73e-16e7c90d0a2e	92	336	18	14	62
d21cee60-fc18-4593-9ef7-4941df0801f2	92	336	18	14	.
87096c66-26c7-4500-9323-a5ae1da076fc	218	398	44	12	Bounti
26e7e3dc-a8fe-46ae-a5c6-dc45c7072377	202	410	26	12	the
0210af60-2126-419a-bfcc-2dd46a8ad1fa	232	410	32	14	ship
afdc4723-6f43-4c4d-9c61-5558da6c34ef	232	410	32	14	,
386ede23-43ea-48cf-aa93-2ab29cc7486b	272	400	38	24	39
d3959e18-800d-4bcf-ab4c-a9758f959f90	272	400	38	24	-
c1918e8d-d614-4f9e-ae68-60c037a22724	272	400	38	24	6
e605750d-ff40-4988-a4b9-74e2e34d4294	272	400	38	24	;
3419166e-a0f8-431f-bbd7-b4d1abf0c233	314	408	44	12	butter
0ec2e379-2d77-401d-9a79-4d1ffab57a51	176	422	36	12	milk
26e73da4-194c-4992-84f3-f5d80f405d6e	210	422	32	12	and
73ce7ebf-b165-4a1e-889a-09d7a563f5ed	210	422	32	12	,
afbfbe2b-d6d3-4968-ac93-97c9a54cfd09	246	422	40	12	94
f585880d-219b-4cb1-9135-83cefa110242	246	422	40	12	-
2ee96723-7fb4-40da-9191-0bd213b45c7a	246	422	40	12	25
187c31d8-69bb-49a8-bf6a-d7bfc5183763	246	422	40	12	.
c0b2dc0d-3685-4740-b5f7-2f812fa2bab4	218	434	52	12	carried
69ec6cd9-8f25-4faa-992d-89659340aeb0	268	432	22	16	by
9ea605cf-f09a-4d49-a8f5-ee7c6cd6c9e4	292	432	68	16	Jaredites
2d741e4c-94a0-4dc6-a5b3-9ad02830b10a	292	432	68	16	,
396600d1-14e0-4290-99e1-f4ae31bf6b88	96	446	24	12	$
dea74a4f-e12c-4579-9a5d-01a5802f2e24	96	446	24	12	80
8a241d5e-44d2-4c0b-8102-87fd886d46b2	96	446	24	12	-
dbe92d3c-bdd9-4537-bfa3-f24b14334eb0	124	460	65	12	enjoined
c6cbd487-c900-47e4-a331-2edecd1e2c6a	124	460	65	12	,
7934f91c-31da-4ab1-b1d7-228d790542e0	190	460	51	12	213
772375a1-c16b-4bb5-b7df-bf9b4e7be7bc	190	460	51	12	-
8ca174d4-d986-4d78-adc6-ed116d492703	190	460	51	12	24
919118f8-e1cc-47e9-9597-80fd1c862976	190	460	51	12	,
38cf3bd1-f15f-44b3-ab26-3fdc972e1e54	242	460	47	12	515
9c141a73-ae12-4d0f-954d-8aee41ff180f	243	460	47	12	-
e2229746-a31e-422a-ab52-7c55170cec3a	242	460	47	12	41
11383c67-0fb0-4937-a703-eedfa6af415e	243	460	47	12	.
07d0c80e-94bc-489d-84b5-43d20ed3d3b3	104	486	36	24	1.21
7ee594ca-e426-43ef-be4d-64eeee081da8	104	486	36	24	,
5707b8fd-26fc-4665-9bed-3667bec0599c	143	486	42	24	241.9
50069b69-8c08-42dd-9651-ff85829380b2	143	486	42	24	,
3c5cc212-d467-400f-a81d-47c7e73e2ea2	188	486	42	24	241
b0252d35-020d-4e02-a98b-8d31399573c7	188	486	42	24	-
fc97b375-ef15-400b-a0ab-c9d9c138de0e	188	486	42	24	6
244566fc-c981-4c4a-837b-0be219bf239b	188	486	42	24	,
c88c81f2-167f-4d4a-83e6-06c4471f0534	233	486	18	24	by
f8f115ef-0577-464d-8b55-dd5f13f71347	254	486	69	24	Jaredites
8d4527b9-57ae-4154-af13-aa4ab2bb8151	254	486	69	24	,
3162bcd6-0065-4065-a278-44c49de3f0fe	326	486	30	24	494
b738607c-b30c-4e2e-a749-27b20038a432	326	486	30	24	:
90cd073d-ee2b-4205-9540-ef9dade31473	80	518	40	40	Han
3c07c91e-5d3f-4f70-aaaa-f6848c0b913c	125	518	25	40	to
0f5752d1-0064-4e8e-8f7f-2cbfc2efc369	155	518	50	40	merited
48d453ab-edd1-47ac-9b57-ba812879c2b4	210	518	35	40	book
141eb945-708c-4657-bc70-abaeb1340fa9	250	518	10	40	to
a99bcd16-04fa-40dc-86f5-3e93bfacb1ba	265	518	15	40	be
a587215a-603d-43ff-a597-4c3ed91a653d	285	518	30	40	Tead
98cdfb2d-a8c5-4ab4-a714-f10cb4bdb0dd	320	518	40	40	spoo
e77dd86b-2be9-4810-9919-7fada116265f	320	518	40	40	,
d3f4a9f8-5f0b-4435-bac5-bb5c6a5cf14f	418	416	20	16	Gor
369c3496-6095-4151-98bc-dedaaa5b2680	426	446	34	10	1arloi
2330abdc-d054-4e1b-b17a-a8a58b48f70d	424	458	22	12	me
9fd5339c-4c1a-4bc8-9af8-b4ff82bc2d85	448	458	15	12	of
454c938d-badc-4c75-aa83-7b334b580218	465	458	17	12	th
d7a18f8e-230d-4798-b21a-8382a76e043e	420	468	58	28	Prophet
3bebf9ea-4af0-45be-afee-1bc562a09b55	472	506	16	14	86
779e68b0-75b3-4563-9442-347c7b9aaecd	472	506	16	14	-
79776adb-2a27-40f6-a7a1-725082d9a8dc	380	518	22	16	of
725f728b-cd70-46c6-b2a0-6d039ba30dde	380	518	22	16	.
6eb8f97c-4a9f-4801-ab50-962edbce7c03	406	518	20	14	74
fb4b2988-7cc7-47c5-8a2c-bff374f40b07	432	518	20	16	to
9e79d81e-2c3d-4cc4-bf68-61af9b470292	454	516	28	18	89
598cb8c5-d5dc-48e7-9875-11bf34d7f67e	454	516	28	18	;
b6e766f4-3b9a-49f3-a394-5b56a6fab9d1	380	530	50	18	people
72c8cf4c-1f80-41e4-95c4-e8da6f3f3d75	380	544	24	14	of
5d552a61-de51-48be-b2ed-537f1611b84d	380	544	24	14	.
92504493-8685-4354-b1ea-95cd14f56b63	368	554	32	14	Isha
beb10ecd-c9f0-4c97-b385-ce84362bbf7d	406	544	40	10	473
d89706af-6389-40de-895e-3d4bcbc2a625	406	544	40	10	-
e4601cc5-2482-48e9-bf5d-7a55115a323a	406	544	40	10	23
89ed7519-b3a8-4ba9-93e5-189cf6cae7d1	458	554	44	16	family
9cbf96ec-6e7d-4e46-b2c3-f66eb0c69242	380	578	20	16	of
ea5be72c-adc7-4cc4-a81a-25451e3de4f8	380	590	44	16	daugh
fdd87e12-51bc-43e4-bafc-c3ab45e0eff2	420	564	21	42	1
a56b8ba5-29f4-436d-97b9-bf2ba3abad26	446	564	21	42	31
5ad992a3-5826-42cf-af1a-4e302dc326ba	473	564	19	42	3
40a81102-2276-4abf-af08-0cd6eeea7654	473	564	19	42	.
482d79d4-82d2-46af-bd10-1789651b5800	384	604	20	10	33
7ad800e5-ca2f-4406-9129-4e87856215c5	384	604	20	10	-
08ae7559-f3f8-4b5b-8b04-35ccade54d9b	434	630	29	12	land
a9131e47-71ba-426d-9523-1be4fde3d1de	464	630	18	12	of
6957660a-6cd4-4c65-91c5-393fa264b22e	464	630	18	12	.
b54c1487-172e-46e2-ab5f-818197174c32	380	640	22	18	20
efdc3ed5-a90f-475c-b95c-f978b54497a3	380	640	22	18	,
3693fa1e-23ac-4ce4-afd2-45b82b91376e	405	640	29	18	239
5547be73-36f8-4b5a-9757-1551cff799cf	405	640	29	18	-
60698cc0-0e27-4773-a0ca-fb09b7f7ce39	430	642	24	16	•
a49edc69-369a-4014-bcc5-f1abe4f4c200	430	642	24	16	21
a26aa2f5-c21d-49fb-9a59-fbd17193891d	430	642	24	16	;
30ea679c-91cd-4c53-98b7-b0e437b7392e	456	642	26	16	8у0
c52287aa-3b79-4a11-b0cd-af1ebe99a406	368	654	36	14	Isles
fd2105e4-b71d-4401-990a-115513e753e8	368	654	36	14	,
3a050136-f03f-434b-ba3c-6236a0f1de4e	408	654	16	14	ot
56475386-59b9-4a8f-8d3c-1d92d4c48ac8	425	654	30	14	sea
1012df25-5f8f-4bb5-9b02-08e209242baa	425	654	30	14	,
80e287d7-a53c-4e07-9e42-2487301c9da5	457	654	21	14	to
4192b06f-b8c7-44f5-9b63-015785ccd43d	622	420	28	16	God
2ddaa754-f3d5-4496-aa4f-6aad1ba2dc32	92	610	28	12	the
2a4fa70f-c7ea-4706-87f2-22f7f5c2c068	138	596	52	26	photel
72bb239d-d4ae-4633-bd0c-04e8db2a8da8	138	596	52	26	.
ea555e8b-f9a8-4d83-8be5-a0d5a2bfbd6d	193	596	39	26	863
5327a2b7-c91a-42a3-8d8e-448beecb60a6	235	596	13	26	3
9e589fb4-ae44-4481-9440-158539769e27	252	596	55	26	17.15
029fd2ba-8c08-46a4-ab91-2ffeb1fa51ed	310	596	46	26	Among
21c5e4d3-c34e-4f9e-acc9-8555e338427f	310	610	48	12	among
9c80e8c8-3467-4b85-bf0d-dfcd82f7a212	88	620	28	16	the
3723f597-bd7d-44af-83a2-f73798e3fe87	118	620	70	16	Jaredites
5ebd59fe-49d4-4575-9dc0-76f703cba7b4	118	620	70	16	.
da4b3cce-b243-47a3-802d-af65ccc3c505	188	619	54	17	508
cbce7f74-fdfc-4d79-92f3-6306140d96ed	188	619	54	17	-
3c763463-f294-427b-bf48-94d951e55725	188	619	54	17	16
c8852569-5b01-4e88-802b-d982be9442f7	188	619	54	17	,
f6797b60-dcc2-409e-8c62-27626f38bb30	82	634	66	14	Hawility
0fad66ec-dccc-4dee-a70b-cb745f89b3ac	82	634	66	14	,
c42ff185-3b8e-4f59-80b3-ab3c470ae0a6	150	634	66	14	enjoined
6093b015-15e9-4c3d-b1d8-ab3dcf87d11b	150	634	66	14	,
95863400-5535-4517-88ac-ad04dadb07e7	218	634	48	16	70.42
199b827a-d3c4-496c-af6f-9666d7d2b9b2	218	634	48	16	,
5811a0b7-9ebe-470a-9bdb-95763f1ad2d9	270	633	54	13	143
301c0b22-ae6c-478f-89cd-ad895e370ce0	270	633	54	13	-
5522de69-4df3-401b-a87a-203f632126b9	270	633	54	13	11
ed51bb76-6de9-4998-bc70-b6a4498abc9a	270	633	54	13	:
8e9390ff-428a-46f1-b3e1-4eaa2ac8ed34	92	646	24	12	ple
4b297956-6ba8-4f75-92a0-4e871b97522e	118	646	54	12	became
e328e838-ff39-4f76-83a0-8be966d13003	172	636	49	26	atong
fe5d4e6d-fe39-4c89-8929-b5f8f4b718ce	224	636	62	26	through
6fd11813-5b95-4c3f-996f-dcb9aabc1481	224	636	62	26	,
c457c131-4ac9-4e18-94fe-62a649a8ee48	289	636	26	26	366
616fc02a-1661-4e54-8b37-ec67975398c2	318	636	38	26	3p60
9c5f470b-501d-4bf6-9f7d-6544842777d9	318	636	38	26	-
e13a7db6-95ce-4519-99cb-935725b418cc	82	660	56	14	Hunger
a5157f19-8274-4e7f-985e-9316b63512b0	82	660	56	14	,
acfc88b3-d18b-42b9-aa1e-a2c95e2a2134	140	660	17	14	of
dcaa95fb-f390-4039-adc3-813c7e838a2f	159	660	26	14	the
c0016425-b6f4-4465-9391-d3e92edd0309	187	660	37	14	soul
db1ea0ac-9498-47c4-8b18-40dc5227bc2d	187	660	37	14	,
ac4286af-38a9-4087-a0aa-d3a4a783f9e6	225	660	44	14	125
28164b39-63d1-4784-aafa-db3a9fc5797f	225	660	44	14	-
91deab7d-d181-4716-adfd-a748c0677611	225	660	44	14	4
dce5a49f-d0d0-4d17-9f6e-b3f90f4c7065	225	660	44	14	,
226b78af-a631-41e3-a953-a6cfb3145e9b	271	660	45	14	424
3f81d6a1-7047-44a8-a439-885686121436	271	660	45	14	-
9b084057-e542-4147-9b88-c20820499b20	271	660	45	14	6
1299b60e-3965-4918-986e-a162ec68a535	271	660	45	14	;
372b4213-59f0-4bfc-a3ce-c68adbd68fd1	318	660	19	14	to
1d2cbafb-45cc-494e-94e7-c72adcb84017	339	660	17	14	be
f14cb215-5e1b-4a57-b159-e1fab4248c06	92	672	67	14	appeased
b2028ec5-e7e4-415a-b702-3ed0b7983db1	92	672	67	14	,
319016be-3eaa-43d2-840f-1641b4d4c526	160	672	44	14	439
6354f435-6c77-4500-83ef-8f3cb72ad4ff	160	672	44	14	-
0b24a3b8-f12b-46d4-be00-430dac8479b7	160	672	44	14	8
48b6f7c8-edea-4d03-83cc-465f6c17a2d0	160	672	44	14	.
7c164d19-26c4-4663-b40d-3b223f6948f0	88	700	60	26	254.28
06d48cfa-35e6-4625-abea-c086ce0de79f	88	700	60	26	;
792cbda6-24ee-4b9a-aee0-31218045da0a	134	694	4	34	:
fd24f4a4-780d-448d-b542-e740e324142f	143	694	81	34	Lamine
c43d91d4-6a94-4ee7-99a7-41e77ddd85b7	228	694	43	34	trait
f8bf592c-fdcb-4a4b-9b15-2a16e50fac26	228	694	43	34	.
548af19e-980b-447d-8283-ae937a5169c9	274	694	13	34	2
abffadd8-7f7f-4507-84b2-eb3862b18998	274	694	13	34	,
724710ae-6a03-4154-b45f-7d2a38eb4396	291	694	21	34	23
7ed4186a-830a-4493-8867-eae08f4407d7	291	694	21	34	,
1a16021f-f340-4cf5-9e95-225d95c1ae34	317	694	45	34	61
16008b4a-b25a-4577-8220-4df86dcb0d4e	317	694	45	34	-
c2b984fc-a1e3-47b1-9688-8e2c2b144471	317	694	45	34	24
eb132851-4994-481c-851e-7be0abcb737b	317	694	45	34	,
105b9519-1ec6-40c6-9376-c41adbb4e88f	78	722	63	18	Idolatry
7ae26e10-bbe3-4691-a926-4deb5c12e615	78	722	63	18	,
2086c392-9601-41d5-a0f3-8d6d0f1310e8	143	722	18	18	of
cb2f9e42-8928-4a47-96a5-cb01b0297e26	164	722	30	18	the
3dd213ff-7c97-428b-8761-9f797724574a	192	722	80	18	Lamanites
c6e5f544-f87d-4f83-9ceb-d1dcbbc3e2cf	192	722	80	18	,
8d7a99e3-1cd9-4505-b51a-6e4742911dd5	88	734	24	28	12
4ec06fb4-1177-4911-a2fc-a8448050595b	88	734	24	28	:
c8d46d64-7fb6-475e-b556-e633d5bdd851	116	734	49	28	202
8d295081-6864-42a6-a295-d57d64110cd7	168	734	24	28	the
ec1959b9-13e3-4650-aa6f-ce7e197c3b2d	196	734	70	28	Sephitert
1b3d47de-342c-46bf-900c-97736ea8e50f	276	724	50	10	126
6bbbdb87-c3b7-4059-9658-46c9e6bce654	276	724	50	10	-
31e72fa1-08e2-476a-b0b1-b6e2fd9741de	276	724	50	10	20
f64ed3ea-4121-4b56-82a2-10793753a17f	324	722	34	14	153
8dafdd60-34bc-4556-b1d8-c84d08ff95e1	324	722	34	14	-
6b243548-ab18-4283-bb50-6989eec853a1	184	748	38	16	Alma
1de57f88-51c1-433b-ab29-9f3be6f999aa	262	736	45	26	136
5b7098c2-9916-4de9-a277-e790ce244ed5	262	736	45	26	-
fe5a720e-7ad5-419b-beb8-87e6004eee08	262	736	45	26	6
65d25b6c-f3e1-4157-a265-5d2add2e3a38	262	736	45	26	,
622d41e1-5204-4a88-b7fa-457f38f4c1e6	311	736	47	26	71878
b81332d7-cae4-4ac3-a02e-6572cc3908e8	311	736	47	26	;
e28a5cd3-2387-40e2-bcbd-f52f2a3c4765	90	760	50	16	among
6f802482-8801-4c20-9cd6-eb8c6daed73e	142	760	28	16	the
4855ae17-949e-47ec-9c14-b8bf8d61c448	168	758	70	18	Jaredites
f502bdd2-6b7f-4195-be16-3d4879597a39	168	758	70	18	,
aa6837a9-7265-4d6d-80d1-5d79946270f6	232	750	55	26	190.23
e6099c11-f07f-4530-80b6-0a27e942c340	232	750	55	26	;
d96dfaad-c175-4dcc-b0d8-a8d63de6ccbe	290	750	23	26	see
4da26d7a-05f3-4fd2-b18f-16d66dca404d	316	750	40	26	lools
c6122c1d-4968-4989-a593-c2277b891abe	316	750	40	26	.
8e1984bf-8b12-4b27-9486-9c84fc7fa0e3	80	772	40	16	Idols
fb61d55a-0630-47d5-a4a8-dab268d627de	80	772	40	16	,
a58eca59-5ec2-4e07-9174-4429844743be	122	774	46	14	worshi
dfc279b5-f66c-499f-9e9e-3c1d2c244903	182	772	22	16	of
4f8fe308-64dc-4b89-8fdb-0a4060a2215e	182	772	22	16	.
4a590949-fbc0-4e38-9c73-56e0431244aa	204	774	88	14	condemned
4fa1ecf6-90ea-48a8-b24a-adb7b653b7c6	204	774	88	14	,
663114ce-25e2-4aa4-a12c-363e0ebdf3a3	288	774	47	14	69.37
3fd9bb0d-761c-4106-8734-159697e1d735	288	774	47	14	;
d65fe69b-79d1-464e-97e0-34327378d0ff	337	774	19	14	07
79522945-143e-4534-bdb5-1736b3567d18	90	812	20	14	by
0736e986-7ad2-41cd-87c3-2c29e827ac03	144	796	78	16	Zoramites
9c910d1a-4ebc-47c7-aecb-5761d91c1acb	144	796	78	16	,
426c3a62-7a8a-4020-b543-207573f6c8a0	166	786	52	26	amies
dc3840ff-f283-4fa7-9534-b34e3a5b15c7	166	786	52	26	.
0bba4dcc-dd17-45ae-92c5-aee782ebee2d	221	786	45	26	273
8cb3e12d-3432-4e4b-9a42-c2ec070bd370	221	786	45	26	-
55c76f09-12c6-46cf-9bd9-1efdee653b99	221	786	45	26	11
e74becc4-28b0-4635-bc61-d7be721d8875	244	786	80	13	Lamanites
c67a2b2e-69b1-4940-9aea-57418e94faf9	244	786	80	13	,
51895980-6da1-4581-97cb-e2f0f8b62a6e	326	784	28	14	238
7c65ae5d-c868-4107-a45d-9152b65027ec	326	784	28	14	.
50d564df-0d69-4d3b-8fc0-f630cc114e41	266	798	70	18	sacrifces
6e0e5215-bf89-4bb4-864b-799dc9878fc3	338	798	24	18	to
6480b25a-5518-4fb1-bc2d-f83a3eef15d2	338	798	24	18	.
71fb56e6-5a02-48e1-8fad-8ff5f2241771	116	810	18	14	La
5ed6a063-1636-478d-b776-fa71460c9c50	132	812	60	12	manites
f15c36ed-8ceb-40a8-bf45-e5a9b6d296e7	132	812	60	12	,
c51ce3e8-580f-42f4-81b7-a36fcfeff993	194	810	51	14	466
6efb04b2-c226-4de4-b51b-a602df8a54e5	194	810	51	14	-
b6b3dc35-da23-464e-873d-f770fe8dfdce	194	810	51	14	14
5d36b39d-e4e7-43e8-a795-4a4ce5d3e790	194	810	51	14	,
20411dc0-413d-492c-8087-3b6061cab666	246	810	50	14	467
2428a09d-d938-432b-86ed-9f3a24a94bed	246	810	50	14	-
2cc0b6c3-af83-408d-8498-81ba2f098ffe	246	810	50	14	21
b3f8870e-7bdb-4a20-846a-e39a887404ec	246	810	50	14	.
6d1c8946-7254-475e-a35c-004b142c9d6e	90	826	46	12	mages
ef0c413f-62d9-475f-849c-c2a3347fb749	90	826	46	12	,
0da5c9ff-1494-41b3-ae1d-27f6b21bd26f	138	826	54	12	graven
5fa7dd3b-2362-46e5-a16e-5a740c63daba	138	826	54	12	,
8a531b0e-c2d3-4a0a-8c99-5c03b1638efc	190	824	54	14	443
6fe737af-9d18-42aa-ad88-4df0f2624421	190	824	54	14	-
a787213c-4461-498d-b00b-4d335a617073	190	824	54	14	17
79f3b3a8-84fb-437a-9270-8a594a80a56f	190	824	54	14	.
c5022598-2206-4fc6-be81-4b35c79eab6c	114	838	43	12	asual
aeb29ebc-27d5-4eb2-a22e-f45dc73f2e85	114	838	43	12	,
6c62b914-b1cf-44cf-ad43-0c56f251ba93	159	838	13	12	a
a11a101e-37a1-45af-9318-6b5877a7e86f	174	838	36	12	title
bcb4ca4f-161a-42c2-a9f2-8de28456acec	212	838	18	12	of
3642a55c-c2fe-47ea-ba0c-32d59c9ba3f5	231	838	30	12	tbe
e3863335-d7f3-4716-80da-91eb00d5f1ce	263	838	51	12	Christ
a3ebf5a2-ddee-465b-a4e7-1d2edbfaea08	263	838	51	12	,
8d561c47-547f-4ee0-be9b-4eceee146c82	315	838	43	12	80
bf97f1aa-b05e-4709-8a50-e00440c2fdeb	315	838	43	12	-
258bb92c-d13d-4a1e-84d7-f1102ab51440	315	838	43	12	14
91436114-de86-450c-bfac-d26a12cdec3e	315	838	43	12	,
e4f170b3-81ba-441f-88fc-841dcfa1318e	90	850	36	14	81
3cbc2d59-5669-48d4-97d5-89f5a1efbdea	90	850	36	14	-
8388fb71-9cdb-476f-ba9b-ef5e79bbdfe0	90	850	36	14	8
a51c66f1-120a-4961-9206-2db86ed77d06	90	850	36	14	.
e0d129c2-a29e-4345-bb20-3c82736f0fb7	80	860	32	32	115
3ee66d30-8c81-4696-ab13-97924ba9cec3	80	860	32	32	,
333da721-b0c8-4891-af91-541cba16758f	116	859	56	33	121271
75a9953c-ded2-498c-9121-1b97a2c6d2d1	160	860	4	32	*
7bdbf722-c51e-4c96-bb78-6df6dd38ccba	168	860	44	32	5600
bc23f86e-b6dd-4440-a78c-4eaca6097eca	168	860	44	32	,
ed9fae36-78c5-436f-a510-85349f00f3c6	216	860	24	32	177
27900951-c567-4f35-a645-afb30150c50d	244	860	20	32	d
063cd6f5-d8ce-4ba3-a816-909cafe8066a	244	860	20	32	,
e2f5c33b-c52c-4d05-8857-dd01d3d8501c	268	860	48	32	nod
a5237c94-bd27-467e-91f9-79b46686ff67	268	860	48	32	,
a8ea6e1f-8fa9-4dde-885e-cee38f6beb30	320	860	12	32	as
14408412-fc34-453a-ae21-acce7fb959bf	336	860	26	32	27
b01d6ca6-e283-4225-82df-23e0b410c9cd	336	860	26	32	.
73320c9a-1422-4472-9ddd-8c48170a698b	368	714	42	18	larsel
3a514bd4-1279-49b2-a507-a839d60eeef4	426	718	35	10	юшве
016e3f52-4f71-4388-bea1-b44bf1d780cb	462	718	21	10	of
180e3135-ed40-4b63-a77c-84969f349ec8	462	718	21	10	,
a6700ed5-58b8-4a8b-b4c7-5992e1a419ed	485	718	29	10	Дис
5da578e4-1a2a-4167-a15c-4a2a49e854e0	380	728	46	16	16
5b712486-76f9-47a2-99a5-ffabe39b8cb2	380	728	46	16	-
cd4c7bc8-7f7a-4f53-8541-65bfa449cf7e	380	728	46	16	12
c9e68371-a764-4b83-9d1a-856018647a1a	380	728	46	16	;
86a7fb97-afda-4fe2-bb56-74202f4511c8	380	740	46	16	17
7d7fbf0b-2150-426d-b021-9cffb396fd75	380	740	46	16	-
1aaed84c-8282-46e7-a6ce-4080a1c2c30e	380	740	46	16	14
fef878f0-ae11-4495-8b83-8d7af399c02d	380	740	46	16	;
c958dc95-fe9c-42d0-afe5-d07f06e9351c	380	754	32	14	21
6564d3d9-bc66-44c5-9c1b-b7e3c170251f	380	754	32	14	-
8758b1e4-41ab-441e-8959-cde577a93ece	380	754	32	14	9
6378e6be-c7e0-4589-aa64-1a17c424f094	432	742	16	12	to
67a8a448-c914-412c-92fb-d3a640715e7a	428	754	34	12	6gbt
649cfee2-5a80-4af3-a04e-bdcdf7378e3f	380	764	58	16	Gentiles
a16fc306-9585-45ad-8924-688b448819cd	440	766	18	14	to
669e214a-4952-48ec-ac8a-e60a0fe23b55	382	778	70	12	covenants
fe1ed7ad-037a-4fc4-b968-2d54d61b6820	380	790	30	14	God
af585223-2500-4ba7-9a89-c5dacca96f56	456	778	18	12	of
aa2dc2dc-94ac-4b1a-8be4-9e1ba6a3fe5e	462	766	20	22	bc
fb3d2b65-5290-4332-93f6-e6e6b702fc91	462	766	20	22	,
65bc5498-8bd7-487d-bfdd-3f507d618e84	412	792	20	10	to
cb932b08-88ac-4d6b-995c-4489d70a8887	434	792	70	12	commence
ba2637fb-1c04-46ba-876d-64275144c1f1	394	802	34	16	biss
c2fb8b62-e192-46de-98dc-ecd0a29be840	426	802	34	14	and
513cef35-f402-452c-9c79-ea74727e266c	464	804	52	12	by
033d8c67-8101-4c42-8872-eac9b69227ae	464	804	52	12	-
a8cdb433-6f02-412d-9af3-a42032f2a2bb	464	804	52	12	wor
ea00b5f3-2dbd-43dd-93a7-70203d7a5743	384	814	48	12	branch
f7ad68e6-2023-46d6-a7e4-96fec9e2034c	436	814	22	16	to
7ac7edf2-7c9f-4562-abdf-f6359574fed5	486	814	42	14	raised
03767029-7be5-4389-92e8-fcb558ebf328	570	816	32	12	anto
49e58deb-2e00-483d-9f50-5c25e73bda19	378	826	18	28	to
03d520a2-1c35-4660-ae27-38ddc8e8fde6	399	826	14	28	be
747c61d0-9c2f-4b1e-8fba-52ba6e79b9f9	416	826	60	28	restored
83000330-fa7e-4082-9990-a1c3ac06af43	479	826	41	28	Lo
74b1ff64-2825-4ad9-9f34-e83f4f34f8b8	380	840	44	14	words
390cb1ba-8349-4a14-98ba-1c95179c372c	528	828	42	12	tribes
60206b6f-1f70-49f5-b233-fac197b5b050	572	828	21	12	of
34415b2b-73cc-4c2b-84d2-41becf429df9	572	828	21	12	.
120892ec-0f2a-42c2-a2b1-a1192a0086cf	594	828	14	12	co
7858d3f0-3c85-4ced-9bce-5de1e4a1ef8b	456	838	28	16	the
fa5e2ce0-93f4-4de9-ae80-328df4d422d8	494	838	36	16	Lord
695e7fb0-5d3d-4fe9-9764-485c76192bb6	494	838	36	16	,
40b9c1f1-109f-4134-8b97-ca756cb4c0fb	542	838	56	18	101
479c6765-80c3-4db3-9b32-71f1c455f8f4	542	838	56	18	-
ab5bc600-3e0d-48b1-ac31-9f99f5877736	542	838	56	18	13
f75671fc-da95-4639-8cda-f290444ba960	542	838	56	18	;
72856e11-1dbc-4de4-a38d-87290a446a79	606	838	40	16	Christ
56cac7c0-3414-4002-a072-2fe32c2db314	380	852	52	16	speaks
a3a13594-449d-468b-afbc-cbda4dd66067	458	850	48	20	419
674f0ce6-ce33-47f6-b9c1-3d7dc6b755e8	458	850	47	20	-
100b1bb9-5b80-4252-bac1-c9596234e817	458	850	47	20	5
b4a6fd84-f82e-4061-a01f-e1da090078ac	458	850	47	20	;
9a321b92-b4a9-473e-a3a0-ede1e2c4472b	508	850	48	20	Christ
4d05b125-0bf4-4e25-8cc4-4dd1bba61bc5	558	850	34	20	goes
f8f36c99-57f6-4c73-aac3-8a3ba994b26c	598	852	18	14	to
0c2b93d9-a4fc-4195-9135-e2f87a4cc48d	382	864	44	12	tribes
4f64a8a7-d844-4cc0-8984-f514e74b5043	427	864	19	12	of
b0794f90-109e-41e5-93c7-99aa75842cb5	427	864	19	12	,
c70b7acd-1648-47e3-8cd7-18bc0c7dd48e	448	864	42	16	432
b3a7a1b4-0d77-4b24-bfb7-d527f0f01fce	448	864	42	16	-
62ecd73c-77fc-4268-8712-693dc711ad32	448	864	42	16	4
bdc2935f-d6ea-47d9-98ea-152ec5fbc449	448	864	42	16	.
935fb23d-2ca0-4ef2-8cb6-292612b23e78	624	852	24	12	lost
3dc4793a-fa45-4286-926d-7bd85cd7a0e1	406	878	36	12	Done
055530dd-4a3a-4cb1-a927-3954192fadb9	444	878	30	12	left
a4047d56-63de-4ee9-ba4c-7f89a4ce3be3	444	878	30	12	,
b2767b42-935b-4118-bcff-4dbced5c81f9	475	878	51	12	457
f62ea2a6-45a9-4c90-abbc-fb7407ceb8a7	475	878	51	12	-
c3294671-b98a-4999-a0ce-da8ced4bbfd6	475	878	51	12	17
37921b6e-f8fd-4a7c-87e0-672a66fec2af	475	878	51	12	.
