ID	X	Y	Width	Height	Text
793f5292-83e4-479c-bb2a-469e6aa65302	300	66	64	16	INDEX
132a28cc-f2eb-4325-b00b-c9479ed8eb5f	64	94	44	14	266
9ee94a73-717b-4428-bd78-f0d1a46ae2c2	64	94	44	14	-
972afd78-230d-4adc-9dbc-f9b0e79ff629	64	94	44	14	1
089cd8de-41b2-47e2-8a7e-63f134576e07	64	94	44	14	;
9f977b48-275f-41ba-b949-8167825c06d0	59	97	36	28	fight
5be3c616-2c72-4145-9604-d5812861f109	96	95	36	27	with
870c6749-d2d8-4d70-98e6-2738724f09bc	133	92	48	29	proach
3cb3219e-b44c-4c12-bbf7-79bbad06f2d4	188	94	86	14	Ammonibab
28a57428-3f67-4be2-ae98-e96971d75274	188	94	86	14	,
943722bf-a5ba-4b26-97c6-b37b9521818f	284	94	46	16	318
18ce8d7c-b6df-4bc0-a8c8-e0df57900ae5	284	94	46	16	-
7d13ee1c-ad69-4ae8-944b-74e7505d24ca	284	94	46	16	1
c42341aa-6433-4330-be04-1d6656f8b920	284	94	46	16	:
8a65aaf0-d06b-42e1-8fb5-5efcb934ad0b	134	106	52	16	stones
556ff5da-3393-4db2-bb29-d1fca0a12645	134	106	52	16	,
68c8df82-099a-4356-89b7-8e046ec8bed6	188	106	48	16	318
55ce672a-c448-47d5-b26d-0fa6237faa2c	188	106	48	16	-
fe8a22a6-be19-4cc8-9a23-2240da73cec2	188	106	48	16	2
f07669b4-49ae-4cb8-a9a8-2b7355e51dfa	188	106	48	16	;
46d61922-2fcd-4ced-9ef2-0ad9fca1a29b	64	120	56	14	Nephite
7b5bf198-bf3a-4357-9280-d244e707852b	122	120	92	14	fortiacations
36ced9f6-1898-43c9-aa18-bc9a63e0bd80	122	120	92	14	,
f5f7b6dd-ff64-4f3a-8cc7-317a6c1cba66	234	106	77	14	astonished
9607e73f-e411-478a-9c4c-f7db858af8d2	313	106	17	14	at
b4dce0ab-5f78-454e-b385-599e49d0be28	60	130	26	16	for
e2dcb72b-47d0-4fa2-8ff0-7dbd9d028fff	128	130	40	16	318
0fd0d4d0-54b3-4486-a050-801985fac3c7	128	130	40	16	-
442a496b-a546-4463-8a9d-c79ae239450d	128	130	40	16	6
d742c1bb-68f7-433e-aabe-f35564ad23c2	62	144	52	14	319
1b8f4b18-c211-4f34-ba2d-cc43c8dd29bf	62	144	52	14	-
43e83c0b-d88e-47c8-9884-66ac5fa4204e	62	144	52	14	15
aa8729e4-1661-4926-81c1-b0c9addab72d	62	144	52	14	,
770c0421-1283-4cdc-8f5f-2a1e60d5e5a5	218	120	9	24	3
81dcdfac-5db9-48da-bfce-c830f95b745e	230	120	27	24	city
05541d32-d4a9-4f15-9f3c-7e5b6ea6c1ca	260	120	66	24	preponn
a3f0e230-d2a6-4c61-8e54-ee3ebcf63071	110	142	54	16	320
df06b5c1-91fe-4016-bb9e-d63711e3888e	110	142	54	16	-
f6f1916b-7af0-4d99-b42f-d51a55e7c7f9	110	142	54	16	21
e178f899-9727-44d5-b8c6-5e03f5298aca	110	142	54	16	;
8ea10017-7100-4222-adca-9f8f769f19b1	166	142	62	16	defeated
376fbd9e-dc43-48c4-8ef6-b2a4a9a3e8c7	166	142	62	16	,
6f0872cb-f498-4947-8a93-03562d2c6ec1	182	132	45	26	Teased
25e81956-aa41-4c45-8cd8-5fadabc15d8c	182	132	45	26	,
8aac05cc-54f9-4e96-a6db-8883f0d0b5fd	231	132	49	26	32025
0b774293-c438-46e9-bdd4-d4707e40880f	231	132	49	26	;
cdf92f0a-f31b-486c-b54d-dc5b925352bb	283	132	45	26	driven
726316d9-32b0-4c8a-8cb6-8d9d0f943309	62	156	20	14	by
9452e95c-9a1b-4199-9861-8cc9a9a2d1c8	92	156	60	12	Moroni's
a6cfab1e-1c79-4458-8140-36d5f70f8772	206	156	46	14	321
ea711ed6-7dc5-4706-94e0-fbe9362889ac	206	156	46	14	-
8ac8904f-dc21-4b72-ba1b-e6037da1287e	206	156	46	14	7
2ad62382-4422-4689-9bd9-e4ec55e1ce3a	206	156	46	14	;
dbd9cc1c-ed3b-4367-97bb-83f50d5e0146	62	168	64	14	captured
16d7281e-83e3-45e0-9e30-2d527bb56f21	126	158	39	26	citica
96247def-4e28-4ea6-abbe-f421f8e60c8b	168	158	29	26	and
931cd034-ba1b-445c-813e-7c19b01ed2e7	201	158	95	26	fortifications
c50a89bc-20d6-42ce-b8f4-99f7977608ac	201	158	95	26	,
8c3a1aa8-ad7f-4db4-aec4-ac947e41327f	258	158	50	12	retreat
afd3e7d2-d6f7-4e80-bcb1-c217481f8415	312	158	18	14	to
32f9fdca-8c15-4c26-8c1c-d5758593164c	298	168	30	16	327
16a1fa0b-7795-4ceb-a467-6a1baa104a0f	298	168	30	16	-
a4bdc175-02fb-4539-8b3e-5df2464c946b	62	182	24	12	2
ff07c12f-510f-40ae-8720-203c2978a171	62	182	24	12	:
34cb1d44-3b2c-4419-bdda-2f16a0235323	86	182	22	12	by
98e8a977-6a3f-4abc-ad34-437a5cde3269	114	182	32	12	west
41f501f0-eb01-455e-9d9a-099e438956ab	62	193	70	14	Teancum
bf01fa4e-bdab-4806-8cc0-208f810d2720	62	193	70	14	,
dcc97f4c-9b1d-4735-8604-f76b0df46ad6	140	177	44	33	329
45bb277a-35e8-4684-93c5-458b41d110c2	140	177	44	33	%
f7299f47-8845-431f-987c-c8e2ee1280f6	188	178	82	33	deede
07fb4222-a9f6-4e8c-a517-f28e7a7a1bf9	244	180	60	16	decoyed
ed473ea7-3f5c-4563-ab7a-72f97c26c393	278	180	52	28	930
8d20732d-e03c-44b9-8712-bef0a682c636	278	180	52	28	-
7fc5c911-ce66-42dc-8718-ac7eeb5b39d0	278	180	52	28	3
be9f0207-5a6a-4ede-8a33-ea69f15cdfd6	278	180	52	28	.
adf825be-d085-4472-9ef2-929f49f7e1cb	60	206	17	28	1
8253506b-b2ca-4765-87d2-ebb502da481b	60	206	17	28	.
4319cae3-cb1d-4bad-9135-1976a6571d63	81	206	35	28	top
ed277592-47c5-479c-b8a9-888b195a49dc	119	206	52	28	wen
9136edde-3a4c-4717-961f-0f0a7a73de56	175	206	28	28	d
12f1425e-7166-4bac-b9f7-a17f9bf3b4e4	207	206	59	28	children
c057a552-888d-4d64-b7aa-1ce32ffad025	270	206	24	28	of
c049e6ad-e87d-47dc-9f9d-aab9198c79fb	298	206	32	28	pris
dd22cf3f-254e-4227-aae7-05f1a0c0efab	298	206	32	28	.
73f17613-b8a0-48af-bfb3-beb79586af6c	124	218	49	12	women
5837b9e7-7cba-4285-9fc0-72b5e2a9a814	175	218	32	12	and
5ce4b26c-df32-47eb-921f-241619f2b22d	208	218	62	12	children
a2bcf26b-2d74-4a99-8495-cbfb2bf8c434	271	218	19	12	as
effed886-afd2-4191-8b52-d80d02cee3f8	64	258	64	10	рпводега
a2642a47-f990-4465-8065-30bc2e347dde	112	266	68	18	Nephites
9d5b27e5-0145-4438-9e7e-1a87f7281dee	112	266	68	18	,
71f0e197-9d63-42f9-bd37-67184d53dba4	164	256	16	26	,
ab47e02e-29ab-4ede-b648-07cc9925fbae	183	256	52	26	399
8218812b-9162-402d-b8d6-60beec7784bc	183	256	52	26	-
3a51b776-87d7-4015-a23b-99b67191b288	183	256	52	26	24
44a629fd-858e-4e4c-bc50-b6948d182098	183	256	52	26	;
99011434-60af-43ca-bfda-ce1520b8fcbe	239	256	37	26	1036
94c648e7-944f-47d0-ae9d-7289f5924dc0	64	278	47	28	348.51
b3d2fe1a-4fbc-4e76-90de-a7e418294a4c	64	278	47	28	,
1659f51a-d5d2-4289-855f-bffb520e4616	112	276	50	28	345
0d0de294-4bf0-4eba-9789-19b7bed74b26	112	276	50	28	-
c9888289-619e-435d-8fc4-38fa931eb4f8	112	276	50	28	28
ed3c31ab-a1dc-4653-a240-b1d42333c14e	112	276	50	28	;
c084268e-4b50-4471-a655-ac5b984eada2	164	273	43	28	attack
32d6d90b-04fc-49eb-9d30-d5499b055759	210	272	30	27	city
12883b87-1b61-4769-b35a-4b551883b194	242	271	14	27	of
acf99deb-5881-46d9-854f-a9ea1dcf179f	258	268	68	29	Nephihan
a592188a-2784-43e8-803f-6b64e1a5d68d	258	268	68	29	,
91edfae3-56e8-4598-b7e0-2befc76e3b44	64	292	42	24	Pabor
db568508-9549-460f-a6c1-b9d33d75efa2	109	292	45	24	ma35
b977c40f-f3ae-4e16-a6ec-323ec416f95b	157	292	67	24	capturive
523b860a-6113-42db-a6eb-661dfd72b097	245	288	54	22	Moroni
94d5a5ec-f464-4502-97ee-aad5fd20fbc5	236	304	38	16	back
89e68bba-d902-49db-89b1-16f13153e0cc	64	304	42	28	For
37250fc0-f701-4be5-9a5d-57633cb664bb	109	304	49	28	39
c0e951ec-6638-40b7-b45e-3c26207525f7	109	304	49	28	-
22475445-96ab-4d17-b5a8-c3c0f1f18e57	109	304	49	28	15
73225f73-22f4-4de8-8b6b-44b86b209166	109	304	49	28	;
6fa94689-a037-42c8-9f4d-a9bd25369544	162	304	52	28	capture
05f281aa-5e61-43ac-a287-d0918e8168da	218	304	17	28	za
e4772b58-080f-4108-b0d8-cb49031afe37	239	304	35	28	ranen
2c74cef3-723d-4cb5-bf50-4314a6ce4edc	277	304	17	28	to
3c01a856-4049-4269-aac8-71dbaf303e80	62	330	35	28	1
d2ec4153-fd49-42cd-9eab-2a24ceafa8ca	62	330	35	28	.
761e2ebc-0d85-4090-86ff-82f4cf6a7439	100	330	58	28	370.9
f36ab4d5-48cf-412d-ba5e-6d3e256c5908	100	330	58	28	,
8d4f0b68-b49e-4f70-a79f-6310d0ef3c67	234	330	34	12	sOns
e51d3994-0152-42f9-bb03-3c776d78bb76	300	318	28	12	361
931cf40d-2acc-46db-abbf-c782b2d8b655	300	318	28	12	-
69a6575e-112b-430a-a26a-8d53ab5d7cc1	286	326	44	18	Hela
8ea56a10-3fb7-4fc7-af45-65ab0714ef45	286	326	44	18	-
124bf556-e905-4e0d-aa16-e150ca529da2	64	342	36	12	man
e4475e1b-87c3-4d9f-baf1-315d9537eb9e	64	342	36	12	,
8411435f-f418-47cd-856b-bd60584fa7c7	162	342	54	14	372
29759dfa-b817-44da-b297-08a09ce97b2d	162	342	54	14	-
fdaf19be-39f5-46ca-9be2-9dcb6ebe8dc5	162	342	54	14	50
c044bf50-aa34-4742-af43-9398b727b844	162	342	54	14	;
b42f21bc-5766-49b6-9d99-e834402b158d	218	342	42	14	yield
3c8d1c76-1851-469d-a988-922cb594441f	290	341	40	13	lands
2ae59dec-fb35-42f1-8478-5a75c409142f	290	341	40	13	,
b75abcc0-de73-4c58-8770-7f500ed8faaf	120	354	42	14	many
67d7e9d9-0b85-4a46-83a3-ecc362ca6e55	164	354	56	14	became
9ea73285-6576-4b50-b3e4-1a25ed22c3a7	221	354	39	14	more
d11ab082-c437-4f1c-9bda-b294d7dcc516	260	344	70	26	righteous
0cf446f5-97f5-4cc2-8fd5-0ba9e070716a	176	366	42	16	372
00dfde03-a343-4859-be9b-958bebdc9566	176	366	42	16	-
63c3eac6-2574-4f88-ab9c-259c11a513ff	176	366	42	16	1
1ccbbdfc-67d5-4940-a7dc-e35a74ee8e1b	176	366	42	16	,
bcbb9c1d-b4e0-46ac-9cba-23b984c781b9	222	366	60	16	375
23a9a864-1511-4f03-90e0-d70c941e436f	222	366	60	16	-
c4adbfd3-2a4b-489f-a56b-57086405efc8	222	366	60	16	36
8df163f4-7424-4621-af83-bf82eae6fa54	222	366	60	16	;
fa7470c2-e84a-44cc-a526-8d80b5fab852	62	390	60	29	402
b85a5717-ad82-4aac-82e8-0bc1507a1366	62	390	60	29	-
97bdfce4-9c45-4695-9cad-e5b69d7ba1df	62	390	60	29	hen
b292cfa4-f4e6-4d2f-a808-f2b32e0ba241	125	389	39	28	come
c1655767-ac03-45d8-98fd-214a85c5e7ac	125	389	39	28	.
02637417-4faa-41c0-b835-fecccec9781d	206	389	58	15	relieved
4624a812-e8ea-4460-84de-26d576caaca3	265	390	23	14	of
567cf106-df2c-42c0-a779-b4fec9850731	198	402	74	18	abolished
c28a9d92-0623-4a73-83ab-0e77788d4ade	198	402	74	18	,
466665a8-dc1f-402e-b6e1-35faeafba2ed	64	418	40	12	name
1db65021-1c3c-45d3-befb-b6f0c4a23415	278	392	54	26	457.15
97741e4a-9623-4883-8321-d5da402a6a72	278	392	54	26	;
2b9b7b2a-6671-4524-af94-e538162fb9ca	116	416	56	14	revived
885fb1fe-667d-445b-967c-f896ada49863	116	416	56	14	,
32ac11ab-88e1-4fd6-98f7-b964dfa839fe	186	414	54	16	457
707729cb-11f3-4044-a3b2-bc16872db7fb	186	414	54	16	-
42b7fd4b-7f48-461c-b835-9c138c04b7f4	186	414	54	16	20
e00d023e-f59a-43e7-96a6-750253314c27	186	414	54	16	;
52b32836-1105-4c3a-88d1-7b7965800a41	252	416	78	12	unbelievers
6aff5c0c-4956-49e6-afc9-b00011077d77	66	428	43	12	called
0af608f3-23b1-4489-9fc0-f5b47818768a	66	428	43	12	,
667f93a6-0326-417e-bcf4-b0363b083387	111	428	56	12	459
59bc5fca-fe07-4f8e-b77a-fd273c746d17	111	428	56	12	-
e30af6f5-ef71-415f-82c6-f01f3994dc04	111	428	56	12	38
0a7d3c32-3570-4fe5-9043-5f2927a8e85c	111	428	56	12	;
33a11d44-ce87-4484-8ad6-81e913ac5dd2	168	428	50	12	taught
ce6dd856-2ade-4a17-b485-5566e47354d9	219	428	20	12	to
237b419b-0756-401a-9c53-f435c0c4a74c	240	428	37	12	hate
9fa5c8b0-6218-423f-b012-253572762ead	240	428	37	12	,
1d4ae0d4-e5a9-4419-a157-679a1b5b7f65	279	428	51	12	459
c49854c0-9f86-495b-919f-b173f63f5907	279	428	51	12	-
44fd2834-b096-4e12-b77d-d0c421b8372a	279	428	51	12	39
6aaa5579-e668-49eb-9efd-b161c3097323	279	428	51	12	;
43f017b3-f674-4c5f-8fbb-51a9e3eb1577	116	440	58	12	destroy
2a423473-abee-4ea3-b5ec-9f9bc176d698	172	440	63	12	Nephite
4b87c953-6012-4e6e-9db5-afcdc0d7af10	237	440	49	12	nation
cf9d4dbb-e68c-4e0f-88d0-bf09f3fbb398	237	440	49	12	,
2d6f6668-9ca7-40f5-8f4d-1c1db36cace8	287	440	38	12	470
46dc3395-4e74-479e-9ead-6e2aa6e9a314	288	440	38	12	-
f75de4f9-d1f7-4ef3-8327-cf93193b1899	288	440	38	12	7
d2bab3cc-40d0-4404-a5bc-33d3936bfdb4	66	466	50	14	вовре
042d379f-985e-4f2b-950a-48dec99a3d02	66	466	50	14	!
95a3271f-8fa5-4bd7-bfd3-ff09a320f915	178	456	50	10	амолья
7a940c3d-26ec-44b3-929d-cde3ec13aa89	234	451	48	15	472
6c573dd3-888b-47f6-ba0f-9435d36f81b4	234	451	48	15	-
a85cdd2a-e033-4e15-9b52-85021227154f	234	451	48	15	8
317f53f7-9cf3-4fcd-8a78-b85f03ef6ead	234	451	48	15	;
c17f9460-c3d0-4e04-bf4a-ca26698928d5	290	454	42	12	reject
f3993798-f688-40d0-a48f-07a85a215288	136	464	52	16	Christ
5bfacb5e-2471-451e-bfbf-cc02bde10c49	136	464	52	16	,
e3c0ac28-3869-4446-b6a1-767175aaefbd	52	488	46	16	Lamb
c72a1b17-d138-4198-9dad-1496ada34331	68	478	27	24	ab
b68fb4c4-d7ab-4a32-9149-ce40f4f66558	98	478	15	24	of
9f455672-e833-4757-bb8f-f7d63a546c0a	116	478	28	24	God
ea01f986-3360-4c33-b279-aa4140ebf7fc	194	464	47	14	485
992ba044-c13a-4c8a-a4fc-34f43823873e	194	464	47	14	-
e8ab83fd-0ce1-4c02-86eb-c506f957299a	194	464	47	14	3
b4e7bbd2-2b88-4ad5-b60e-4f789a80f12e	194	464	47	14	;
2c70d12d-a7a8-455f-bbd9-9ec83e8afb87	243	464	45	14	secret
2bd2e976-3520-42ea-b7eb-f13e1e8cbb29	294	466	38	12	com
2d5addfb-f30f-4863-8c8e-7ebec3741b67	294	466	38	12	-
225e8b17-3100-4450-946f-e251b505dbb9	140	480	38	20	see
3e600893-e63f-4f86-ae30-31b788d4c0a9	180	480	44	20	Chris
499ab286-c609-4d40-a14d-aad75d78d235	188	476	52	15	492
40c80ea0-684a-43a7-af30-33fcc4281e5e	188	476	52	15	-
2d63f07b-8e5a-471f-9235-1b2b0566561c	188	476	52	15	20
913ecca7-c538-46b8-a40c-717a7ca37970	188	476	52	15	.
eb34f1a4-c233-47f3-9a19-f02db5e86b90	152	492	26	10	вес
3c1ef838-6ff6-4a44-9472-882caa495dd2	100	502	18	12	to
5184946a-713c-4e1a-958d-362255819bf1	120	502	39	12	dwell
dce9e268-55c2-4a0b-a05f-86957ccfedc9	160	502	38	12	with
66d5ff43-82f2-4104-a211-925a5c710d15	230	501	52	14	103
b8d43dec-12df-4ffc-bd74-8147127ba69a	230	501	52	14	-
57ac0f34-ffe4-4e81-93dd-0f2a265fb695	230	501	52	14	12
a58f90ae-d9f3-47c3-8365-87957d6491f4	230	501	52	14	.
818848d1-7a18-44f1-9ec5-69cacb00bc95	54	514	78	12	Lamb
1ae07f51-eecb-4194-8925-8ea60cf3ef31	54	514	78	12	-
e05463dc-02f6-456e-b7c1-8f942043a11f	54	514	78	12	akin
9451d74d-f08c-4eac-a854-5a28cd53d286	54	514	78	12	,
0c7c557a-3f7d-4af7-9819-efd7bb2ce030	133	514	41	12	worn
9ac93e7b-cf21-4545-8997-4e5c1eae4a11	175	514	21	12	by
7091c19a-f247-424a-974d-fdf628624cca	198	514	74	12	Gadianton
5743a82a-8755-4d4b-b3d1-da2ba896eb9f	273	514	57	12	robbers
9315ce63-39cc-452f-8348-cfa781db3d81	273	514	57	12	,
b5f4bd06-1d99-4188-8eeb-ea9ff0d969b7	62	524	40	18	406
b36ced8e-d458-4523-a021-c2ce6b126a60	62	524	40	18	-
2562ee75-ab0b-4c1a-8d3e-20ff67220f0a	62	524	40	18	7
a7a42848-d231-4c52-8f9b-c8b6fc608ef2	54	538	90	14	Lamentation
a9a63afa-43fb-4106-b9e9-5c2b8d8041f4	54	538	90	14	,
50a1a2b8-c663-4d94-89a4-379f619b694d	150	538	56	16	among
1ad64d2b-3d37-447f-abab-ec33ef22b54b	208	538	50	16	people
196798f4-e9e1-41e5-bd41-66872112397d	208	538	50	16	.
8008b867-c780-4fb0-8029-59bedd1bd62f	256	538	23	18	of
72cfb8e7-320e-42e5-8245-d126f4ecc1f5	281	538	51	18	Limhi
d8ec112c-f5b9-48b3-a904-526d0baaa02d	281	538	51	18	,
9c27a969-8ad3-44b6-b029-07a361bd0c7c	64	568	44	22	Nephi
d5a19134-ea64-4639-8a2f-87e765108305	64	568	44	22	,
fe0d4aee-ef75-4a32-b393-4d7b15ee5466	98	588	28	10	162
8d55e6f0-93a8-454e-a2db-5b569e579c40	98	588	28	10	-
c62ca336-73ab-41e6-967c-f3127a91eadf	98	588	28	10	1
915c487f-eb20-4ec8-8a0c-e345f0112bc6	178	574	68	16	Heleman
b4b31147-063f-4ae2-b302-8664f6cfb4b7	178	574	68	16	,
65e8ff86-dd11-4d41-8c32-b5966f3ba49e	150	588	62	14	Jaredite
017dd9d0-f4f7-4f2d-a819-05e63fd511d1	150	588	62	14	,
10171524-9384-4b81-86e4-9d290ea2b12a	212	586	50	18	508
292da95c-2b08-4a1b-816e-a93dfcf6d02a	212	586	50	18	-
9b2854ea-e3be-45f5-8254-e923e0188fb0	212	586	50	18	16
a217bc4b-dd1a-4c95-b7cc-a2b5bc0faedc	212	586	50	18	,
cd016ba7-a3f6-45f3-b299-3f8a8554a823	148	602	36	10	over
564da05b-a6c3-445b-9b25-e83713d1bb33	184	600	32	16	land
860302d4-6872-4602-85c5-eee5cf63f20f	218	600	16	16	of
479c83f3-e404-415d-a63e-7e03449fd7e7	236	600	62	16	Ishmaci
df630f21-9ef3-4c23-99f4-bf6de9dc23cc	236	600	62	16	,
f4d49578-6d01-42c7-bbaa-fb6335ef8ebb	300	600	30	16	239
7e20485e-6bee-44f7-85df-aa133da59ad2	300	600	30	16	-
1530885b-9946-4368-b1c9-619b37fca9c4	192	612	49	14	239
dbc30700-19f7-44c8-8502-cf3c2a3e2fb1	192	612	49	14	-
6812c692-53b1-4752-b167-f1c233301962	192	612	49	14	28
fd516dc3-477a-48d6-84bc-89ac5d2ba08d	192	612	49	14	,
ab34f4a2-a910-46bd-9f77-5b0edd21eb5d	242	612	44	13	241
cc7e76c8-d644-4ee6-aa2f-3b6b5270122f	242	612	44	13	-
9d4168e5-e877-4b28-addc-398ddc5fa6d2	242	612	44	13	4
14bb2bfb-4b50-4b2a-a365-a2cbc6314545	242	612	44	13	;
ecad09fa-d91a-44fa-bcf9-5db84032f75b	288	612	42	14	meets
a34b2076-d963-4aae-b4c0-0734b72632f2	184	626	66	15	supposen
6d62d7fd-475e-4a95-93a8-3b5e57ad13a4	254	624	54	14	Ammon
b261ee2a-6670-4dc3-b0d3-6580642841f2	116	634	42	18	Great
b832982a-be36-4e87-ab32-d4275e407e76	160	635	46	31	Saint
7fc1e1be-1a14-4388-ad18-7a313609222b	208	633	50	31	dead
3338b6b5-50a1-4039-84cd-818625ab653b	208	633	50	31	,
8732c6d0-bfd3-4c15-a428-ddcfe10bed4f	261	632	52	31	8497r
8d77a886-4227-4982-b63a-8d5002628843	312	626	20	14	to
a6def0ce-3951-4277-abd7-24d0977a5093	64	662	44	14	vives
61f06a4d-a748-4add-87a0-8c13012aa81b	64	662	44	14	,
48cebcff-bb40-46f4-8dd7-fd27a9d05d12	142	660	62	16	testifies
46d2fd8c-7fb8-4bb0-a6f4-1bf94372c334	206	660	18	16	of
7b280526-6481-4783-9766-eaf3eccc1942	226	660	52	16	Christ
18259634-de46-4994-971f-407908058ec5	226	660	52	16	,
d8c96b21-11cb-4cd9-bf2b-5a39d4f59304	66	676	69	10	overcome
0d2a2e12-7476-4f1a-b879-2d292a7c62e6	136	676	20	10	by
3d5b0b73-64a4-4774-8ad4-33b1c59ea6fa	158	676	30	16	107
87338812-c285-4377-a620-8c0fb923e5ed	280	662	52	14	244
5c50f3c4-074b-40cb-8858-c163c9572d36	280	662	52	14	-
22a1c58c-fcc2-4613-b32d-f9fcb9e7c872	280	662	52	14	12
8ad62ab5-86e9-48bf-ba20-e4064faf57d9	280	662	52	14	:
139064b9-0807-4557-a48a-c8c11537e5de	194	676	45	12	queen
9ace9cc0-f578-4eb3-9794-d95fbce67a20	241	676	40	12	also
127d7fc6-d749-41c1-a7a0-714daced708c	241	676	40	12	,
f89c1194-2679-4c0f-851c-6693f0b6edc2	62	685	72	17	multitude
1730610d-a91e-46b4-ad13-bbfc7ac7fa08	144	686	74	14	astonished
cfb803bb-91e0-4a5e-9878-c48b2c85c9e5	228	688	42	16	over
05533b5a-7939-48ff-a9e6-c97fa5b73050	228	688	42	16	,
e8ca2fc6-f1e0-46e7-8515-806e641cbdf7	278	674	52	14	244
5ab36bc3-c65d-4bdf-9e66-8a83c596350d	278	674	52	14	-
b4203a17-c4d2-44dd-a481-c5684f32d668	278	674	52	14	13
602b4484-060d-4950-9822-1180c6a19e58	278	674	52	14	;
74e6f4c2-5984-47be-b3b9-2d33469388eb	62	698	52	15	church
a98956d9-1a66-46e3-9928-ab036cd97ec7	120	698	72	16	organized
40980376-dde4-42ff-807a-1cd2220e13a2	198	700	50	14	among
51a6c493-27bf-4687-8a7c-8c97e54eb982	278	686	54	14	245
ce412a9f-d3c3-44d3-aaa9-9fafcd603590	278	686	54	14	-
f2612058-22b4-483f-a9f5-8b72696a00b4	278	686	54	14	18
dd2cdf26-9e60-470c-8beb-75fc2a973828	278	686	54	14	;
f5a1339b-5aca-4c76-a552-7eed63233a76	256	700	48	14	people
18437304-6331-4ca4-a298-fcd8a3fa8113	310	696	20	18	of
4e484327-58bc-4abc-bdb0-ff7c07ecbebe	310	696	20	18	,
e10a485e-d797-4382-9427-5bde8da04b08	62	710	54	18	246
ffc66c96-01ac-4a97-baf8-1088282c21ca	62	710	54	18	-
b72fc4d3-f874-4b37-ad60-8b30153eed61	62	710	54	18	35
e6bdba64-8991-46a1-be80-867ba5b56a6d	62	710	54	18	;
ab10e20d-e322-4a94-a1ac-6c23b48c5120	118	710	44	18	meets
5093c835-45f1-471a-b659-0101a4ac6778	64	722	44	16	whole
d6770c70-67cf-4268-a1c9-1e7e873ecfe2	110	724	50	22	290
58421c64-c919-477a-9e82-355af3691a93	110	724	50	22	-
1046b49e-2d75-432b-9fed-1f944ecdc217	110	724	50	22	18
10f5cdd2-fe29-445b-944b-6445b499d1bf	110	724	50	22	:
c837a1c7-b89a-4064-80f1-204ac63f9f7f	192	712	52	12	father
6b88b74c-d4d2-4b62-bf87-8b61b33994b6	192	712	52	12	,
ae80d173-e85b-43fb-8730-83d8288a90ef	164	712	49	27	249
ca138d26-ff3d-426e-a401-7e1cdd9ad51c	164	712	49	27	-
1e56f6bf-bc0e-47ef-968e-990e96abc032	164	712	49	27	82
65ccaabd-9a17-46cd-887a-9666ed6102a1	216	711	56	27	returns
f4708a60-101c-48dd-a09c-3ea4c113ccb2	248	712	36	12	king
39d56111-f0d3-4f34-8032-b801caa32361	285	712	18	12	of
b56f117b-297e-4e61-bfe8-d7a556232547	305	712	25	12	the
711e5c73-bd1f-47b0-b78a-f23a08d6bac1	64	734	40	16	mael
b0bf86ff-4635-4dfa-8460-fbbd4629a3ec	64	734	40	16	,
c390039e-6b5c-4a32-a0fd-5d4c758e4412	136	736	24	10	-
6199c7b3-88a6-43d1-99fb-34658e141849	136	736	24	10	18
ab7e809e-261e-43cc-b742-124d4de7fa84	136	736	24	10	;
41fd8552-3712-404e-abc6-20c347cb2dbc	168	736	50	15	causes
2400cc94-a01b-4eb1-87cc-87bb05db46e3	312	736	18	14	to
3dfda857-5327-4409-bd22-48c96520f62e	88	748	36	10	built
092364f0-4aa3-4648-a0c7-1743581eeadf	128	746	54	16	251
3f38503a-2554-4c56-b82e-9f2265241de8	128	746	54	16	-
aa708e6f-fc5b-4207-a002-849ee4dc7899	128	746	54	16	20
b0267617-c8d6-4e46-89eb-c3d3a0866cd4	128	746	54	16	;
2d30d06e-afff-4875-839d-dbc2135ec9b5	288	746	42	16	Anti
fc5a874b-8c86-4fad-89ac-f697d4284b02	64	760	84	14	Nephi
fd073ddc-b907-4676-9663-c5005f49f2df	64	760	84	14	-
c9332571-f19e-4394-b7aa-e4c364154c83	64	760	84	14	Lehi
2406b797-2468-4427-9170-a1d6d5457357	64	760	84	14	,
5c127b06-633f-4872-9700-dfd5ea55c98a	150	760	40	12	256
6f8dfe12-0994-4697-82e2-000ce6dae392	150	760	40	12	-
be303a75-4be1-41f6-ab85-e8430f0eddb7	150	760	40	12	5
2e2a2fa8-9bbe-4381-b186-c4cdec6b8315	150	760	40	12	.
6ee5b6fa-f49e-4b71-a6c1-82a8ba2f9c58	66	786	30	10	4
daf9cad7-4bba-4733-9270-4c0875adc5ff	66	786	30	10	-
dc8b1eef-3ef6-4b34-bd0c-898f81661d33	66	786	30	10	20
602b6e94-f49e-4acd-ab2e-7d74fd694b50	66	786	30	10	.
2d7a83c1-cebd-4ee7-b29d-7c989f5692c5	104	771	46	29	173
56153a4f-6db4-42e9-91a0-041e0bff4be9	153	772	39	29	teh
77516eed-a6ac-4e20-87e4-8f51c14fed70	195	772	59	29	rejoices
6e6f4dfd-7318-4ef4-a721-209598778be4	180	772	48	16	Nephi
f5b1f78e-5149-4e55-b1bd-83db8698dd07	230	772	22	16	to
29ff0a05-829d-4e10-82a8-fb745542ce35	254	772	22	16	be
b237f7c4-a306-4720-9dd3-6840b33410bb	278	772	30	16	led
6bbea365-99e5-4ff5-93d9-7ff8cd3d7c91	298	772	36	28	943
52fe2e2a-0835-42c4-ba5f-bed8b16331a8	298	772	36	28	;
197ca81e-04a9-4678-a45c-38c731683b92	64	796	38	16	Nephi
ef6fa75b-89e4-40f8-81af-00542ed3f0ed	142	794	64	20	brethren
7376f317-7337-49be-b4a9-ac79272b8712	62	810	44	14	Nephi
2aaf7ea0-0229-40ec-8c96-c0b4d2793d5b	256	786	27	24	07
f077c473-725a-4496-93db-a27058199521	256	786	27	24	,
372dc83a-8c81-4e9d-8176-4d3032a1f403	286	786	44	24	12.13
62f0b817-ba8d-4a93-a17b-1120802dc7ef	286	786	44	24	:
82015aea-da96-4eb4-884e-cde1c75f72ee	162	808	20	16	in
f5d746f4-93c8-40f5-8f8e-dcd4c02c4236	208	798	23	26	°
f2cff594-059a-491e-b11d-e32b5fc4df82	208	798	23	26	o
30f60505-b06d-4550-8b5e-b208caf7b333	208	798	23	26	,
9b6de2b4-088e-464b-9719-8bb306957755	234	798	32	26	20
87ae2c81-5026-4e5f-8cae-6381b453da1d	234	798	32	26	-
941641c9-cd2e-40cd-8868-fbc5e29ce109	234	798	32	26	1
ae672d16-aa49-48f2-8fb0-85462fb4a9d8	234	798	32	26	,
28c0fcc4-373e-414d-b16d-3e0199aaf65a	270	798	60	26	centile
013d82c0-d893-42a2-b620-07eaf5753645	270	798	60	26	:
6bd7626f-daf5-439f-b3ea-eff74924c890	62	822	18	14	to
1c80bceb-97d2-496b-85a0-3965013bf157	86	822	18	14	be
4f57d2e2-15fb-4aa4-b81e-9022318ef62d	180	810	16	26	đ
55516979-aeaa-4b20-932f-c8806c3f1dfc	199	810	19	26	Do
91469f42-a48f-4676-9871-1e901225663e	222	810	34	26	Lehi
875fc7d4-d5b1-450d-99ca-2ba9d100790e	64	834	44	12	choice
5b639ec4-0ad5-4233-8724-4ecbfe8b35fe	154	824	21	24	all
19acfc79-caba-4257-9185-eb1ec1141474	178	824	42	24	tands
95d46c6f-2393-45e6-ac77-a237c5542377	178	824	42	24	,
71e0517e-4307-47f8-85ba-8a76c43fb360	223	824	39	24	24
2f27895c-3243-43a0-82d3-430e916a549e	223	824	39	24	-
6a686ec3-241e-438e-b26b-a785f3eca6ea	223	824	39	24	30
5841a890-e741-40d6-853d-f9b3bb768447	223	824	39	24	,
73d3f6bb-8bab-444f-ac66-3877e84accda	265	824	39	24	49.5
375f12ae-7f3a-46c7-ad0d-8fb4650f78df	265	824	39	24	;
145288ef-1960-49a1-9139-96714c13d8ea	307	824	23	24	see
98a85948-d95b-4920-8143-b7a408acaf27	64	848	52	14	Choice
127b9112-fe08-46cc-a81d-e3b2595bb79f	64	848	52	14	:
7f526000-11d0-4cae-b436-dc09803bd027	64	858	40	16	39
e424eda1-02d1-4e82-8d82-660884f18adc	64	858	40	16	-
3918f7fc-bf63-4f7d-bf07-64bcb6840114	64	858	40	16	8
b8059cc0-f0b1-4fbd-981e-ca65c6b01146	64	858	40	16	;
07bd7882-cc2a-4fb4-bc54-58b655a8209e	68	874	48	10	promper
43c80c7d-bd05-4ef4-a47d-219b23851eca	66	884	58	24	Precious
0c461445-c33b-4971-ab2b-0175acda5cc6	160	858	36	26	50
362ddb92-c9f0-4de6-ad60-9dab526ce715	160	858	36	26	:
4c7fe83d-35a0-4151-b2fd-5b6ba15cf32b	160	858	36	26	91
d0f61fa9-3619-4898-87b5-f46ccd97abbf	224	846	49	28	driven
4537332b-10f7-4f33-920a-0596d194eeda	276	846	14	28	to
3a55d527-b4c2-40bb-a01f-cb8ba58e9e7f	294	846	36	28	Led
cd54dfb2-6ffa-40be-9e4d-b0cf18f33849	294	846	36	28	,
22f903ba-5b86-48a9-8e32-2f6046382f0e	250	872	42	14	silver
88ad6ecc-ef90-4fde-b223-a4ffb22f35dc	134	884	34	16	огев
0d13edaf-b0c9-4ecc-b5ad-2170c9dcea89	188	882	46	16	bound
16c9146e-f361-496f-a9b4-8a1ae188cd6f	282	883	48	11	110
4b290d1c-e4ed-478a-94f4-f7a78a623320	282	883	48	11	-
e0278c19-6f63-4530-87a7-ab3931c4fcc3	282	883	48	11	12
f1675a91-93eb-4a83-86dd-6536c004d725	282	883	48	11	:
28e5d04f-3245-48b8-8111-89315ca40b4c	116	896	48	14	colony
8e72742d-14e4-4e7c-b0ea-217a5c010692	162	896	58	12	carried
ce8ac9a9-5f95-411a-82e9-82fd4ca65c14	248	884	18	12	in
f3f73d2b-8108-49fa-a82c-2decd6369d93	248	884	18	12	,
2965d246-7b2c-40ae-8f5d-8821c6434500	220	896	56	12	toward
cabdf02f-b5f1-4649-bd5c-d43d36715a69	220	896	56	12	,
9f39e9a9-a5c4-492c-acde-dc492946ea17	278	896	48	14	487
e70d3b63-9477-4671-8fdc-6ad694d07e43	278	896	48	14	-
c71961ca-2f27-465f-a8ad-748d840c4261	278	896	48	14	ch
c62b24d6-72b0-40bb-b24f-152f69bd3ec1	278	896	48	14	.
8a7b2b97-cfce-49cd-b3a8-5c967122a05b	66	908	29	10	6
1b9ca56a-4889-4136-ad3e-eda4a977fafd	66	908	29	10	:
1c645f39-4929-4f21-a429-d0f6c4b23cf8	66	908	29	10	5
22467ca0-1bd3-48de-ab7a-e8e2f2496cdc	66	908	29	10	:
60eea8be-a767-4690-9b71-b1d9c872a216	96	908	64	10	sredites
c95b1dd0-04e8-48f8-8630-1b9b74a60894	164	906	43	18	reach
0c1b0d4d-0193-42fd-94a3-497bad15786c	209	906	29	18	the
60607612-6015-43cc-b4ce-7913fe58cf4c	209	906	29	18	,
9354801a-0c88-499d-8901-d16cd8eb97ad	241	906	54	18	488
2d347346-99b1-4a6f-a7c1-c754b724db22	241	906	54	18	-
dee4b701-0016-42d4-94c4-ca5aac7de79c	241	906	54	18	12
3171c47c-61ef-4beb-bee4-c92588bf5fe6	241	906	54	18	.
6369a36d-79eb-4915-a136-56d4ffb1cdb1	584	66	34	16	555
94cdcb72-0850-4aea-9c9d-f3b9cab9e79c	344	96	74	14	anguage
4011e493-f582-439c-a974-e0f37acab553	344	96	74	14	,
4bfccb55-0708-471a-9964-a71c2e0d6473	354	108	42	10	phites
41135b39-662d-4207-bde9-d20cfe6bcf08	418	94	19	14	of
a1758035-6e28-4796-adac-b3df8d575007	439	94	66	14	Nephites
56a82224-6928-4a26-a178-2edb346e17d6	439	94	66	14	,
8e540cfe-acb4-423e-b007-9ef016f1592a	507	94	35	14	1
7f6168e5-4122-45eb-aaa8-7076427d0e07	507	94	35	14	-
0a734556-df05-46de-b606-0c50db209187	507	94	35	14	2
8a265b0c-76ff-46d6-a181-b5fcb1ac3a99	507	94	35	14	,
07c43dab-0e88-4a9d-9eb7-de33fd33306d	402	108	51	12	unable
75353e87-7ea8-4b58-a6bd-cae78b1b0ee9	454	108	15	12	to
6f623832-47f6-442f-9253-c805912741a8	476	106	42	12	write
c6127fef-1c86-4489-abac-70255ecb4050	538	94	29	26	134
e21e542b-1a82-4fc4-9736-bb38b446a092	570	94	20	26	on
f20340a8-2f43-4521-bcf1-eae2e8160b23	593	94	27	26	Ne
7f98b356-efe6-4264-b910-b11fb5d76e9a	593	94	27	26	-
0c21700a-b8c1-4f80-b4c9-48f2f24c1a94	568	108	25	12	on
24716e74-e11e-4e0f-b16e-28d2224adda8	595	108	23	12	ac
bc084d5f-9291-4006-930c-de4e261f8ff4	595	108	23	12	-
a021d418-9b00-4c9b-961f-6794a78ffd94	352	119	69	27	colored
d930d64a-7038-49f9-931f-66380b10c305	423	120	63	27	Esyptian
dd6a0feb-7f38-43c1-b50b-deb9cbc4df6b	426	118	59	18	410
0be9bfde-4216-4b0f-9f0b-d28f8c555a67	426	118	59	18	-
358e72db-53c4-420e-949a-bea8b33d0578	426	118	59	18	18
9e225453-686b-45b2-b693-0d7f67d63da1	426	118	59	18	;
e71d969f-5901-4bbe-8558-a1b216278d62	487	118	19	18	of
739b6d36-332a-491b-bd1a-d7ac793cc6b2	514	118	60	16	records
70b72fea-23d2-483a-82b2-6ca374f5ca0d	514	118	60	16	,
6a751657-58d9-481c-86a8-e2d3c53f7d73	576	118	44	16	called
d02e6e5f-5033-4145-8c73-5582f9fd66ab	494	130	58	16	478
f4525f3d-4229-4031-86e7-5c23943c014b	494	130	58	16	-
a4444de7-02d6-4ec8-8ba5-535d53f61aec	494	130	58	16	32
f23296ff-9578-4733-9ae4-414bbc9ce19b	494	130	58	16	;
b9a1415a-1419-4459-81be-aec6f2d7ad0e	554	132	24	12	no
67377a27-73f0-4fd9-b481-846e808a3938	579	132	41	12	other
0a51c859-486a-40ee-8f33-c16727a55fe6	354	144	52	26	pounded
1b2082a8-203b-4b26-852a-1f4be7ef4dff	409	144	26	26	Bo
6b3c93a2-7e76-485d-b65d-224517490d15	438	144	26	26	the
3dfaf17a-8c08-445e-808a-202850b85efb	468	144	42	26	Breat
a4317582-138e-49b7-94b3-f2b15b3b32c2	513	144	47	26	tomer
80c3a780-ed1a-4377-9396-f2c18d123cb2	513	144	47	26	,
9e5be373-205c-4683-a3fb-f107b4b146dd	354	156	54	12	founded
26e2abc5-738c-4579-b5f5-cc38efaa448e	454	142	54	14	478
42c246e6-810b-4e1a-a564-f89f2a14ffaf	454	142	54	14	-
6a199419-b37a-48af-9e65-91425237c055	454	142	54	14	34
af3fa033-ff03-4578-b4b6-35b17646053e	454	142	54	14	:
5e52d81a-c1e4-4923-b155-d96db7ca5f2a	510	142	23	14	of
6f82298e-59e4-4eb9-a0d8-5dad4512aa9a	534	142	46	14	people
cd978366-40e5-499d-be93-2cc96ddb8db1	586	146	34	10	con
95c2b43a-93af-4eb5-a87c-b0c26247c0dc	586	146	34	10	-
e5925fb8-c4a3-4103-8351-df807697a0dc	568	155	52	17	479
26bff8fe-63de-43f2-9e9d-ae2f73f58e7d	568	155	52	17	-
ad759c8f-2a51-4f82-b615-8dd2ee2e97d9	568	155	52	17	33
11fdf68e-e70d-4a37-b8c0-8f3ae8702cb3	568	155	52	17	;
db71651b-37c1-41de-8d61-da4aeff57245	352	168	17	14	of
0443914b-7ceb-4a85-bec1-2ccc2bccd0d5	371	168	52	14	Jared's
99fe6ea1-f4e1-49b3-bb97-d4f5d8a6b527	425	168	47	14	people
e46ca03a-0a0f-476e-9aa5-d68308087876	474	168	26	14	not
ccfb9e2d-a087-4625-a137-55aaf66790d9	502	168	84	14	confounded
b9b3b695-ca8d-4516-9f50-f69a20b5a77b	502	168	84	14	,
b737ef29-6a42-43c6-ac9b-9447113b1779	588	168	28	14	479
734c4359-9fa6-485b-91da-824cb082a35e	588	168	28	14	-
793590c8-6ff5-4704-b113-b0ec0ffcd6ed	352	180	22	14	35
aee98060-969f-43a9-ae53-9a4d93116291	352	180	22	14	.
2870c3d8-38e3-4f03-aaa0-27cfacdbf0fe	340	192	67	38	Ladies
74c61afc-a4f0-4c68-81f3-2a27db730d92	411	192	43	38	1312
fe4ac926-3ebe-4e5b-829b-a7a127db99b4	459	192	47	38	Kon
699bfb51-b3db-419a-961a-da6f56d77c31	520	194	44	12	warns
dcfab3a8-5c0a-4f76-a97f-53cebb31495a	474	206	53	12	ephites
1eb2405a-95fe-4343-88dc-e8c980f451ba	528	206	24	12	fall
09317f2c-cd9b-41a5-bb87-2c41a2b506a2	553	206	35	12	into
5bebf65d-f739-46fe-be37-b525e15a91e7	553	206	35	12	,
26a699df-42cb-4288-9d8b-684fd2e95fcd	589	206	29	12	308
17e3a7dd-45fc-4afd-88ff-28912cb80491	589	206	29	12	-
4463e12a-08cf-475b-920a-2a457f4d20d8	430	218	32	14	irce
327ea544-09fc-4643-a8a4-351c1e01c991	466	218	38	14	from
27739d14-5a1d-4155-afa4-397302b32db8	506	218	51	14	during
a283608b-e786-4d38-826a-bc8016dc66ae	559	218	14	14	a
487d3b33-e280-4ea2-8e9e-7e90b7e42417	574	218	46	14	period
bdcd0aee-1cc7-4b02-ab57-fd55552bb78e	440	232	46	8	457
5f537599-e46f-4fa7-ad6d-c849f35d0541	440	232	46	8	-
274af724-cc1f-4434-b421-0f7a226deb56	440	232	46	8	16
1e4033e2-8719-4269-8279-9974c702ba4e	440	232	46	8	.
f90820aa-8f5e-408f-8240-0c35426802ce	346	244	32	12	ast
8d00322c-8502-45a5-a97e-04df1bccd339	379	244	39	12	days
ca5713e4-1ea5-4e59-80dc-9db2a2dd9e9a	379	244	39	12	,
7140d451-378e-4b04-9027-b8441c50b9ab	392	256	22	10	of
cb924b56-3cd1-446f-a197-c0037f9dd5ed	472	242	18	12	of
87a69d0d-f58b-4dd2-afc0-2d756288747b	492	242	47	12	Nephi
51433615-b37d-48d8-b2bc-9c712f644943	540	242	57	12	written
991f945e-242a-4cd7-ad56-e32634923c8c	598	242	20	12	for
2663684f-289f-4410-94b8-44b5b3d7d23e	462	258	30	22	18
94cbae49-0bfe-4160-b854-a6442e03fbfb	462	258	30	22	;
bfde21c8-8327-47cb-96f7-4af66fc31cdc	486	254	42	16	90
63ea8ca3-aa58-4904-8e61-e853837d4b1f	486	254	42	16	-
8ba180d4-ea56-4251-a90d-ed457ef6a704	486	254	42	16	8
138af389-e5af-4ac8-a265-a7f8ad3ff72c	486	254	42	16	;
4945d966-041a-4fbd-810b-69f1c2c14941	530	254	44	16	God's
47094d27-7eef-4136-a24d-7755637091e4	574	253	44	15	words
b70888cd-fd58-49bd-8a80-dcc8a97abc8a	546	268	74	14	prophesies
57381dc4-1860-487a-9cde-9d036eddd763	340	292	36	16	Law
457f3e74-4561-4c76-8321-5c7465e2773c	352	282	19	26	Co
2c7ecc85-3a92-4a5e-993c-2f5d233622a7	375	282	16	26	of
a917a362-ff0a-49d9-8f5c-af9d3264c409	394	282	38	26	Mon
cd986e4d-7425-40f2-9491-f65cfeb5f640	496	266	46	16	Nephi
59244706-b3e9-493a-ad01-119291968ff4	422	294	21	12	88
2ff9ed07-ed1f-4404-aee0-0314cedfca42	422	294	21	12	,
48db0d2c-1b81-4a31-a8ec-fe06d874ea1a	444	294	22	12	ок
4be19acb-ad5a-4543-ad73-80b34d2e7489	434	280	7	28	•
4718fa9d-174f-47b4-bed1-d7ba041cef62	444	280	50	28	5th
df036e86-97fd-4cb0-a558-380f7867c976	444	280	50	28	¢
2d0806be-1f10-4ca9-8a98-37d18f7575c2	482	280	19	14	to
ca458e77-ee45-4d1a-82f1-af8af61b5f5b	503	280	19	14	be
2f60028d-1898-484f-aa7a-691b58e98ea5	524	280	56	14	terrible
aea99738-ebfd-4338-8b9c-1ca4565f1cec	524	280	56	14	,
66e05996-69bb-4696-bedb-571d6110453b	582	278	34	16	95
0dd734a3-552d-4452-9536-8e2a8669f747	582	278	34	16	-
730267fe-f7d2-42df-9d8c-ae6454d3f56d	582	278	34	16	1
1090535f-974b-400e-bd66-454b109efedb	354	306	42	12	10
81fa4a4d-cc51-4ca5-af32-39186b1cf876	354	306	42	12	-
8e823a62-6bfe-4767-a8cb-3a9ad7bf3180	354	306	42	12	11
38f4b827-0fb9-4c67-927c-680df3975c55	354	306	42	12	;
b8183883-0c9d-4c83-8028-e06de01fb24e	496	294	37	12	brass
a322bf71-f0c7-4d25-aa53-4c7d372fa022	535	294	49	12	plates
bbfe0c31-5075-48b3-b0fc-b77c2487f9e0	535	294	49	12	,
f999dac0-d88c-4b86-9ef7-5c4dc6147252	582	292	32	10	8
7be1162c-06eb-47a2-9df8-aeab34c1cfdc	582	292	32	10	-
7b8ff5b0-3441-41f7-bb26-1c884c32cbe5	582	292	32	10	16
6a369629-ad21-4ef1-a235-b46be4361687	404	306	50	15	Laman
8fdc5a75-d561-4f82-87ad-6de6228b9da7	336	318	13	18	•
8e656971-41e6-4b72-80a7-77b1f9d11fd1	352	318	46	18	35
da08bfa4-4a55-441b-8464-781aa060be79	352	318	46	18	-
013193d1-4775-40f6-8113-7c6e8ba00ea4	352	318	46	18	22
e9054063-435f-42bf-a481-e7e5f0b35392	352	318	46	18	;
d988607a-5067-4561-8844-3c9bce109a37	400	306	55	26	priman
c3add6ab-34de-4ebc-bd4c-13cc7d119dd9	458	306	20	26	of
859b5786-a97f-4ffe-8e37-acaca3fc959b	481	306	39	26	Noat
6ea2700e-73b4-4686-ab40-bfe2853eeeb5	498	306	44	10	Lemuel
99e1723e-b956-4952-9fe2-f319f2f95d0e	556	306	42	12	speak
a71ede4e-abc7-411f-9747-e600973b47f9	599	306	18	12	ot
785c9b6a-9ed4-4d60-b0d0-82870cd6f0ff	600	306	18	12	,
81b442b0-b8d3-47f8-b348-da41854f08d2	526	318	48	16	falsely
11481d6d-830f-4c47-bb73-f16f465c8113	354	330	18	12	to
f2a32d48-2b14-48b2-8a8b-6afc0069bb45	372	330	42	16	teach
77043d3e-e48c-4f6e-b87b-e47728c1c211	372	330	42	16	,
b610e435-7a8d-4bd5-a37a-efdfb2b7f2b4	417	327	54	16	159
2693e549-1d22-4426-b148-3c75113e4c33	417	327	54	16	-
b017aee1-ab87-48c5-bc58-b9be1be25be0	417	327	54	16	28
158cca97-36b4-4c66-8f4c-a6e3d8bfe78e	417	327	54	16	;
7be3de4c-3754-44ca-8c4f-81bb4a990d8b	484	332	36	14	type
7c8ae105-a5a7-4e2c-8716-3656aae67245	580	316	40	16	claim
c8863444-3c96-4038-a61d-fa6e16ad170f	352	342	28	18	15
a0f235d0-625d-4ca5-b9d8-8afa94e35122	352	342	28	18	;
7050e5e4-06e9-4455-8e84-d35c23c6502f	410	342	32	16	then
2f4f5f07-02cf-42e8-9e9e-cc524bba8e3f	450	342	52	10	mifilled
7084ce0b-1db7-40fa-a4eb-ba5d175abe61	450	342	52	10	.
733791de-f2b6-4398-b7c3-88ab6ee37efc	520	330	18	12	of
87040f75-7fa6-4515-b5b9-3f204852d9f4	588	328	32	16	260
88cc4e81-84b7-430d-aad4-944cb445f137	588	328	32	16	-
bcd4313c-c701-407f-9ba8-dc05b214ae87	352	356	16	14	in
b2504167-6548-42a1-b3de-e5e90ee9b97c	508	342	56	14	401
93a1150f-5a91-4a5c-bd9b-f7f4bc8e3a86	508	342	56	14	-
00d9131a-1f5b-4510-9d5d-72c803c9f55d	508	342	56	14	24
0abb0cf6-5bee-4802-a493-7b1994a3a19f	508	342	56	14	;
039d0aa8-6162-48ac-8311-363734793cb4	538	330	23	26	24
30944a6e-6c59-45e3-860a-4c4e9ac6fcc2	538	330	23	26	,
c6cf9b85-1bda-4406-8d4b-f1c3fc286b65	564	330	56	26	Miniled
049070a6-93dc-4de4-aa62-9fe86ae2b762	430	354	44	14	Jesus
4f35cf51-cf43-4f96-a169-fbdc0833e1c6	392	354	14	28	o
e528f9fb-4065-414e-bcd8-38843b88b8c0	409	354	28	28	the
b8304ce8-5c91-4026-bfa9-541938ae6d8e	441	354	32	28	law
3055e4cb-6738-479a-a27b-8d0f4a7a357a	441	354	32	28	.
25cd857a-c070-4f4e-b705-a4d8523abece	476	354	30	28	Sho
43add434-035c-48ee-94ba-8341836bdff0	474	354	52	28	Sha
41c5f1c2-9a6b-4ab7-91c8-9e4690e8af14	474	354	52	28	-
66260b94-1309-468d-9f10-76532e4ff420	474	354	52	28	it
74b7f90a-f892-4cc1-9f36-0ce2b78d4447	474	354	52	28	.
f7a0a947-9c45-4d91-b692-5a71f7046b70	526	354	32	16	who
b221bdf8-c4fe-4b4a-bf70-8fedfc03bbad	560	356	36	12	was
13e0d107-1155-4ce4-9f82-ea267dbfb015	594	354	26	12	the
197cf73d-d0a0-48ab-9bb1-da410a126b64	530	366	42	16	429
2d8859b9-08f5-49dc-8d78-3d4a9896236d	530	366	42	16	-
5c111064-4cfe-4e7f-960a-3afe4d1afe75	530	366	42	16	4
bbba1a30-3730-4363-b7a7-263fa44411e5	530	366	42	16	,
bf10e92b-54c5-4157-ae16-a71d6a6606ce	574	366	18	16	5
12c19549-9c94-41c5-a37d-a6967995eac8	574	366	18	16	;
c8ad8380-2cf6-41a2-9e22-06b4bda7a08a	594	366	26	16	not
ffe8108a-dbb2-4e2e-abc3-ff9de70f1b5a	358	380	52	10	ollowed
679f0c31-d4c9-4b98-9050-5b3fa435eddc	484	380	96	12	performances
19f18604-2161-4acc-a4ac-73ecdc2d0bd3	586	380	32	10	alter
1dec8a7d-4734-40df-8548-2c111a73568a	358	392	54	12	Christ's
c6cf1645-63c2-439e-ad93-c00ce78fed6a	414	392	71	12	visitation
2e28be91-7ed7-4a94-8cc5-2e89da86485d	414	392	71	12	,
51d6ab83-65a5-489f-a2ea-59e1e360167f	488	392	46	12	457
8be009ec-8b54-4b65-8636-4167fa8d378f	488	392	46	12	-
859d4802-711d-47f8-8c6a-c75ad4315bc0	488	392	46	12	12
b05ef42d-ec2f-497e-bfab-a549deb08223	488	392	46	12	.
2552d682-bd64-46af-ac58-b46336b6ed3c	344	406	42	12	Laws
aceb639d-9b40-4aab-9c5b-208b7e6694fb	344	406	42	12	,
393b3255-8c6b-490f-8fa2-729358f014fb	390	402	20	16	of
caf9ee7d-9aa6-421f-8fd5-a2abd7b0f3b8	354	414	78	14	established
2999dd40-1cd6-4db5-9035-7a2cba179e64	355	430	34	21	Ipon
852b59d6-7a98-4b68-b3a1-08eabd27a72f	391	425	101	24	transgressors
e9cf36e4-eca7-4ece-b510-7c5cc388eede	391	425	101	24	,
569a1bb6-19e5-44ca-913b-34c47839df49	493	423	52	22	197.32
4b78563f-89ab-4caa-8ed1-ddf982dfe0c8	493	423	52	21	,
22491547-a6a0-4afe-bce3-978aef379b53	512	402	110	38	138
a9531fc8-6d61-44f5-a9c1-87112b75de95	512	402	110	38	:
cac8c1f0-cde0-4ef8-b4f4-dbfa5f518576	512	402	110	38	129.1000
8bb2e787-6784-42cf-8964-31df28879d7e	586	426	36	16	269
39b4797f-9ab5-40c4-bdaf-e012e808ff8c	586	426	36	16	-
d3f89f0f-5980-4046-83aa-972cef73470e	380	439	66	17	trampled
df5905a2-0beb-4f45-a317-ade6fc0fab84	452	440	42	14	under
649adf13-7390-4a14-8cc1-e300e80bbdaf	410	452	74	12	corrupted
b17e052f-7096-4ff1-b3f1-62d025838db9	410	452	74	12	,
e9aba5ce-ac38-41d9-89cb-e17f7f288f81	500	440	30	12	feet
8fe32c56-6bf5-4234-81e5-bff35c76a83c	532	440	21	12	of
fd7787a4-ef1a-4da0-9620-b05518319cd3	554	440	66	12	Nephites
1ddd50d1-0c55-427d-b78c-e205d091c931	554	440	66	12	,
152885f5-2d4e-4485-b0a4-2e032ca9c967	490	452	47	14	368
1fd836ef-eca7-4594-bb74-d61ec28d4267	490	452	47	14	-
dcd8fd03-f5b1-4367-8015-b5081951d145	490	452	47	14	2
cd165183-21f9-4e8d-ba0f-287b9877cd4c	490	452	47	14	;
2a2f83bf-0de0-48f4-827d-1c37f59ea8f7	539	452	81	14	overthrown
801f3856-2fda-458f-8701-faed826f8e00	354	466	38	12	when
1b94f9ea-0eec-40cd-9ad8-c2bea72943e5	352	478	42	14	376
d15a073b-dc57-41bb-bef9-f56db5478b7f	352	478	42	14	-
6cd81c7e-91ee-49dc-896a-3cde57270c83	352	478	42	14	4
2035114d-6bf8-4cf8-9fc5-ec45db0b0133	352	478	42	14	.
11dfdf4f-0e72-40e3-9e86-3391832a238f	398	466	72	12	Gadianton
38832e0a-c9f1-423e-844f-3b79c379eb5a	472	466	39	12	band
11e2a881-0d90-48ef-a8bf-07a8432a4234	512	466	60	12	usurped
77dc4f61-18e8-474c-ab2c-6906410936b0	574	466	49	12	power
56f4465f-464b-400e-bd80-c79251021120	574	466	49	12	,
579dd2d7-f56e-4933-8def-ba23bc9bac5e	408	490	65	26	Nephites
bf02a667-4cb8-4129-b8fd-8df25a73a885	408	490	65	26	,
3080f510-402a-4e31-bc15-f31c351c7d55	476	490	49	26	411
1fc6a536-f292-4dc5-a306-9606f046e2bd	476	490	49	26	-
9357a408-b762-407f-b4ca-1206cfd474d9	476	490	49	26	1
d5696350-366e-4ca5-84a4-2e71b9bbf525	476	490	49	26	.
346a5518-35f7-47d6-8786-a53a346c73d3	528	490	45	26	20
21ec4c18-8d1c-4cc7-a831-8b7868c4ef23	528	490	45	26	-
e74fe6b1-4d56-4929-9e77-ade6982868d2	528	490	45	26	14
d2e9a57e-9ed6-4bb2-b43d-35f00a867ac6	528	490	45	26	;
d71fb603-b725-4bfe-9f02-30ae2a3445f7	577	490	43	26	many
36bf3f24-744f-4e0f-b2c6-85c0bb5e2d61	396	502	17	28	a
ab0356fe-3e14-42df-8fd1-c4c28b401e2a	417	502	14	28	ep
a605b388-84fd-473d-8c7a-d01c1c318d84	434	502	49	28	banda
96a5e324-7076-4255-892a-fc93360907b3	434	502	49	28	,
110b8d88-a375-4210-9752-b56eaaf95625	487	502	17	28	to
a46ba4a7-390c-4bb9-a70f-6b602f370475	508	502	49	28	Ordain
51caa8bd-676e-4dfa-ad0e-c3e4bb79634e	508	502	49	28	,
3d86f87b-b9bc-4899-ad5f-367f86343cf2	560	502	44	28	210
41b4bcbc-b134-486b-8af3-6574fbc6ea06	560	502	44	28	-
1008c4d7-960e-4273-a0b3-25f87f571c17	560	502	44	28	1
b5a275da-27c2-4cdb-888d-f28e374bd95b	560	502	44	28	.
313270c3-2470-47b0-a9d1-13a90162699d	402	528	42	10	lesser
8a201488-3752-4489-80bf-78bf81b45585	444	526	38	16	coin
c6ab8f57-3094-4c1e-8a9c-410eafe79f3e	444	526	38	16	,
f09b5a27-0e8e-421c-b05a-9d78a9b07b4c	484	526	50	16	222
d7628be1-4de4-4740-a35f-4e37712bbb0c	484	526	50	16	-
3dba5401-4850-4f68-ab9f-340cf7c3cd32	484	526	50	16	17
6afca312-a406-4c54-83f2-c8e075907138	484	526	50	16	.
9d81d06f-4959-4974-a10d-bc12465b8bb4	416	536	58	18	Gentiles
b8a1396d-d873-4112-9027-d739550bfe11	477	536	47	18	puffed
b0cb507b-5231-4b32-bf23-d92786022e3e	526	536	22	18	up
5be458ac-20cc-4c10-989d-8cb0554b2474	546	538	28	14	in
8857c71f-ead8-4d10-b127-548dff5fc272	546	538	28	14	,
052cf8e4-adc6-4b74-a3ff-b15bfe76c267	576	538	46	14	94
f0edc852-4b29-4fc1-996b-24d25f733ff6	576	538	46	14	-
ab7305e0-569e-4cb9-a7f6-ef1a755f0b25	576	538	46	14	20
cbcf8450-f5bd-4dd6-9fb4-5ef0f3552337	576	538	46	14	;
da083cf2-167d-44c2-845b-6a10236bd988	408	550	47	18	teach
81cf7f73-0d0a-46b6-a9c2-8fa5b5aed683	458	550	45	18	their
ab6c6b4a-6d0b-408f-aa3b-155bee9a547c	458	550	45	18	,
606c7dd0-8b75-4f80-b6d0-5095b7a2845c	505	550	31	18	and
74c507e2-987e-4f6d-b257-217611b5d89b	358	564	43	12	Ghost
8af243ef-6305-4db8-8602-e2100eec9d68	358	564	43	12	,
af96bf2a-0bf6-448c-8c79-906e87584c19	403	564	35	12	98
6cb650ba-b25b-45a2-9853-4bfa8c2d2bea	403	564	35	12	-
30648e41-d524-435b-8e9d-cd6fdcbccaac	403	564	35	12	4
e656e39f-8870-4b19-a9c0-1187f466f224	403	564	35	12	.
f2544a2f-4e07-469a-a94b-5700a36227ef	542	550	36	14	deny
c27cd9ea-25ed-4620-ad60-abc4934e90ab	582	550	38	16	Holy
44ba5689-0721-498a-8fdd-394977ca207e	356	576	52	12	abanon
66bdff3a-55b9-4192-a56c-c649d7bc219b	356	576	52	12	,
89b643d0-75f7-459f-b968-184190e2064f	410	576	19	12	to
37d63b45-e006-4be9-87e4-e1279abc2189	431	576	55	12	become
4b93410f-b009-4a31-b6dd-1055a4af0215	488	576	12	12	a
f7f6ce7d-d23e-478b-b6ac-593f057c5013	502	576	54	12	fruitful
e5e75174-89cf-4924-a206-93cd93a4e51e	557	576	37	12	field
0f4ee432-9ed2-45ab-89ef-34925122afa4	557	576	37	12	,
deec95d0-b446-44fc-a930-c506a6284766	596	576	24	12	97
a1e6faed-a733-438b-b23c-aa93603deaec	596	576	24	12	-
fc8d348d-dbc0-440b-a87a-dd42781f7190	588	598	32	18	fire
8a52eef2-d44b-4647-ab02-ed5ea9aea3eb	588	598	32	18	,
d2091a8a-14f2-40e6-8b15-5efb0b2f2ef2	352	612	34	16	2
1f3f2230-620f-4ef4-bc13-dbfc14fa9e10	352	612	34	16	-
f3a0c771-7ece-46d6-b60d-b9b5574ebb8c	352	612	34	16	6
1314d670-e75b-4b21-bed8-ef85693cfc4b	352	612	34	16	;
259c1d16-181c-4e02-82c3-b93df7364ef9	388	612	30	16	bas
86a35a52-3a6c-4be4-acb6-00078bd0c349	422	614	48	12	ViBiOn
8af0b17a-f060-410e-a478-7af5441adf66	592	614	30	14	sees
72a4d656-fe32-41af-afb4-cc8b05dc6265	352	624	48	16	Christ
8af7b8a8-6433-4dca-9576-ca06c62ab734	402	624	30	16	and
f6e1f1da-ea81-4f48-9e6c-727783ff65f6	434	624	32	16	the
efd9576c-bdcc-4f99-a025-d0d0f4acce29	354	638	42	26	record
27fbe736-fde7-4b9f-9598-eccb5569c491	399	638	23	26	01
80ad8209-29ee-4d13-899d-f39e494e0027	399	638	23	26	,
066156b8-fc6d-4b98-8bda-35101604cfe8	425	638	32	26	2.17
36d3d71c-a405-4fc1-9b4c-f00248d71b20	425	638	32	26	,
b74b877a-c7ba-4faf-a9e6-585da2755433	461	638	36	26	40
49b05bed-ed49-4850-ba94-0e5eb8731d16	461	638	36	26	-
3ae2b636-622b-4e72-a95f-6eab4d368545	461	638	36	26	1
ee3ffd39-47fc-43a2-acb5-88989385d7f0	461	638	36	26	,
0bf737bb-3daa-42ea-b02e-bf4485392aae	500	638	58	26	preaches
121941f3-0aac-4ea8-b11b-4615c739593c	562	638	22	26	in
f478f48e-e8b2-4fa2-9d04-59eaebc651af	584	636	36	16	16
468c9384-e6cd-43e5-911a-672b62f51f62	584	636	36	16	-
5ec4dfe0-2cc8-40d1-a453-c5428d9925f8	584	636	36	16	3
1a6d7e93-abdd-4302-9215-dff91609e1c9	584	636	36	16	;
2f047fa2-2f33-4b5a-9404-cb131d07cafd	352	662	45	20	salem
31f5c8db-2e2d-4915-bdba-f26b98ffce35	352	662	45	20	,
19f81a4b-5011-4c9c-825f-d18006129a5b	400	662	38	20	2
db8c198d-ad3a-4401-b550-dcf813aeaec3	400	662	38	20	•
ae96bc15-57d4-47c0-93cd-6bd0ab78738d	399	662	38	20	18
3632c71e-480d-4a9b-aa4d-17acdafd10fa	400	662	38	20	;
9ef9b003-21a8-48d7-8027-f5114dc67fef	356	676	42	10	salem
f6592992-a3d0-4aec-98c4-3081df7f3b85	356	676	42	10	,
7fce0bc3-cdf9-46e1-b8ff-4ebabb654a5c	580	648	38	28	Jeru
ff31b61b-ede1-41d3-b91b-bb6fd08ee740	590	674	28	12	with
d86d77ec-11ca-4ce1-8b50-77e8899b8655	352	688	23	26	or
28b53181-9794-4943-a6fd-50b584e042e9	378	688	34	26	ele
704706ac-4643-42bb-b62d-2282ab34f6b0	400	684	64	28	bralley
b4594180-ca4c-4362-9886-3d03f5949f15	352	710	40	16	brass
699adb97-3e2c-4548-a0d5-2dd561623863	450	700	48	10	plates
3a224e3a-7873-4bdb-983f-d9c3b017411c	450	700	48	10	.
b175bdd5-c736-44ab-b5eb-d67dce070ee7	596	698	22	14	the
5846aa35-0db8-4b8e-8d25-446b7002526e	464	710	42	12	10
822920fb-4041-4675-91be-8dd1267cc3c6	464	710	42	12	-
7ed67e27-9fa1-4403-9745-3bf1254c50bb	464	710	42	12	10
3792c89c-5552-4437-9ca3-c8ec8b7fc51e	464	710	42	12	;
4596197e-ef91-41da-b8d0-e8044580679a	352	724	52	14	Joseph
406c77fe-4784-4418-95b6-9356c181146f	352	724	52	14	,
c0802e84-b07c-4ce6-9b1a-aeeda34a4ebd	602	710	18	14	of
2b0183cf-137f-4bb2-a113-537ee1f3b1ef	352	736	30	14	the
23c82b8a-8ef3-40be-8e9d-b299ce3e676e	388	738	38	8	Daics
68607526-19f5-46b7-8de4-9956287f722f	408	722	45	26	10
0cf3ca09-7eab-4901-9a70-18ae7acf7d55	408	722	45	26	-
3dddd04b-f426-4044-be55-4629f6a9f42b	408	722	45	26	11
9450fc79-ac0d-47d8-8faa-de19353e86d3	408	722	45	26	%
06574642-e41e-4a16-aa15-9058d3c5991c	457	722	65	26	Propheer
57cb20d7-4bda-42b2-9e63-b15e73f292c9	518	722	28	18	of
fb59b215-cf31-450d-90f9-80101f32ee44	518	722	28	18	,
8af4e21d-ed7a-4dcb-9ca0-5312c7951be1	542	722	78	17	concerning
c283686d-8f79-4fbf-9e25-2232e43ff487	594	734	26	14	the
bfec3957-f2b6-441d-bf7b-b6c4f4239467	354	750	28	10	tree
5ede1b99-1ba0-4b59-aeed-f442614c5482	478	758	60	16	Liahona
4ac2932c-1b35-424c-9f12-387a87bd13fa	478	758	60	16	,
25a6fa06-2ec1-4338-8ea9-af993c9d8ea5	352	772	26	16	of
197444cc-8b31-4767-9d8d-426801229994	352	772	26	16	,
bd2d39ca-11b2-4c87-a719-93f678df183c	374	772	40	16	born
65d6d45a-cab8-4e78-8156-f0ed7fd4052a	544	750	41	22	31
ebf6ba65-0de6-41c4-9e97-bdc3d8e7bad7	544	750	41	22	-
7484a47d-ab04-4f28-8560-485968bd214e	544	750	41	22	Po
a07686c0-2e8d-4a83-84dd-2503e157f1c6	544	750	41	22	;
3054bc0b-29e6-4341-8ac0-7bd4f628aa81	588	750	32	22	sons
d0f03f58-7744-42ba-a1ee-afdade7f94ab	354	786	36	12	pany
c73638e7-ba8d-4870-9b6a-79faa6b106b0	350	796	52	30	Brope
324405d7-ccd3-49d6-9831-41be1c05ae7c	406	796	6	30	i
ff2b3a59-eca9-4734-8b05-d0bb612bef1a	582	796	38	16	52
87c3233e-8261-4b6e-a4b2-3c3b3707d0bd	582	796	38	16	-
f9d95811-2aba-4cc6-9d63-6b1028b9728f	582	796	38	16	1
174ad1a4-468c-4f3f-8407-888b05378e21	582	796	38	16	;
83646b0c-a232-45ca-b47f-efd03c31ff8e	488	822	52	14	blesses
fca8a614-8378-4292-bf2d-d538f16ecd26	408	834	14	14	гв
90c1e135-3201-4cfa-aacb-a39d0a16106a	424	834	14	14	of
87ee6a6f-688e-46e1-b466-a11654eba45f	439	834	57	14	Lemuel
107d44a9-be0d-4dc4-8274-71b5a1f53391	439	834	57	14	,
251b6776-172e-49aa-81c0-420cb6540c72	494	832	38	16	58
607b2a9d-d929-46d4-bca8-a2bf077c03f8	494	832	38	16	-
5624a9ac-4e81-44bf-8fc8-4f3afb5b6ba2	494	832	38	16	8
bdde082f-e7a9-47b2-b15c-fd8f8738589e	494	832	38	16	;
041878a9-26ef-4e2c-a216-a4e4e776e1ef	534	832	50	16	blesses
406ec54c-75cc-4054-9d28-32eed2b2e56d	586	832	36	16	Sam
cc71bece-01d8-4825-a121-cea9155ed744	586	832	36	16	,
736a528f-5275-4bcd-9945-90bd61248bea	348	862	30	24	hi
7736dcfa-f0c0-41d5-8cbe-ae49318200fb	348	862	30	24	,
baf823e2-2687-49bb-9d11-c0df8fb0b433	381	862	61	24	Nephite
e76c1bda-f05f-4895-92dd-e4da7528e6d4	397	842	36	27	dies
342986ab-30de-4a90-92c9-4e6b0ad756c5	397	842	36	27	,
b9d51f5e-2d6e-45f7-8255-43414fdd9e8d	431	851	54	31	Zoram
e86932ba-8cc7-48b6-b43c-29e4558a51ad	431	851	54	31	,
d2e95bab-e42f-4b6d-8bd1-6b7e1259da2a	442	846	43	12	58
35809c27-c043-4626-ab04-8e878fe617db	442	846	43	12	-
afa8312a-2886-4587-b5b0-ffe619a0b3e4	442	846	43	12	12
08c753d0-17ec-46eb-827b-00958414dcc3	442	846	43	12	;
a7ba120e-6d97-44fa-91b0-eb53efd9be73	487	846	74	12	daughters
ccc1d1b4-3fc9-4d00-9fc4-12e5842073ed	562	846	21	12	of
74d5f3a6-d866-44dc-97c9-f5b05f407018	562	846	21	12	,
107d3517-822e-41af-8353-56bb85346f4f	585	846	36	12	60
cebc530b-7b18-460e-a48c-fbf2d844c651	585	846	36	12	-
2d09e3d0-7595-4351-a808-6f51af8a4ff5	585	846	36	12	6
7ef1f21d-9455-4677-8fa8-8dd07a94ce8e	585	846	36	12	.
d1796190-4759-4c08-9d3a-bdace1431169	484	858	44	14	235
947acb18-9e6a-46e6-a4b5-547fadba4f0e	484	858	44	14	-
900c0ccb-a56d-4983-b66a-dcf544ac897b	484	858	44	14	5
61da3bfb-3e0d-4b97-99d8-b3ca07978d5f	484	858	44	14	.
a26474c9-0d48-42f1-b697-e26d6aee24f1	442	874	86	10	commander
7a8087bb-daa9-43ff-b6d5-14e8447d685b	442	874	86	10	,
3e71d572-bd97-433e-b55b-99e1c2fa3a56	526	872	60	12	303
816b5abf-b20a-4c2c-80bf-1c05aa0d27bf	526	872	60	12	-
78e5a728-fe16-4c8c-84dd-97db03567674	526	872	60	12	35
f2a9d5a0-ac53-474d-ac30-efbdeb5569a9	526	872	60	12	;
8464759e-376c-448c-8fae-aaa4fda7e56e	588	872	29	12	pur
f3f53233-9f89-4a41-8e8c-055e0a50812e	588	872	29	12	.
5a99c98f-56b6-4417-a2aa-e1b7f6c6ba2a	408	886	64	10	amanites
5ed0d541-d673-41d7-85bc-51f09ab8ea56	408	886	64	10	,
cc63bdd4-0371-4844-9975-5ea0001a80ac	356	898	52	10	captaiD
11c45604-ea9e-41ed-83c7-7baddfe1814b	356	898	52	10	,
22b6491c-2b3d-4956-b14f-d082ffdf8890	480	882	54	16	304
83cc5a25-b4b6-42e4-9ad2-7eb057ee7856	480	882	54	16	-
ff4147d5-62a2-470b-ae02-221b4929b168	480	882	54	16	40
8b8d5d57-734f-45ed-bf1e-3bf8c14a2c65	480	882	54	16	;
b581474f-f7f7-4971-8333-4d283b6f1d0f	412	894	58	18	319
9838e4f2-f63b-4a73-a04b-a6eabd8a9fcf	412	894	58	18	-
4df54f79-7c92-4797-b1b1-d7f9749af647	412	894	58	18	16
306cfa23-4a81-430f-88f7-916372115655	412	894	58	18	;
16d075ac-5c9f-4cb6-9846-5f132026ddd7	538	884	42	10	made
3b83bd1c-9c85-4ba9-92c4-31315382265a	584	884	36	10	chiet
2dcefade-f426-47d4-926a-0ab950c054a9	468	896	19	14	at
50094a9c-f96f-47cd-861e-89241d790a75	489	896	31	14	city
dd4f77d2-2191-42ae-9d9b-e7d41934d535	522	896	20	14	of
fac09073-c89c-4ea2-8d00-b066ec379761	540	894	47	12	Noah
1781a06b-0547-4735-aacc-803eb46948fc	540	894	46	12	,
6fa382cb-f820-46c1-be71-9cdce40db8d2	588	894	30	12	319
8a15768f-830d-4826-b792-62dc5f71a991	588	894	30	12	.
8b2ae784-ca97-4a28-848e-afa831145d15	432	908	77	15	Lamanites
cc11ff56-306d-4862-87fb-ee42f11bb7c8	432	908	77	15	,
bef9e6b0-6383-4e66-9954-5eab6498025f	512	906	52	16	330
32f4c87d-75b4-41e4-8b2e-ce7e129f9d1c	512	906	52	16	-
477b2eca-2118-412e-bb28-68c904157a8d	512	906	52	16	28
b014dc0b-464b-495e-b40f-2cea19f00903	512	906	52	16	;
e2294c12-8201-49ae-9686-b9a22043e93d	566	906	56	16	attacks
