ID	X	Y	Width	Height	Text
084e83e2-c4a5-4bf9-9336-99758de09a7f	76	68	22	16	vi
4f47cce3-736f-46e2-9092-21d8dc07baeb	76	68	22	16	.
1e45dd96-4076-41f5-8a8a-b616a6b8c2ac	258	66	58	18	INDEX
318a4992-c651-43a0-9e03-b375bdcb2bd1	258	66	58	18	.
cfbb98c2-55fe-4103-b1e9-41cbf9a4cce7	82	94	32	12	Verse
652653c9-62fe-47a2-9d4e-f1adb3d2e100	82	94	32	12	.
fbbe6649-e7f3-44af-a052-7185f3da5f04	252	94	32	14	Page
3eac8f14-70ae-4d14-93fb-ae75eeafffac	252	94	32	14	.
4a2fe95c-0d88-4c9c-9920-cd1b5520f48f	84	106	10	12	4
9893a6f7-1774-4586-8b02-1a3dd82fa1d1	96	106	70	12	Restoration
ff542689-3f11-4f86-9d01-93ceeb34b9ae	168	106	15	12	of
6b2fe7ad-4cfb-4bef-aae5-81427581a79c	185	106	21	12	the
1922737b-2abc-47ae-ab5a-ad99b46edee9	207	106	37	12	Jews
2f5f5c29-9f05-42d0-8fd8-fdec114674d5	207	106	37	12	..
46217d56-a791-4be5-8b6b-29a78e12e152	300	108	9	12	1
7f590054-3299-4a19-b434-c078af8d6f56	311	108	57	12	Blessinga
48406212-2142-404c-8353-93e1e2a72918	369	108	15	12	to
85e0d9d0-683b-4a7c-9ca9-843ee5fc4183	385	108	42	12	Laman
7b8dd2bf-07b8-47a3-b08c-d4ac7a672573	429	108	24	12	and
4f1e58cb-eb7a-4ed9-aef8-ef5f1083592e	455	108	43	12	seed
cb9e06ab-d0de-4a06-ac0e-15e090736a23	455	108	43	12	..
0c42fc40-3687-48d3-9da4-00298861f6eb	455	108	43	12	61
d2c692b5-cb9c-49e8-ac7d-0956904deb9b	84	118	10	14	6
e588a838-1587-4aec-910a-9cf8cbd67a0b	96	118	24	14	The
84d7daca-67dd-4d5e-bd4a-d82d66e84dfe	122	118	26	14	tree
a66a536b-cba8-437a-8490-02b1cb685b7a	150	118	12	14	of
bf3725ad-4e00-4221-ab42-adf40ba93b87	164	118	23	14	life
c51a1ed0-fbd6-433a-b496-19e3bcba88bb	164	118	23	14	,
6ec0f3e8-9eb1-4a25-943d-797e1dc12f19	189	118	27	14	&
063274fe-1b2c-412e-9a16-903f2a4caaac	189	118	27	14	c
0cce5150-ca95-4891-b9fe-c396918e56c1	189	118	27	14	...
21834957-b74b-42d2-a807-a9e862f07bb3	268	106	16	12	31
c82ab65c-3935-46a4-a813-e9c090498f46	296	94	32	12	Verse
08a91d48-38df-4fc0-9532-eff9b5efabac	296	94	32	12	.
3d5fcd58-18bf-4eda-9051-39a027b861d6	468	94	32	14	Page
04c1723b-cd0b-4434-a0f2-a2d5c3779e0d	468	94	32	14	.
814d5f2c-298b-4c09-8e11-419dc3d75449	84	130	10	12	6
6ae6e85c-6f7e-4ea9-8cbb-46cfde2eefc3	96	130	24	12	The
251c4f7e-f04f-4048-84bb-3f4fa9f17b14	122	130	54	12	darkness
1c5a5051-a884-4642-aaad-dbe56fb8c115	177	130	23	12	and
e62bf263-a32a-444b-9e58-8ee92b6f95ca	201	130	55	12	torment
d13fbabc-d877-4c00-8deb-9d93bc224f7b	201	130	55	12	..
2478f407-1b8f-4d15-9832-114e79dd03cc	270	118	14	12	31
05741a1b-1d9b-408f-846e-7b0cf208b364	96	142	9	14	1
af12c98b-5836-4407-9247-161b8c65f00d	106	142	40	14	Nephi
df2280d6-e483-4400-af2e-d24aba75d9a3	106	142	40	14	,
5017ca0c-1172-40b0-b585-1c32126211b8	148	142	33	14	chap
92fa4c66-a881-411b-8743-456c3eeaf807	148	142	33	14	.
1b80829b-591f-4a66-bb4b-2ce0fdaa6d6d	183	142	21	14	5
9fa98628-056b-4868-9ef5-1bdcb4d7c2dc	183	142	21	14	....
704f9c06-c8d0-4c9c-a904-63492452c0b2	268	130	18	12	.
757f939a-4dd5-48fe-af6e-01c6b78414ed	268	130	18	12	32
10e939de-2dec-436d-9edf-a78dbb1c7a87	300	118	10	12	4
e767e5b6-ca63-4ce8-bc27-c321fe3368ea	312	118	39	12	Lebi's
8eb91d93-c781-4c90-a462-394554a05156	353	118	35	12	death
1c9ecfe7-3c8f-4d28-834b-fdfbd6ce994b	389	118	24	12	and
cb572dbb-fae0-4924-b689-0225734bd21c	414	118	54	12	burial
14ebed80-6329-4ec6-be42-510b684dd4f6	414	118	54	12	.....
194501ec-c3db-49c1-9e4e-f6003943c859	300	130	10	14	5
dc53cac9-1e3b-4111-9c27-96d9056a45dc	312	130	37	14	Nephi
5e072206-f863-4ac5-9080-c419758ca657	351	130	12	14	in
eba8ef7d-5539-405f-97f3-98a551a3b7bc	365	130	44	14	danger
777417c7-f36c-45ee-bf6d-f7af2ac3bbe1	410	130	12	14	of
92f2f51b-6f31-4b73-b0ab-5f01d651de70	424	130	19	14	his
18ad7506-43e4-4e98-9457-60ce88862d98	445	130	21	14	life
8db1c423-cee6-418b-89b4-12dff573c649	445	130	21	14	.
3355d623-8592-4497-a28a-26b2ca8d580e	484	120	18	10	62
4e63a95f-947a-47df-8139-25cb57f95198	84	154	10	14	8
f10f494c-5bd4-4422-bdb8-be3d923df423	96	154	37	14	Lehi's
475556b3-6272-4cbb-96f9-152518481f35	135	154	26	14	ons
1b2886fe-b131-4023-bb3f-793024955b25	163	154	45	14	marry
f4778533-8cde-45cb-ad0b-02b05553dd28	163	154	45	14	..
50e5ac93-5bba-47af-a5c0-20d9db07e0f9	268	142	18	12	32
94931ba3-54cf-4e2a-9711-28699252a0d6	300	142	9	14	6
d5fbf6ce-8e08-47c3-be9c-8832d5f433ed	310	142	47	14	ерціʼв
68abdcbb-2109-4219-a672-7f402857ee2a	359	142	49	14	рвуег
65ae535a-acba-48d1-a26e-9eb2c8f75624	359	142	49	14	..
6d7dc48a-9ca3-41c3-ad4b-5f34bb08a5a5	486	132	16	10	82
3fce4bdb-ce3d-4dae-9af4-db553eab27f4	270	154	14	12	33
cb676209-5abe-430c-be4b-382df4bee7fe	84	168	11	10	4
04e82570-587e-4c6e-a499-7bbc351839ed	97	168	25	10	The
45393b9b-91f6-42c2-a069-2591b21ef024	136	168	68	10	miraculous
8ccf9751-431c-44f0-b3e8-500c8e6c5c7d	220	168	52	10	directory
b2ff8294-49bf-413c-b78c-d43c8c5cf1b4	312	154	9	14	2
f5b316dc-85fe-4e19-834c-d67de0aa326b	322	154	38	14	Nephi
9f7369f7-7a84-46e7-b2b3-e899b4fd3d05	322	154	38	14	,
48ee7e7f-94ec-4ca4-969e-4a564e362ad4	363	154	33	14	chap
9808c23f-066c-4aea-a858-a7ee1c9d7ee0	363	154	33	14	.
321ce23b-bd32-47b4-9afc-68a40a5f85a1	398	154	18	14	t
9248ea9a-bcf9-42bd-a217-6f17153614e1	398	154	18	14	...
575da3be-b95c-4e06-be58-e6f5c63d5c35	486	144	16	10	62
56ad9bed-4935-4e66-aa38-a3a27087c02c	486	156	14	10	63
6e1432ff-44a9-4df4-b315-bd157ba549eb	108	180	40	10	found
5207beb6-1fda-4691-bb75-f0d149497120	108	180	40	10	.
0f266535-9e47-4eda-9575-9672d5a884ac	268	178	18	12	.
84d2ce4f-6509-4a02-96c4-50920947f584	268	178	18	12	33
5db086c6-6bb6-4fef-9bec-2d5e75b7b794	298	166	12	12	2
658d7189-1094-4caf-9f36-e79d294347e3	312	166	38	12	Nephi
e48d4932-add1-4139-bfe5-845545be1ca1	351	166	24	12	and
bf2cb3d8-b3d3-4330-a605-ff749e0bc249	376	166	41	12	Leman
03a1b38e-9978-40bd-96c5-82982b421519	418	166	50	12	separate
7833e909-0224-4fb1-a5b2-d84baa550135	486	168	14	10	64
c77ae1f0-4c61-4b21-9095-f9f3463f002b	84	190	10	14	6
5d1469f2-3164-4904-9526-2ce38f474743	96	190	33	14	They
fd59713c-dccc-4f29-bf7c-4878f79981f7	131	190	42	14	depart
0dea973f-f6f6-4d57-90c8-2455bcce6335	175	190	40	14	across
054a0952-4a2c-4f54-aaa6-10399fb5083a	217	190	23	14	the
dc0be6a4-b58a-4092-b5e6-9aec48ee648f	241	190	33	14	river
c8b0fde3-0f0b-4df8-9ff3-f5d2f9504d2e	298	178	13	12	8
7edcc1d3-bbe1-4f3b-89d1-5271a5d718a4	313	178	11	12	A
9ab627f7-e8bd-4c17-a230-2d0c34b609ac	325	178	44	12	temple
f854f0bb-7d59-4ae0-80be-18e005d2df24	370	178	42	12	built
a1282e88-0f14-485c-9eb9-2bdf43bb5823	370	178	42	12	...
b1291537-0e93-4a77-a149-c2134dfd2d87	110	201	54	13	Laman
55bdc722-b777-4034-a235-4849ca2eb01d	110	201	54	13	....
240d3188-fd31-4012-91d9-86fffffd60a3	298	202	12	14	5
1b6d1f1a-ebb3-492b-9df0-f11894051ec1	312	202	35	14	Jacob
b997c929-fa1b-4513-95c6-8c01da6d5979	349	202	21	14	and
2a0a6a29-cf3c-4be6-8b64-f586b2e4b38a	371	202	42	14	Joseph
323412de-8616-4d86-9177-3696e50c013b	415	202	30	14	made
4fc91961-baa9-405f-9f15-5bc6ccaf892f	447	202	55	14	prieste65
1ef04707-70c6-42e5-9b37-124f55b577a9	84	214	12	14	7
75710ac3-dda9-4bdc-89b5-6e654fd2f6cb	98	214	44	14	Depart
0a6aedf9-a007-4334-9e81-87c2769b22b5	143	214	35	14	from
20ce6b11-c4c6-4df7-b66e-ac0e3f8b1a3b	270	202	14	12	33
a17b793b-6865-4281-9cc8-87f3f4474b8d	298	192	14	10	4
00ea54a4-acc0-4e49-b29a-efbdde901812	310	190	25	12	'
24903012-f1b5-47cd-aaf2-9dababcaeb86	310	190	25	12	The
3ff83b33-b69c-4400-8d51-6e03509078f1	337	190	34	12	curse
ffd96eb9-863a-4091-b7a1-2ea0fde62f19	373	190	13	12	of
be4bb541-8265-4db3-91db-9e06f325895c	388	190	60	12	blackness
1cb9d9fd-d711-44e1-8f2e-7c2d98e0c67e	388	190	60	12	.
e38dd53d-c2c7-4432-ac3e-5b2082713a10	486	180	14	10	64
040fe231-3f35-4ce2-8ca9-4f269ac8a5aa	484	190	16	12	65
8b6d434f-ca68-4055-8ba6-dd46a2f47eac	180	214	46	12	Shazer
02971e18-2462-4816-a81f-5d64cdac8d1a	228	214	44	12	toward
22744afe-6497-474a-a415-390b45d6890e	300	214	10	14	6
7ba6cf63-3f77-43fd-a9af-ddb7fa449c74	312	214	35	14	Otber
d9c4395a-5617-44d3-a9f9-77d2f1024f80	349	214	37	14	plates
30b2f939-eae5-40a8-9599-f1282420bf4c	387	214	70	14	commanded
595a07f9-5f20-4fc4-b4f3-d5f657e8655f	459	214	23	14	and
7eb0bda6-cb8e-4074-bfa4-306782eaa796	108	226	22	12	the
fdad3cf7-49a5-4dd2-9b39-b6b7dd3e85dd	132	226	27	12	Red
7d1b6889-6d18-495b-8ef2-ee5d45b6de31	161	226	34	12	Sea
75de30d9-2d46-4b34-907b-f1f3420c577c	161	226	34	12	....
66a36575-bf34-4999-95c0-928a3c9f9d66	84	238	10	14	8
2fe995a8-ff42-432c-806d-8b5c9e2894b5	96	238	45	14	Nephia
885797d7-28da-4376-840a-feb3153621eb	143	238	26	14	bow
8eb4fc04-709b-4886-84ca-f0cc3a1002c0	171	238	45	14	broken
99a275d0-2c1f-43f3-8c62-0679c48e771e	171	238	45	14	.
706d2b16-9f60-4377-861f-2168c0dd3a8b	268	226	16	12	.
155e54cf-cf1c-4d72-84a8-5c2db3cc39d5	268	226	16	12	83
6663698d-108c-4498-8abf-7698a0ee283b	78	250	16	12	12
68eca979-59fd-41e7-840a-4b07d48dcdc2	96	250	26	12	The
5071542f-1482-429b-b060-d0b35388c757	123	250	56	12	directors
1eb1bc2f-00e1-4987-8beb-d5ee50a2515e	180	250	32	12	work
2fe91375-dda0-42ff-abb2-d11b4f6a75f7	213	250	31	12	accor
b8c32448-24c0-44ca-aa41-63b610c2b778	270	238	16	12	34
8a2ae588-8ab7-444f-bf54-3eaab7f17341	324	228	40	10	made
070b920c-4a08-44ce-ab0e-7270fb089eac	324	228	40	10	..
c4502b7f-a354-4892-940b-a01c1314456d	312	238	9	14	2
06e02bfb-171c-4c87-90f6-8594258cf8f4	322	238	40	14	Nephi
4755e372-2f76-4a89-bb05-99ef511c9276	322	238	40	14	,
bb7220b2-6a31-47f2-9737-c509ab6cb101	364	238	33	14	chap
1dd7e0c8-a60c-4ca1-8397-4ce2356ac90e	364	238	33	14	.
83fe5e53-a09c-42a3-8770-cdf2f58bc770	399	238	13	14	5
de3bdba2-f07c-4a2b-9078-b9af3f427ec0	399	238	13	14	.
bfb31136-dfc7-4c48-a5d8-92934211c5d6	108	264	12	10	to
705ace4a-c025-4223-be87-c3804211c9e8	122	264	44	10	faito
c8646503-8407-4d52-a005-5c765587c254	122	264	44	10	....
827849b2-b223-4430-bc81-13d255798df5	252	254	22	10	ing
1ef14cf2-f741-44cf-bbd2-5a2b1cf270b6	300	250	10	12	2
81181c7f-79e1-43f2-8c26-ee625c7dd20f	312	250	36	12	Jacob
78bcc8de-e7fc-42a9-a89e-91e2d0226af4	350	250	57	12	rehearses
0b520dfc-b4af-43a2-95fb-ad00d5b0cb0e	408	250	21	12	the
e15fa8ac-95ac-493b-9f82-48f476ec7151	431	250	36	12	words
17a8bf38-416e-4ef8-9834-4c18df47fdb3	468	250	16	12	of
27202270-7c29-40c3-8cd4-0ccec3de5333	486	228	16	10	65
1a60489a-3166-40c6-853d-188aa1b7d05e	486	238	14	12	68
a1ef3a8c-5c49-4a08-85f5-482f249163b2	78	274	17	14	15
d7a0af00-cf86-4643-a395-4519a28e78a4	97	274	31	14	They
5d9902ce-c0c2-4246-8a8b-7aa826214d57	130	274	56	14	jouruey
96e391f0-9dba-4140-990e-26b6ca772015	130	274	56	14	;
922973fc-26de-4beb-886d-a0fbd5bb64f8	264	264	22	10	..
4c94a541-b1af-4664-9a8f-ea384750b7bf	264	264	22	10	34
a15671c3-ac1f-4f38-a44f-c2f4b532658f	312	262	40	12	Isaiah
4c8f668a-c110-47fe-a619-8495cc8cfb2b	248	276	24	10	dies
da025c8e-abf9-4003-b2ed-c4f53f9fd5a9	300	274	9	14	4
e232d177-f5ba-4fb0-87c4-cbe65448175b	310	274	24	14	The
a646994e-8a24-4106-af70-edeb976ccf7b	337	274	63	14	judgmeuts
8ea75fde-f05f-4cda-9e45-d0fe485c3a97	401	274	17	14	to
7f6550c4-dc9d-4b05-9ede-277742aff551	484	264	18	10	66
b864bcbd-15eb-4e87-bc1f-ad0c914c7782	478	276	22	10	..
c5171c5d-f12c-4f26-81d0-5cb15a42bc20	478	276	22	10	67
814daa47-ac48-4bb3-964c-306710701462	108	286	14	12	at
29cebf0f-be40-4df5-888b-a75a55f25f2e	123	286	45	13	Nahom
8ab15366-96df-4064-b0b8-7646f632e587	123	286	45	13	.
e767b43b-8324-4052-8c89-bf741e8e8f50	268	288	18	10	.
517fc74f-a29b-4715-9cac-fe1b9572a392	268	288	18	10	35
b04f4630-20e6-4116-8637-f70d442913c5	268	300	18	10	36
efad9885-5032-411b-bf04-78491f36bb2a	300	286	9	14	5
ebb7b989-e3ce-4cb2-b916-fb54d44c0252	310	286	26	14	The
166976bc-443e-4305-873d-7bf542abb60e	338	286	44	14	second
7f54d0be-d7f5-45d3-9ed6-499196e1d285	384	286	31	14	time
bbdc4396-80d1-4fa7-9b44-fd9ca5122776	417	286	17	14	to
10798727-faf0-4e8c-9412-48960e71a064	436	286	46	14	recover
4935d7d9-3000-4a33-8ea7-f17ea38e7cc2	78	298	16	14	18
b334308c-93f4-4398-af59-63fe503b72d3	95	298	24	14	The
cc0eeed7-e2d4-48e6-9acb-def57e782679	122	298	21	14	lan
719d64aa-0c86-4f94-b837-309be98f3dc1	144	298	5	14	1
99ee2b22-eb42-47f9-ad6e-7aa6dc60b031	151	298	57	14	Bonutiful
9a2cef75-04f1-4073-be33-eb80bb453735	323	299	43	14	people
bc845a0a-84da-4f86-a203-1cc1ae17dca6	323	299	43	14	.
04ba965c-4512-41a2-b225-672d4e8307d8	94	312	63	12	Command
af505335-c4b6-4218-809f-7bd82e27c98c	159	312	14	12	to
0a72071d-a1b5-4030-b0e7-56298dd5fae2	174	312	33	12	build
fa7e779f-0c33-4b38-9c6e-046543e549ac	208	312	9	12	a
f69701bc-0aaa-480c-bc8a-2658646baefb	219	312	27	12	ship
c8320f7b-0ee6-4c10-8b3a-b5c8fc98e28e	219	312	27	12	.
d3f42407-07fd-4de5-b73d-c7524942ad55	300	310	11	10	"
a81cc6d0-9dec-4f79-b4bd-3495680f8d49	312	310	29	10	Who
38211223-2d44-44b9-b507-1becfa7c7efb	342	310	44	10	feareth
60796705-4469-4886-b4d9-e65145a396a2	387	310	21	10	tho
a4fcb89e-4311-4910-8d53-2638e4edf598	410	310	30	10	Lord
8b8232ce-0db6-4312-b78e-cdeaab10e556	78	322	17	14	81
9d8f2ac4-fb8d-44ca-9870-3c6a4c68a1bc	97	322	37	14	Nophi
85fc50e0-e194-40d9-aa8e-2e3e8ecab138	136	322	40	14	nearly
822f67bd-e7b9-4ba0-aaef-8c63590ab6e2	178	322	62	14	worshiped
0eb4f28f-31d6-43e5-aed8-d002f3091805	268	310	18	12	.
bb3319a9-6c48-4110-91c2-6795ddd7afff	268	310	18	12	36
2d0805e0-dbcd-4653-8583-cc267a49e8d8	484	298	16	12	.
c9f406d7-4775-43a3-af3f-aca126b50edb	484	298	16	12	67
0951f363-4611-4b52-9b8c-49b970ca3c71	98	334	23	14	The
24ea3649-0ddb-4fff-8588-ed6c8cae6339	122	334	26	14	ship
b485f8e2-8eec-4bab-b58d-09787984bab1	150	334	50	14	finished
23c89996-105d-43c6-a403-e7f163f1b3e2	270	322	16	12	40
d6564dbf-0322-4323-bf12-eeb365b5762e	270	334	14	12	41
f35b2113-8e36-480a-87ac-20c13769dcd6	294	322	16	12	11
d4659a0b-e9b2-469f-80c2-ffc1728e3d0e	478	312	24	10	..
63eb3c72-c974-4a4f-b166-8b2fbd82a7c9	478	312	24	10	68
31b16143-2262-48c5-b33c-3bb23dabc403	312	322	35	14	Arise
a53ca1f7-f996-4feb-9fb5-06fe660ab0be	312	322	35	14	,
72d2c797-5a27-4153-85ff-d71dd30efaa7	349	322	17	14	sit
3e93adea-63a8-4720-9706-8a59a14309ff	368	322	37	14	down
da3e1265-276c-42f7-9520-1b75aa3ac97b	368	322	37	14	,
61b29060-6903-4844-ac5a-a4d455409fbf	406	322	14	14	U
5700efce-63bf-4ee6-b27c-99ef1ae5066a	406	322	14	14	.
54ab3334-8364-43b6-abf8-a569930c8422	422	322	80	14	Jerusalem
c7777ced-22f6-4032-b9ea-938eb2da3509	422	322	80	14	.
a15fed82-e0d4-4bab-9a91-a7290e861abe	422	322	80	14	70
990a3dc7-db18-416d-ac1e-3e29707a578d	312	334	9	14	2
f9118a68-3b7b-48b4-a863-acf6bd62f2d1	322	334	40	14	Neph
4b72eebb-a85e-4708-8755-77dc302833bc	322	334	40	14	,
28e61a51-25ee-4447-945f-2e7849a437dd	364	334	33	14	chap
230db0b1-dc1b-436a-87fa-2d6231983271	364	334	33	14	.
0239c7f4-696f-49ce-aed3-28a5ca1c3933	399	334	19	14	6
f5a2903e-3bb1-44db-8ad2-cd6780e7b5ce	399	334	19	14	...
af1959db-ba67-492a-b1b4-76e97a7b9473	78	345	18	14	86
d97f5076-7425-460f-9baa-b2190ac0b713	97	345	35	15	Lehi's
55656a8c-9b12-4ec2-83a4-c59a56b15d4d	134	346	30	15	sons
146c426f-ccf4-4c39-9b7d-34bce9aafc5b	134	346	30	15	,
580b30d8-fcf0-4f1a-b75b-84e37d76a523	165	347	34	15	Jacob
73aab806-790e-459d-8da1-37c793ee6ea8	200	347	25	14	and
0a1ad70d-5287-4cd7-af2a-e6dcbe4560ef	227	348	48	15	Joseph
77fe27f7-f089-4cc8-9af4-7abf0a83d21e	227	348	48	15	;
35a583b5-ae75-4010-bd47-a69b4740b9bd	108	358	49	14	dancing
2ecf7e42-036e-4987-bc2d-875e2212a44a	159	358	14	14	in
1082e3af-ed0b-4331-9c4d-cf0eb3481567	174	358	21	14	the
d1eee6aa-e192-4d60-ac78-938398d57bf3	197	358	29	14	ship
946474a1-b89a-4b44-930d-36141a30b470	300	346	10	12	2
40f3049f-0cb4-4eda-835b-6068298908b2	312	346	46	12	Christ's
31aefaa9-2709-4439-9567-bb2ad7faa2d5	360	346	80	12	resurrection
ae3b7b62-6e9c-42fd-b079-0f395091ac33	360	346	80	12	.
0bbd287d-e7d1-4dad-bdfe-1c89c59a9508	78	370	17	14	87
99519433-4e04-4d23-bc52-194d38aec15d	97	370	37	14	Nephi
e694f4b3-ca85-4513-b9cb-8ffccf7b7449	136	370	42	14	bound
aa495308-b4f0-4560-b4c9-eae90dc8411b	136	370	42	14	;
a83bd78d-ae63-40ad-9b38-19c83c9996a0	179	370	51	14	compass
1163e39a-0823-44fe-a118-dec48b3ff61a	232	370	40	14	refuses
5845491d-b492-45c2-ab6c-05d713395425	300	358	10	12	3
500f4d13-31ba-4d47-8763-628cd26b8fbe	312	358	24	12	The
889ae7b0-703c-47a2-b52e-4b5eee09c1f6	338	358	51	12	doctrine
0546816d-5fff-45ba-bf49-b93c388e8b3a	390	358	13	12	of
d6231205-4f28-4e9c-ae53-7133d5722b05	405	358	61	12	atonement
1f618c1c-8581-4dfa-af7c-71b6fcc99882	312	372	24	10	The
35a47ef0-d709-454d-acfc-277e3ba6a9c1	337	372	54	10	spiritual
78184a51-4c70-4034-ab8f-a96fbfda3e65	392	372	40	10	death
be18f747-e243-418d-b792-1f011e8244fe	80	394	14	12	13
559dda89-71dd-41ab-a950-80918ecb522c	108	384	17	10	to
c64adb18-3874-4e41-8042-60a4798c4094	127	384	35	10	work
4cea3e3e-bdfd-4446-a53a-dc4dcd527ce0	127	384	35	10	.
5e8d1f0e-5986-4c33-b5d6-e7a170b0c3ca	270	384	16	10	42
c16df244-577c-4bf7-a88c-442559a414f7	96	396	45	12	Arrival
70d83bdd-9394-4e11-8bff-b98fabb27711	143	396	15	12	at
ee899806-9092-4377-a409-a899547b67cf	159	396	22	12	the
24384bc6-b0a3-4e12-907f-3f5ac199d9e1	183	396	55	12	protoised
536e78e6-54a1-4740-9fd3-3c3d3671159a	240	396	26	12	land
22db94c4-2d39-49af-973c-e14e3715d564	298	382	12	14	5
c8fb9999-e680-46d0-b5d8-daaec195e8de	312	382	12	14	A
68c530dc-b019-428c-9a89-a8540aa6082c	328	382	70	14	knowledge
38b38e2d-5cd5-4177-967d-31f4d628efab	400	382	16	14	of
2bb0d320-eabd-4d91-840f-bd6ed50c2745	322	382	35	28	right
8d0769f2-23d1-428e-8468-a0d4a98eafc0	360	382	56	28	does
7b2aa023-b9bf-4462-9a67-e857671d7fe6	420	382	35	28	hit
2d8339e8-68de-421c-977a-ffb2415f41de	458	382	24	28	and
db65e9a5-b040-4ecc-b4db-eabf31d55d90	80	406	14	12	45
d8a26cbc-5985-4636-b666-ce51bd96a9f3	98	408	50	10	Animals
cd6b2173-0a54-4ee4-ad69-6d7269b24c10	149	408	36	10	found
1b299b2d-13fa-4a22-ade2-10b87f591120	187	408	16	10	in
868ff0a9-6ef1-45e5-9d43-34f9eafd8929	204	408	21	10	thu
4fe59e2c-c4ba-4e21-924e-d70a9c0f2868	227	408	29	10	land
513fec3b-2657-4bcc-9ec9-0b4ef4fc51a5	227	408	29	10	.
7e569752-f599-4393-bbe9-c63c42f105e2	80	418	14	14	16
b75346af-ed6b-4a63-b648-a35c83b4a0d3	96	418	40	14	Plates
85aefd62-5120-4cbf-88fb-3ebd676e5e79	138	418	33	14	made
a55ec536-df76-4f00-be49-fd34281a6b1a	173	418	19	14	.....
30141a34-14e4-4013-ba15-6400080cba3e	268	406	16	12	43
d3817080-3c58-4a94-84f9-67238efa5f5b	324	408	44	10	rection
8006dd88-17ac-44c3-b3d9-ed8a7d73d80c	324	408	44	10	.
39688789-aece-44b2-8e61-77215a2756d3	78	430	18	12	47
203477bf-6b1b-445e-a81c-0185c4a8e4bf	98	430	42	12	Words
a780c70e-b1ed-4c37-94e9-5486db383c39	141	430	17	12	of
7f51105a-4910-4408-8244-ce01338d8106	110	442	42	12	Zeuos
a7716b30-30ae-40f2-a0eb-cb3d6ced3f30	110	442	42	12	..
805050f5-53b0-4753-bfbf-4e20ca2193cd	158	430	49	12	Zenock
c3b7db3c-7a38-49a0-8424-ed2e9c8e5edb	158	430	49	12	.
e6163465-0588-4996-8feb-d2e32f7bf37b	209	430	38	12	Neum
1b446233-e37d-4995-b408-6250536f78bd	248	430	24	12	and
68669633-b767-4237-bf49-3a00abe5109c	300	418	10	12	5
3399b898-d12c-410c-be8b-277a973c0744	312	418	22	12	The
25492353-ed1d-48c6-a4d5-e09f9727706f	336	418	74	12	resurrection
020a0f9a-5645-4f58-a0c7-7e1770346a3f	411	418	12	12	of
ab00c858-343d-4bf6-bfc1-7e9e8273ef4b	425	418	30	12	inan
e6d6535f-9655-49e6-996c-2d6beeedf382	484	418	16	12	.
878d1c89-6ba5-47f4-be51-0dab8ce1fcd2	484	418	16	12	72
0440730e-cf93-4c53-86b4-556f855692c3	298	430	12	14	9
62413d60-425e-457c-be29-937b6b4312fd	312	430	49	14	Baptism
970a08af-5780-4b51-8086-fcc446651a68	363	430	23	14	atid
cfe2c3ee-16f0-4d31-82af-b208932f1cb5	387	430	58	14	judgment
19b79f36-7482-40b7-930c-642e64ddbf97	447	430	53	14	taught79
4c5bcecd-0439-4241-8213-a3d9c89526cc	78	454	17	14	48
dcba4b80-4cdc-4773-b07d-de597f677e8f	97	454	37	14	Israel
65106a35-afff-4080-88ec-8434f5540f59	136	454	14	14	to
31fe2ffd-022c-4afa-ab50-c6f681c78e1f	151	454	16	14	be
28f75eb1-89e2-4c85-b619-4d7b726d778c	169	454	44	14	visited
d76ee42d-0c2e-481f-a207-567545f12c59	169	454	44	14	,
edff20d2-bf52-4711-80e0-16ac63ecf798	214	454	28	14	prob
ba46e6d2-60cd-414b-95f1-2cbf5f0d51b2	272	442	12	12	14
25f72a51-a66f-4d44-a2d5-3924817a5e42	294	442	16	14	12
ec987dfe-754c-4cb3-abb6-ff53b4669552	311	442	37	14	Woes
861ea529-60bc-4329-8495-243bf69e445a	350	442	72	14	pronounced
1b779429-f63e-4302-a418-b5c361a32c5a	423	442	35	14	upon
18c3a560-5f6c-49e8-b379-6a065f673ed2	460	442	22	14	the
bb5e6608-a11f-48f6-86f6-b98c6666eab4	322	456	64	12	iniquitona
4b93d33a-43f3-4136-86a8-914cbf56ae47	96	466	10	16	1
cf0a11f8-65a3-404d-aaed-7d4a0dccaecf	108	466	38	16	Nephi
078023ec-0302-40eb-a0d8-20043d430307	108	466	38	16	,
12b356ea-d43a-456c-a545-bab705d73e2b	148	466	32	16	cbap
fbb91dbf-ba6f-4f18-9a60-2898811c6a7e	148	466	32	16	.
1f11f776-6e08-4321-b432-0b9e8f8f5716	182	466	20	16	6
a35878e2-d992-4dff-be46-efb1e8db9a3e	182	466	20	16	...
a7da9bf8-4245-4ac2-bf6e-bc619194d8ff	96	478	49	14	Isaiah's
e2f2d7c1-77a6-4229-bd11-4de45ca81c00	147	478	57	14	prophecy
215e2515-22ac-4309-b37c-edab4d8e1cf5	147	478	57	14	.
22d5ad10-53a5-4370-920e-dc9a729db27b	270	466	14	12	45
dcd5b622-90dc-4cdc-821a-71efe8e11da8	268	480	18	10	46
56aeb6e5-8972-4ed8-9864-f2828b5ba982	270	490	14	12	47
e17d277c-1ebd-4e33-9cd5-8d111d468953	98	514	10	14	A
c068f3d0-4563-41e5-9299-e8e1dd9b2820	110	514	44	14	mighty
76de29cb-edb0-457c-b776-7a4ed94eae23	156	514	38	14	nation
1c69d08a-1025-4774-8275-676e560c3df5	196	514	14	14	on
4dbf9a66-a475-45d1-8e5e-b78eb0a88d61	212	514	24	14	this
b6182ccd-87e8-4d3a-9625-c72452d7e749	270	502	16	12	49
88ae3c9f-a0fa-4c2b-8dee-f56e9ef195af	84	526	10	14	3
e80f3074-c37e-4483-997c-7e3c4fb39f49	96	526	51	14	Prophet
1e357483-fac3-486e-a39f-b5bdc1b05ca1	149	526	26	14	like
3c0e5334-88a4-4db4-ad77-2d8b298d62bc	177	526	39	14	Anises
61ee3413-cc65-4045-88c7-1906c05c45b8	177	526	39	14	.
84f2fa19-0259-4d33-9aef-6c42dfb9d034	248	514	38	12	nd
21a05ff6-667a-47c2-9fbe-4f57dada28a1	248	514	38	12	..
fe4a826a-ac90-4d34-8803-ee66e722962c	248	514	38	12	50
dd6b4bfa-ab3c-4fa8-886b-1f6c27d5cf4d	264	528	22	12	..
ae557b67-a532-43a7-8433-60964a58bc76	264	528	22	12	51
558aab15-c181-496f-8181-ee98902ca060	86	538	11	12	4
6af04ecd-ea6e-4e23-96ae-ce8c6e711dc2	98	538	20	12	All
695ecda3-5026-4ff2-bb77-b39c9347ad9f	119	538	48	13	nations
d987abb0-cba9-4e16-b6f3-38020fdb4a5a	168	539	14	12	to
8839d112-3c15-4a07-8df0-bc32db62ea3a	183	539	36	12	dwell
6a7f14ae-1c85-402c-ba34-e7d12558c653	221	539	36	12	safely
7d5a439a-abe1-4f7c-a996-0a0f9bdc5370	258	540	16	12	in
e73ce8b0-8703-4929-9ecf-c50ee8a973c8	110	550	44	12	Christ
42b8c424-511d-458a-b18b-40968dd6cf6b	110	550	44	12	...
d7b0b117-110d-4f6f-b136-d02695e82e81	270	550	14	12	51
6d27e93e-e14b-43b3-9091-6d38495cb147	292	466	17	14	15
f41cafa9-4707-4ab9-9de1-6b232bc6d3f4	311	466	24	14	The
74a8e3ff-93e6-4c33-9324-47f823237d1d	337	466	51	14	straight
a4361b9b-17a1-45ed-9c19-01390dc806ff	390	466	28	14	way
c8b932d2-17d1-4933-92e3-6fd3af2bdd43	390	466	28	14	.
c085cc0a-300d-4688-b4c5-3b1629359d8b	310	478	10	12	2
a3c9b995-88b5-435c-b789-4c0ba2acd4e1	322	478	39	12	Nepbi
49771e40-e75b-4e65-ac12-541740b0a156	322	478	39	12	,
195b7bf4-846c-4bf8-b05a-fa20adf72721	363	478	32	12	chap
b79f51c6-94e1-4a11-ae41-f08ccb4bc279	363	478	32	12	.
a998f54d-e082-4c87-8056-7f56338da5b9	396	478	11	12	7
88315a3b-e502-40fa-a884-62dec464109b	396	478	11	12	.
60bf9621-2c82-4ea2-adcf-0fd4838b05e0	298	490	10	14	1
61cfbd7c-2437-44bf-b4a2-4f31a6d55775	310	490	24	14	The
da1c084f-301c-4296-87e3-48ef4ddc1e87	336	490	61	14	rigbteous
f0c1ff66-40ea-4c37-a09f-c0a34c092de7	399	490	45	14	branch
8cc8aa09-2bb2-4fd9-9288-c7c23399cd7e	399	490	45	14	.
3553d168-7028-4bc5-8e4d-40180981701a	298	502	12	14	2
896a2e95-4973-4224-95ff-bc69a3cc33d6	312	502	17	14	No
454bd71d-d183-4d37-b164-ad4af45d164a	331	502	35	14	kings
db77ab2d-7636-4dc7-9f27-56266f44baee	368	502	31	14	upon
48a7208f-8ac8-42db-9f74-1a398f9649f1	401	502	24	14	this
0e74f6b5-6c61-461e-b9ed-f67335ec388e	427	502	37	14	land
6617b295-ba90-4f3d-bd45-90deeeaa4029	427	502	37	14	...
d2ad0927-d587-402c-b71d-d127daced850	298	514	10	14	2
ac5dcbdb-1610-4e22-8b1e-61f3ce9be681	310	514	24	14	The
c6941336-fdbd-43ff-a59b-ae5bf4ba2850	336	514	30	14	land
a78a7439-f8c7-4e06-ac94-f9e0581ba038	368	514	35	14	given
bfbd42a9-c741-4d7e-9b58-cc68cda5053b	405	514	14	14	as
ac35e0f7-9951-490c-8c59-fca712fe9caf	420	514	16	14	an
30c7439c-efec-44cc-bab1-7f172663e862	438	514	44	14	inheri
5b13a1a6-c64d-4b0b-933c-a9021b1add85	438	514	44	14	-
d8017775-1930-45b4-bd85-832d6da5ff68	324	528	34	10	tabce
2820c02c-3718-43ee-acc8-7cadbcaa3270	476	526	24	14	..
e93f8f9e-5dd5-4725-94de-99585017d32b	476	526	24	14	76
d34c762e-20fb-471e-97ad-8da784a9064e	298	538	12	12	3
a7cf9b8d-6912-44b5-a8f1-69eae8a068ec	312	538	55	12	Promises
778f4b74-e502-4306-8417-0f1c782ca322	369	538	13	12	to
4f738f13-61c4-4a94-8d8b-85a73a719af1	384	538	24	12	the
2df86e08-0a40-4969-a8f4-cb2c1a184928	409	538	32	12	lalea
78e0ff7f-9d31-4951-816c-0db124eb3db2	442	538	17	12	of
4eb85bc4-a67a-439f-9eb9-dbc2d118d0ce	460	538	22	12	the
f57ea8ff-79b9-4aa8-a8ff-db610fddaff3	324	552	26	10	Sea
254233cf-c6ed-4c92-8dae-3f649cc7afd1	324	552	26	10	.
ec05aada-15b3-4c81-be4d-6cb52888ec7d	312	562	10	14	2
a3c2899a-9e49-4742-bf50-c9434eb4add4	324	562	40	14	Nephi
3dac8026-79ef-40a6-8847-3f576d17a5d0	324	562	40	14	,
776bbdfb-2037-45a7-a5ca-52df7dd8e803	366	562	31	14	chap
40808c69-ee73-45b6-bd72-53d3e3b61422	366	562	31	14	.
f1c55404-dea0-497f-8e53-15a83415b6dc	399	562	13	14	8
37631799-c430-4c85-80dc-c2c243245f37	399	562	13	14	.
aa5f1c0c-30ab-492b-815d-65a56dad3bd0	112	574	45	12	SECOND
cf89ad8d-db75-4849-8ad3-b3479a7b4102	159	574	33	12	BOOK
18c37162-c100-4746-bceb-2952d61da284	193	574	16	12	OF
0e562be0-6a56-44bc-a6cf-f466bddbebb5	211	574	41	12	NEPRI
f59a6bff-013a-4929-bfb4-50e4ae10b02e	211	574	41	12	.
dcf6dd4b-c0d7-4606-8129-59b90052bfae	98	586	48	12	Chapter
e108b200-ef81-4a41-a2a5-28a80fb96b80	148	586	10	12	1
50f35a8f-e972-43a5-8545-fd118e777091	148	586	10	12	.
6022c584-2f93-4a0b-bbf6-992349cd6073	98	598	37	14	Lebi's
bec10283-d53a-4f98-aef5-a22d4b653844	136	598	45	14	aduress
735157e5-8745-4184-b3cb-83d627fc84a7	184	598	12	14	to
57cf53a7-9d0c-4a4a-9c10-15e369e8e1ca	198	598	19	14	his
06d68f21-470a-4a67-9327-49d94e92ffd2	219	598	29	14	sonn
156e0dbf-f18d-4387-b84c-6a6c899edf0e	270	586	16	12	52
7e657160-2142-4a3a-b6fe-c438dfb21962	86	610	12	12	5
82394d3d-9a66-4590-a32b-78781a526998	96	610	51	12	Promise
7184b9c5-ed98-4025-8aa7-962a2fbbaa91	149	610	14	12	to
bfdbfb87-8230-4cfc-9545-740a5a9f364e	164	610	47	12	Zoran
59ba0f0b-e38f-41af-b859-a5cc72979ffa	164	610	47	12	...
b0a743d3-84ac-4ade-a2da-b19b0d44bd7e	270	598	16	12	52
2eb1a5d6-46f5-4406-882e-2b0f09c0dd39	270	610	14	12	55
390a2e5e-2439-4ab2-a4de-39d0246a7311	84	621	11	12	6
057acd02-e942-49b2-9fdb-03f9bb452571	96	622	52	13	Promise
42131521-f90a-4869-be73-c62cfbdaab0c	152	622	19	14	to
e3a2642c-9449-4133-a867-cb688ee92a87	173	622	49	14	Laman
e2442c18-cb0f-47f7-a243-30bc6027baef	173	622	49	14	,
90744db3-ad7b-4737-b237-046acdb1730c	224	622	48	14	Lemuel
10731f94-6c61-4212-8eb8-c1915c591cc6	224	622	48	14	,
c3f019e7-9472-4a82-95cf-b9586aca247f	98	634	28	12	Bam
e27bdbc4-8e0f-4095-9393-4e483293d0a3	98	634	28	12	,
1f9cec4c-cd3d-4bd8-a78f-1150fa036372	128	634	26	12	and
564060ce-bdbd-476f-a2f0-07602513c90b	155	634	43	12	Jacoli
ae048c3d-7f43-4a2d-ab16-f4c0cec9982f	155	634	43	12	...
821a3caa-f78a-4f1a-b0c9-da7b38693664	270	636	16	10	55
e732ee49-ebf4-4c4b-9a69-a34ed8322c9c	84	646	10	14	7
4fdf2b77-1482-49f3-8d7e-ecbb8b3ddd0b	96	646	47	14	Things
d715bb54-4de0-4f8c-b602-cdb09d59529e	145	646	54	14	existent
637874a8-0293-429d-9223-bcc37b7043ec	201	646	16	14	in
f13700ee-66e1-4c0e-95e0-3501db197233	219	646	53	14	contrast
8ac8fdb3-b687-47e1-b660-a0f3631ec3e7	219	646	53	14	.
b47f6159-3586-4389-bef3-13c7fffed949	110	660	36	12	Adam
8810c2ce-9952-4c16-9764-8d57ab5e9eaf	148	660	25	12	and
60091261-cbf5-44bf-b3c0-211fa946967a	175	660	45	12	Eye
b6808473-aece-457d-841d-258a5cc71307	175	660	45	12	......
462214a9-358d-42ed-a204-e1def7a5b5f4	84	670	12	12	8
d921eb5b-9830-48cd-a04e-00f10d0cb578	98	670	27	12	The
f2dcb7ac-4c81-42aa-992d-ec1c8d9d448e	126	670	53	12	doctrine
91681840-37e4-4be7-9588-5085fbb929b7	180	670	18	12	of
f03ea8ca-cb91-4295-b0ba-9ae8e6307e6f	200	670	22	12	the
6f75b732-e066-40e9-950e-c1c328c8f934	224	670	27	12	fall
e03b68d9-48f8-4049-9d4f-58449e02345d	262	658	22	12	..
9af09d03-fee6-4ae7-ac99-35a7729f9c9f	262	658	22	12	57
a03c85bd-0695-4a09-81d8-eb1f873b8929	110	684	48	10	plained
0f97f209-acbe-41c9-9483-70a0bd5b939d	110	684	48	10	.
1959ea85-0aab-43e0-b088-63a2292b0e92	98	694	7	12	2
8839ef49-4d2b-47cc-8c97-3965ef3c35bc	107	694	41	12	Nephi
90286eb1-d787-49d0-84b4-061757d78f09	107	694	41	12	,
f048d7f4-3eb1-4046-80d0-277734d9dca9	149	694	34	12	chap
6b8165ef-82f2-4d8d-bff2-88c4e91e266d	149	694	34	12	.
66a7a442-1aa5-466f-b3bc-41158017d554	185	694	13	12	2
fbf1b26f-a2eb-434c-84cd-5ff8e22ee0b3	185	694	13	12	.
bac8d741-b2b7-4fc2-95cf-40d6a9e0865f	270	682	14	12	57
c5c8d3c4-8f3b-4021-8ffe-7641b112d008	262	694	24	14	..
380f921d-c84d-4d77-b5a3-9d77b37583a3	262	694	24	14	58
2c2312f7-26bb-491c-bb2a-99d2160ae403	84	706	12	12	1
661e6bcc-e82c-4861-a71c-d8f4f0fc61aa	98	706	33	12	Lehi
b873d86a-7936-4ab6-9e71-bf52d8b2cb08	132	706	48	12	bleases
588619b5-8f54-49ce-bfad-871637ac79fa	177	705	53	17	Joseph
8136de0e-cc76-496b-88fd-4b9601280006	177	705	53	17	;
0aceb6f4-7f6a-42e1-8981-448fe8c8e527	250	706	24	12	de
b8966293-490f-4685-850e-8a3be05a4e34	250	706	24	12	-
a9ef59f4-7743-43f4-9c23-2680253b2cbf	108	718	54	16	scendant
f70a96e8-911f-49e9-b16e-8dbd12d50550	164	718	12	16	of
75285aa4-5efe-4a5d-a10f-be79784d9037	178	718	40	16	Joseph
c7875473-bad3-400c-a4aa-33c02cc2f53a	220	718	10	16	of
6d148e25-27d2-4b34-b2ff-202b388ef680	232	718	54	16	Egypt.is
76b535b7-9959-4341-a253-ec5cefa36af8	86	730	10	16	6
d6f458a4-57bc-4838-a9db-41914315b84a	98	730	28	16	The
24a26521-9d40-496b-8dad-070e74686a6d	128	730	54	16	promise
6749a6bb-575e-4d82-bb2f-5d06be77a114	184	730	16	16	to
30296d47-9b96-4a54-92b3-ed1794a30795	205	729	52	17	Joseph
d517ac8c-f7a9-4d31-a0eb-071fc4802bba	205	729	52	17	;
1588398e-2291-41f9-8e06-0cfc16671762	110	742	42	12	branch
1241437f-6a9d-43ac-b04b-f63611928549	154	742	42	12	broken
ffe1f221-2663-401e-89f2-c7709abe5391	197	742	21	12	off
b6bdd732-a4f0-43e0-9050-277adf8e8d17	197	742	21	12	..
d2b8fcc2-1060-41da-82d8-78e497847a73	84	754	10	14	3
01662778-415e-493f-8d71-1f064ce8276e	96	754	40	14	Choice
150645f3-f348-481f-b2e5-c156b5df3d61	138	754	26	14	seer
83989abe-1321-4a27-88aa-0aac45638f00	166	754	62	14	promised
e11fa8b3-0b49-40e1-aba8-6006b7d61be8	166	754	62	14	..
6d9da1e8-59e7-482f-96fd-4b87f07a284d	270	744	16	10	59
cfba0676-1282-4185-b3ad-b214fe942014	84	766	12	14	4
8a9103e1-8a74-43c9-9de5-61d4858f9a58	98	766	52	14	Writings
3b6f88ca-84b9-44e1-b793-ca0bea4bf903	152	766	18	14	to
60f2c4df-6d92-4500-8be3-28a7c545b353	268	756	18	10	.
463085a2-244f-4413-a79e-e7612db8abc6	268	756	18	10	58
63aae20a-7235-419f-8293-4346d64a6624	168	768	36	12	grow
9a8260fc-4b3c-4ff9-816e-366ecbf3d466	206	768	57	12	together
b433519f-d922-4672-9253-c8107d61e167	206	768	57	12	.
f574299c-2a58-496f-bd6d-2a702e279bbc	96	778	12	14	2
8cd3bf27-716a-4150-8ed2-3e6484f7881c	110	778	40	14	Nephi
6cc55317-ec80-4961-a3bd-e6deb01d2152	110	778	40	14	,
be1bd099-4302-4ce9-af5f-641e15cdc00c	152	778	33	14	chap
c8a8c5e1-5f3d-4d83-9ea5-d0598a4030dd	152	778	33	14	.
41fdc29a-ad1d-4e8f-9015-c97966048f7e	187	778	19	14	3
ffb8442f-987a-4ed7-858f-b5f0307a1ad2	187	778	19	14	....
88b696fb-bc64-46c3-9017-da1442908530	270	768	16	10	60
e75ef48c-aa38-4d0b-8d1b-f7d0eee6b274	84	790	12	14	1
dbb62a8f-de21-4cad-bf9d-fa7d0cce2fc9	98	790	51	14	Joseph's
a7614934-7b8e-4e99-92ce-3b3cafefbcd2	150	790	58	14	propbecy
6e3822df-8258-4a74-a347-38ee571e9685	150	790	58	14	.
d2e96f3d-c8f4-43ad-b859-c812e0d627b3	300	574	10	14	2
6df17cd0-835e-45e9-9d4d-c59b3cf28dbf	312	574	47	14	Isaiah's
068591f7-dcd4-45d4-984a-0e5dd03e4d17	361	574	54	14	propbocy
57b475d7-1693-4c2d-a4ca-547a5a82e185	417	574	81	14	continued
c41cf5fc-5396-479f-8b24-808e13578e48	417	574	81	14	...
5eba69ae-bc9c-4ae3-b5c9-188182e07aed	417	574	81	14	77
3dd06dd0-5842-4e63-b8d4-273a91c6c3fc	300	586	10	12	4
9c527831-6457-485c-8935-8e1018a594d6	312	586	37	12	Jndah
93071b74-1e09-49f8-ae22-281e2ffeae80	351	586	26	12	and
7f388905-4979-4455-81ad-ed9528f738d2	378	586	68	12	Jerusalem
e6dfbb6c-dd29-4454-a3eb-66538c7eb1b3	378	586	68	12	..
8e5c4ff6-d25f-4fa3-834d-ab35150bba2f	310	600	39	10	Вавн
8d39ee75-761f-43cb-830d-a9074d1c19b0	350	600	33	10	ваві
ffd58728-4720-4cb5-9fb0-91bea3d124db	384	600	44	10	гиіе
ba4a4574-350e-4ebb-8097-e48f02618560	384	600	44	10	......
910a0cea-a09e-4b27-805d-a4118eb97c3e	294	610	16	14	10
886ad901-95b3-4a9f-a837-43aeb9c20a2e	311	610	61	14	Daughters
d4bb898e-00b8-4d52-a7ba-cdff57dfbd85	374	610	12	14	of
b682e54a-1437-4e3f-a574-5007629ef344	388	610	26	14	Zion
63832c40-848a-49d5-b90f-b74b8495c1c5	416	610	46	14	smitten
2e15fd31-eb42-492f-b484-3e830cf57dcc	294	622	16	14	10
9e8cfe54-1357-43e9-83f9-a503467c2aa1	311	622	40	14	Strong
ca3215d5-c7bc-4f21-94b7-d010791be11b	353	622	37	14	drink
a712ebeb-66aa-482e-958e-782df8c4c87b	392	622	70	14	condemned
e488210c-7eea-4871-882b-ccd2e758eacc	392	622	70	14	.
32170a58-46a7-4f48-951a-c312f4b5aeb2	294	634	17	14	19
b1c245d5-9911-478f-936c-c0b6107325eb	313	634	17	14	An
427f6a95-6c7c-46fa-805d-49261ec19ab1	332	634	40	14	ensigo
c8450076-c463-4622-b940-e51bc9c36301	374	634	14	14	to
779fb2f9-b3df-4ab1-a5aa-82a4bf7aa889	390	634	14	14	be
1cd58caf-3282-438a-a987-8afff69e6172	406	634	36	14	lifted
c80f7c47-d533-4747-a80c-807e7d513bc3	406	634	36	14	.
9f70511d-2ac4-4152-8bfb-c0dd828a518a	310	646	10	14	2
01cd7b25-c2c6-405b-a20e-9ff1296e4514	322	646	38	14	Nephi
9f4c3e69-5f5f-46c8-b316-cf42389ae5b5	322	646	38	14	,
965e0454-0352-402e-941c-479e91badcfe	362	646	35	14	chap
1cf85121-0f43-4b6d-a495-a998d6808b85	362	646	35	14	.
b78714b5-f8ba-4ed0-9170-9d4299d53f20	399	646	13	14	8
8e628236-f2fd-48f0-ac76-26bbd61a222d	399	646	13	14	.
ac5afe5e-70f2-4b5d-a083-73c05dfd2872	310	658	78	14	Soraphime
b7723a73-81ee-4f47-a51c-b71088a74266	310	658	78	14	....
85201061-90ed-42b5-a748-ce65ef6a867e	298	670	12	12	2
1dc6d3dc-4818-4646-aea5-0d6dbd202919	312	670	39	12	Issish
d8072795-3ed5-4955-b412-651ab03111e7	352	670	13	12	of
9be74075-a8be-4eca-ae1a-b0a918e39088	367	670	48	12	unclean
fc0b237e-56d7-4956-b8f6-159e728991b3	417	670	30	12	lips
5c9a2477-60aa-4529-8912-81604f01b686	417	670	30	12	..
a54349ee-21ef-4bfd-b3cf-d93241ac2a30	484	648	16	10	82
5a09737b-1fec-4181-9d09-e54bf5780375	484	660	14	10	.
253da8a7-3704-4b1e-9c9f-3fd9ee9d2530	484	660	14	10	82
c912c219-5891-4fcc-a10e-c46d822d9cfa	300	682	9	12	3
a603c80d-b890-4480-ba4e-b4f55090e4b9	311	682	26	12	The
f942e1bd-c5c5-4054-bd5d-f868719d3f94	338	682	30	12	land
5f4bdc43-c3ae-4468-a98c-beef1ab1af09	369	682	15	12	to
c356f537-8691-4874-9c3b-3addf2432359	385	682	15	12	be
749c1e65-58d0-4f22-acda-86f7fc25a429	402	682	50	12	desolate
1adb2614-d221-400a-8738-6add56556be2	402	682	50	12	.
bc0b59ef-b59f-4b4d-a6d8-7339722ce19a	312	694	10	14	A
c129a992-acab-4842-947d-37707b86a921	324	694	30	14	rock
283b2484-68c5-474a-bbb7-52d61a929249	356	694	12	14	of
0abb9c8d-c097-4c8c-9a53-9a54474f53e8	370	694	42	14	offense
f9bde54a-d126-482a-96d0-9909191f851f	370	694	42	14	.
ce6b2080-9cf4-4910-9a7c-6ca9c4ad46ea	294	706	15	12	13
6f8f743d-1577-47e1-b51e-74d08e9da6d6	311	706	26	12	The
d7e560a2-a723-4eba-8eb9-5591c0deab1f	338	706	67	12	counsellor
ecb05705-901f-4f2b-8ac7-ece646d66dfe	338	706	67	12	.
5c8a87e5-a987-441f-b24e-34b092378de8	294	718	16	12	20
45c321f6-b7e3-4514-8866-63564558313f	312	718	24	12	Rod
91482598-7079-4acd-8393-7cd2db15cd27	338	718	13	12	of
c6202564-a34a-449a-9ae6-002b907b38a7	353	718	42	12	Jesse
cd1d05f0-cfa9-4355-9d6c-c6b64cf2d2f9	353	718	42	12	...
075642ea-69b3-45a2-b3b5-33490fbbfa75	310	730	12	14	•
ffb8dee3-c29b-48a0-ab77-230c58662cd3	324	730	40	14	Nephi
547edae9-d252-4df1-90a3-84b2df2b723a	324	730	40	14	,
f8b59a3f-db49-4542-9d3c-9a94691d7f31	366	730	31	14	chap
f81704a9-aa8d-4a34-9691-4a161acb3998	366	730	31	14	.
03284da3-9663-451e-843b-71a292041d10	399	730	17	14	10
9596c4b6-5e97-476e-8237-03986872db9d	399	730	17	14	.
da6ebc38-ed52-4db6-8434-188146ca1af3	482	708	16	10	.
d577315c-dd3e-4823-8fd8-5ceeaf8d86d0	482	708	16	10	86
30f9ac5e-e6e4-4e1c-9486-38aa31050880	482	720	16	10	89
cc678902-02bb-4f1c-a0d6-d0fceff1b35f	310	742	30	12	•
5eab2af7-d798-4010-9c1c-f5aa097833c5	310	742	30	12	e
c22d26c0-0b57-4633-9c74-99f6b51e9ded	342	742	15	12	to
e229036c-6654-49ce-aba4-f4929087e30d	358	742	58	12	Palestine
b326a051-af65-4daa-b43a-c4d634239cba	358	742	58	12	.
f560bf89-0f59-468b-aa02-37858d09208f	312	754	9	14	2
f347e9a0-6e5b-4246-9fc9-4d976d645855	322	754	38	14	Nephl
2323758a-4ecb-472b-a5fb-e0f35456e1c1	322	754	38	14	,
958f5685-5d93-4de4-b59f-85d381907acf	363	754	33	14	chap
b8e99dbc-f228-4619-bd5c-35bc8e7a9671	363	754	33	14	.
03c66a0b-7d04-45f1-bd79-e6c35c903bec	398	754	16	14	11
fa03c116-4561-4973-a16d-fd15bb91c04c	398	754	16	14	.
a2f5f526-8f4a-413a-acf6-28831dcc5249	484	744	16	10	92
7ce8b306-8757-4acc-be8d-2e32354198ca	300	766	10	14	&
02aa7c70-3ff3-4233-80de-6963e9369a7e	312	766	45	14	Nepbi's
ee4211a2-b986-4406-9ffe-718e9196ac28	359	766	54	14	prophecy
d060668c-2270-4655-aedb-f01e5ae73491	415	766	12	14	of
4bdf163e-a247-4ef2-b2ce-9ab27b0ab243	429	766	21	14	tile
de724d7b-eab4-4b13-a573-0f79d5b70d91	452	766	48	14	Jews
49c8b9b1-a001-48cc-abe3-9a9dc4a31f7a	452	766	48	14	.
83e553d2-02fc-4678-9474-6c0d1537085f	452	766	48	14	94
ce368207-900e-48b0-81e3-b09ede1ab4a3	298	778	12	14	2
7d847336-38a8-476b-9dff-dbe407831ed9	312	778	44	14	Nephi's
c4404fcd-5241-4c9c-9920-b41f318260ba	357	778	54	14	prophecy
54c58c94-acb8-42fd-9115-92060190695b	413	778	12	14	of
608c268b-cb61-4df3-a651-6742cee92424	427	778	72	14	Jerusalem94
9e3ca1f0-c7d1-4d77-ae54-5158e2a79e9f	300	790	10	14	8
84209bcc-0299-4ba6-b36e-8cf461da8732	312	790	45	14	Nepbi's
4fd9e36f-6ded-409f-b079-005c46704837	359	790	56	14	prophecy
c5e72924-399d-4d59-89e2-eb0089c60d7f	417	790	12	14	of
d0a55012-0dfe-464d-824f-703ac321c680	431	790	69	14	Christ
1fb12752-da0e-4553-8cd4-b5fedf75da03	431	790	69	14	.....
7a18d444-b465-4d6d-bcd3-e8179a9867e8	431	790	69	14	94
1450f422-a6bd-4b67-b291-8b9357e30d88	410	848	72	24	Google
