ID	X	Y	Width	Height	Text
54f3e14e-4b55-4bff-913b-570a3586ddb2	76	62	24	12	viti
f27163d3-0d5d-41d3-9210-ab7622cfce46	76	62	24	12	.
481b96e3-0472-4e53-8e3d-507767e28297	254	58	62	18	INDEX
773888ec-2a3f-4a00-95db-17bb98022a4b	254	58	62	18	.
cbccea4b-ab13-4242-b11c-77bc1eb66617	74	86	36	14	Verse
4362abf5-9ffa-4a71-81f7-2f3c8c6a3613	74	86	36	14	.
e9ee53fe-9f3b-4164-be50-7c342c480f95	78	98	10	14	2
284d745b-64b4-4989-92f0-a0e1b0d2fea3	90	98	31	14	They
cd287e6b-c2ca-4d79-ab15-950f0e7777fd	123	98	44	14	receive
1a7bfe1f-6dfb-4607-ad56-34462f19d40f	169	98	59	14	remission
7c040fce-0ff5-439d-97fe-31eb36169102	169	98	59	14	.
da8214ba-e05e-4c84-bbdc-8b4f33ba20b0	246	86	34	12	Page
a7d2cb86-8f3b-4b80-baa8-3eef5ae5c417	246	86	34	12	.
10d9455e-c0e1-45ca-9a91-5cc7205eeda6	258	98	22	10	149
fa749db8-7fc9-4bb1-95f2-7cd51d0327f1	288	86	34	12	Verse
c6e1a2fe-a947-42ce-9de4-eee32e392f32	288	86	34	12	.
6f11aa5c-8ce4-458d-a8f8-8d40892fb31d	286	98	20	10	1
5179755f-2602-4847-8ae7-84772928382d	286	98	20	10	+
45eb5242-e306-46cd-a034-5806c4996a16	462	86	34	12	Page
75b68778-d41d-494d-add9-97870b04d1f1	462	86	34	12	.
37c03415-316f-49c5-8925-f3cb995ec902	78	112	12	12	3
c13565b9-755b-4095-8a11-fa265b78f6e8	92	112	69	12	Repentance
275e12c0-1406-4727-b570-de419b39343f	162	112	48	12	taught
a6a02598-a627-4f96-82b3-91e67a841eca	162	112	48	12	..
86509755-0224-48f6-9203-a7cd6437be2d	254	110	26	10	150
80d36955-abe1-4745-8b3c-03299ac05413	304	96	35	14	Alma
69aa12d2-cb4f-42db-8460-625501435ebc	341	96	54	14	troubled
0f91695c-13c9-4fe9-88c5-8e67c68f4ce7	341	96	54	14	,
a02c33d9-ba76-4e94-8c0e-4522e7d02f6d	397	96	12	14	is
99d2f8bf-67ee-4d9a-b394-efa46b0c25b8	411	96	85	14	comforted
37b58484-5a51-4eb3-8703-8e2d29692427	411	96	85	14	.
b2a844a4-8df9-41bb-bf60-49ec45c80c54	411	96	85	14	194
e03b86bd-88c4-4dd0-a82c-95e394499c69	80	124	10	12	4
bf94439b-3734-4316-a00e-d703504bbc1d	92	124	50	12	Begkars
f8f77f0a-7c44-414d-adcd-360d6002a0a5	143	124	27	12	may
c4721f43-bc63-4951-a566-86ff779a97a4	172	124	47	12	come
f188e9d5-56e2-45b6-a9ef-4a9de6763dc7	172	124	47	12	.....
83ddcb10-da55-41ad-a81b-e3cca5774e60	256	122	22	12	.
175eb551-a1e6-490f-9f61-940d93b26ac5	256	122	22	12	151
0615dc07-96f1-4183-a3d3-ccfa850d149d	304	110	77	12	Instructions
c6ce0d00-45a6-4e7b-8072-031fd276ffda	382	110	34	12	about
27c15bc3-dd14-4f91-ab11-01bcf4b32659	418	110	78	12	church
2380621d-84fe-4547-8905-ff7e334bcbaf	418	110	78	12	....
ce852f06-5294-4a56-9023-22216be14896	418	110	78	12	194
2e1c63af-f912-4d15-a2bc-0fabd86942b7	286	122	20	10	18
1d473d14-f21b-4b0f-a8fa-1184c7188cc2	304	122	74	12	Persecution
111e6144-069a-404a-88c6-b7484c5963ac	379	122	65	12	denounced
8c8d5271-d40d-4f95-8293-06ec8f9274e2	379	122	65	12	.
97389875-5564-4189-8831-bb3eacad68fc	472	122	24	10	196
fec8c90a-a560-4152-8643-d995a999f199	78	136	12	12	5
3645e384-f016-498c-aaa5-8afcf368e8a7	92	136	42	12	Bundry
89015493-28ad-4733-8197-e81453f6ff1e	135	136	38	12	duties
f756c78f-3c75-45e2-beff-2c674557dd61	174	136	50	12	eojoined
afcc99a3-f8a3-44cd-9a43-cea9fbd6fc0c	286	134	20	10	20
a3fbf1e6-054c-4f3e-9635-14abaa2efbe2	472	134	24	10	-
3bf1d642-3c05-4aab-866a-c90fccb046cc	472	134	24	10	197
7094514d-7c2b-4cf9-bda5-98d5215d2e2d	92	146	45	14	Mosiah
f93667a9-42e3-4566-8a00-39c1a3e104ee	92	146	45	14	,
84917c1c-443c-48d6-8cea-bb8e61d93081	139	146	33	14	bap
2da756a8-4556-4d7d-b3c9-6d0241d59ab5	139	146	33	14	.
a7172bbc-44a1-47fa-a8ab-ff422d946452	174	146	10	14	3
29341c99-4065-43d6-a20e-1bce6c1cfa2d	174	146	10	14	.
af6e00ad-9f6e-488e-8f60-8747c7d556ac	252	134	28	12	..
30c9a3e2-6c01-48dd-baa9-d13fdf19e168	252	134	28	12	152
2b098392-b58c-461c-a45f-70ad9461bb2e	258	146	22	10	152
ee6d0494-0ab1-4659-b86f-f9bf7b914a35	304	134	67	12	Conversion
43d40a1d-467b-4b4d-864b-3a1c199af2d8	373	134	13	12	of
c401f273-b7f8-45ca-866d-952d19a0e368	388	134	42	12	Alma
2bd0e893-5a96-4494-9889-1030548d2f0f	388	134	42	12	...
4522a1f6-88e7-43d6-8bea-fae473066023	78	158	10	12	2
80a3b550-c83e-4225-9bcb-13a85e1f00da	90	158	24	12	The
7ecc40a3-1aeb-4d1c-9795-c92fe022579b	116	158	53	12	children
ad368113-7157-4ac1-9e2c-64016d4b4a56	170	158	15	12	of
699db108-c357-4398-8d85-56f22b446376	186	158	42	12	Christ
0b3d6499-2d55-49b6-8c12-bf4784af0d89	186	158	42	12	.
56e1be06-0155-4228-aa86-035e2d46504b	258	158	22	10	168
d7e817ab-864a-48b0-984f-fb8045137ed8	306	146	46	12	Mosiah
10ee2205-8a47-445a-a3b2-592afce54b2f	306	146	46	12	,
fb40ccd9-1d88-4910-a438-1f0bf3c53dfc	354	146	33	12	chap
e441a17a-ccd0-454a-82aa-db26355a60c2	354	146	33	12	.
efed2bf1-5729-4c57-8deb-4adcfa588de3	389	146	25	12	12
cc8137ab-22f2-4136-a6e3-1e037bea62a7	389	146	25	12	...
edecd471-a0b9-46f2-976b-45b71f27d41c	474	146	22	10	199
0bb44b2a-b3b7-4a9e-8cab-7f1c4d45aaa4	78	170	12	14	3
3c9ff3a2-a44d-4eeb-87b8-3ffaad4ff6ba	92	170	52	14	Disciples
9e5f0c95-e7a4-4b0d-9165-4f94af9fc096	146	170	40	14	named
6cfb3bc7-ab1d-451d-b70b-d8aa0e25972f	188	170	14	14	in
be706362-9c7a-44f7-a6cf-a2ba7affda99	204	170	76	14	Christ
f46ecaf7-4a7b-4b86-98ae-db4efc9d0045	204	170	76	14	.....
d2b7324d-033e-4a2a-9d60-8aa6ba74ad93	204	170	76	14	153
e7f545cc-8efe-4660-9c60-e79f70eb8652	306	158	52	12	Mosish's
f32269c8-4940-4f93-9c00-15b9d35080e4	360	158	27	12	sous
91bf56ca-a5cd-4f2c-975d-b8a63c83ed69	389	158	51	12	preach
ee94f6dc-5738-4579-9140-0f6eb3082369	389	158	51	12	...
9a23f4c6-ad5d-47e2-8428-e5548d6e4572	462	158	34	10	....
454ef1f2-b771-4c63-bcbb-8cf09b4f3fd7	462	158	34	10	199
804250f3-0d3a-48fe-bba4-4f2a7bac66b7	90	184	48	12	Mosish
6e617cd2-336b-40e6-9c72-0186b24810e8	90	184	48	12	,
9fe0be46-b1b9-4030-bc71-48ec1a03db23	140	184	48	12	chapter
31ff6ce5-4a76-46cb-9735-24cfba5bb1aa	189	184	17	12	t
bc13d634-5f17-469d-b719-a534e189ae28	189	184	17	12	...
7e0cb1a7-5c9a-48df-ad94-a99f1fc85ded	250	182	30	12	..
317ac921-b124-473f-86b7-31949dde4619	250	182	30	12	154
f24e657a-4f6e-48cb-a3a2-10f0764303ee	294	170	11	12	3
8023b5cf-5cf1-438e-a1a5-6e8c02bfdef7	306	170	37	12	Platee
3b3475fe-3431-4fbd-8454-091caf08fa16	345	170	66	12	travelated
a88ffc2a-0f26-4cb9-842e-480f4561e02b	345	170	66	12	;
06b91269-7dac-4591-b7dd-9b0f6adee0f6	413	170	24	12	two
3b4df56c-ae05-44b7-90b9-157dfe128c56	438	170	58	12	stones200
d2f44a3e-e638-42d5-a442-5c83e0f53d95	78	194	10	14	1
88652e69-f8fc-4779-a3b6-077ae65bcb22	90	194	40	14	Names
64ead410-deac-4188-bdde-86c07fa1832f	132	194	72	14	covenanting
71880944-ec46-4d6d-b903-d4242b0c414e	206	194	26	14	with
968de381-7a4f-45dd-bac3-a0acb3a848df	234	194	28	14	God
dfc54d60-3a56-4efc-88db-1e0c3a54e59c	234	194	28	14	;
f4d2c2c9-c37f-4cfb-a40c-35619da799c2	306	182	46	12	Mosiah
0063d2b4-2b2e-4c95-bf6d-24ac129d68aa	306	182	46	12	,
2f6361a4-239d-4670-8c9a-72e34da37e45	354	182	33	12	chap
36eb5d0d-affa-49d9-bc4c-0f267782ed8b	354	182	33	12	.
b36f240b-2c6a-4a67-9122-e8bc0f0ecabc	389	182	25	12	13
c446a429-c5ca-4d3b-bc70-653df07fc195	389	182	25	12	...
a4479138-622a-46ac-a3e6-aae3fdee6f8e	294	194	10	14	*
0d948e11-f8bf-49b7-9d3a-e6eafefa6d1f	306	194	24	14	The
d206353c-2f8a-446c-9a9c-4d1087dda3d4	332	194	31	14	roice
7a502ae6-afe4-4c8a-824d-e4d89d01dc4b	366	194	12	14	of
10a31dc6-11e3-4fa1-902f-7992d8cd978d	380	194	40	14	people
1114980e-2b65-4d8a-b2e3-b1931335e1db	422	194	50	14	govern
cf601c7d-ecae-4b9b-a2c0-f08badb3c2ec	422	194	50	14	...
bfb7833e-fb67-4057-a7e7-3d6a7c414d05	474	182	22	12	200
2b81a991-7bab-4362-b0da-70695841a58a	474	182	22	12	)
34ff2543-b41c-45fd-8694-5801a4ea9601	470	194	26	10	202
12ae580c-d903-40a7-b054-ea9359b19945	102	206	42	14	prieste
0fdcc57b-1058-4fb1-be6d-3e95f32507a8	146	206	64	14	appointed
5b9f8baf-3196-4ae6-a4d9-db8750a01cba	146	206	64	14	.
0d4bf2ca-536f-4f10-a1b8-c19f98e2af90	78	218	10	14	2
271b2373-7d04-4717-8628-b1c9a096b925	90	218	44	14	Muriah
80b4acc1-2d58-4b23-8ffb-5ef890187c4b	136	218	40	14	begins
1125d2e4-93c6-4c95-94ac-ca113404cd9b	178	218	12	14	to
b59b3f57-c8b4-4c6e-98a0-86173d3de43b	192	218	38	14	reign
b293eb1a-2d20-41a9-b691-0b15e1311367	192	218	38	14	..
fcaccd6b-b199-484e-9bb8-a36bcfa62f39	254	206	26	12	..
124357ef-b9e5-43e3-8316-857ad45b43d4	254	206	26	12	154
bf784bd2-792f-46ff-87fc-cbedb69801c2	294	206	9	14	5
ee90d31d-c497-4d7b-81c9-c8a6b6e9bc10	304	206	44	14	Judges
1e5fb835-fecc-475d-b0f6-072d855eed3d	350	206	68	14	appoiuted
ae389d99-7417-46a1-83b6-bbd6c5d6dfc6	350	206	68	14	...
7d569a05-c23c-43ef-85b9-b6fbc16a3fd3	474	206	22	10	_04
bd4fc930-fbde-442f-81ff-ecd78b94f809	256	218	24	10	.
882bd8a3-b556-4880-9670-947cd19edd25	256	218	24	10	154
232554ef-c41f-4e36-9766-ff0bd0c9da35	294	218	12	12	6
5000191c-f1a1-415b-b7a8-b0f5209e1f03	308	218	33	12	Alms
4c28ce0e-cddf-4cc3-95cd-f67e57915efc	342	218	60	12	appointed
f22c8c35-2ff4-4e59-bddb-9f2233fc53bb	404	218	37	12	judge
ff87697c-483b-417b-969a-432f7318f19e	404	218	37	12	.
5ed9df9a-e9b7-4918-beb2-0e63888b5c65	92	232	45	12	Mosial
105b1acc-8930-4e79-9c6f-f2c0d27554dc	92	232	45	12	,
1b3d7a2d-6785-42e3-a1fe-a072423eec6b	139	232	34	12	chap
986aa57b-a355-424d-b94c-0264d05c7e51	139	232	34	12	.
f4e26260-8028-4dcf-ae0d-938852201228	175	232	15	12	».
8ceae001-d0d7-47c3-8272-249240ae48fc	258	232	22	8	256
03cdf1b4-15b0-4296-983e-dc13f37b0e03	78	242	10	14	2
802b4449-59fe-4a38-a650-5c1c603ccbef	90	242	42	14	Search
d957b235-79ab-4802-9428-428b1da4ec5a	134	242	21	14	for
3b1f73bf-74fd-41f0-983a-91e89533c7d9	157	242	69	14	Lebi
ddb950d7-b589-4fed-a7da-b3724fb0efff	157	242	69	14	-
a6174cf2-0211-4036-be4b-e977e6ff943d	157	242	69	14	Nephi
2528bc0b-ad02-4c16-84c0-f231d0305a90	157	242	69	14	.
5989786f-3cbc-4bb6-8183-2e3ba5b3cf84	258	242	22	10	155
62661829-a78b-4d92-bee0-e33e6a3acdb2	294	230	10	12	7
657eba92-5471-4831-8398-f79471d1b278	306	230	37	12	Death
3bcbc491-e5c5-4a18-8ee2-793dfe33629b	345	230	13	12	of
f99cf2b2-6311-4803-be23-b297a2e027aa	360	230	43	12	Mosinh
a81f3d2f-f53d-4613-97c5-2f9911583eb4	405	230	24	12	nod
30f77ddb-945c-460e-968a-6b479e25289e	431	230	67	12	Alma
39468587-abc3-49a2-971c-9684c55fc3e9	431	230	67	12	...
eb43484a-6d36-45a5-aa2f-63efeb9ca742	431	230	67	12	204
c694bc7a-d695-47c8-a5a7-2b95cefb042a	78	254	12	12	2
91561704-79c7-4cc2-af14-7eb7225db45f	92	254	46	12	Ammon
6a55f453-c229-49f1-9892-f4711184f113	140	254	24	12	and
c8c2b534-10db-41a3-8879-8fbf5ce863be	165	254	41	12	others
d85327b5-f350-4fd4-bdee-75bca1b279cb	207	254	43	12	bound
b64ecf29-7e0e-4f88-8cf2-13c80b2c18bb	207	254	43	12	..
8200cb0d-cbfa-478a-8a1e-fc9ecbed5b3b	78	266	10	14	3
ba22039f-df48-482f-84ca-89d09644c0d5	90	266	49	14	Ammon
10601096-3edb-463a-90df-357a8474d399	141	266	37	14	before
7e699ad7-0700-4e13-b54f-5355fcffb67b	179	266	41	14	Limhi
10df0e0a-4aae-4b24-b6bc-b45544e5578a	179	266	41	14	.
34fbf0fa-c17c-419d-beb4-e481129ec3eb	258	254	22	12	156
50cc3faa-1c34-4683-ae95-b726eeaad9d8	258	266	22	10	155
a1392826-b17b-44b3-843f-173d74686b1f	78	278	12	14	6
2f4b0f11-aacc-413c-a60c-ee06c06d3b42	92	278	45	14	Limbi's
1c6ca1a6-eb62-4ff5-a07b-f699246f855a	139	278	83	14	proclamation
1aa06a7e-63c5-4cd6-a094-1044a4718fdd	139	278	83	14	.
10987c61-154e-43d9-896b-d81e57199b42	258	278	22	12	156
af702704-a804-4989-ada2-39fc960e2d8f	78	292	12	12	8
26b21b99-5153-4102-9f8a-785aad41234f	92	292	46	12	Ammon
5ceaedf4-1269-4b74-b6bc-853a65688a4c	140	292	57	12	addresses
6692afb3-b5b8-486d-9b2b-acdbb5bade42	198	292	21	12	the
5fea6b8a-dc27-42ec-9e9a-5bd353b56caa	220	292	60	12	peoplel58
fda05b88-6bec-4daf-84e3-4bf08b8c966b	78	302	12	12	9
13786c20-6816-4f75-bdf3-d8f9dd9fea79	92	302	36	12	Plates
6d088b6d-cbe6-4ff6-93eb-55d43468912f	129	302	41	12	found
bdf6f7ef-86da-40c7-99ab-bcfe50622dd4	129	302	41	12	..
188339be-09fe-4894-8647-ede04626a989	72	314	17	14	10
1d75064b-029d-422a-a9f3-eedb1e906464	91	314	10	14	A
b1bc17d3-e9b1-437f-acf5-35863b6b7e72	103	314	26	14	seer
61537489-81df-4fcc-8fec-835d6071b423	131	314	47	14	named
98f0fbcc-1818-41b6-900f-e46e21a1ab56	131	314	47	14	..
2a956853-0ef4-4c36-b587-1623c0bf6933	258	302	22	12	158
16a20c30-69cb-4d69-a17f-36de750ef557	92	328	45	12	Mosiah
f2a34125-9aa5-4f84-90d9-b14549e8dc66	92	328	45	12	,
c459d71a-33cf-49ca-bac9-42e869499ff2	139	328	34	12	chap
e3757b8b-1f6a-4466-a790-d0ef4abdaece	139	328	34	12	.
3c3e4a86-1c4e-4481-82b7-e34d8bfd676d	175	328	9	12	6
4e063175-6b6e-4e21-b0fd-e354f86b16cd	175	328	9	12	.
9033b82d-a324-4402-8286-fb0fc44b5fb1	78	340	11	10	1
0d3527b0-b6d5-4d68-9630-736da655b59a	91	340	42	10	Record
532877ba-3f45-4778-a8ce-e4fbcb8e0901	134	340	15	10	of
7b236ba5-48e3-4fee-a243-11895004c54d	151	340	37	10	Zanifi
b2bf54ea-b1e9-4ddc-b71e-39f875e354d2	258	326	20	12	160
1bbdf41b-da63-4d74-b233-d3d9f32bb4e9	258	338	20	12	160
666ad653-e428-40ba-8ad8-2d8aafe8ba09	72	364	16	10	13
071e1c92-f8ba-4393-8b95-ae9dd1705373	90	352	43	12	datties
eee847cd-4458-4d89-a9d2-161f0fbc05cc	135	352	47	12	fought
86280d57-1c50-45d4-896d-bdd1514ede2b	135	352	47	12	..
322eaea6-4c72-4fb8-afcc-3d2be37db872	90	362	63	12	lamanites
217c3d7a-2e45-4047-b960-54e51a576a87	155	362	41	12	driven
998e7c8f-0176-43b8-b4e8-d5d182510b25	197	362	25	12	out
c47ab4c6-86c1-4113-9901-adfa17b243ff	197	362	25	12	.
a3354557-4776-42af-8495-0e724b314ca7	90	374	46	14	Mosiah
4a945379-b861-4b1d-b9aa-a118e12267f5	90	374	46	14	,
2ed1fcb5-0812-49fa-863e-86a237ed4204	137	374	33	14	chap
3c3f636f-8946-4c4e-bcd1-ba79ce13dd6c	137	374	33	14	.
646b8773-add9-492b-a9aa-dd0d4b88af99	176	374	14	12	7
3fe38343-de16-48ea-a8ad-4b0793dd57e7	176	374	14	12	.
8360f189-3c12-4121-b6f4-bc7028ba7828	258	362	20	12	163
a0dbd177-80b9-4d0a-9ecd-8aa5cb792643	78	386	10	14	1
1736a710-c47d-4435-b3ec-0b287dd434b9	90	386	31	14	Noah
b019aa74-e6dc-4c3b-9f36-f26b370d4d36	123	386	51	14	succeeds
e14be220-ef14-416f-824e-dab6e88e5dea	176	386	38	14	Zeniff
4626e072-a826-4097-bee9-cf9b423bf3c2	176	386	38	14	.
fa1b6f0b-a3ff-4aa6-b4d1-d6fe5a5d3ee2	258	376	20	10	164
f7ecf60b-480a-4724-b06d-04a0e1dc07fa	78	398	10	14	1
884e48b9-b316-4156-b2ee-88e7c7c3bad5	90	398	42	14	Nosh's
17c0d070-46f5-4986-8b3d-23f5b6b50b2d	134	398	72	14	wickedness
736d6b5f-a22b-4c4b-8eca-fcd630ddd630	134	398	72	14	.
4cd57a92-217c-41bc-a0d0-fd81e0fbe8c4	258	388	20	10	164
80eb5872-1369-48d7-ae22-0e31a65a4ba6	78	410	10	16	8
cc050b2e-7435-46d3-aa41-2d2ef9b0a187	90	410	50	16	Prophet
53125a2e-7eef-4de6-98a8-2ee1d8627186	142	410	56	16	Abinadi
a7e7fa0e-330f-45b9-a0b1-fd7f91a37148	142	410	56	16	.
f3f3c41f-d9db-47c1-8bc1-0727b68d6d1f	258	400	20	10	164
b7a66e6e-2091-402c-a8eb-5293888ce230	254	412	24	10	..
c4b764ec-5d5d-4a50-ba09-720547d3a5b5	254	412	24	10	165
83d0a7a6-4509-4c07-9ef1-4395bb3b630d	72	422	17	14	18
342605a3-c23e-46e1-9e91-b13c32eeec1f	91	422	47	14	Abinadi
b86acfef-5422-434c-a475-d110751e7638	140	422	45	14	against
b7736cc5-dde2-4288-aefb-c207a0a12c18	187	422	21	14	the
4512d0da-0975-44bf-bda9-beec45c14dda	210	422	68	14	people
f41b903a-5f70-43ea-92f5-4da4ab8061dd	210	422	68	14	...
770642a8-4d57-4876-a5e0-c03425e38529	210	422	68	14	168
ffbfa311-5e22-4afc-b48b-23070ff3b4b4	72	434	16	14	21
92b4872f-1b66-4cd2-8faa-f789d42414a8	89	434	24	14	The
a379bac0-ab96-4319-b320-a7e5b8dd2b2f	116	434	91	14	commandments
46217661-c9c6-4eb3-829d-76e5cb39a334	208	434	72	14	repeated169
a622eb4d-0c68-4be7-a6e3-92f31aec7afa	90	448	48	12	Mosiah
1677fa13-9b5e-409f-b261-c73d1756e7a7	90	448	48	12	,
33e82704-3da7-453a-8a11-b63dee227dfb	140	448	33	12	chap
f6555b69-8fbb-4a69-9406-2299333f5fa4	140	448	33	12	.
3ecf85a1-44da-4afa-af79-aef811ac0bc5	174	448	14	12	8
1068f219-45a6-4920-be3a-15f179ef4120	174	448	14	12	..
a7f3b77c-bcec-4bbb-9b96-603496ec4a4b	78	458	10	14	2
fa1c147a-cfaa-495d-a95f-bfb0e1bb0247	90	458	24	14	The
374a0a24-93a5-4f8c-994a-fb0865aeb3fa	116	458	23	14	law
b2767fc8-0717-4d00-a94d-3f1963a87aec	141	458	9	14	a
078b7d2a-edc4-420f-a5db-b31b64c380be	151	458	33	14	type
0a3d1c16-f5a5-452c-b34d-826b15b50322	151	458	33	14	..
3e534957-5041-4144-94ca-e75fd8c7ffac	258	448	22	10	170
3dcbd90e-ffb4-4b2b-9406-12ba56b529c4	78	470	10	14	6
c79477e7-897d-464c-8151-cb7a6db705a7	90	470	38	14	Christ
17980c4c-56c1-4ab5-89bb-9c1e5ac87c87	130	470	14	14	to
d4e82dce-cd38-4aae-9a35-8d803c51ad3f	146	470	36	14	come
c4cbffbe-7ec9-45be-8cac-24d6a488758a	146	470	36	14	.
5c8eb9e3-4b0c-428a-9c89-a8b145ec437a	258	458	22	12	170
adc77d0b-7186-443b-9c53-362426138f99	258	472	22	10	112
2f01b321-e81c-44ff-b008-41b8ef8a7fed	88	484	49	12	Christ's
6a0376de-4b5b-447c-919a-4b68b4972692	139	484	31	12	seed
66d1523d-c417-4251-80d4-cf1e9d29b2b2	139	484	31	12	.
980f8b55-30df-414f-8c6a-31d8a590b8ea	80	496	10	10	6
20dd63ed-18ad-475e-b92f-ed12e2d641db	91	496	79	10	Resurrection
aad9b07e-a5e2-43de-9479-c103afe5a80b	264	496	14	10	13
650eee59-e09c-4434-b0ae-523ed51b6ddd	80	505	9	12	7
4e52fbac-5b08-4316-8d7f-bc51b26f218a	90	505	39	12	Christ
abb5dc86-57e1-404f-9d88-a14f5cbe5d58	131	506	14	12	to
bdf6f942-493b-48f0-9863-3197b7646e3d	146	506	24	12	rise
3e27fc58-1e9c-4ecd-a0aa-0f0b3e592463	171	506	32	12	from
9b6c8f3b-1bd3-401b-8cd3-2f3923bf25ed	204	506	28	12	dead
b63c4cfd-40ce-4d49-b4a2-fa45f44e3e82	92	520	45	14	Mosiah
a8771190-a39c-4776-a7f4-836d45b05d93	92	520	45	14	,
b2f48189-0c7c-4c31-85a1-d58fd52f3cdd	139	520	33	14	chap
54a0a18d-e4ee-4148-9b8d-812696dd8dd8	139	520	33	14	.
2193c6bb-fb75-4dbd-b3c2-e1dd8d0f049e	174	520	16	14	9
bda3ab8b-1735-4a59-bdbf-796632de7cff	174	520	16	14	...
a630dd5c-355a-4399-8c32-ccb5a0e53fad	258	518	20	12	175
83baab89-954a-4456-b044-072fdba08d95	78	532	12	12	1
8a10f86a-d174-4b96-9f0b-2c0e9c83849f	92	532	35	12	Alma
debf3b59-a593-4e17-a1bd-319b7f95ef2e	128	532	65	12	convinced
01e069e3-797a-4304-aa33-6333318ce2f1	128	532	65	12	.
4f84383f-6180-463d-a403-58960b871af9	258	530	20	12	175
c7adc67b-ad5e-4346-9d35-9ebac561bee1	78	544	12	12	2
5a31c2e0-7632-4f62-9fa3-5afe5e3c4cb5	92	544	48	12	Abinadi
f864c39f-98cc-4163-8681-a3870bd398ea	141	544	61	12	arraigued
0b47d1b6-1f98-4104-a1ba-8d20e135b787	141	544	61	12	.
5ca17f7a-7ada-4cd3-b27a-cb5d2366a296	258	544	20	10	175
c5b54737-ca0f-42a7-855a-80a5a746cf7c	78	556	10	14	5
20c8b02d-3744-4793-8c31-37e663a3bf90	90	556	49	14	Abinadi
ce396cbc-01b1-40c4-b193-7ec8ea590deb	141	556	47	14	burned
30871619-4a4d-41ce-982e-4e58de7eddfa	141	556	47	14	,
3ad4ca17-ab0e-4234-b059-df09357681e6	190	556	68	14	prophesies
a5f2f232-5f5d-47b9-8423-2a6de0ba9496	190	556	68	14	.
3256b401-4200-4bc4-b22c-10fff16d39ab	260	556	20	14	176
7ffa4e07-e09a-427e-b6be-f1f6d8aebd6b	78	568	12	12	6
9856ce0a-43a3-4de2-92a9-c89c21dfb561	92	568	40	12	Alma
42c4a2ef-6be7-4164-b1f1-ae5c7fca9712	92	568	40	12	;
fff21c94-a520-47c8-8dac-7aa7f100aedc	134	568	42	12	waters
5a00471f-e107-461b-83c4-fc6a4f30f74d	177	568	14	12	of
ff7fa38a-4b0c-48b8-8895-bb25804a91bf	192	568	88	12	Mornion
fe3e1d53-2ea3-4e58-a591-a951ef8b76fe	192	568	88	12	.....
29e83b9b-a587-4450-aaa8-943db48a094f	192	568	88	12	176
af9cb7d0-33cb-4ee0-b80a-4e9860acd002	80	580	9	12	8
db35ef4b-4804-4361-a872-ff14d116c7ed	91	580	49	12	Baptism
40478bb3-d356-4d73-b812-342d661d74d0	142	580	17	12	of
9b115e1e-421b-4951-a8bc-49dcb67cde13	160	580	33	12	Alma
982a6ae1-efaa-4843-b26a-3d8cfcf25b0d	194	580	24	12	aad
56aa6193-e172-4c60-826d-00499a482974	220	580	59	12	Helaml77
064657bf-360c-4705-9853-dafeec07e9ce	80	594	10	8	•
fdcb5e75-2269-4c40-9ce8-f0fb0d78558c	91	594	42	8	Priests
adf99d92-5e9d-463b-8239-26c74ea44677	134	593	58	9	orusined
1dff268e-9182-46dd-a45a-25edd4db138b	134	593	58	9	.
830a92d2-4572-4963-b90d-b0b98ab018d2	258	592	22	10	178
247d931c-5f2c-453b-83d8-2ae0599e4647	90	604	51	12	Gideon's
0a1840b1-c27b-4c97-b993-7008caeb3907	143	604	45	12	revolt
5274e315-cf2e-4e1b-9ef3-2f46d5a533fa	143	604	45	12	...
cd772c27-417b-472d-b8aa-ea6e0fe94c56	258	604	22	10	179
e8fd9111-cef6-4af9-b629-f5d2d34f72a6	72	616	17	14	15
de3b02eb-ce16-4d7a-b5e6-1b2a2dfbb64a	91	616	37	14	Limhi
57840ecd-9975-44a5-9c3b-ae384aec696a	130	616	51	14	succeeds
0ab4f6da-2622-4fa1-9e76-9aa6eee27a2a	182	616	21	14	the
78a85770-ef28-4f78-8866-0cc5c79e9251	205	616	33	14	king
006439c7-736d-4040-82c1-ec583f65cce0	205	616	33	14	..
d4b50fcc-d032-43d3-8469-80fb4b76f9d2	252	616	26	12	..
a3ec4168-0473-46c3-9a34-0c590b320b9c	252	616	26	12	181
290b6b08-738b-4864-ad70-02efbdfda4be	72	628	16	12	17
5b33f56b-f6fa-4b3a-af30-4fdd43729deb	90	628	45	12	Noah's
82d567e2-8f16-498b-8fdc-3eeb6da84292	137	628	42	12	priosta
113cc322-8f98-4bf0-98cb-8fe92370515f	180	628	33	12	stool
2d33aba8-f681-4e5b-bb95-90542ec3fe06	215	628	45	12	Laman
e5239f86-96ef-4b84-a23d-f3a36211c6d8	215	628	45	12	-
7303c8e1-927a-49b3-aca5-47e30676615b	72	652	18	12	20
f899d124-8de2-47ca-9c90-ccb6d17f797e	102	642	19	10	ite
06684dea-8a83-4f67-84ea-773b7816b35e	122	642	50	10	women
4fa78477-36d2-4f32-8735-3566465ea84b	122	642	50	10	..
a45cee86-7888-4e39-a4b1-1772c395d0bb	258	640	20	10	181
33f38a5d-a201-4019-9790-f29ca7d9b5a7	90	652	56	14	Latnamite
2d9be7c2-d04c-40aa-b546-b4fef278b5ed	148	652	28	14	king
9849d18f-19f1-4b78-b46f-a5833404ca5c	177	652	39	14	taken
9b096d01-3376-4251-8725-71f437f4ca22	177	652	39	14	.
f06d6e65-7051-4d75-a037-bf623d25b22c	256	654	24	8	184
e10c729f-0e44-4eba-bd2e-a6acfece484c	72	664	16	12	23
392a7e6e-afd7-4f8c-a796-0945ab55c13f	92	664	37	14	Limhi
8efa585c-c909-44a6-817b-29a8fc29049d	130	664	45	14	returns
125869a8-b959-400b-9a0b-ad5cc81a7cda	178	664	14	14	to
419434f4-ad99-4efb-b9d2-cb49d577477b	193	664	39	14	Nephi
12779cd1-45df-40d3-b516-a7868a7f95c0	193	664	39	14	.
8665311a-a93a-4701-be90-14d2a9abf9dc	258	664	22	10	188
bba03a18-5e03-4362-8e67-5d17a100ecbf	74	676	14	12	27
044643e4-1a77-4592-a546-f947aa352265	90	676	46	12	Limhi's
90db35ca-bca5-44b4-9a41-7eb1023ecf49	138	676	66	12	conversion
6207919b-6067-4a1a-a94c-250c8cd3edad	256	676	22	10	185
02b6e3fe-a86e-4c70-a9f8-8d8b29e1537c	92	688	45	14	Mosinh
eb513aac-6d12-49e1-911d-9c47965d0e3e	92	688	45	14	,
dc623ff6-be2a-4e63-b058-e3de71565e53	139	688	33	14	Chap
caa929e2-3891-4ca1-8f40-8edb9e99d2b7	139	688	33	14	.
b0261741-a5c5-44cf-a690-c6d6673b5faf	174	688	20	14	10
fca5a2d6-1358-4599-a9a3-9926c25b5046	174	688	20	14	..
a234806a-cf5f-439d-aaf7-7f73000e2645	258	688	22	10	186
b5972edb-b5fc-4d37-a440-d1fc45c874c3	78	700	12	12	2
b5eaba0a-8047-4558-b413-2b17df772951	92	700	27	12	Last
49b54230-b345-40c5-949d-0fdf3999d56f	120	700	44	12	tribnte
f93cf7a8-b0b3-47e9-bc74-e960663ca7df	165	700	15	12	of
a5ce3fff-bddb-4a20-9337-f01b7d935d0e	182	700	39	12	wino
418ea9f1-ec35-43b7-a969-7a553c009f22	182	700	39	12	...
9aa9408e-1564-41c9-86a4-4326f65b0792	258	700	22	10	186
d47b9b54-b11c-4da1-8a81-262b3a491e54	78	712	10	14	3
35a5838b-2236-40e9-9e9e-246e85516530	90	712	40	14	Flight
86930959-b909-4d09-a0f8-fcc3ce41d68f	132	712	14	14	of
97119853-5bc6-474a-9041-b7c23672b468	148	712	40	14	Limbi
90130f7b-8995-463e-9f65-d867dd9b0de4	148	712	40	14	.
5d94e120-c410-4cc8-a2d0-e92029381f0d	92	724	44	14	Mosiah
361ea24a-f072-4b3b-9310-6488aadeb156	92	724	44	14	,
cce24776-cd12-43d7-b581-5cc5b671b3c1	137	724	33	14	chap
c227a375-df7e-49a9-b90e-5d841c54d0de	137	724	33	14	.
9a3affa8-e847-49cd-9e2c-8df29a6fc114	172	724	22	14	11
7db9bc2c-cae4-4d22-85f2-8ea5e0667223	172	724	22	14	..
a4f20fa1-f11d-46a6-8cea-e35d11913459	258	712	20	12	187
0e0f56d9-619b-4c06-810e-72addb6b91a3	78	736	10	12	2
b3dca430-26f0-42de-acb7-ad1eb451d43a	90	736	32	12	liood
26a2e562-5c60-4935-9759-deaa0ba24e0d	123	736	52	12	teaching
a140b2f8-2199-4638-9bd0-5b009c5a4339	177	736	14	12	of
cbe37faf-46e8-4003-93bc-af7f8e22c6dc	192	736	34	12	Alma
95f13a51-95c2-4b03-b3fe-30327d1e5a49	192	736	34	12	.
2fab5927-5158-4232-af71-cd27d6b30864	258	724	20	12	187
9882cc87-6125-4648-a73c-0a7274557cd6	258	736	20	12	188
fc7f0931-7028-4427-a511-e787a08c41ee	78	750	12	12	3
43e45259-8bba-416e-b2d3-1531fdd0b6f1	92	750	48	12	Amulon
309ed871-64c8-4094-9915-2ea8a41eebb2	141	750	33	12	made
474310b7-8a96-4cd3-bb43-e955294dd908	176	750	9	12	a
117ca80e-8b26-43f8-8fc1-297e5c535fb3	186	750	48	12	ruler
9bcbd1be-3600-4b62-9450-ac65e5b7037e	186	750	48	12	.....
d676f069-6bbe-4c1e-b055-92aed15fc830	72	774	16	10	11
07bb966a-177d-4f20-808c-76a312187b71	90	760	35	14	Alma
80e789d1-b08a-4871-bdcc-454b5c5a9e88	127	760	44	14	returns
7e9cf08e-0cf1-462c-b79f-460eadceee35	172	760	16	14	to
aee8fbe4-5509-43e1-95df-829d8e67df1d	190	760	56	14	Zarahem
ea199996-8961-45db-9efe-1741d1bee23b	190	760	56	14	)
b0590de6-2bf6-408b-9a81-3faef914dbb0	256	748	22	12	189
a3fb6271-0d5c-4876-aca3-e8c0a9c1a5af	74	786	14	10	12
70da1b89-5dd9-4619-a8c9-feff025028e3	90	774	51	12	Baptism
7a917db8-6c6a-491f-8c56-ea951382a7c2	143	774	12	12	of
952492cf-631b-4bb4-926c-d33ba8ec0baf	156	774	88	12	Limbi
f862fb05-0cca-46c6-aa15-f974173b7859	156	774	88	12	...........
999b5c95-eaed-40d7-bc11-4380bde4e286	90	786	33	12	Alma
176ef201-a95b-485a-aebf-4f514be4ca38	125	786	59	12	organizes
cc7cd216-4933-46ed-9d8e-cadc33fc6780	185	786	59	12	churches
a8e110c7-e355-4029-9ac8-30606335899e	185	786	59	12	..
ae434ff5-0c87-4da1-b145-a6ffed296f24	256	786	22	10	193
d14e96f3-b0d7-4e90-8856-ef3fde5b5051	332	254	27	12	THE
dab821e4-0850-4a51-a4ae-1a9438c2ad4b	361	254	33	12	BOOK
c89ad313-86f9-4d3c-8e0a-d592f8763478	395	254	18	12	OF
928d7159-df84-4d35-857b-2cb5075ee9be	415	254	39	12	ALMA
06589f6e-87b8-40bb-bd7c-930f0427e58e	415	254	39	12	.
bf4e8c7d-d4ad-47b9-860d-e4ba5431c476	306	266	48	12	Chapter
bc09da35-5c2f-4758-a9eb-63a5101f8151	356	266	10	12	1
d90a3970-4ac7-4ff0-9390-137907b87754	356	266	10	12	.
226d1747-e5d2-40db-9d49-bf21b49c6eae	472	266	22	10	.
f467777a-ed48-4e69-bf00-366bd4bc2169	472	266	22	10	205
005f0126-bc15-4cce-8999-764dc9eacfb7	294	278	10	12	3
91fa4fb6-121d-4bc6-a7d0-8e38dd70d8a4	306	278	42	12	Gideon
2b7fa0b6-b543-4977-af4e-ee1f32c40510	350	278	32	12	slain
8e8c8d41-a9b1-47a5-a3dd-ffd1891902c8	383	278	18	12	by
b81bc7db-0176-4f61-a5cb-70659e7bdfc1	402	278	52	12	Nehor
fe95d93d-0542-4d4e-9406-84dac52c7bad	402	278	52	12	....
55976264-7f2d-4569-92f9-ad4156e1e0c9	472	278	24	10	206
2606437a-a942-43b4-bf81-57ad8f7ba583	294	290	10	12	8
2a3906ca-a11c-4cd6-b223-e402a0b235fb	306	290	39	12	Nehor
0c2e95c8-c3a4-4b92-9a69-2068facf3dd7	347	290	36	12	taken
178adb2c-fa28-4d8c-9a5b-7d8f88910cee	384	290	22	12	and
f321fad2-5c06-4102-affc-23c49a69eb2a	408	290	62	12	punished
c8a2ba89-568b-44f5-b1f0-bb24d197dadd	408	290	62	12	..
8afaab16-ea5c-4c5a-b0fb-266bd4e9e429	472	290	24	10	206
198204cb-ea61-4387-ab21-85ca353eaf96	294	302	12	12	6
9b2afd12-a794-49ed-aa84-f1a5a23afa0f	306	302	42	12	Priests
d610b114-390a-4480-9134-03422ef8ab78	350	302	13	12	to
3e8f14a4-0235-40a0-9df1-beb1a9231375	364	302	36	12	labor
1beecf36-2c03-442a-8049-0a38a0584c4e	402	302	20	12	for
f6ede8af-adb3-40d9-9e88-3bdf67046c67	423	302	71	12	support
c8294f68-7715-4eac-ac94-bb627474336f	423	302	71	12	..
8037a078-e442-41cb-b43e-b5080d569337	423	302	71	12	208
74160fc7-88ed-4314-a781-89bd2fa38928	294	314	10	12	9
2905d401-fbc9-48eb-9651-b2b1847ccf35	306	314	76	12	Insurrection
25983c05-cd21-4a36-b8bf-c79d57e771de	384	314	14	12	of
c4964ed3-9022-4d3a-9ba2-187dfc7bb2e6	399	314	41	12	Amlici
0704a9e1-5cea-4484-93a4-8004664c6ebf	474	314	20	10	209
a0ce737b-d5c2-4727-8488-8058a7e57885	308	326	33	14	Alta
5fd0e19d-8dbc-4a37-9332-3c035a43e761	308	326	33	14	,
50adbc5d-16e5-425e-a506-1000d3a743ff	343	326	35	14	chap
dab154aa-741c-43f3-9543-c1c491c673d6	343	326	35	14	.
be549dcd-e665-4845-b44c-1b99e79e52d1	380	326	34	14	2
39439ad2-38b4-4afd-ac5e-ec163a6fc8c0	380	326	34	14	.......
6a6ff97d-ce7b-411c-a648-b7c8c07b230d	474	326	20	10	213
b0fde042-bf06-4567-8982-79fe2a5fb673	308	338	31	12	Alma
9d1ee1ec-1638-4bc0-a9b4-5b94b1983173	341	338	54	12	baptized
3d05c276-118c-47a2-bc60-fe7a944fb0c1	397	338	13	12	in
88810456-857e-410b-8ed9-64ce7aa98f76	412	338	35	12	Bidon
859c8051-be40-4df6-9bea-3f166d32375b	474	338	20	10	213
39cc9457-e798-4c87-a1da-a6586164c36a	304	352	47	10	Church
3345e50c-ea2b-447f-804e-edce5700e31f	353	352	37	10	grows
6e51027a-97a9-4e94-87ce-fa40c4cb3fd4	392	352	53	10	proud
5d0a5d80-35a0-4711-87a1-0ff33cf329c2	392	352	53	10	.....
9778f0bb-bb0d-4619-b8fe-23e689fa4f50	474	350	20	10	214
507aff8c-9530-4a98-a216-1d70e4ffc075	294	364	11	10	5
97c7304b-79d9-47fa-b87d-5b24da73625e	307	364	59	10	Nephihah
cce46f1b-a246-427c-b339-ec322b256685	367	364	34	10	made
680fe380-554c-4c6c-948a-f775ffbc9c45	402	364	42	10	judge
5f46d10b-88a2-49de-bf16-31008d67b21c	402	364	42	10	..
76d550c7-05ac-4f11-be07-e1ea9c89a614	474	362	20	10	215
0e0a9d8f-7a90-422b-ab31-677c7d9d0bba	308	374	34	12	Alma
b8b30aa3-537d-4043-854b-9d96b1460111	308	374	34	12	,
6b7a9092-db72-401d-beb4-5b122b800b82	344	374	33	12	chap
6e854550-7028-41f4-8463-a06d129116c8	344	374	33	12	.
7c380f84-a0ed-4ea5-b1e8-9f0d8d59c616	379	374	36	12	3
289fb67b-dec4-4fe8-a225-c9f91c92d5d2	379	374	36	12	.......
f39b20e5-a30f-4f96-babf-7cda6e02e66b	472	374	22	10	215
422d26f7-6960-4320-b2d9-c4605d1ca147	294	386	10	14	I
b66e4685-f1ec-4b40-844c-049ce126968d	306	386	40	14	Alma's
719129f2-367d-4303-b94f-351847fc24be	348	386	64	14	preaching
267fbd42-4d87-4be0-9c6c-8f1d17b7161e	348	386	64	14	.
885b0ab7-6a5d-4f82-a873-76ebeb5b7f2a	472	386	22	10	215
93cd16f3-a5d1-40c4-9ad6-8f0bb0ed0fa2	294	398	10	12	8
36197325-1ff3-4d1f-b174-f8743e26c3ad	306	398	42	12	People
67303756-f0bb-472c-a4bd-be5df3bb3df5	350	398	11	12	to
29d63718-ec45-4ba5-a396-d46b17de35c4	362	398	53	12	separate
dce06f49-ca9c-49aa-8e91-a09b68bb0639	416	398	29	12	from
6c814c85-de74-4d77-b98b-a27e1cd15916	446	398	27	12	evil
b14aa15f-cc6c-46c3-8cb1-97aa61aa6861	446	398	27	12	.
0b9c934a-e4eb-4dbb-bf95-375d39e7e156	474	398	22	12	220
434672a9-3bb1-41ae-a2a1-afdb47bb3929	306	410	37	14	Alma
722f64f7-cd20-4109-890e-3c6cb769090f	306	410	37	14	,
05062c95-0eae-45da-a571-d10514937fbe	344	410	33	14	chap
4c6067fd-91de-4256-8405-ffe6cb29c09f	344	410	33	14	.
b305f8ea-7049-44a3-aa56-71ecd7069210	379	410	15	14	4
c8e92024-0673-4916-b247-a7eb4ca2103a	379	410	15	14	..
16a420f3-6192-47f9-84a6-fb69f61c809d	458	410	36	12	...
09d267f7-a828-4f69-b4e2-c7f6ca757159	458	410	36	12	221
bd7efc27-71da-4d42-83e3-9d15213fc7c4	294	422	10	14	1
4bab27cb-d2e9-4ee0-a7c8-f053916b7780	306	422	37	14	Alma
36848e02-c720-4644-9fba-a421b989c6cc	345	422	61	14	ordaining
5b9f3585-fab8-449f-ac91-6e414d286d72	408	422	44	14	prieste
7e93fa13-3d67-410d-95ae-73a1ff0d8867	453	422	25	14	aud
a8743462-189b-458b-aefb-fb6956e7293f	318	434	56	12	Elders
ed0085fc-9326-485c-84dc-add161ef3b92	318	434	56	12	...
b5fb6785-8010-4170-b6bc-e5027c56db0b	472	432	22	12	221
cd360f8e-3649-40ca-acfa-ce6993d318eb	294	446	10	12	1
a85d77dc-ae04-4cc6-8911-9e29c81d8eb8	306	446	65	12	Commands
47aa0b79-6717-4f3b-991c-d8aaf7811bf0	372	446	13	12	to
367a6db0-ce72-44f9-898f-d9c476cd9c06	387	446	33	12	meet
11662306-a9cf-4a10-8cd1-b354acfcea70	422	446	72	12	often
5743f06c-62c3-4bd8-9e4f-625ebb0f5857	422	446	72	12	.....
0621276e-cea4-43fc-9f62-a06f17f21bfa	422	446	72	12	221
6cb2fbaa-32ce-4309-8e9c-3fab1cb2c2c3	294	458	10	14	2
0007d8be-7f2b-4f25-9b76-319b9b67101c	306	458	33	14	Alma
33754fcb-9406-4d5c-9e69-6f6567aab75d	341	458	26	14	goes
edef1138-cd5e-45e7-be32-d7069ff6c6d9	369	458	14	14	to
9315e3f3-7809-46f9-b2a9-c70b02a16157	385	458	61	14	Gideon
25c4fa61-fbd5-4aef-a1f0-575e9a732d85	385	458	61	14	.....
458cd4c0-8520-4249-945e-3843d36e91a1	474	458	20	10	221
c153749d-d552-4482-a735-08d1f3a0c442	306	470	37	14	Alm
c74c43a9-47eb-4232-8753-58ee4ace09c4	306	470	37	14	»,
df4463fa-1b06-4061-a2bf-42a882e07624	344	470	33	14	chap
ef987849-1eae-4610-96c6-d31639948e7c	344	470	33	14	.
8091e352-eac1-464c-827f-d221a1a31170	379	470	19	14	5
13528de2-062e-4eb0-89bc-6faa85b021f8	379	470	19	14	...
dddf5a05-18f0-4b40-9345-d70a612d53b1	294	482	10	14	2
e45f7d8b-e14e-475e-8a97-ead597edb888	306	482	65	14	Prophecies
e9f5cdfc-840b-4075-9598-ef1f8f2be643	373	482	14	14	of
b0f8c560-d8d1-4531-864e-2e33a185c9b8	388	482	46	14	Christ
b1e47b8e-57f4-431f-8ede-4d103f621264	388	482	46	14	..
4cecac57-b240-4a7c-bb50-9ca621423c2c	294	494	10	14	3
111bc58f-290a-4e95-961a-4ab7f3ebcf71	306	494	68	14	Repentance
64ff3adc-5279-4796-afcf-819dbfc77a86	376	494	23	14	and
92e8c29d-6242-4dcc-a642-52fdb5a77fc6	401	494	19	14	the
1ef3e64b-cc2a-4390-a055-1e6017c67e1b	422	494	52	14	kingdom
d51bb115-4f36-434a-bac0-db1d666d6d26	476	494	16	14	229
7d091160-1e66-41b1-8ee0-82b0cfa83333	308	506	35	14	Alma
251e7a3f-e273-4979-b225-d0f76e852296	308	506	35	14	,
11cb9714-273a-4720-9d48-203b86e45643	345	506	33	14	chap
92b9d5ae-99ea-4422-a254-3cf6811caf27	345	506	33	14	.
9e41eeb4-85ca-41a6-b6d2-4f7426879da7	380	506	14	14	6
22625fe3-8fc3-4e10-a207-a49ca5f5773a	380	506	14	14	.
3b9a9ee2-6016-41cd-81fa-c9f85c9c1a21	294	518	12	12	1
0f1f075d-f71b-4b85-aae5-e63457abeded	304	518	45	12	Alma's
bad5bf5e-2d5b-48b3-bde5-cf4e68d69965	351	518	39	12	retura
9e0f518f-405f-4e9f-a1fb-a51954203034	391	518	28	12	from
a61261f5-c753-4b51-9725-e1b48a5e0e2a	421	518	73	12	Gideon
e1f53e78-55f8-4916-b02d-226108ffe606	421	518	73	12	...
66b2977b-ce59-44e3-b166-29861e059d10	421	518	73	12	225
1e3392f0-2f1f-429c-a904-bf4ff4fd9716	294	530	9	14	2
98d240ab-4879-49ae-bae9-63aa076b931e	304	530	49	14	Manner
c46e1a43-e657-4772-8e85-dac0043547f8	355	530	14	14	of
d68f2002-b507-4116-a006-6c155c38e24b	371	530	45	14	naming
1b78ecd8-7baf-4bf6-a0d6-37f1fb0cd379	418	530	74	14	cities
ab20029d-ba3f-4fb8-a0c9-a4e944d3e772	418	530	74	14	......
fa55ee44-7b3f-4e4d-918d-f6708c35b602	418	530	74	14	223
675a9330-1dec-4ab3-88a0-f1741a560d76	294	542	10	14	5
c863c18d-fc90-4a33-a310-563e81b47c5a	306	542	19	14	An
4809ed0b-fba6-4263-add3-ec3b7037a353	327	542	33	14	angel
2026b4fe-6ba6-4b47-bb33-189a267ad615	362	542	33	14	visits
46400768-f86e-4b44-ad57-c600f7f350b5	397	542	39	14	Alma
4c0bb8d3-d567-4eac-9c6a-7c03b513b58d	397	542	39	14	..
2ba073f0-185d-4187-bb66-154dd9c124c8	294	554	10	14	6
1e0a13fc-1408-40ca-ac80-91b0cae68e97	306	554	19	14	An
65ebfc24-ea29-4e70-9e67-a598b9259119	327	554	33	14	angel
953c8a5d-69c3-43e0-b6c7-53d02f673221	362	554	33	14	visits
17171fd7-97fa-4b94-89c1-756d281abc1e	397	554	77	14	Amulek
de6f2cb1-da42-4e68-8082-2ec27096770d	397	554	77	14	........
37f18b20-77e9-4f66-86e0-99e61cc8827d	294	568	10	12	•
51923f49-1462-45c5-a64b-40a2e87b1db0	306	568	33	12	Alma
32e57ee3-353d-440b-bbfb-eebbe9c521f6	341	568	26	12	aud
64d008f1-5e8d-496a-ad9f-0c7877ec6ad2	368	568	46	12	Amulek
d3f18e94-8125-4164-bd01-0cb98d914dcc	415	568	71	12	preaching
817ef8fd-eb74-474a-83f1-54cc6da79610	416	568	70	12	.
b0b989f5-f447-497e-890a-efb85cb7f52c	308	578	35	14	Alma
58dfa319-78b7-45fd-b78e-5efd67ed62f5	308	578	35	14	.
952ae350-082b-4002-9caa-5355ad5fdbc6	345	578	45	14	chapter
0b45e925-c73e-4369-963e-209a868e4db9	392	578	12	14	7
80743b9f-ea55-4990-a774-905b9e8dd83b	392	578	12	14	.
cd73c84f-cd26-4ae9-9d1d-a8e89b7df83a	294	590	10	14	1
54cb08da-9553-4b53-a22e-7c9da0a7bcf3	306	590	59	14	Preaching
5faf9833-b947-4492-9ec9-ae8cc58f238d	367	590	14	14	of
702a91a9-4b77-445e-a84b-339dc17189e4	383	590	37	14	Alma
482771e9-2e9b-46c6-8460-7fdaffc3e5bf	383	590	37	14	.
5b9175b0-494d-422f-a672-fd3dad2a36e4	306	602	37	14	Alma
da32b5d2-709f-453c-a9fd-c4d25ffc257c	306	602	37	14	,
5a0bda4a-cd24-49cd-a2d4-14ef4a710c64	344	602	33	14	chap
9f1ebaa2-60dc-4747-b6e0-e0df76f1fa0c	344	602	33	14	.
31620089-858c-45db-9143-b0f6742e7ae2	379	602	13	14	8
4965e503-555d-41a9-811b-b79e04eeec19	379	602	13	14	.
05fc700b-b27c-4e91-8adf-ce30f767912d	294	614	10	14	1
9cf63163-0f47-4fa2-aa6b-42258d743121	306	614	61	14	Preaching
a1f35ebe-d5d2-423c-81a2-3a2d738b527e	369	614	14	14	of
eeda1d5f-e7d2-4f8a-9ec0-df17dedc77ab	385	614	57	14	Amulek
829775a1-fff6-4c22-b98b-f73adea58be8	385	614	57	14	...
1eef1a10-0f95-441a-a75e-908cf3f20886	306	626	52	14	Lawyers
d7d4de52-bea2-4139-95a5-fb017ec497d0	360	626	51	14	queation
82748f64-7072-4ad0-a1a0-d434ef60d2f1	413	626	33	14	him
63893530-7e85-4ec0-a222-21c72f9eed36	413	626	33	14	..
4663f2f1-e0b1-47f2-b3e7-fa65ec208e8e	294	638	10	14	8
f5096a13-ab04-4f29-b2a2-0c37b51bc908	306	638	33	14	Coins
7bcb45db-3386-458e-b3b5-e8b4c896926d	341	638	47	14	named
edd10213-81e1-4093-ac1c-e81c992e3345	341	638	47	14	..
0b380bb2-cafa-4c39-b13e-d34eb0099799	306	650	51	14	Zeezrom
621ca4f1-f21b-4c24-b9ad-077773a1fcb7	358	650	59	14	questions
d33376ce-888f-42e8-96f4-407a365a9de0	420	650	66	14	Amulek
e92e525b-f7d9-4895-8581-fa9d4d5b0fce	420	650	66	14	...
80ea01ff-3f72-412a-9164-48315fc81934	420	650	66	14	23
5782831c-26c8-415e-8c8a-cd43d95d547d	286	662	17	14	10
e0ff0e7e-9f39-4072-8425-d07c8ed264dc	305	662	49	14	Amulek
1dc3a7bb-210b-4014-86af-1d36b5a2415b	356	662	16	14	ou
afe0c2f0-4987-405e-901f-316a06425ebc	373	662	21	14	the
a0d07b8d-bab5-432b-ba4c-7f3f62a1e2b2	396	662	88	14	resurrection
2d327e9f-ef3d-440d-8809-2bfc03089935	396	662	88	14	..
76b7634b-376c-4d66-8b3e-e2de4b55dc46	396	662	88	14	2
df991f32-98b6-4488-be07-c0c26f1fc2f8	306	676	37	14	Alma
c0c2e304-3382-40f1-8985-d4fcb1bd9f1c	306	676	37	14	,
734a2c64-7772-4fb5-a057-07479bb4606d	344	676	33	14	chap
50177376-25a0-407c-8a31-96f07d1aeceb	344	676	33	14	.
3fbc9f47-abc5-4df3-93d9-f03eb08d94a7	379	676	25	14	V
c2e83fc7-9de3-4f3e-9351-28033b38c3a4	379	676	25	14	....
3aeeac1a-4505-4ad2-8132-55d693a189b1	294	688	10	12	4
a5a7fb5f-2c91-4a36-9dbe-44d6fc151ce7	306	688	33	12	Alma
03670eb4-974a-4f33-889a-af1384c2cf9e	341	688	18	12	on
87fb61cf-3905-404d-a5cd-db03c317790d	360	688	22	12	the
0872b2e0-6b2c-491c-b02c-d2fa6d35f9fc	384	688	78	12	resurrection
d00fde64-4fd0-4c54-b838-38cc3168c615	384	688	78	12	.
6a6c650c-125c-4387-b6c7-1c1f42d5ade3	294	698	10	16	5
3a6c06f2-ad82-43b6-a945-e4fdca837ef4	306	698	60	16	Judgment
06534ca3-d514-40f3-8e8f-399b83559e63	368	698	44	16	treated
b4fcc0d3-0e9e-482f-ad17-2c0b066fa2fb	414	698	18	16	of
d70409f4-16a0-4f72-8677-39c1a02f9db1	414	698	18	16	.
75e99e75-18b4-451f-8b07-cb832303ce71	474	686	20	12	238
730aff26-8802-4ebd-b623-57dd792241b7	474	700	20	10	239
e0112122-55cd-4719-818d-88edafdd1b42	294	710	10	16	6
5776f103-b0a7-4e5c-aba2-ef9c2c10cc3d	306	710	32	16	High
83ca74d4-cc43-419a-a5e1-061cea2cb65f	340	710	62	16	priestuood
22908658-bf66-436c-9de0-1be606aaf598	404	710	44	16	spuken
4040d8b9-6372-4ffe-89a9-3c6a75e2cc9d	450	710	46	16	of
67b3703f-10f3-4890-b53a-313ff7fc6f01	450	710	46	16	...
98c9d4a0-b562-4268-a547-c86382dc8314	450	710	46	16	240
e8f9705a-6c82-4e4d-ab9c-2388bdc8e455	306	722	36	16	Ala
22959b45-eccc-4305-ba04-1a93f8c991b7	306	722	36	16	,
9c542078-29c8-4550-b00d-35acbcaba0d4	344	722	32	16	chap
2c666ef3-275c-4cc6-aebd-fedf4e177ede	344	722	32	16	.
bcb68740-831d-45d0-9ee7-5d266a79a139	378	722	26	16	10
cd916df3-dcd5-4530-b0eb-a8dd60664b68	378	722	26	16	...
ee0f0ca9-9a66-4595-afac-26f114cce80a	294	736	10	14	1
4e418f9c-48e9-446d-8638-a21cbaaf7707	306	736	32	14	Holy
fd0ba2a1-ea92-4d8e-b6f1-f186ad50e12e	340	734	73	14	priesthood
b5142c54-79fe-481b-aaa5-af5bc3c16544	340	734	73	14	;
1e32341f-da8f-4387-b771-477e1edfd2b1	415	734	61	14	Melchize
4f50a753-410c-496f-85e7-5eb2354b2bdb	415	734	61	14	-
5175582a-9c5f-44aa-a55c-465a5078943b	294	760	12	12	6
24778f76-b1e7-49d9-88bb-6427cc4a901d	318	748	34	12	dek
990786bd-43cd-4c47-8295-2cab2fe124d6	318	748	34	12	..
201aabe8-09ab-4c71-a04c-bc746f53a082	474	746	20	12	241
95542e76-fe1d-45b9-83f5-66d1c20bb7ea	304	760	36	12	Alma
8ff7715d-ec6c-43bc-9f7f-936073225bc9	342	760	25	12	and
3c77e80b-693c-4922-92fc-c2f4f95c8c13	369	760	48	12	Amulek
a8bc7e5d-e789-4598-8e76-da1f496e41dd	418	760	40	12	stoned
b84ddce7-7a2d-4051-8563-facb37a38135	472	758	22	12	243
fc264152-0cf2-4d20-8bb2-feb49518045f	294	772	12	12	6
bb2b4f61-f002-4aaa-858b-bc8f4b5d4664	304	772	49	12	Records
5428b111-4dd1-4584-a0ae-4c1b4e1efac8	355	772	61	12	barned
b7556654-a46a-41d5-a772-5b866bde1534	355	772	61	12	...
ee5a0732-0502-4306-9037-1979f4a7ceb2	472	772	22	10	.
6acf2328-5c59-4bfa-898e-b4b76065f4ec	472	772	22	10	243
3a856a3e-726e-4f03-9278-7416e6a232da	294	784	9	14	&
a75e3683-48bb-49e2-9176-d3f4b900450d	304	784	26	14	The
1f161acc-814a-4378-91e3-666ca7666e69	332	784	35	14	iudge
477c9e37-8aa0-42ba-9854-b29db7cce36b	369	784	42	14	reviles
e4599242-30fa-4198-af6f-42ee8e2ae2b3	413	784	33	14	Alma
4a5264a1-c511-4aa7-9f07-647bfe467685	413	784	33	14	.
0324c16f-e80d-4dcb-872b-ca162f1ff84d	472	784	24	10	244
ff7c17dc-7998-4bbd-8c1d-4b43f5ffe763	410	848	72	24	Google
