ID	X	Y	Width	Height	Text
4235e8bd-754f-4247-9684-70ec796f0354	64	92	34	12	Verse
6888254c-0017-4276-a68a-537027a7d2f1	64	92	34	12	.
8d68d9a5-9f64-422f-9868-925606e521d5	62	102	17	12	20
0fd49be1-bdd2-4ac3-b57b-d34988a0e40a	80	102	57	13	Prisoners
cf276d63-6087-43f1-b968-b38b4dc4008c	138	103	42	13	escape
cac41a4a-1191-4bf1-9c94-5421243d4747	138	103	42	13	.
8db529ad-766a-484c-a500-f6146d002f60	62	114	16	12	29
652412a0-38ec-48a3-a5a6-184dfe63310c	80	114	38	12	Mantl
d89208eb-4416-4848-9bb1-d7bea5999963	119	114	55	12	retaken
4cfa7dbb-98af-4804-b1be-b55dc324a394	119	114	55	12	..
587a13b8-e1c8-4429-a14a-0dad28da29bd	82	126	37	14	Alma
f990c072-8a10-4f7d-823f-5e86d6a79e2d	82	126	37	14	,
5d828bea-ac7f-4f67-bde8-9800a0d613d8	120	126	31	14	chap
dcd678e3-1aab-4c97-b9aa-448ea4c4fc10	120	126	31	14	.
84cea677-a219-41f5-a1d3-b1b15a3c403c	154	126	16	14	27
342f7cfd-17a0-462b-b2c8-378db98fd0e7	154	126	16	14	.
75d752d8-e10f-4af1-b826-3328d74d5211	68	138	10	14	5
00b8d9d6-4092-4661-92fb-2524f5e09e78	80	138	45	14	Moroni
e1b54ffa-0b23-49cb-8126-e43b09730bdf	127	138	38	14	writes
71d15ca0-afbb-4fb3-bd23-b82f3c2d74ac	168	138	14	14	to
a60ea66b-cff4-4938-b480-6779f63506a0	183	138	39	14	Pabor
6037ba21-5a8d-4313-8b71-b6e9026736b6	82	150	35	14	Alma
f540b4be-7033-4f91-b943-4a32f592373a	82	150	35	14	,
196164dc-f6b9-4971-85c8-a82e0bbf4413	119	150	33	14	chap
c3d23fb2-e556-462e-abd7-029744a8c3bd	119	150	33	14	.
72af1887-61e3-487c-aa66-1727ac8f898e	154	150	20	14	28
a9f8526a-896a-452c-954d-c954da3eac66	154	150	20	14	.
3cad6862-9eef-499e-8753-3763cba556b1	68	164	11	10	1
b5b0fe3e-bc92-4ada-a4c9-eedae820f044	81	164	53	10	Pahoren
117f8366-31e0-44c6-8e5f-4b352ed4e1a6	134	164	14	10	to
fc3e5532-fe40-43de-8260-e143a4fb45ae	149	164	37	10	Moron
16cb0e88-e239-415c-9a73-aacfcbe5a7a0	70	174	9	12	2
88213ae2-0eb0-42b1-969f-49930443ec25	81	174	29	12	Lehi
fa7e38f5-63dd-46e1-96b5-86b92e86bc4b	110	174	24	12	and
2bce1bfa-8f5e-4d2a-b928-c5563befae6f	136	174	52	12	Teancom
dad6cae7-4b46-4453-baea-0b6520a18c50	82	188	36	12	Alma
8e2c9df8-82d3-4342-96a2-fc69045ad288	82	188	36	12	,
9be2a897-00d1-4e6d-9eb7-ea020a6e1424	120	188	33	12	chap
317811d7-8f59-4ad5-837b-8584fcbf9350	120	188	33	12	.
4e215186-e263-4713-96aa-1fec50dec736	154	188	22	12	29
f324bfdd-e2aa-47e4-b30b-4bbf881b1646	154	188	22	12	...
0e96a07f-83d3-4156-b10c-2e48cb43ff67	70	198	10	12	2
0aa8c3f8-2856-489a-ae96-bc3625f907f9	82	198	32	12	Lebi
950e6527-3156-4d2f-a01d-7f26ce53c3c3	114	198	26	12	and
44974e3d-1f0b-4bce-926d-4e1e4af9a2b2	144	198	54	12	Teancam
a627ae52-e8dc-41f1-8235-ae891c79d31a	244	174	26	14	.
7e9dd3b3-8f56-41e5-bd66-58c0cdd4982d	244	174	26	14	872
991414ab-60a9-4c90-b5a3-f92a5b310f5b	246	188	24	10	.
22d7b716-5a49-47d0-9d47-5d2c8a24725f	246	188	24	10	378
31e445c0-0b50-450f-ab1e-4e370922fa9f	92	212	50	16	charge
8e994315-9fcc-4afb-97b3-fb2ea6fb85f2	92	212	50	16	.
2adbc75e-6f6e-4317-bf32-b2b60639c5f7	242	212	28	10	•
418b8dc8-41b6-484e-a997-1eb5888aa18d	242	212	28	10	373
e0d1bf40-3c19-4250-af6b-950dfd0dac5e	68	222	12	14	4
b7c07637-8689-44c1-bd1b-7cb9ed8674d8	82	222	47	14	Pahoran
27efad6f-1912-4769-b437-b5a675347778	131	222	49	14	restored
5a9ced92-1669-401e-afa1-8b3160263457	182	222	72	14	tojadgment
e4b29470-8f59-4b06-a837-67b715468136	92	236	36	12	Beat
e669ae4c-1550-4a23-9717-a82ff33fcbc5	92	236	36	12	...
e628c9bf-0da5-426d-8857-844d5fa025e7	68	246	10	14	7
ba51f447-f644-4d6e-818a-c60421168e0c	80	246	63	14	Lamanites
f4bf9cae-65d7-4a2b-b528-6d4d4631c9bf	145	246	30	14	take
eacf1a14-3b5d-4e1e-9894-3d28ca750c07	176	246	30	14	oath
75e496ce-5e11-463d-b76a-3606c153ae6d	208	246	18	14	of
29d56c16-e1e3-41b4-bfcd-2e68934ca8bb	244	236	26	10	373
4dd4b5cc-6e5b-47bb-8dba-b8a762ffb067	64	272	14	10	11
f4ccc93b-5394-4d7a-a820-7259d1d22207	86	260	70	12	traiity
c7037165-0205-4416-840a-b0fc7a2656f2	86	260	70	12	...
901477e7-f685-453b-8743-17b602673ebf	80	270	28	14	City
725468e7-2b88-4c55-ac9e-773cd99268e7	110	270	59	14	Nephihah
514356bb-10ab-4740-89d9-34e3d11c8da7	171	270	37	14	taken
55ebc5db-ae30-425e-8130-f3aaf2d6188e	171	270	37	14	.
60a3c953-0fe4-4fda-8ec5-e5227922c922	248	260	24	10	374
017e3bf3-6916-4017-993c-3c114a829770	248	270	24	12	375
22c70a65-f5e8-4f4d-a613-f7152203507f	62	282	17	14	12
6e003bdf-e4dc-4fcd-b66b-31cebaddc879	81	282	56	14	Prisonere
315503c6-5319-496d-baef-6839fa275d1f	139	282	23	14	join
30f9e49c-0c89-41e0-9f4f-e251998ad37f	163	282	19	14	the
8d8374a9-7259-4ecd-8840-734a5b902026	184	282	86	14	Ammonites375
2d36f81f-a091-4cd4-917e-56cc93351b75	64	294	16	14	15
601ab1f8-fd14-47c7-a17c-316e3f18dcf9	81	294	59	14	Ammorou
132bb467-1df7-4da1-95bd-9ab87698bbf9	143	294	23	14	and
f85bdeac-0616-4108-a15b-ed52f5e4de91	167	294	24	14	men
4822abb2-3b42-481a-a107-a3f3336646f1	193	294	59	14	surround
6fe36108-a16a-4a9f-8f68-407381c818e6	193	294	59	14	-
f37d40a6-ed13-4d5c-9b7e-a3fb6ee8f72f	94	308	20	12	ed
d2d0d517-36ac-4a62-ae82-d548514209bc	94	308	20	12	.
10053ea2-b90d-4287-a669-3c2f2becdb06	64	320	16	12	16
faaee792-6e9c-4f59-ae5c-1b0b49e18564	82	320	60	12	Ammoron
901e2b06-ee45-40d6-b1cd-a5589b487151	242	308	30	12	...
e651f781-d82b-4ec5-bd7d-1f3b333fce16	242	308	30	12	376
2eaa7e92-c07b-4c2d-b2a6-aeab57b7317a	94	332	38	12	killed
2b0ebbdc-51aa-45bb-b9ea-f46e3d0fbdcf	156	318	26	14	and
09e30b9d-1125-4424-8e16-c8cdc1d86197	198	320	54	13	Tesncom
006706d6-4916-4323-b64e-a672444ca2aa	248	332	24	10	376
1ddc12d3-113b-46d7-856e-751adc193dba	64	344	18	12	19
fce84706-e348-46a7-8c7a-54530c605eaa	84	344	35	12	Peace
f380e3ed-1532-4767-8dd3-c39575b86d92	120	344	76	12	established
d839a265-f1d2-46b9-8170-f69f64020ac5	120	344	76	12	;
eae2a8fd-1eef-45e6-b173-441ad41a9ca7	198	344	55	12	Helaman
6661dfaf-95c7-45fc-abaa-118ee0c8822b	92	356	24	14	and
4a0b3a1b-c92a-4b0d-bc98-9df226cf0a5e	118	356	38	14	others
93629447-c913-41c4-a1f8-659dde37fef1	158	356	35	14	again
5922b9fd-1473-4386-9722-35990c011e4d	195	356	47	14	preach
c51564e8-b4bf-485f-be59-623aeef95e23	195	356	47	14	..
9bac6feb-b020-4821-858a-11a24479b939	242	356	28	10	..
d651064e-7115-4dc7-8f0a-ff1526c8867b	242	356	28	10	377
9698d432-b0b3-4902-a289-4faa03ea19b9	82	368	37	14	Aima
23533142-bfcf-4da2-affc-811e3623a788	82	368	37	14	,
818b4a58-87f1-444a-a189-28a46414f752	120	368	33	14	chap
b0b2f577-35ee-4fd9-9b22-92de70995761	120	368	33	14	.
d98eb589-22ac-4e0f-bdca-a3a065157ed7	155	368	19	14	30
db3e5c80-68dc-4a2e-b174-cdf4fc9ed912	155	368	19	14	.
94ecde6a-a93c-43b7-97c9-dec53a7ccaea	68	378	7	28	1
2eb441dd-c820-49ae-83c7-1ba438a04048	78	378	59	28	Deblot
35abc804-c1c0-4d4f-aa26-b29a4083c423	141	378	28	28	d
58cd5fc0-79d7-46f0-8ca8-9dc9f994356e	173	378	17	28	ro
febb85a6-110f-4736-b31f-42167e5bbf23	194	378	30	28	6100
2dfc29fc-a794-4d2d-b2dd-1e5e1134aae2	248	368	22	10	.
a65d6783-a675-4204-9e29-984198752185	248	368	22	10	377
ac825ab9-544c-4a71-be10-a3ca991d21a6	248	380	22	10	377
dc3a9f9b-8255-412e-a05e-7efb841b5810	222	394	30	8	emi
d2ba3aee-a2aa-499c-9e0a-93dbeefab25e	66	404	10	26	з
d4b674ff-3260-4ed8-b664-949b96bba0a8	79	404	36	26	Нако
790e1c36-b2a4-4c4c-ab2b-548d4d3e047f	118	404	10	26	п
19836e14-42b1-4c49-9d8e-9a2914102712	131	404	43	26	ввіра
5a82533d-f999-4526-8af4-fead2b98fc8e	131	404	43	26	:
0f2b9d6e-2a7a-4e7b-b754-3c69cb7c999c	248	404	24	10	378
d0bd898a-7c5d-48ef-b6f9-79184ff3aa01	248	414	24	14	.
098f2443-c48e-4f22-812b-8b80704a5f37	248	414	24	14	378
5f9b9ee4-bf75-4154-a753-55af6a4c2662	70	426	10	14	§
825c0823-7c7e-442d-b588-6aeeeea39b21	82	426	54	14	Shibion's
7d5765bc-1cab-4beb-8710-093ee5b8152a	138	426	40	14	deuth
f29b4263-ca3f-44c6-a724-354c0fee7f3a	138	426	40	14	;
7b128263-5409-40e9-9b1b-8a2fa2a3f28b	180	426	54	14	Helaman
d881a1c3-0c96-44ff-9f57-5463fe4e4260	236	426	16	14	re
00839696-29d6-47df-a140-1680555d86e0	236	426	16	14	-
8bb12f02-bb6c-4c7f-bc77-5a1cc8976957	94	440	38	12	ceives
3d6caaa9-54f6-4514-b64b-1e844701d1dd	133	440	21	12	the
10fcd543-c9eb-44bb-8e90-c1664bb8e981	156	440	38	12	sacred
a687fd77-751c-4298-877c-a1ebfb169441	195	440	77	12	things
7d02d815-d4c5-46af-893a-094371f6cd2d	195	440	77	12	...
db093d7f-46a7-499a-8011-a16bef660362	195	440	77	12	378
18543b6e-3a10-49e3-afe9-64efcd21bc80	96	462	26	14	THE
85939e97-c6bc-4046-bbcd-f1e43b3a8204	124	462	33	14	BOOE
5f222631-c696-4b55-8929-033ae6c77016	159	462	17	14	OF
8f9a5176-9ba2-42ab-970f-7f2da148cf96	178	462	60	14	EELAMAN
ae4b38ed-6a85-4f3c-a913-c95489224e8f	178	462	60	14	.
45c17059-e07f-4498-815f-f02f3c6c7bd3	82	474	49	14	Chapter
93a43dd5-c6ad-477d-a2d4-b39bfc449070	133	474	15	14	1
e814c8d1-d4ac-446e-b728-11580a00260c	133	474	15	14	..
8b1c72c9-fa06-4813-aad5-516f60120a43	70	486	10	16	1
2af4ae16-24bd-488b-a670-f6b34bf533b3	82	486	52	16	Paboran
823ca31d-3a73-4145-89b1-7906a5201969	136	486	34	16	dies
8a86eadf-61d9-475f-94c3-f79fd907e76c	136	486	34	16	;
c8fd97c0-efe9-4d19-8439-817cd009973e	174	488	58	12	Pahoran
22a89158-0088-4f32-9cef-e9e305a79cba	174	488	58	12	,
f009de09-2f87-445f-a23d-557ad9ef6da0	246	474	26	14	.
b33f7939-b05f-48de-90be-40ba9dcc4958	246	474	26	14	379
54674fa5-d2f4-4921-ab5c-f0175ee1e9d3	94	500	24	12	son
39d10229-5302-42a1-8f97-15667f5a496e	94	500	24	12	,
bc86a981-16ac-43b9-a6b4-cef60268f15a	120	500	53	12	succeeds
8b87bcbb-67a1-481c-bde0-8f30d79a45ae	174	500	29	12	him
abbc0c01-7fb1-4416-8529-31b699f53e09	174	500	29	12	.
97b0508e-8bf2-45a5-ba89-3b405808eb32	234	490	20	10	his
c7c1fddd-64ff-4573-b345-5dd16c06e5d0	70	510	10	14	2
b588b856-d5c7-4d66-9fdd-aeed4c2aa4a3	82	510	42	14	Panchi
e11ac44a-daa7-4bf0-ad5e-d171633e7e3b	126	510	54	14	dissents
5f4255b9-3921-4c00-b9c8-e44f066d2ef1	126	510	54	14	..
7adb7662-477f-4137-85af-16d28d1ec6ca	250	500	22	10	379
4e30d2d5-3f62-47b0-9c7d-e142673e82f7	250	512	22	10	379
c9d5ca78-c111-45a9-8491-b1231c013f33	70	522	10	14	3
860648d3-b69a-438b-8774-8374452a8758	82	522	49	14	Paboran
0e7212ae-7e92-4783-b61a-a7ead22e3adc	133	522	63	14	murdered
b7587e89-133a-4a3f-89d0-fdf00d8be9cb	133	522	63	14	;
f34c768f-be50-481f-a6a8-cbd09e0353ad	198	522	24	14	evil
eb2a7ec8-7668-4b9e-8b65-8134ba288d64	224	522	30	14	cove
ddb60e65-6755-45ac-8d5c-61bca6f7e79e	224	522	30	14	-
744d9c3c-8a67-45a5-8fc3-13f77aae30f9	88	536	42	12	nant
978c6985-b3c9-4a53-91f9-401680c6a917	88	536	42	12	...
b2ead4ad-3c3b-4063-a7d5-9e1a4532e773	250	536	24	10	380
f7025c89-0ff2-444b-955e-e74918cf069d	72	548	9	12	4
c455a549-d27b-4058-a7eb-7c2bfdd95b36	83	548	60	12	Pacumeni
27a25f72-5c36-499f-81b9-61ec1f4c53f8	144	548	43	12	chosen
8ea7185c-27ff-4db9-aa74-7497045d8978	189	548	39	12	judge
68842380-3b6e-4fd9-a667-6a90714313e8	189	548	39	12	..
7a78b5c0-e826-438f-941b-e42bb315124d	246	548	28	12	..
1ce81646-21e4-48d3-b8b1-d5c55e3d22ae	246	548	28	12	380
335bd614-ba31-44f9-a02b-a6ade30b34d8	72	558	9	12	6
82fc820b-bb67-497a-94fe-0394ecbd2cad	82	558	68	12	Coriantur
c4000ea4-9367-46ca-a461-bcc4de9725b6	151	558	45	12	attacks
1b9f5752-237e-4507-9331-2f59218fafe3	198	558	21	12	and
85ccb096-4c3e-42d6-a88c-dd2a3b1393ee	220	558	34	12	takes
023027b7-d698-40da-8d20-4a3d2e6e3f46	94	570	68	14	Zarshemla
2a7c46f6-2835-44dc-a6a1-1e2ca2d1ad6c	94	570	68	14	,
96c85e23-a76d-4ba2-960d-e5e4b4155be8	164	570	24	14	and
2f1ae81b-00d9-4bb1-b505-c33a693ee0b0	190	570	12	14	is
31137a30-48d3-42db-a835-e8972de96d70	204	570	36	14	slain
b143e7a0-2922-4c23-8518-8774026f06bd	204	570	36	14	..
057aedd4-3d91-4bbc-bb0d-d6f51cae28ab	72	584	9	14	8
bb77e42c-2924-4465-be58-b62d37b8989f	82	584	56	14	Helaman
439dffb4-4e08-4541-a026-e774c3df6d06	140	584	40	14	chosen
4c24a397-ae4a-45ca-9fc9-dd4cbe461818	182	584	44	14	judge
96793e8f-dc42-4f06-8c58-311df864061e	182	584	44	14	...
363eaa41-d847-4448-bbdb-a42206adeef4	248	572	24	12	.
69ab416b-908a-425d-932f-98b2f2dc70ff	248	572	24	12	381
4832fd6e-7842-4b93-bbaa-ebdfbc0eb0ab	70	596	10	12	8
00d0eaba-4b1f-4fec-b791-b6abfa92d7a4	82	596	65	12	Gadianton
90af3c66-475c-4692-84b8-156838f8f2b6	148	596	38	12	bands
cc78548d-f414-4b80-acaf-a3cd66a1c85a	187	596	55	12	formed
3e295ffc-0195-47f8-a517-dff639163275	187	596	55	12	...
733667ac-1ea3-4010-87ed-eddf462b6dbb	248	584	26	12	.
d3c507da-78c6-4e9b-98ad-99897c45269e	248	584	26	12	382
5349df11-6c0f-4c3a-9e88-b9114deb19c5	70	608	12	12	9
6ed5290a-c613-4ea1-a250-2c857ee4115f	84	608	41	12	Secret
4eb80294-fb95-4c40-9b48-c9c29ff64bb4	248	596	26	12	.
f91d2fd0-6e70-4c8a-b658-17978fba2b9f	248	596	26	12	882
1b0123f5-0ff4-4f82-b3da-a83774d3a552	134	608	40	14	design
3527f556-5c12-41c6-a725-71ab0110dca2	184	608	72	12	discovered
e8ad5f30-0e95-436d-a9fb-a1ddf31ec8af	184	608	72	12	;
67c1519a-20c8-4885-9355-42df2a29818d	94	620	68	14	Kishkumen
0ffff9c7-e14c-43a5-83a0-7d345fd831e0	164	620	42	14	slain
6a757c96-cfa8-4608-8622-25cf999dac33	164	620	42	14	...
9ebe04af-d65d-43ed-9405-82d463ed3e7d	250	620	24	12	.
2ab92550-de7d-4516-813b-6dfd552d5d51	250	620	24	12	383
09c0d4e2-fd3c-4fe5-994b-f48a4553c37d	64	632	18	12	10
cb194584-39f5-4726-b619-73cc6c444a3d	84	632	62	12	Gadianton
9c5f74df-f195-407f-8281-689ffc4784da	147	632	28	12	flees
ff1ecade-b45c-4aac-b70e-d2dbeccbe8bd	177	632	12	12	to
0f1326a7-0d5e-4943-9b3a-5d485b4d5f5d	190	632	84	12	wilderness383
76d6d42d-5350-4033-8102-7694d7c001f3	84	642	58	14	Helman
25168a63-ad72-46c1-891d-64c60c510a89	84	642	58	14	,
b8c18351-40ee-4aa8-8c88-f6e616b8f986	143	642	35	14	chap
bbab47d7-5b39-4046-91e7-7b64ad699af9	143	642	35	14	.
37695781-1d50-4cc7-ad43-b3658434112e	180	642	16	14	2
06462bd7-b8d6-44d5-be52-e51387d73036	180	642	16	14	..
03cdf3fd-8346-47ea-95bd-d70febdb5ae6	70	656	12	12	§
f3900b32-0fb1-4fdc-af59-900f00773ac8	84	656	72	12	Emigration
992a8498-4b3b-4928-8eb2-8ce7299ffe8c	157	656	67	12	northward
d35ec2c4-bfd5-41b1-9d28-2b510928864a	246	644	26	12	.
d0da2173-adb7-4767-9c4a-fdaf05f2ed33	246	644	26	12	383
c7c50e4c-f54c-4efd-87ad-528f045942bb	94	668	33	12	ment
9c49fc84-6c02-4f8e-949c-1415b7d47fe5	128	668	45	12	houses
3ca6c58e-56ab-4c59-9768-fbe8283e731d	129	668	45	12	.
57e3a299-b0a6-424e-9305-620df5ba693d	236	658	20	10	ce
45fa78de-fb49-4951-a030-b92801c922d6	236	658	20	10	-
ac659b4d-0833-4bd2-b634-150ce8504a2b	72	680	10	12	4
5716a7c5-44d0-4e74-abc1-96d21a763cda	84	680	50	12	Records
c9890038-c7c4-4b44-abfe-aea553106a9d	135	680	35	12	kept
5510143a-2e72-49d3-9a62-35f7a817dbc6	135	680	35	12	..
17afc336-b560-4ab5-a2d6-e18caab9a706	248	668	26	12	.
c5353a58-1a46-42b1-b9d1-f829d6abf749	248	668	26	12	884
6d764c71-d942-4b47-a5ba-c2bffd0b6327	130	692	24	12	and
84961f7e-95f4-4762-964f-8034766ce670	244	680	28	12	..
0ea91d1d-852a-489a-9406-ad057a37da1a	244	680	28	12	384
ecbc7fe4-762c-4c4e-8406-9f736eeae439	168	694	60	12	prosperity
123409f9-355d-43ee-a09f-962a28b363cc	96	704	38	12	Christ
50db9cf0-a8cc-4924-83fb-47ee4bf057fe	238	692	16	12	in
965999ea-d72d-4c91-be1b-1f218648809e	70	710	11	18	7
7bbd4994-e631-4649-b54d-da652af89d1d	84	710	70	18	Helaman's
0151bb51-7094-4d86-934d-5e3abaa800e9	146	712	58	18	destb
c4c13b26-20e8-4934-9327-5570827542df	146	712	58	18	;
f2742d14-d400-4c67-8d0b-0d90685cd86f	210	710	46	20	Nephi
f9be2e8c-2eb0-4e07-976c-c084cb42e215	242	704	32	14	...
cd5e0bf0-6308-4971-977a-94e75ff2ffe8	242	704	32	14	385
297c7a58-37a5-4963-93e3-565d532c800a	96	728	46	12	chosen
913da6ad-b3c4-4070-9fe6-21d0ed05cbdc	96	728	46	12	.
940dd48b-b7ae-4f5b-ae17-f1ba98f33f0b	72	740	11	10	8
9c53fbe6-bd74-4408-8067-ceed68d03832	85	740	50	10	Revolt
20d0d556-ab34-4544-8609-4b27e8938d23	85	740	50	10	:
e2f70f32-a1e6-4032-8f32-eaf4256579c0	244	728	30	12	..
691deb22-718e-49a3-b7b4-e23178709030	244	728	30	12	386
7ff0c028-2a6a-4ac1-a5da-b203491f4d6f	134	740	29	13	land
954d44c0-3c89-4505-bf27-6db84c6c2997	164	740	63	13	southward
dba97995-022c-43c0-be20-05a76beca613	228	742	28	13	cap
3f976cbd-ae8c-48f5-8e89-0182f2725f89	228	742	28	13	.
2854d502-25ea-4088-9a03-b64933d426d6	96	750	52	14	tnred
b36ec1a8-d09a-47f0-98c8-3c86fc974172	96	750	52	14	....
da4d26b3-3d5a-45f0-bcc5-161224a9192c	250	752	22	12	.
d67cb263-e8d7-43b7-8a2d-c05ad5d1db38	250	752	22	12	387
aa407c00-146f-44e5-81e7-98771b2ba44e	64	764	16	12	12
74aa4ce9-e459-480b-927d-babb21bcb20e	82	764	53	12	Nephites
fb40e13e-e710-4f06-8a8d-4cd4c48e1bf0	136	764	89	12	remembertheir
5fcf0bef-fa65-4cf1-ab74-97317e6d87d8	226	764	46	12	evila388
8a3082ff-7978-4f24-8e5c-e7b7c8343d83	64	774	19	14	13
ec459aa2-bf83-4bd9-99d7-c67ba59e9b24	85	774	37	14	Nephi
448d52e3-daac-4442-aef0-2bcffb255112	123	774	31	14	gives
260d2d44-f926-4cd2-9819-3131b2d733de	157	774	26	14	way
a7f7d8fb-3f51-4ff6-8ebb-a0c65e9ffa0a	185	774	12	14	to
47a49632-e651-4568-a648-ca43e8cbbe2b	199	774	75	14	Cezoram
bbdde4b6-0875-48e1-b63f-0f0b2416cc68	199	774	75	14	.
d9021eff-27db-4ea3-8a10-ba6c9145ebcc	199	774	75	14	389
5e1510e2-2fdd-4480-b020-745a57b241c2	64	788	17	14	14
feb21d02-02d0-433d-b887-1ebe48b3c4b1	83	788	38	14	Nephi
0b9aa2d0-5bb7-4726-a645-f0402ec9d973	123	788	56	14	preaches
e86d31de-ee14-4c6f-ad35-73c2754f2410	181	788	93	14	Christ
4fe3e6b0-c6e1-409d-9c7a-fbe3a71f45ca	181	788	93	14	........
d9c4ebdf-32e4-4cb7-850f-71801236af77	181	788	93	14	389
17045c06-762f-4ef3-b2b3-e64ba72e60f8	244	62	58	16	INDEX
ba74f791-f2c8-4866-badf-30819e7772e9	244	62	58	16	.
da11983d-2339-4ac6-bcd3-383994ae46e6	238	90	30	12	Page
d014350a-7523-4769-974b-1a0a7bce6195	238	90	30	12	.
64506966-5831-47d4-b5c2-5228d7831500	244	102	26	14	.
cce3ff3b-6e0c-4ac5-aa6e-6b059cf9de70	244	102	26	14	382
3d57e981-44da-4659-bd55-100cc398b1fd	248	114	22	12	365
41b9e1a8-4bc5-4c3f-99d1-3a5017500e7d	248	126	22	12	866
f62aa580-a72d-4d44-ad2f-cab85dbb12c7	280	90	32	12	Perse
158baf73-0acc-4297-b51d-5463a8ba7dfe	280	90	32	12	.
4ba76470-eab4-4b32-87a6-5060a2113455	452	92	30	12	Page
1b46d28c-880c-47f6-a90d-ad1bd5a235ca	452	92	30	12	.
f3b30647-7b54-4b66-8279-f1a8dbf2b4d7	278	102	14	12	17
37cba02a-6cbe-4253-a176-680fc2a46832	292	102	38	14	Great
4666a6d3-962f-4ac0-849b-de17bc316943	332	102	38	14	power
a424468d-c6c8-41d1-b782-366b8dcc1273	372	102	12	14	In
e0af6a47-ea4d-42fd-a2ab-1946032b7521	386	102	100	14	preaching
8ba58f08-be2b-4fa3-961a-68df7081130d	386	102	100	14	.....
17a66f80-4654-40dc-be7b-643f0838c493	386	102	100	14	390
ee267dce-0d3d-4aaf-a2b6-a75bd024d575	278	114	16	14	17
2618581f-b9fa-4118-8dcd-e5c3e4ae7d95	295	114	38	14	Nephi
24babf2f-4a01-473b-b0e1-ef5a3d8b0edb	336	114	23	14	and
0e57707c-37d0-42c6-8c8a-56ad79947d99	360	114	28	14	Lebi
32993bb3-1d4b-4b64-92ed-a457ff839fe8	390	114	96	14	Imprisoned
bd066e3c-3bd5-42cb-b5da-53928ee08880	390	114	96	14	...
7d49bb81-5051-4cb8-a164-3f3d0a01dc36	390	114	96	14	891
883d5bb6-7cdd-4098-a81b-2c6e8628241f	296	126	68	14	Miracalous
49ec47e4-2c2e-4d17-b3b1-8066c8da6277	366	126	26	14	heip
1f5bc286-f775-4d17-abac-79b927970298	394	126	35	14	given
ed53dd95-c599-44ed-8472-f255848f6fef	431	126	55	14	thera
783e4e6d-0bb1-465d-ab80-a82a074142c3	431	126	55	14	.
76b925eb-0dae-4876-a643-ad7a50a7e1eb	431	126	55	14	391
8c3083c3-77f6-49d6-8c8c-af139a0ac655	278	138	14	12	25
1dcd0830-5a5b-4ff7-b348-4be6f9561a60	296	138	37	14	Many
9704acb0-b9ee-48e4-abc9-73a70d59c999	334	138	63	14	thousands
13835019-9b05-4f6d-9552-3c1dedde18fa	399	138	69	14	converted
eee4d373-47b3-46e8-950c-95707de911e0	399	138	69	14	;
eb0b74a0-85f4-48f9-846f-7541755b2327	276	162	16	14	27
2e886f57-04e0-4a65-97de-8f6a2d3fe63a	278	174	14	14	28
8f823df7-e51c-42a7-b36a-9d9f2c3398fe	298	162	42	12	Lande
1ca6e1d4-ad39-4674-a36a-5cc27255a641	298	162	42	12	;
34e0c2cc-18c9-4be2-a6f6-a3d4919bdf17	342	162	30	12	Lehi
2f0455c1-bb8f-4bc8-b775-495b4c78f0a9	373	162	24	12	and
505353b0-41c1-41b9-a27d-643da5d48bdf	399	162	34	12	Mule
9a95f386-a354-47fe-8eda-cb829511f089	399	162	34	12	!
221c2fd3-be38-41a3-92bc-db0ac24493b8	462	150	24	12	.
20973e81-e53f-4a46-af71-774913a3eba8	462	150	24	12	393
6d91069f-29bf-4826-8f6a-7cc1801cdff2	462	162	24	12	293
cb239a89-d6b2-460d-807a-c7e9e8018432	298	174	47	14	Murders
c0853c84-7ab8-4f0c-abd1-6548c37098d5	347	174	84	14	byGadianton's
a9eb58f5-42d0-468e-8566-8c3abfbd3df1	433	174	53	14	bands393
d94831d6-db1a-4a4d-ab98-5c9d0b4d5745	278	186	16	14	28
fced7772-4fe3-4970-ae14-c7a378c87932	298	186	51	12	Cezoram
0e60e166-41d6-45b8-b5bc-58007158fcdb	351	186	25	12	and
307f907a-1af1-4530-9fe1-302ab2ce686c	378	186	22	12	son
43cfc1a7-df58-4434-9ea0-9dc6d1a7a4f7	402	186	42	12	killed
0810693e-4acc-4821-b18f-e4a1e7f2e256	402	186	42	12	..
098c2347-24af-44f2-805d-431d0c14c707	460	188	26	10	394
8195393a-06cc-4226-bedc-d3944a42eb34	278	198	17	13	30
5b4602af-8162-4aa1-884a-5c84f5849b3f	296	198	42	13	Secret
9a4b8f8d-537b-4827-8e0f-981ebefb0930	339	199	36	13	oaths
adafafc2-3ed0-424c-b78e-60ed9959d051	377	200	27	13	and
9d0ff428-b86f-40d9-887e-7fd3c73787c0	406	202	62	8	COYOnaLES
987b9c17-a0e8-4d61-9d94-e3f25342fc24	308	212	36	10	tower
3faf8d86-bec9-45c0-ab32-a7960ed7f0b0	346	212	49	10	begun
e1174aa4-2618-466f-bdaf-0067430e03a9	346	212	49	10	...
9348eaab-7070-4413-a198-3a5da9a18ea9	462	210	24	12	395
1d5807c2-17f6-4032-9c6d-b5537b4fa37c	278	222	17	14	31
8e366064-b168-4aa8-82bb-8b67a0f591b0	297	222	35	14	Spirit
4516ee60-0b39-42fa-8a0c-2f646b62bf51	334	222	37	14	begins
4e59da15-8ce8-4748-8182-eb1e6eb77614	372	222	12	14	to
48bc88f3-460f-440f-9734-541a9dd19ab3	386	222	14	14	be
2808933f-13de-4e3f-8bf5-b3755c3129bf	402	222	66	14	withdrawn
f039c3e8-6735-48d8-b46e-8187c2eda4ee	310	234	28	14	from
669fc8e9-921f-48f2-9235-02b307dbd919	340	234	23	14	the
5e51789f-0cc0-4e53-b51b-f4d7a0d160ce	364	234	59	14	Nephites
5cf03b19-fb65-4d55-8dcd-85165e928fdf	364	234	59	14	;
3e12b76e-5829-41b0-83f6-d90bcd937602	425	234	61	14	cause
2ffecd89-c6bb-451c-9719-1e68c749693e	425	234	61	14	..
11eb578c-b595-4ea9-b1f9-0a0cce3c788e	425	234	61	14	396
f9bf017b-efbe-4dd0-a458-a918a6ef8116	278	246	18	12	32
7785eb41-b795-47c1-811a-cc01ae5cea07	297	246	65	12	Lamanites
a015cdc4-58f2-4425-a0e0-d6fd7567f341	370	248	44	12	presch
ef6ede5d-b057-4a7a-b938-96327d0eddbc	424	246	44	12	Christ
063bf266-bc5e-4cfe-be75-33f5feccb104	424	246	44	12	;
03d8c6e7-1df1-4914-bf7a-c6d5dc0d894c	308	260	49	10	robbers
370116b7-1bc3-44b8-a303-5ab3c4b984f0	358	260	62	10	overcome
6e0f13fe-4304-4ff0-a974-ce9a1358a03f	358	260	62	10	..
338ea763-2f3a-417f-8cc2-d339ea0cfce7	464	258	24	12	398
ad60bf38-39c8-4a54-929f-0d7e02d52e59	298	272	57	12	Heisman
bdfd623b-8aec-4d9e-a46a-bfd5bb482698	298	272	57	12	,
a0a1a635-1fee-4eec-959e-7b78c955dff5	357	272	35	12	chap
e6dbe991-4091-4644-a355-420f6bda1c4a	357	272	35	12	.
4cccc343-3e94-429d-936b-88e126a5a30b	393	272	16	12	3
22750b5a-7a49-4b3b-a97e-f3347cc2dba9	393	272	16	12	..
1e5107cd-5979-41bf-9ff4-a54c8d51895c	284	282	10	14	1
8d5efc98-df19-41fd-a4f6-018f8392ff6d	296	282	61	14	Prophecy
dea24d13-55ad-4b7c-ba2f-d08f29892298	359	282	17	14	of
2b24679a-b727-44b8-8a07-1d5f873175fb	378	282	42	14	Nephi
8fee6f0f-3b3c-46d7-b36d-49f520b4fa92	378	282	42	14	,
3510060e-83cc-46fa-ae8c-7af7d7c8339d	462	270	24	12	397
56d98d78-d53d-46c2-9bd0-a8c0142186e0	310	294	56	12	Helaman
76d92986-f0e4-4abe-ae54-bb57501bb816	310	294	56	12	.
d7cb2c5d-e131-48ef-b1c0-95e57ed1760f	454	282	16	12	of
f1e86c0d-257d-4bdf-875f-2bc4b4d34906	462	294	24	12	397
6f7bd624-a1f5-4eba-b116-a410a733eb2b	284	305	13	13	3
b175e31a-f347-4098-b654-bafee89350fd	297	306	63	15	Gadianton
bb8d3f73-cbdd-4367-8fbd-6acac38884b5	362	308	39	14	judges
16c32f04-f0c6-4146-b13e-4a7aad476b8a	458	306	28	12	..
bfaaec19-7d35-4612-b602-5ff981e375b3	458	306	28	12	399
bf7ce1e3-ffeb-4f9f-9caa-63053527ffe6	286	317	10	14	6
2d0697ab-7811-46da-9bc8-fd9e9cebda37	297	317	33	14	Chief
9b8d3a81-a1d8-4bc4-b50a-314349196599	331	318	36	14	judge
1949fc6e-4b46-45d8-8bfe-e7a2567a899d	368	319	42	15	gain
7e66acda-794e-4f9d-9a5c-5ba5b634aef3	369	319	42	15	;
5d30ff75-3065-4c71-9dfe-5710e89c7863	310	332	44	12	states
afb553c4-9d25-4826-a9ae-545d9c9b5f76	310	332	44	12	..
219b18fc-ee06-4a5b-a422-2483dfff611a	412	318	17	14	As
80bb237c-4f60-4628-bbc7-b8b82425b06c	431	318	37	14	Nephi
6884e4e3-85aa-43bb-a270-046085efd85b	460	332	24	10	401
88724773-1b9f-4f0d-8c4e-e115f075282f	284	344	12	12	9
b0803536-cddc-4e50-89e6-4a901ea39a2c	297	344	29	12	Five
dfa3d325-fd03-4471-a6e7-a1bd8207e953	328	344	27	12	men
9f65a0a4-001a-4ac4-b76e-8f371ca7fe75	356	344	66	12	Imprisoned
8e745dd5-014f-4d68-8afb-cc2e1cca6a4f	424	344	21	12	for
2513e4b1-0cd1-4299-8132-dd802b90ff93	446	344	22	12	the
317828b2-450d-4238-b198-d078c405a35c	310	356	45	13	murder
5740388b-5d9e-4c86-8a64-ca3988b474ca	356	355	14	12	...
caa5b956-54d9-4494-9f66-e93430307cc0	278	366	18	16	10
4b10e0e2-9550-44b3-aff0-114954eca31d	298	366	32	16	They
7864397e-ce42-4f3d-9eb2-83515d185f66	332	366	24	16	are
2e257455-ba06-4d06-82c5-3e6c0a33f000	358	366	44	16	freed
ea132d7c-e895-493b-ba28-17e5b58f352d	358	366	44	16	;
34ca1ebf-f1a0-4957-85bb-4f4f09ee7fa8	404	366	42	16	Nephi
bd88b3be-2843-42b8-9e0a-3d9d90bfb5d7	458	354	28	12	..
6cc9823f-6548-41da-b3b2-5849fb72881d	458	354	28	12	402
54420aee-29a6-491e-bb2e-84a133254b51	310	380	44	12	cused
860a0f43-fe26-4394-8c2a-6f2742978c11	310	380	44	12	...
15da8179-c893-4f97-bc50-1e38587abcfa	278	390	17	14	11
77951506-48bc-4bf8-92cd-bcdf3a0302aa	297	390	37	14	Nepbi
788fab43-29fa-4b45-a95e-2520f49b7e68	336	390	44	14	detecte
eaadce78-1995-44fd-8faa-5f3964d89586	381	390	51	14	Cezoram
398e8c21-9f63-4b2a-b23e-72271ddc3d4d	464	378	22	12	402
6788580f-297b-4acb-ab20-132254309771	464	390	22	14	405
aceaf9dc-bc16-4ba3-8110-d4910f460ad6	278	402	17	14	12
3a54e70e-3556-437d-ba8f-c32f80813b64	297	402	54	14	Cezoram
dadb5a9f-4393-4507-9107-2ebff42a458c	353	402	61	14	confesses
f1566c0c-09a1-409b-99ee-2d1993153bc5	353	402	61	14	..
1af52663-3022-4220-9e8f-250cec0f5867	278	414	17	14	13
3c3845fb-5041-4889-8931-d89f7faf285f	297	414	37	14	Nephi
bdbebcd6-7eb4-4c22-8cf2-23a745070577	336	414	70	14	comforted
596a5316-1c3e-4a42-bc43-2b6cd02f0cee	336	414	70	14	...
6bfb3d47-f058-4112-be4a-fb5b516f5e03	466	402	18	12	404
ec8055ac-1376-4a07-b18e-a98844dfccfa	464	414	24	12	40
bb076a66-5384-4dff-802a-62ffd935e57a	464	414	24	12	€
190ee785-fde2-4f87-b6f3-c1cee93222ab	278	426	19	14	14
6ae722f9-91b7-4b16-9eb1-2acc1a123e31	299	426	37	14	Nepht
54382500-c861-44c3-87cf-bae3b5536bcc	337	426	52	14	removed
bb20545c-e50d-49e6-a340-65db26bf587f	392	426	31	14	from
b15531db-ea23-4a68-906f-bc64b3ea3925	425	426	45	14	danger
b0fd3812-c2e2-495d-985d-0dceb85da496	310	438	16	16	by
e5a0f1db-f3b1-4b85-b196-9077e3c25d36	328	438	20	16	the
bba6c730-4db0-4013-84b7-48ba4156e801	350	438	54	16	Spirit
630e5d6e-b0e9-421d-a9bd-c9023a35769f	350	438	54	16	.....
ccc5d426-fbcc-4b6e-82bc-2eab229390e5	298	450	58	14	Helaman
dd29d30d-2ea4-4a18-a60f-f1ac441f8825	298	450	58	14	,
13aeaee1-7191-4bbf-a2c4-9ab861fa1821	357	450	33	14	chap
d67478f9-0ef1-4294-a21b-efbcb32b7205	357	450	33	14	.
91e7004c-336a-4088-85c6-d8973a03570a	392	450	14	14	4
21a5331c-474b-44b5-9177-31f473cf6705	392	450	14	14	.
6b523a4f-bba6-4a03-bdbf-c633dd65d664	464	440	24	10	.
d11209e5-e955-4bba-a1aa-2dfe5623854c	464	440	24	10	405
a59ce2d2-f52d-40eb-926f-05736a3dec2f	464	450	24	12	.
d2ada760-7753-47c7-8726-42af17ac18c3	464	450	24	12	406
1c179adf-65bc-4793-93f5-5baf0efe0407	286	462	11	14	2
1bdcef95-bb43-484d-bb38-f3b3c79f95fe	298	462	54	14	Famine
fc730851-111b-42ec-8612-015c1d0a3850	298	462	54	14	...
03945308-d4dc-498a-9897-eca6c60d592c	460	464	26	10	..
096170f9-626c-4f8f-a69a-f44c13624f8e	460	464	26	10	106
31293627-9387-400c-bc45-c8359de45d5f	286	474	10	16	4
0060365a-ed73-433f-8aef-84e7e3d8d9f0	298	474	44	16	Kamine
c9976c2d-94f0-42a4-a72e-3b612dbb2aaa	344	474	42	16	ceases
490e070b-7ea3-4ffc-ae76-de8af5db1136	344	474	42	16	:
be15e5ec-9a06-4df7-ae2f-4b2f3d83ca9d	388	474	38	16	people
af17bd9c-970d-4439-b09d-9d577d6164f8	428	474	60	16	repent407
203d66bd-d9cd-4189-9665-b7a7e73e7e29	286	488	11	12	8
f359e942-6787-438f-bd85-7fb361061c2b	298	488	63	12	Gadianton
e65b174c-e430-4211-9b3d-b1f0d5c3cdb1	363	488	46	12	robbers
418b2274-d6f3-4609-8cca-5abcaaba2f92	411	488	75	12	destroyed408
c0751ffc-d3ea-4fe7-8ff1-6b63d8b240e2	288	500	9	12	8
69f9c2c5-d51b-486d-97e0-f2f4a168f8cd	298	500	23	12	The
78c3074f-7fd6-4244-b7da-7e569730cbf9	322	500	39	12	people
dfdad574-6e3a-4078-b7b5-c5302a858195	363	500	26	12	wax
558922fc-e8c4-4e50-8ada-a9631bfe42df	390	500	39	12	strong
dcf2d15f-9779-4d51-9464-fa85090ce6f3	430	500	14	12	in
7e82305a-5a38-4da8-8031-ad7b8cd51fc2	445	500	25	12	ini
a72fc128-c39a-4fcd-bf23-eb2900f2aad2	445	500	25	12	-
2560043e-19c4-4ae2-9624-1419a86ab5f7	310	514	36	12	quity
5b2f9cb2-fb50-439d-b4c3-b62882a4cd2d	310	514	36	12	.
e974d605-5a81-4f92-b7d5-6e47aa0b767b	466	512	22	10	409
b5d60834-b0f5-449d-b67a-956d13fa68cc	300	524	58	14	Helaman
f588854f-c1e2-4e62-87d8-02986d82f962	300	524	58	14	,
8c5d82d7-008c-4eba-a05f-15c0ea0d561a	359	524	31	14	chap
7478c158-54a4-4664-8aab-6848e9325792	393	524	15	14	6
19f5bcdd-9336-4583-b126-7177d16ca149	393	524	15	14	..
4c803a2d-e343-43b4-9980-9bb206df8dac	456	522	32	14	..
94342c27-5408-4c62-8ec4-2634fd4d9020	456	522	32	14	411
95051ceb-c9bf-4bb8-91b8-4321456d5351	286	534	12	14	1
a863459d-ae75-489b-9cee-51f67b9903c2	300	534	56	14	Prophecy
07afb438-ed76-43ce-b0a7-f004c56bed2f	358	534	16	14	of
047c9102-5d0b-421c-ad63-fd03e1e46c0f	375	534	47	14	Samuel
28a4365e-6a41-4196-80ff-11b5572fbdc7	424	534	23	14	the
817acaff-55c2-4f6e-9ac0-8f4078a964ca	449	534	21	14	La
ad03ee84-7b29-47bb-8e91-59fd7d40fbdc	449	534	21	14	-
91adb524-3824-4fa7-bb95-fcb5d5953cf0	310	548	56	12	manite
fe0ff5d0-0ac6-4d8e-8fa0-eacec2edd08a	310	548	56	12	...
7527cd8b-65d0-4cc4-bd7e-bb9205ba800e	452	548	34	12	...
099fa82d-763a-4c15-9f97-8939114fda84	452	548	34	12	411
f95742fd-242e-4683-84a3-1281de4cc5c8	286	556	10	16	4
1ac692bb-994b-40e4-912e-608ddc1846eb	298	556	34	16	Tools
236bf7c0-a303-4154-98bc-a15bd47aa1c3	334	556	26	16	and
c2b7f99a-e436-42f1-a50f-dc4e48b3f5dc	362	556	74	16	Implements
a1b9b629-4e8b-45ac-b77b-1e04c8790972	438	556	32	16	mys
bdec4d5c-a51c-4ee7-b345-252c9593b408	438	556	32	16	-
5c31fbd6-1e9c-4f46-ba02-b199c5a30e06	312	572	55	12	teriously
a5234275-9534-4fec-8fe6-dd947fdc9608	369	572	61	12	removed
65cc4262-cfc1-4ba1-b54a-4942592d3d99	369	572	61	12	..
05010dd7-435a-4463-8fb8-ffa96cc36b89	460	572	28	10	..
1a5ecdcc-2bd8-43d4-b1b5-b4e6f43c2aae	460	572	28	10	413
a59dee13-c930-4e3a-a13c-8f46c6513efc	280	582	10	16	5
65955046-6726-4a27-9589-4418da4052f4	292	582	28	16	Two
795d5e3d-01c3-4dd9-a840-0a2d25ff4eeb	322	582	26	16	days
1e50fe5b-a8c1-4aa2-9f7d-a96d2b0f82c7	350	582	24	16	and
72d25887-f198-441e-a634-b11f2641667b	376	582	22	16	one
906ff1e1-7f5b-4985-9e41-42b8426d4f4b	400	582	34	16	night
dec3e1ed-92d4-4620-a9cd-05fb79664c8b	436	582	36	16	with
36f29b47-b6eb-4b05-9c35-ff0c6a30d4a3	436	582	36	16	-
faa7e0ba-65d6-4e26-930a-37ca2b159efb	310	598	22	12	out
2f655e17-c8ec-4b27-bd32-b41ca126413d	334	598	60	12	darknesa
792caab7-6c45-418d-b3bd-5dc73ec5612a	334	598	60	12	;
bf8dc080-9c89-4d0b-9f08-522f3d6c7148	396	598	9	12	a
14319247-6b53-42c3-bfd9-d58b77aab8c2	406	598	44	12	sign
f2610e8a-3569-4523-94da-0075e9dc54e6	406	598	44	12	.....
85d47df0-6964-496f-a000-543d81bcb02d	458	594	30	14	..
34f5f50a-63cf-4354-8ba9-98ea81b28f93	458	594	30	14	414
32e68886-2e31-428d-8502-63a4a9c4dad3	288	608	11	12	6
56cdd9d2-5c36-4eca-be61-3b3e82c02062	300	608	14	12	A
7bbc609f-1c6f-4db6-bf03-31e891640022	315	608	27	12	new
d36f16e9-d20b-4a57-96a6-36755605234f	343	608	35	12	star
16ef64b8-d426-49fa-98e4-0ed60ff2d9be	343	608	35	12	;
8ab5dbb0-50fb-48b6-a60c-86b2f4abe586	379	608	51	12	Christ's
b9482a2a-37eb-469f-8f5b-737777db475c	432	608	38	12	cruci
c1b639c4-19b7-4e33-b708-34ae82ec35b0	432	608	38	12	-
a849010b-e24f-41da-81e0-9e8e812ea683	310	620	46	12	fixion
78532ed1-975f-4350-9191-a091f3e55e6e	310	620	46	12	...
2b6c6f21-8d80-4d2c-9b85-f5c30e2d8f95	286	632	10	14	7
fc890e68-39db-476c-a0d8-a1f0b2f040c7	298	632	47	14	Strange
35fc3da5-0841-4c24-858a-965afb62a3aa	347	632	35	14	signs
c78e150d-ebfc-439f-a155-9fa90aaa966b	347	632	35	14	.
ccdc1b38-5f3b-4901-9a23-0dd942318c05	452	620	36	12	....
998e3abf-b125-48fe-b1a0-fe3aafb42c76	452	620	36	12	414
a0564ee0-d735-4b4a-92cc-91c9f41a83ba	454	630	34	14	....
7cb563e2-de00-443c-815a-f60aa41a5f06	454	630	34	14	416
1e5e863a-5929-48dc-b085-c7b0130c82c1	286	644	12	12	9
b6c12461-ec52-4755-be8d-abcceb37890c	300	644	45	12	Samuel
a80ac667-53a4-41d6-80b6-32968fed3665	346	644	51	12	stoned
eed63118-b688-40fb-a157-142f5100e3f6	346	644	51	12	;
e175ceee-c241-48e7-8367-5dedd84e6f95	399	644	42	12	Nephi
a1b26875-3af5-44f9-814e-f80de1640eb3	442	644	28	12	bap
be54f692-32b3-4537-85cd-9c5ea2c98262	442	644	28	12	-
241808dd-2536-4fa3-88ec-c7f5f43b0b6f	312	656	42	12	tizing
7ea13612-1749-491c-baa8-a5dd54d17c1c	312	656	42	12	..
e503b064-b6ee-4fd1-ac77-e6787af55fe4	464	656	24	10	418
f6dc7999-bfe0-4988-84fd-ec07c0448c7e	280	668	17	14	10
99fda20a-06fd-4a1d-bd48-cc332af273bf	299	668	42	14	Angels
3fa3b675-db46-4c77-a688-b225e9ece049	343	668	41	14	appear
b35e2ea6-a8f0-4bd5-b942-deb4a80a97b2	460	666	28	14	..‡
f4dcf07a-00c4-4820-9314-aa10086516f6	460	666	28	14	19
435cbc7c-70c7-4602-bc07-84ab2a313973	322	692	27	12	THE
a671a141-1886-47e7-acf0-19885c76cf5b	351	692	33	12	BOOK
92eb7a2e-2e0b-483d-88aa-f9842ce9e0fe	385	692	18	12	OP
32fd3ce6-de35-4401-8bf4-bbff342b058a	405	692	42	12	NEPHI
852483b6-afc4-4161-8652-76d0f7501989	405	692	42	12	.
fd3bcf98-1175-47c3-b8a6-6af6cfce5464	300	704	47	14	Chapter
5c92529d-ab99-45de-afef-80a9da7a5352	349	704	13	14	1
0162576c-3f51-442a-870d-0cb1a826f5c3	349	704	13	14	.
3abe1316-a36c-45a9-b171-af65a12b15ed	288	716	9	12	1
31c00b16-753a-4d68-89c3-cc5ce65e1536	299	716	65	12	Lachonens
75136ac7-08b1-44a1-a4d3-be2d4a09a904	364	716	42	12	judge
1060bbca-f1a0-4a1d-b3d5-1de40748d0eb	364	716	42	12	;
ba6672e2-e4e4-4973-a4a1-c6a57437e1c2	462	704	28	12	1420
10780ab7-6190-41b2-a9e2-baf5b0d187de	412	716	22	12	600
1028e6b0-93e7-4afb-aa61-65d8f7bc7ed2	436	716	34	12	years
36433f5b-f951-40f8-9f4b-883ac9c9216a	312	726	30	14	after
2c62c09f-be1f-48ca-93ee-7dd83facdea7	343	726	31	14	Lehi
cdb5f31f-96fa-4940-a98d-28169bf0d3f7	377	726	23	14	left
2eac7723-ddf2-41fa-a795-dd8463d72d32	401	726	69	14	Jerusalem
3af8bb4e-7b19-4758-894b-d8e38a33406e	401	726	69	14	;
77176080-b385-457a-9de8-0be111274e94	312	738	44	16	Nepbi's
27cd4b3e-5036-4e02-a85c-4b80cc12de71	358	738	44	16	atrange
2acfc21d-56c6-4b94-9914-0e6016224aae	404	738	62	16	departure
43f136d3-5c6f-44db-a24a-cb13cf9317d2	404	738	62	16	.
c700969c-eb93-4f1b-b240-90b32a8aab29	468	738	20	16	420
aa36b002-fdfd-4e52-8e92-f2e57ec96bec	288	752	9	12	3
95e2b06b-a36e-4cef-a364-616469ceb8eb	299	752	26	12	Day
e3d37a63-2f11-4cc8-a5d3-7c5a577e7f13	326	752	21	12	set
d7250328-6095-4f23-8c23-c47c4182cfa1	348	752	36	12	spart
1aa289cc-1aa3-4dc8-ad8e-c9db1ddcb28b	385	752	15	12	to
d334d484-d452-4685-80d2-ed8aa29db82c	402	752	45	12	pubish
764d8dce-3f63-4f16-863e-dcb2031a1051	449	752	20	12	be
3ee263bb-0e06-472a-a879-77adb8d5b1e6	449	752	20	12	-
860c6740-4015-4dbc-b21a-df19467f7e69	312	766	54	10	lievers
69449c29-10bc-46b7-bc65-85aeb816f745	312	766	54	10	....
5f296a2e-0f61-45d1-961a-796fdb292189	458	762	30	14	..
fba52a30-f161-47da-9daf-a6f2fc91ac94	458	762	30	14	421
5a062637-6adc-4aa4-b0b2-9600f2d22b32	286	774	11	22	+
e3fcb1b6-a246-46ec-b376-a2cc3201691d	299	774	53	22	Senuein
bbd43470-f7a5-43f9-a332-ea3a926f59f4	354	775	55	22	prophecy
8400555c-d992-451d-a3d4-533d160c1c5a	412	775	48	22	fulfilled
53beace6-86fd-4ee1-be0e-a93e7a7e48fc	462	776	6	21	;
c2a21d3b-a390-4bc5-ae1c-51bd21b1bdad	469	776	19	22	122
843fec14-8297-4607-ac5b-8575eb0178b8	310	788	18	14	no
58d96031-9344-40a7-8965-a9548630a737	329	787	37	15	night
ef788757-abc4-4008-8485-fd8e4807c52d	329	787	37	15	.
ab811a30-d321-4da4-ac49-89c2726b31cc	360	846	50	28	пусень
440e279d-d808-4a80-810a-6df5daab6d58	360	846	50	28	,
c6206bb9-07b2-46b0-bd9c-18f154134f47	412	844	71	28	Google
