ID	X	Y	Width	Height	Text
845f33d3-a43b-4147-9178-fa53a6cf7fbf	274	66	60	16	INDEX
a7f2e7c3-d77c-48a8-b875-cfb95b4baacb	274	66	60	16	.
9e2ec0ed-8d8b-4398-94fb-f91b4360da67	90	94	34	12	Verse
e5dd7b8a-9e78-47d4-b920-066844da9562	90	94	34	12	.
f46c4b90-608d-4f0a-ba7c-18b1476e19c3	262	94	32	14	Page
bcb9e310-1daf-4c9f-8df9-0ee737d19f8e	262	94	32	14	.
eebd3ed8-f232-4db8-a29f-91ee291970b6	94	106	12	12	9
886e1d10-affc-4995-b9cb-d47323ffab15	108	106	69	12	Lamanites
390219fd-3aec-45b7-b204-b8d09854a540	108	106	69	12	'
13c0f365-c4ee-4957-bcc5-1cc7860668d2	296	94	42	12	[
8054bbe1-f3f9-47bf-8cd5-c6eb6267180c	296	94	42	12	Verse
cbebedbe-9056-4f1b-9ec1-ab1659fed486	296	94	42	12	.
538d2419-2a4c-4663-8715-2b7a84ccfd44	214	106	64	15	removed
3a694a26-d3a4-4bcc-928c-9eec22d02bf4	214	106	64	15	;
b8b6ae2c-0f2c-4a8c-b11c-0033b0018ba3	120	120	27	10	they
50a734bf-0502-4012-aa2d-6286222a3648	149	120	45	10	become
aa60e224-b616-43b3-981b-6f8f35c544d3	195	120	39	10	white
cbb30b64-4fe8-4dd3-82c4-1cda8f2730cd	195	120	39	10	.
6bd034c0-4ed1-4de5-b2cb-ad2230298d42	308	106	10	14	9
2a4af0a5-8a48-4f9e-816f-c966bdfd5198	320	106	24	14	The
20124235-a70b-4800-a671-a76cb6d6aef1	346	106	40	14	sword
5996c3e7-b946-4125-9f11-f1272894fdee	388	106	12	14	of
7e66a4f1-8430-4847-a15b-37354dec3b7f	402	106	48	14	justice
71000748-f359-4ed6-bee5-b45fd25c7ec5	402	106	48	14	..
c52fb814-b85c-4f05-a4b1-db54b964da60	274	118	22	12	424
a2bcb4f9-f98c-4d7e-93a1-4f66009327b7	304	118	16	14	11
388b4b4c-074d-45c9-ab63-05bdff9f1352	322	118	65	14	Messenger
8fb81002-2234-4cf7-bfac-e522ea287928	388	118	56	14	marred
72931491-a853-4504-aede-483a5bcc7604	388	118	56	14	;
4d18e90c-0537-4121-82dc-7da2da7720b1	446	118	28	14	sign
b59aac2e-a64e-4ce1-8b1d-166deacce3be	488	108	22	10	462
f1c0dd36-9a8c-4c22-ac40-972fdc579406	108	130	39	12	Nephi
28bdecab-32ad-4ccc-b161-e795f78e6ee2	108	130	39	12	,
9e461924-c92c-4156-b8ad-5c906e1e94b3	149	130	33	12	chap
ca2b5532-b5a1-4396-ae30-d46310fd5227	149	130	33	12	.
eb0e1201-7d93-4f23-bd7e-46b6216fcc03	183	130	23	12	2
707ce4ab-d694-4b37-ae25-e83076f82d02	183	130	23	12	....
3add9952-1660-4582-badb-07d61a2d2b96	272	130	22	12	425
d227bcc0-a98e-4cc1-9982-3890e3006925	92	142	12	14	1
edc84b87-67a0-4aaa-a448-0dd9f186aeb2	106	142	52	14	Robbera
a5d798cb-0350-49fc-baf9-a8e66be24135	106	142	52	14	'
0569bc23-03d1-4f46-9530-da30275920eb	160	142	42	14	epistle
ab95c60f-7ea2-4305-b713-47b1fb74eb72	204	142	14	14	to
f8fccebd-349f-4cb9-9a31-f392d233f265	220	142	74	14	Laconeus425
a9d3dbdc-ed7a-4459-982e-bf587072d154	332	132	24	10	the
a6f08007-83ea-43e8-8cac-af765c783ee3	357	132	47	10	work
94d41a5b-aa50-45b5-a38b-36255a547589	357	132	47	10	...
a3c1b5d8-f55c-48f7-9a79-b6050c2238f5	92	154	10	14	3
0e71c648-deee-4aed-ba83-13cbe413d3de	104	154	70	14	Gidgiddoni
b5d76ce7-69cc-412c-8880-788d2c0ab69f	104	154	70	14	,
155c5356-dc3b-408f-a756-0724694a7684	176	154	30	14	chief
e52c5a69-8867-4124-bbce-137605d25cdb	207	154	44	14	captain
aea8325c-471d-47dd-a9d5-6e3a645bc098	253	154	23	14	and
f890a403-a6a5-47a2-aa32-3c572b917d44	302	142	18	12	12
041191b5-d725-4afc-b6f9-243685f1851b	322	142	27	12	Woe
8d2987db-abab-4f60-9e31-b6262fea37cf	350	142	15	12	to
ab0ab435-727c-4adb-9881-b8f4941385be	367	142	21	12	the
3c91c4d7-3478-44cd-a5a9-e47ab5b5a2d8	389	142	51	12	Gontiles
9131f430-31cd-4037-af80-68722a0728e4	389	142	51	12	.
f94a9944-90bb-4efc-bea5-4e1f2293f9d8	488	132	22	10	463
0692f15b-9283-409a-830c-26a15d546757	322	154	38	16	Nepbi
bc47d1a7-a819-4615-aacd-f3b68586c15f	322	154	38	16	,
e9055e4c-edb6-4bab-979a-e174fb095dcb	362	154	34	16	chap
38c264a4-c277-4aad-ba77-338d07bc44c9	362	154	34	16	,
9f2838c3-7a10-4748-8df8-b959fbb34d68	398	154	28	16	10
fd0d2021-f6c9-44c8-a920-dc02489ec463	398	154	28	16	...
bedd5407-d1a7-4485-a4da-0ad2a4f61261	488	144	22	10	466
9e963e66-0935-4262-b120-48d151e11c0f	116	166	48	12	judge
8f4cb7cc-4ad6-43cf-84c6-76b423cc9c84	116	166	48	12	...
a4948609-6968-4098-8517-2beb82337cea	266	166	30	12	..
f96dea9b-5ed0-43b2-8d21-afebcee28816	266	166	30	12	426
74904edf-4746-4bd0-b29c-5b43d876fa55	488	156	22	10	465
e332a084-eca2-45e2-9acf-9cc7cd4a4b52	308	166	12	14	1
090bc0ad-fa42-45c2-8446-536f94fbd87e	308	166	12	14	.
50d0cd86-6d5f-451a-84bc-04e334f6e840	322	166	26	14	New
c72e0031-a34b-4ce4-9207-d390c51e5ea3	350	166	61	14	Jerusalem
77bd4e9f-617a-4e2b-856b-fe6f69d13bcf	413	166	31	14	built
1be977ee-94d3-4409-a25b-6f3c04446240	413	166	31	14	,
963db30c-6f6b-4618-924e-91e65b8b1b31	446	166	23	14	and
97b45583-e68f-40ad-b725-8defd223e090	471	166	21	14	the
a016d32f-0e70-4d30-9e8e-b8b3a3ecb52e	92	178	12	12	7
888f2736-3af5-4f95-b465-d9a22da4b8bd	106	178	35	12	Great
84f518e2-a529-4251-8dee-8f9d0261adfc	142	178	35	12	battle
cb5d0a3c-3600-4c22-be14-c708e8ed1d05	178	178	50	12	between
aa47d2b3-71a7-4c55-bda8-d2da52e10391	229	178	20	12	the
61f44311-b7f9-4327-9a45-5dc591aec18c	250	178	26	12	rob
8b1692b3-0f2e-4779-a70f-dc2fd8244467	250	178	26	12	-
1a13e2b5-0954-472d-80c5-00ba0fe52614	112	190	25	12	bers
475551d3-754d-4edc-9187-731f58994960	139	190	24	12	and
e7455114-f32f-4da0-b4f8-f191fea58000	164	190	56	12	Nephites
40cc2ab6-b50e-45d2-887a-2d516d78f4a3	164	190	56	12	.
ec92f267-bdb8-4658-bbd7-1e98250b2d5a	332	178	43	12	church
0002b8a6-60bc-494f-8706-b1a217029e1d	377	178	15	12	to
51c84395-54ad-4a5f-acea-9eb9c9ed2525	394	178	13	12	be
540280d7-cfea-4758-85a3-470ac7474308	409	178	74	12	establisbed
71439da3-7057-4bcb-822b-3ad171b956e4	409	178	74	12	..
929cdebb-2e57-408f-a128-1c73f02ade83	488	180	22	10	466
f8747d0d-e2e2-4ac3-988e-86fee519e894	92	202	12	12	8
a873360d-166d-4a85-b1d0-b8226b58ed07	106	202	60	12	Giddianhi
1f5c2d93-b468-4412-888b-940e73db452a	167	202	31	12	slain
3b8a695e-d933-4de1-9719-6fe0aa46775a	167	202	31	12	.
33231e8d-211a-4c0e-9a39-abae7470cc2b	272	190	22	12	428
a479b963-077f-4198-9cb0-6f726d86fd51	308	190	10	12	2
c6d798e5-d68a-4061-9f30-223c6b2bba61	320	190	48	12	Isaiah's
84da97a0-ddb6-4226-b492-8332b6b5d68b	370	190	48	12	words
1703e3d5-6650-4f24-aa9e-a78350e09d2b	370	190	48	12	...
4074d787-9500-478c-926b-928575419780	272	204	22	10	429
24879bad-85bf-4bd7-b7af-a2d88961981a	308	202	10	14	3
50944435-444c-4cef-b9bb-6adfa0e64df8	320	202	38	14	Saints
b6c12181-bc56-4b72-9472-baa1dc0bea0d	360	202	19	14	did
82a25178-f227-42c8-819e-57bec83ae515	381	202	38	14	arise
eb6cde44-cd8a-4578-a241-a3f8c57bd125	381	202	38	14	;
3bacc76e-0bb4-4818-839c-93e98a9bbadc	422	202	16	14	so
809c85f3-a5a9-4784-bef9-b7821fc81e9c	439	202	47	14	written
5b06a795-a236-4ba1-8f8c-bb4ed5e809cf	488	192	20	10	467
77f3c4bb-5f08-46cf-aeae-662c859c60b2	486	204	22	10	467
a38ce711-2d2a-4410-8d38-eae5a4831195	86	214	18	13	10
d6ed28c5-a983-4394-a030-35c380765d47	105	214	77	13	Zemusrihah
5987a8f6-c3b8-4abc-86b5-a52ba5e38545	183	215	53	13	aanged
f440d1ff-5bd6-4f18-986d-662713915d3f	183	215	53	13	;
94c4369d-3674-43bb-a6b8-aa0d435e634a	242	216	34	12	great
0bc12a2b-c11d-4360-aef2-0ad445c79ee1	322	214	38	14	Nephi
4ed0adda-e08e-4322-b4e2-001eacf73023	322	214	38	14	,
d9583019-a77f-4c66-915e-eda8d1424d6a	362	214	33	14	chap
eee99f12-9302-4b47-b3d5-2448b1908b94	362	214	33	14	.
661e1671-8140-4e43-baf2-270165d14f7a	397	214	23	14	11
50dbbfc1-32ef-4d21-a9c7-4ac7b7212bc8	397	214	23	14	...
040abb2b-743c-4940-8db4-478d85358805	118	226	63	14	ubanimity
0404d0c5-ab3f-402a-893b-62d97ae29340	183	226	14	14	of
3b0ca048-d188-4934-92fa-3a18e3bc7838	198	226	35	14	belief
58954fca-4388-407f-b571-40977f46c32f	235	226	41	14	among
902e6e89-0730-485f-9589-3b780affb8a7	488	216	22	10	468
fbce5ffa-6d40-4242-bad3-295a591a9715	118	238	21	12	the
81533800-e7ab-4855-82d0-447965f1d1be	141	238	62	12	Nephites
95fe3fd4-26e1-4c97-9655-4dd0ef555b69	141	238	62	12	..
0fa7c1fe-8e00-4625-8a4e-0a9f247a1218	310	228	9	10	1
7e5f5f8f-71f7-4ed4-ac02-458b5bafa77a	320	228	57	10	Malachl'a
04a70f3f-625b-4ae2-abee-a4d6cb754d2f	379	228	53	10	prophecy
1f034c1e-bec2-44b4-9c9c-694e49bf181c	488	228	22	10	468
e804c63b-947f-42ac-8e84-8624d09af9c7	272	240	22	10	430
060ed646-3d6d-40b7-9e4e-6964b63ee5b1	322	240	38	13	Nepbi
bb765b1f-e152-4ce4-b2a0-8dede38c201e	322	240	38	13	,
09a0dac8-0a31-4938-91ab-8e32484fbe3d	361	240	35	13	chap
d6cd8c5a-1146-4cf3-9eee-d15903cb007b	361	240	35	13	,
a880a7d7-e00c-4d33-bc4b-858aaa5d76c4	397	239	27	12	12
833bd97b-74cb-4d62-9a9d-ede428324899	397	239	27	12	....
b0e5fc49-235a-414e-8e0b-e724ba84b5d4	86	250	17	14	11
873a6d79-2092-4406-a4b4-bc9047fcb7d7	105	250	51	14	Mormon
0a66d95c-e054-4a48-9403-19d51cddcd13	158	250	51	14	abridges
4f244338-217f-44e0-95dc-f50eef4f4ef8	210	250	21	14	tbe
13785785-01fd-4acb-92a1-92e4d75f3015	233	250	61	14	Record431
34038b6d-2be0-4629-b098-557382d9b4eb	486	240	24	10	.
ed23abeb-8e1c-420c-a8b1-1b6775e02200	486	240	24	10	470
05b5280b-7c2f-4a64-b691-df2594692220	308	250	10	16	1
11a11e81-ebcb-4706-b890-7671a663b340	320	250	34	16	Book
067f9575-f699-4c2d-acdb-675c9c924135	356	250	16	16	of
73cb1868-ca4c-4594-8e85-0a9a26316b35	374	250	60	16	Mormon
9b00475f-0752-445c-a4a2-c8ab6d3d3372	374	250	60	16	;
5099a7f1-ae80-48d9-80ac-7308c050799c	436	250	10	16	a
adf0e1fc-2c00-4a2d-87d2-d7d7bc568871	448	250	28	16	test
ed3e7d92-d9e8-45b8-bba9-b4447e93487a	478	250	14	16	of
5ef7ac62-0679-49fe-bc55-253e8eba425a	106	262	38	14	Nephi
22b8b255-e8bf-44e1-8e7f-a51497ae758d	106	262	38	14	,
474c518f-86f3-42cd-9de3-73e070af0e97	146	262	35	14	chap
1519b66e-981d-4e3b-b0aa-50678ad436e3	146	262	35	14	.
66f26af9-4ae0-4db3-a4ac-85231f682097	183	262	11	14	3
8e5f326f-d276-4c4e-9bff-64552468cb5c	183	262	11	14	.
b1224e36-8758-4cf8-ba42-bab7739d03e6	92	274	12	12	2
f8346f04-6530-46f8-8805-9b4eed00f9b4	106	274	35	12	Land
a8905f62-1b05-4c8d-adaf-8e526cd93712	138	274	28	14	and
e259f5a3-4fa9-4cd8-a69d-71739160073d	270	264	24	10	432
1940f3f2-4179-494d-b117-8cca1fa1b020	332	264	32	10	faith
ac1e76dd-52c4-484c-9df4-62f52ee1ffb4	332	264	32	10	.
6d9902ad-7324-4ba9-ba8f-95fd12bfc80c	170	276	39	12	cities
861b955a-d0d2-42ac-8381-d786d743bad7	210	276	66	12	improved
cf9134db-704f-4799-94d0-014701ce1bf6	210	276	65	12	;
91553a01-125e-467e-95ed-e0711339fc31	308	274	10	14	2
fd9ea96a-4981-4c02-a012-05ac35e480b9	320	274	54	14	Children
c78d9183-92da-413c-b5b6-e514c0631247	376	274	46	14	receive
dad8491e-7d1a-4546-8c61-ef3ace0c68d1	488	264	22	10	470
7539745f-c298-4097-b143-fc2959d4e428	422	276	25	12	the
101b4a94-f729-4686-8a10-3af4b1da862d	449	276	37	12	Spirit
e3354bba-1670-485a-b573-fd87004150f8	118	286	30	16	pride
67755588-e55f-483b-a792-da3580983102	150	286	40	16	enters
fbc1d46d-727d-43f3-aac7-74b6dd048105	150	286	40	16	;
9eb4093a-52af-42ab-9e50-e3c08fe151aa	192	286	42	16	church
7389c17f-9116-499b-b913-f3fb459a3091	236	286	40	16	begins
5231361d-b374-4d49-8572-0d04ec9d92dd	332	287	31	14	dead
338200b1-4bb1-4f7f-8503-fba02015b704	364	287	46	14	raised
ccf060eb-d39a-4ff3-a7a6-4aef0e5c9bb1	364	287	46	14	;
8da0837b-efeb-4e01-8533-76fca832c6f5	116	298	16	14	to
4f4d47ff-cffe-4ef7-b27b-8a3917136fe7	133	298	35	14	break
c3f2a212-6725-463f-ba78-bc899a177198	170	298	32	14	up
4f985a24-4c1b-4146-979f-ce4f97585fb5	170	298	32	14	....
e1375ba1-297b-4abb-a5c9-a0b3d0e3ac52	272	300	22	10	433
e085fad5-a154-4b32-8577-ec29376afd9e	414	288	30	12	sick
72e226b0-5cc0-4c4a-9372-bb27239571e9	446	288	41	12	bealed
f88f20a7-8924-45e4-ad27-e81fa1ff5bd0	332	300	21	12	the
b29400b4-0b27-46a5-bcde-0543472c3934	355	300	43	12	church
5a6cd498-a328-4ba0-ae89-bdf50b40a697	400	300	15	12	of
f2af4e00-e72e-4a3f-9f70-ce9fd6ae21ab	416	300	60	12	Christ
6f763082-9617-462b-8b93-fe34c29dd62d	416	300	60	12	......
8d1e2966-9aaf-4762-8575-defff21f0f73	488	300	22	12	470
9a9a08bb-95f7-476e-b003-9b93c506aa62	92	310	10	14	4
ec379e8a-e563-4943-b52e-72650db3b8b2	104	310	73	14	Government
46c9a8c0-0b8b-4b51-998c-4f5e8f1579c9	179	310	63	14	destroyed
dafc40b8-48eb-4f47-9c78-0677caa96d25	179	310	63	14	;
1af36e33-3025-4f9b-9d8e-ab2ac7a8b904	244	310	34	14	chief
75e2bd30-7a65-4919-83f3-3e3c0b34e948	308	310	10	14	2
c9a12843-cd45-414d-b9f7-ea0c9e0240af	320	310	21	14	All
cc027fb2-058b-4eca-baa4-66bfd43961e6	343	310	40	14	things
e2d5c042-e2e8-4f73-af69-10ade6062212	385	310	63	14	common
c749c35a-6f2a-4091-aef4-6a821a3dadca	385	310	63	14	...
0d9eaaa1-57ea-4fec-872f-625224298b4a	114	322	37	14	judge
72760948-ac1e-4458-9f0a-ff9589719b4d	152	322	68	14	destroged
1bb8198f-0a6c-422c-8180-d01966835b67	152	322	68	14	...
07061c16-d069-4fd5-9670-b3b2101b7952	270	322	24	14	.
9d667036-5df5-434a-b856-eb4240b26876	270	322	24	14	434
2a70da5c-e46b-460d-b290-4214ec31f4e0	92	346	12	12	8
861a04b9-c060-4df1-bfee-e4e6f78934a7	106	346	30	12	Dead
53a3f6f5-ebca-4890-8b16-9ed8486e976a	137	346	47	12	raised
d4b3394e-8db5-42a5-be12-74b13d68fcc1	137	346	47	12	...
c858d350-8564-44d2-b538-46eb7049549c	272	336	22	10	136
c855d0ac-488b-43eb-839c-f87d47a979e0	308	322	10	14	3
2b6a1923-44ba-4a01-bf2e-a62796e21549	320	322	52	14	Doctrine
ca510825-31de-438c-9e26-64143f7c0dd1	374	322	14	14	of
f196a6e6-1a3d-41bb-8353-a7b8fa785d22	390	322	38	14	Christ
07d22f7c-f5bb-46e6-bc32-5c1693836e79	430	322	48	14	taught
11a1ce6a-bbab-43e1-ac05-5fdbcf758eb2	430	322	48	14	..
9f89acac-fae0-43b4-a55d-7803ac710a2a	486	312	22	10	471
5ed79561-ec0d-481d-bdef-d364bc8d2deb	92	334	10	12	6
0505fdfd-1f01-45f6-9885-2b43eb26e34d	104	334	48	12	Divided
12b06ec2-2799-4db9-ad83-a4a60a1e1191	154	334	26	12	into
50b1e35e-2878-4c4d-b725-90a1ab757521	180	334	37	12	tribes
2d4b5754-9198-450d-9563-2878f4871178	484	324	26	10	472
dcb22c6a-262c-497e-a1df-d9a1fa9c868a	322	336	39	10	Nepbi
751b87ed-daaa-4e5d-8f90-a023861df336	322	336	39	10	,
e6ea58fd-8aae-4485-873d-d1eb304c3acc	362	336	34	10	chay
5e06e691-7a8b-4fdd-a60f-e4ed8c932b46	362	336	34	10	.
7df7eb25-e888-4f60-bc3c-4036e9ae344b	397	336	19	10	13
355affb9-17d2-4646-a024-a192ff7c2109	397	336	19	10	..
315a407f-7f6f-4566-afdd-e420cf6ac731	488	336	22	10	479
87de9684-ce2a-4268-ad34-fa2dd92fa61a	270	348	24	14	436
61260b99-36b7-4b5b-9e35-59aa97363ae1	308	348	10	10	1
19005453-eb04-4a90-944d-bfc2d5d7f539	319	348	25	10	The
bc9acbcd-2d7b-42dd-89fc-428fa5c61f3b	345	348	24	10	Son
351fd669-a4be-4186-b2e6-4609b200b162	370	348	14	10	of
5e265c84-f8a0-4dbd-bd5d-f10bb14de22a	385	348	65	10	Perdition
5cb4e144-5074-427f-816b-37600710aa7d	385	348	65	10	..
88af2fab-cc5e-4c64-93ae-cb717e65fedd	482	348	28	12	..
729a8c59-dd9f-4e74-bbcb-a730bfc0a32e	482	348	28	12	473
a3b6009a-3bc4-4d94-8abf-1d26777601f7	104	358	40	14	Nephi
e6785e65-f463-4578-bccd-d8543051e79c	104	358	40	14	,
18c3dee2-62db-45e5-8dd4-e06b6659ed43	146	358	33	14	chap
3c84c25b-1d08-4f0f-95fe-0b05438f8573	146	358	33	14	.
0583de0b-68ed-41c5-8ca9-cb81e8384c97	181	358	17	14	4
7f0828eb-88a8-4a60-98eb-51e09cebdcd1	181	358	17	14	..
5c5e8bcc-b7e3-422b-b5c3-f875aadf7699	270	358	24	14	.
0b90dfd8-0eed-4307-abd7-f0a3eca4e16e	270	358	24	14	437
714e2ae1-e916-425b-95de-8bad32daabfb	92	372	10	12	&
e3ff647d-da6c-4af2-b59f-d3c00d648e2e	104	372	28	12	Sigo
6b5e3599-feab-4258-8fbb-be7951a7480f	134	372	12	12	of
457e144c-5106-4c1c-9b8b-19a78bb9bba4	148	372	19	12	the
846537af-6efb-4f86-ba5e-5c1e2b176dcb	169	372	70	12	crucibxion
3ffe84df-89a0-4da6-9b35-2484cae65326	169	372	70	12	;
c4545053-317a-44d7-ab87-e5fd1fa930f0	241	372	36	12	cities
6bc47bff-c70f-4fe0-b439-4ca98cb4f92f	308	360	10	12	3
86d68985-249c-409c-a82b-768f9bb43a3f	320	360	24	12	The
cd9a80d9-dba4-4d1b-8f7a-a407dd575acb	346	360	34	12	three
2f28228c-3ab2-4eb6-87db-4d2ba1d3a331	382	360	53	12	Nephites
39d66b06-904a-41f1-9049-e1b43933baca	436	360	40	12	cbrose
a7967a54-bbc3-42a6-99dd-b4f3851f50df	477	360	13	12	to
abd27964-f040-4690-b101-ebdf3a664a90	332	374	30	12	stay
69f9ffcb-1598-4850-a970-69e0ad6f2889	466	372	44	12	.....
d342ecdc-ebff-44a7-8069-31e0a04f9224	466	372	44	12	474
26ef8481-8759-4562-af46-18cebd2a7f63	118	384	60	10	destroyed
a25406b2-02a3-40db-80fd-06790ccc1ccf	118	384	60	10	,
43f77275-5ce1-465d-bf9e-cacacdce5de5	179	384	56	10	tompests
275c760c-b3f0-45f1-abe6-d842b18d66da	237	384	19	10	&
cb82c18a-af08-4062-86e9-688b963a68a0	237	384	19	10	c
ed2f24b6-8d46-46ba-8b89-512368d974fb	237	384	19	10	.
9bf7d1f4-3e0e-4253-b1f8-e71d4ad5b09e	308	382	10	14	4
78d1b101-f9ea-4246-bbee-7ee81f460ffe	320	382	37	14	Christ
0be55101-63b5-4e73-a354-fb8d1b2f272c	359	382	56	14	toucheth
53ec96cc-7074-4a2e-a131-e742383ab0a7	416	382	19	14	bis
4c6f139b-dab6-496f-8b4b-938c933615e2	437	382	73	14	disciples474
65b83842-a35d-4cd0-897a-ef8f42115ffc	92	394	10	14	8
97a1208e-250e-4e6c-a135-820578c828ce	104	394	28	14	Law
142f0fbc-a7b7-4f51-abe6-81b791af95c2	134	394	12	14	of
5eefc6eb-0572-473d-bdf7-0755996d9073	148	394	37	14	Moses
832ac721-9d22-4687-bcd4-8a45bae56491	186	394	64	14	fulflled
cc5f9a61-7a59-452f-87f0-26525a831808	186	394	64	14	....
6769094f-b769-4b93-afb9-309deb694338	270	384	24	10	438
745ab288-a21a-4edf-bdef-d41e75995e95	268	396	26	10	446
c861eb2d-a92b-4907-87de-c0ec1f54940a	308	396	9	12	8
37f3f99f-9c32-42dd-b33e-af61906c3d3a	318	396	28	12	The
a65d158f-2a5c-41a4-a0d4-290bc0e7bd75	354	396	44	12	twelve
55942138-e04d-4afb-8adb-aaf9d49dcf64	410	396	44	14	caught
fbf91f30-e25b-4400-b832-105f3c7a1d5f	466	398	26	12	up
7bfc5db0-8ea9-4939-b92e-62e29e5afe35	466	398	26	12	;
a6a63ac7-2532-4ab5-b211-391e97956a54	86	406	16	16	11
db1a9327-1aff-4744-baf1-57f177f7c134	104	406	78	16	Lamentation
d9bfaad8-a568-4b9e-9423-14f2936842d2	184	406	12	16	of
eaab00c4-fb11-4445-96f6-672153fef094	198	406	22	16	the
1f7da821-d636-467a-bb12-1d89946264b0	222	406	52	16	people
86360e17-60ee-4eb2-b447-42a7265b0810	222	406	52	16	...
cfee575a-5318-4143-b480-17d1d4dd8cff	276	406	18	16	142
231dc093-e3f3-4f1d-afe0-94dc022f3f21	88	420	10	28	4
8bb624a1-6532-4ed1-80c6-587d085dacf3	102	420	42	28	Christ
5dc81a09-ef74-4013-aac4-e1f5446b0a47	147	420	35	28	shows
a27ec4f1-2e70-44f1-81c3-daa6fa54bf58	186	420	56	28	himself
aa403dee-dc33-4414-9885-2a7c58f21871	186	420	56	28	;
bb6dbf43-9458-4fb3-97cc-d6861cf4ee18	245	420	31	28	prind
8d305dab-79ed-4de4-ad23-26c45a6ef6c0	280	420	14	28	#
7b2dbc25-24fd-46e3-bb9f-1b9c07b925bf	280	420	14	28	2
997b570a-5f9e-410d-a15f-cc25286fd1b7	332	406	58	14	changed
4eac1090-cb53-4941-8683-213ed424dda1	332	406	58	14	.
9a7346b9-12f9-4a96-94fb-57947a5d374b	320	420	40	14	Nephi
0b15fe4e-85ef-4bd7-a4f3-11858a0f89d3	320	420	40	14	,
3b8bd8aa-f585-451c-ad45-d6f60563c891	362	420	33	14	chap
03aa1cb7-de89-4e71-b1d6-9bca9057c737	362	420	33	14	.
abd932e4-43a1-4b18-b07e-79d65bd21dce	397	420	25	14	14
f591e251-bf86-4a47-b196-911507f15ff2	397	420	25	14	...
21915c31-2af8-435e-ab50-d73bb6db6e83	486	408	24	12	.
4530c1d5-5592-43cb-b133-c36bec3ec56a	486	408	24	12	476
57b4fa6c-7b95-4736-9ecd-0611ebe06ec0	486	420	22	12	.
4de41fef-1611-4fb7-a837-8d36bcf51e81	486	420	22	12	477
8507a437-14d0-4c24-b9fb-54cd08d454f4	116	444	15	12	of
259ab175-efad-40e6-b0d0-bf7146313ea1	133	444	19	12	the
c812505f-cd5a-42c8-a368-4cc4f875df9e	154	444	40	12	nails
7fcd07bc-cfe8-4d71-95c4-2dc970dc400a	154	444	40	12	...
cda2deca-1315-4e3e-b229-186d351a025b	306	430	12	14	1
03a23902-855a-43fb-9414-6c0c7cd1b63a	320	430	37	14	Word
edfbd9fa-0bca-459c-ab20-23bd2ebec96d	358	430	14	14	to
612aed4b-0cc7-4ded-8dce-fb31db7fd706	374	430	21	14	the
5255fa65-73ee-41ba-b7cc-1454db46c0f3	397	430	67	14	Gentiles
bd0b479b-53e0-46c9-92f0-f6a7fa94281a	397	430	67	14	.....
26815a36-6cf3-44f9-bdce-3d16edc4bc2c	474	432	34	12	....
600fb6b0-eea3-425d-98da-95902e616368	474	432	34	12	477
4359417d-55f8-4f9f-988e-96eb29d89645	92	454	10	14	8
edbc72dd-4212-4d2b-b786-d28948590e62	103	454	43	14	Nephi
877d935b-16ae-493a-80df-acd6f8975f07	148	454	26	14	and
197a53a2-49ad-494b-8ab7-29cf6ec63472	184	458	40	10	others
c5d7fca0-fc14-445e-8fa8-6af34bb9386f	232	458	44	10	called
7f0c439d-1283-4fd9-a723-1f7a2ca18647	232	458	44	10	;
985ccb05-e819-4cb8-b8da-62f7c3c493e8	116	468	49	14	baptism
8ce47b3a-9b4f-4cdb-a665-839b1fd2668d	167	468	127	14	commanded
7c5ece3d-8858-44ca-87aa-1a2c7fb654e2	167	468	127	14	........
79cbef1a-ff88-4b1f-aec7-32eaf08b2038	167	468	127	14	444
14983be3-668d-4f2f-97a5-6f888ecbf01e	92	480	10	14	9
b0d7033e-d2f4-4ec4-9f73-f2c4aa691f1b	104	480	44	14	Christs
3e3db81c-93d4-4d89-bc9f-592e69fc601a	150	480	58	14	teaching
aed19b07-de41-438c-a803-9854811a103a	150	480	58	14	.
38caeee0-8c72-4f2a-892b-85da9ae4fbe5	216	480	78	12	Doctrine
07872479-3ec5-464a-a17d-2fd6b501fce1	216	480	78	12	.
7b88399f-e662-4868-a900-cd5dc6048cf9	216	480	78	12	416
5f357deb-3415-4a2b-a87e-26570d2fdff5	86	490	17	14	13
4d17e929-ded9-4834-ab1c-0dd37c2dd8d4	105	490	58	14	Treasures
5b09d682-addf-47f9-ad12-913b63608f25	165	490	14	14	in
b6a0123a-f64b-4d99-9446-81af65e23a16	180	490	50	14	heaven
eab4d8c1-f559-476f-ac6a-134fb4c2d863	180	490	50	14	..
eeecf0c1-b29b-448f-b33a-93621f311a30	270	492	24	12	.
06fedec1-d628-42b1-8af6-4d50181d42be	270	492	24	12	448
b81c5166-5227-4303-894a-220f5233daf5	104	502	40	16	Nephi
0c261253-d4f3-49ca-9d85-5666cd268ddc	104	502	40	16	,
37885c94-0505-430b-8152-d5f700126d73	146	502	34	16	chap
e8a3197e-1208-4b73-947c-8e21b7fb9302	146	502	34	16	.
bd965ea6-cb9e-4bf9-b83d-a517a9efb74f	182	502	16	16	6
094b66ce-d55a-43bb-96d5-62b2f74178f1	182	502	16	16	..
bdd8b7a8-83da-4cc1-991d-8482eba6aa5b	272	504	22	12	449
b5e2dec0-b90e-4f3a-b46f-d3c6286a0793	90	514	12	16	1
5f92fd6b-d3ad-427c-9369-557fac513f31	104	514	42	16	Charge
f1fa9f27-54a5-455d-8af4-b2f4a41f2cb7	148	514	14	16	to
029c6297-b94e-4dca-995c-ae4392a307cc	164	514	20	16	the
7ec827f4-040a-4a11-afb6-b2947bca4849	186	514	50	16	twelve
40f7c578-32c3-41a8-8109-dc36be9a2205	186	514	50	16	..
c2fbb3fe-4d46-45e9-bde0-f31ae1c9a16c	270	516	24	12	440
d159ba64-b203-4b10-9cb2-1ab40332ab4e	92	526	11	14	4
54e7ea58-f238-4f86-a72b-214a16d478b9	104	526	35	15	Enter
c3735da0-1bfa-45a6-ac8f-23825a171be9	141	527	21	15	the
4f6ec015-e84d-4804-b9e1-95441084eb66	163	528	51	15	straight
4aa71a99-e7b0-4611-83e8-2ed512d20bd5	216	529	30	15	gate
8467c494-adc2-4e96-8e3d-48ef3a4fe43d	216	529	30	15	.
4bf23c89-b2f9-40a0-b63d-b14b3cd8b29b	104	540	41	10	Nephi
9190b2bd-8a3d-4d66-abf4-b647a7f4237f	104	540	41	10	,
90e43683-0f8a-4f39-8685-41dc8db64b04	147	540	34	10	chap
8e9cda06-c309-43c5-9d76-b595b8e3c0d7	147	540	34	10	.
4204732e-34f1-400a-a791-6b6b0f1f540d	182	540	12	10	7
856e3fa7-0e7f-4f62-871f-a586f1a5767b	182	540	12	10	.
3d4e3733-868a-4e17-b354-7b9a308da925	270	528	24	12	450
ec9c1dcb-750a-4a40-adc1-aa10af5d5dd6	270	540	22	12	451
83a0bb3a-2d3d-4f7d-b1b0-214a4064627c	94	552	8	12	1
947e4366-909b-4e62-b3a0-e0a65be8d5a0	103	552	26	12	End
61655332-8c4c-446a-8d35-85b061160482	130	552	14	12	of
b8c320ef-5f97-412a-a0bc-33e631974b30	145	552	38	12	Mobes
6ffc0484-3220-4cd5-9f02-d13f09b2bc03	184	552	34	12	law
70d63a71-c779-4cac-8489-0c83d50ce69e	184	552	34	12	...
e0c102c5-09db-468b-acf1-4cb7bff1fd46	272	552	20	12	451
37eec336-995a-43fb-8b85-87d3b807bf37	92	562	10	16	8
c1f76682-1bbd-460e-a802-ed40e80950c1	104	562	34	16	Other
ec18d513-e261-4e73-a3b6-cf13cc365ed5	140	562	34	16	sheep
7b2b47ae-a300-4836-a945-2bd3fabb192a	176	562	44	16	epoken
8f304ea5-a7d1-4530-8771-3ae75f346e0e	222	562	30	16	of
10d936f8-a681-446d-9fef-fa9c8df8aee1	222	562	30	16	.....
ede76d87-1371-4aed-a73b-c1de3b680d6f	92	576	10	12	4
3cfbb1ea-5c8c-4024-ac59-93a616e3e3bf	104	576	57	12	Blessings
be790126-0e1b-40cb-8986-59a8d4739985	163	576	14	12	to
80fdcb0e-d580-4c1f-bdf1-25447153c2da	178	576	21	12	the
ca04b5d4-ffaa-4f38-9a7f-d2ff3c45ceab	200	576	52	12	Gentiles
5ce32481-3da6-437e-8151-422683edc6b8	200	576	52	12	.
81aed25d-8601-4192-b712-4be190639803	270	564	24	12	.
daa09db5-18c5-4435-8c77-650cfe3185bc	270	564	24	12	462
502ccc5e-458e-4e71-b43c-7acac68b6bac	270	576	24	12	.
2fef226e-bd14-460c-89de-52b0470c881a	270	576	24	12	458
760d67df-1649-4d54-b26b-928585def096	104	586	40	16	Nephi
6ae96a93-d3bb-43e5-b462-4983f603c71a	104	586	40	16	,
909a07d2-96f3-457c-bf42-fa22abad00be	146	586	30	16	cha
e7bed0d1-f618-489f-8cd0-b9adf5b316d1	146	586	30	16	.
cd6310a2-b0f0-4295-afb2-f03a6c80e28e	178	586	86	16	................
e6c63e2f-1af3-458c-a2e4-2df0ddef43ab	270	588	22	12	-
f1b96c06-21ab-49eb-8072-197ac916aab9	270	588	22	12	454
82d1e79f-9f07-450c-bc78-00bfe5c7ba60	90	598	12	16	1
92dab9cf-8208-495f-9e9d-e098060f6988	104	598	46	16	Christ's
68fdb9e2-1bef-4c3e-a856-d8640bbf15cf	152	598	54	16	teaching
4e99fa76-386e-4100-bf32-0a3c6ce41ac6	208	598	62	16	continued
85cf5c5e-7c7c-492f-92d8-8a00906eb134	208	598	62	16	.
4a8594dc-9605-4655-9ff8-9a3d24566fae	272	598	20	16	454
8c656c20-a76d-4500-9fd5-9766729684d1	92	612	10	14	4
edd81108-7dd3-41ac-9ba7-98564371e3d0	104	612	38	14	Christ
64c25da1-c96b-4109-93ec-27dcdb454aa6	144	612	40	14	bleesea
25e7be82-bdd6-449e-b21d-e2f8831b2993	186	612	52	14	children
513e7d78-aaeb-4709-b8b6-651a7a90af81	241	612	53	14	.......
48359760-d205-4e8e-b712-eaef2656e398	241	612	53	14	455
807e5ef6-25b9-49de-b6d5-913ca445850a	302	456	27	12	THE
939df203-e076-4cc0-a356-d0aed15ad177	331	456	33	12	BOOK
8bd01a62-fab7-4760-99c1-118304c4ec50	365	456	18	12	OF
db5fb8b5-b42e-47e3-bf37-74892a21709d	385	456	25	12	THE
c2548c55-55c4-4e55-ad9f-ea91dd9a411a	412	456	54	12	DISCIPIE
8afd72de-d7e5-4100-b207-1e0fbd6a7f66	467	456	41	12	NEPHI
5dfe2c64-9ab0-4a14-83ac-29f40223500b	467	456	41	12	.
37a204cf-ed42-47fb-bb43-730f785bd0e6	320	468	47	14	Chapter
31305ab2-af48-4a88-a299-b072ab068f5e	369	468	139	14	1
1e30b67d-552d-4eeb-ad10-aa262ef2c58a	369	468	139	14	........................
56dcf0c3-4a45-40b1-b390-38328660549e	369	468	139	14	477
3bfa1333-0b7a-4d94-8f93-21606296ac66	308	480	10	14	2
1782dfb3-6bfa-497a-8682-f9e5d42e213f	320	480	40	14	People
c5794a34-5298-4360-bd52-7c2cd33e92ad	362	480	17	14	all
b5099637-92e3-4a49-b7cd-c43e54886912	381	480	61	14	converted
85f4cd52-6bd0-4e4b-9355-1baeb42b0d58	480	480	30	12	..
441e33d1-1675-4b57-a7c3-aabb43d7536c	480	480	30	12	478
992c44c8-0410-42d3-9976-b948cf484b28	308	492	10	14	3
1bc60c57-a935-4a59-8a85-8a748b165830	320	492	35	14	Great
ff0c5741-d0ae-417a-a85f-01de11357397	357	492	37	14	works
147431bb-dc38-4f45-962f-90f114b9e6bd	395	492	12	14	of
20c2c9d1-db45-43b2-a620-74a060febe91	409	492	21	14	the
0dea7a30-e680-4a86-aad1-2a155bc62791	432	492	54	14	disciples
59f97e04-2204-4482-bb8f-a93baae33e49	432	492	54	14	.
ffaf27c6-4aae-4082-94fa-4e4af29bea58	488	492	22	14	478
fc3c1c78-364b-4eaf-a1d7-0b34968cbf36	308	504	10	14	+
87fd9bb1-0c8a-404a-beb4-42ef5be19def	320	504	35	14	Other
b252be24-97db-47ae-b5e0-0ea3bbe3dde2	357	504	54	14	disciples
281c47e7-03ec-46fb-95e3-8cdbb01614a8	413	504	97	14	chosen
87f56ab7-3ea0-4d07-be07-68983bed64b2	413	504	97	14	........
15578344-66b0-438b-9cad-c9c8801eff45	413	504	97	14	479
8e4d0dfd-7c30-4aed-9aba-64c8bc75445e	308	516	10	12	6
374ef2ae-cffa-409e-92f9-c41a68fca4a5	320	516	39	12	Amos
2bfbd62b-3ff2-4427-aab9-fbec39b6cee6	361	516	50	12	receives
5c18113b-db05-46d3-81cb-ce8c1ed4d90f	416	518	28	10	the
5e7bb5a1-ddaf-43bb-a75f-7ad3e20f414d	442	518	50	10	records
3162b612-8c10-4320-8799-378c69969132	332	528	30	14	from
72ae04c9-7321-44ff-b4e6-8a965ac6f83a	363	528	37	14	Nephi
bc93a050-dc37-4687-956b-5609b2e0e46b	402	528	24	14	who
6190ece9-57b6-44b0-89e2-fcec4fb1869f	428	528	46	14	dies
b2d15f5c-9ee9-4016-bda1-e9ad4464c177	428	528	46	14	.....
442cca4c-0f75-4c87-a3e4-29bf7cd08a41	474	528	36	14	...
0837552a-c6b3-4c09-b440-fa98178c49b1	474	528	36	14	479
324aca8f-fb11-43c9-a32c-0e14d8dcd15b	308	538	10	16	7
d5f605c1-5457-420e-a2e3-d8465a1afcf0	320	538	38	16	Amos
f0418723-38f1-4b0d-829a-1c1f65f9dfd6	360	538	36	16	dies
f44032fa-d091-434d-80c6-0d4a1cafc41c	360	538	36	16	;
34933719-c579-4b39-86a8-ca781b96870f	398	538	44	16	people
1dd44b31-e2c9-47b4-824b-086554c2e08a	444	538	46	16	divided
c220a563-6482-4029-b15c-003beda4e29e	330	552	27	12	into
aa7e4116-250a-422e-a656-4d91217eba8e	359	552	53	12	classes
91dc9e7d-7452-45d7-b2ae-3ca2d6c780b3	359	552	53	12	...
cf9116b2-8508-43bd-a2e2-85febc0ab830	486	552	24	12	.
9a1624e0-b924-4b1e-bb04-fae33388c78d	486	552	24	12	479
dbf63c46-d422-4a22-83b6-3fead4baab9c	308	564	10	14	8
c557aa8a-d5c9-49b2-90f5-5f9b9c6b64ac	320	564	37	14	Many
9c10450a-d5f7-4b18-969a-60cc8b5cd9c8	359	564	63	14	churches
284d8aad-db49-498c-9ac4-d25444feae22	359	564	63	14	;
5f69a004-3947-435b-a4f5-34b97d9e2751	423	564	37	14	great
f8b904c7-6b7c-4e7d-945d-5d4a63d130e8	462	564	28	14	divi
b5a2d489-fd89-40b7-b44e-f79ae22a9f30	462	564	28	14	-
f3589fd8-7c82-43a7-bdc1-410d131c04f4	330	577	178	12	60D
f22a02ad-d36a-4b99-ac6d-fd3fe5642b32	330	577	178	12	.............................
32e8de92-978e-458d-ad93-29dfd582b634	330	577	178	12	80
0371f694-8048-4fa4-8370-b334f49e1ad5	308	588	10	14	9
254adcae-bc55-4c0d-804e-43beb36e51f4	320	588	24	14	The
885dd01f-ccbb-4937-be9e-fd00cc245601	346	588	44	14	wicked
ab383795-884f-4085-92a4-2786a271280b	392	588	26	14	was
8d0888c6-32ce-449e-97f3-2e4940311424	420	588	88	14	strong
5dd488b4-116b-4035-aadf-39e901ec329c	420	588	88	14	........
85c3dc3d-b689-42bb-8075-f1dd11928f01	420	588	88	14	481
c0aa6064-813b-4970-a2ff-845db444085b	302	600	16	14	11
cb393b79-dc27-4fbc-a1c8-7b01b7340819	319	600	63	14	Ammoron
3ba9b14a-9215-42c4-b132-55dd8c557175	384	600	35	14	hides
506910f5-b9c0-47e2-a0c9-3cf990a458a6	421	600	19	14	up
d2fc7b86-0846-4e0d-bf80-00181f2c800b	442	600	24	14	the
99aa8885-b7d9-427d-bd46-6fc9d4bfbf73	468	600	22	14	Re
d63690d3-18ca-43a0-a753-1e5adf1b4ee3	468	600	22	14	-
56eb3a5f-d84a-40eb-9c8d-af007d2fea88	332	616	108	6	continan
521e4a17-1acb-4c0f-90a0-a376636dd555	482	612	26	12	.
7575c48e-4cab-4532-8b51-37f9729bf54a	482	612	26	12	481
e88eec8c-ad66-4fb6-907e-b07e8d1508a8	92	622	10	14	7
11714c03-e199-40b6-829f-afb3ed7d7175	104	622	66	14	Sacrament
42a440dd-19d6-4b6f-82f7-fc156786324d	172	622	74	14	introduced
aef19e29-b987-406b-8049-641592ecafcf	172	622	74	14	;
63f241a3-a2f4-4595-b94a-8ab24faa1798	252	626	24	10	the
e8e2d88c-210e-41ee-b6d9-a9876a4d2578	92	648	10	14	9
00959c15-66aa-435a-9d6b-21b58564484b	104	648	56	14	Teaching
0d10b04e-c5e5-444f-860a-17a8d2652af8	162	648	62	14	continued
a01fd88f-7628-4c9e-ac63-b51f9036473e	162	648	62	14	.
8e18a0dc-7a26-47c4-8dca-ba1fb8b15cd7	270	636	24	12	456
4768b2b8-34f5-420f-a462-514f7dd6e2a5	272	648	20	12	457
6ff69823-0db7-4287-973a-591f241f61b2	86	658	16	14	11
3a7bad2a-d0fe-4226-89d6-6123259be26b	103	658	45	14	Christ's
666bf945-beca-4f1d-a41d-a1ac7494f187	151	658	65	14	ascension
96663642-9c28-4e9c-9ca3-af8bc5743831	151	658	65	14	..
9ee29394-4483-4c61-bd4e-a577d12c7a4f	104	672	39	12	Nephi
a9ac51be-620e-468d-be6f-c9e72f753739	104	672	39	12	,
16e18d93-77d8-4d0c-848e-bfb1ac5911af	145	672	33	12	chap
5a919038-24e3-4b5e-bb3b-ee6ca530bedc	145	672	33	12	.
39702a86-f81c-4b50-a8a2-a789ee2c0cce	179	672	17	12	9
c1d1d753-f4ad-427d-a117-200abd28782b	179	672	17	12	...
9757198e-7a3d-452c-8b40-88807cc1285d	270	662	22	10	458
20008fcf-4da1-4c33-80fa-a5e6db25245e	266	672	26	12	..
f893ef9c-0a0a-4745-b344-b94dec6062e5	266	672	26	12	458
38b64fae-1f31-41e6-bcea-0019c1fbfdfd	92	684	11	12	2
cf885056-7706-40e6-9ee7-ebf111904eeb	104	684	45	12	Nephi's
8229e353-eb3a-4fab-b317-ff85c1691038	150	684	54	12	baptiem
008c91ee-bb85-4659-961e-89be4b2d39ce	150	684	54	12	;
73b6444d-26c4-4df2-a349-97b792e1d082	206	684	39	12	others
cfc5648d-f357-4ad3-a3ba-48aaa3626f89	246	684	26	12	bap
ec6bb99d-3c70-40d3-bfd4-5c714b110d7c	246	684	26	12	.
2e75df26-bc6f-4085-91f2-db1cb47e90e6	116	698	60	8	tized
01dfd0a8-c8dc-42b1-a4a0-c442eaee6511	116	698	60	8	.......
4388fdf0-d201-41d4-b855-4fcf960c5f37	258	698	34	12	...
4a353904-bff4-4854-a630-f5a1a4b9aeb4	258	698	34	12	459
70c23926-bcc6-42cb-a48f-392d42b1bbc9	92	708	10	14	2
b20644e3-d0f5-4d90-87a8-78bfa37f64e3	104	708	23	14	The
6560a66d-3b11-402c-b601-a4dbba2a93cd	129	708	38	14	names
62598c38-43ed-472f-ac9b-1699d37b4b68	169	708	12	14	of
79ff21e4-3755-4c4e-94d4-a38d7c31ae0c	183	708	19	14	the
99b98e95-007b-4e0b-ac98-a0337a960ffb	204	708	42	14	twelve
7f396e1d-e262-4013-9de5-8384f31e3f03	204	708	42	14	,
8e86438c-8938-49ad-9e21-dc093ac555d8	248	708	26	14	who
cb75aba5-8880-480b-9891-3a1ce1a6a0ed	116	722	35	12	teaca
57d6833e-c4d7-4be5-bbb8-3770d4ff2c94	152	722	21	12	the
b0ca7e2d-ae6b-4f78-9c9c-e3ce860377a5	175	722	117	12	people
ff2fe1d1-ccc7-451d-a4e4-3afb9c3d28da	175	722	117	12	.............
4a64f239-62bf-4860-98dd-7e9ca1a301f6	175	722	117	12	459
8b47aef4-2ea8-4b63-a760-0ac0301cb46f	88	732	11	30	i
01892bd5-f7f6-442a-8503-8f88d160e7b0	103	732	30	30	do
354de898-71e4-4f24-accc-5ccaacac9186	137	732	41	30	chise
ec81d581-9431-43a3-8b43-dc3168afcd62	182	732	41	30	Bitter
00f5cae4-efd6-4b15-a5f0-7ba04ff57ccb	227	732	41	30	them
5bfc080c-2685-4431-8879-a76ed1177d3f	272	732	20	30	59
a58875a8-7514-420e-af50-68226ec873b3	92	744	10	14	4
3d16c745-a4d4-4318-8fe4-b0627b0c5ba4	104	744	34	14	Holy
6d5f0e8a-50ff-4492-b474-372496ad952e	116	756	41	12	bloses
fb1b59e8-393f-4cab-bd9c-1200617d69fb	158	756	46	12	............
923331fd-ccd2-4fc2-b697-6174da571d38	232	746	42	10	Christ
27b398eb-4694-4f16-adfb-66dcf2850777	92	768	10	12	8
e6ca9511-94d3-46fb-90d5-9345d364520b	104	768	36	12	Great
36791cbf-4ca0-4ad7-afce-16587caea181	142	768	33	12	faith
6a50f382-99a0-43a9-8a91-391f5f2f2f3f	142	768	33	12	.
60b06a1e-0b8a-437c-af87-24608a990b50	258	758	34	10	....$
25707ba5-f8d7-4788-892c-a43fd13c16c3	258	758	34	10	60
01b64f55-b664-4753-af77-42164b8909d7	270	770	22	10	461
d04b4703-af5e-4433-af72-c3cad5bd0ce7	90	778	12	16	7
811eb909-8f2a-43e7-8ae9-6b16566fbc01	104	778	44	16	Miracle
a124b4c3-43e8-49ce-a8d1-2bbfa0864493	150	778	12	16	of
cc12b37a-96bc-44e5-a5fe-78bb0cf34f0e	164	778	20	16	the
a256f225-2b77-4312-a35c-a6670a2b148f	186	778	32	16	bread
d4c8b644-207b-4b15-a6b4-0c75f505e607	220	778	22	16	and
8e60ea76-9b63-4850-8202-7ab2c3fc955b	244	778	48	16	wine461
da86f1e6-f331-41c4-995a-3fd1df190445	92	792	8	16	8
6d3e18c0-56c7-4c68-b5b0-c05f14c66c52	102	792	48	16	Isaiah's
196555a8-4bbc-4b71-97a3-6052476b9f93	152	792	62	16	prophecy
8b8aa518-06eb-41b7-ac68-46d80146d626	152	792	62	16	;
657015cc-498e-405a-a2ac-9fc6123d0fa1	216	792	22	16	the
389be407-c94a-4d18-b323-e44229af11e8	240	792	30	16	lion
6028d90b-d441-4306-ac36-33a45cb551e5	240	792	30	16	.
49c384cf-5f8d-4088-92c6-cb74d4dedcf2	272	792	20	16	462
2e0cd32b-50db-45e2-a0f9-f8818dffcfbd	352	636	33	12	BOOE
06b09daf-a01e-4154-a8bb-180a447f0de3	387	636	17	12	OF
dfb4ed68-85a9-4ada-be8e-1e45f6d43211	405	636	54	12	MORMON
dfa1a31d-f0d2-436a-bf1c-7cb394a66d0c	405	636	54	12	.
777e7b03-c443-4082-a638-e9ec2705a62b	320	648	48	13	Chapter
2a7c07f0-2f95-4e24-aac3-0be3418cc622	369	648	13	12	1
80574edf-8575-482f-9434-afce4d2c477f	369	648	13	12	.
b39ba609-e9ca-40d2-9c86-fade94352ac8	306	660	10	14	1
c2c38d4e-f8da-4fb0-a590-6a33d02c62a1	318	660	24	14	The
4131a317-db4c-4826-884e-2de0f1e20513	344	660	40	14	record
32c942a5-6447-48a0-bffc-47b45a1ccb8c	386	660	14	14	of
6f7ce1ff-e1b5-4133-a678-ecd5f744c9b2	402	660	60	14	Mormon
f01ec3db-d049-4bfe-b339-5c98a010fead	402	660	60	14	...
cc4abeb3-328a-41be-9cd2-0f35ad1ad5c7	478	648	32	12	...
d0616031-cac7-4507-bc90-b4f4f856cc17	478	648	32	12	482
0600a842-7c14-4482-855b-89e9a141785f	462	660	46	12	....
0f5933f8-629b-4360-aee7-e58003757c85	462	660	46	12	482
8fd4e16c-0acb-41d3-8610-59f3348b6224	306	672	12	12	2
fcf79ce8-c308-4c75-996a-a15007e0d925	320	672	29	12	Gifts
a2e4e131-adc3-4893-abd4-888ee37fca6d	350	672	30	12	loat
c1f2d439-ea30-42bd-a917-a04fb8731827	350	672	30	12	:
b6849c7b-dcd4-42e3-bb8d-b328bab4309e	381	672	62	12	Gadianton
71d43b63-3eca-48ac-9197-c5025bb29f7e	444	672	64	12	robber
8a800129-936d-482f-ae72-043f3a1d2737	444	672	64	12	:
1f34682e-4ed0-41dc-98f9-be44a9ba880a	444	672	64	12	483
98f9d7e2-7472-41bd-823a-a119c9b6fdff	306	684	10	14	3
369b0733-68fb-406e-8c7b-6e94b5f8274f	318	684	54	14	Disciples
62346359-5199-499c-b461-ba7148110cad	374	684	42	14	taken
38874fdf-707a-43cb-837c-f39e7cec1771	374	684	42	14	;
a2e3f3ff-4234-4683-ab06-d2b9b7877a05	418	684	24	14	war
2b140427-981f-4fa1-b163-61f2b237efe2	444	684	46	14	inaugu
70da61ec-1058-4c82-8307-92e88035042c	330	696	40	14	rated
72884d6c-8ab3-479a-88a7-a18b87629de8	330	696	40	14	;
8a5255af-5fd8-4aee-954b-a1df0889ef12	372	696	37	14	Nephi
1e02e59e-ca77-424b-9e78-2025aa229181	410	696	48	14	chosen
cfeb753f-ba4f-4f91-b017-5848cabec9e8	410	696	48	14	..
e7173d31-bdbe-42d2-a608-9cb0c5bb7033	474	696	34	12	...
6bb48bf6-2e29-4aa0-adf0-602dce2e6c74	474	696	34	12	483
00643c10-67e9-4bf6-92e8-1b93892e0100	308	710	9	12	1
ba333f1b-f229-4eaa-9774-ffd1f91cdde8	318	710	56	12	Samuel's
71f61bcd-2e03-439f-8937-9da38b603094	376	710	55	12	prophecy
5d78ef81-7a0d-4181-a777-ce251831e8c0	433	710	73	12	fulfilled
dcb958b9-099e-45d4-a2f8-7bc5ba224742	433	710	73	12	...
f02e8499-95c8-46c3-9968-086999bf5a6c	433	710	73	12	484
9b3c4bdb-18a1-4ed3-b415-506d43f305c6	308	722	9	10	B
0fc9fabe-443b-4079-b1b7-19da1e81306e	318	722	41	10	People
d7f7a945-75bc-400f-9f6b-cbefcb4daf0a	361	722	14	10	of
c8b7fc53-90c1-498e-8b21-999b1658694b	376	722	36	10	Nephi
257a1133-3d29-496b-a6e2-f169428288ce	413	722	45	10	driven
4733be0f-394e-4cf5-8643-9c73ba724a77	413	722	45	10	;
76cec95d-7892-4eb3-b83a-18f79f5acfe2	459	722	29	10	they
944ab1fc-f519-4658-92b6-0d48e17c3a22	330	734	41	12	regain
d0df6cbc-70da-47d0-8a0d-6b146eea3246	372	734	32	12	their
ef8cbf6d-d737-48c9-bc63-e50a5ff5811c	405	734	103	12	Jands
a9ded1df-2d6e-45a2-8010-820b0f0ff54b	405	734	103	12	............
ed5a389e-bfb2-44cd-8c26-bf448e486021	405	734	103	12	485
695d1350-cdef-4009-a97c-f63d0de2a85c	306	744	12	14	9
341fbd8e-53a3-4a31-9650-8440c8fb5e43	320	744	52	14	Morinon
c21dd330-5737-4d94-83aa-0f5a5345c4ec	374	744	45	14	resigns
fe33c5d0-dea6-4f31-8fd5-5e083416549e	421	744	19	14	his
1093a575-8c8f-4c39-8b5e-2078c46e9d37	442	744	31	14	office
16c3e12d-ea82-40c1-8223-1cec78d6d612	476	744	16	14	of
c84b43bb-8d73-4523-9f4f-b86c625318c0	330	758	100	12	leader
1238ed6e-bfdf-4d03-a151-8722d5401ac1	330	758	100	12	...............
7992e0cd-9c54-4187-8de0-470b19711108	476	756	32	12	...
dddf0319-2386-4666-92e0-052898a8c941	476	756	32	12	486
a117f786-f1a6-4ff8-9df8-3f8a0db1afbe	320	770	54	12	Моттов
d08242d4-0a8a-4dba-a64a-609b3aeac372	320	770	54	12	,
a474b7a5-643c-4954-9e9c-55afc3bc42d5	376	770	32	12	chap
111e335d-cffa-4efc-98ac-bd5066931693	376	770	32	12	.
a8935c5f-3e61-4403-8bce-f556e3eca3a3	409	770	12	12	8
997ee849-6c3b-47d1-b152-1786cc2b104d	409	770	12	12	.
0fac1a34-5f30-4122-8d0e-c9263e197df7	486	770	20	10	407
ffb9fbb2-cf7a-47a1-9778-8fe199cdcea8	318	782	64	12	Desolation
c81cc8dc-bd1e-4b23-b178-905e0575d85a	384	782	52	12	taken
6e5cd069-ce56-40eb-81c4-33c9a96f3c3b	384	782	52	12	.....
bfeb2d37-54a9-4025-bcf8-4d7551c1237a	484	782	22	10	.
74af1be5-463f-4e66-bb61-1819573dfb52	484	782	22	10	488
5ce4bd60-272f-4f32-89b8-2e49e0533193	308	794	11	12	2
a44f185b-3c39-48c4-8db7-e779fc5d98ef	320	794	63	12	Lamanites
6d0d01fe-ef77-4143-96fa-e1636cf7bee9	385	794	28	12	tako
4afd8550-0cc9-4b6e-ac0a-29d63a32d5cf	415	794	93	12	Teancan
1fc7a52d-9543-484c-bac2-256bb10bf853	415	794	93	12	....
457e3d4a-c73b-4874-9107-337718f1a4aa	415	794	93	12	488
2563a57e-9398-4163-b40a-2cb5010c01f2	410	848	72	24	Google
