ID	X	Y	Width	Height	Text
4de1595c-d2de-408f-804d-6eaee57d0705	82	88	73	38	536
5d5cbbaa-c9b4-4efc-825c-589a7b6aa884	662	81	145	39	INDEX
0703a832-b9e6-4dee-b1a2-fdb81558785e	82	155	114	38	Akish
ebb3d26c-daa1-4981-850b-9fb3c38911a6	82	155	114	38	,
7b79457a-dc4e-42d4-a454-62918b42c6a3	196	148	200	38	wilderness
f93d6a30-839a-42fc-a822-ca35111cd1a7	400	148	52	38	of
749bb513-049d-4fe1-9f65-f23c3142503d	400	148	52	38	,
dc8b6e32-e39f-41bd-b614-cfaab1781505	457	148	223	38	battleground
f4a2f226-8244-480a-9087-ec9fca2c3651	685	148	59	38	of
27b80c48-85ea-4eaf-8f52-9e1aa564dfec	685	148	59	38	|
df19ee40-40d5-4eec-b500-e92b15fdf2c2	107	180	109	35	Gilead
459b6dfb-cb66-44cd-8bb6-fc9a54055dbd	221	180	70	35	and
7bf7adb2-69ec-48f2-8db6-2c42cf3a93ad	295	180	206	35	Coriantumr
11ff8984-c332-47e2-882d-6e3fe5244b59	295	180	206	35	,
ff0bba05-6afd-467e-b68b-57f15ea25c8e	505	180	97	35	505
f874b0a6-3e57-4041-8e7c-a165dcfcd910	505	180	97	35	-
5e721a69-cf34-4d5e-b777-fe90e6d041c0	505	180	97	35	3
0c9ecf3e-449d-4cce-a8df-35482d66cb0e	505	180	97	35	.
fb831f4a-f346-4636-9d5e-a4a182a47264	82	202	91	66	Allow
bbbf45de-7ce8-4907-a0d4-cb36eb7f8110	181	202	33	66	in
f11be8b9-a10e-4b70-8ce5-5cfc98b57384	222	202	107	66	Christ
f1286633-32b0-4da7-aed1-9f672031fe3c	338	202	140	66	225,51
1fbdae58-ee74-4d46-81c6-e9a4bd7e5bba	486	202	66	66	100k
4eef1a29-c013-41d9-b0b2-97f8bdb1077a	561	202	116	66	47
dc2cb809-4dae-4ee4-8fa1-1c051707045c	561	202	116	66	-
343baa96-2673-42cd-9673-fb8ed918158f	561	202	116	66	10
e9af8b3c-3b95-4477-8a4f-4037a2bcd594	561	202	116	66	,
3e49aef3-eb14-414c-bb11-bbe6845977d9	684	202	48	66	si
67e16985-5466-4d0f-ad0c-3f705ec90751	82	243	177	32	Allowance
8ee27213-4981-43f2-aa79-a5a92f4bf013	82	243	177	32	,
32fc94b0-653b-4596-99c6-4678e6942a56	82	268	36	95	Al
807cd9df-6fb9-4220-9659-9f230696a191	129	268	119	95	Hings
9135ad7f-48f8-4656-a911-8b4a84562ee3	260	268	95	95	on
83a7eab1-5afd-4404-b1dd-a72a3ec4d83e	367	268	36	95	to
de063fef-41b8-4969-9e8c-d76d2843f0fb	414	268	71	95	the
fa27cc9d-4b68-40af-ac47-da0e3eee73fb	498	268	83	95	word
a7b0e423-c7da-47ab-b7a3-4facf5237dde	498	268	83	95	,
bd01b6e1-07b3-45b1-9b9b-313558555955	593	268	71	95	156
ecd99e2d-24af-42c4-86da-7b29a87d81cb	593	268	71	95	,
8c17b4d1-34bc-4229-a548-787852e6e027	676	268	53	95	24
a16f6c67-f852-47f3-b009-0ba1881ed726	676	268	53	95	.
cc77349e-ace0-41fa-9e18-8ef4369f6a2c	114	350	105	60	Chriso
cf7d926c-b88b-425a-a495-0195ac0337a5	226	350	97	60	creat
fdb93e7d-96c9-43a3-817d-dff3ecdb4123	331	350	52	60	the
513f54d4-88fe-4209-a2fc-bd87679672be	391	350	120	60	tirit
2f39db7f-80a1-4a07-89d1-22fb911a0140	391	350	120	60	,
e9c0de3c-f067-4bca-a508-11d60ca0d09c	519	350	90	60	40
4c61aed8-e151-416b-a575-0d0a99e181f8	519	350	90	60	-
20206a92-c9a4-478e-848d-2c4b68e17326	519	350	90	60	81
5a547d9c-cc0a-455b-8aaf-f04cd51f94bd	616	350	109	60	393
7ef88b0f-a6cf-465c-8b58-64d87fe116a5	616	350	109	60	-
c8562eed-aede-4457-9976-537a5163db23	616	350	109	60	12
7387c30f-13ea-412f-8708-e74ad2bc886e	616	350	109	60	,
ee8fc5cc-4119-4bdd-8ec3-9dfb075774b9	110	382	112	60	418
d51568a6-7ed3-442f-9fdb-890bd4424687	110	382	112	60	-
5fe73b17-f47d-4674-a337-8198894dc04d	110	382	112	60	95
4453c505-800b-4308-939c-e560fb701119	110	382	112	60	;
129f690b-b315-4bf5-8ee8-0a07e9f64152	230	382	90	60	cread
cd9ed840-0ec3-474b-80af-6548e35a8e1b	327	382	45	60	of
3ffa9c26-4139-4806-9e99-2b3ab5f5855e	380	382	172	60	opposition
bab67c46-2040-48e1-ab92-18e069490d1b	560	382	52	60	in
ac947428-ef76-4634-9e7b-4cc410811c84	560	382	52	60	,
7f75b710-4cfc-4868-9b33-d272a0626988	620	382	106	60	53
671d8591-1d07-4f9c-98f0-5824b158f3ff	620	382	106	60	-
ef9a10b9-d26a-4352-ac5e-c9b3f6d6927b	620	382	106	60	11
0ba074db-9278-4679-81d5-45874161f548	620	382	106	60	;
0808a12c-35b0-4b4c-bdea-ed430291a4b1	110	489	41	67	4r
5864bf88-cd69-43e1-837e-24edc6c3f07d	160	489	100	67	demote
3a5be7ba-f9b0-4f24-ae3e-7909b77dd640	269	489	84	67	thee
4bb11215-72b1-4af6-8191-9cb18cda55a0	361	489	126	67	father
e9301695-3e5c-4fde-af8d-bb6fe8a01641	361	489	126	67	,
c68f024f-0187-4a21-816f-0c21f333a89b	495	489	117	67	431
e3c9f34c-6d46-48ac-a913-599f0c3edf18	495	489	117	67	-
dd066f3e-1929-4b3b-ae57-c65e178f10bd	495	489	117	67	78
0d9770d0-e468-4556-a5c6-718addb0c5ee	495	489	117	67	;
36e8857b-c69f-4ec1-8a93-668581f95cbc	621	489	42	67	to
8de7f081-b543-4534-a366-475f201baf71	671	489	58	67	bee
c0bc3e32-02a6-4fca-834d-011fcde297cf	114	552	87	29	come
ae1083d1-6a49-4ff3-b789-f07a543dd969	205	552	83	29	new
680f8c6d-1ec1-41c4-bb2e-58ca5ad429a3	205	552	83	29	,
7a8080a4-fa86-43e6-bf1c-6e6dd070cbc5	292	552	100	29	503
a4d5dac4-9491-4b67-88d3-cab42ae5311f	292	552	100	29	-
18f7a245-83f3-4caf-a2c7-1dc2dd32e59c	292	552	100	29	9
e168af22-f8e8-49f1-97ca-c113bdbbb8ce	292	552	100	29	.
54e8b955-895f-40c1-b6b5-5ceeab79a5a2	79	574	56	38	All
e322ca84-c347-4a1e-904b-c25338bd1ca9	139	575	102	37	things
a034f674-d235-4a39-9888-c6e9ed5916d1	246	575	37	37	in
6cd657de-2ad1-44e7-ab68-2794f8cee184	287	575	143	37	common
2d4b49f2-ad4e-4f8c-9e60-229624c5c57b	287	575	143	37	,
594b91e3-b19b-4dc7-a773-eb05551dc35a	435	575	111	37	among
f62cbdd0-65d5-404c-b90c-2b33656b9f62	551	575	134	37	disciples
50e98379-2d9c-4d4a-8476-af0a19088d19	690	574	39	38	of
e464cdd5-527f-4252-acf6-9c0d125b6e54	107	606	114	38	Christ
8986bf71-105e-41ae-aa37-7b2202083e31	107	606	114	38	,
9c32d835-ce97-4b54-b957-2e4dfeebf333	226	606	114	38	449
a3aac488-2d08-491a-8241-d7c7dcd01255	226	606	114	38	-
97c1b598-2bc8-4cdf-990a-1d5de624705a	226	606	114	38	19
ca4928bd-d53c-4ac1-8250-8524fdafbf9f	226	606	114	38	,
f8b4085c-db00-4478-b404-7ff8bae63c51	345	606	97	38	456
587f7c61-2b7c-4e1e-b110-5eab25403bb8	345	606	97	38	-
546411cb-0def-45a9-bf0b-e7f2b0ea9d6e	345	606	97	38	3
08bb9cc0-da75-495c-8196-1bd1678770c6	345	606	97	38	.
0921a7b6-3236-4bcd-8570-2acca2a22429	79	637	100	38	Alma
1974de2c-71e2-4d1d-b131-464afcbf5c99	79	637	100	38	,
e8757869-0262-4840-babc-2cbf9c1f5a2b	183	638	62	38	and
e690551c-a95f-469e-be5b-a11f84166afe	250	638	57	38	his
4fc7477e-6122-49c5-88f4-d002e5115bf6	312	638	114	38	people
b143b924-6c95-4a1d-9569-9da0e21fb782	312	638	114	38	,
84a4190e-7e23-404b-99f0-e7d87622dec5	431	638	128	38	account
b3c11b99-290d-4ae4-aacf-3ff616927492	564	638	48	38	of
46acc56a-6188-4ca2-b486-04f1b0e8d508	564	638	48	38	,
cd0cbe55-5c4f-47e6-b6f3-3d147634d3f9	616	637	69	38	178
321db8b0-fa8a-46e4-b7b2-ed2b1e63cd35	616	637	69	38	.
a1082107-7274-4ae2-abc7-2cafeace7610	79	669	100	38	Alma
3f8cba38-c2e9-45d5-ba2e-7cc5fa26c72c	79	669	100	38	,
f1397963-a6df-488a-a2b1-4e7ae1468d44	183	669	90	38	Book
3ce51e67-f316-4f11-b5d9-22692d37bfda	279	669	48	38	of
b892e118-ca64-4a0f-9af2-63430cb8a067	279	669	48	38	,
f7beeed3-bbdc-4014-8757-6e12f279b7e3	331	669	71	38	195
5a517e66-7500-4aa8-af85-f365b992cd32	331	669	71	38	;
fb4b25dc-c115-4305-a566-cc47db059c52	407	669	105	38	words
95fed154-5f46-41a5-8cb5-3c84bd395d77	516	669	52	38	of
0089fed4-d5a3-46f6-a7b4-a5558b56f345	516	669	52	38	,
74eb6cb0-3b78-450e-a5cb-827f907aecc1	573	669	67	38	205
9c1c953b-dd57-48fa-a1d7-de08d3140745	573	669	67	38	.
cb05edcb-7a16-4046-b677-bf05fc610aaf	82	701	105	35	Alma
423ec5e3-9f73-4703-9aae-185470245b2c	82	701	105	35	,
7bb0ad65-51a3-4d62-9465-b9f3119d235e	191	701	66	35	the
87e987be-8776-45db-b63c-f70ea333d49e	261	701	92	35	first
31c1498f-7a77-4ee1-8823-1e59be281e29	261	701	92	35	,
8b0d3f08-1085-49f4-b94e-cf38c11fd661	358	701	114	35	166
c2caaa08-513f-4c1d-9231-ae80f4619f87	358	701	114	35	-
91425bcd-9d42-4f7d-ab3c-13f3dd77f0af	358	701	114	35	2
340c0018-1bcb-4d85-a809-e9b29cd1e298	358	701	114	35	;
f0b3737b-e7fa-46ad-b768-8a64a441e08c	476	701	70	35	life
95799220-ef82-4ec3-8536-ce8ca434d755	550	701	123	35	sought
c50313ac-d4de-4d91-b4db-68e1997f8258	677	701	42	35	by
d3766992-04fc-434c-a697-e37755ab985d	110	729	88	32	king
ea20af53-4dce-4cd3-9085-a7d375f70670	202	729	104	32	Noah
9a498b54-8064-48eb-a4dd-9f07df14e0ea	202	729	104	32	,
fe02a618-30bd-4d4a-b671-75f21701e936	310	729	116	32	166
1377374c-fe5f-4422-a832-bce49ea0497e	310	729	116	32	-
f8124ded-670d-4366-bf22-065ab5a3d7a5	310	729	116	32	3
a454c0ac-101a-4147-baab-759965947dc3	310	729	116	32	;
3982106d-acaf-4b40-a4fc-0c91b810e42f	430	729	140	32	teaches
00920a1f-9df2-4ce6-ab7d-88599531eac4	574	729	112	32	words
aed4cced-7753-4b7d-af6a-fe4a36a1e7ab	690	729	36	32	of
4394aa68-e8ad-4970-95be-d0dd5655e31d	114	760	132	25	Abinadi
1cac6209-7967-4d9a-a925-43d2ebadf4b4	114	760	132	25	,
c39057bb-40a8-44f6-ad96-583c850af036	248	761	106	25	167
99d75812-69fc-44fe-b9eb-8e6915160ff2	248	761	106	25	-
6dd01b69-12e5-416d-a60c-e20dd5dc7aa3	248	761	106	25	1
129572b7-d48c-4daa-9d19-dae6db530150	248	761	106	25	;
6e500cf2-2ed5-4f6f-b2c6-62035b2b5f5b	358	761	125	25	resorts
a8412e35-ec56-4abb-bd07-ea8d7794ac99	486	761	41	25	to
d49560e6-bb63-4961-bfc7-a38a19acce70	530	761	62	25	the
327bc7b5-12bc-4da1-9fba-cb1dccc442e6	595	761	91	25	place
16303a32-8e9e-4c55-add8-0384a06cd200	689	760	33	25	of
160fd4b4-12e6-4547-8a1c-4b302ab6da0e	110	774	137	72	Mortart
c4bbfe87-4658-46fa-bce5-1b951b17a43b	110	774	137	71	,
af6ba245-e359-4847-a85b-4b635be61a98	254	777	52	69	15
292b1d2b-4795-459d-967c-4db98b0ef885	314	778	171	71	eteaches
5b253cab-cfd8-4f93-b855-627f7acc4c85	492	781	86	70	bie
79c7b9d5-66b2-441b-a04d-eea4d48cde8b	586	783	141	72	baptizes
16531fe0-b650-4f37-b5fd-25fda8ab1388	205	843	136	32	169
7a399811-05a1-4052-8bfa-9eba6e7c435c	205	843	136	32	-
00d0cc96-542b-468c-b0f9-ece802c2307c	205	843	136	32	16
faabbee6-9828-4461-8e8e-0582190cb30b	205	843	136	32	;
269f7c57-c4ff-4fb5-b380-a67cbee3483e	345	843	128	31	ordains
079550fe-ca18-4e8b-bb1a-e0b7de7e958e	476	843	132	31	priests
5cfcbc61-81f3-4bf9-8c3a-83d3e9a17bdc	476	843	132	31	,
bcaf42f3-9cb4-4478-900e-9fd731b0c54a	612	843	114	32	169
bcce2c68-9174-4301-8d37-c0db0d50e176	612	843	114	32	-
5ce23f4d-ee8b-4a06-a015-eb6fed1a1b41	612	843	114	32	18
4ce72029-e7cc-4b67-8be4-7e701d391bf4	612	843	114	32	,
d5b9de0f-9b9a-49dd-97a6-889ed69c8a7f	113	868	112	29	179
c38641a5-fe64-41c5-87ee-3c047ff8ee00	113	868	112	29	-
e5b1584e-6b65-4fcb-9bae-9e3385cca19f	113	868	112	29	17
a0f55a13-96a1-425b-bbe4-c45528266776	113	868	112	29	:
010f4784-1b94-47cc-8406-81d141d49f87	229	868	196	28	admonishes
29560b25-0430-4a35-9793-1f2c00ac0fbd	428	868	119	28	priests
765fb707-b09f-4057-bc05-0d336d6416e8	551	868	66	28	not
61f15b83-6405-47aa-ba8f-be4bbc4a6e11	621	868	45	28	to
e151c517-b130-48a8-9ed0-744fbad8954e	670	868	52	29	de
7fe781a9-acf2-453b-9869-524f7c25ea52	670	868	52	29	-
d9d8dd31-b5e6-4975-9660-c64c39a22d7f	110	899	89	32	pend
55439beb-c31a-428d-9722-de8794db40ed	203	900	54	31	on
c4531ebb-9c17-495d-833a-316619176b0b	261	900	120	31	people
e20bb815-0c3b-4b5b-8b5c-86f4cedc1d07	385	900	66	31	for
1186d0d5-d169-43fd-a946-e04cfeaf2869	455	900	147	31	support
151fe819-6311-404d-8208-cea8a83913c2	455	900	147	31	,
a9cdcbe6-661e-4969-b23b-06cc0aca2367	606	899	120	32	169
33ae47d9-6e30-482d-a6d2-116b1b76aa4e	606	899	120	32	-
d2521a4b-9e53-443e-bf2e-46d682842894	606	899	120	32	26
83e28194-5968-4705-b996-17806e99fee5	606	899	120	32	;
bc61d401-1b9e-4a43-bdb3-11d5e1a7ccac	107	928	174	29	discovered
f7d4a0dc-2d01-4768-a2c4-87b1f316ebef	285	928	51	29	by
339f552c-4393-492c-bc29-9fa04733df31	339	928	149	29	servants
8e680845-2e69-4a1d-8b40-f7e39843a7a6	491	928	43	29	of
85c62f1d-247b-4e1a-8289-ed1413b5fdc5	538	928	83	29	king
bdbe2744-15cc-4b6d-a0e1-7e49934e3dbc	625	928	100	29	Noah
4de82e4b-3d8e-4156-ac22-33bccf80c472	625	928	100	29	,
e886bc53-b2e5-49dc-b01b-6dde39f3d11b	110	959	122	28	170
a648d741-ee24-40a8-9d90-0592b987fe04	110	959	122	28	-
d032bd7b-7323-46b8-a7fb-47e3693b83ef	110	959	122	28	32
1313f3ba-f0fa-4f53-a9fe-f14194eb2886	110	959	122	28	;
1367b277-2708-478e-a901-78751bbdd136	236	960	133	28	departs
c2dc4ecc-d271-4280-95c4-67bfb2fda256	372	959	79	28	into
cdb116d8-a7a3-4376-88a3-25191650e107	451	956	198	32	wilderness
e478e8f7-ef9b-4ab7-8e34-d7f010285ee5	451	956	198	32	,
39d1c485-0260-4da8-b29d-b34641789d44	652	956	70	32	170
328a26de-f54c-4170-8b79-8c3a20bc3ab1	653	956	70	32	-
4b5dd398-4735-4b37-ad68-3e04945ce702	110	988	59	25	34
ab2f2b96-8295-4996-bc0d-93db401945c0	110	988	59	25	;
b3a7c66f-f3a0-4907-8277-ec2fa61b8c1b	173	988	144	25	declines
bdeb1cc2-0e9f-49ce-a5b8-b80882f45f07	319	988	50	25	to
ec1482e3-c3e9-49ff-a61d-15cd72075ddb	372	988	53	25	be
22accb04-3a06-4bc0-a4e2-ef8462d31fb8	429	988	100	25	king
61ebf7dd-b6bf-4475-ae54-52e9e44a6ea6	429	988	100	25	,
4c732e4d-0f80-42aa-830a-5636982978ec	532	988	112	25	178
0b1cb5d8-c185-483b-ab31-83f55eda7eaf	532	988	112	25	-
f0cfb2af-9e67-4e17-9edc-d1bcedaee74b	532	988	112	25	7
2e28c9e4-a681-44a6-a304-9a6f78c2e1dd	532	988	112	25	;
8ce918fd-278e-4533-b632-d174381778a1	647	988	75	25	high
e2893e25-f219-4c05-90fe-cf828ca0c5a3	110	1015	105	29	priest
b1b0d6b4-ec81-417b-8fb1-6454d679d34b	110	1015	105	29	,
b244600b-c0e2-4a7f-b3e5-3d23b28f7b11	219	1015	133	28	founder
fc31c54f-9d6d-471c-87eb-1847c13ee01c	355	1015	42	28	of
5b424b42-9ae6-40e6-9d01-85defa13cfd4	401	1014	130	28	church
07323604-5914-4220-a95b-cf5f22612aae	401	1014	130	28	,
5a6102af-1495-4032-b0cf-44b332de68e4	534	1014	123	28	179
b573e8b7-2d30-43c2-8eec-b337dd218d40	534	1014	123	28	-
2e5018c1-376e-4097-960a-1137a4191608	534	1014	123	28	16
3d65eff6-3731-4417-b988-2467767f784c	534	1014	123	28	;
8e5aff95-de3a-4690-8f74-e8d62b123fe2	660	1014	63	28	and
0185ae59-bca3-47ef-962d-1d60e8888fa0	110	1104	44	26	8
f0107bfc-34ba-4add-9952-09d5b4ed090b	110	1104	44	26	;
f2518163-3b28-43bb-bc2e-ed81d1b2e157	157	1102	97	27	leads
f8f56285-afbc-424f-8f51-26805e020820	257	1100	116	27	people
4864f14f-2f85-447d-ab53-c4834f99efb7	376	1099	72	26	out
e8e38fef-2619-4778-b6e4-c1a96180a1a8	451	1098	42	26	of
82258bb1-39a6-4254-870c-515325ee9774	498	1097	142	30	bondage
49dde689-7c70-4a58-a98f-36aadfe1d21b	110	1129	174	29	wilderness
531cc5c2-8165-4fc4-96dd-8a5d52d54b19	110	1129	174	29	,
e3dbe4c4-e2d7-43d0-80a7-4adf2805c7e6	288	1129	116	29	181
912d5dcc-5c59-4727-9a1f-12506d7f4e78	288	1129	116	29	-
29a6cf00-a61e-4f96-ba40-4266a6c8f54f	288	1129	116	29	17
e1e4993d-6b81-4a4b-874a-24b7ca012e95	288	1129	116	29	;
6e5d5c69-ef32-4ed4-afac-c4ef8d00a3b9	407	1129	65	29	and
b699ebb1-2577-4593-9550-d515322516d1	476	1129	105	29	people
9abac267-44af-4558-bddb-a5ce9bddb914	585	1129	98	29	arrive
9b809f52-15bd-498d-b038-40fcbaea14cd	686	1129	36	29	at
af42ac8b-2bf0-4eae-81d8-e88d961799cb	104	1154	184	35	Zarahemla
50c6c09c-ac60-4f83-8d3c-40604e9e3565	104	1154	184	35	,
6db712e5-89fb-4d1a-9a08-6c8d90aff9a1	292	1154	122	35	182
3a7b4d96-8a3e-42a0-9b2e-65a42ec5d76d	292	1154	122	35	-
3274750b-9db9-40a6-b4e7-20d593a1f06c	292	1154	122	35	25
37c67f8b-57d9-41d9-b8c5-ae3aada2f215	292	1154	122	35	;
3186d31b-85da-4506-8d9d-b42cd7b8bcbd	419	1154	114	35	record
efd653d0-ff8f-4c28-aa66-ada9180c2277	537	1154	53	35	of
8ff752ad-07e1-4b92-9c92-4751bf9c7ecb	537	1154	53	35	,
f3c0beeb-77a9-4151-8018-fcbfc0248059	594	1154	79	35	read
5ba8d24f-1805-4310-b569-4ff712c33efb	677	1154	45	35	by
2b7a992c-0ec9-455c-876b-e507e5301253	104	1183	87	35	king
0624078f-62f1-4537-a200-93876153ef0d	196	1183	136	35	Mosiah
76b728dc-a5eb-40ad-b886-c34c065bea09	196	1183	136	35	,
54bcbda6-8c3e-4b0a-ac59-ad5678b7007d	336	1183	109	35	182
05a03795-e727-47be-8aff-4f61ef4faece	336	1183	109	35	-
45ac75bd-f48c-4a33-a0b8-924d3dd097c2	336	1183	109	35	6
e099b13b-45e6-447d-be4d-223c5d0d9fbd	336	1183	109	35	;
1ea4f456-c183-4149-9dc5-7919a0b5e947	450	1183	153	35	preaches
8835b080-4058-4880-bf9f-1f496a748cc9	607	1183	48	35	to
1b1153c5-6f23-4506-a583-49e6714e5470	660	1183	63	35	Ne
5715d31e-11c5-4005-a3e0-31b96d7951bf	660	1183	63	35	-
11c4b98b-c3f2-4967-8fab-aa7d6d445a79	104	1211	109	35	phites
4834072e-3ee6-4eb1-b677-9bd0187aab82	104	1211	109	35	,
8b1c7dc2-d96c-46e3-b525-dbf0b98381b4	218	1211	118	35	183
d3603da6-76f9-4f65-acf2-dc141dc78c2e	218	1211	118	35	-
c4e2a112-0a01-4b2e-87c5-1b980481ad5c	218	1211	118	35	14
cf9e6e24-f4f5-4873-b84e-599f571a9b35	218	1211	118	35	;
53a8b627-bdf2-414f-b2dd-6d9fefcaf6ce	340	1211	136	35	baptizes
e9b33c90-0238-4bda-8467-258ec81b3c61	480	1211	101	35	Limhi
7a39b12b-11f8-402a-bb4b-80b0e15162f8	585	1211	61	35	and
7775591c-e654-4fba-9359-bc0c07a00e00	651	1211	72	35	peo
50b520fc-3f39-4cbd-94c7-48a3dbdbf482	651	1211	72	35	-
b4448959-65de-4906-8074-e6344d5e5871	189	1243	126	32	183
a84fb899-a5ad-489d-bb5f-1d532a36cb2d	189	1243	126	32	-
07c1c509-4a65-40fe-a738-086794bc5ff5	189	1243	126	32	18
f075d202-4662-4bc9-9434-a52b56c3ae7a	189	1243	126	32	;
841219c0-96f2-4d34-8a7d-e7ece1afa74b	328	1242	185	27	permitted
1c5d9dbe-a50e-4280-9752-bc131113068a	515	1241	57	26	to
40ffd541-c9d4-4b40-81f7-94b35e4bc7f2	575	1239	148	27	establish
d53bf303-d95c-4429-a7e4-574d8e4fc848	104	1271	155	33	churches
cf25991f-caf1-446d-a5a4-b16dca2b59c0	104	1271	155	33	,
9183a0cd-973f-4cc5-b201-f789dc35590e	259	1271	149	29	183
c27d07cb-adb2-43c3-8555-3f3f362e6ccf	259	1271	149	29	-
ee600faf-4a2f-499d-9e2c-50bac189de53	259	1271	149	29	19
f0790dfe-fd15-4329-baa8-3cc0864660f9	259	1271	149	29	;
d2ae2612-2802-48be-9d24-4276779ea2e2	411	1271	178	29	dissenters
41481aa1-3863-482c-8428-2213e881c3a7	592	1271	130	29	brought
2cac70b1-e933-42eb-aba2-cf275ec8ac26	104	1300	111	33	before
5115f062-4642-4957-a9a8-dd60398b7fcd	104	1300	111	33	,
ac85dabe-7586-439f-8906-bc5b4fa1d5a4	227	1300	114	32	184
1c8c096d-b4fa-4a75-bb0c-8745bb58c66b	227	1300	114	32	-
bde321aa-071a-4808-90e8-cf13fff1887c	227	1300	114	32	7
3c1743d7-535a-451c-9e7f-945f9a3f6eb7	227	1300	114	32	;
78072af2-6488-400c-a40d-a705af0d6ab3	464	1293	161	34	authority
c72003d1-61cd-4df8-a8d7-56e29741e067	107	1382	81	32	lates
09d719f5-2bed-4b4a-aa63-f86d8ccf62be	192	1382	112	31	affairs
98859003-0237-41dd-bd0b-ebbc9aa4fb22	309	1382	39	31	of
e65ed7f7-3e2a-4ec2-bbba-fea43b0f850b	351	1382	128	31	church
d2c268d4-fc16-4d6c-8360-c1a280a84b99	351	1382	128	31	,
391c2ab0-925b-4c03-8ded-848f13307b47	483	1382	124	31	186
cb0fcc4f-69ef-4a46-83c8-732119dc46d1	483	1382	124	31	-
4f6755b2-d2d4-4e81-a8b4-3f12b788223f	483	1382	124	31	37
2d7ab1d1-e955-4e8f-870e-05952b958ac2	483	1382	124	31	;
e3ad8d1c-97d1-4614-9b5f-9d253827d102	611	1382	112	32	church
1006feca-bb21-47b9-81b1-39c885df1678	104	1410	157	35	complains
f0183d84-f183-46d4-8ce8-05384ae50763	266	1410	52	35	to
00162c21-0d31-4b54-9d5f-592c2b03c43f	266	1410	52	35	,
48f76e28-4637-4b53-9513-08342fee1cb1	323	1410	101	35	186
1431f976-d0bf-4915-b3a2-c1ea0bde934e	323	1410	101	35	-
7bfb6fb4-241f-4db4-ae24-4e294b0da434	323	1410	101	35	1
0883ced6-5939-4e03-9598-0dd686638121	323	1410	101	35	;
e413719b-c52f-4e01-be07-4a358050a5e9	428	1410	92	35	prays
f87d5c7b-316c-46ae-8190-9fc61a20682e	524	1410	52	35	for
1876ca9c-9789-40b0-bac0-47a37eac293c	581	1410	70	35	son
2e1c751a-b7fc-4e38-b490-ecfb60ef0bb9	581	1410	70	35	,
0b51373c-65d7-472b-b7e7-16b0e12db91a	655	1410	64	35	187
63f6ec7f-a2a9-47bd-a0c8-0489f4a54426	655	1410	64	35	-
10f00290-1717-461c-9333-119018a71eae	104	1439	55	38	14
560f37aa-54e2-4dd5-a21f-9f1553556344	104	1439	55	38	;
16f526d3-9509-4f0f-8e6c-f3bcfe5a09c6	164	1439	153	37	ordained
57ecf1ba-3ff2-409a-8b93-689142079f7b	321	1439	69	37	son
f9e1a456-a94e-425c-9bd7-60d15964a18b	395	1439	83	37	high
edd965cb-9fb8-4ffd-9ddb-6722624bcb67	483	1439	116	37	priest
34a29b5b-a925-45a0-9725-81bfb1b628cf	483	1439	116	37	,
3d333a8f-bffa-49b6-b269-a1eab7f9da18	604	1439	119	38	194
a050cf4d-c1c1-4cfc-bc35-8083bbc6c3c5	604	1439	119	38	-
265239d3-3bb8-448d-be52-219a5defde78	604	1439	119	38	42
04a65fe3-827b-4ca0-aec9-1e71343ea2c9	604	1439	119	38	;
15a2ecdc-1e4d-4c37-a925-67bb197b3c17	78	1497	105	38	Alma
5a3e8558-534d-48fa-ab8a-d6c314b44577	78	1497	105	38	,
c9552745-b316-495e-95db-4d80741a58c5	107	1470	71	63	Ina
71f9e1af-2f29-46ce-a9c5-53e3efe7d823	107	1470	71	63	,
fafeea41-1692-4d86-8477-33d5ed41b8d5	186	1470	71	63	501
56708bce-44ef-4763-b22c-bea715c88ecc	264	1470	47	63	0i
a2948ad6-db57-4477-b788-27c305204b9b	320	1470	102	63	Alma
0b7014f5-1b02-4584-81f9-326463338bed	320	1470	102	63	,
1acbb002-01fd-41fe-aa67-70c46024f4e9	430	1470	102	63	seeks
a385e7e6-4b77-45b0-8101-71ae3d891d76	540	1470	39	63	to
da7d916e-de7b-4f3c-865d-c3710c0c61a0	587	1470	135	63	destroy
7c1caae6-66fa-4582-8ec7-29690ca25ba7	101	1524	123	35	church
df0e9905-be98-4a36-9eee-3c2ce4a877a4	101	1524	123	35	,
77156afb-c269-4514-bd7f-918062e96804	228	1524	101	35	187
aca27ed5-4f7b-4885-9381-6034d0ad72d0	228	1524	101	35	-
067d8e38-f717-4b9b-9814-e02dc02c80a4	228	1524	101	35	8
64a04d9e-349b-46a0-aab6-1e062c849eb0	228	1524	101	35	;
e8fc12b9-2594-42fb-b601-341d0183b19c	333	1524	74	35	with
a8766f87-49ae-43b9-87f1-d60b1defeb63	412	1524	74	35	sons
c0940835-3e33-4a41-b708-ed5a09bd6043	490	1524	35	35	of
c6096526-8e51-4ec3-9655-fd016b22c4d0	530	1524	118	35	Mosiah
0ae794c6-913f-4305-8600-1184390dd122	652	1524	70	35	sees
d87f7424-aeeb-4940-ac57-c84dbb494fa5	107	1556	106	31	angel
a51f9426-d272-4b6b-9f29-86a761d16254	107	1556	105	31	,
a8ce7587-7b86-45c4-9249-7aa6baff35e8	216	1554	134	31	187
fd1094c3-5183-46a2-a394-5cb77d4dca26	216	1554	134	31	-
5e86e236-4ce2-4423-82ff-cb04128abcb2	216	1554	134	31	11
eccf3c2a-efd8-4074-9d7a-f213c14f6f23	216	1554	134	31	;
133fc87e-9dd1-4b57-85d8-88691cd852fd	353	1552	153	31	becomes
447126af-4164-4f30-a54e-19fa249ca783	509	1550	145	31	helpless
09be9aba-2ddd-4394-afc0-f19302a280a6	658	1549	62	30	and
a0cec651-9b0b-4eb7-b550-04eef03e782c	104	1581	106	35	dumb
8641ef02-2b80-4dd2-bd45-ec20cf29b4e2	104	1581	106	35	,
dfbfb9fe-3278-4138-b3b4-67c4a972428e	215	1581	123	34	188
dede1185-2120-42dd-8b69-3da737a9218d	215	1581	123	34	-
53b03a6f-bc9a-4f2a-a751-c3cd6fffc9b4	215	1581	123	34	19
015ef69e-dae6-4e5d-9a12-bf7c82a7c765	215	1581	123	34	;
291f00b0-6e9b-4abe-9894-d3c49cc78d92	342	1581	60	34	his
ab5ac96c-22ca-4b77-9d40-3a99164efd80	406	1581	106	34	father
466029f0-304e-4e3a-affb-adfc6e93177d	516	1581	127	34	rejoices
3b3fac05-6e89-4bdd-b25a-67992f974d24	648	1581	74	35	over
5285ca0c-fcdc-462a-970b-0c027826b7e7	110	1612	80	30	him
e0fe7100-5ebd-43a8-a569-256ce117f6cf	110	1612	80	30	,
c8dcca99-9637-481c-bd93-7d8601b10a2e	194	1611	131	30	188
4bbee9d3-cd91-4efe-87dd-790e6a64af27	194	1611	131	30	-
6bd61088-0e3c-4ce5-bbd2-8265aa804dd5	194	1611	131	30	20
7087a5d0-8f7d-43db-a84c-0ec4b3ba52fd	194	1611	131	30	;
689cb4a5-823a-4fb7-a85b-32f9c0a3e0dd	328	1610	127	30	relates
2ed55845-6062-4364-b358-0c25a887eba9	458	1609	171	30	terrifying
2457643e-4744-4ad7-a6a7-6d9bdb8d041b	632	1608	87	30	expe
597f4c20-c73d-4226-ae61-8496d24c8f94	632	1608	87	30	-
9353bc7c-72bf-4ca9-8700-6832aa1d4ded	104	1641	112	32	rience
f0af0c9e-5a7f-45a7-aafb-cb3eb37f3501	104	1641	112	32	,
6d94d05a-f945-4499-bef5-a931db0e6d53	220	1641	124	31	188
c63909a6-c321-4f00-97b9-2db4284c17de	220	1641	124	31	-
fe217678-e645-496b-97bf-f4ffa1bc3515	220	1641	124	31	29
13893b73-cf8f-4adb-99e5-2f3bc45d1c2e	220	1641	124	31	;
cc50854f-31ca-4fbb-aa68-3c0bf61fa405	348	1641	128	31	teaches
b6c5e242-67ce-44b5-b952-6be3121bdac5	480	1641	120	31	people
7fd5ab82-0d90-4bed-931b-afdb10177945	480	1641	120	31	,
0e54f628-8e18-482e-8663-ce5ade986611	604	1641	119	32	189
8b04dd30-ec1c-485a-b0cf-2293f6518ee1	604	1641	119	32	-
f74f73ba-77e9-4ce4-831d-f1a69ebb092e	604	1641	119	32	32
f0e9f829-157f-4ef5-b4b7-1382d38e3c9b	604	1641	119	32	;
8b25e311-b70c-4566-91d3-47d8f1c928f0	107	1666	135	32	receives
785f8c92-2cab-487b-ab80-d884dc803c5a	247	1666	85	31	from
784a5371-41d5-427d-b49b-b1b85e9d9d74	336	1666	81	31	king
595d3bac-ae84-4c78-8328-3cb06e3475b6	421	1666	124	31	Mosiah
fa3d71b6-8212-4283-8fda-dd99988bbd2d	549	1666	62	31	the
ed9d912e-0dd8-4960-adf4-711155568edd	615	1666	108	32	plates
bd589fbb-78e4-478a-b8d0-496045333dfc	615	1666	108	32	,
3a138bd6-852c-4c23-aa4e-ebb093b3510b	107	1697	136	32	records
4f2bd004-0743-445a-8e1a-7b395960760a	107	1697	136	32	,
6b57c917-f51a-47e9-8f80-a0562b8f4cf1	247	1697	76	32	and
48414e6b-a8c7-4ed3-bfd1-5a4ff92c9197	327	1697	212	32	interpreters
b6770dbc-915a-4432-b530-f7fe235c61d6	327	1697	212	32	,
224d6dfb-02ff-4020-9957-3a7efdc01f77	543	1697	136	32	191
7786942b-4f31-492e-9cb0-172bfbc7276c	543	1697	136	32	-
97a8d03b-8705-4447-bc98-dbe95503beee	543	1697	136	32	20
a0372ef4-9f37-44d8-9d4d-d1503a4e7757	543	1697	136	32	;
742016c4-72ac-4c11-ba37-35e87f776199	683	1697	36	32	is
26a8bdb4-0c44-474a-abf0-f0a718373a15	104	1719	158	37	appointed
4455e127-6cc4-4ab4-87b0-987639483bb9	266	1721	57	36	the
5f745f6b-5eae-485b-806c-98879aee8680	327	1722	79	36	first
fad2434e-20ea-448b-afd2-55f023e9562b	410	1722	83	36	chief
183e15a1-502f-4cea-a5e7-e1ba73c0d533	498	1723	101	36	judge
2fb619d7-cbf8-42b8-a072-4aff0be5ed09	498	1723	101	36	,
d5478b51-88e1-43e8-9ea3-d25eca7e5958	603	1724	120	37	194
241ca9a1-d4fe-410a-9dab-40df6acfa3a9	603	1724	120	37	-
4d884917-dce8-49d6-806a-3bf3a9f6c53f	603	1724	120	37	42
94170ae9-80dd-4de1-8084-e0c00ccbfbd6	603	1724	120	37	;
cbe44e4b-3e94-4800-82ea-4a312155e0d9	107	1754	134	29	ordained
c2da1302-61b8-4fa8-8d08-ba09d12aeb3a	245	1754	80	29	high
404fd809-a08a-4294-917e-612c7191d1aa	328	1754	98	29	priest
1aef4492-ab53-4590-bbd6-6d25b449c555	430	1754	47	29	by
259ebf45-d2c1-47a8-8c1b-d07a1019b8c3	480	1754	51	29	his
399bad1d-ced0-48e3-93f7-2c1044975474	535	1754	112	29	father
f5e7600c-4600-4168-97ba-e1e91d2aeeb2	535	1754	112	29	,
25238b87-445f-426f-abe2-37c808c77306	651	1754	69	29	194
80b2e7c4-8d10-4170-8515-e58f0ca62522	651	1754	69	29	-
8ddd3bf0-0db4-4658-91f6-d7f08c4f9ee7	480	1783	141	35	196
fc6ea196-1f76-47df-ae11-1e944e1f079e	480	1783	141	35	-
a6421c53-4031-4021-abf2-f3b2a7d62e00	480	1783	141	35	14
cd0f0238-fb45-494f-a89e-3b6c039b2edb	480	1783	141	35	;
7525a7f8-bc28-41f7-a753-00d9f16f3446	625	1783	95	35	leads
b261dfd4-7278-4a87-9f24-a0b1b0c64723	101	1780	83	66	army
65f18c68-a099-495d-9fdd-8a1e7c159ff0	192	1780	198	66	enteries
bb2e7176-530a-49ea-871b-94b31ee64633	192	1780	198	66	,
2e27fe4e-c146-439f-9600-4baa65a07188	398	1780	206	66	b9.6
e7449466-2dbd-4a3c-b317-ed057b33854a	398	1780	206	66	/
c9aa808b-5174-4493-b72b-6d9381f16720	398	1780	206	66	ays
26cdb8ff-3f17-40a5-abd8-daba39bd1f40	613	1780	116	66	hidi
73b7b14b-e491-4243-821c-42be458c9883	613	1780	116	66	,
b6fc0bd0-b746-4d42-87aa-575f10452d25	104	1836	118	35	200
0b85d72f-7e7e-4720-b955-891929b4526b	104	1836	118	35	-
674d945b-9605-4fdd-a5e8-6cce216792e8	104	1836	118	35	31
dc1f9eea-49bd-4296-8732-c27c74c2034d	104	1836	118	35	;
77631e3e-7593-41f0-b3b7-5f1cac306f7f	227	1836	149	35	contends
17d6f643-3446-49c0-8f3b-eb96dd209407	380	1836	83	35	with
fba4f0f0-40c8-4c3a-8d7a-9fe7878b5b25	467	1836	79	35	king
83922395-039b-48c3-83e3-7370d6966cbd	550	1836	44	35	of
d0145f5b-a942-45dd-9944-c6f11a806976	598	1836	124	35	Laman
759f3075-668c-46f2-98aa-0a6dbd297075	598	1836	124	35	-
76421fb9-0ed4-47a0-b748-2d2fa1b3acce	101	1865	132	66	itamites
fcb69b01-8b3c-4ab6-965a-c41cc9dab629	241	1865	132	66	send
1a1479df-6ca4-4a9f-b56b-5743901643eb	382	1865	99	66	way
077c3c3a-8195-4700-befd-f589c3360ab4	489	1865	41	66	to
a73c92fb-1930-4aa7-b810-3330113eda21	538	1865	74	66	epu
040e6f9c-b8ff-4377-9396-c127e5d47737	621	1865	102	66	sidon
d9a7707d-1a90-4906-ab0e-7ca3eb18d88a	621	1865	102	66	.
17e0d3b6-ca08-445a-b422-39e0590f3bc2	104	1924	127	37	203
6de87d8a-64d5-4fcd-9b3f-c279ac6cd5c1	104	1924	127	37	-
88d03a74-4e44-4d73-9a1d-67c53b2289a6	104	1924	127	37	4
b1ee4fdd-abf6-4e84-9dcd-cfe3d5ed5206	104	1924	127	37	;
b34256e7-e222-4792-bac1-289edeb62f9c	224	1925	126	29	ordains
fa3b11ff-5fac-4d69-b2e6-76e266818243	363	1925	138	38	elders
c5d5e689-32aa-4487-99d8-24e1ba905819	363	1925	138	38	,
89d58a31-3698-445c-ae8b-c6d6a52e27b5	506	1925	144	38	priests
ca6d36dc-a2ad-4b8b-bf2d-16c80fe50553	506	1925	144	38	,
7b6c0f4b-2bab-4c3b-8581-f18dec6176a4	549	1896	98	57	jests
d515e807-8e17-4b73-a799-829d768ebf79	549	1896	98	57	,
9e98894f-6970-41f8-8a6a-63e6bb10e8ee	654	1897	69	57	and
46aa91ad-0c1d-412a-862a-a471a7d12141	107	1982	175	28	ment
7eb28954-9822-43a9-ac01-3976408409d3	107	1982	175	28	-
d521e586-032a-4b46-82ad-10e558f1afa9	107	1982	175	28	seat
816d0d53-6e63-40de-aef3-a1038464662b	285	1982	58	28	to
6f4aad09-6479-4cdd-918c-49d4a4d995d5	104	2001	91	40	tains
1f22672f-8785-4b3b-8cf2-6fc45999507b	199	2002	110	40	office
24452a2c-db1b-4523-bc59-838a0c328225	313	2004	53	39	of
0a60196f-df51-4e8a-af37-031ee927839c	370	2005	100	40	high
d003ff00-a5dc-43ec-afbc-ff5afdbe9ca4	474	2006	119	40	priest
30867119-93db-4cfd-a659-bd26998658a0	474	2006	119	40	,
1574fe72-3cfc-4920-ab4e-dde52b988562	598	2008	122	40	204
d4b1b2d9-4510-4167-897b-0f82420bd55b	598	2008	122	40	-
b34c4567-9900-4885-b675-52c122104894	598	2008	122	40	18
cac76afb-b90c-4378-ae9a-e7cbc8295506	598	2008	122	40	;
8899ca08-db7c-404c-b344-dc2671e578e7	104	2035	143	41	preaches
78546533-f352-4c04-a9d7-26357e1ee348	253	2035	41	41	in
e5268d10-3f1d-4a7e-84e9-696bde61b33a	299	2035	82	41	land
7d69b3a2-cf21-43ac-b241-6dfc92e7e71b	386	2035	41	41	of
77ad11f7-59b6-41f7-98eb-69134e8be67c	432	2035	179	41	Zarahemla
fcf7ed1d-29e5-4373-97be-0988db574897	432	2035	179	41	,
3b259e82-c1a3-4d80-8126-6f9db1c0f519	617	2035	106	41	205
9e12e9db-5d47-4159-95bf-5bc67ba6f2f0	617	2035	106	41	-
d696c438-cc22-4782-b973-890618bc8cdf	617	2035	106	41	1
3fbd6ee1-422a-4951-8835-a9f06d5b92f1	617	2035	106	41	;
0d6b89db-c645-4d73-9a13-11ecadd73ff9	782	151	147	32	preaches
cd38f309-7656-4dcf-8539-461219e7c416	933	152	50	31	in
95c4483e-5120-48ab-8777-0e176843b142	987	152	112	31	valley
d7c36255-751e-422b-90bc-c44f83c34e83	1104	152	47	31	of
61a3a015-8bdb-4ece-886d-6c74d0863a69	1154	152	132	31	Gideon
f3c67b7d-eb9b-412d-a560-e56aa8836b53	1154	152	132	31	,
bc032ea1-af9b-4cd5-b13d-01505e37dbb3	1290	151	102	32	210
29ea0dc8-7f4c-4cd1-ac84-11d1afef201b	1290	151	102	32	-
ea96f4d8-baab-49a3-96b1-e260fcfe702c	1290	151	102	32	7
08f3380a-8c93-4a79-9491-1d1796605f38	1290	151	102	32	;
84b0e7b2-9aa5-404e-a9aa-71f4d8cbc2c1	782	176	149	30	addresses
7c9c6a14-9435-41e3-926e-74c81cefd248	782	208	142	29	preaches
cb963e4c-803e-4e9d-a85f-7c697c78356e	927	207	64	28	the
19839e34-3c43-4f24-b4ad-e48fbc70cc37	995	205	189	29	Redeemer's
64a10030-36ca-48de-93cd-9ff019bc633d	1187	203	132	29	coming
ea630816-aa36-4e01-8aad-5fcfca114df9	1187	203	132	29	,
1ff110e8-19a5-4dde-9958-2194f1ba6749	1322	202	66	28	211
b7258a04-f523-4380-a5ab-568090580e88	1322	202	66	28	.
b813548e-406e-4727-a0bf-bb5efae7a362	779	234	35	32	7
9bc8e843-37f5-406a-9988-296ea886cddb	779	234	35	32	;
38882389-ce13-4f7c-a560-598cd46134bb	818	234	112	31	having
bbc2fb29-21e9-45e8-bc7f-895343567b67	934	234	182	31	established
5174b4d1-d5f8-44e2-8742-14ee81f91e9a	1120	234	112	31	church
4b320312-babf-48d4-a1cc-d6a74c95a6ea	1236	234	35	31	in
51fe03fe-c22b-49e8-8041-2e70dc1c392f	1275	234	119	32	Gideon
fb9033a5-1368-4113-85a6-b1a204ea2819	1275	234	119	32	,
e19aa8f7-0769-470f-bd25-ac82f92376dc	779	265	40	25	he
2a7d8218-c6cb-4174-970e-d9b1647dcafa	823	265	122	25	returns
a4caef93-7b7c-4539-b0cd-4a069613e89f	948	265	37	25	to
13213452-7ace-4b6a-9328-bef09cfbff81	988	265	178	25	Zarahemla
1caff965-3402-4155-8dbc-eae561de556d	988	265	178	25	,
f5451562-48be-4af2-bd9f-03ca9426e051	1170	265	103	25	213
ee1da488-b9ec-46f6-9985-e158c3759114	1170	265	103	25	-
5058e35c-5cac-4d24-b7e9-8d67f7aed5f2	1170	265	103	25	1
d036172a-31d8-4548-b7a6-0c59d4baed21	1170	265	103	25	;
e81206f2-b55d-4cc2-8ed5-31e7d1d61baf	1276	265	115	25	teaches
e9405739-c686-4d11-93e5-fc91836b477f	782	293	62	25	and
9ddae21c-47db-48bb-aa1b-6eb49f85631c	848	294	137	25	baptizes
7d53cfe8-c392-4351-9a8d-06a5bdba711b	988	294	41	25	at
b1833fd5-8d59-4212-b2d4-82095f483061	1032	294	109	25	Melek
7769cf05-cb6b-4e4f-8042-62fb9167cabf	1032	294	109	25	,
4f772909-975a-47ff-8b5f-81f9b337f466	1145	294	106	25	214
9c915496-813f-4ef7-816c-9678b238675a	1145	294	106	25	-
1b1cdc41-8503-449b-b9d9-d7bcbc23db8b	1145	294	106	25	4
86dd54fa-b8ef-4070-99ad-112e0c83cb9f	1145	294	106	25	;
006a7953-6dc3-460f-8570-e646a38cafc2	1254	293	137	25	preaches
9f68ea29-b9ae-4c76-90d0-c505cc809b4b	782	319	46	32	at
eb388306-25cf-43d9-b139-ce52f56f979e	832	319	209	31	Ammonihah
d14e0e24-12f4-4189-b1b9-edc961a85f1e	832	319	209	31	,
641d9e9e-7ca2-4c7d-9045-424bd0cf7bc0	1046	319	116	31	214
18ae15a7-2774-4322-accd-cfc02e48f12e	1046	319	116	31	-
c607ae5a-fe27-44f5-a37b-123bc8b55795	1046	319	116	31	8
bd5d0847-5577-4b56-a85a-8ccd4c475f71	1046	319	116	31	;
a5933d90-7fa7-4261-8a4f-9c488a099e74	1166	319	120	31	visited
8ba7c19b-4e3e-44ea-8d28-d24ff80a6ddc	1290	319	54	31	by
591d05f0-68bf-47cb-9916-7d93720bab2d	1348	319	43	32	an
9678bdb2-acdf-428d-80fc-14020f55ce99	782	350	101	29	angel
3272733d-3595-4195-9ab4-7c54d7b4f5a1	782	350	101	29	,
0d345019-0bf7-4f75-b944-cba0eb8e5cf7	887	350	123	29	214
9a6f3629-55d1-4257-b776-4d66f1baaabb	887	350	123	29	-
a4b6eef5-fec4-48a6-9724-b5bb456da1a5	887	350	123	29	14
f8b50e95-aba6-4634-9f9a-de2b2e3c2c49	887	350	123	29	;
4708ab89-377e-4779-87b9-6bdfcec14f5c	1014	350	134	29	returns
8bf56cb0-b615-464e-ab11-ce2bead357d8	1152	350	47	29	to
6598ab13-5067-46a4-9b39-68811e25a97d	1203	350	189	29	Ammonihah
530e7811-8222-4d14-a91a-886b3734bc2f	785	374	39	29	as
efe6216d-c949-40ee-a626-a382d5ad0cc4	827	374	200	30	commanded
932cdc56-5ae0-4669-8ce5-7d8917bc681f	827	374	200	30	,
45fe8472-a7d5-4b78-bd1c-2f20b9f3121d	1030	376	123	29	214
ad06aacd-9f2a-49de-aef3-81543d0ed16f	1030	376	123	29	-
eac4e03b-d3c8-4e4d-aa7d-a5cb95e617ff	1030	376	123	29	16
c74f46ad-8185-4a16-a76b-f7cb158a3acf	1030	376	123	29	;
ce0f6883-d95c-4f75-b24d-bf2525fadfab	1156	377	102	29	meets
bace5c06-0963-4782-957f-39b1ce0c4b01	1261	378	133	30	Amulek
de918981-86fb-4b5e-b6e8-68cea93e9ca9	1261	378	133	30	,
69aad528-d43d-4e99-9b47-bde8b3d55517	786	404	120	29	215
8de16558-0b3f-4d70-a10e-c351cdf1e4df	786	404	120	29	-
dbdfeeb9-d5c9-4a4d-9eda-6c40032f0829	786	404	120	29	19
39e512d1-a97e-4d10-b461-5d72e0fa2526	786	404	120	29	;
42a3ce09-e3c7-4d95-adec-1d48e71580b3	909	404	69	29	see
ba748590-ff9d-4263-96b1-3c98a79ac55f	982	404	94	29	Alma
3047d607-b0ce-428a-8e61-bdbd10326b3c	1080	404	76	29	and
9bbd80ed-1ec7-43d0-82a0-b3a025f0472e	1159	404	145	29	Amulek
d87a74f8-7595-45e3-b8c6-83e712fc58e6	1159	404	145	29	;
6f99fc7c-233b-4e4f-9628-723ab04216fe	1308	404	83	29	heals
aa642541-c186-47be-8228-7f941ce95c14	782	432	66	32	and
7274259c-34d3-49ee-936d-90f652cb49fb	852	433	143	31	baptizes
d2a1fe52-18b9-4d6b-9981-e5dd57d8f002	999	433	155	31	Zeezrom
11790e3a-4a42-439c-93fd-3d5db93b1240	999	433	155	31	,
fd58cea1-ecac-49bc-a788-d6d246aa724b	1158	433	128	31	234
dfce32c8-25c6-49d8-9452-8312be8432f0	1158	433	128	31	-
6b278c24-9b3f-4092-879e-fe55be527962	1158	433	128	31	10
b453c77d-2657-4865-b1d0-cbe81e57dde5	1158	433	128	31	;
6b748fe5-69ee-4128-a2e3-880c216443cb	1290	432	105	32	estab
a1028f7a-08d2-4423-83a9-e2f4debdbf13	1290	432	105	32	-
0e630eaf-efdf-43ca-9a5d-119a677cd1f0	776	464	98	29	lishes
90095de0-1333-44ca-8169-196a8daa7980	880	464	132	32	church
b4de0f9a-fde2-416b-af22-ad899a374521	1199	464	150	25	234
5f2d8642-f240-420f-a7d6-81a413b2dca1	1199	464	150	25	-
ef01f742-ac7f-4354-af4a-86c608bc9255	1199	464	150	25	13
1364073a-c083-41d9-bbee-e826f2016357	1199	464	150	25	;
65240a6f-cf26-438a-8b29-2f34e438fcd2	1352	464	39	25	on
91ce4061-6240-40d8-b306-acb02d0a13d7	776	489	131	35	journey
87241d6b-2824-432d-a180-d6111d46b313	912	489	85	35	from
ad7207f8-09d7-4a66-a1b8-5781cb8487aa	1000	488	125	34	Gideon
34997b7a-05d5-48a1-877b-aaa09b021ed7	1128	490	40	32	to
3b03af0a-8d33-46f1-af4f-4f6557d5aa42	1013	449	64	55	at
53f2efcb-9399-47c5-a41d-1ca153ef7314	1077	457	99	58	Sidol
b7f521d7-5972-491e-b891-3bfc9b58b4ce	1176	469	117	60	Manti
35fbda57-31a7-4206-a942-66acbf6a6f82	1176	469	117	60	,
3e9647ea-f06b-4ebc-9179-e1b8ac2b0be9	1293	484	104	60	meets
5d97c83e-c57a-4ed4-80dd-622d4e28ec36	778	502	84	63	sons
8f758ae1-27dc-48c6-832e-8d5a6ffaf706	868	505	47	61	of
2a1f84cb-e676-475f-ac71-09372a6fc823	921	507	144	64	Mosiah
fe2c4d96-b9d6-47ad-b340-624376d25e21	921	507	144	64	,
604207ed-a1e9-4319-9829-09ab4efd5d4c	1071	511	129	64	237143
1e411ca8-df8d-4fab-8df9-522f294c4e07	1205	515	191	66	Zarahenon
4bdc3fe3-3853-4c4e-9a1f-806fea0d9e85	1205	515	191	66	,
aa19c95e-0fdc-4458-8a8a-ee8826aee98d	779	549	101	26	ducts
489317c8-1f8b-47e4-a588-50ff72b822f5	883	549	88	26	sons
5570ffb1-c07e-403c-8785-c66b8fe687b9	974	549	39	26	of
d0fdb661-39f1-4ec9-9dc3-074606bdcef4	1009	544	146	35	Mosiah
a657c464-6205-402d-8ce3-6e6e76664d00	782	580	117	27	265
10fcc7d6-a37f-44ac-b069-87afc4fdb19d	782	580	117	27	-
d151d335-3326-4321-9d9f-7bdc606efda6	782	580	117	27	20
1a208e53-0453-4769-8995-69737c9aa976	782	580	117	27	;
2eb0135a-4472-4958-99ab-79e451c477d4	902	579	120	27	relates
cd21b16c-f4a0-49fc-8d7e-b0a1cf4cad98	1026	578	62	26	his
abc1133c-8635-4dee-9c6e-d01ecf3c3e0d	1091	577	182	27	conversion
ff58613c-fa3c-400a-81ee-08fa9d395318	1276	577	46	26	to
a4b3c3ca-2f15-4d9e-ad56-70092a8760e8	1325	576	66	27	peo
7b4fce78-3331-408b-b1e9-532758f30297	1325	576	66	26	-
4c6d6e81-f06d-46c5-b1b1-6576351ddb5a	782	606	50	29	ple
a74e99a4-abb4-408b-8d59-52febe052e0d	836	606	40	29	of
1ec7feed-6145-4e55-9842-1f8dd5607186	880	606	138	29	Ammon
3cded3c3-4b81-4889-bc22-36307c3a1644	880	606	138	29	,
8b970c72-9a43-4273-85e7-1b8c90f83ff6	1021	606	123	29	265
98b55e89-da29-4840-abdb-c0d08980d907	1021	606	123	29	-
1ca5bfaa-53f5-42e1-81e1-ddcda6ccb1c7	1021	606	123	29	25
543ded41-fe1a-4c54-8932-5cadfa07d9d1	1021	606	123	29	;
dff158e5-37e0-47c2-9391-6bf9ea6a142d	1148	606	116	29	wishes
a1442615-74e1-49bd-b267-273cadec9729	1268	606	47	29	he
92e7bcff-51c1-4ef3-9b87-fc6094561ea9	1319	606	73	29	were
d71e01dc-6dd4-407a-a985-baa5ad6d449f	1290	659	104	35	268
bfe79e45-678a-48b7-9d34-7a64c5a5a106	1290	659	104	35	-
1d24828e-8c4f-4798-80a4-1e58abdcbfd8	1290	659	104	35	8
4d7bb300-5ed1-41d4-b062-5d0eb6517b24	1290	659	104	35	;
a6ece55d-bbf5-493d-815c-bd6374e4a658	776	663	79	63	tries
720cb247-58d4-4589-a367-6713f96675d2	863	663	142	63	Kortion
7b95cc54-d8c9-4233-a4aa-7bb26aec085a	863	663	142	63	,
92f5d839-41d4-4246-9c99-2d230930c885	1012	663	118	63	21
552954f4-d3be-42c7-b0b8-b9cf2eb9d1a9	1012	663	118	63	-
ac60a0a9-ad70-4b07-ac67-517541e36535	1012	663	118	63	30
cdacbdf1-474b-4f24-ba59-640953d66875	1012	663	118	63	,
98018aa4-4aa2-4d99-9405-3b7a7de8e9fc	1138	663	47	63	his
d563e1ed-e306-4c04-9457-53d2d99e1a28	1193	663	94	63	wark
7d25c854-2095-47cc-9d9d-41d075c72cf0	1296	663	31	63	in
5e3b2d51-a14a-4bc5-a81d-4c715dbe4b40	1335	663	59	63	the
533bdacc-d05e-4255-9c42-2461fa6b2392	776	713	140	38	ministry
0abfa103-9a47-4ae4-81d5-7042f4c9161c	920	715	68	37	was
d2eb87f3-39de-4f80-a625-da8fa77fb9f4	992	715	54	37	not
8211265d-a478-4e14-9e79-2883b5322ce8	1050	716	54	37	for
a7faad5f-99b9-4345-b3bc-edbc018654ef	1109	717	72	37	pay
67d7cf15-7f80-4565-b6b2-b6e739d36a24	1109	717	72	37	,
44a44450-fd9a-4a67-934f-8a4865327fb5	1185	718	117	37	271
5fde8233-5dd5-46ce-8e46-289af37259d2	1185	718	117	37	-
a2513d36-2be3-434d-b8d3-31c151db911f	1185	718	117	37	33
1ff3425b-0705-4beb-a30d-2e0ef3ed91a8	1185	718	117	37	;
d1bd7847-375b-42c6-8887-db59f808d481	1307	719	88	38	gives
f1419086-78fc-4695-8145-2163e285264d	779	748	147	25	Korihor
4f65e28a-63c7-4ab5-af3d-cb7fc086807e	929	748	24	25	a
2dd7e5bb-a257-4bdf-b801-87c9b94cd547	962	741	183	35	sign
6336e147-b165-4869-8b47-a75acdbc2641	962	741	183	35	-
4752ed8f-2a03-4e2b-a3de-f5b35c2f961e	962	741	183	35	that
51084ec5-b9a3-4f25-b8ca-506e3ecf2f21	1170	745	56	28	of
60ad5122-e2b7-4977-b990-53dc41363f6c	1229	745	168	28	dumbness
575d1720-6488-49f9-b2ea-e1ce7d90d624	1229	745	168	28	,
5b6d3401-aa5e-4180-a63a-3b27e90ffe48	1032	773	186	28	missionary
844ce69b-fe33-493a-b5db-86f1b24a0d3f	779	776	173	63	ZoramiteS
8efacf00-2194-430f-975f-0054f32c8869	779	776	173	63	,
bf3f833e-5a2f-4bf1-8582-4ef5829f5141	960	777	110	63	274
c08b1913-ba01-4ab4-990c-f6a43cb52f62	960	777	110	63	-
bc958265-0e51-49ae-9c5e-318cd1d050c9	960	777	110	63	5
0a8633a4-3250-4764-b11d-1036b4a16104	960	777	110	63	,
5fece82c-c9ac-4bb4-a604-76e411aa2b6b	1078	777	165	63	astonished
c60a972d-65e4-4675-8792-b608faf7be4b	1251	777	39	63	at
3ab607ad-1fd5-4c20-b7a5-f5a61b5621fe	1299	776	92	63	Zora
97146612-54c2-46eb-a7f0-797500073325	779	833	87	29	mite
28eda5b1-de7b-47b7-a47e-17de56e3da85	870	833	134	29	prayers
9bd63b98-ae01-449c-a759-0e9b0dfe2abc	870	833	134	29	,
b47da8ac-9ae4-4b73-a9be-188961ec1982	1015	826	129	36	275
869fb1f1-de85-4d90-9eb9-54d045abe784	1015	826	129	36	-
61793def-e4e9-40c4-8da7-bfc32a69d747	1015	826	129	36	19
eeb41739-6485-4502-9397-857351d1b4b8	1015	826	129	36	;
06d8b29a-f21f-424c-a51e-97c37aca01fb	1147	829	87	35	lays
e4d22de4-ffeb-4d39-b65d-fb1873586fd0	1238	831	108	36	hands
110462d5-2755-4528-bada-35db3f96bc98	1349	834	46	34	on
483424e3-3592-4fec-9342-5eda982f2189	779	858	194	32	companions
315f44ec-6092-4952-b5fd-d7e09e83b689	779	858	194	32	,
ab3c0048-faf3-40ec-a446-74b701a81a81	977	859	124	31	276
9dcf9a94-9ebc-488e-9b85-7fa06adecafc	977	859	124	31	-
aa71efb7-0656-475e-8e62-8c5ee81667df	977	859	124	31	36
33f74a23-85de-4ee4-b783-973379b21185	977	859	124	31	;
7919f00d-55c8-4233-80fa-81793f225347	1105	859	66	31	and
02bc2856-332f-4117-8bab-28bdc8e905d4	1174	859	147	31	brethren
26ab5c97-8a1e-464b-ab6c-e67823455b73	1325	858	69	32	sep
c4397f3e-ab71-44ee-9d8e-0ddcaebae003	1325	858	69	32	-
e17b171c-9557-4a5b-be0f-782726df495c	779	890	94	29	arate
2b58ae27-3c54-482f-a806-63408f290e03	779	890	94	29	,
842dc084-e0e5-4b20-8d3e-19e4a9c3d426	877	890	123	29	276
1b6d67b9-5d33-4297-a0c5-b65b14838354	877	890	123	29	-
6760c74a-b25f-4b8c-b79b-faae83867733	877	890	123	29	37
0c102721-883e-4146-8860-1c7d6356e007	877	890	123	29	;
87616c38-d413-466c-bb33-d957d5bb37f3	1004	890	149	29	preaches
bf0dbec7-cdd1-4e24-9658-685a6218eb79	1156	890	47	29	on
3f257360-657e-499d-ab60-365de3d99446	1207	890	62	29	hill
c5122b2d-e77f-4c95-8c34-35543dcaa27b	1272	890	122	29	Onidah
65160089-4dc9-4a45-af4f-6334e7cdecd2	1272	890	122	29	,
7ae14073-2ce9-4feb-bb41-a91e11fc7ee9	782	915	106	35	277
e0b7b5ed-9553-4262-a8e2-7f2398efcf3f	782	915	106	35	-
960d59e7-2483-453c-9180-94e1bf2405f6	782	915	106	35	4
30e60aee-621c-4d88-8663-685f94184ca0	782	915	106	35	;
3650826c-0122-4269-bd0b-95c5cc0ef666	893	916	149	34	preaches
316281e3-94e8-45dd-a1ba-7b01743ea93d	1046	916	51	34	to
c10adf94-fd2c-4c91-9b3a-14c51ffcfddc	1101	916	94	34	poor
0d32d901-0603-4620-aa89-151bee92789d	1101	916	94	34	,
25c2fa3f-d729-47a1-b19c-d26fcae90f15	1199	916	128	34	277
a7dfe36b-aad6-4c5d-bd88-84033112e25e	1199	916	128	34	-
81b7fbbe-50c3-4865-a556-653e6014be53	1199	916	128	34	12
446d40cd-5f4d-488b-b423-c4a4d2f1bfc4	1199	916	128	34	;
fc8fabc1-2d6c-4856-bf82-dd67572cc515	1330	915	64	35	and
094da07d-a421-4691-9f92-bc9b96d45b1e	918	947	69	29	go
65e2ab91-77f4-4d28-ba30-52d2437f3ac0	991	947	47	29	to
341f4eea-0c92-4be7-9384-73c4ef87286c	1041	947	139	29	Jershon
d9311146-6e8e-4397-a8e8-eaf0a338ea5b	1041	947	139	29	,
01fbcb25-4058-41b3-808c-20def7c84b7f	1179	943	124	32	284
7e1012e4-dc13-4052-b2de-ea2a8a52abeb	1179	943	124	32	-
4025c401-5ed8-4dfe-987a-d38024c332ff	1179	943	124	32	1
4f7da005-04c2-4e46-a90e-800204c0159b	1179	943	124	32	;
a2489e51-77ca-463b-9ba7-32383c5a3dfe	1306	946	88	31	gives
4bffdb54-8a97-43f9-b82b-8b603e66a999	779	964	245	39	commandments
d44321d6-c6b8-4c8e-aac2-c560c2035720	1028	968	44	36	to
ed378358-a93a-4dda-9602-42dc841efe79	1076	969	154	37	Helaman
6eb393cb-d8c1-496c-ae02-e236f293706f	1076	969	154	37	,
72d3cdc7-bd5c-4f19-9389-f8535fb48393	1234	971	105	37	286
7276b24d-e1e8-4be5-9bf5-d8591104c2bf	1234	971	105	37	-
047a4251-a91c-4791-a8c1-e519124911e0	1234	971	105	37	1
cc97bf20-7c17-4489-b3e8-b97520839eee	1234	971	105	37	;
c00451ce-7198-4e36-a3a9-2b6315018acd	1343	973	48	36	re
1c81693f-261b-487d-bad3-17ab58b60421	1343	973	48	36	-
f1c83a2b-5f2c-4214-b0fa-6f38fd4425d4	782	1003	120	32	counts
da224274-3973-4a53-ac9d-0838106e5be7	906	1004	198	31	conversion
9e8fea99-81ee-44a5-bbf7-a70563af8d97	906	1004	198	31	,
1780a7d0-99de-4c59-9101-73a30b2142b2	1107	1003	98	32	286
0f2de985-5d67-4b85-a2e1-b7af00ebb5fa	1108	1003	98	32	-
d1a30795-75ca-4b37-a8dc-d2ccff1f7ab9	1108	1003	98	32	6
28dca498-0594-4ef5-8ae7-ad7d9e7fc7a8	1108	1003	98	32	,
d88f16bc-4440-4a7b-be98-47127ae72429	1217	1003	117	33	292
268e822b-f410-4d89-b2d8-060a5c227849	1217	1003	117	33	-
022172a9-7a1e-44dc-86bf-7b37a68c7b86	1217	1003	117	33	7
0ba77bf7-6925-4f9f-a790-680ae04dbf40	1217	1003	117	33	;
4eb06f03-5c4f-4a90-b793-0319a019b449	1338	1002	57	32	de
e9c12302-adf7-4b4d-8997-0d0141af214a	1338	1002	57	32	-
6dc428b5-bead-4f46-8a33-2bf146802c61	776	1032	128	32	scribes
8b1bfa4d-9c46-47d8-9ec4-7c76254d090a	908	1032	57	32	his
faf5ec99-10e4-4f4a-9168-648d6264e2b2	1082	1029	101	29	state
f2a89a08-aa8e-4323-a355-a123d9dd1e50	1187	1029	98	29	prior
1577f46d-59d4-46b9-98c3-04686960dd96	1289	1029	36	29	to
2bb792e5-69f2-4005-a40c-e5ed9d15c573	779	1060	155	32	pentance
1cda4190-b243-4ac1-8fff-e07619c26a00	779	1060	155	32	,
36b63d8d-7185-4f52-8d35-8d6e87e7afee	938	1061	128	31	286
a51eea30-0535-4098-9605-1573267b667b	938	1061	128	31	-
751b9587-1ffb-4a6f-b030-5d82794feb52	938	1061	128	31	12
f3de6a22-8df8-433f-8a07-755f400f6040	938	1061	128	31	;
af979350-eb12-4bca-9cb0-ba6f5f51fcc1	1070	1061	70	31	had
abcd8692-f340-4cba-b5a7-3d7e878a1789	1143	1060	185	32	experienced
9116ed9e-ba30-4a65-8b82-0ad46d44f180	779	1086	114	35	quisite
65904c65-ed93-447d-960c-2d42a101567e	897	1086	79	35	pain
14bc9658-7402-406d-9aa4-0f89f3afb0d6	980	1086	66	35	and
fb7f623f-e29b-4372-a2be-abce0b73d6f9	1050	1086	70	35	joy
20e2fd6e-55a6-4b32-aa65-2d443e8e2667	1050	1086	70	35	,
7cb6c94c-157d-4bf2-9460-67fbdfabd2c8	1125	1086	123	35	287
d427bcab-7beb-4d3e-a8a5-d31e0cd504c0	1125	1086	123	35	-
f15b9068-225c-4be8-b45e-380f11498e9e	1125	1086	123	35	21
ca262f17-d49c-4d6a-9b8b-a14224842600	1125	1086	123	35	;
2b2fc060-e942-4c16-8a34-09d81d7adb47	1251	1086	140	35	recounts
47c7da29-4f75-4220-9b10-f15df137c270	779	1117	51	35	his
f62761e9-7f07-46ec-b910-eded5aa09184	834	1117	115	34	labors
d6beed13-9bd5-4c67-8447-e769a18d4335	834	1117	115	34	,
64136e2b-df68-4e0e-8672-cbfea59214ec	953	1117	123	34	287
cbbf5c95-b2f9-470c-b467-2a70fd1cc7bb	953	1117	123	34	-
aefcea63-9319-495f-a660-58d1a627ac8b	953	1117	123	34	24
748dc088-21b9-4130-9515-088759b50b7b	953	1117	123	34	;
25cfd5d8-8b80-403a-b6a2-8703bf64aa25	1081	1117	140	34	commits
bab5a320-5e3a-4ba0-97f9-cfb80b0aae6f	1225	1117	59	34	the
0b8bef7a-4b22-4729-b516-cb868335636b	1289	1117	102	35	sacred
da2875a9-a9cc-461c-8e85-fa5c33156b1d	779	1151	104	26	plates
f77c23af-36ff-48e1-9850-085c137f2f18	886	1151	35	26	to
e0ab6888-e428-426c-bd66-924f44b76544	1211	1148	100	25	gives
2b23543d-7679-4dc1-a1a7-10321d163042	1314	1148	77	25	com
facd392b-53ce-4319-9dfa-91938b933b23	1314	1148	77	25	-
254801a7-71f9-46c5-96fa-05188fc3f28d	772	1164	184	62	mandments
94e480eb-f144-41a5-a110-a028d6ebfc43	961	1162	36	55	to
54da6a12-f117-4f4e-9570-82a1057ea558	1001	1157	137	59	Shiblon
111e9f9e-97e9-469c-9891-c0dcfc1c4241	1001	1157	137	59	,
b98d5e65-4f33-4f3e-9af6-0a1c2d179226	1143	1153	103	58	293.1
d4bcdad2-215e-4717-a3cd-8f1060e26a31	1143	1153	103	58	;
c8c8895c-220f-4629-8354-7601a3feb3a8	1251	1147	138	60	counsels
50ed19b3-724b-40cd-8413-38b3ac10df48	779	1202	122	28	Shiblon
aea37234-0192-4add-a6de-d366e077e57e	905	1202	42	28	to
d75101ce-6bbc-472a-b8bc-0ac59ddbe2a1	950	1202	101	28	bridle
dcbcf6fb-b168-4233-8e5c-1a47b6e8bafa	1055	1202	150	28	passions
9cf58803-a769-4d31-970d-48764802d911	1055	1202	150	28	,
6abc4dce-1184-4e8b-9dca-7a188e9e2629	1209	1202	119	28	293
1e81ccf5-b706-4657-b063-3ed3d70d5482	1209	1202	119	28	-
a429bc95-e1e2-4bcb-b282-a53a9913c459	1209	1202	119	28	12
eefcc9ba-7383-4ebc-8301-9b169e4a0ff7	1209	1202	119	28	;
63004c2c-3a99-4310-a13a-dc465fa622ae	779	1234	91	43	vises
2b7b36cb-e9c0-4485-a7a0-d6d492d2758d	874	1230	146	44	humility
10ba570c-da0e-4ff6-a735-097b728615bc	1024	1228	71	42	and
18bf8bdc-3114-44a2-8351-53af3bf93763	1099	1223	171	45	penitence
24e5d704-49e0-476f-8088-77dac046f42e	1099	1223	171	45	,
1ef8482b-28f6-48f4-8b65-d80ef8a904e2	1273	1219	122	44	293
026dce7a-41a3-4031-b893-156dfdfd25f3	1273	1219	122	43	-
5a7356fb-7a4b-4d3d-9d84-559b8e4d6e5d	1273	1219	122	44	14
f4c3b68d-70c0-4256-aaf2-652736d31d7b	1273	1219	122	43	;
63a99abf-b929-4c99-856a-78c94d99352b	886	1259	249	28	commandments
bcd946a6-a7ed-4835-8aa3-2cd1a72ee20a	1230	1260	165	27	Corianton
63580231-7288-4fdb-92ce-7ed2a222127b	1230	1260	165	27	,
ab1ac2ba-ab22-46eb-9590-ae92729e10fb	776	1290	116	32	293
2e887ade-0e6c-4e03-ba41-ffb7eeb223ad	776	1290	116	32	-
2f7e52e2-eacc-4401-a223-767c9d696093	776	1290	116	32	1
70b41890-d3a5-4d56-9c55-fa4349c2aa56	776	1290	116	32	;
d2f36911-2776-4c7b-aaff-ace9c6e99e8c	896	1290	107	32	chides
bb20028f-a22a-461f-ae80-a133d6df056c	1006	1287	186	28	Corianton
65e17f6c-39fc-4bb1-80a3-d3a9f811012d	1006	1287	186	28	,
eb511d49-0ee4-48a5-9560-702088ae0e54	1215	1287	104	32	293
1321318f-2d05-4d6a-aff3-9f50820878cc	1215	1287	104	32	-
86a1c02d-5bda-467c-b209-e12cd9914949	1215	1287	104	32	2
5ca65545-2691-4520-ad92-f424775c893b	1215	1287	104	32	;
261afcdf-07fd-4f0d-8331-819555552d0b	779	1315	140	32	nounces
b2700a9d-d9ce-4273-ab69-3d3526bc443a	923	1315	192	32	unchastity
88874bea-5898-4911-937c-89f861d16818	923	1315	192	32	,
b795dd0c-f8d1-47c8-a82a-a79fb452d54d	1119	1315	120	32	293
04560647-5473-4e2e-8546-154ece2ae371	1119	1315	120	32	-
afeffe0d-804f-4928-8dfb-f22c1cb57c70	1119	1315	120	32	5
cafe0521-d0d8-4c13-a836-faa03ba00dd5	1119	1315	120	32	;
fd548505-c85d-4b43-a16a-fc0661ae2fd4	1243	1315	148	32	expounds
11542fb5-ce95-4918-8abb-7696c117e853	779	1344	54	32	the
0e41e6bc-0469-448a-8fce-44a65cad31c2	837	1344	213	31	resurrection
07670bbd-b279-4205-b14c-fe0aa21babb2	837	1344	213	31	,
559e75ba-440e-42c9-adf4-0ab468b498cc	1054	1344	109	31	294
74163b50-c530-454e-a0fd-517bbf48e576	1054	1344	109	31	-
bc3edad4-1d8c-4641-a60c-59688459d712	1054	1344	109	31	1
2c4fe1ed-c778-4df2-abc9-0553e8bf867c	1054	1344	109	31	;
2e3041ed-f9a7-48e3-a073-588eb34863fe	1167	1344	139	31	explains
a954e05b-b5ad-429f-8e80-8dd2e287752e	1310	1344	81	32	state
1106422d-b8e1-4f0a-ae89-91e231fd91ff	776	1375	143	26	between
b90bf77b-35dc-42bd-81a4-825bf8bdd496	922	1375	104	26	death
74815e33-c135-433b-8028-153e30152407	1029	1375	62	26	and
0d7c259b-896c-4830-841e-b9c9d548e019	1088	1372	232	29	resurrection
be46d2f9-51b3-4682-a5b9-cacaa4293683	1088	1372	232	29	,
9562bc73-398d-4647-a8c7-cb68b789487d	1324	1372	68	29	295
f102f78e-6f2c-49b2-b688-876086bc32eb	1324	1372	68	29	-
1766a146-8793-4c14-90bf-cb847cd025ed	842	1401	151	32	explains
aa182179-3fa5-4fa5-9df5-4993ec08a7be	997	1401	151	31	doctrine
15dc0ee9-4893-4598-a53f-50390ffbd356	1152	1401	47	31	of
1c6c2765-d798-4ba1-ba9b-907140d905e8	1202	1401	192	32	restoration
09320db8-be1f-4e0f-8b02-3f9be1de1cc1	1202	1401	192	32	,
05825ef2-a413-4aff-bbc4-a5fa0d449412	776	1432	112	32	296
cf7ab822-2271-42f3-a0e1-04d581b64ced	776	1432	112	32	-
c8001640-91e4-41cc-ba29-2116b2524a46	776	1432	112	32	22
53e3f02a-f0b9-47bb-b133-b16f1bfc5faf	776	1432	112	32	,
e574d99f-bb7a-4f8b-9346-6fed3d686b7a	892	1432	108	32	297
a5dd2517-2b9d-4857-85e3-ef26d8c1df0b	892	1432	108	32	-
fe644c12-bf9d-4538-a061-739cdcc06e03	892	1432	108	32	1
fb5110c5-957c-4fdc-9ff4-d9d01bc923d8	892	1432	108	32	;
19c34568-bbb2-469d-8c2f-f70e7247641a	1004	1432	104	32	shows
c7f525cb-1a39-47aa-ac67-f3edcc24120d	1112	1432	160	32	necessity
081e55c1-8c17-4331-a920-99831db99944	1276	1432	36	32	of
ee9190fa-3f0c-4df1-8ef4-28a0a48c8663	1316	1432	75	32	pun
ec6cb306-7d35-4968-b544-3138344ba08f	1316	1432	75	32	-
42e85ac4-5675-45e7-b601-94676f04edcf	773	1455	153	37	ishment
b08a9b94-63fe-4368-8eea-c1912ed5a8c2	773	1455	153	37	,
e76ecd8c-81a6-4fab-b160-bb0c08acc7fa	930	1454	113	36	298
db9f207a-59d6-419e-b332-477023785fa4	930	1454	113	36	-
8f185e47-5581-46af-ad7c-888e543066fd	930	1454	113	36	1
8ece4ada-d7aa-4966-8894-ba74503df3ad	930	1454	113	36	;
004565e1-7ffb-4128-a9f7-bd0fd23e1e26	1047	1454	139	37	explains
ecaddef6-394a-4f56-9710-9e850a952911	1189	1458	91	28	the
ba31f72b-1381-4e25-9ef7-9ba9c90eda75	1283	1458	63	28	fall
b38e5def-b88e-4f57-87b0-a8e881ce4575	1350	1458	38	28	of
4ba707cc-cb65-4c9f-8af5-261bc036aff8	782	1491	101	28	Adam
c12b46d3-8f53-4cbc-9937-5435e3b2c0a5	782	1491	101	28	,
6b798bbb-d932-4dcf-8ab3-9188dbc69bee	886	1489	108	28	298
9a217026-526b-4d20-819d-14b0fcca7cba	886	1489	108	28	-
19116a4b-a8f5-42d2-8369-5ea4c98b3bd9	886	1489	108	28	3
ca84e292-ea36-40e4-bf4a-6be7718ce17e	886	1489	108	28	;
eb1b28b5-840a-4759-a7c8-3e097050e6f5	997	1487	173	29	discourses
fa3a6edc-e654-4163-be0a-e5353b03ef0a	1172	1486	49	27	on
d2c31f9f-4f1d-40e7-83a2-fafc81758784	1224	1485	59	27	the
28f8d740-ed5f-47b5-a6a9-1fcb0e05a519	1286	1484	103	28	atone
3647d724-1611-49b0-8652-7d0bf8f6fbfd	1286	1484	103	28	-
4ebeafde-2354-4c88-8225-b11e2dfd8f1d	779	1519	95	31	ment
ede829c9-a334-4a2a-84d1-a4c848c5c182	779	1519	95	31	,
7fbc5b45-8447-4bdd-872c-eca3378b54df	877	1517	124	31	299
4c14d26b-103b-4f21-9a16-78b6a941be70	877	1517	124	31	-
bd0a0613-23e6-4881-8516-b4b6aa246865	877	1517	124	31	15
bce082b0-b145-4194-8f88-da8b99f27ce4	877	1517	124	31	;
50b18939-846f-4cfc-a7ec-4e25f1743ae0	1004	1516	138	31	explains
5bf0b6de-aa1d-4cf1-b58a-f8670914c177	1145	1514	134	31	relation
9bd38f79-54ec-4333-bc95-5b8c62b349b4	1283	1513	40	29	of
dd349a48-ae0e-48d0-9892-4233e3412e16	1326	1513	62	31	jus
a0425171-2d11-46a4-adae-aea41ccdb3bb	1326	1513	62	30	-
65c7ab66-f72f-4d17-958f-981ade9d0fc1	779	1546	65	25	tice
8451435d-1673-427d-bb7a-d052f5b11a21	848	1546	69	25	and
7a2a7dd6-9034-4815-84d8-e302ade615b5	920	1546	119	25	mercy
f2156d6d-8fcb-4a74-b158-b2578fe3ea66	920	1546	119	25	,
f9b3f789-4998-4727-8b82-aee3aa998d8f	1042	1546	125	25	300
3a72cd1f-2fd7-45ba-9a5e-e0a160539266	1042	1546	125	25	-
4a4d5fea-0b33-490e-ab72-9c36ca6936fa	1042	1546	125	25	24
3faefcd2-84ba-474f-b301-318028ea2d93	1042	1546	125	25	;
a6d90b02-ba7f-4bd6-a769-f849b02c4cb9	1170	1546	100	25	sends
a58a540c-3c4b-442a-a72b-9ede121896bf	1273	1546	115	25	Corian
276efe90-4ff8-4bed-98e2-94942ba475a4	1273	1546	115	25	
fd6d9781-a54a-490f-aef2-1a6bf539d566	776	1568	82	66	word
19e01129-ceb6-4872-8ea3-b950478d7975	867	1568	33	66	of
ec5b01dc-fe86-45d1-b626-5b20f0f0c1f8	908	1568	74	66	Lord
94e35918-7262-4e68-a275-8490565c2ab7	991	1568	132	66	dreach
d76e999f-6cab-4db7-9983-5327bd475776	1131	1568	140	66	Moron
899136ea-1041-4e8a-8279-83b5e3570148	1131	1568	140	66	,
5545fa2f-cbb7-4baf-92e1-e7f922d1d150	1279	1568	115	66	scie
7bc8fbb4-54c5-4a6f-b395-7c7e4d292ed7	776	1631	159	29	instructs
fa0b6123-41f1-45f7-ae00-29eb91cf83df	939	1631	163	29	Helaman
9432f6ed-e3a5-430a-9fa7-fe15ecbf5b1f	939	1631	163	29	,
39c05d34-74d8-47a9-a725-0765f8fc8401	1106	1631	112	29	307
95d47265-c7b9-40d6-a1b7-3c80f8c7b759	1106	1631	112	29	-
d07467a6-a35f-4477-93e5-fbff1865f500	1106	1631	112	29	2
9f7645f0-030c-45b3-897b-c1fd67b4847a	1106	1631	112	29	;
5230f5f4-84a3-48c7-abf3-1080639e64f6	1222	1631	166	29	prophesies
fb1c1b6a-7c71-418e-9933-a000e6291195	776	1659	178	32	concerning
d05a3f29-1143-4a5d-9796-f0322fa5f0e8	957	1656	185	32	wickedness
5b88d917-450a-48d6-a027-7daf8d553d73	1145	1655	66	30	and
477fc606-7d35-4bca-9722-8d8f5f56bd7e	1214	1652	174	32	consequent
4279251b-ac93-48b8-a618-5ee1755c6d01	776	1685	166	35	extinction
59938615-edd9-4606-89a6-3d51c99db6d2	947	1685	44	35	of
0f351a3f-172b-4751-937c-c277982047ea	995	1685	109	35	people
0aee835a-8cc1-4673-b5ec-d180bca2bbf0	1109	1685	44	35	of
4ecbbe65-9e31-450f-b620-2e96bfdddc32	1157	1685	114	35	Nephi
c0596e0c-9730-4d6b-8183-ed5a26d5e0b4	1157	1685	114	35	,
85d6b53f-a07c-47a7-852b-e0b2186eddf0	1275	1685	116	35	308
aec29f94-12f2-418a-ae1e-a3d5104ef9cc	1275	1685	116	35	-
e103760d-0097-451f-9f74-338c6b4126c1	1275	1685	116	35	10
69ef5477-cf40-4a3b-9c3c-1821bc99ab99	1275	1685	116	35	;
6dfc547f-9d53-4929-918c-1d23acddd6b9	1000	1716	88	26	and
60547f41-2d43-49ed-abae-8ce9f282925c	1091	1716	68	26	the
54d9244b-04fa-4b46-b29e-18bf4202bf81	1162	1716	87	26	earth
db5081e7-8c51-4031-b9d3-f1dbecde23aa	773	1720	75	60	sake
723e0ff3-2a2c-4544-a7f6-ab19ef666ff7	855	1720	37	60	of
3088087f-1923-42fc-bd2c-23be48cad64b	900	1720	60	60	the
1b62bf4f-97b3-4b8b-b4f2-457c5c529f70	968	1720	172	60	righteous
29f6fb63-1273-499c-86e6-6517be0df76a	968	1720	172	60	,
21252870-c4d3-4c7c-8754-dfc8f99e6330	1148	1720	112	60	309
7fae1181-fc24-43de-b715-140b4b7dacfe	1148	1720	112	60	-
f6d0405a-4d07-4c26-a549-fb317c62a9b9	1148	1720	112	60	16
b882c77a-268b-4b07-89d6-fba12969a390	1148	1720	112	60	;
603cde0e-b185-4f0b-bebc-92cb255d22be	1268	1720	123	60	blesses
a0aa64e1-a40a-408a-b7dd-7710af7af7c5	1117	1773	142	29	departs
14350ddf-2ba5-4b3e-a7ee-4c25132cf622	769	1776	111	65	Melek
a59bb7fa-b291-4991-b87e-125b3cf97755	769	1776	111	65	,
cfeb7fab-b7f8-46ef-b23e-a3d771e3f837	887	1775	64	64	not
27ecf461-d5ea-4d28-8f41-dc3c4789051a	958	1773	119	65	known
0fd660bf-dc1a-4c16-b6c3-165cb81026d7	1084	1773	40	64	of
08ae5aaa-3819-4c14-acc7-abba738afc69	1131	1770	174	66	deparward
8250fb69-e77a-4f31-b994-e4a342f833d0	1131	1770	174	66	.
8b63b126-c26d-456d-833c-a798958d6d42	1312	1769	73	64	was
04b799fc-34ef-4647-ab9f-2adf8f6e8748	1312	1769	73	64	.
808fdba5-68d0-497a-b7dc-1eff08f3eafa	1271	1772	120	28	toward
a9d3d75c-b048-425d-a47a-ea688b59e69d	779	1833	55	32	18
f25270bb-e7d7-47b3-baed-d8da30ca6f2a	779	1833	55	32	;
b42ad31a-583e-475f-b0e2-473c7a17e238	837	1832	132	32	thought
96934bb5-b967-4993-b81a-f5fbdb2a24e4	973	1831	43	31	to
6889c5eb-db8f-4c31-9d15-fc494a514368	1019	1830	86	32	have
f10f6f04-5631-452a-bfc6-1f497aa28c80	1108	1829	82	32	been
49d2cf2e-8407-4ad8-8d14-77321ebcb642	1194	1828	97	32	taken
c3d3550a-d0e0-4313-adea-7778f2c53be2	1294	1828	51	32	up
06685b6a-37e1-444b-b305-575951bbb271	1349	1827	43	32	by
479fc73d-0630-40d6-b90b-9d8f85ebb3b3	772	1864	62	38	the
55ec8099-0cf1-4561-a9ef-4b7c8e6c87bd	838	1861	110	38	Spirit
c02df2f0-1433-47d9-89cf-bdfd94202b73	838	1861	110	38	,
3bb25bd8-9752-4f59-b961-dd5bac6be942	952	1857	128	39	309
488dded7-89e6-482b-83ff-d249eb11d709	952	1857	128	39	-
6e9bd768-9d01-4952-8917-fcde8da3c8ec	952	1857	128	39	12
cb91afef-a46b-4965-8c0d-1e4718fe0c2c	952	1857	128	39	;
047c08ec-3583-4ca6-9695-b438e95c5fdc	1083	1855	58	37	his
bc344ef3-a0b4-4635-9c04-215514e08753	1144	1850	163	40	teachings
5e328b58-40f9-4921-85e0-8ba2a7d0d3e0	1310	1848	78	38	cited
1ab8dabb-9746-488d-b779-a3d752d08079	776	1886	51	35	by
98cf15cc-ea28-495b-9911-72e1161cbeb7	831	1887	179	35	Aminadab
42ff1a31-164e-4938-878e-fdddb89b63c5	831	1887	179	35	,
44431fc9-7394-4dce-9cba-686cdaeaeb99	1014	1887	115	35	371
82d65c72-321c-4dbe-a5dc-f1ae0d2acf14	1014	1887	115	35	-
12c4cde0-2f15-41ae-bd01-847ec740f422	1014	1887	115	35	41
7f964796-e906-495b-80d2-e761b5aebdfb	1014	1887	115	35	.
ccf72d12-d3e0-465c-83cd-11b582070c40	748	1922	119	35	Alma
e4024388-3ff9-4335-a36c-35e52cc8829c	748	1922	119	35	,
fecd4031-1e97-4e06-b539-89fdd66c4403	871	1922	167	35	teachings
b658cb8a-5c19-42d1-a9bd-1c246433d709	1189	1925	123	28	prayer
42637932-4811-4674-868b-4789772ad9be	1189	1925	123	28	,
f00fa2c7-bdb1-4e43-adc5-3ad3348d6d58	773	1947	133	38	prophet
cf0b78cd-0d39-4a72-b776-583cc2382ebf	911	1947	105	38	Zenos
8b71aaf4-a48c-4f8d-80e2-a4aba2f7c631	1020	1947	95	38	cited
e7fb8795-1000-4653-ab82-14f89305e096	1020	1947	95	38	,
be6ec8b3-eaae-4c01-b81d-6f55e0ef8731	1120	1947	109	38	280
a415fdc9-2534-4f3c-b33d-8a6abc1892f9	1120	1947	109	38	-
a488e179-500b-4896-a28d-247ee05838aa	1120	1947	109	38	3
4abb2e02-3f3e-4e3b-8751-4c981fac6ee7	1120	1947	109	38	;
b94e2dfb-e509-419a-916a-07580f9efaf0	1234	1947	52	38	on
057c42d2-4aa7-45e2-a760-901a7287b34f	1291	1947	100	38	resur
ae4097c1-f3e7-48ac-93d6-4d09958a82b9	1291	1947	100	38	-
1862f320-44fa-4131-9349-794bf7e53b8c	772	1982	124	37	rection
9944ed5d-2462-4754-bc20-f791719404b3	772	1982	124	37	,
c190036b-cce7-4d9f-b0fb-698dde12d574	900	1980	103	36	294
6c984ec3-5a14-4a4d-ada7-a48dde267852	900	1980	103	36	-
6c120b1c-a1c0-43c8-b8af-b4ca1fd10320	900	1980	103	36	1
622924b1-9ba4-45a9-bae0-579d468ded78	900	1980	103	36	;
740391ca-0851-4408-a3c5-e1a1b0830cc2	1006	1979	47	35	on
f595134d-51cc-4c33-9d05-f888c4d33649	1057	1977	86	36	state
6a94ef62-a72b-4406-a60c-3850dafb4c28	1146	1976	35	35	of
d06c463b-ea23-4a1c-b9f4-fd24022231cd	1185	1974	73	36	man
6dba4768-f167-49d8-bacc-b9031b1d758f	1261	1971	131	37	between
d6315c83-d607-44f4-8083-e6cd641710c2	981	2007	206	33	resurrection
4780a218-403a-4643-9e72-71699e65d249	981	2007	206	33	,
7b4ef386-04db-4ea3-88c1-e8116a2a4659	1205	2007	120	32	295
79d7abf8-16b7-4aab-9d0c-38bc8e378201	1205	2007	120	32	-
cb7c5aaa-7a08-4b46-af2c-294647669e2a	1205	2007	120	32	11
95a38acc-85f8-4cd3-ba43-e00b96bef9a3	1205	2007	120	32	;
0491d48f-b656-4018-bbd8-7bb40e39ef81	773	2035	152	39	paradise
92ae983e-d424-4e73-bce5-d6921d79cfb7	773	2035	152	39	,
be2875a4-ebcf-41aa-8079-a936450f6821	929	2034	128	39	295
f653c936-d925-4b05-9be1-058e3191b8cd	929	2034	128	39	-
acb16368-1348-4802-abf2-9e443a7d2cfe	929	2034	128	39	12
07a67151-4c0f-413d-890a-00e51b01d356	929	2034	128	39	;
d4256143-07af-4468-8d9e-4c70a0b3102e	1062	2034	52	38	on
4b5a895e-d45f-4c19-9b68-8084deaae3a4	1119	2033	95	39	state
0e3c1476-3807-411f-9f11-9316b115afe2	1219	2033	43	38	of
3a928b62-cdbd-4a91-a1ac-b589d506736a	1267	2032	128	39	wicked
db2f55a0-44f2-4c05-86c7-7fb25db5e201	1267	2032	128	39	,
