ID	X	Y	Width	Height	Text
7e11ed38-f807-447e-84c7-7058bbdbb7f7	628	69	148	35	INDEX
4446e244-0500-451b-9738-e0bccf31a6a1	85	196	62	25	14
c091cb2b-f9b4-4fcd-ab34-11f2474eda15	85	196	62	25	;
cef7fcdc-6ab6-4d4c-a1e9-ca2b57bf5264	151	196	72	25	the
e3090cef-b571-41e3-b3dc-22a7e6ce1fd7	226	196	90	25	three
a979bae7-40e6-499f-abde-0bdc85bdaefb	57	218	107	66	Angere
ef4a07f2-75b8-4b81-b2bb-048be1f36aec	173	218	50	66	di
1184536a-ef85-48b8-9bb8-21a4cb01831e	230	218	123	66	Laman
7db25fa5-ea77-4db4-adec-80b6b04a7777	432	309	124	32	armies
e1e46af1-2798-494f-b5e5-41c79f3a40e4	560	309	134	32	drunken
d795790d-f5f5-45db-aeca-ef0efa93c464	47	331	123	76	Angoh
80ed0de1-3627-4b14-95cb-123183f29779	47	331	123	76	,
446e90f8-780a-4d64-a8d7-854f62dda716	180	331	67	76	coy
2acc0be5-2429-45c9-8e87-ff1c8a58feff	256	331	38	76	of
421a4ad7-abd5-4988-a71c-21bf3fa0ebe1	256	331	38	76	,
265e02ef-8620-4165-8d22-48bba700ffc6	304	331	38	76	to
4565283d-2261-4060-964c-dc09dbeb5e98	351	331	85	76	ced
f8ff3bee-4b4c-4a62-94c8-85936af3e10a	351	331	85	76	,
a1dc37ca-4151-4ce6-aa84-4dd939dac9e6	446	331	57	76	461
661f9cd4-4db0-41c6-adf7-f80d0d73e164	446	331	57	76	.
f738a754-9e21-4c0d-b140-0d7289c8b8a4	513	331	28	76	4
e7d33451-c428-4114-a8b1-ac064f827f7c	513	331	28	76	,
49fb55ba-df5b-4f74-856a-9da1fcb18101	551	331	147	76	Nephites
ca81d14d-3998-499a-86ee-9d1133e1a7a1	76	398	105	38	driven
016d17ce-4736-47d5-98b8-7cfe6ce92a63	185	398	90	38	from
8af0e870-ab90-43ee-aca1-a5d8d5ec477a	185	398	90	38	,
7e35de07-41d7-4cc3-9f03-970000a8eba1	280	398	101	38	461
623e2615-7213-4eec-b0f5-7f0f63f453d6	280	398	101	38	-
88b3c52e-c7f7-4bb0-b1cb-f5098c04474d	280	398	101	38	4
583a87c9-9136-4f66-8596-9d711a9ca1b8	280	398	101	38	.
7be4e9eb-728b-4b86-8e3a-6fba330ccf9e	50	426	148	41	Anguish
8f6e673f-0eed-4e61-a419-8a8b18a0d969	50	426	148	41	,
d498d79a-486e-436a-95e4-a904a61be9ec	204	426	36	41	of
1e9e2b85-02ba-4d77-8fa2-a73ad776d93d	245	426	82	41	soul
a888e6dc-d494-44e0-b2f9-09cf49efaf3c	245	426	82	41	,
0c7c0aff-d365-446c-9e05-6d41329dea8e	332	426	97	41	37
7a12132e-2655-4a0b-a8a4-8d9689967a1b	332	426	97	41	-
0c00a160-2b8d-4039-8b8d-7ba36043ccf6	332	426	97	41	47
9bb2b190-047f-4aba-ad90-fb98b82a36b8	332	426	97	41	,
10021785-b30e-45c4-8c19-e68e5c511cae	434	426	82	41	93
04a937a2-1607-40e9-9f2a-b65eb000fcae	434	426	82	41	-
6a06639c-df9e-4d7c-9288-fa2421552677	434	426	82	41	7
718d0c33-f651-4bc0-b31b-5f9f08d722e5	434	426	82	41	,
064ae95f-933a-4019-a3f9-6707f887f49a	522	426	97	41	190
9221e36a-1a47-48c9-a2f5-23535d11eb14	522	426	97	41	-
4a2a4f96-8c06-40cf-ae75-f8ae5e3f813b	522	426	97	41	4
ac14ba80-0f64-43dd-8343-e845c15d5ef5	522	426	97	41	,
63ca2d6b-e679-4271-abdb-c4fda9c767ab	624	426	70	41	214
f60fd850-1868-4061-a8d3-d57e8f0ba486	624	426	70	41	-
55fb4e96-5a51-41eb-a28e-2118974b4704	76	458	51	35	14
c76300c9-4946-45a8-b79d-2eac6df7e75d	76	458	51	35	,
436dc00a-64d7-4570-8531-7badcf14e5a2	131	458	106	34	292
6a703acf-6810-420f-acdc-3323a6c2936e	131	458	106	34	-
c997a432-26a8-40b8-8d04-68a96aa4147b	131	458	106	34	8
0c934eba-fac3-4ac7-ab94-862633fedeb8	131	458	106	34	,
e7ce9fdc-0e67-424f-809d-4e5c8a471ea6	242	458	118	35	470
f23f2e3d-bf98-4ffc-8338-1872c9076840	242	458	118	35	-
cfcc99c6-dbce-4bc2-8f28-1ef45b33531a	242	458	118	35	16
05fb4e53-7bf3-4db9-a2f8-da3410dddf7f	242	458	118	35	.
7f84da9c-e65e-4f76-a3f8-87d48057af1a	76	571	104	36	raised
ea050497-716d-4438-bbed-3000e4382ee8	73	660	162	35	Jaredites
81ffb9d9-a6c8-408a-8d61-0e224ba00216	73	660	162	35	,
cdb9e94a-316f-408e-a1c8-ba1538b68122	239	660	124	35	494
0632aa15-b4df-4537-86e6-252a26293d1b	239	660	124	35	-
8ad8b5e4-3e4a-4032-9a58-0244b17900e0	239	660	124	35	18
5c8fc912-8ae5-42a0-8395-3ed346d9250d	239	660	124	35	.
007b1a6a-7068-44c4-b69e-a193c50b6b2f	50	691	196	35	Anti
5fe016e6-ea81-48bc-9519-6ab937816d98	50	691	196	35	-
48e5e510-6c31-4653-b6a0-f33e8e942125	50	691	196	35	Christ
307b6395-3b37-40d6-853f-cea676403474	50	691	196	35	,
7d582c93-b40e-4301-80c7-bbde123677e9	251	691	136	35	Sherem
34d127be-3c5b-475a-895f-850ec9a5972a	251	691	136	35	,
299d6aac-7f13-41a2-b80b-c3162a67d25f	391	691	105	35	123
404393b6-270d-4686-9b8b-4549b23c59c2	391	691	105	35	-
0b74f585-5756-4330-bc9a-43ded222cf43	391	691	105	35	1
004deffa-b7d0-49e5-91b6-ce3ab738e920	391	691	105	35	;
a4c5c514-ddbf-4cf1-8fef-c6478ade5548	501	691	118	35	Nehor
75a6dd2c-e795-4e72-a385-745596136bc6	501	691	118	35	,
d9196089-f60a-4ff5-ae68-e9b6cd0225fe	623	691	68	35	195
71119815-a74a-41fc-8f3c-bc452cd86d50	623	691	68	35	-
27be3267-7ca2-4466-a084-a5d405eaa42c	76	714	51	38	2
a9f0a623-fbaa-41f2-b315-4ea3e6811ec1	76	714	51	38	;
7d20df8e-0f5d-4a4f-a589-b3bc693d7810	131	715	139	38	Korihor
d19abbd2-4ece-4fce-8b02-48d7e3e18ab9	274	716	56	37	in
7ceee533-72c6-4647-8952-1c186d733105	335	716	190	38	Zarahemla
bd59ace0-b1f2-4ee5-86cb-629cfe645ae6	335	716	190	38	,
1497ceaf-0c43-49ec-ae26-730158141554	529	717	120	38	269
6c6c1ef6-dc64-420f-ab21-fed15b59b8f1	529	717	120	38	-
9e537136-13ba-4188-b69b-4e59ab35ef8c	529	717	120	38	6
e61fb459-8b22-4ec4-b97c-687b13724033	529	717	120	38	;
fca3187d-b613-4011-af1b-cd5769af30cc	654	718	37	38	in
9aeb41e0-d043-4f96-a12e-9f1cc0ca6ee6	76	802	114	38	council
6fc52376-6f03-43e4-a0d5-7eb3080dd285	195	802	81	38	with
ea71fe29-ce23-4014-a47c-3face1aaaa8d	280	802	128	38	Ammon
b28b08ea-d4ad-4dca-a832-f07dfb3379af	413	802	66	38	and
e532f410-e35c-4033-852d-c1a956876cb6	485	802	133	38	Lamoni
83f4dc79-64b3-4486-9de0-f79480cb98e2	485	802	133	38	,
e4c39af9-6dd3-49a8-a2f0-f512878b7b00	622	802	69	38	256
444753eb-0d87-494b-9f15-de3cacb7cc2b	622	802	69	38	-
9c2b89aa-7ae5-4275-82a3-29dd2cbebd6a	43	818	198	75	Anti
970d8a8e-5da2-45b4-82de-0a8bf75d4ff8	43	818	198	74	-
0c1a45c9-5424-4f9d-9aba-e4632b1300b4	43	818	198	75	Nephi
5226f6dc-a31b-4d11-918c-495592b6600e	43	818	198	74	-
7c234023-858e-425c-82cc-7117335a583a	247	824	79	70	Lette
b1194dee-381a-47f7-906f-5f1b0f91422a	332	827	28	69	3
a613a0a2-475f-4ed7-bf84-fe94732e2b5b	332	827	28	69	,
66f0375a-b218-43fa-9681-6411cb73bc5a	366	828	62	70	36c
bce76970-ca22-45ae-9763-edd7648771f5	434	831	147	73	Ammon
5a9a602e-9323-4cbf-977d-c1bc77c6e4fe	434	831	147	73	,
f86446ea-1f86-438b-83ca-678816f9a731	587	836	112	73	people
9ba777be-8491-4fc2-9a16-b8f5e333062c	44	944	129	35	Antion
88a64ea6-9654-407e-ad09-ffc6a6a827c6	44	944	129	35	,
323f16e7-17d3-490d-b2ff-24bee0512fe2	44	912	125	67	Antiom
15631fb2-64be-49eb-b915-611f0b16101a	44	912	125	67	,
745ac907-a55b-4582-838d-6c83d48b9535	178	912	25	67	a
b4898fa7-c2c5-4288-8d36-03e91f299086	212	912	75	67	gild
f09ff043-4e0d-4ecf-b57e-033f7082e35e	295	912	84	67	coin
8b094281-1399-4525-9cfa-33c97ab588b7	295	912	84	67	,
465ac776-c659-434d-a1ee-c31ca259b8f0	387	912	109	67	iddo
f12ef998-9b06-41ae-912a-f95cec29ec9c	387	912	109	67	,
df64071e-fce0-4ea8-93ea-94ac7d6eb8bb	505	912	95	67	247
7bfe9951-d67a-4500-9a01-2ceea84aafc2	505	912	95	67	-
a97bbd6a-0767-493d-bd5c-5bf1247e5029	505	912	95	67	4
0bc7e917-cb42-42c8-bebe-df35f8c45d6d	505	912	95	67	.
a81a2e62-0f05-4cf4-837a-fca6b2fc3aae	44	972	162	35	Antionah
b5d9852b-35a6-4ded-ba63-e082b4aa11b6	44	972	162	35	,
f13bd15c-2fd8-4480-9a40-15dedc1b0307	210	972	26	35	a
1f7b19b7-30ea-4f78-9bc1-74a73c1f245c	241	972	83	35	ruler
39240aa0-d3b4-4210-8d70-24125eb11bd9	328	972	39	35	in
5b88515b-74d9-45d7-afba-c648ff63a441	372	972	201	35	Ammonihah
f3b12d05-037b-434d-8e50-713370c7aba3	372	972	201	35	,
5671fca1-06cb-4ab8-b9a1-1c130add7f5e	578	972	116	35	226
f2011df3-3816-463c-a758-3c323704ae98	578	972	116	35	-
ddb82aac-9741-4cb5-bcf0-35ab19c79915	578	972	116	35	20
82003afb-3d80-4e49-b16f-2127250d2bd4	578	972	116	35	.
c77ccba4-4e04-4ed2-8791-0cadd199b44d	44	1000	171	38	Antionum
9658cbaf-c4d0-46ed-b0a2-e07cdd276a82	44	1000	171	38	,
e8af06e1-2265-416f-9265-02616c72af8a	220	1001	76	38	land
ce6f9285-05ca-41ab-bb90-46f82d743f61	301	1001	48	38	of
9d37d027-ac66-4eab-b5cb-477922e8e346	301	1001	48	38	,
b8fb2665-ec59-44c9-8ad1-d71f6378d366	353	1001	109	38	settled
e7765255-4ec3-4907-9ff4-c2d0ff563b6e	467	1001	48	38	by
62892a93-bd3d-4c39-a4d1-a3c7c47e0b99	519	1000	175	38	Zoramites
1c768f24-9d19-48e3-b94b-e4ef9e2e6f2a	519	1000	175	38	,
4840403b-4417-45d7-94d9-828c8eacd9f7	73	1029	100	38	274
d5e7b1ba-16fd-416a-a30a-4d117c0cff4c	73	1029	100	38	-
42e3cbd7-1214-4a0d-910e-ee73eb7abf44	73	1029	100	38	3
591522bc-99f1-4cb7-8079-08ec3604a54e	73	1029	100	38	;
2ca91f81-4881-48c6-8248-6fe29958702d	178	1029	176	38	Lamanites
139f0ed2-85ae-4044-a1be-93f198be66e8	358	1029	95	38	enter
468dfdf9-3bca-4fed-ace5-91e87143defb	358	1029	95	38	,
19e20c3c-4e82-474d-9844-5c799cd23daf	458	1029	105	38	301
4a35cc2c-a66f-43b3-bd6f-d8872556fe71	458	1029	105	38	-
b448b209-cc1f-4ad4-ba91-42dfea634aba	458	1029	105	38	5
703b9bf0-8109-4ac7-ae90-81ddb0a7f3b1	458	1029	105	38	;
5f585611-a3fb-464b-85d0-a615e84f6bec	567	1029	124	38	Laman
1500b096-8de1-492b-be9f-6196736e73e2	567	1029	124	38	-
07d04717-56bb-49d0-bc7f-ed76ab3acca9	69	1049	73	38	ites
23c41b6a-d2a5-4f43-905e-aff31c7a7d96	145	1051	104	39	retire
c3e00f75-427a-4baa-8f2d-e22d858a5a47	253	1053	95	38	from
eb4741a3-75b1-46f0-9ddd-10f16e23b59f	253	1053	95	38	,
2be8b610-93c3-462d-8cce-65b60ddfe15e	352	1056	115	39	302
6db02e97-899f-420b-97b7-7a2320586823	352	1056	115	39	-
d71f545a-239a-4f23-bf07-c24243a0bcaa	352	1056	115	39	22
9c3a0496-dd52-45d3-9cd9-ddef5ab3eda4	352	1056	115	39	.
f38119de-f70b-458c-b89e-d35fa22b0802	44	1082	184	41	Antionum
9301e7da-8aa3-4370-955d-87eabcc5a197	44	1082	184	41	,
e3c2ed44-965a-4417-8add-43add462cb43	234	1083	41	41	a
67b50bca-9c8b-402e-883a-a62a5aa82ecd	280	1083	144	41	Nephite
0a0e20ff-3124-44bc-a5f3-4fcb78fdcfe7	428	1083	164	41	chieftain
1211e07f-5265-4a8c-941e-d3d49965247f	428	1083	164	41	,
69c72c6d-86ff-4867-be90-d0a4e9598904	598	1082	97	41	slain
92b2e6bc-9c1f-41cd-9f8b-905b9d0bd0d4	598	1082	97	41	,
135a9485-5d37-4ef1-9443-d1641e67e179	69	1117	120	32	470
3f05a9a6-a793-4bd4-8615-8ce151977223	69	1117	120	32	-
a54f5e13-d30d-47fb-8cf3-51ffb907660e	69	1117	120	32	14
b1fc643d-122c-420d-9995-525310966dd8	69	1117	120	32	.
46f757e8-ec70-492f-bf06-110bae90e4c6	47	1142	171	38	Antiparah
70f9d247-a69f-4e2e-9963-46d50195e6d3	47	1142	171	38	,
529eab09-a60e-4861-8e11-1720501cf507	223	1142	76	38	city
8dc4dfb9-3010-49c0-a792-85dc21cacb57	304	1142	48	38	of
c5feaa18-cac2-4435-b7ac-7837375d0a4d	304	1142	48	38	,
c2308278-ee7c-4f6a-a256-57de1cb35101	356	1142	95	38	taken
1021779f-bb8e-4f2c-959e-aa04ead82d91	456	1142	52	38	by
879bb38e-935c-40ca-8062-5e262c87017e	512	1142	178	38	Lamanites
cd8358c8-af01-4824-b50a-47b22877b9c8	513	1142	178	38	,
5c67131a-5858-428e-a193-dd9a38799598	76	1170	114	35	338
8a570b55-676d-4487-978f-9768f59bde03	76	1170	114	35	-
7885b66b-6ac5-4b69-83a9-2510043458cb	76	1170	114	35	14
b0fe377e-b76f-4621-9664-f070f9a9cd58	76	1170	114	35	;
fd825f7e-ce53-40f4-b2ea-980db420236f	194	1170	96	35	army
121d5d4a-bcf1-4e98-9bc6-763fcbf357e6	295	1170	48	35	of
5c5b3a2e-e22d-4480-a258-ed1f1eb3c36c	295	1170	48	35	,
b2f9902f-7415-43da-a14e-500b47312ef9	347	1170	131	35	decoyed
9d46db01-68e2-4884-ab88-247d57631b33	483	1170	52	35	by
ec46737f-32c6-47fd-8410-d4056bbd443f	540	1170	151	35	Helaman
977cce84-897e-4c01-b319-68ffbe95c121	540	1170	151	35	,
6bceb8d9-f5ec-4c7f-a2a7-a05c40dad290	73	1199	119	38	339
516e1b8b-1555-40b0-93a7-7816d1e522b6	73	1199	119	38	-
bfc6631c-a41d-4b91-ae14-34284ce010fb	73	1199	119	38	31
cad287ba-93bd-4ceb-9888-bca4e87869ef	73	1199	119	38	;
8cc5541d-2fdd-4483-92cf-3fbe441c5710	197	1199	157	38	recovered
539737ea-55bb-4b2c-bbb7-782ab702ad68	358	1199	48	38	by
7d77aac9-ac8c-463a-ae7f-b6b9165f5ccb	410	1199	157	38	Nephites
517c6520-41e9-44b1-99b5-2ab5aa9ff608	410	1199	157	38	,
901ca71e-d895-4b09-88c0-f483e4afb5a1	572	1199	91	38	341
b5a4b113-feb8-4ed2-b6ef-1634c07bd8c0	572	1199	91	38	-
5604c147-e233-4aa2-a88d-d61c9868f50c	572	1199	91	38	4
8798a444-5071-4fcf-bf0a-c07e528b60d9	572	1199	91	38	.
35b6e6f8-cdda-41ca-bc76-bcd22b2123cc	44	1224	82	66	Anti
7d3de674-d09a-4e8a-8b46-8d7ee440ea54	135	1224	102	66	313.3
d3d48dda-2a73-43cb-aadd-9e37ddcc79ad	135	1224	102	66	.
52c16ee5-8d14-40f9-8c15-60ed997a6188	189	1227	38	38	a
10c08923-5240-4bd2-ad21-a13ecd6948c5	232	1227	124	38	mount
b3b4cb1b-76d1-484e-aa18-c0de986e8471	232	1227	124	38	,
9c757977-dc25-4023-a650-5d8547beb3fd	360	1227	181	38	Lamanites
5c1a154e-a0f6-4130-a9f7-2a231fcb0489	545	1227	146	38	assemble
e851ce5d-5342-4147-b5e7-9a925722ff5f	44	1284	142	38	Antipus
0c6e4718-6fbd-40f1-a002-7c47140b9f6a	44	1284	142	38	,
e4c942f2-652f-49bf-9f7e-67fea67357cd	191	1284	152	38	Helaman
632b70d0-b8bc-4719-b970-9a069146c198	348	1284	76	38	goes
b63d5b79-2612-4576-bf09-e964f09e4ec8	429	1284	43	38	to
03a15767-01e9-450b-8a97-a3d27c7577a9	476	1284	109	38	assist
a7e10272-ed07-422c-b6e4-cfb7252f57ce	476	1284	109	38	,
e4db6ea2-c96c-41c1-b796-91ea72ef0866	590	1284	101	38	338
89ee95ab-5deb-4707-adc4-a77cd00c5206	590	1284	101	38	-
7257e8f2-557a-4115-a22c-a8d332182790	590	1284	101	38	9
db529a68-47f9-4f6d-b562-e4e944230abe	590	1284	101	38	;
57224bfa-d7ce-4f99-b601-75b50d49b359	73	1309	175	70	Ramanites
90a062ce-93b7-4225-990d-ef8421e2d1fc	73	1309	175	70	,
af08bd6a-971b-4df1-9a87-7caafe135f40	257	1309	114	70	340
12290524-6453-4d6c-b160-09b0edcd7b02	257	1309	114	70	-
a4e4c0e2-8dcc-45f8-b510-d3d7d09716b9	257	1309	114	70	t
bbd16d1f-6159-44ec-84b4-7e5cf928152a	257	1309	114	70	;
572ab2b7-865c-471d-a356-18f1d3a8f222	379	1309	87	70	sain
2eca9121-727b-4da9-b3ae-df76acd7f698	379	1309	87	70	,
06127412-b84b-4ab4-ac51-84ea72b05117	475	1309	114	70	34031
458530e9-219e-4ff6-b992-c71c2789ba5a	475	1309	114	70	,
3eb12190-9c80-455e-ba65-aff50fbc6522	598	1309	96	70	takes
a43c95ba-50ec-46c4-a73b-d631ab373abf	72	1364	75	38	man
9d14f359-040e-40a0-b145-0b8014e1525c	151	1365	130	39	rescues
20034c1f-5c28-4fe9-abf5-3f2629d798bb	285	1368	93	39	army
08bcb800-c2e4-4abf-853d-121882f74131	382	1370	47	38	of
1b5538e3-0854-45df-86cd-a1a31c23e061	382	1370	47	38	,
5be3b177-d6d5-4afe-9784-44321fd0cdfb	433	1371	120	39	341
04c9cba8-14da-4573-8d03-eaa63fd5554d	433	1371	120	39	-
43205ef3-eab3-45bc-907f-94018d9a41b1	433	1371	120	39	52
39655143-04fb-4f76-ad41-42d7254245c1	433	1371	120	39	.
943e4271-53ba-4338-8e9f-03b0ae8e0146	44	1398	136	35	Antum
29822ff4-9c1e-4405-b9ca-e7ea53f320b5	44	1398	136	35	,
23653059-0aac-4f4c-8846-e7d57f6c0a07	184	1398	78	35	land
98a38c4a-931c-487c-9606-415b847a2318	44	1505	159	41	Apostles
c01f925d-d464-45f3-a326-505070a949a7	44	1505	159	41	,
44e54bb2-7001-4059-a33a-2fed5833379b	208	1505	82	41	seen
e15df572-9fa4-43a7-b704-cde5d3f80d6e	295	1505	46	41	in
77fe4dfd-5c7c-4979-ad3e-42742c7195ee	74	1521	67	68	seen
b3a6017c-50d5-4a04-9a46-f30c74c3ed4b	147	1519	43	66	in
c2679782-caec-4c57-bb45-5be9dff6df6b	196	1515	108	68	vision
832aba1f-d4cd-4f1a-a5f5-e4e8ae2bb0e1	310	1514	43	66	of
027f2a90-27ed-40c7-9c73-7f87c2480218	359	1510	116	69	Neoni
fe84efb7-918a-4a3d-b8a9-5a4025eb785c	359	1510	116	69	,
d063ab74-2d26-4a91-a667-249115923ead	480	1506	116	69	1
432f6576-87a9-45fa-bfea-be37ee207233	480	1506	116	69	-
9b372f62-8928-4f5b-80b3-d2e068737172	480	1506	116	69	291
e329394c-99ca-475a-8e41-4c3b227f8775	480	1506	116	69	,
2de91bae-5296-4b30-99dd-b84cd765fb2d	602	1502	90	68	2.101
cb845782-971c-4c40-b075-314b5dba320a	73	1565	61	69	and
041c315f-4d25-4f27-b6f7-01bc97056382	142	1565	86	69	natio
b986c9b6-7af5-4b31-9e46-7ccaba291d62	142	1565	86	69	,
921500aa-b2b6-47a9-8bef-e52bcd1a1d64	237	1565	78	69	21.5
be59346c-64e7-43a2-8b7c-0c44a17664eb	323	1565	86	69	00k
e4ed6710-70a8-47c0-a69d-ddc0c0ba5f34	418	1565	78	69	goes
62b14139-a9ca-4080-8ffe-6a5ff71063ca	504	1565	86	69	worth
2f90f8c0-505e-4348-8b98-004157315a75	599	1565	95	69	tribe
b0536903-1b09-44cc-8155-f2d1f08c0607	599	1565	95	69	,
b92487e0-9953-479c-a6b3-3d5aed8ccb37	73	1629	102	29	23
89f930ff-9713-4e75-ad7f-1244dced118a	73	1629	102	29	-
d8ac1bf9-7310-46cf-a413-778bc3ff9e16	73	1629	102	29	24
23d11b6c-9f8e-4992-ab16-e09ef295f649	73	1629	102	29	;
1c389c2a-28a6-498b-9980-fa3fc020b13f	177	1628	147	29	miracles
e3dd5f10-733e-4854-a962-a8450f0e374e	328	1628	140	29	wrought
767fbc83-6977-4ae4-a96e-0d663a862869	471	1627	49	29	by
6be903ad-77a9-4366-8f4a-7f6c07aa4a0e	471	1627	49	28	.
37603050-d2e4-406d-a084-61364f8b94de	47	1653	140	35	Apparel
9854b701-33b1-4559-876e-ec21bd063d79	47	1653	140	35	,
7587594e-e168-4d5c-88f4-bd0156f34375	191	1653	118	35	costly
cc4091e5-722d-4057-9ac3-e9c927ae3dbc	191	1653	118	35	,
1c141b7d-2a9d-40fe-9d8a-2aaa851d97d0	314	1653	92	35	worn
cd965dbb-805c-4dda-8409-6642c55ba103	410	1653	52	35	by
404b6a5b-4ede-408a-9013-56c5c81dd1da	467	1653	118	35	Nehor
02e61886-12dd-401f-aaf2-9e56457c95b7	467	1653	118	35	,
6acf6f49-689b-4da4-b142-e390da487820	589	1653	101	35	195
c36193fa-9177-4385-98a8-31054fd8e3c9	590	1653	101	35	-
36100eec-e843-4d9f-92f8-48d733d87bc4	590	1653	101	35	6
d3ed2cdc-561d-4c4e-bca3-483ade43222e	590	1653	101	35	;
9df8c017-280f-4f13-abf2-e0d4f606ad74	73	1685	117	35	costly
1f61afd7-6f35-4a21-8a5e-edc2603c38b5	73	1685	117	35	,
a0bf2996-436c-4329-a86d-4c402d89ee90	407	1681	161	39	Nephites
fe862b9a-f3d7-48e9-8d9b-8c6fb317f1bd	407	1681	161	39	,
0f05f5b2-dcd0-40d4-8ef7-92fdc749f15d	586	1684	105	33	203
ae86e980-0685-4524-8721-5793c9ab7ddb	586	1684	105	33	-
70cecd1b-6bb3-4a00-a82a-973711142ceb	586	1684	105	33	6
44ea06e0-fc16-4004-ab2b-60c22963452b	586	1684	105	33	;
b94b19be-973b-4995-908b-e5f8d9b138e9	73	1707	185	41	coarseness
9a3432fc-3342-496e-915c-0c6877e9d389	263	1707	56	41	of
51a6a86b-e9a3-4d9f-b686-c0e6f0bdd66b	263	1707	56	41	,
d6cce060-41f9-4a76-ad9f-7fa1355114f8	324	1707	113	41	cause
22f3f90f-1fce-4322-a865-418ac4005e5a	442	1707	46	41	of
83eb7881-4e6f-4547-820b-38e10b17a985	493	1707	201	41	persecution
2f2fb581-f69e-4d81-91da-7e440b4f9235	493	1707	201	41	,
55f9cf83-dbec-44c4-8936-2850a4d89d3c	72	1742	98	32	276
3fe33f76-234c-4b86-971a-bd12fe27458e	72	1742	98	32	-
6ca49a2e-c4d0-49ff-844c-968ef4efcf65	72	1742	98	32	2
91b6f8c9-035f-4ef2-a461-5484b4644c87	72	1742	98	32	.
faf18378-8c0c-4bdd-9b56-e46bf27012ac	50	1770	196	32	Archeantus
07d4074d-ccb3-4b3d-8813-3b23897672c8	50	1770	196	32	,
a8a15265-48f5-440b-a333-f843ea6d20b2	250	1770	36	32	a
71327712-a120-4900-b712-79229465a5a7	290	1770	136	32	Nephite
7ab92b0c-c40b-4423-854b-73534d8ec6bb	430	1770	120	32	officer
0b21f049-3f3c-4db1-bd9a-68dd261026da	430	1770	120	32	,
b0333ea8-a384-43c2-8472-77adaf9bd999	554	1770	88	32	slain
f34338be-42db-4729-8c2d-d220ba4aa945	646	1770	42	32	by
81d5fd03-84aa-40fe-b670-395ca9acf499	47	1790	70	63	Arm
184583f1-c6a6-4468-872d-bba7bc626668	123	1792	47	62	od
90f54551-c387-4633-91bf-edc56ad99118	176	1794	55	62	he
e02e416f-74ab-4b2b-a703-8d230ec4ae37	237	1795	93	63	Lord
735cab27-b01a-43b5-99ff-717232b2a645	237	1795	93	63	,
91198f13-222e-4655-8984-4df22361ec63	336	1798	101	64	power
da5742f7-2ce8-467b-8a03-852f4910c149	443	1801	47	62	of
5384d7f1-4fdd-45f2-9ba9-7196e9adefc8	443	1801	47	62	,
063377dc-6c7e-4ac3-b5ee-514abba6d895	497	1802	116	64	126
58a23052-8681-4540-96b1-b651b3549475	497	1802	116	64	-
6ce2b6af-b20d-4881-9a42-1627664d3c47	497	1802	116	64	13
b8a749a0-d927-4010-8106-db31a452cd71	497	1802	116	64	,
b90205b8-3137-4542-b571-504aace1b47e	618	1806	70	63	111
a4850049-1fa8-4ba7-9f94-3dde6a4f71ea	618	1806	70	63	.
ad284690-24d9-4b75-a420-982824db7a7c	73	1852	57	35	25
e374c535-ade9-42ba-986b-be01e6c9c3db	73	1852	57	35	;
901115c3-5bb6-4b33-9dcb-3945380e9a97	134	1852	92	35	made
7038a9ca-d434-481f-8b57-784122410c30	230	1852	94	35	bare
3fb06717-625e-4450-8656-eb47a75cfa57	231	1852	94	35	,
707c0537-696f-4c5e-a7d8-2daaa6c48c78	564	1848	129	40	441
004e41d5-aa6c-47be-8021-16f29c0f4238	564	1848	129	40	-
01cc395d-b0ee-4f07-8e60-941e6225f8fc	564	1848	129	40	35
2b5837f3-c1aa-4e59-be50-910cd03b3400	564	1848	129	40	;
8f531c5b-143c-4a39-bb0e-05a2f0607390	76	1877	144	40	extended
469ab4a3-a0ad-4cfb-8b4c-93a986a5efdb	224	1879	42	37	in
bbda9467-e7ab-42b9-ab2b-6d8d1ab948f6	270	1879	116	38	mercy
1e75b0f5-f452-4dea-8c0f-48e2c37d4324	270	1879	116	38	,
c9cb29da-179b-412c-9481-ab46828f18bd	390	1881	102	38	122
092f7825-191d-4424-81d4-90e3dd6e865e	390	1881	102	38	-
224162bb-3f6e-4b77-9e39-5d00089bfa1f	390	1881	102	38	5
a38453a1-a151-454a-9ebf-7f26fa2cb0a6	390	1881	102	38	,
a6b409b4-bfda-4f85-beb9-185dcda6faaa	496	1882	130	39	418
84806c0a-9036-41b4-881d-c9d658fbc32d	496	1882	130	39	-
85ce5f96-ffbc-4db8-962d-a9770633e834	496	1882	130	39	14
248774e2-6962-4c31-ac1a-c6b9b9061532	496	1882	130	39	.
a75b98b1-940e-463b-b35e-1dca9a1d0134	630	1884	57	39	See
df5c7e6f-59c8-4dcc-97f7-08b6defeec73	47	1991	96	70	Arate
2220c286-27a0-441e-9171-3886bf0f2d0b	152	1991	53	70	ded
413888f3-3032-4f8f-a60c-6d4de9e2d498	213	1991	165	70	Weapons
0f9465a5-dbe8-4093-92dc-2dc68ee67315	213	1991	165	70	.
9ee35db5-bc69-4d51-b482-4da90e49ae6a	751	252	159	41	visitation
b7b9ce17-d120-4703-8993-bc01fa1dfebd	915	253	41	41	to
fe3ede2c-6e86-48e1-b5c2-c81f0a52453d	961	253	67	41	the
0c7e8e13-62ad-45ba-a7b1-a08d17beb677	1033	253	159	41	Nephites
40a51526-ab8c-4434-bac1-5f54ee67730b	1033	253	159	41	,
a11d7ea1-cb5a-4690-bd1c-0d21ab78251f	1197	252	172	41	witnessed
9be0f118-6549-4661-bc42-89e6d0c8ebdf	1197	252	172	41	,
e4b9d8a8-2217-43ca-93ab-060b68935dca	719	278	72	73	A4
a2de77a2-e31f-4ec1-b1d8-4e8d411c14ce	719	278	72	73	,
e7a2d395-f451-4c86-9b28-0f0e11686c4d	800	278	45	72	10
1ee74be2-f0fd-488e-b363-a8eb03d3a4ff	854	278	117	72	become
7ff978a5-d1a3-4232-98fa-25bfa548049b	980	278	162	72	harmless
4eb57b74-dff8-469b-a25f-0bc5308894ee	980	278	162	72	,
2aa5e7a5-2b36-471e-96f2-7a4654080177	1151	278	108	73	103
0a3b189d-c641-44c7-a79b-9391f9c041ac	1151	278	108	73	:
537e1f11-56e0-4189-b3f1-2db8da77e86b	1151	278	108	73	14
d4d0358b-8a4e-4b9f-9ca9-6fcbda54d9fe	1151	278	108	73	.
16969b54-2f61-41c8-883e-aa74d5dd1b03	722	341	76	41	Ass
af82db89-1a55-49a7-a7af-0817d6dac52a	722	341	76	41	,
f9c9be1a-233a-453d-94d3-b134bdc11ab4	804	341	41	41	in
b22fea38-aaa1-4fd1-8bb3-af18864ba899	850	341	77	41	land
66e5c592-ee6e-4289-84bc-881ecac3fa79	932	341	41	41	of
8b1b7441-4a4c-47f4-bd6a-8a5746986954	978	341	144	41	promise
4e720025-7b66-476c-9627-a3c4fcb440ff	978	341	144	41	,
461f4e44-a1ce-4bd0-b702-17616bcbc406	1127	341	97	41	40
50cfeff0-6948-430e-8ecc-d4a507a544a3	1127	341	97	41	-
5b053957-4d00-4c3d-b7ad-4eec122eb6be	1127	341	97	41	25
74aafe64-3555-4faf-8250-fa0e99ec6f9c	1127	341	97	41	.
4ec9c11f-3d57-4b66-b8c4-95cb5ff51c40	726	376	183	35	Atonement
ebaee1da-4b13-4ee8-aeaa-bd90b23afaad	726	376	183	35	,
9e54590f-dce8-40cf-a71c-81afc21be97d	913	376	64	34	the
2cfcdd11-0528-481c-ab56-01a3b186f459	913	376	64	34	,
466e7ca2-d815-4399-b6d5-6b9cdb6f314e	981	376	127	34	infinite
d9395a25-6f22-4d39-a573-9981018a9e25	981	376	127	34	,
62fb0510-d116-40bf-b264-969fc572aaf5	1113	376	77	34	67
4ede8e41-3c96-472c-bc0f-3c5ea2271b87	1113	376	77	34	-
ea0db102-4fe8-4365-8ffa-2de064f0c0eb	1113	376	77	34	7
54faed48-7b2b-4286-8312-e0e3fcbb66cc	1113	376	77	34	,
5bb35932-1359-4231-abda-2a355ebc86d7	1194	376	102	34	91
0d89eef2-cc48-4d45-b639-b6ace69ccaac	1194	376	102	34	-
395346af-8610-4f0b-bd46-2bd8df1d934e	1194	376	102	34	16
ea823086-dfbf-428b-9bf4-28e712a7828c	1194	376	102	34	;
21287787-eb3b-490b-9cf5-5512d8481570	1300	376	63	35	sat
dd35d528-9b60-437a-bea0-929521af23d3	1300	376	63	35	-
d21ad7f9-a7ea-4991-8f68-c3e5e24aac70	845	403	133	36	justice
05cc2673-32a4-4b92-a73b-68ff4ade074d	845	403	133	36	,
f3d7e13e-5ffd-48bf-b382-fd96a778b81d	981	404	138	29	69
42a4917b-68f5-4c5b-8c11-acb099c6ce96	981	404	138	29	-
bf70f9d5-5c0b-46ae-a8c1-3e44b5e6ec62	981	404	138	29	26
e02a9151-f36e-439f-8eaf-d61761db38d0	981	404	138	29	;
6a3b2e15-a96d-4426-99e7-7e02e89dc745	1122	404	54	29	law
caaa13b9-a84b-40bd-9c4b-d1d1e9327027	754	429	158	29	worthless
8f04dd59-824e-4a7a-a5ea-587cf67df3db	748	432	77	57	king
c231a961-0f51-4c73-ab5b-934560c5d13d	832	433	175	56	Benjamin
4f494ecc-a48a-4d69-9a2c-77d1fe7c3b27	1014	433	182	56	convinced
e1369d49-428c-4aee-9450-1ed2cefb9beb	1203	432	163	57	peop42
27e00337-ce70-4d54-bb02-d6e3a8c7be69	1203	432	163	57	-
d94ed8c5-4a2f-49ce-a596-0d2207f6f456	1203	432	163	57	2
59ffe471-78cf-42f9-8e92-9e05bb5cd411	1203	432	163	57	;
fd773b90-48a1-4995-9a53-839db0533269	1252	458	115	36	142
7e87d729-7ef4-410d-a214-a2ee30800057	1252	458	115	36	-
281e09c4-006e-4dd9-98ba-61e64cf88081	1252	458	115	36	2
c5a8e34a-2d95-4b52-bcb2-e655ede92761	1252	458	115	36	;
fd800a7b-37b6-4e30-ae5b-5632ecf164ad	748	483	144	41	prepared
68bd8273-1ece-40aa-9d04-323517c58dc3	897	483	82	41	from
f5940c7c-8e4a-437d-a467-a647128e71b3	984	483	179	41	beginning
a3ca8dec-8d70-42b1-9dcc-b8fecd41ea02	984	483	179	41	,
75584897-f703-4674-963d-aabccbc67285	1168	483	102	41	142
69249175-944b-429c-9a3a-0d0f20fc00f5	1168	483	102	41	-
54f0965b-d95d-49d9-9dd5-97d4013b01e1	1168	483	102	41	6
336870d0-0485-4044-98eb-d05dfc921eb0	1168	483	102	41	;
8c8b3236-6ccb-47a7-945a-2506535ba12c	1276	483	87	41	with
2a83d069-eab9-414c-9c5e-5a7137d769c2	751	511	68	32	out
7e5a7507-0112-439a-a765-59e4367ae185	823	511	44	32	it
ec87736e-95d7-4b0f-9bd2-edb01cf6c96b	871	511	100	32	there
a04bc921-f3a6-41f5-827f-313774f903b4	975	511	48	32	is
51ca6c09-2b28-44c3-8d00-a5dc36aa8ed4	1027	511	46	32	no
f59a4c70-ad8b-4c09-a2d0-3ec5ccdcff65	1079	518	182	32	salvation
c9c563dd-8869-48c7-a583-391ecf7e1c14	1079	518	182	32	,
e747b830-5654-4a14-9e90-64c7b3e1baa7	1265	518	101	32	142
d16d0aa7-78c3-41cf-aa28-54c4a59f0f10	1265	518	101	32	-
cdc53b8e-7ea1-45cc-a9f9-75cf8a046797	1265	518	101	32	8
e0af5135-b97e-4d3b-ab45-57ac1da129ce	1265	518	101	32	;
83ae7ac8-2ff5-4519-9eb4-a70cff19c8cf	748	603	53	38	41
898e06bd-0538-493a-a5cf-02a262d2a369	748	603	53	38	;
e654bdce-6fe2-4594-8888-0bd87c40e663	805	603	47	38	no
38d47a7b-0e7f-4d78-81a2-42ee4ba10a6d	857	603	152	38	salvation
0ef6fb51-424d-442b-97ac-622d0e4298c2	1014	603	133	38	without
858a4911-0c9c-4547-a6b0-3e3f74e3b075	1014	603	133	38	,
b54fc786-de95-4b28-80a7-7d6253093fda	1152	603	105	38	282
ee0a0c76-a3f2-4019-9f1a-b3a299086cef	1152	603	105	38	-
d6620fcc-afff-443b-bfe4-2731368a2bc9	1152	603	105	38	9
62966a94-1479-44fa-8ad3-32e9a99c19bb	1152	603	105	38	;
5de8cc0b-34b6-4455-bfae-3b6d2313920c	1261	603	105	38	brings
81092a1d-28de-48dc-8d7e-7d6aa9dde8b5	748	628	51	67	me
6d084aea-9d2e-4abf-96ae-79bf3f9989fa	807	628	142	67	chiđin
97c76104-680d-48e5-9072-7d07b0abbdb1	957	628	134	67	thihout
17a23194-9ea8-41cb-b9e7-45f09aee49b0	1100	628	142	67	baptism
6512e9e5-80c0-460f-8ad3-8ae94a1d68e6	1100	628	142	67	,
f8fcaa34-99c8-4b37-b3a9-092f48f41226	1251	628	119	67	300
751edba3-1562-47ec-9ff9-fff31494c682	1251	628	119	67	-
8bf3b59b-9439-4711-bf0a-9325ff4117c8	1251	628	119	67	20
fad4ac91-13df-4b68-b7d8-9f077522ddae	1251	628	119	67	;
acd764c1-e934-4a65-b47a-b302690c0013	719	688	180	32	Authority
cea5eaee-2fc1-4cde-b994-8cf7fed6e8d5	903	688	81	32	from
7e836f41-31e5-4b8d-8ffc-7a43b1ea4db2	991	688	95	35	God
91768252-0311-4b03-b1e6-b8cd10f23a51	991	688	95	35	,
25a090f4-e07e-47af-a608-1e7e6f51223b	1101	688	136	35	baptism
a9fadae9-00f5-41e2-8384-fd68eb0ffe09	1255	687	111	33	denied
b337a0f8-b9a7-4228-bb9d-cb0f7afa33f0	748	713	132	42	through
4235ded6-3d05-4831-903c-307ca7a10c2b	885	713	68	42	lack
b7547ba9-b23d-4bf5-aa85-be3d85e326f4	958	713	42	42	of
358a09d1-bc52-4a3a-9990-27c0a28ecf23	958	713	42	42	,
f23a7ec0-8b3d-49a2-b19a-f1cfe498773d	1005	713	121	42	176
55b3afe0-71c2-4ca0-8d3f-327a984f6ffa	1005	713	121	42	-
1de08dd1-8937-4800-9037-40cd8aa40b31	1005	713	121	42	33
93d53083-1bff-4aa0-ad53-796a6ba52dc0	1005	713	121	42	;
af7b449a-1e41-497c-a4f3-92e2561d0e7b	1131	713	73	42	sons
e0f64cd9-b6af-4c57-ace5-17998025d20e	1210	713	32	42	of
647ec9f4-182d-45de-8df1-69561191314a	1247	713	119	42	Mosiah
da882eed-228d-4657-81c7-456adfa7f819	719	742	57	66	At
2b94c959-cd6d-4e46-9e76-418a68d5f863	719	742	57	66	,
a9344f02-ae51-4a7a-940f-1f21f53a036e	785	742	41	66	at
8c33ffee-acaf-4b71-9441-eea0fd381d5e	835	742	66	66	row
7d43def8-0ded-4908-8075-7172b9de657d	909	742	33	66	to
bc6c17e6-8b8d-4efb-9e5b-aa295eb907d7	950	742	83	66	tree
f9bbe8bf-f892-496e-b94f-7b5cd661ad3a	950	742	83	66	,
91d577dc-0612-48a9-ba8d-c046c88910e2	1041	742	111	66	209
36489a16-18fd-45fd-9c49-c6f8873e9ea6	1041	742	111	66	-
d5d1700b-8994-4163-9692-f47a19e7da88	1041	742	111	66	52
8b2a7836-dc46-4331-8268-edf6fa760551	1041	742	111	66	.
6d9e426a-152f-480d-bf1b-222d8e1cd731	722	827	166	70	Babeings
9769da97-b66d-4969-84c5-c486c1dca5fc	897	827	35	70	or
e9e5f96b-b6f6-4489-bdc2-149f4b9c633a	941	827	175	70	morelure
ef49f490-447b-4c16-add1-2ebc3f49d050	1125	827	166	70	thembers
33ce10cd-d8da-4dd1-8b9b-7324a5636661	1125	827	166	70	,
beee2f23-9280-4f6a-9733-19831948f649	1299	827	70	70	117
aafa4800-0588-452c-a2fe-f4c1fe40c45a	1300	827	70	70	:
19a0affc-5cda-4e95-98c2-c2f54496e842	719	915	148	38	Babylon
59a631ff-1d8c-42df-baea-4734bcc4e0de	719	915	148	38	,
d10e1d2f-bbba-483a-aff9-f00ec915c050	872	916	116	37	Jewish
37af046b-f63d-495c-9cb4-18fd3c27530b	992	916	134	37	captives
136d39b5-d629-4b23-a99a-226940f7c485	1131	916	97	37	taken
55f2138a-ae2c-4340-8cef-4fe3cd2e0ac8	1232	916	51	37	to
fc9360ee-a70d-469c-aabb-ea13c57335d0	1232	916	51	37	,
df9f69c9-9384-43d5-a804-fead3b22c9cb	1288	915	81	38	16
bb7c3b45-c77b-4e8e-91d6-18ccf9995a7f	1288	915	81	38	-
f3a4515f-d76b-4ebe-a04f-187225db19dc	1288	915	81	38	3
a8c5d3f4-cd74-408b-96ca-ba7a83978be4	1288	915	81	38	,
e0bb4d38-f472-4e45-bee4-13cf6e12cf9c	748	944	118	35	130
d099b7d4-d676-4386-8cf9-a208a7e4d260	748	944	118	35	-
c5898aae-bd27-4d93-9b04-b3168ff0dcad	748	944	118	35	15
8a50aead-b2e5-400d-96e4-9d73364b42c3	748	944	118	35	;
a9a16b7f-a39b-43ea-89e6-90bdcde16870	871	944	44	35	to
624f2f33-8637-43c5-94da-e40826f9058a	919	944	44	35	be
18d3622b-b9eb-4786-8fb6-730578d7d7f8	967	944	171	35	destroyed
e9022b25-4ff5-4eba-b86a-9054cccf6107	967	944	171	35	,
56ffe605-c19c-4b7b-93fb-8f1d99319800	1142	944	98	35	90
31d36c67-af3b-4826-b77c-830cc92e8695	1142	944	98	35	-
2f357178-cb0b-41de-b47f-8f2563da118e	1142	944	98	35	15
b6bb6fce-a067-4833-befd-905c3885bea4	1142	944	98	35	.
5001e845-2d53-4fc1-86ed-3aa2c1024ef3	719	972	74	35	Ball
2bd57f08-0ca0-4eca-890f-d7d7aac4d2fe	798	972	35	35	of
b130b5ad-3096-427e-9a10-fc980f4b1caa	837	972	109	35	Brass
c3795aa9-323f-439e-8b92-0f4ced975557	837	972	109	35	,
71743c7e-ba82-4779-9faf-dd77cb488640	951	972	61	35	see
c755c5e8-d44d-4e27-8f2b-c2cefabca471	1017	972	141	35	Liahona
17dfb9fc-53dc-4615-96c8-a7f7af0ff95c	1016	972	141	35	.
0b243653-0d46-4290-95be-39192cc1d07c	722	997	189	69	Bastinabara
d414c35e-e547-41fa-aea1-2cd2497a63b7	920	998	138	69	droped
43be2da7-6ef5-4702-a6b1-36faab530ed2	1067	998	52	69	ted
256acc23-9a84-47bd-ad28-de6bda645d73	1127	998	43	69	by
45face4e-385e-40d1-802e-3598ca166fed	1179	998	104	69	inist
44d1960b-30b8-4da4-ac63-163f21df82a1	1179	998	104	69	,
e3bad4d2-2f79-450b-af5d-e83458abbfba	1291	997	78	69	162t
ba49e1a1-806d-4621-8c12-d4ea21bb0108	747	1048	39	39	of
b224b8bb-f751-4722-b332-103423b84409	790	1049	96	40	Lamb
763dfa24-2a2f-41c5-b5c3-ce63e37f4062	890	1051	39	39	of
f325bdeb-9567-4ce3-8c52-cf2e57cb4cbe	932	1052	77	40	God
427b9191-c3d5-4491-925c-e2579c878d4f	932	1052	77	40	,
45031a50-7763-4fad-80f9-ac497df2e7f1	1013	1054	143	41	foreseen
fe4092a4-1d6c-4aeb-b57f-65dccd993587	1013	1054	143	41	,
b901ffe7-9cd4-4271-b865-77ec3b8fd5bf	1160	1057	93	41	16
665e934b-6b38-4a66-99c2-9af043f9db23	1160	1057	93	41	-
99464602-77c8-4b5f-b409-adcab17f9f7d	1160	1057	93	41	10
b8abf215-1e1d-43fe-8699-84ae3096cc47	1160	1057	93	41	,
81caaa6d-b29d-492c-9050-3b1b9ece45ce	1259	1060	107	32	19
58702a5e-e5dc-4cea-b741-484212ab0e57	1259	1060	107	32	-
254e1453-1194-4587-b3e9-ce52270f9926	1259	1060	107	32	27
c2555b2a-438c-41e4-b6f4-361271603e85	1259	1060	107	32	;
667f5ec6-6fe5-435a-8409-bd10c88be0a0	747	1082	200	40	commanded
e77b21a1-228b-4989-bf2d-71cfd214a786	747	1082	200	40	,
a2f084a3-e82d-4986-9ebe-4b3618b645d9	952	1081	100	39	68
b53d7f8e-d91e-4739-a7c6-84c5aff8b668	952	1081	100	39	-
a79aa5c1-d451-4c45-aa63-d45d42b6423a	952	1081	100	39	23
bbc759fb-4cda-4737-b497-8c055502ef92	952	1081	100	39	;
69d744f3-0877-4438-a89d-50cbe041b5d3	1056	1080	48	38	all
163820b9-76ea-4479-ace3-a845d8d9a3f5	1108	1080	72	39	men
dd8b5069-a3da-41c3-9e34-4fead6476da8	1184	1079	81	39	need
6190b5f6-4694-4d68-8c74-8267048dfc9b	1270	1079	38	38	to
48ecb7c1-19e2-4f51-9802-604e60128d39	1313	1078	53	39	ac
3538964f-db91-4689-a5a1-ecca192bb665	1313	1078	53	39	-
73c827bc-4977-439a-adca-6445517c6746	748	1512	89	35	tion
05bd8039-8832-42e0-b9d7-e8ee28db69d4	748	1512	89	35	,
29665b0e-842e-4ad0-8c7c-617e51dd81d8	841	1511	105	35	423
f1a030f5-9131-402d-be8f-21af13ab9fea	841	1511	105	35	-
12e36f94-aeca-408c-af3c-bb244f57bdce	841	1511	105	35	33
cb20f70b-b311-4497-9ad6-b95cbabb294a	748	1596	101	35	516
7336e44c-e35e-4bb8-b46a-a13edd1ce07f	748	1596	101	35	-
7980d4e5-45a0-4fdd-b99c-ccf91c043317	748	1596	101	35	9
3f7b2757-767b-40db-9d61-dc76853ccbfa	748	1596	101	35	;
0957f261-578e-40db-a042-31be080a33b4	853	1596	39	35	to
a802c21d-efb4-42e5-ba74-36d1f9c3a288	897	1596	44	35	be
e206660f-6792-42fc-a67d-ad77ef4fd517	945	1596	210	35	administered
72218b01-472e-46f7-9ba4-34585903918d	1159	1596	39	35	to
13ac203d-89a4-43e7-867b-ea0bdf2dc106	1203	1596	92	35	those
58841bb4-4f66-4541-a69f-a3417fce1533	1299	1596	67	35	who
3829e8fa-b507-4762-9132-777d6a928699	751	1628	60	28	are
47be06a4-f61d-4ebf-ba89-6d55694f3ac8	814	1628	203	28	accountable
c3213068-6db1-41d4-a1b5-d655bf21b7a8	814	1628	203	28	,
82714bc1-2a82-47e7-9db3-2d462e297233	1020	1628	118	28	516
509017d7-2e25-4ed7-a0c2-cb12183e13db	1020	1628	118	28	-
51f53881-5659-4142-a1d6-9d269487ffd2	1020	1628	118	28	10
e3c21905-2644-4bc2-bf78-5464fcc03971	1020	1628	118	28	.
9731d790-6865-42d8-af16-7ded01dfb89a	722	1653	142	95	532
47b60133-cc16-4a15-816f-6a83effd2586	722	1653	142	95	:
c5109904-8c67-40b2-b9b9-ae77351f7684	722	1653	142	95	35
df28ac8a-58b7-4c64-b746-e0dd8ebd4b07	722	1653	142	95	,
e376cd2e-6a96-42cf-aeb3-3317ed695104	876	1653	119	95	206
17784028-5555-448d-a87c-46293e72d3a6	876	1653	119	95	:
d7120cb8-38ba-4163-8453-2bd6367435b6	876	1653	119	95	28
a3900fde-a83e-4434-afd8-208ddc7fd622	876	1653	119	95	,
aa84039e-71b3-4fa3-9dc6-16e2390da9f3	1007	1653	47	95	24
7835b426-391f-4e42-af27-3810d3e37829	1066	1653	47	95	1
f4d774b8-ea93-4449-a082-782f7fd75cd6	1066	1653	47	95	,
4d861f02-40fe-4b78-80f0-ffad546038d5	1126	1653	119	95	203138
ed3d5812-9844-4e60-80a9-5ad6c3a4e507	1126	1653	119	95	;
da43b332-9e99-4f50-8324-7c0cbe88c0d7	1256	1653	113	95	46
886e46a7-3f81-4b6a-aea6-897e017b68d2	1256	1653	113	95	-
79bd0548-0b2e-49bd-ab43-eb0e64b4ef9e	1256	1653	113	95	13
f7e52e5e-8c94-4020-bb27-5966ca1aae75	1256	1653	113	95	:
6dc6846e-d7f1-4a9c-befe-d30695b58813	719	1738	130	36	Barges
628f7938-d796-4275-8ca8-eb38ca56d3fb	719	1738	130	36	,
88462d57-514e-4514-aa69-b0962c7bb478	842	1738	99	38	built
3ea4e164-547b-4e5a-9cba-02715bd2a337	947	1738	57	38	by
921a8c9c-1d22-46df-b76f-16c77c3b1e9c	1008	1738	105	38	Jared
3758a567-e5d9-4d2b-ad6e-30a4a1475912	1008	1738	105	38	,
19f1aa5e-6980-42dd-a154-09d2aa24eaef	1118	1738	109	38	480
43141989-c318-44a5-a5b8-aff5bfa20ecb	1118	1738	109	38	-
a126da18-7885-4510-83f1-94bc1e9c502f	1118	1738	109	38	6
b2a3428a-4c8e-4b04-904d-345ebbebb2d7	1118	1738	109	38	;
361bec32-d642-4679-8cbd-1cb2bd268ff0	1231	1738	131	38	descrip
332d5d4b-d92c-41d0-9cf6-d977aa76dfea	1232	1738	131	38	-
981c2ad2-6d53-4803-bb9a-1f41e97cf261	748	1821	87	41	wind
a6ca4a27-d67d-4d5c-a7b0-a2e2c0462c90	748	1821	87	41	,
c2e1312d-129a-4000-a411-7ac4d69685ef	840	1821	118	41	487
5bb9e541-0759-4eb8-a985-a37ac64cc0b2	840	1821	118	41	-
c866c4a7-4959-474e-ba6d-efd116ccfc05	840	1821	118	41	ch
b0209fe0-9b23-4650-8c1c-747be0874226	840	1821	118	41	.
3fd2fd30-3b06-43e6-8a9a-7e5c112e41d4	963	1821	65	41	6
c108dbda-55eb-46ac-8d26-e23a31d6e6c9	963	1821	65	41	:
e9522215-4d5a-447f-96cd-6b5be2eb1fed	963	1821	65	41	5
d0e17e92-9f3e-47a9-873b-e7d60208b07c	963	1821	65	41	.
c29f7702-445b-4e1c-8266-9d7f816fbd67	841	1855	125	33	among
d7bda9ce-88cc-4f1c-94a3-7474f14f13e2	984	1852	170	35	Nephites
a38b68fa-84a3-4e0a-9c0f-255c541a91b1	1159	1852	153	35	foreseen
f26476ff-3c3e-41c6-875f-20c8b1d16e53	1316	1852	46	35	by
6e375991-c806-4e34-9021-4dba058ed7f0	950	1881	121	38	21
bbbc3512-6f6d-446f-9099-67ab7a4d1b83	950	1881	121	38	-
4c527f84-3eb3-4a04-b90a-07713807661e	950	1881	121	38	15
09445a21-617c-428b-9fc9-a8b6520d003f	950	1881	121	38	;
264af2b0-8aa2-4701-a90e-64b81c7cca70	1075	1881	88	37	with
81f12af1-41b4-4971-b813-ffa55bd4a169	1167	1881	65	37	the
0522ea7c-341e-44ad-a78b-0ffbee1e6043	1237	1881	126	38	Laman
674736d9-0f3d-4c51-81ed-6ee6f1d5b1d7	1237	1881	126	38	-
61952540-0e51-44db-b8ff-6592fc9ad4a8	719	1991	131	70	Beast
d2872322-ef82-4776-8a67-f273957c9e51	719	1991	131	70	,
88797d01-7e62-4563-b7ca-bda589d31e2a	859	1991	70	70	wild
be78e5f3-1601-4ae5-965f-e02185218ef9	938	1991	96	70	alain
75005145-d9f8-4b7a-92e4-9eadb7b60a3e	1043	1991	53	70	for
efd83697-2f89-4b6c-b04b-544d3d75330c	1104	1991	140	70	fromibe
8d8972ce-a0ba-48fa-b7ba-9294f045950d	1104	1991	140	70	,
97ec2497-75a6-4325-8512-6667cdd65414	1253	1991	116	70	Nob
1948297a-db83-42c4-b95b-96403372d0b8	1253	1991	116	70	,
