ID	X	Y	Width	Height	Text
2aaac599-5f77-492b-8429-ae8a3bdb7b03	637	88	148	39	INDEX
d16bbd99-647e-40d0-a1a7-2829ffb67213	85	158	106	66	tration
62224019-2652-424e-80bb-1b1ab75618e7	199	158	41	65	4
26c1a856-1a39-4b77-ae45-86df19aaa3f4	199	158	41	65	.
b3eebc3f-4856-4a10-aff3-289e14b9c8b7	248	157	155	66	Nephites
3055d2bd-21b7-4fe2-9b32-dec50b5a1464	248	157	155	66	,
509c78a7-89ad-4456-b4f9-b55d48692766	410	156	90	66	439
5b777566-888f-4d50-86ba-881be680cbb2	410	156	90	66	-
7d5e3a6c-86a3-4fcb-947a-b716b11c36d5	410	156	90	66	6
a5bdf92f-8c4a-481e-83ed-532a6992d7cf	410	156	90	66	;
e8881454-c966-4212-bd27-4ac6db5db11e	508	155	130	66	blessing
02b27f52-fe10-445f-92f8-a6b58902f465	646	155	57	65	on
22f4d542-ac94-4db4-a52b-0ff3a288ca2f	646	155	57	65	,
f1f9c702-927f-4764-97ad-83b4950fb387	711	154	163	66	Captrin
822a091b-5edf-4953-a5e0-948755575af6	711	154	163	66	,
6dc7cd15-6afc-44a0-945d-0684df8b779e	881	153	33	65	of
d589c1e9-9e6d-47fd-b688-9cfdea3883d4	922	152	163	66	sophitis
073851e3-e9d4-4cbc-865d-714a5115589d	922	152	163	66	,
a1be1597-42a7-4b65-bd31-0c0ccc2bda6b	1092	151	106	66	235
9c411901-87ab-42f3-9de2-0429da0b9aee	1092	151	106	66	-
c071f1e5-f4f7-4877-a727-ca4d3d5104c5	1092	151	106	66	53
4aec4f92-32e1-4bc5-96f1-ed695477c317	1206	151	122	66	Moron
d9596a32-e378-45ea-9551-909235d9ec55	1206	151	122	66	,
ac02c96a-0f5f-4506-814b-677ed5dadf1e	1336	150	46	66	o
ccc64b4a-99b6-40d3-aa29-f9b2c2b597ad	85	189	116	32	511
d460d668-cb01-48f9-abb1-3e1c2c1be6f0	85	189	116	32	-
28659ca5-e048-4fe9-90ec-ce9ec3589253	85	189	116	32	ch
6e6c1cec-3b26-4163-b3c8-8fc67c3209e3	85	189	116	32	.
c1e8f981-0f1d-4b23-b2eb-56328c945bca	205	189	69	32	4
b93a93d5-257d-4040-899f-258d780fdb88	205	189	69	32	:
b151839b-40aa-4bcd-ae31-d2a42313e6c2	205	189	69	32	3
72e4a081-d16f-4684-820c-3366edca8c46	205	189	69	32	.
c1c69e14-5145-4d57-95a5-aa018a2ae3c9	63	221	211	28	Breastplates
d6f85898-f954-4e19-93c3-9948a89b9f3e	63	221	211	28	,
7e341b77-f320-4aa5-beb3-49bb4f4d1778	284	215	140	35	brought
b6d75d27-244f-43c6-8b2b-aa57c89b0ed7	429	215	68	34	by
70792e75-c395-42fe-9931-28ba2dbc31ce	501	215	140	34	Limhi's
caa6e453-5e2c-495b-ac3c-9a98d279ef1c	645	215	58	35	ex
3854c69d-6492-4c97-a4f3-fee1925ed4a4	645	215	58	35	-
facf3e4d-329c-4e21-8c3d-ab45686e90f9	1300	88	73	38	641
fe7486eb-57ab-4713-9b39-de26c3cb8e3a	1249	239	62	32	of
246a0fb0-834d-4dd2-98ae-5b8057f66abd	1315	240	61	32	Ne
880ea9ee-f2cf-48a2-8c4c-f6bc5104b151	1315	240	61	32	-
e90c14f8-7f7f-4116-89e7-c0543939cf85	88	243	49	66	pl
4cbe9a78-ac00-40e2-9b89-d378b66b46e0	88	243	49	66	,
414ba4c3-a606-43a7-9447-c5e0ba3235a2	146	243	116	66	553.15
c3373f4b-9645-49de-9366-0f8a2df89b96	146	243	116	66	,
556dc49e-094c-4761-8051-c0605ecbc750	270	243	107	66	106
dd8cc7fb-b629-4677-8df1-6fbadb9edc3c	270	243	107	66	-
b81cc6dd-45c8-420f-8341-9bdd71b03de1	385	243	33	66	ed
df8047bd-ebf4-41b2-b92c-849a0a179bc5	426	243	198	66	Lamanites
92506602-c105-4a51-a9c7-41bbbc82f70a	426	243	198	66	,
cf9c72cd-fd77-4556-aa00-9f0c37f4fd2f	632	243	71	66	380
6d8048c7-d9df-4a0b-8de9-0d0eae1e17c6	633	243	71	66	:
cceca1ac-42e2-4ff0-83f3-74722b6a1687	85	300	57	38	14
1fa2ede3-2db9-4174-9fbb-34e9ce7a39ab	85	300	57	38	;
d0f45563-92db-4977-8b2e-485eb4eb1a29	147	300	52	38	by
6244e662-3710-47e6-bee8-a236f5067991	204	300	162	38	Jaredites
c60d03fd-bb8e-4681-91f3-5e2492fe6bd1	204	300	162	38	,
1bc36b07-0b02-49ed-beda-f3d75058d190	370	300	116	38	508
35f0bd42-dd92-475e-997f-5d99de54f090	370	300	116	38	-
ca671971-d167-45ce-b916-62b103594bd0	370	300	116	38	15
7dd5a666-b439-4a94-bb18-15cdeb2b4401	370	300	116	38	.
fb1fb0a9-4ebd-44ba-a4a0-5abce91da805	57	331	181	38	Brimstone
1069c8be-9534-4084-85ba-e4044059b1c4	57	331	181	38	,
1ae25a8b-6b7e-4c19-adf7-7cb5c1253cbc	242	331	66	38	fire
d8d5c27d-0270-4910-9c8c-d08b8355b2c8	314	331	76	38	and
450de83e-ab25-4ccb-b305-bb4e19a5f910	314	331	76	38	,
ff841254-75d4-4566-8847-1d62b1ccd2f2	394	331	62	38	the
59ed2ae7-858c-4a46-b41b-f3be43ed43d6	461	331	133	38	torment
2b7750a8-d3f9-4015-869f-930bc957ab4c	599	331	43	38	of
0faa286f-0542-4bee-9046-7538f8a8884d	646	331	54	38	the
4a8917e4-c6fb-4917-8c44-e7c0c929d920	85	358	122	71	risked
7753f7e6-83bc-4e41-9f1a-c39231c86f7c	85	358	122	71	,
3777cff1-5258-48fd-8441-3c14310f25d5	214	360	111	71	26
13d0e1fb-97af-4b6a-8d07-057f08c66c95	214	360	111	71	-
08172773-86a0-42b5-8858-fc33f479202b	214	360	111	71	1
efc7ba49-1d28-44c9-ab64-e6e244b2bbb8	214	360	111	71	%:
43a68838-0115-4605-b2f0-fa3cf1a8b076	224	360	109	38	68
ebfd82c8-fa3f-498d-80bb-5023ee985a5a	224	360	109	38	-
5e18616d-fe9e-4252-8188-9c7d0f01fc98	224	360	109	38	16
9c920bce-9491-465b-951f-ffe94beb8dcc	224	360	109	38	,
a2b85a32-e789-46c1-9f60-caf403913337	338	360	109	38	69
e7c513d9-db7d-4abd-ab9f-440ab6bc630e	338	360	109	38	-
dd1cf6b3-bdad-4dc2-a23e-27440420be3c	338	360	109	38	26
3cdc2555-e6bb-4915-b4a2-26c1aec2863f	338	360	109	38	,
b655e3e2-0f5f-4e97-bae9-9962a57f5295	452	360	128	38	100
bbdc66b8-305b-48dc-976e-21902f516139	452	360	128	38	-
d0dd79b8-d245-4a87-8f3b-d2ba0ade2a09	452	360	128	38	23
ede53077-0584-422a-bb97-99389f7b64a2	452	360	128	38	,
b8e2a785-4fe5-4939-b803-cf150d491401	585	360	118	38	113
55a56c10-b84e-46fb-bb1f-b11b467efbbb	585	360	118	38	-
6f0c7862-5a11-47a3-a1d5-922822df50d4	585	360	118	38	11
244c3197-99ee-4f9d-9707-460153d6de93	585	360	118	38	,
ad0ef722-cad5-4a4b-8098-38ff70ef8d6f	757	268	117	38	phites
86e5ce63-f244-48bb-8636-19af0e7c6cb7	757	268	117	38	,
37b58af3-6461-4b26-aa04-cd565fec014d	1025	268	92	41	Gid
8c692e22-5477-498d-be0d-cf302bbc2f14	1025	268	92	41	,
f4161eab-b59d-40c8-83e7-b746213d6633	1123	268	102	41	over
c5abcc26-11c5-4fa1-b1ef-1a97d408f618	735	331	210	60	Capmalekites
91c3bf44-fa30-465b-b7a5-9091a137df6d	952	331	75	60	ante
4ff41233-7e4d-42a8-bd6d-21f9109070d3	1035	331	172	60	Zoramitest
50eed8f0-19f8-4863-968c-713b7f17221d	1215	331	164	60	esppointed
2622a927-6167-454b-b265-d13e4c61bda9	763	359	177	30	Amalekites
7847d400-0af4-4d79-af53-8d8b1450c0fa	950	360	86	32	and
7cd9bcf2-34b6-4f53-b979-d6491ca5b49a	1039	360	175	32	Zoramites
48ff13e3-4daf-4f8e-b859-73174fda385d	88	451	107	35	Ether
114ee1e9-43de-4d9c-83ca-f6efef4f9c12	88	451	107	35	,
f3f1f862-e16c-4c10-b03c-7d578f2a1d41	539	445	165	40	explorers
d11296a3-aa3c-4cf3-8d79-08bf66ae427d	539	445	165	40	,
91e28461-9a39-4ce0-95ad-36eda4c944d1	88	539	113	33	people
e63f353e-53a8-4785-bd39-38e36c1bc48f	204	539	48	32	of
b6fded39-6b47-4a80-bdc4-6b7c7e06edf3	204	539	48	32	,
b5b1e8d7-fed7-4729-95b0-3c2c77363609	211	565	145	28	abridged
fed8fd82-5703-4869-b9bf-e60453a8a9e2	88	590	114	38	highly
28cb19b5-07ed-43b4-8afa-d871d2203513	207	590	138	38	favored
d231793e-a627-4b25-953a-f6c74f31561d	349	590	48	38	of
a2e3a949-8ffc-4607-8f6b-699a046a1e79	402	590	66	38	the
18943516-ea1c-4e56-a552-05259dc3b307	473	590	105	38	Lord
4a46e89c-b494-45e3-8e3d-9f1476c144df	473	590	105	38	,
cec78ac5-94fd-4205-aad7-a31eed4d0751	571	558	136	67	477
b215272b-4580-48c7-a790-7272ae4dec82	571	558	136	67	°
0e90cf21-b28b-4df7-b312-5a3a266465c2	571	558	136	67	34
056642ae-5d11-4cac-b420-228d89a54ac1	571	558	136	67	;
4f9414c4-fdcf-4f1d-b88a-965e879078ee	88	622	159	32	language
722725d0-87e2-4ec6-a21a-82d691a61d50	251	622	54	31	of
fe2e79f5-1b6d-4c5c-80ea-e4708e591f9e	251	622	54	31	,
9bed7079-2094-467d-8b6e-aa9912a21270	309	622	76	32	and
73696fe7-1244-408f-a38b-408ca03a270e	88	650	190	33	confounded
932f8466-50b9-41f5-9dac-2c7500c415d6	88	650	190	33	,
8e2b5f9e-635e-4a7b-b113-a16fb6fea1d9	282	649	119	32	479
b5ae4803-5dad-4e5a-9b9f-e4685d3e39cb	282	649	119	32	-
fb84e2c1-6c3b-4f9d-a9bc-a1edba4133a9	282	649	119	32	35
86f63827-fa3b-4fb3-acb6-5d7a5e76b031	282	649	119	32	;
9be48487-91c4-48d2-806a-732016af915f	432	675	166	32	posterity
dad09cef-a2b5-4def-a5b0-9efab50008a0	602	675	41	32	to
4bcd0c75-4a45-4564-b232-cd32865d8e1c	284	735	124	32	480
b3072eec-d66c-4d06-9403-c284cd985c58	284	735	124	32	-
1579fd2d-4575-4dd6-93fe-2b0e2831dbb8	284	735	124	32	3
929e2343-ed74-43df-b26f-0dff1a420322	284	735	124	32	;
a41fe52c-879b-4fe0-a7c7-052e3626549c	412	735	102	32	talks
88aa02df-2ddc-4d61-b752-fe0461f135ab	88	740	97	57	480
2b515137-31a7-4298-bb69-7a4b72621136	88	740	97	57	-
68895091-31c3-42cc-8588-bda69d96c454	88	740	97	57	4
bacf6363-9786-46c3-baec-f53347c49b73	88	740	97	57	;
b6ef1e03-2d05-4c7f-8158-24e05792d3c8	191	737	200	58	commanded
daa16d71-f131-4a51-83c9-98e3a24b2b0d	397	737	42	56	to
8f427689-c733-4f68-b808-fe2663bb1c43	445	736	42	56	go
9818243b-7baa-4630-bb12-1f5d4207ddce	493	735	83	56	into
3cb13725-f3e7-4c8c-9615-4563af42c9d9	583	733	121	58	wilded
e101062c-db88-44a4-a596-02ae583ff62f	583	733	121	57	,
41f8034d-0990-43c4-9824-2c3e450653bd	189	792	116	32	480
e473f338-0123-42b5-999c-f4dc2792b9c2	189	792	116	32	-
d0865f16-c1b6-4410-9d8a-f23b4dbcc7ce	189	792	116	32	5
85fc1f3b-9594-450d-95a3-295011eb8c82	189	792	116	32	;
740c12e4-590a-4488-b5e2-ac484627d1e6	309	792	108	32	dwelt
27a3fc69-f480-4bcb-8d1f-cd34c29473f4	421	792	56	32	at
eaddaa21-9e38-4a6b-afb3-b41854a9ebcf	481	792	222	32	Moriancumer
45aed52f-a55a-4683-b863-95b3da937322	481	792	222	32	,
ae67b13c-cd09-4c99-af61-c0af2bd7206a	88	820	116	32	481
fb99e5b4-8a7b-4a95-9975-70064216949b	88	820	116	32	-
9e2004f8-5e9c-4947-8590-1d82f8a4ad58	88	820	116	32	13
68a5c6ca-1eb1-45c7-9885-e55f64bd2704	88	820	116	32	;
8167d296-922a-41c5-a70d-e68e941f1bc4	208	820	167	31	chastened
8675cca8-dd8a-4c71-bb6f-4489fbd825b5	379	820	66	31	and
806566e9-9330-41e4-af27-2b44907a39f3	449	821	132	31	repents
293f0612-4a59-423e-90fc-6458b91215c6	449	821	132	31	,
95b93701-6ce2-48c8-95e2-137d22ba2e2a	584	821	119	32	481
74672270-afd5-4294-a31c-4618c992c27d	584	821	119	32	-
1e33706e-796e-4def-a592-d61a7bafb8fd	584	821	119	32	14
e3a999b1-55f9-43bd-a4ff-aecbde33f98c	584	821	119	32	;
49b88c4d-04ec-481a-937b-c32eb08d205f	88	849	186	28	commanded
62794ae4-b34b-4639-84ed-194192539c8c	287	849	57	35	to
21d03f1f-c183-4c8d-99d7-3dbd3e5728e2	348	849	96	35	build
7cf04d72-cb8c-4f27-9036-2beccc971635	449	849	122	35	barges
01ede482-1a12-42e6-a5f9-61e74f34964a	449	849	122	35	,
9848a1d6-2d9d-43a5-beab-0a1e77cc550b	85	880	98	38	melts
1fd1b1fa-f5e3-4219-a96f-6df580de3fc5	187	878	107	38	stones
b744d782-7ad1-4ce3-8df7-b9a104945cf9	298	878	47	38	on
2811db09-8aed-4b40-b655-18b5cf620dad	349	876	116	38	mount
3bbf63a7-2793-4865-937c-ebe7cf9f4d40	469	875	130	38	Shelem
a80c63d2-9354-4077-8853-22d58a39a1f5	469	875	130	38	,
85e83788-9129-45aa-8bc3-164215f302c7	603	874	101	38	482
ac694900-8b74-45cf-adb4-8b70b6ab26eb	603	874	101	38	-
598a1522-0196-4966-8ccd-a7f490ff4193	603	874	101	38	1
35f10c05-8fe3-454f-8de4-2fb0078eb3c4	603	874	101	38	;
e3b5aa89-74ae-4d94-87c3-ea2807c6c0fe	167	906	114	35	finger
f159352d-bcde-42c4-846e-dd7c965ebdbd	285	906	48	35	of
3d33becd-334c-4efc-a1b1-b70d98ddebde	338	906	66	35	the
5e3be857-2c67-464a-95cf-b7221f421f7d	408	906	101	35	Lord
8e6eadcb-7889-4820-ba3a-69cba2a59968	408	906	101	35	,
1ec56b43-81d1-4bf4-99ff-18e7a8189fc3	513	906	114	35	483
2fa8cc59-7a97-4225-8433-88aa688cd120	513	906	114	35	-
407430b9-3d97-46ef-9cea-8a21cba58f69	513	906	114	35	6
f0ce78a9-0f22-42d1-9cce-1b551edeac15	513	906	114	35	;
80c2d08c-053d-4c19-a130-2f91ab9d2436	631	906	73	35	sees
110d7588-e4bf-4fd2-84c2-d0cefcd5afcf	88	931	118	38	Christ
1e6e4780-5652-406d-9a9c-36c34b056a15	88	931	118	38	,
8cbbf92c-d049-40be-ae62-5eb9c90c55a8	212	931	128	38	483
74316eee-1956-4fab-8767-875c2a8393de	212	931	128	38	-
410b3521-7536-4874-967c-924199fba1a8	212	931	128	38	13
8d21198a-7a37-4828-8f12-2573b439acf1	212	931	128	38	;
307d6766-a260-475f-934e-e9bc5593b76a	345	931	81	38	told
c236bcfa-880a-41ef-89ef-b5c262d62fb3	430	931	86	38	that
ac235cbf-b101-4de7-a24e-237df5482951	520	931	111	38	Christ
e939a5c3-a30a-4289-9039-0fd54650d365	91	962	116	32	appear
a9903721-f405-40de-a6ed-20e96da8de30	211	963	50	31	in
61f1dbb3-66d9-45e7-9e96-9a0436c24a21	265	962	63	32	the
5393a11b-6420-4da1-be4e-75b27d58ea35	88	1022	77	28	two
7fd8f821-96b2-482e-8ef9-ecfe2ab8fabe	168	1022	119	28	stones
d9c92009-6427-49d0-90e1-64ff709eeee5	168	1022	119	28	,,
1872e7ba-86a4-4651-96e8-ecb5cf34f6f7	362	1020	206	33	interpreters
7ca3ca32-f31f-42c1-be53-cb6e707a5e89	362	1020	206	33	,
782819c1-a11f-4905-9da8-8f7831c52644	88	1044	116	32	shown
f2eab288-7ec6-4869-9517-9c36e20378ab	208	1044	186	32	inhabitants
b53ea379-5ded-4350-82be-3fba2dc286d3	88	1048	185	57	commanded
1a8f4b2a-065b-4c25-af4b-2864ab0b0257	281	1048	54	57	it
e564e22d-b4ea-408f-a740-bf529c11ff30	343	1048	147	57	seale
a0431fdf-452c-4d09-94ec-fd6e5dffdc13	498	1048	73	57	whi
8d620aa9-a6e6-434a-8861-2cf23edbfe2a	425	1077	68	49	up
e88ff849-a1ac-4bd1-b6ec-bf5e2184c6b2	494	1065	143	55	writing
c1779d61-e941-4722-86a1-b6094bedbb43	639	1059	67	49	and
d2cc9f87-a81c-4b2d-a9f5-e09034ac9e5e	82	1101	110	63	lation
7620f5f3-b5a8-4491-b0cf-bda8065551d9	82	1101	110	63	,
901db9a0-8903-4ac0-bdbc-cfd9ceb7580c	200	1101	87	63	sealed
f0778f0b-2a1e-4d60-93c2-f635ae617b2d	295	1101	39	63	up
d9b8750b-f821-4f75-957e-2a3ebacf6f95	342	1101	181	63	toront
10b9cad0-77f0-49b5-af16-9b3da14cc5c4	342	1101	181	63	,
ce2ae862-d279-4030-8955-a7d8fb86849b	531	1101	47	63	43
ca0030b2-9e3e-4953-90f2-1025d7f67fe0	586	1101	117	63	rants
88e57bb1-6833-4b0c-95c5-746f36aebd22	505	1134	16	32	,
3c7d5709-d983-4e7e-954d-9fa359d1b653	524	1133	101	32	485
4d73583c-2b14-4521-898a-f091d432bc5b	524	1133	101	32	-
9153a485-3198-40a3-8edc-8f5b10ba2166	524	1133	101	32	5
a5aac893-63b0-4366-bea1-da67ab3cc322	524	1133	101	32	;
3d629d35-c9a7-4124-a0d3-48101bfffbb4	629	1132	72	32	puts
6f5eb555-051e-4f18-97fc-402698e6a633	88	1161	119	35	stones
50b83a69-5cca-4b09-9b2b-9b8ef9e1d78e	88	1161	119	35	,
d66ab3ee-3475-4897-818b-369d8c4720fc	211	1161	104	35	which
0be2e9d6-feaa-43c0-8dac-010b6739de17	315	1158	76	35	the
b16233ad-f17c-41c3-b3c9-c3dd7e5fccb5	396	1158	89	34	Lord
42b61d65-c1be-41e2-992b-a198a2a89aa7	489	1158	72	34	had
1e34f66d-b33c-40b9-8ee2-cfa374b6b5ab	566	1158	141	35	touched
3fcb3633-a604-4d1e-894c-1c4d7fc99c4a	566	1158	141	35	,
c0d21115-bb3c-4076-ac1b-3bfe5f88a5bb	170	1186	133	38	vessels
79e57202-5a7a-4e13-8f28-d2d02a36e879	308	1186	62	38	for
670e0f14-e693-40ea-b6a1-4126e72f073e	374	1186	119	38	lights
66b60ea6-73da-44c8-813f-998798645423	374	1186	119	38	,
9831d57c-4737-41de-b2e7-145397972151	498	1186	133	38	487
09b4d6bc-0f79-4148-858c-229d63b3144e	498	1186	133	38	-
603cb8bc-a15b-43b0-b248-20e6c177d399	498	1186	133	38	ch
c0f82b4c-6886-4c1d-8dc7-31cb9b043fee	498	1186	133	38	.
9c73d24f-145f-47f0-87c7-d2ce8815fa55	636	1186	68	38	6
782d66a6-7489-40aa-98f1-880176f721a9	636	1186	68	38	:
7bd9b459-975b-44ba-8392-4edc23240ce6	636	1186	68	38	2
8d311175-4ddc-4114-9e03-c35b39d5d64c	636	1186	68	38	;
b1997f55-5d3e-44b2-8def-d3d2ce197f50	88	1214	80	38	sails
a4da9813-7bd2-4403-b244-e9517bf8ee06	174	1214	57	38	for
94e5fa3a-6494-4a48-91ad-257c92cd9402	235	1214	152	38	promised
e79ec779-73cd-4c5c-bc5d-3b719de10ff8	392	1214	86	38	land
af74730e-cd00-493d-9d22-fda4ee39a8ba	392	1214	86	38	,
86a4e72b-14f4-4d33-ab47-a12ce3c66788	482	1214	81	38	with
151e7281-5069-496f-afc3-e78517a8607e	568	1214	57	38	his
f50fb4a0-0440-40e6-983f-3bf3c1763947	630	1214	74	38	peo
66f6cd44-5ac5-4751-9a4a-f8e6e6534c3b	630	1214	74	38	-
d3e2e859-b792-4cf7-a1bf-c46200248449	158	1243	132	32	487
d53fc2f0-bcd1-488d-be70-8430d331116d	158	1243	132	32	-
91135ecf-f62e-48a4-beb2-92bda61ee5f2	158	1243	132	32	4
4435ab84-78a5-41ee-9d2e-cebe845fd162	158	1243	132	32	;
ae54f76c-8394-42d2-b495-781b38f7a298	294	1243	124	31	driven
19e0b73a-b3d9-4b2b-bd8f-db6c4fa9a4a7	421	1243	45	32	by
43200d75-6580-459a-b0cf-7e82fee7c7a7	489	1246	95	35	wind
b727e2da-882d-46bc-ab25-6f6ad2f317a8	489	1246	95	35	,
f8e57c64-abf9-4ddd-82e8-40982f283253	596	1246	108	33	487
869a3722-1ec5-4f6d-9a72-c902e23a53f9	596	1246	108	33	-
427f85b7-4144-4310-913b-0d0919eb1663	596	1246	108	33	5
07491e37-5aa2-452b-8dc7-b7bbca3a4f16	596	1246	108	33	;
9ac657ae-3f24-4ec3-a0d4-83d7c649f86a	88	1274	123	29	reaches
8a956b46-2401-4f01-978e-ddca4587913b	215	1274	149	29	promised
038ce441-180e-4db5-9842-95ab5f26b33f	367	1274	83	29	land
023ece1f-3483-4e1f-bebc-b52b19ae2a2a	367	1274	83	29	,
afff596e-6ffb-45d0-bd20-e800c30e9257	454	1274	116	29	488
d551e43c-5792-4630-8016-b684610de7a7	454	1274	116	29	-
8c31c8fb-d72b-4b81-8d84-b1a59fca9b54	454	1274	116	29	12
e3404b01-1495-4dc9-848a-f76b2585f895	454	1274	116	29	;
2ca94359-8bd7-4b47-b607-801bfb1d3354	574	1274	73	29	tills
ef10bbbc-fdb8-485b-878f-a82fbfa1a456	650	1274	50	29	the
143d5e76-a92a-4d97-ab30-cde2b4319097	760	442	141	63	causites
aa6c223b-343e-4b90-9bce-161fae073fe2	760	442	141	63	,
ec8aa35d-e3a3-4dbc-b5a9-6a61515926ae	910	442	173	63	snowledge
de1f1ae0-dfcc-4083-8dc8-eab7c0a334cd	1091	442	39	63	of
1a4532fd-0724-46ea-b508-ebcac8a33e13	1138	442	142	63	Teamite
f2c008cf-7563-4eff-90d0-c442a91b17d8	1288	442	94	63	sites
17417cb0-8a58-43f5-8e43-ee96871c55ac	1288	442	94	63	,
b2947241-a070-44b1-a52a-eaaf03aeab99	1134	433	186	48	Zoramites
db6e12f0-0fa0-40c9-b379-c7495f66e35d	1134	433	186	48	,
b9ab0bbc-7042-4f5e-985c-9a3c0f826370	1322	446	55	39	be
91182eba-a301-4c4e-83c3-58eb2c9c12b2	1322	446	55	39	-
8bb3a721-fe93-48cb-b5ba-895ed3b7596a	763	499	120	32	316
2d3aacf5-9a43-49ff-a18b-1efb56e526c4	763	499	120	32	-
0e31b31c-8c1f-412f-b881-4c025c807c14	763	499	120	32	5
aa932953-5fd7-429a-8a52-44a59cc9a84a	763	499	120	32	;
282e74e9-10e5-4a4a-8043-0e1de96fe67e	887	499	58	31	of
fc1015c0-2410-4371-9127-e058381369b8	949	499	168	32	Lamanites
ed19ee58-e544-46c3-bdb5-2e8b5d45d0ba	1142	498	174	32	astonished
cef8288c-f520-4dcf-bfd8-9d01dd0fa33c	763	530	126	35	Nephite
fb5a0a4f-b60c-4091-a356-d8994e3159ac	894	530	214	35	fortifications
b2b61cee-66d2-4b7f-b473-068343df49c3	894	530	214	35	,
0b1ffa01-2935-46f8-9c6a-2b101b55c25a	1113	530	105	35	318
a979229e-0a2c-47df-b406-6cca61828105	1113	530	105	35	-
64daad52-10a1-40a6-aaad-082a1a82742d	1113	530	105	35	5
b1500dd6-ca0f-4035-ab67-9a88bd6074a8	1113	530	105	35	;
5c838d47-9107-4aa3-8461-b6c98f19e5ba	1222	530	153	35	appointed
f7904045-b31f-4039-a139-3f248db06e38	760	559	46	38	by
11a7749c-e1cd-424e-9e95-43509b04a7de	811	558	185	38	Lachoneus
17f9a74c-d3cf-4ded-bc15-814d88b36a2f	811	558	185	38	,
2fbf3d97-3316-4d7e-bc4c-abf9b888f674	1001	558	119	39	405
9518188d-f598-4d3c-b9a8-012877b67bd9	1001	558	119	38	-
6c9e2924-4ff4-461e-be51-4eac0df65267	1001	558	119	39	17
cff690fb-2216-479e-a4e6-40d79924db3b	1001	558	119	38	.
43bb7db3-50a7-4983-8af9-e7936748bf8d	732	590	201	35	Captivation
9f9b9342-306c-4c6f-bd9d-4e224be85dc4	732	590	201	35	,
a5732872-6fe6-4fbf-afd0-2336c467b54e	938	590	44	35	of
1607310f-533a-433b-9581-e94da72f4add	986	590	92	35	devil
0c23bd37-cea7-4d85-a1cc-fe8c68413d11	986	590	92	35	,
ba982436-dadc-42e5-b8c7-914cf285093f	1082	590	105	35	55
884a73b7-4b5f-412c-aff1-9f3def2b652c	1082	590	105	35	-
b18a556c-e78e-4295-9ec6-6bcffa3adf8b	1082	590	105	35	29
17aa2855-9d61-40a7-a0a0-26eddc70ceed	1082	590	105	35	,
60479f39-85a5-482f-8859-320c87a3f607	1191	590	118	35	218
ee0553b5-44dc-4690-bfc2-597e329d1613	1191	590	118	35	-
42a24478-2685-469c-87ad-1601a247f564	1191	590	118	35	28
35fd6dd2-425f-4f20-930e-5a654514ffef	1191	590	118	35	.
b450e749-3fd4-4bf2-bb24-c04aac1a9591	753	754	47	75	bi
bd8514a2-914f-4b35-93d2-52534a00d805	809	755	84	75	shal
5c345b15-b1d0-4403-8046-7dec192aaa18	901	756	139	75	410
4a8149ec-cfda-43d7-a34e-60c90bbe7aa9	901	756	139	75	-
4e4ef314-5343-4d98-abae-232b0b8c1979	901	756	139	75	07
f9fd2c29-a462-48a9-9152-85019c779c50	1049	757	56	75	80
9367f474-02be-4b97-b497-2f8287836c94	1049	757	56	75	.
97791140-c96d-4e5e-b1fc-3d809eaf4520	1114	758	158	76	2n0tb
9eab5641-601e-4ee5-b9d2-817a6b774d53	1114	758	158	76	,
b156771a-55b1-4a9b-86b2-0f632a745921	1281	760	105	75	37
8a22675f-8bec-4cc5-844b-29c4949206fe	1281	760	105	75	-
2d62e588-ed09-473d-8779-42467b1dd243	1281	760	105	75	21
c78f088b-5e1b-4043-a5f4-eda9556f1388	1180	819	158	38	497
64ab3061-7fcc-4686-9bcb-ab2a8712a5c3	1180	819	158	37	-
a7af1d5e-137c-41cc-ab0b-08333646f14e	1180	819	158	38	15
38ef0ca9-56b0-4a65-96dc-e9efa38a32c0	1180	819	158	37	;
085ec565-6989-4036-83a8-ae94621aa27a	1341	822	41	35	of
03cb515b-89ed-47a0-88d8-8a10699e7ee1	760	817	155	69	Hearth
628d9b09-569d-44f7-a5a0-33ae8a43620e	924	818	147	69	498
b7fcb2d1-b1e4-4e47-bbac-83dd497d48b7	924	818	147	69	-
81ad58a0-342d-4551-9984-d756f2e68d83	924	818	147	69	30
56243c02-3404-4f8a-ae19-30f962dc4eb3	924	818	147	69	,
2adf4457-a43e-4754-b9a0-e6ec0a61f609	1079	818	69	69	Lev
d7880871-120e-47bd-8bdb-e5d3ac0da645	1157	818	104	69	Het
c87b57a4-1e09-42b8-839f-9aa33dfadce8	1157	818	104	69	,
d89b1b1b-2965-4f1c-bf72-86195697e48a	1269	817	116	69	Baron
bb119be5-b63c-459b-a748-97bededeb8e1	1269	817	116	69	,
34b48c35-6ef7-4f0b-acc3-f8d2d6eb847e	760	880	211	35	Amnigaddah
fc6bd5cf-bbea-4060-9e0a-5537a92663c1	760	880	211	35	,
b3ceb147-0072-4381-b10b-c82b8523caf0	1059	877	191	36	Coriantum
37aaefef-19e7-4c9e-8f5d-eda8c0d6de07	1059	877	191	36	,
8f2f7190-73dd-4cce-b971-2149c0e3ba90	760	937	165	35	Coriantor
ac277c76-5025-4c56-bb12-8db37d9b6ead	760	937	165	35	,
dd7fcc88-93e8-4ed3-8d5a-55a6e159df20	930	937	117	35	500
8e0786c3-cf7c-4b4f-817a-709a8b908a14	930	937	117	35	-
2133f499-3648-4427-8136-d5d84e79f6b3	930	937	117	35	19
1a810daa-1841-462f-aa1a-edba2e18d467	930	937	117	35	.
f49ad901-3c03-4b70-bd65-66cc61bb66d5	732	969	190	38	Carbuncles
af235275-1151-4446-bec7-9bbddc2b7a44	732	969	190	38	,
5b917006-d888-4c24-8ff2-50f040ae1530	927	969	95	38	gates
73bd4fed-a508-48dd-8752-eca3736bb23b	1027	969	47	38	of
90712890-0864-4ba9-9e3f-6aab728b99e8	1027	969	47	38	,
de370226-f366-4374-8497-f34f079bda2a	1079	969	117	38	445
0d5545d7-b8a0-45ed-b6ed-07c8828745cb	1079	969	117	38	-
b5f6dd53-3df3-4927-8642-b9ee09f5b067	1079	969	117	38	12
27185e3e-8752-4ad2-b59f-fe698d9d8159	1079	969	117	38	.
2c527bc5-6be2-445c-97c4-3361a34fbc1a	732	1000	140	35	Carcass
37a63a82-d072-4a66-a7ed-5e65c59bb083	732	1000	140	35	,
5a6833a9-4626-4df8-9387-fd6b616f899d	877	1001	136	34	trodden
645aa302-7e25-46ac-95db-e42754ef7c7b	1017	1001	102	34	under
1a696ea7-480b-4c1f-9e1a-2b7e9e73334c	1123	1001	81	34	feet
3cbd8d4c-0717-4d93-931c-831671f5fd69	1123	1001	81	34	,
a97f3b1b-5f62-49ae-8db4-65654bf47b83	1208	1000	98	35	88
4f9aa1ef-c817-42a4-8685-3498e22212c5	1208	1000	98	35	-
a9fa474c-0ccf-45c8-b5ad-7c752eef0725	1208	1000	98	35	19
bb14f643-c089-4410-81ad-ab2af0e58f53	1208	1000	98	35	.
aef4ec15-65b0-4efb-baeb-d875c018e02a	732	1026	138	69	Coured
f8080f92-78e9-4df3-9895-a1a6faa862c1	879	1026	181	69	mangled
e1ac9d86-1b5a-416d-8ca5-f65d90308dbb	879	1026	181	69	,
42ab022f-1756-4872-b224-6abf8ad91b54	1068	1026	26	69	4
4f79dc45-1197-4207-9097-623dabc0f2f9	1103	1026	86	69	6
cee673e8-473d-486e-a7e6-73d88e199491	1103	1026	86	69	-
545c985e-0af0-40f0-88c5-00895ec999fc	1103	1026	86	69	55
665a8dd7-57c0-4708-bfa0-895ca16f895e	1103	1026	86	69	,
5049ead1-768c-49d6-b489-efcc94d0d321	1198	1026	121	69	235
6cbc0804-a6d9-4fbf-b1e1-6b88e82dc487	1198	1026	121	69	-
fb9c77f6-d1f4-4f4a-b216-d8a0264088a5	1198	1026	121	69	10
aace841e-64a0-4d3c-85d7-a5c60d8419d8	1198	1026	121	69	;
679466ed-9cd7-4b0d-8f13-7dee90970c9e	1327	1026	55	69	de
cf171f14-2455-43aa-80bd-9a6501a11f56	1327	1026	55	69	-
2f6eacd9-5410-46df-8542-9b112d20f3d8	732	1091	200	38	Carchemish
e9189e0e-7793-4d3f-8580-4f41f71b0ff0	732	1091	200	38	,
0898e39d-1e02-4b5e-8cc7-1b1b0d999c32	936	1091	89	38	83
a783277d-593d-46db-9a41-0293ee2b221b	936	1091	89	38	-
4eb484f2-d05d-413f-89c8-44d21e17a70d	936	1091	89	38	9
0e595b01-8d5b-4f17-b141-fb1239fb8ee0	936	1091	89	38	.
aa8eee83-2215-4133-8a36-5f33e38a7bb1	732	1123	147	38	Carnage
75937873-e9dc-4afc-bea1-65e7729e74bf	732	1123	147	38	,
6a0d1ec5-7cc6-4bb1-a030-50908ae0313d	884	1123	119	38	spread
1acb4be8-3047-453c-9a18-501759863e18	1008	1123	52	38	by
cef9564a-6dd8-432c-9faf-6ae3f32e8bac	1065	1123	176	38	Gadianton
7db71105-3071-432b-b405-8984b8530d37	1245	1123	137	38	robbers
7a338bae-236f-4af4-a5dd-f64bd91257b7	1245	1123	137	38	,
a1849898-c998-4197-8972-baab67a4a700	757	1145	66	76	46
628abf49-5d15-4924-9191-0818488d1a2a	757	1145	66	76	:
521868cc-36e4-4e8d-ba19-2657614dcfc3	833	1145	47	76	11
c6172588-9036-4cfe-9993-fcdc1e2e236b	833	1145	47	76	,
30ee2a6e-c3cc-4d67-924b-9addd48c1adc	890	1145	86	76	40
616f88bb-5b3b-468b-99bc-756b27f56306	890	1145	86	76	:
eaf6ff5e-4a52-4a63-965a-f3a6b1025ea5	890	1145	86	76	3
ca746924-79af-4a33-ab32-23d2392b8cd9	985	1145	38	76	in
8780e751-2161-4d3a-8845-d96289d12a7d	1033	1145	95	76	her
a5ad84c2-c5a6-49bc-b829-b55241177651	1137	1145	95	76	na
3916f9ce-0616-4166-97d7-6937731d0dc4	1137	1145	95	76	,
27e82204-3f9e-46b0-a7a9-7c1d0af27d96	1241	1145	147	76	30652
73e0dbd2-5292-425d-b82b-80a30173ede2	1242	1145	147	76	-
439d6353-cc61-4eb8-9215-ab6793f02dd9	1242	1145	147	76	8
bcda2642-0522-46be-930c-5ea53478f2e1	1242	1145	147	76	,
5db1e97c-ac72-4855-86d8-c30a835aae5d	738	1214	120	32	Carnal
151315cf-36e8-4e41-aee9-f6041f45404a	738	1214	120	32	,
e7112b16-0640-4353-91a6-6c055bba5e5a	862	1214	40	32	a
292bd238-0351-4b67-a552-4db873f10b39	906	1214	104	32	sinful
db607395-bde1-491b-8dac-c9b6d0197f28	1014	1214	104	32	state
7779751d-73d6-4714-a02b-73fd37118508	1014	1214	104	32	,
38737195-db9c-4fa4-8520-edf2d90c4c24	1122	1214	102	32	142
14484e75-a8dc-4515-9570-66e03cd20110	1122	1214	102	32	-
83a18c13-ecb7-43b3-9c85-bebae5675605	1122	1214	102	32	2
d15b9543-ddd2-440f-a126-a8f52979e20d	1122	1214	102	32	,
f50119b9-4d0e-45b7-9fa2-b4974f686585	1227	1211	107	39	165
b594d628-fd15-468c-b1a6-98505efeca5c	1227	1211	107	39	-
26041113-17f8-4c44-aee2-956581f9c9b9	1227	1211	107	39	3
8612799c-3c5c-449c-8eca-6cf39217340b	1227	1211	107	39	,
54e7c1d4-42c4-4eda-a172-ec0636bf71a4	1338	1211	44	38	5
fcdde41b-0da9-4f6e-ae19-d2bc34b48f1e	1338	1211	44	38	,
0c8c42b5-4773-4d80-8d37-a770800cac49	760	1243	120	60	298
4bfd72a8-b1a0-4210-8696-9ed655e10d24	760	1243	120	60	-
70683939-e99a-4424-85dd-9a1ba30817c5	760	1243	120	60	13
8cf86db9-64f9-48df-921a-a1cd4897f33b	760	1243	120	60	.
e429ac96-e38c-4fb3-8de1-7dea405c5d43	887	1243	105	60	184
209906a5-7c6b-46fb-932b-41373bce4396	887	1243	105	60	-
b3a4463d-bbf0-4b33-9e56-52752bc66ce3	887	1243	105	60	4
54499111-02c5-4dcd-943e-7b5c9f70adb7	887	1243	105	60	,
df387520-9f26-4e58-8a69-66cbe1bd3493	1000	1243	120	60	138
73e77f95-7ae0-400b-b085-a5d296a0ed22	1000	1243	120	60	-
4d298d02-1717-4a25-93c0-11a347b28bf2	1000	1243	120	60	23
32d0a618-2570-4295-b300-ce55c1268b1c	1000	1243	120	60	,
79075cf9-d4f3-4958-9009-93f907eacf97	1127	1243	127	60	252
ccd6e3c2-ed09-4d92-8f26-2ad6e609e9dc	1127	1243	127	60	-
052453bf-25be-4faf-afc3-403de0d9a972	1127	1243	127	60	13
dc8aea18-e804-4b6f-8140-42c6f40e9085	1127	1243	127	60	,
e574fb5e-edee-48a2-9805-e4a01f5f4bb6	1262	1243	119	60	297
1d373103-6e66-4c2a-9524-1f7be12920d9	1262	1243	119	60	-
b3f1e3db-5b88-4460-973b-4034cafe850e	1262	1243	119	60	11
99aa24e7-ff12-4e3d-a83d-a765319ca95a	1262	1243	119	60	,
ec3e9d30-bd26-4ea4-8fbf-ffa0b9873197	91	1390	113	26	489
c71c428b-0a1f-47c0-a124-45588eb14d76	91	1390	113	26	-
7ecfb5c0-b29f-4073-8d24-b8a2776a6374	91	1390	113	26	29
c7863e16-7e72-4b72-a6e3-dc04bb5a9f07	91	1390	113	26	;
a2eefa5f-3f12-4011-8f6b-2131af0d47b2	207	1390	116	25	causes
284dd70d-9d93-4f8c-bd98-560245c39ad8	326	1390	59	25	the
562bb4f7-1b18-481c-b6fa-695e515ddf58	388	1390	166	25	mountain
04cf78ee-1488-43f6-bb45-8c2eb9755512	388	1390	166	25	,
85963e5b-08ff-42eb-8ff8-650a081d232f	557	1390	103	25	Zerin
ae8f9c2c-8c85-4ec6-9aa3-2f40bd6e346c	557	1390	103	25	,
22f8ac89-1bb5-48e4-87d8-dce7e9e91e1e	663	1390	37	26	to
17d97a4c-fd68-4d9f-845a-75ad113537de	57	1413	158	70	Brutain
79ef8734-a0fb-4244-bd07-e6f9ca242210	223	1413	44	70	ed
fa4b4f86-f97e-4026-997d-a4cab5e283a1	276	1413	184	70	amanites
8351a7d0-7f0a-4c5f-87e0-a1c1b0520eb6	276	1413	184	70	,
6ccb239d-1131-42e1-b447-17ad52a65b8c	468	1413	44	70	and
fc81a32a-c218-4ead-a13c-17c8977cfe45	521	1413	186	70	degenerate
07b7d7ca-f145-4533-a10b-2afb5b5031de	85	1534	114	35	14
9102f066-923b-44c8-b458-76c35ce7b5f6	85	1534	114	35	-
eac74932-c41d-42a3-9148-fe97d489247b	85	1534	114	35	26
5f4fbc0a-fecd-4c30-afaa-7aad5865350b	85	1534	114	35	;
2a874142-54be-4efe-a917-833a1fedbc25	57	1555	149	70	Burders
bc6eb1df-b8e1-459f-9441-eeda7fad9130	57	1555	149	70	,
d99dfefe-f381-4fd7-8684-fbd0d10c682c	215	1555	35	70	d
983997b8-43cf-41dd-ae08-c829a0592fe7	215	1555	35	70	,
79ba9561-db0f-4385-8fb5-64494a351e03	258	1555	149	70	Nephites
f35c9de3-7905-4107-8a65-57da2c519a22	416	1555	35	70	in
768cdff6-29a7-4c76-8d4d-0c5aeb3bf810	460	1555	140	70	bondage
47e55a65-bbc2-4cad-90b4-aff10b77755d	608	1555	98	70	made
76fd06f4-aeb8-41ca-be98-1d316c72b58e	82	1619	98	35	light
aca0e3cd-f12c-458d-9d07-6a63fd9f79f4	82	1619	98	35	,
32f47292-e857-48d1-9e3a-7d87631a5b06	184	1619	122	35	181
33d97699-a809-4e60-a822-44e68c63f257	184	1619	122	35	-
6810badd-5c71-48fb-824a-22d63d806e07	184	1619	122	35	14
781c8566-f55d-40d5-bd1f-53dd413179f9	184	1619	122	35	.
60649453-1b35-4845-81e5-4f11b3d9d8f0	164	1644	176	38	offerings
285b0a3a-7310-435a-a574-7361c0aa8a27	164	1644	176	38	,
54fbad47-913d-433a-a05d-53643cbe74fd	345	1644	62	38	by
53b90f57-5f49-41fc-ab7e-65ae77c422f9	411	1644	90	38	Lehi
833b76fe-c0cd-45c3-bb8e-189559ceaaf4	506	1644	81	38	and
6a1eaab1-aab3-4759-b6ca-0437885dd0cd	592	1644	115	38	family
5a3971c7-6107-4bea-a299-b30f87d3e0db	592	1644	115	38	,
3ea8b224-2843-4b9c-928d-3b0084111488	88	1675	83	35	10
217a54cb-5726-45a7-b52c-6d1a78c105cc	88	1675	83	35	-
92ee51c8-cd0e-4945-a067-6704ab46f724	88	1675	83	35	9
7a840bb3-de20-4737-88a8-eb7c46576c07	88	1675	83	35	,
da52895e-0825-46b5-85a3-bad3c79e9405	176	1675	105	35	13
5047ac26-00dd-42f2-b41b-fc0564727719	176	1675	105	35	-
38335499-0575-4484-9dc8-f6cbfdedaea4	176	1675	105	35	22
afcdb4d9-1810-4172-bc72-02433f673e1c	176	1675	105	35	;
6f596105-9dd0-475d-9de1-5b5f0cdb0621	285	1675	57	35	by
3ebdc660-94b8-4192-bbb0-17689cb57209	346	1675	109	35	people
09899e7c-5da7-45b1-a3d3-c3b9d51d6fce	460	1675	39	35	of
d9175c70-2c65-44d2-a0dd-ad12c49f1a1d	504	1675	87	35	king
a8657af4-574d-4647-af67-9820736ef9b2	595	1675	105	35	Benja
8e98de94-8200-4889-9ee6-b76b1be09f3f	596	1675	105	35	-
72931db5-691f-4393-b83e-ec15f7acc1f6	174	1707	116	28	136
d88e499f-0ea7-418b-992f-2ea7a874612b	174	1707	116	28	-
fcb8494d-c5af-457b-bbb8-88ade52dc6c2	174	1707	116	28	3
2afed64f-715b-464a-8922-18edb4821e7a	174	1707	116	28	;
fb74d7b8-d58a-44ae-b286-5e39b8675a24	293	1707	94	28	done
30af335a-182d-471e-a578-6b2bed10f086	391	1707	98	28	away
dcab7f95-c9ae-44d1-adb8-c2d85c2904ae	492	1707	98	28	after
ad24c9ad-9ddc-4f3e-818d-0285193b6ad7	594	1707	109	28	Christ
e7503619-fcec-468c-a8c7-f4be40a46154	594	1707	109	28	,
b7cc70b4-3122-4408-8db9-3a205fb37b62	63	1786	99	66	Carom
fc128cb9-68d9-4161-931d-6414b5ae83d1	170	1786	66	66	ne
6737dcc7-acbf-4519-bf59-68d76d3e6877	245	1786	140	66	bedam
08fbb4b3-1423-419d-a027-53389d0dd7df	245	1786	140	66	,
5df2097f-7018-4062-aeb8-9bb56c01e291	393	1786	33	66	3
6fb973e7-9b72-406b-871f-6017b0a4137d	393	1786	33	66	,
491c0973-34ec-485f-95c4-168e05eb5142	434	1786	107	66	49213
9927fc0b-dcfe-40bc-b2e2-93f2f67fca58	550	1786	154	66	murderer
17528650-a7ee-4419-b727-08f2eb0a2d90	60	1843	133	38	Calling
dbcae3e9-f0eb-463f-957c-9e2418a9de8e	60	1843	133	38	,
c99da743-fa67-405f-ae71-2a7eeb69eb1b	394	1845	85	35	and
73bee9fa-65df-4ae7-8928-5ce6fde9c5ef	483	1845	90	35	high
e75a94c4-72cc-4240-84bb-e6987da0c93a	577	1846	127	36	priests
dd80957c-1d41-4c88-9769-31069d375065	577	1846	127	36	,
9795f93f-f49f-4fab-afb6-5827e448a065	60	1870	108	67	Cal
9d6ce5f0-8221-463d-a62a-ee183fe55cb1	60	1870	108	67	,
73036596-3e31-4344-9c3a-59d16c5305c3	175	1871	81	67	3323
8370a613-6e65-401f-a020-637b413a07f6	175	1871	81	67	.
277d563a-1f78-4657-8895-8ded36961d68	186	1874	114	38	228
7c29bc39-b4d0-4f27-b0fc-30e6ab5318fd	186	1874	114	38	-
7e73dfbf-f3be-453e-be2b-c4c735555a73	186	1874	114	38	8
d8c77720-8260-4def-a86e-06a26b7e4f98	186	1874	114	38	;
3dd5c4f5-cdc2-4b12-bffc-9de7ac7193ef	305	1874	33	38	a
622b1e36-43e4-4538-bf54-1205e81ff738	343	1874	85	38	holy
121c655f-d41a-4cfa-89ff-9e67f2e98629	343	1874	85	38	,
50178be6-938e-44d6-935a-e89531ee1a4a	433	1874	105	38	228
94f4463a-6a9d-47a0-b280-9b47b4824fa4	433	1874	105	38	-
a7ea3f61-a2f1-4c78-8a19-f865fa662a2a	433	1874	105	38	4
b27440ae-af84-4c5a-9801-9f750d39b93a	433	1874	105	38	,
04d3c2c8-1140-4025-956c-5ca4bcef0da9	542	1874	120	38	268
355d65c8-c4d5-483e-8ecb-df20f9ddc5c9	542	1874	120	38	-
6a52eb05-4be4-422f-9fc4-c7278754f433	542	1874	120	38	13
68555be4-ded1-48ea-8ac8-60f1cb92ed44	542	1874	120	38	.
31933489-a807-4215-b4a0-a64950d148b2	60	1928	190	41	Camenihah
625d3850-9cd5-432c-936d-dec0a819681c	60	1928	190	41	,
d438e844-d9c7-4097-b218-a598b0a5eaf2	255	1928	36	41	a
a912aca5-1887-43f1-acf6-7e39c58d540a	296	1928	133	41	Nephite
60677eb5-0775-4680-8ab2-ec24a022255f	434	1928	159	41	chieftain
d99e23ae-8dbf-4763-8726-59fa47340c59	434	1928	159	41	,
fb712e1c-41c4-41ab-bf8b-b5f0853bec01	598	1928	109	41	killed
f0f94fc6-9aad-43d7-afc0-104574de2402	598	1928	109	41	,
a8214160-bcdc-43e0-9f1b-3f54fa47b7dd	57	1956	92	105	Came
255f0d46-d05b-4bfc-8d87-43aeaf53b056	162	1956	210	105	Alice
e9b03f4d-94c7-455d-a094-ecd16c67035b	385	1956	144	105	ached
eda48b92-ae41-4d46-9b2f-846120f1b6fa	385	1956	144	105	,
8cf6fbb9-1cb1-4420-98ff-32b453ecb5c2	543	1956	107	105	1922
abe64a43-66f2-4422-8304-8e771edbd4d1	543	1956	107	105	.
4ad98483-f4b1-40f2-a332-b82f07926493	536	2016	81	35	the
ead73dc9-0f0a-4481-8a82-3662e2f0176c	621	2016	86	35	land
2ef1305c-8218-4de3-8f94-41f93b6249e8	621	2016	86	35	,
040798d9-5684-4141-9367-6da2e0b8f94a	88	2041	117	42	361
0fb2c68f-db9d-41a2-93e0-4bbf5b325067	88	2041	117	42	-
9a01ab54-bbd8-496c-bfd4-9ba15b6e3639	88	2041	117	42	27
209eb5cd-46e8-4415-a506-2fa037c85d6a	88	2041	117	42	.
316aeb53-d16a-42f6-b03b-24069e5b813d	760	1391	61	29	the
1201d7a5-1561-4620-91a8-19e31bce810f	825	1391	156	29	Jaredites
2ebe7d44-1e3e-4057-ac4d-4449d6a7bf8e	825	1391	156	29	,
17ad267d-90a4-43fe-81af-88869d70c893	985	1391	116	29	494
08d3ccbc-9367-4ae6-afd2-d1c6f728189d	985	1391	116	29	-
165f417e-9bdf-4a6c-8cc0-9330fb685cfc	985	1391	116	29	18
b2aa7402-a644-401f-88b5-452b492b3635	985	1391	116	29	.
57c80cb2-28b8-42c5-9218-2893f67504f7	734	1408	104	71	cavid
c77246f5-c95e-444e-8714-b222f40bdfdc	847	1410	52	70	of
da0200ff-d5d5-45d9-a2af-3b7c3ef93f73	909	1411	73	70	625
19968cf1-d808-41e3-8ef5-e6afbe98264b	909	1411	73	70	,
9eb4ad55-fb5c-4d7d-a07e-4d81bb04ac52	991	1412	104	70	Eter
a14ae651-cbb9-42af-b220-ff32b51db159	1105	1414	94	70	hides
411968f3-0176-4b29-a26d-9afd1ec51a67	1207	1415	42	70	an
170495fe-c3e4-4b58-9fc7-26e615e5d4c6	1259	1416	120	72	ot
081b4fe6-5b78-4323-92ca-171cbfeafc51	893	1442	99	44	6
50840ff8-6f94-44c6-aa45-14c0050d7455	893	1442	99	44	-
11dacbc4-d79b-44ad-b2b2-0a6bf0be86bd	893	1442	99	44	27
0ce17581-8acd-4a16-87df-bdf94214ea44	893	1442	99	44	;
7c545f75-4f17-4cba-b03d-216b6f361a56	998	1442	99	44	Ether
a31c1e3f-05c4-4089-9856-c1a4b7976ebf	1102	1442	99	44	hides
b2f2fc4c-4e0d-4dd3-8ff3-b8e487ddbeab	1207	1442	55	44	in
16f0e30c-32ef-4af3-9926-44602e51d78a	1207	1442	55	44	,
9156264c-a624-43a8-8cfb-4909b25d3f95	1267	1442	118	44	504
f6d62674-c132-41d5-9fb6-571a775bdc9f	1267	1442	118	44	-
239cfcf4-984f-4c5c-8f0d-4c6bf27387c1	1267	1442	118	44	13
77d4506c-8b94-4a13-bcdd-8af8fceef097	1267	1442	118	44	,
356165fc-2390-433a-9440-025359b628ce	763	1473	51	35	18
82858937-69a6-4422-ab1d-17ae089ad09c	763	1473	51	35	,
51a4033b-0e18-45d6-8bed-f826c0315adb	819	1474	106	35	505
b1b413eb-2bf3-431b-a8c7-14b4d8a0abb6	819	1474	106	35	-
abad6457-d9f0-4a9f-908e-0fe71e742893	819	1474	106	35	22
a0a6f3cf-01d5-4ad0-bfab-08170850f67b	735	1499	132	44	Cement
afecf764-c686-47a5-abe9-2e3c8a764765	735	1499	132	44	,
0453a0b7-7e6c-4532-86ed-cd131c54f58b	873	1499	143	44	Nephites
c2acf752-6cc5-4be5-a787-e498aad9066a	1021	1499	105	44	expert
40b996b0-4500-48e6-8e33-561510041c97	1131	1499	33	44	in
f4c021e5-6b37-4547-a0c2-36739b139e96	1170	1499	60	44	use
18560176-cd43-4de4-aa05-9ec44ace3a34	1236	1499	44	44	of
dbac0fa6-ca1d-449e-ba66-9fa9443118b9	1236	1499	44	44	,
de439449-6d4e-435f-ba17-6a10cf45884d	1285	1499	100	44	364
53c0f8b2-714c-4011-ba8f-df86888f4a6a	1285	1499	100	44	-
96d202de-03d3-42f9-a2e6-2b6b0ba4b8f8	1285	1499	100	44	7
9fc9db91-355a-4b74-8f39-230139f6f7a1	1285	1499	100	44	,
7133ae1e-4749-4783-9039-720a89485038	760	1529	38	38	9
6e0584b4-a995-4312-88c1-d1a153261c02	760	1529	38	38	,
744459bc-58b5-4935-92df-5903352d75c3	801	1530	54	40	11
5dec18de-59ef-4953-8349-5826d807b0a7	801	1530	54	40	.
df444812-3e92-4628-95f8-baa9a09e588a	732	1555	200	76	Generated
608ea05b-878f-4474-ad83-eff63d1346c0	732	1555	200	76	,
0c92d5b2-c856-478c-9ba6-29d816f874ab	941	1555	95	76	omes
c9e32652-4633-4087-a480-55bb971e3284	1046	1555	95	76	cho
3a627214-0a72-47f0-9f0e-3e9ff487b970	1150	1555	57	76	in
a4fe627a-ee31-4f54-97a4-ecc9216b23d1	1217	1555	168	76	racred
db69b709-eb9c-4511-9e5f-079615db9898	1217	1555	168	76	,
31e3a49b-ca6a-49fa-a266-d0a5bceaa1ab	763	1615	114	35	373
170dc818-fc12-4bc0-8c7a-7c7b7e22e9d0	763	1615	114	35	-
12b32b25-7d02-4409-bdd6-a144725b1f35	763	1615	114	35	15
bcfc3d61-6b0b-4cfd-af1a-1c037126b45c	763	1615	114	35	.
1ad89736-4799-4697-87ad-89f77d4f5d95	735	1642	124	38	Chains
3f973ed8-fcaa-4755-afe9-0986ac4808e2	735	1642	124	38	,
66cbbc0f-4551-47f0-9d04-14dfa3400eae	873	1641	118	68	225
f23e7144-451b-427a-b5f0-7545f5610854	873	1641	118	68	-
ed0dd96c-a783-43ba-bf5f-a18b50fb32c9	873	1641	118	68	11
629e34a4-0f0b-418a-9e7f-5c816d1aad1d	873	1641	118	68	,
7b7d4c51-70f2-455d-95b5-f2912febfe2d	999	1641	118	68	230
31054b46-3635-4be9-9b79-998d3b092317	999	1641	118	68	-
75aeb0f2-546c-423c-88bc-e0b3b34cdc61	999	1641	118	68	30
562bdf41-514d-4391-b87b-9a21143b0b88	999	1641	118	68	;
9debe03b-c0b5-4359-8fc6-75e0b92c64fa	1125	1642	118	68	261
cfcda33d-7031-4dff-bedc-0efd8baad299	1125	1642	118	68	-
a2675f73-9aa7-4973-b44f-7b1387a54ded	1125	1642	118	68	44
9052658b-e641-448b-bc54-0867eaf11f89	1125	1642	118	68	:
3f43f391-25ce-484a-9482-1e54c5c4b95d	1250	1643	42	67	of
8c2dfd56-f026-4457-88f8-37b1106da040	1301	1644	85	68	hell
36b6ec8f-fdd1-4ac5-b4c2-5de30c8c7b08	1301	1644	85	68	,
be1f8f16-5bb8-49c4-8207-fa30502e8072	735	1672	131	95	Chance
1ed2d34b-5192-44a7-b954-83d94c45163b	735	1672	131	95	,
fce9eab8-e61e-40e5-8de7-6bc430b00e13	877	1672	47	95	To
3f1d3bc3-2e32-47a3-b997-025e84e41177	937	1672	142	95	leaning
edafcbb7-c75e-4aca-a7c2-d990ad6bb4b7	1091	1672	142	95	treat
adec98e8-11e3-4a8d-8eb2-71991c89f9a4	1091	1672	142	95	,
8c4d1cb3-f921-4f15-8d99-3de878df7826	1246	1672	105	95	41272
346ceffd-d4ef-4232-9d47-6872dce9426e	1246	1672	105	95	.
82a09dd7-46b2-468c-a9bf-738069d5db75	1189	1764	192	28	repentance
13f106dd-e0cb-4ad3-8ab3-174fa7fc5458	1189	1764	192	28	,
765c45f5-7bf3-494e-b6cf-5285653ba29e	757	1757	47	95	Da
f9b611cd-e9e6-4a9b-be3e-a750bdf739ea	816	1757	107	95	Be
62a206c6-7461-4e8c-8fad-ff78138b455d	935	1757	47	95	at
f82babc6-399b-410b-a295-1b59b60d4358	994	1757	59	95	die
c5a99017-5ed9-40b7-97cb-45f4428d9d8b	1066	1757	83	95	dire
f0aee0ab-efd8-4b05-9126-c710e39b923f	1161	1757	142	95	see
9b4e8030-9e04-4412-a4e0-6f2c18bf4771	1315	1757	67	95	is
663a2cc2-371c-4c15-b05c-bc8098780b5e	763	1789	98	35	145
db2a1c48-a4be-490b-bcc7-fa0a8ae1b5ef	763	1789	98	35	-
3b51a121-0f7d-441c-a7ad-38164eadd34c	763	1789	98	35	2
e49ca1d0-3ee1-47ed-8875-6511347513ec	763	1789	98	35	,
4974d367-b090-4e4e-82e4-81125f1edbdf	760	1846	109	35	ciples
4fec6894-6beb-42dd-807e-b7354070fd4e	760	1846	109	35	,
2c964367-29f6-4e0c-bf94-42199d062039	874	1846	117	35	454
9be0cc7d-d989-4ca6-a31f-fba2bd21fa70	874	1846	117	35	-
908b3e70-680a-4d6d-97b7-70b6cfc3a393	874	1846	117	35	37
e95d68f6-8c8a-4d0c-be1a-94db1f546645	874	1846	117	35	.
e0c64e96-6abf-4dd3-b7ab-372e3cf354e8	735	1871	149	41	Changes
17c93149-040e-409e-8ad4-9479acd48aa7	735	1871	149	41	,
3e58cc6c-ea25-4330-9586-312e1ebbecc3	889	1871	46	41	in
7686f405-a838-4cf2-8f49-3ce16f9be436	940	1871	82	41	laws
46c0cd38-9fa5-4985-a898-e5fcf70427e3	1027	1871	123	41	desired
f1d48ab0-45e0-4875-8f99-b35bacc57820	1155	1871	51	41	by
e8114b0c-a5ce-44d3-a83e-07316a7dab73	1212	1871	170	41	king
5a5ca627-5de5-4353-857d-9764d9931588	1212	1871	170	41	-
5087b9df-9c6d-450e-90a7-603ac82fc246	1212	1871	170	41	men
e24ebd17-d6b0-456a-b857-2a957ab344c2	1212	1871	170	41	,
d6e52b1f-5d0f-408e-8102-47353d117866	760	1902	85	29	324
9d11ad52-932a-4243-bd83-bc618213bb79	760	1902	85	29	-
3705e774-ff44-4193-934c-c662dce9a057	760	1902	85	29	2
c9e1358c-fb1e-4cf5-a7ea-025bfefbc700	732	1928	185	41	Characters
d735fb8e-6ffa-4ac7-bc4f-36ad8e7c5cea	732	1928	185	41	,
f33c3130-49ad-48df-993b-74e0e9b041b7	922	1928	133	41	written
a702e7a7-b9e1-43b3-a9c8-b2418afc9bba	922	1928	133	41	,
3c025b4f-21b5-4215-8634-541b8270fa62	1060	1928	154	41	reformed
9bb878a3-bec6-4c29-a4c6-a84f48739fdf	1219	1928	163	41	Egyptian
674b4c33-bbe8-420e-839a-4e50701265d7	1219	1928	163	41	,
e52c3c6f-06de-4634-8916-ce02df4688c2	760	1959	114	37	478
4300a3cf-de9f-4a85-90fa-5490f921b1ce	760	1959	114	37	-
7fc5a5ec-09f0-49c6-b7db-281185e161c3	760	1959	114	37	32
39153ab0-ae0b-4d55-9ec5-89db9040e202	760	1959	114	37	.
