ID	X	Y	Width	Height	Text
78f02d02-aa7f-4650-85fa-a980c037a9a3	653	98	145	35	INDEX
ae137030-1544-40d0-b443-f7c51f43fe2a	73	164	214	38	Divorcement
88e9720d-4ecc-4f7e-8c58-30b19df68d19	73	164	214	38	,
9231b635-a447-4a14-bdce-2fe15ee18e2a	292	164	162	38	figurative
fcc670dd-f366-40ea-98b4-87be413483ef	458	164	38	38	of
0073b783-97e4-426a-9d17-fbb497a6ad6a	501	164	157	38	apostasy
a04ef5fe-da8e-4e42-b53e-62f743d05e9b	501	164	157	38	,
c2e58512-620a-4077-ba81-cb4bab37062d	662	164	60	38	64
244c40b8-8d7d-422f-ad44-ca217c081b4e	662	164	60	38	-
a857cef0-fc20-4826-8252-13e52d3c17aa	101	189	26	70	di
434d7af3-aa25-4b2c-bc2b-691e2384e141	136	189	193	70	condeatied
86eacf6c-cf79-4b88-a1da-6480dd869d47	136	189	193	70	,
72f3a01f-02aa-481f-8d19-f374adcd1940	337	189	44	70	42
c344d429-0e47-43da-9d11-41c6534000c1	390	189	105	70	Christ
a6982e70-9887-4127-9a8c-f19872e859e1	390	189	105	70	,
45e66af7-030d-4ca2-ad47-9f90a6218c88	503	189	70	70	save
f0aed98e-f507-45d2-a616-92cd456b33c7	582	189	137	70	because
a265a0d9-81e5-45b7-b3a5-ce16e6a6eacb	347	259	93	32	99
5cb3f8f7-edd2-4bb8-8600-a1e31dada007	347	259	93	32	-
82138a00-4d92-42d9-b3aa-d8e6303e91ef	347	259	93	32	9
1317209a-fc4c-44fc-a455-09d7e52fcd4d	347	259	93	32	,
49102a77-8382-49c0-b50f-ced6dcb0bd39	444	259	58	31	12
136b5713-aa26-4b01-b850-b64c2e557db9	444	259	58	31	,
1effac15-a4c5-4c92-89d3-7240985c7d1c	506	259	120	31	196
0a714dc9-566e-4202-a572-f4ad4066931b	506	259	120	31	-
66382149-9362-44dd-b827-7ca4731a2c7c	506	259	120	31	10
08fe0f28-06cb-4f3d-a47c-bf7295abd632	506	259	120	31	;
e6447377-0344-4358-b4c0-6147edd692f6	630	259	86	32	false
f0d22149-82c1-4b3e-a5ae-782ca6ac6507	630	259	86	32	,
2e4d0319-733d-4763-8998-4529bbc046c9	73	262	64	51	Deo
8f7886e6-1044-4273-ae56-52872b74f664	143	262	38	51	be
63d56ff0-dab0-477b-bde2-48788204aee1	188	262	185	51	confounded
8bf07f79-4241-481e-a301-907b2a3c33f7	379	262	45	51	by
cf0fd73d-1de1-44e3-a8b1-958d2d72ac2a	430	262	153	51	combined
1cd7c37f-1f4e-4bae-a3b3-c3c30b66caa0	589	262	124	51	Nephite
70daacf6-7b9f-473a-99f3-dd072ca9eec3	98	309	59	67	Ins
aef06ca8-600c-47a9-92e9-26e4de320a1f	165	309	101	67	Jewish
f8a0c08e-56be-4565-b24f-bb96a9d981b5	274	309	176	67	ser
f3a17275-a31e-4acc-b6e4-e5018794e1d8	274	309	176	67	-
57bed8b5-b9cb-4140-8b1b-7dea78cc44ad	274	309	176	67	tures
aaf8cebc-a5fe-4c12-a9a3-dd6bb09ea801	458	309	42	67	se
1e200cde-e827-4953-872b-b0b3ca15d15e	508	309	84	67	aso
3d23774e-dbb5-417c-8689-8a7dc3aa33b5	600	309	119	67	Christ
6b5c5a62-d690-4933-97c1-afe420a26dfb	601	309	119	67	,
9089ffa4-dbb4-43f2-8db5-25a049eb7334	98	341	125	38	105
d4ffef3e-9f7a-408a-80c2-d091331122dc	98	341	125	38	-
eb4b5f90-c2e1-452d-8292-0f343efd660a	98	341	125	38	21
76c5fd60-403c-4348-9fdc-4a3575e69f2d	98	341	125	38	,
e923fa22-d8c3-46af-9630-c66f5aae84bc	227	341	41	38	6
02092fa8-955b-4f39-92a2-819f1868a43f	227	341	41	38	,
712df85c-b462-48bc-ad8e-69efe2ff07f6	278	341	126	35	423
3de2275c-8c37-4b11-b045-8571d8fbeeee	278	341	126	35	-
eb7be645-1720-4430-ade2-3d07befef1bb	278	341	126	35	32
ed1de59c-ca45-4f5b-9008-61540842df2c	278	341	126	35	.
fce7b987-7244-41cb-aa1d-ac19bb0228e0	98	369	162	35	teachings
b455b130-9f56-4ffe-92a6-ac6ede8aa747	264	369	48	35	of
86e0bde6-5937-4509-8ccc-4a066f16ff0c	264	369	48	35	.
43bcb008-9e92-46f6-98c2-55a73bb949d4	72	403	180	34	Dominions
4833dcba-1a5d-4c22-98d8-bd66586487b4	72	403	180	34	,
083cf389-067c-4262-bafb-864cfe5a06c5	262	401	52	32	of
cd27bb2a-71d3-46da-a286-741a986236d2	318	401	128	32	church
7ac0186b-e3f8-4fb7-bf35-d405a776c506	450	401	48	32	of
64731648-f43e-42c9-8ab2-1cce323c11f6	502	401	116	32	Christ
c7026495-490b-4da4-9180-672946b5fccf	622	401	48	32	to
48d79fd0-766c-4bc9-bfb5-46d21a096d36	674	401	42	32	be
393551d0-f1f8-49dd-a225-3554473ddb05	98	432	102	35	small
f9840434-913a-464f-a1eb-ff4a63f489d9	98	432	102	35	,
f097f801-6f64-4884-8981-90e2d1be3224	204	432	102	35	26
4b6aacb4-ae3c-4436-901e-d5c8298906d8	204	432	102	35	-
6e9d1200-095d-448c-807c-dc49dc9cf188	204	432	102	35	12
c27dafc8-7898-4d49-8cf1-d6595d9b99f5	204	432	102	35	.
d2fe25a1-2df7-4ec5-b723-88f01b8dfa29	71	467	109	30	Doors
c2edc1d6-bc32-4c48-9bc5-ed0b9e40fcc4	71	467	109	30	,
d0505fe7-f243-4808-9ade-1685f8d74f78	183	461	51	41	of
529988de-12bd-482c-b352-fec965647299	239	461	102	41	tents
df05adb0-3a93-4410-bbaa-915dd076bb07	347	461	123	41	toward
b058ae78-afc7-415e-a2c1-46f6d1d01013	475	461	133	41	temple
fcd12eb5-2021-4840-9c64-3ca7c8a10cd4	475	461	133	41	,
6a5642bc-c975-42eb-b228-f27fbb4f2e1f	614	461	103	41	136
d1c64c70-a5f0-40ca-9e73-e34416d2b34d	614	461	103	41	-
8731c8fd-0a82-4054-b6d2-c55ae50273c0	614	461	103	41	6
5457a987-64a4-4d94-bf46-4efb098093be	614	461	103	41	;
93f3f55a-411c-40b8-b0db-26f879c57732	101	489	109	38	prayer
760b2f8e-fd23-4e66-b524-385e73c681be	215	489	119	38	behind
56896a8c-28f7-4229-9272-880e71f83eff	339	489	114	38	closed
7c46743c-e646-44aa-8e2d-3b216070622c	339	489	114	38	,
60e03396-b64a-4123-a9d2-912105548c1c	457	489	98	38	426
8e931e05-2883-41b0-955b-76f6c5915c3e	457	489	98	38	-
8a612380-066a-43eb-9df8-03c23d0e4ddf	457	489	98	38	6
86973fc7-e545-4744-8b04-24f661be03c4	457	489	98	38	.
1725ecf2-653d-4804-8871-b61d49bef11a	73	524	154	35	Dormant
10e370e7-f301-4a27-a762-fa2a5e67bda8	73	524	154	35	,
b4c649e7-aa9c-4ad7-bc6f-f9ab6e39f87d	231	524	83	35	faith
1211e83b-f80c-4c0e-bd6f-045f419eaee4	318	524	79	35	may
8232cd20-2682-4a54-9375-a925eda1c07b	401	524	52	35	be
7f108970-3987-4c56-8da4-b2458884f08e	401	524	52	35	,
10e86632-7e34-4c66-b22d-9a34792ab578	458	524	119	35	279
99f6059a-7805-4f46-aef0-9e68219af864	458	524	119	35	-
49c28bc4-0b7a-4990-b47c-d20370c31d89	458	524	119	35	34
faa47480-b78f-448a-ac0f-9a5eba596098	458	524	119	35	.
3257c07d-74d6-4027-985f-f40a6d8d64e0	73	552	176	38	Doubtings
5becff3b-1753-4b92-bd4c-e0965c93673b	73	552	176	38	,
a69bb5de-03d3-4fa2-b357-8405bcd771c7	254	552	76	38	over
b44ab0fe-b9ea-4094-8250-b375b069a41c	334	552	152	38	prophecy
6f17dc86-ec84-4421-b1e3-f2e3c62e8969	491	552	38	38	of
269748ff-1205-4317-b106-9ce9067ebac3	534	552	123	38	Samuel
9b33ae57-6ba5-4732-a90f-ea755f25e631	662	552	54	38	the
5d8c1aab-831a-4807-b664-a38c7a19b2a0	98	584	166	38	Lamanite
45a522ee-ea45-4cab-af04-4478f71e5ae7	98	584	166	38	,
ead44d86-2b7d-4dc9-ae44-71e6bc93a89c	269	584	100	38	415
25014bbd-38f4-43c5-8c68-bb82186f02d2	269	584	100	38	-
7e38d22d-a6dd-426f-af7c-416e41bf698d	269	584	100	38	4
d1734902-850e-41c6-b84f-49d2e6b0f916	269	584	100	38	.
7a6cb68e-d310-4fce-bd52-78c20c5bdae4	69	609	91	73	Dore
f54d8a00-a55c-435b-89fc-a53badc61f38	69	609	91	73	;
720e0342-74d3-4f8f-bda2-dcd9661b839b	169	609	55	73	orm
283dd4f1-5800-40b8-8ccc-71453fa7ef32	233	609	55	73	oft
4a37ea46-3c47-44a8-b7a8-5ce7eaa9f717	297	609	27	73	a
e0a5e7f0-bc38-473c-a4ec-e62d1e132e63	297	609	27	73	,
54d2664e-5770-4147-82ec-628e56ed76f0	334	609	91	73	Hol
3f6a1098-05a2-4b6b-956c-099a5b092cae	334	609	91	73	,
48b33bec-c8ff-4db6-9d24-ded7ca8f18a0	434	609	82	73	lost
1d8a50be-7d96-4fb3-94b4-574884a36c0a	525	609	73	73	upon
ee35e9b0-f61f-42e4-815d-6ca65114274c	607	609	112	73	Christ
26a19e91-a98e-40ea-9955-d40437925ead	76	675	136	32	Dragons
663e8514-d625-4b43-8490-72ddc5bc5aa3	215	676	198	31	(
a0defb74-5499-4a70-878d-b497a7f86f70	215	676	198	31	figurative
a75c9bc9-5436-4577-bbf2-47dde867694c	215	676	198	31	),
9c750761-fd1e-48b2-ab8c-9ddf539d16c0	417	675	85	32	65
abb4cdd9-62a9-42de-8221-3dd255dec7be	417	675	85	32	-
dbfcc5dc-758d-4ff6-8e2c-18766940026b	417	675	85	32	9
f19af3b3-03c8-45ff-927b-7483bce48c3f	417	675	85	32	,
d199187c-d703-4c20-9e8b-465ea1909974	495	671	111	39	87
40314a3b-9b61-4229-9eed-90cfc80e2558	495	671	111	38	-
366c50da-db5d-4a6f-81f9-c2ac036e526c	495	671	111	39	22
465646b6-aba4-4e3c-b61c-ba5d65ae2b28	495	671	111	38	;
66c25d83-d6ea-440a-bfe3-b7c2afef82df	611	672	106	39	people
16ac19c7-3e01-4027-b223-f139a2ffb764	101	704	39	35	of
6b74b951-5b81-4581-a39b-bdefd16e0de2	145	704	101	35	Limhi
a25d1f3a-39e5-400a-a5df-18b73da15518	250	704	88	35	fight
a041cd65-57c7-49f4-adaf-8c2f9e9ba5de	342	704	74	35	like
77879862-7643-4469-ad86-3e687616b19a	342	704	74	35	,
0d01a954-809b-4d28-9395-08e39b06053d	420	704	123	35	173
1786ed4b-90ce-49d7-8493-ba23ea60f451	420	704	123	35	-
fbf85f8a-37a1-4a30-b7b7-f10391637dbd	420	704	123	35	11
e2cf05d2-2218-41f5-b53d-e8f2df5d8a3e	420	704	123	35	;
7ca9f80e-e9c4-4724-9885-0f1e2d2f5a5b	547	704	166	35	Lamanites
6e6938e3-e661-45db-887b-66fcd7d51b8f	101	732	81	38	fight
f2cf8c0f-9774-4b3c-b53f-fbef429a4dd0	187	732	76	38	like
f7680444-9048-41b7-8985-47f12e567443	187	732	76	38	,
fde8f731-7f55-48df-9bb2-6230193cb535	267	732	114	38	304
8098adb2-ca0d-499b-a8f7-48b3d0b6b8fe	267	732	114	38	-
057278a4-7b09-48f7-9d8f-9f30e4d62208	267	732	114	38	44
7bce6799-5b15-43d8-bf27-efa77194fb32	267	732	114	38	.
a94650df-b1b7-4fa7-ab23-d1de9dde00db	72	795	104	29	Dross
26b0d9aa-8527-4899-96f1-f9960a1a085f	73	764	108	66	Dross
b13173a5-b89e-42ed-ab60-80e4ca47c89f	73	764	108	66	,
4faa0a91-b1b2-4fbb-af90-e680a1c513eb	189	764	74	66	gu
7f7205c5-c021-4f29-b503-4946090cf1ff	271	764	107	66	aire
0117dbdb-6f8a-4e1e-9a9b-01a48054c7d6	271	764	107	66	),
ff7e183a-3fbb-40d6-b19f-8a5338eb4385	386	764	99	66	276
44152003-a753-4840-8572-3d3aad86d4c4	386	764	99	66	-
cab16339-66a8-4240-ab37-8e65193d5dc0	386	764	99	66	3
1e9c10a4-0cf7-467b-a045-ba5ba425e101	386	764	99	66	,
2abf5d92-bd08-4f76-a9dc-773ed3008fe2	494	764	118	66	283
fd63b58f-cb37-4e39-9f69-f869991b1167	494	764	118	66	-
4eba4c47-290d-4fec-a097-999a999d6024	494	764	118	66	29
e4dae926-2819-4601-91fc-1686d9e2c1f0	494	764	118	66	.
f74328ef-0041-4596-89cb-f170d1c38f3d	73	824	224	35	Drunkenness
85536ae6-f890-46cd-985b-dbda4b987458	73	824	224	35	,
6a3b88b1-68cc-4844-9dd1-966c25f5a11a	301	824	44	35	as
a8e069f7-eefe-4ede-b25d-7df27bf76187	349	824	31	35	a
032139fa-25a0-4d65-ab55-99b939203fa1	384	824	140	35	military
9f7ad53f-5529-41db-859e-1c50eb06af58	528	824	87	35	ruse
0c476014-ab94-40df-acee-727d4ab2b4d9	528	824	87	35	,
2979a49e-ff9e-40c5-b4ce-bcdbc1c007ca	620	824	99	35	335
215fed83-cc41-4238-a3ba-7d3f95424539	620	824	99	35	-
d1815017-a744-43dc-ab23-8d30746aad38	620	824	99	35	8
31e643ff-67f8-45e3-b50d-e8a2c7b03c64	620	824	99	35	,
bb0f45cb-b39c-43f1-a757-4e2386e7fe83	101	852	114	32	337
d1f6cb4f-3595-44d1-ad1c-e94159f2a6b6	101	852	114	32	-
2bca8542-d62d-46c3-888d-6f02bf183759	101	852	114	32	30
32b086ff-1498-4e8a-b320-b0b6dde004ef	101	852	114	32	.
cc11a51e-7ce3-4886-8f7d-9aa731c3a291	76	880	110	35	Dumb
437c8f97-18c7-4076-bf90-be0e7e48873b	76	880	110	35	,
d54e92bd-74b3-4b04-a7f4-2cb5d6cdf07a	190	881	96	35	Alma
0c8dd86d-7225-4197-b443-1ebd55c2a866	290	881	96	35	made
70d2dc85-c5c9-4e47-a6e1-c63a23048202	391	881	206	35	temporarily
82a5d35f-53c4-461d-bf58-fc090a7b0644	391	881	206	35	,
7344fa78-ab2e-499a-a17f-cf71de1b7a31	601	880	115	35	188
1efa285b-90ea-4ef4-9180-6eb7578f60c5	601	880	115	35	-
9b78bb87-167b-4b16-9b64-2c4ca15d8882	601	880	115	35	19
2b6dc936-0b15-4ed8-addb-c0f766a63a9a	601	880	115	35	;
0272a94d-a260-4112-b6fa-c706d1d1e18c	104	909	140	32	Korihor
5c11ea7d-f92a-4fb1-949e-5dfae093ff40	248	909	156	32	stricken
482a305d-9c17-4c2e-8934-3a92dd5a1d7d	248	909	156	32	,
c04009db-2003-4b05-8f22-6f375661dfd9	408	909	136	32	272
6f69fc43-452a-4274-8926-102799ec396d	408	909	136	32	-
77e745fc-aff1-4010-a4f1-0a0564723119	408	909	136	32	50
899ab258-b38d-4c63-8f43-f4abba0d3d82	408	909	136	32	;
be246b7d-0718-4bb7-b9c9-869a859223f7	548	909	105	32	healed
1fdf0881-f0db-4b54-a806-fc4e2f7b5269	104	940	112	28	Christ
e1c0c349-04fb-4901-b8b8-9bb46b5a3f20	104	940	112	28	,
cec1e938-5b96-47e3-a491-46741927972f	219	940	99	28	432
d8be4df5-9712-486d-8396-59ece4c5fae3	219	940	99	28	-
f50aa153-dfdb-4ffc-b55f-63c09ca2679f	219	940	99	28	9
c567f5dd-7525-485e-9ed3-247ff6fd7f39	219	940	99	28	.
3845f979-eaf9-4dd7-9adf-fb6e222fc3f2	73	966	104	35	Dust
445a672f-b6d5-4963-a37d-86f69727ddfb	73	966	104	35	,
922a920c-96c7-46d4-8578-16bebc1020fb	170	964	183	36	figurative
df6e4468-d0f2-4565-a78b-9888937f75a4	357	965	47	34	of
2bd32a70-1121-4d77-9e18-00cb0f16a6e9	408	965	204	35	humiliation
b4922c6c-f93e-42d6-ac3f-a7ad9ad44e8c	408	965	204	35	,
44ab72a4-99b8-42bb-82f2-04d9393760fa	617	966	100	35	48
9c4e02ea-4919-41ba-8ec0-2755b9948f0b	617	966	100	35	-
108c1bc3-5f96-4db8-b101-572149f554a9	617	966	100	35	14
62a645c3-4a42-4602-b512-b58490620f36	617	966	100	35	,
2f5741ca-a3ad-41e0-a731-db36b2b24656	104	997	91	27	51
a4bafedc-012e-4803-9751-bf83a99fc543	104	997	91	27	-
65ff3e2a-9f70-47f8-85ee-40e7cf254f6e	104	997	91	27	14
54f45332-c1a1-49ef-a907-5c56eb14813f	104	997	91	27	,
fe6cee55-c9d4-4482-ae04-1ad1608ca429	198	996	111	27	93
0e458b2c-b2de-4103-b117-746adc8fcc44	198	996	111	27	-
56f6f204-85eb-445e-867e-28b1365fc70b	198	996	111	27	15
bc747856-334a-4d83-8f72-92323165f12b	198	996	111	27	;
b1710d34-c2cc-4ba9-8090-a4d04c97fc41	312	995	127	27	records
d795d244-0aab-43fd-9356-164bdb9ab602	442	995	85	27	shall
f8244b41-fa8c-4e87-9810-3134ab80718b	530	994	98	27	speak
91467083-214a-4192-869c-b6879ab242c1	630	993	86	27	from
27a6e1a0-9dcb-4857-a118-8820b027a721	630	993	86	27	,
130922e3-e5fc-4d92-ae29-4e8ef24dabc4	101	1025	93	32	57
afcb5e8b-8057-4468-8cbb-92e462f37fc6	101	1025	93	32	-
919bf187-7ecf-45c9-82c2-ab9bd04f0153	101	1025	93	32	19
4547c58d-7a87-426e-8cf4-7c212b5fb0a4	101	1025	93	32	,
940058a1-640a-45d0-8bd1-7f10f58d5639	198	1025	81	31	96
13ac434d-17a8-48b8-a67f-033663ee9a69	198	1025	81	31	-
afd94a1b-6609-4ebf-9188-9d82770d48d8	198	1025	81	31	9
9806c0e8-57b8-4855-9f81-d758387b3316	198	1025	81	31	,
471ca884-2c25-45e2-9884-5bcdb3d2e7d7	283	1025	112	31	107
7c8bf42c-dd32-4133-8a07-eac3557e03b4	283	1025	112	31	-
f0291c20-08c4-47ac-bfdc-b8048a1234a3	283	1025	112	31	13
3da85f29-1e6a-42ba-ab22-4cb90738d789	283	1025	112	31	,
beb13916-81bf-4a12-b9dc-10dee9fa3bd7	399	1026	116	31	521
8170fc8a-38cd-463d-b61d-dd61d941e129	399	1026	116	31	-
1b31cc8c-a2ac-48e7-8a25-e47452cb298a	399	1026	116	31	27
00fc1ba0-1521-42bc-bae9-e5acc667da95	399	1026	116	31	;
1ec2d4a6-f98d-48fc-9d0d-2b72d6be34e6	519	1026	78	31	man
2e122ec9-2b8a-4beb-a2fc-68ea62205ea2	601	1026	112	32	created
7a3a8d7b-3ab7-4855-b651-38101f11c979	73	1079	176	38	Dwindling
230e7540-0bec-4e2b-99db-57c826d01e54	254	1080	43	38	in
1d3bb802-e430-4c1a-9074-9cec901082a9	301	1080	157	38	Unbelief
37adc604-56f2-4977-8734-bd8aa9ede3c5	301	1080	157	38	,
eb5c351c-b58f-49a5-ba45-35a296574f51	463	1080	114	38	Laban
2e0173f1-5133-4a0b-a90a-c970ce2e17ab	581	1080	95	38	slain
a6310a36-3166-4fbd-aed9-5499bba2a651	681	1079	35	38	to
33594b19-0770-407f-94e9-1cd24cd01de0	104	1114	123	25	prevent
da0cf5bb-4597-4e18-93ed-16a09bc05d64	464	1105	60	35	of
45d4e04d-8a03-4bde-810e-e37ec4040b9c	527	1104	101	35	Lehi's
0c366faf-b55c-48db-abd4-9cc256007b8a	599	1134	121	42	308
90ab8077-f34d-4974-977b-efec1506b8f8	599	1134	121	42	-
595f5eca-1c77-46dc-a07f-73afae541c6d	599	1134	121	42	10
d2646563-694f-47b0-ab04-49ba2ffc0096	599	1134	121	42	,
0eb6a8c3-6c62-4c9a-9d3b-69074e31f96d	104	1189	52	38	34
97bf1109-3c29-4203-8d6d-1476cba070e3	104	1189	52	38	,
bc6beeee-5aaa-4fc4-bb8b-5c15575ee577	161	1189	128	38	458
fc442fc6-160f-4518-9205-87a4584c06ed	161	1189	128	38	-
9a0d598d-bb9a-403e-b967-dfc0136bd901	161	1189	128	38	34
f25c81bf-5911-4458-8b13-33ef7b771234	161	1189	128	38	;
9a56a511-b1c0-4420-af3a-0792d28f6616	294	1189	142	38	followed
83c62f5b-4bb2-44f7-ae98-1fcc90d6b487	441	1189	48	38	by
b50fbb35-598e-476b-a333-ab6cf6438b2f	101	1221	211	35	distinguished
fd9494bc-e725-49f8-b52c-dae024d15a78	338	1221	82	32	from
1dbee8b1-fb3c-4827-a3cc-87123432d4b3	451	1221	95	32	wilful
b9264edf-f015-449e-9bdd-7e2347d1b09c	568	1221	152	38	rebellion
dc81f60d-e975-40dc-91df-52a2d89c6187	568	1221	152	38	,
6670a612-dfdb-45e1-83ff-e1e35a64522c	104	1252	124	32	459
f4cdbfbd-fafd-43e2-bc86-3fea3968dabf	104	1252	124	32	-
2c9aeea2-7832-49c2-bf52-361177d2bebe	104	1252	124	32	38
ae121d1f-2d4b-4778-b234-e52f48d2ed4a	104	1252	124	32	;
ee4ed528-68e4-4d02-a659-03b57c7784d2	232	1252	128	32	causes
b8dd09ed-152e-4b1f-9d6a-4d6a76d6e33a	356	1245	163	39	cessation
8ec6af4f-9dc6-4544-9829-885bcb22af9f	523	1248	46	37	of
224beafb-0c23-4755-9b75-47dff1bf1f23	572	1249	148	39	miracles
318dbf4f-1b0d-492c-9449-e0ff3d2a4e01	572	1249	148	39	,
5fd1b464-211c-48ff-98c4-2eaffab53090	73	1334	211	41	Earthquakes
acc56861-7384-407b-9a57-c1018a024bcb	73	1334	211	41	,
b6637ce9-cea7-4f82-9633-d36a27b5133e	288	1334	159	41	predicted
ab4164e2-3002-4ea5-88e4-92df0a60046f	288	1334	159	41	,
5f896ccc-4b98-43d7-b03a-7332c36022ca	452	1334	82	41	20
6924df02-5fa3-4a0d-89b9-1ca20ef4eb9a	452	1334	82	41	-
d9126291-1f49-4fe7-9094-ab6dde77598a	452	1334	82	41	4
b1d27be8-9218-4c32-bbf6-732c4057d8fb	452	1334	82	41	,
2247a8d4-f618-45f3-a59f-55e82969d11d	539	1334	92	41	63
1426ea77-9068-4901-a5c2-98010cb83094	539	1334	92	41	-
1f9c6f87-16bf-42c7-8efa-2583d8631f6c	539	1334	92	41	15
e7d70296-7d2e-44e3-882d-cf6703eb1796	539	1334	92	41	,
e1122248-aca1-4878-a81b-0a468ad5664f	637	1334	83	41	93
42fe161e-e4d2-469f-9247-8005b788b42a	637	1334	83	41	-
a691f7c0-684d-4b6e-8a83-c2534912f50b	637	1334	83	41	6
737bea3d-5ed4-4775-add7-0e85999fc419	637	1334	83	41	,
7c5c32b2-571e-489d-ae19-91e6d9aa7c58	208	1366	138	38	474
3e1d52b6-9366-4729-85fb-072b59502bda	208	1366	138	38	-
928ae0d2-3d18-4b50-a306-3c8219e4c295	208	1366	138	38	30
fe519726-178a-4684-b969-60dcd10d9f98	208	1366	138	38	;
2fb2ec15-1048-4d9f-a754-655b775bf5a6	350	1366	145	38	occurred
538cbdde-ed24-4fcb-adda-0aaba1648704	593	1360	126	35	Christ's
4d0a76e4-6cb7-40a8-81b5-ed9f557c27d4	101	1394	100	32	death
6268e69d-9bf4-41d0-8dbd-735ef7f86b55	101	1394	100	32	,
1441b37d-1d77-41a7-a97b-80d5d1f7b8f4	205	1394	117	32	416
6fa76f87-d6f2-4bae-8086-dba0c65b0bb0	205	1394	117	32	-
91d4fb06-d8cb-4a0e-b51a-221ed5a9b7d3	205	1394	117	32	12
10ed0cf8-f0f7-4867-a534-8446bd987ef4	205	1394	117	32	.
f2b607bc-540c-4b33-9bcd-331886ac9e2a	76	1420	79	63	Ease
2b1ca3fc-946b-442f-a2ad-b7af5dd41ef6	76	1420	79	63	,
ff238192-2444-4035-9aba-c8d4c3712938	163	1420	150	63	drinkia
b7122a25-4581-4c05-923a-86e8cea4e864	163	1420	150	63	,
97828c47-b170-43a6-85d0-e133568b5274	320	1420	71	63	dote
4bc7fb5c-d9fc-47e2-b33c-cd6d0cc16e49	399	1420	55	63	me
d568dcae-665b-41a0-8893-ebfb0c0de330	462	1420	63	63	10
5cda88d3-69b4-48e9-a967-4164c73d8c62	462	1420	63	63	,
f3218ce2-4a22-4f88-ba1d-a2cba9484f4b	533	1420	48	63	24i
ad75ad70-3a2e-44b4-aa33-db50f7643db6	100	1461	67	55	say
d37fb284-86e8-4c91-af8a-1521af5af241	100	1461	67	55	,
dc7a13ec-62f3-4f5a-b5d6-5de47e1ade65	173	1460	87	54	98
dadb22df-8ec2-4adf-bc0d-1a6e1451ff5a	173	1460	87	54	-
84f75e59-36d3-43ae-9330-0319702e4669	173	1460	87	54	7
4985d0e0-ca63-4973-8fcc-a650158f7756	173	1460	87	54	;
8a695327-dedb-4ff5-a46f-6b3a6c724b20	266	1458	61	54	the
6ae1d46d-125a-4e35-806f-ca87fe798437	332	1456	114	55	twelve
05f37b02-1d1f-4011-995d-4963ca2dc4de	451	1454	147	55	disciples
39c75260-ef27-4d16-a84d-2e2d45fa3b18	604	1452	113	56	weake
0fb33f59-a419-423a-ace8-e350beb5f7c1	76	1502	91	66	Eden
ee84475f-53f1-42a8-97b1-0ac4ed3e2d4a	76	1502	91	66	,
69edb4e8-7998-4ad2-9154-02315c7a979a	175	1502	99	66	dant
d2daad12-5501-42d0-8302-76c4be795dd5	282	1502	49	66	and
7604d1f3-a84f-4d2f-9e54-a5c33aa3443f	340	1502	33	66	t
4f6a446f-ff4b-46cf-807a-407be5f442e1	381	1502	33	66	ve
7ad5f59b-5bb8-458d-9ff8-3b6d7f926e33	423	1502	99	66	driven
8b614630-21b2-4a13-9d8a-f968794cf5eb	530	1502	91	66	trom
2ae88601-cd01-4f3f-989a-fc46c44fd402	530	1502	91	66	,
91d84009-98bf-4495-b77c-e27ed075b5d9	629	1502	94	66	54.19
2797d90e-551e-436a-a16c-25fc6e3eb73c	629	1502	94	66	,
e8adb3fe-b9ad-4c07-8b47-951515cb934c	101	1568	116	32	226
5f4ef133-e319-4c21-872b-660974100d81	101	1568	116	32	-
821dc6a8-1705-4f2d-99ab-c3fa217fa411	101	1568	116	32	21
ac4604d4-0889-4fec-9a30-ce87c4873c0f	101	1568	116	32	,
9573bd94-f689-4714-9843-793e1e02e213	221	1568	108	32	298
8a288c31-99b2-4fca-80fb-ce2d4727f41e	221	1568	108	32	-
52c6addf-698a-4462-9a77-537fcdb158d2	221	1568	108	32	2
66cfaaeb-7eb5-44c5-b188-0ecc361fd233	221	1568	108	32	;
6d89c278-ac47-4d4f-9a6f-ec4ba9ddc3f6	333	1568	80	32	type
65f73200-8d11-4304-bf3c-df98954788c7	417	1568	40	32	of
1c86c77f-293b-4819-8e9c-636447d019ea	461	1568	176	32	perfection
9b6b0912-27ad-4a26-8f4f-3e220101b44f	461	1568	176	32	,
498a415d-59c5-40f9-b2bf-50c2a24746e8	641	1568	69	32	65
a887f161-6715-418b-bd04-ddf16c9556fe	641	1568	69	32	-
401bef0a-550d-4a50-82d2-a4831bbfb738	641	1568	69	32	3
564588c5-51c2-4c7c-b336-1bb0959bd62e	76	1593	111	63	Edom
efa4437e-ec2c-4553-a7a1-72f76826acec	76	1593	111	63	,
14e43d1f-277b-46dc-8277-fe5e71d6e5a6	194	1593	110	63	Josch
828fa59c-06ed-4b87-ae80-57f501806b9f	194	1593	110	63	,
0a05e140-ea97-4b00-a4da-a6662d6ec92c	312	1593	55	63	sold
2d7bfc9b-aea0-44fa-850b-00cf2fdcadba	375	1593	79	63	into
37800ea4-fc1a-43ed-b043-c097fb9fba18	375	1593	79	63	,
e1a06a21-fd69-4de5-9a96-fcb094cf5946	462	1593	94	63	10
32393916-c83f-4bfc-8ab0-f513d7e94616	462	1593	94	63	-
d54fdb99-35c7-4e4d-94f1-03a6859a4e5f	462	1593	94	63	14
3f1ec7cc-e5ad-43d9-b1c3-d9ac1aeb26cb	462	1593	94	63	,
68649282-b840-4440-81ac-9ee3c82c56c6	564	1593	71	63	55.4
0369222c-1d33-47f4-bd3f-820890207143	564	1593	71	63	,
8bab5287-d6ad-470a-89bf-ba2217bdfa6a	643	1593	64	63	57
3d06c3e9-13ba-4d38-8f27-898a50996ecf	643	1593	64	63	-
95b34468-a3b6-4cca-a104-d101d463690c	643	1593	64	63	1
d652e45a-4035-43e7-9b8e-73459fa6a25c	104	1650	101	35	219
0166fec1-9bd5-4608-b99e-eb86bde28947	104	1650	101	35	-
3ade2b54-1f26-4aaa-9089-60396b204905	104	1650	101	35	3
b1b71f96-afea-43a0-8e2c-b7d8e834212e	104	1650	101	35	;
dc9879c1-e851-4ee1-adfd-70e4a92bfff6	209	1650	101	35	Israel
46640a34-9332-4d3d-b144-cf23c739f5dd	314	1650	149	35	delivered
fbe34770-15af-4934-900d-d12b8b6d13e0	467	1650	92	35	from
89811a56-81c8-4470-837d-e1269fbcf48c	467	1650	92	35	,
f8808c32-f285-43c8-918e-a1321c4edef3	563	1650	96	35	10
6e199184-d9ca-4841-9343-cdde2febf9f1	563	1650	96	35	-
b1d55141-4f3c-4a87-90e3-a696c64b2580	563	1650	96	35	15
49a8b588-c147-46de-ab96-42b68e0b57cc	563	1650	96	35	,
ccb50964-6557-48e1-829a-c92a81d9415b	664	1650	49	35	37
6adc8e2f-baa3-48a1-a2f5-829f44240c64	664	1650	49	35	-
558dd288-7eba-40c9-a94e-90be3ae3baf1	76	1707	162	38	Egyptian
d8bce874-d510-46f0-bde0-6fb8c8e5e2c3	76	1707	162	38	,
3d49eab4-efbc-4904-aea6-843b0a300eb6	242	1707	162	38	reformed
8f131ccb-d167-4c34-bd52-6817a6b2c46f	242	1707	162	38	,
17d584a4-a51e-4940-b986-1ee3adde2ead	409	1707	133	38	writing
5dacb4ed-0a9d-4aa8-8ac6-9110fe403c2f	409	1707	133	38	,
37e9fe85-646b-456d-b18f-1e9a970937fc	546	1707	116	38	478
c1da5c5f-fd52-4f93-9a07-68c91ecff2ab	546	1707	116	38	-
e8d6db4b-92bd-44bf-ae02-01e17d5bce95	546	1707	116	38	32
88b954b9-1980-4d6e-a6a0-78b20c971a8a	546	1707	116	38	.
019998c1-00f3-4725-9895-23d70c5e60bf	76	1735	176	38	Egyptians
dbe1b306-8864-4c52-b420-578956b093f1	76	1735	176	38	,
909e49f5-b361-436d-9cb0-b8fa5010699a	257	1735	162	38	language
1d6eda02-c0d3-4d2f-bbfc-087d981b9794	423	1735	43	38	of
b901b1b9-d260-4a63-9e72-4f2d90cd1f73	470	1735	71	38	the
d972bb16-390a-49ae-9a40-5217a20561ab	470	1735	71	38	,
4833d765-7623-41b9-825d-73599fa47d30	546	1735	71	38	1
206253fc-cf08-4131-999e-8bcbf62bf50f	546	1735	71	38	-
bfba9d5e-a6a1-4654-b839-3db133c229bc	546	1735	71	38	2
ddf836db-34b3-48ae-9c35-3b3310aee117	546	1735	71	38	,
0b18c6a6-734f-49e0-b5f1-2d6ce22a22b8	622	1735	97	38	134
649b5560-c05d-415d-9390-00ae0bb66ae8	622	1735	97	38	-
f933e151-8b43-4e71-8d59-233b09148f87	622	1735	97	38	4
5b89c9b2-997c-406c-8854-a64876d2d6f6	622	1735	97	38	.
06554f06-5402-4936-8499-3204c75da083	77	1759	97	55	Elam
fed81442-2ae0-43c4-9385-36049240bddc	77	1759	97	55	,
b552217b-ffed-45e7-906e-a8983ffe69df	176	1765	84	55	85
40a120a5-9712-4f13-9168-e4c680d2e82a	176	1765	84	55	-
7ba602b2-e6a3-48f1-a1f7-1cff5b59b33e	176	1765	84	55	1
75be133d-5ba8-497b-a753-38f3acb2f750	264	1770	78	54	the
6cf1a62f-2506-41aa-80e1-372685243ca4	345	1775	109	56	Jews
bfeb2074-e524-49bc-97cc-4f59df8759a5	345	1775	109	56	,
e3483465-8028-4dff-8fd1-cc1868b360d6	457	1782	103	56	8
1696aeb2-c221-41e1-a8ae-ed5a637394f2	457	1782	103	56	-
9543f770-d339-4b55-9f89-ff22a1a487a9	457	1782	103	56	22
3a72c037-9429-482a-9da2-de92721d2cb2	457	1782	103	56	;
674a42f4-7c1e-4c81-bc58-cb3604176e60	563	1788	90	55	over
7f160e72-1466-4c3a-8540-3d6f414b9ac4	657	1793	64	54	the
9deb2d32-6cab-42dc-ae04-4fd4d449219a	79	1795	117	36	Elders
caf6bde0-f0f8-4b9d-991d-be7a5c76d897	79	1795	117	36	,
401ef14c-9a62-49c7-9ff5-a88af584941a	104	1821	87	63	cipies
7a9e4cdb-853e-45a0-ae1b-0b4071f035ec	198	1821	110	63	called
41b26c83-8f7d-48d0-9063-ae4507724db8	198	1821	110	63	,
dd45eeca-22f7-4213-8623-1d9a965669f5	317	1821	39	63	31o
37dbc66d-a5e0-44b1-856f-99b04d77af49	364	1821	63	63	on
29f03872-7bb6-4ddf-9062-84b5869b30ea	435	1821	63	63	31
16f44c9a-6245-4060-9aee-40bd51e6551a	435	1821	63	63	;
8ac966be-7263-4918-acf7-e2970db27b31	506	1821	142	63	baptized
3249e25e-f861-4208-99dd-208a83e77488	506	1821	142	63	,
fede1901-ec24-46f2-8c1d-7b8add40277d	655	1821	67	63	dis
e8ffd538-ae55-453e-aaa6-06f9f6b0f2f8	655	1821	67	63	:
8c5433f1-a093-462f-8add-d6c3d0f1b273	104	1884	56	25	ch
71384103-d36a-431c-83fb-b1ffff098def	104	1884	56	25	.
7a53fdfa-e279-4363-bea6-ce8958dfce7a	163	1884	69	25	6
99c80251-bbed-4703-a325-3dc352d27426	163	1884	69	25	:
9f1d1143-ae49-4c33-b2ca-eb555bcc63fb	163	1884	69	25	1
5e4a03ce-a3c0-4491-9864-45fe7d500d99	163	1884	69	25	;
4a332028-91de-428c-ba3c-4b0ac638edbb	235	1884	100	25	judge
9078cd5c-282e-4351-89f2-fd1a58f4aeaf	338	1884	132	25	iniquity
b01bc4fc-ff32-4cc2-aea7-ce654ce0ab19	338	1884	132	25	,
fa99cfd7-1dbe-46ed-817e-d7bb61be82dc	78	1912	162	29	Elements
b9e3c5b8-d575-48ea-963b-0c9dfa5a6a88	78	1912	162	29	,
d4ff0f09-f824-4644-9add-235f6d9bde27	252	1885	42	57	to
d163d46f-0316-4997-99d4-f879a60cd897	301	1884	91	57	melt
b46c6d19-1ab7-4dc6-b7ca-490e2c83acc8	399	1884	91	57	with
f4bb9047-b2da-4c71-8c7b-2382fbacd8dd	497	1883	126	57	fervent
580e0811-f6ae-403d-8310-1ff818ad7631	630	1882	92	57	heat
48c7d0bf-c984-4061-b385-bec54d1a8613	630	1882	92	57	,
47426ef4-d48a-4293-ab09-9fc804cb4297	104	1937	96	32	448
e0b362d6-98f7-4e68-9ce9-52c4015a41aa	104	1937	96	32	-
ceff3a00-541c-4c21-880e-d33525fa5c43	104	1937	96	32	3
d39e9c5b-f337-479b-9f2a-910f21665344	104	1937	96	32	,
416adc95-a9c4-4f26-9c8c-3f05ad03a419	204	1937	102	32	475
5e172ab8-07f0-4d52-986e-9aa8cd1c08e6	204	1937	102	32	-
d198de61-0138-4bb2-b680-dd89dbf77bd3	204	1937	102	32	2
e5a5d63e-d54e-4abb-9b3e-77b9c9d9a6f8	204	1937	102	32	.
66c0cbae-ab54-4c83-9249-fc16e82aebf9	76	1963	176	38	Elephants
eee75faf-652e-49b6-a1ef-87d203e5d401	76	1963	176	38	,
bd61d8d6-e164-4e0a-a4cb-7884a4702421	256	1963	119	38	494
b8cac368-48da-48f2-beac-4b6bc323d6f2	257	1963	119	38	-
9d09cc5f-de96-4c37-a7e6-bf51a3bec152	256	1963	119	38	19
c3959900-2f9f-4748-b3b9-5d34b19b4bfe	257	1963	119	38	.
0799fd36-d1b8-4a3b-b8c4-5acd56b85068	1309	92	76	41	547
4b7cc182-1ef7-46d3-9c64-6b6b8ca0f9c7	770	164	52	41	32
50da3e25-9d30-4418-8621-f9dad7b2df90	770	164	52	41	;
cb8af209-f3ad-4bd7-9e2a-ee23fae13323	826	164	123	41	Moroni
da9876a3-bc40-4816-b7bd-87854d2bb58b	955	164	46	41	to
26af4846-4cc1-4d33-b6dd-1b92c43ee722	1006	164	102	41	Jacob
dbdca9d2-0596-42a6-9ae4-4896acd5d00e	1006	164	102	41	,
cf823c71-90c5-4b03-ac80-8d01a40964ee	1113	164	123	41	329
9e407ecb-d6dc-4edd-9a38-950255b6e5df	1113	164	123	41	-
78b6531d-3ac5-4d01-ae6b-6e526b835d2e	1113	164	123	41	20
2da88498-5b05-46ca-80e9-e6c10df146c3	1113	164	123	41	;
f7eff909-0602-456f-ab11-2634b9660864	1242	164	143	41	Helaman
1cd0b195-d63a-4e50-b074-fc3c06a7a6b9	748	192	103	63	Emer
85c718f1-7426-4b0b-8607-dc81b28c5748	748	192	103	63	,
81d400e8-3725-4c88-825b-0d45b37f89f7	858	193	63	63	son
afa7d692-a73b-4718-a6ba-6bcd1582a1ef	929	193	47	63	i
68a6156e-fc09-47d5-90ec-5e7287ae99c2	984	192	117	63	Omer
861fe5f6-28c0-4979-85a6-c58681c58a80	984	192	117	63	,
2641eb54-7447-44fe-b133-1d7ad39b5550	1092	218	149	41	479
1036f2f4-682a-4d62-88d2-9317bdb0b851	1092	218	149	41	-
e91fc894-92b9-4a26-a789-e0b6397bd8c4	1092	218	149	41	29
e0bcd111-4a74-4316-b562-5e95c5765971	1092	218	149	41	;
c5fdea71-6cd4-4736-9d93-bc4a58a05cd7	1246	218	139	41	anointed
6f9963ae-37c9-4e63-9777-ea8929d5bb0b	770	249	79	35	king
7e21d5fa-bbe9-4e56-bbdf-60c40a8df938	853	249	39	35	of
9a072db0-6873-4aab-b18c-4f41fe30e966	897	249	162	35	Jaredites
a8bafe22-6480-4b19-be15-4a1a46fcdb0a	897	249	162	35	,
88327c05-60a4-41a3-a9ed-d06831ae4f20	1063	249	107	35	494
8155d854-d83d-429a-9bb2-3d431939ad00	1063	249	107	35	-
a098e3fa-b53c-489c-9946-414ed1e139c9	1063	249	107	35	14
e166f9af-9bd8-4b1e-9fa6-ce37b3945ef2	1063	249	107	35	.
af694cc3-0515-4faa-835a-b644b518b57b	1180	275	102	38	slain
30dcb5ed-a935-49e1-adef-a79df9725021	1180	275	102	38	,
e210e96d-378f-460b-aa50-7831ab87a8ea	1286	274	102	38	518
83090817-2e26-4626-9460-eb2800420f5a	1286	274	102	38	-
2b008a3a-d6a3-412b-9e9d-e894e2d2f964	1286	274	102	38	2
0c5d2625-14f4-499e-8efe-02794aa7f0d3	1286	274	102	38	.
f1cfa913-3bbb-4f44-8fde-2ad68e14cd84	1236	330	108	37	165
e61021ca-0720-4380-bef4-0a8be02cc0db	1236	330	108	37	-
c8cf5d15-8408-48a9-aee4-534db3ff883b	1236	330	108	37	5
4390096f-d83f-488e-91a3-a1d6e3992055	1236	330	108	37	.
4d339cb0-a8de-4618-b355-a208fdce3bf3	767	387	102	41	from
389257b6-93f4-491e-8a55-dc5717a56690	767	387	102	41	,
a2c749af-a118-45e4-8f3e-44ef08b07818	748	420	194	33	Engraving
8c095f4c-ed9f-4bd9-86fa-7cd68ba33e7d	748	420	194	32	,
95975232-db98-433a-808e-a088069e045d	945	422	97	32	upon
5f2e76b2-bff4-4b5a-b27c-e377e766d8ab	1046	423	128	32	plates
add477b1-2b67-4766-b459-5ac3c07d2663	1046	423	128	32	,
27cd64d2-b6ad-45fe-a2c0-5196afe7d732	1178	424	163	32	difficulty
04b9bb93-4cdf-4ab5-8173-f13931c5a309	1344	425	44	32	of
c032936d-9e76-4eda-b40a-517f58a3e5d1	1344	425	44	32	,
d76fb1f0-5760-48f5-b0d0-77132e6bf9fc	770	451	98	32	113
26b2daa7-de1f-428f-9455-b858e87c5072	770	451	98	32	-
b8957b3c-8eea-4fd8-a92b-3b50d00a538a	770	451	98	32	1
327abe73-2731-4baa-9da6-652013ff07ac	770	451	98	32	.
11212fcb-dbef-4c04-bc69-a5773ae63e04	743	567	97	30	Enos
cb8d5e61-45f9-4ee6-8202-6655d1001923	743	567	97	30	,
61b43eff-a900-4422-ba8d-50d583fb9d7c	965	565	114	35	plates
f0db0613-689e-4520-93f9-c8f4ec19963a	965	565	114	35	,
310bafa9-7870-4367-a049-556efc1851a8	1082	562	147	38	125
b57301ee-d457-455b-95e4-3621aa1d862f	1082	562	147	38	-
cbcf7c44-8ec4-49c7-babd-4e12cd1158cc	1082	562	147	38	27
ccea4ed7-bf09-46ae-a475-72cc954a8025	1082	562	147	38	;
5a293747-8549-43cc-a4a3-138687af8b2d	1234	562	86	38	sins
bb0360ad-9a3a-4155-8a31-173859b031e9	1324	562	64	38	for
8c9847f4-17e2-4aa4-a3e7-0d6cb0d077a1	1324	562	64	38	-
c76c57b0-f8c5-4622-9f22-e927dd815ef4	773	590	108	41	given
f350732c-ff09-48ee-8356-089d25f36ceb	773	590	108	41	,
08f485f0-0192-4677-af48-feaf09bf0eb1	886	590	113	41	125
f5a0c86b-953d-49b5-8652-ebac06d312d4	886	590	113	41	-
b0838cb0-7262-4c8b-9238-1713653f4c61	886	590	113	41	5
1184a33b-cbc4-4ff2-ab1e-32748875c8ee	886	590	113	41	;
a884df97-d159-47ba-8149-2729b60ee52e	1004	590	97	41	gives
fc6c36fb-0be9-4c5d-8b6c-082d9d82183f	1106	590	108	41	plates
77cba001-14e1-4241-8738-8fceebc6b178	1219	590	51	41	to
26a0d10f-6314-4b6f-86ef-7192c38cd8ad	1275	590	116	41	Jarom
c852f593-8b66-44fa-8661-2aa6113ff57e	1275	590	116	41	,
64994aaf-d094-4774-b246-8cd664b1148d	770	625	92	26	127
fa084c83-8829-4214-9534-c0ec53899f3e	770	625	92	26	-
1df7d4a8-db9f-4058-ba9e-07623f931e4e	770	625	92	26	1
230c3929-b6b9-4f5b-86e9-a7f8b143487a	770	625	92	26	.
4482d921-6238-4911-b59a-d05d872b14f3	748	649	94	35	Enos
308af2b3-d9ed-4c36-85e1-f9073cd0178c	748	649	94	35	,
242d9b62-7b52-4ed2-89a5-df71df94f235	845	650	89	35	Book
0d6d4cb0-5f49-42a9-bdc0-33b4e4a7acc9	939	650	51	34	of
ab457915-a490-4e49-95ee-51bdf03e292b	939	650	51	34	,
363174ad-ded8-4b94-8f38-dd620f3dbb74	994	651	69	35	125
24c73338-1dac-46e7-a3f1-6fa47d3cbaba	994	651	69	35	.
742f1cbc-b79d-4c44-9ce1-178e4e3be968	748	685	137	28	Ensign
eaa5b99e-1e25-42a4-aac5-60b510db4d2a	748	685	137	28	,
e996ea8c-3e80-49b9-b1eb-8171068bc361	888	685	39	28	to
ed0e769e-654d-4dae-aef1-3c6df3f8f872	937	675	66	44	the
7d019df4-0fb1-41b6-bbb6-8e3ed4de2559	1009	676	143	44	nations
ac7acb13-b999-4b5c-9517-e2a29c05a7de	1009	676	143	44	,
7416e10c-742b-421a-b6cc-9ced07583b07	1157	676	116	44	78
9ff5967d-ce9c-4176-a62b-80be1da1a921	1157	676	116	44	-
052defcd-bd79-4fdc-a438-1fbae71baa7f	1157	676	116	44	26
fcd0373b-ebdc-4651-ab6d-997437b16266	1157	676	116	44	;
fa142c48-f20b-480e-a722-6200672a0292	1278	676	50	44	of
31626fe9-135b-4581-b209-2b95ebef4a8f	1333	675	55	44	the
9b8af495-935c-4bb7-8c0c-3e534a4fc844	770	710	116	32	people
e9fa0212-9a03-477b-be07-fa16507fe612	770	710	116	32	,
a0d786ed-319c-4985-aded-91811c2f9e7b	890	710	101	32	85
9b239507-8008-4696-926d-1c223bbcd4b6	890	710	101	32	-
33594b43-ff67-46ed-854f-0e2fb8f9734c	890	710	101	32	10
1ccf90af-40fa-46c8-8b80-73ebe25cb860	890	710	101	32	.
d7e84bff-4252-4194-99b5-6577cc906fda	745	732	175	41	Enticings
9fc7efb7-4801-4154-84af-8575c27cdd7b	745	732	175	41	,
55604c30-88ba-410d-8525-e86afe0b0c32	924	732	46	41	of
096a355f-d0c1-43ea-8cc9-bc437e2f92fc	976	732	67	41	the
34447539-4eca-4a73-bc58-3a54461d646f	1047	732	108	41	devil
e5690397-f219-4de5-ba47-20188cd3e09a	1047	732	108	41	,
77e614b7-63df-4c21-8859-33d2c6d7e8ee	1160	732	113	41	69
4cf66825-fba3-459a-b04c-6d5e8b2b1b3d	1160	732	113	41	-
0cc0bc30-620b-4947-8e87-89b7ce1f9256	1160	732	113	41	39
5f4a3857-8082-44b5-8c4e-ee42d3f2870e	1160	732	113	41	;
2d730cfe-5d83-4afd-924a-5727d4b36c36	1278	732	46	41	of
cb7e3bc6-4a0b-4256-8f4e-31904381d37f	1329	732	65	41	the
1ea36195-0f61-40b2-b845-b5f6d2b97708	770	767	84	32	Holy
3c2dc104-7d1c-4cf3-bfe8-953856cb481b	858	767	108	32	Spirit
1c7b5c5c-b18e-41e7-9757-be0b598244d5	858	767	108	32	,
a5108b59-9528-4117-94d6-22b63e6dd2d6	970	767	115	32	141
f80fe290-b4c1-4b60-916c-82ab47457f48	970	767	115	32	-
af6db3bd-94fa-4a4f-8d75-09f3bbde8f01	970	767	115	32	19
28efbda0-f998-493a-81d0-4cf22a2cb809	970	767	115	32	,
547dba56-368c-48c7-a73c-ce36e97fbc8e	855	792	57	38	of
f09954bb-2cf6-456e-9419-7ef9614826cb	917	792	157	38	Ephraim
df76583a-bb3c-45e2-8c28-300291e2f570	917	792	157	38	,
46beb80c-262d-4265-bfc1-f04f57b94b52	1078	792	119	38	85
2ef86d91-fb3c-47ed-9558-1e950ca8ba08	1078	792	119	38	-
968617c0-e3dd-4f94-82ba-761b4532d0e2	1078	792	119	38	13
cfcc2857-d629-402c-8d1e-4201f6db7665	1078	792	119	38	;
a682de6a-7214-4111-be7f-6489cafd1028	1202	792	189	38	condemned
d7eca948-a1a7-403f-811d-183f00393657	1202	792	189	38	,
0d63ed69-b05b-4549-8d97-3b58f345f0d6	773	876	101	33	197
75f56a7b-b6bc-4102-8bc4-63bbb3db547c	773	876	101	33	-
7e12217c-0015-4247-bf3c-cd82177684de	773	876	101	33	32
a4391abf-bd8e-45d6-ad87-3496bcfafbae	890	880	114	29	391
a979c153-4a82-4d99-8719-689d73df1d01	890	880	114	29	-
5f79d75e-0f2a-4ace-9b67-5964b967b190	890	880	114	29	22
a2c14b5f-8c85-42be-b592-91b3ac2a0c9a	770	937	113	32	living
19382c5f-62f3-4376-a718-7d75a7801f15	770	937	113	32	,
03a7d9a0-c36a-48a2-885a-a1db01d95deb	886	937	117	32	457
77432b42-7683-482a-8149-b64b0c04be17	886	937	117	32	-
f59787b6-056b-4d98-bcd8-484db7617f9a	886	937	117	32	16
f2319f4f-b6bb-459e-a8d7-83c8213e623d	886	937	117	32	.
84fde42b-1a7d-4ee1-b799-9b54ead4ec24	747	963	143	61	Ephrain
80a17036-7ba9-469b-bdaf-b5798d84d107	897	962	105	61	wor
9ff922a5-1fb1-4e95-8df0-1392c335a690	1010	961	68	60	of
7e012211-ad52-449f-8d8f-bd3bc80fe109	1085	960	105	61	derate
e2854e4e-997f-4b9e-be5d-3dab21d882b3	1197	960	98	61	with
2a2181b0-382f-46f8-81b8-71ef058f6712	1197	960	98	61	,
aba69d0e-be83-488c-b11a-cd3f826e9ff5	1302	959	89	61	792e
80830921-5c66-4b85-9669-ec382093758a	776	994	50	26	to
320d18f4-f4c3-44e8-976f-90c409969406	829	994	89	26	know
9582008b-8efb-4b96-860f-2c837272c979	1016	991	76	38	of
d9706ccf-7608-4232-bf8f-6163374d13cc	1097	991	86	38	God
6693fe6e-18f5-44e9-9c64-54477a1657c9	1097	991	86	38	,
d0653ca2-6c18-42c2-8504-fc750c9d8baf	1187	991	100	38	82
5a52ec37-3779-49d4-bb2f-674713affd02	1187	991	100	38	-
98e5f048-7575-4d2c-9312-6f4674793e94	1187	991	100	38	9
0c8350e0-892d-4aa9-8818-e78a4e36e96f	1187	991	100	38	;
76f5fc08-d7dc-4e10-88c7-62fff3783f5b	1292	991	52	38	to
a2f90dc0-a69a-468a-bae6-5696d26e09d7	1348	991	40	38	be
c6f1024b-00d7-4218-b793-4e905cd46d34	773	1019	120	32	purged
f36a8850-4ecc-4365-b24a-304a4f99f5e5	897	1020	43	31	of
c07a9598-c7e9-4e8d-854c-9e885bf0b9d1	944	1019	91	32	envy
cc15c2ef-dc15-4426-9fdc-6fd9ac42de9f	944	1019	91	32	,
5422a08f-0cf2-4206-bf2d-3a920f14fecf	1038	1022	108	33	85
26d50979-a680-4d90-bece-e288a9fa52e6	1038	1022	108	33	-
6d03330a-cae6-43fc-b273-d7a3df16f623	1038	1022	108	33	13
47e3bdfc-0bcf-425f-8202-8046cb683929	1038	1022	108	33	.
33d62d98-8f71-400c-8a4c-5f8b146a9ef7	1133	1306	120	35	507
43307fb0-ef89-4c07-ad73-e61f7f124a09	1133	1306	120	35	-
0587678d-63af-49f7-a03a-8508e6d64c68	1133	1306	120	35	4
f4e16105-3ae6-42cc-ba18-181fd27539cb	1133	1306	120	35	,
a96acd94-9983-4713-939d-67f9358bf929	773	1331	70	70	Sor
0fef7bb2-f45c-47c7-bdbc-bdea28ba00f5	852	1331	44	70	to
6de08509-5176-4d69-a404-1bf37499db6d	852	1331	44	70	,
41b346b7-119e-411d-8dd1-aee874d84aac	904	1331	96	70	Coria
78d15f06-09b8-46d5-b804-b6637e2ffe39	904	1331	96	70	,
20507c90-9916-4313-abe6-bbc7996a0249	1009	1331	87	70	um
ef020b72-e507-4360-a020-bc00fa4b5b32	1009	1331	87	70	.,
5243280b-4081-4d18-ba1d-8a9f44f71b47	1106	1331	96	70	508
59e17d2c-408e-4ac8-bcd2-1e8ddcdb4aab	1106	1331	96	70	-
1be0d6c1-a410-4bb0-bbb7-a60b64a52f10	1106	1331	96	70	5
9b36ab3e-fc6d-4228-a093-e026fa71638c	1106	1331	96	70	;
d362c91e-a209-480d-9132-cef554cbb06d	1211	1331	131	70	Mormon
db21a3ee-1fc2-4216-bfb6-36b8501ed9c0	1351	1331	44	70	to
d6caea1f-663b-4595-92b8-86aad50fc517	751	1394	156	32	Equality
5e1b7657-83c8-4759-8ca1-787a9c5f1a07	751	1394	156	32	,
2273ba0f-7563-42f9-9c7c-d34c09192df7	911	1394	124	32	among
d9c0797b-d258-437e-9301-fdc779208964	1039	1394	120	32	people
1917f69b-44e1-4bc8-b91f-4de513c69a82	1039	1394	120	32	,
ae8c9424-3328-4e58-9d3c-b0c73fe24230	1163	1394	108	32	186
f7d71492-be40-4bca-9932-c8fba287734b	1163	1394	108	32	-
7eff9a74-562b-445a-a924-95ca35015495	1163	1394	108	32	3
c1fb0005-b9d6-49b3-8533-51f9e010e53b	1163	1394	108	32	,
1463fa79-d414-4798-9adf-950fed0c3b30	1275	1394	116	32	236
a743f191-9da5-44c7-9aa1-cd2d3aade910	1275	1394	116	32	-
1976e23c-2edc-4e83-83b8-7079d9d6772e	1275	1394	116	32	16
d9253c96-aa2e-4fbd-a346-aaa1b618f9e7	1275	1394	116	32	,
077933a7-6086-4f4c-909b-e316decf562b	751	1451	96	35	Error
131bae4b-1296-4697-be10-c682d4d32b07	751	1451	96	35	,
0d31989c-0ff0-4c74-8358-507e93ee98bf	852	1451	171	35	conviction
f4e490be-78ff-4225-b69d-d49634427fa9	1027	1451	44	35	of
fdec1e7a-c4eb-48d7-b85b-9b813c659168	1027	1451	44	35	,
f3f768d4-4a76-42fa-bdda-9ac77c63759e	1075	1451	101	35	288
7bbeef3b-f440-497a-9a78-90a6267f2a6d	1075	1451	101	35	-
6292e5e1-72cb-4da2-bedf-16ed99c19d19	1075	1451	101	35	8
97af6511-59f0-4475-b90d-2b1cfbebe12e	1075	1451	101	35	,
3208191c-f50a-49ff-9b18-d809028af7f9	1180	1451	118	35	401
9372bb20-6aea-4155-9c11-cc43bee8ddc3	1180	1451	118	35	-
2ec602ef-180c-4b52-87d5-d3d5d502d464	1180	1451	118	35	25
4b1b6b5d-c663-4cfa-a121-b8c5c199ec07	1180	1451	118	35	;
7a6e2a89-05af-427b-9047-f422764289ce	1302	1451	89	35	Zora
49dc4fdb-e8ec-4b94-a8b1-d8577592eda9	1302	1451	89	35	-
8c0d7570-2b21-4d59-886d-b492af697dbc	776	1476	99	67	Bross
7ee6ba1f-8e3f-4e74-a4b6-78e5ea1b714b	776	1476	99	66	,
9a1eb3bc-71ec-4653-bc3e-c2a4ab60bc1a	883	1477	101	67	316
e4857b58-b882-410e-8304-c07901f86005	883	1477	101	67	-
2af061f0-381a-42c1-8b4b-f8114b54594c	883	1477	101	67	6
88be8956-1be3-4348-bac4-f2492d887225	883	1477	101	67	.
eda5024f-c40d-4d8d-b249-676a0203f045	956	1480	128	32	274
911b4af8-0da5-4c08-a033-2105868efd06	956	1480	128	32	-
8b331a7b-ea7f-4729-b52c-bebafe072e64	956	1480	128	32	9
fd921089-d7fd-4607-b31a-d4f7cd1181b0	956	1480	128	32	;
bed1ea36-b7d6-4d1b-aeb8-461b74a352bc	1088	1480	120	31	infant
15948261-2a33-4430-b195-4f34597ba0d1	1212	1480	155	31	baptism
94a4c40e-7ff2-499b-a2bb-af76a221b738	1371	1480	17	32	a
95895372-e2d2-4053-8cf1-842a92cc8604	748	1533	124	38	Esrom
d91cb7b3-0870-4d1d-b3db-2261e06e46aa	748	1533	124	38	,
5118a338-e036-4c24-b7dd-a7bbd32edbfc	876	1533	28	38	a
484fa376-596e-44e3-81b1-2105e224c828	910	1533	147	38	Jaredite
ade28469-3246-44ac-82ec-73d7fa98eb8c	910	1533	147	38	,
60c3634a-b5cc-4eb0-8f59-12490e3c13b6	1062	1533	67	38	son
24b475ea-ba2b-47e4-9418-439fdf5c56d5	1133	1533	43	38	of
e8b7111c-d2b6-4eba-bb9c-dbfa2f676148	1180	1533	105	38	Omer
17811de2-56af-4a0b-b8e4-b5aa12f2b67c	1180	1533	105	38	,
e3e5ff23-3041-4251-ab6f-f5c9ac4fceb9	1290	1533	102	38	491
beb9d36b-6f1c-4e48-90cd-909c9af821f4	1290	1533	102	38	-
9416c60d-f959-4edf-8ba0-f3ebb564faa5	1290	1533	102	38	4
931f6083-a11c-44a3-ae5a-21eefae68541	1290	1533	102	38	;
0532b0cf-e4df-4584-b88f-af7f2a7ee39c	776	1562	119	38	battles
7af5c60a-abbd-4fef-a9c6-a3cd93ebf093	899	1562	81	38	with
fba37db2-dd34-4573-9d01-7348a4ff39b8	985	1562	109	38	Jared
98010598-afc0-4760-a954-98ed8136ab1d	985	1562	109	38	,
13b0b255-6158-45ae-8615-536eea5c58c4	1099	1562	100	38	491
2ac8ba9a-1333-4c32-b11c-e7e517a207d4	1099	1562	100	38	-
f887b6dc-ae77-4662-90c6-b2ddafff2a7b	1099	1562	100	38	5
0adc302d-cdc9-4da3-ab9f-f9abff88d9fb	1099	1562	100	38	.
012db355-d9ec-4182-bd9b-fc1548593ba5	748	1590	247	38	Establishment
9db8bd13-f46f-4b5c-a56c-e43add3771b4	748	1590	247	38	,
df0e0102-8558-4aa4-a425-ec24cef8cd42	1000	1590	43	38	of
09803d14-2b40-4ff5-aaae-4a7cb7cde216	1047	1590	67	38	the
e9421c9f-e590-410e-9311-c27bda910c09	1119	1590	123	38	church
96248b18-5a0b-453d-aa27-3cc1742a1d49	1247	1590	52	38	by
720d059d-9b22-497f-89bc-8ded0f74605e	1304	1590	87	38	Alma
e2394f9d-eaa5-4676-bbbf-f133d9e4e57c	773	1622	72	35	and
c34fc071-842b-48b5-bec7-ce305c72c16a	849	1622	145	34	Amulek
2ca2670e-0adb-46c5-84f2-8bfd420a5235	849	1622	145	34	,
c2ba8315-e4ea-4deb-82a9-114162fe4670	998	1622	119	35	236
e357c038-cdda-4c3e-9ec0-02065a6d3beb	998	1622	119	35	-
8b0c3fd6-50e4-47a6-807c-c957d972b4cb	998	1622	119	35	15
a426f696-12aa-49bb-a7b1-86fc555448bf	998	1622	119	35	.
9b45efbc-1adf-4f65-8b93-389904dbecdd	754	1650	123	29	Eternal
0a20dad8-e7e6-4f74-9ae5-c794f5906a76	881	1650	73	29	life
e7fa2c7b-db25-4004-b29d-eb8cc0c21903	881	1650	73	29	,
3b96df13-e1b3-4942-95e4-3089479cb9ad	957	1650	80	29	men
e099df68-a379-4348-b6a4-62d80ca01f4a	1040	1650	76	29	free
5cde6fa3-d202-4b72-b2e5-b11c8afd9da7	1120	1650	44	29	to
d5f22cd0-9c6f-48c4-a111-7624e0d7cbfe	1167	1650	127	29	choose
65ef1b9c-59c9-4f36-8eb7-93ec7fbacec4	1167	1650	127	29	,
99d02418-6329-422a-947e-481bdaa8a4eb	1298	1650	97	29	55
b54815aa-e99b-45fb-a46e-2a1d5b9113d8	1298	1650	97	29	-
f734e0b4-1f75-4e9e-9f7d-8972fcde1a15	1298	1650	97	29	27
05a1f6ab-badc-471f-8271-55ed7592ef82	1298	1650	97	29	,
79bdffa2-89ea-43d1-aaa4-67b5132e8219	770	1679	106	95	tomar
ebcc3abb-1f27-49d3-bdbf-b69d37558d3a	888	1679	106	94	Fahe
70c52bdd-e403-4505-9198-52770537662b	1005	1679	82	94	e
9755c6db-c945-4e55-95a9-976bfb354369	1099	1679	94	94	163
daaee616-8a5f-4f31-b057-25c5d2fab4f1	1099	1679	94	94	,
98c26637-d924-42ad-b3dd-23799c611c28	1205	1679	190	95	40151323
39d621b9-7131-4995-8392-09df431e80c4	1205	1679	190	95	-
44459ec4-9be8-4534-a809-f5a700751bcb	776	1852	70	35	the
f79534f5-1c7d-43f9-ba5d-9e96518a6e11	776	1852	70	35	,
cb1721d8-63c4-4d5b-8968-a2440be2fde5	850	1852	109	35	19
06323b6c-bcdb-40d1-9845-1c6415f3f887	850	1852	109	35	-
eaa23b8a-b70b-4614-8eb0-63d9f26d7084	850	1852	109	35	21
52fa20ef-c748-459a-8a48-6162574169c4	850	1852	109	35	,
f00ddc7b-ea1a-4e23-83e1-7cdce1afed62	964	1852	99	35	25
77adae67-a9dc-4946-849e-1bfc061406d7	964	1852	99	35	-
a095aab7-4923-4bed-acf0-38ed7652b6f9	964	1852	99	35	40
6cf85df8-e756-42a8-be5a-beb935818f2b	964	1852	99	35	.
0857b1f9-5b7e-493a-887d-0717826183e2	748	1874	132	70	Eternity
fe7bf481-513e-43da-92a0-29d78d0e7478	888	1874	61	70	of
50f9bf3d-acd9-430d-b467-7cd2b679997b	888	1874	61	70	,
b40fe37b-5ae6-478e-bc03-df10a0446d73	958	1874	158	70	zisthod
9cc7a0d5-8b40-4208-903e-faa2a21fdcbf	1124	1874	35	70	2d
e203c44f-cba2-4f86-9be9-b66bae99f9ec	1168	1874	226	70	changeable
2aea0dca-f0cd-462d-a2c2-da779edb0f9a	779	1912	98	23	ration
28f58eac-b430-46d9-9b14-fa12fbcca7e9	745	1931	18	70	E
f5e2a850-4c7e-416c-8922-90c93891edcc	771	1931	87	70	them
2ef0feec-79a6-42a5-9191-34fb92a13827	771	1931	87	70	,
74e80fa7-afc2-47ce-ab0c-4c62c028d690	868	1931	131	70	houdie
221d79b7-ca1d-4c51-baee-a15db4008ecc	1008	1931	79	70	18
c6cd433e-0e4a-43c3-bc97-2751d27532fc	1008	1931	79	70	,
c8ae7ad5-0352-48e7-9389-094351fb1e0f	1095	1931	52	70	son
1264269d-0416-41a5-99f6-ae893e158cfa	1156	1931	35	70	of
21649424-374a-4e12-ae0a-a2414e3a80e9	1200	1931	96	70	Ahah
2f7211dd-a900-40cd-a82e-acbab073e0bc	1200	1931	96	70	,
f7c5df38-25e6-4ae8-98fb-d585ea4fedaf	1305	1931	96	70	479.9
c91091ca-18b3-4a7f-bd1d-ebb2cf326643	1305	1931	96	70	,
dbafb093-c0e4-4079-b598-c529b6cf5a88	776	1994	101	28	499
888dc773-2039-49e4-bd9e-bbeff0bf1cb3	776	1994	101	28	-
0a590336-87dc-4c6f-9583-05776007f517	776	1994	101	28	11
4a98939b-4a23-4af2-ab5e-529c8e646108	748	2016	105	70	Ether
18d81463-0af1-4f3e-b2aa-77514ec63a93	748	2016	105	70	,
a419e413-27c3-4005-9fe9-4ff4ee0b6f71	862	2016	79	70	Book
93513481-7134-4f11-9e5b-ce2381b8b341	949	2016	35	70	of
24f6ccdb-1d6e-407a-a963-a5d6ba03cad8	993	2016	87	70	taken
9357a3d2-6b13-433d-ac5b-41609f095f7d	1089	2016	79	70	from
9d319246-43fa-4fe3-bc07-058e647523ff	1177	2016	105	70	record
433a150b-9b07-4130-aa29-e1a8b213f4c0	1291	2016	35	70	on
5406c444-8e82-4e84-b796-787597cd9695	1334	2016	60	70	the
