ID	X	Y	Width	Height	Text
909b76f4-8910-430e-a918-4d1919b0bb7e	92	108	70	38	568
999cdc8a-c7a4-47ab-839e-4200b7ee64fd	121	232	175	35	Lamanites
00fd612b-3653-4877-8c7c-35dbf3d69546	121	232	175	35	,
31a6af36-b277-4015-9b1b-edce40abf26f	300	232	97	35	518
da626eb1-466e-4e8d-9125-dd3264510366	300	232	97	35	-
4b269367-4248-4d6a-bf91-cbba819d000f	300	232	97	35	8
454c53fd-9157-49ca-96ac-cf8f2854c884	300	232	97	35	.
e528c220-c6a0-4b1a-983e-ea5f1f0ad271	92	347	102	41	Wood
0ca2034d-1acf-4e8d-94c4-b683a211d8c2	92	347	102	41	,
e0543b99-bb70-4f2c-a47e-107e6538fef0	199	347	108	41	people
07389f23-ba93-49cc-b2a6-b0cc8245c0ea	312	347	118	41	taught
90caa9a5-805f-43fe-bb11-7bb9c0d5323a	435	347	41	41	to
579e0a1f-9989-42b8-b96b-e324febef46c	481	347	87	41	work
2fa8bf81-ac28-4ed9-a36d-1bf045cc4909	573	347	51	41	in
2efdce57-fd48-4827-9c5a-f83b17647421	573	347	51	41	,
00ea8f90-b085-4cc1-a619-74501424ac0b	630	347	102	41	61
31a9eb18-1158-4dc2-991f-9e466550b2d4	630	347	102	41	-
b12e5132-ba4b-43a6-9bc8-e7fe50577de8	630	347	102	41	15
a13e1e3f-e08a-4de5-8bd3-16539d86a8f8	630	347	102	41	;
b8b8c7c4-f751-4831-91cc-431db27945d7	114	379	66	35	fine
1130394b-992c-49a1-bdb0-0d0489f8725f	185	379	219	35	workmanship
17d9e5b1-f435-4a5c-9265-729861fa88a9	408	379	48	35	of
d9b1e989-bf31-4555-be33-7e14e84738d5	408	379	48	35	,
6aaf7644-dffb-436e-a0ab-c7abb8e97961	460	379	99	35	125
a1bfa83f-abee-4eb9-9ad6-3ec4cc37d87b	460	379	99	35	-
d683a643-39b7-4281-bfb8-dabe0313dd49	460	379	99	35	8
b5e2784f-6eec-499f-9225-a15d9a88c3af	460	379	99	35	.
98ceaeae-b4e5-46a6-9f86-718611c486f0	92	414	95	42	Word
315b0780-4fd5-4deb-a65f-dbee49735539	92	414	95	42	,
68229659-22b9-4722-8a75-a8042131ee33	192	414	40	40	of
24a962e1-858d-4fb9-9774-6f3d10a934a7	237	413	70	41	God
1faa5673-4248-4569-983b-ef9cba763df1	237	413	70	41	,
3445a963-aca6-4bfa-8046-21f6e7a4d8fc	312	411	160	42	according
bd7eb951-13f7-4a66-8612-6635b49da60a	477	411	35	40	to
94bf5f65-362a-47db-8c6d-2ecdae983890	517	410	65	41	the
93294c92-d537-42cf-b005-4379abcf6e0d	517	410	65	41	,
36bb8009-e6d5-414d-a5ff-104469cfd0c5	587	409	105	41	36
214b4e5a-a828-4085-81ee-c0cfc9c2df35	587	409	105	41	-
00e7d8b0-f0e3-4caa-860d-bdbb674ecfd9	587	409	105	41	31
6c2fb3f8-20ad-4bcf-ae47-8d72a0494e2f	587	409	105	41	;
dd749fa2-c71a-471a-a9de-32385ef46296	696	409	35	41	of
d9d34f57-b1e5-4972-a3fd-63a3d094d922	124	444	112	31	Christ
df02f774-44d2-4f98-8701-f48004db0c36	124	444	112	30	,
7a68f242-b4b6-4558-926d-88a13d6227b2	239	446	60	30	the
a6d3a1d8-cb2c-4072-a116-25937c101dde	302	439	152	32	obedient
77539196-e9a1-460d-b848-02bfb7e04451	458	439	96	32	feast
a01c0e45-9060-4683-be5b-e295020af7f2	558	439	100	32	upon
d15773ee-307c-441c-8378-8f28d021594c	558	439	100	32	,
b5896f55-c416-472b-98f1-66cd72fe3f7a	662	439	70	32	105
9e499157-a0b3-473c-9529-1fca72c7dd6e	662	439	70	32	-
4aae47bc-ef22-4560-90b9-b5d6a38f0aec	99	618	119	38	Words
349ba86c-9118-4bca-8b68-6b6f6e3d5615	99	618	119	38	,
ba7b2a82-6dad-43e9-9b5b-79932bb2c601	222	618	43	38	of
a0ddbb48-94d8-4715-b8ed-a2373164e4f9	270	618	66	38	the
3d2e5b0d-aef2-4fda-983f-9dc83934688d	341	618	90	38	book
b53f22bc-551a-477a-8d72-d5fa024a82f5	436	618	66	38	are
8a06f1d9-5ca1-4de6-9546-32079f41686f	507	618	43	38	of
54c4888a-e459-4548-a611-defa58d464dd	555	618	104	38	those
dc77dfb9-40b8-44c0-897a-b169a7411430	664	618	64	38	who
170cd28d-3581-4c67-83f7-a4b8328915e5	120	648	52	68	the
40f5dbf8-b168-484b-93a8-9c54688b7455	178	646	93	69	bols
75479957-5328-442d-b28b-99bc0a2ee0ac	178	646	93	69	,
e58353c5-56dd-4367-833f-a2ab5dcfaa7e	279	644	110	69	dodd
c57f5df8-aa1e-46e5-b96e-bc2472e4e12c	396	641	93	69	bring
1ff15233-fc4a-40c6-a353-8619f645271c	496	639	93	69	drsh
a64238c4-243f-4b90-8c90-4a49455938a4	496	639	93	69	,
f17569eb-95b6-4963-9fb8-d2bac136ac70	597	637	93	69	96
112e7bcf-a8be-422a-9a70-a7e869449ee9	597	637	93	69	-
22ed9bae-46f7-41c2-ba0b-3e4d29120b94	597	637	93	69	24
b9632730-d439-4ce3-817a-3a41762d87cc	697	636	39	68	of
47776389-d58d-4688-a1fd-b229196e6cb6	92	707	107	38	Work
d244c064-1019-4e8e-ae38-aba91391dfc0	92	707	107	38	,
647a9801-7647-4b76-8e48-9add24cf25f2	203	707	88	38	great
ff51f454-482d-4505-a6ef-4f543343adac	295	706	70	38	and
368b0d55-dfff-4aa9-b44c-03e9a1787ac8	369	704	181	39	marvelous
bf8103a6-0419-47b8-9995-de06679694d6	369	704	181	39	,
10ba44cc-c6aa-45a1-93c8-5d9eea29ada5	554	704	60	38	the
dac85416-4d44-408c-9e6d-17793027ab0d	619	703	116	39	Lord's
fe593ceb-8ec1-4968-a429-40e2abe7c4e3	619	703	116	38	,
84304269-d6ff-44be-9aa2-8c08006f73c7	668	98	146	36	INDEX
7143960c-524a-40f5-8bc6-dbc9b9650571	757	159	162	42	Zedekiah
074e227e-9765-4e14-a718-daa9e3bb45b8	757	159	162	42	,
cd9244c3-f27b-4279-8c0c-63b93abd5256	924	159	73	42	one
8364beb6-d7bf-428c-9925-ec68c8b495c8	1003	159	42	42	of
6f28f8e0-94e6-4b8a-bab4-0a92508926c5	1050	159	68	42	the
1d1f7054-ae7d-488c-809e-ae5becd121a7	1124	159	121	42	twelve
0db93fd4-6f52-4f39-ba93-b385c6340633	1250	159	152	42	disciples
2fe04c00-31c5-4812-a5a0-dfddba143bf6	1250	159	152	42	,
8b603c04-2503-4533-a8a3-288e7a8f529d	785	194	96	30	437
e7e79070-2e75-4f36-8d64-3121e724cfad	785	194	96	30	-
811399b4-6df0-4334-9604-a831647f4949	785	194	96	30	4
38b0b10e-88a3-4a2f-afb4-1f545b2cac2f	785	194	96	30	.
b4205fda-13ba-4ff6-9b87-0ba2d34ddc80	760	225	147	34	Leezrom
8aeb7843-5649-4091-ba7e-1aa448406492	760	225	147	34	,
820af785-69cd-4023-9e61-18148e07708b	906	216	32	42	a
055439e5-e34d-40e6-afa5-ec392c560caf	943	216	121	42	lawyer
43bff683-5c87-4395-b982-3ccf1565233b	943	216	121	42	,
20d6f947-1dbb-4525-bd33-0cef7cdbba80	1069	216	131	42	accuses
35dfa70a-aca8-429b-a0d3-040c5fbe0731	1205	216	131	42	Amulek
5260523f-7710-4580-a393-fe26104fcb7b	1342	216	57	42	and
ed5b3075-d566-4cc5-839f-cb25bcdb4a14	785	250	103	38	Alma
c1f3210c-9629-4e48-88a8-754068a0be91	785	250	103	38	,
dafd8822-4ff9-4ec8-87a7-7f96fdb31578	890	248	127	35	221
362ac8bc-f4c2-4f47-83f3-d8fc6fdd9962	890	248	127	35	-
cf2af105-6228-41a3-b4da-4c0a84df5cca	890	248	127	35	31
1b368348-646f-4ad3-9453-5ab6a71e90a4	890	248	127	35	;
fc64f8c2-889b-4b35-a926-f98eea4f374c	1022	248	157	35	questions
9f241edb-525d-4319-bb82-c22ca9f4086e	1183	248	144	35	Amulek
c812d477-9d60-43ed-92b2-0e3cd260c9b3	1183	248	144	35	,
32feb334-c03c-4441-b0d9-39735bcb5dd5	1332	248	67	35	222
595a6a46-f8c6-4d74-8bbb-818a093ef427	1332	248	67	35	-
730cb518-289f-4ac8-8f09-0f4424276752	782	277	66	35	21
faeae574-42e2-4e0b-bc8a-445b7e80414e	782	277	66	35	;
08d6d831-7ae5-423a-b969-31ca9ee1b0b2	852	277	171	35	questions
0fa056e3-98b6-4870-8428-5ddd3ed00647	1027	277	105	35	Alma
3f29e2eb-aacf-4a9f-a9b0-e95a4760de2f	1027	277	105	35	,
4d2a7ac8-310d-4a9e-8f47-62921b222909	1137	277	113	35	225
6df36740-b5bd-4501-9dab-27272801b1de	1137	277	113	35	-
1801daa7-0848-4cc5-a473-55bbc94f9144	1137	277	113	35	8
4a9d3367-0cfd-4377-b546-b62f67b0997b	1137	277	113	35	;
37d4c468-e736-4a53-a5cf-a0b6b27a8c33	1246	273	153	34	encircled
cb0f5dea-6b43-4059-a323-4faed822ca68	785	299	110	73	Sidon
bb64f84e-b735-4eed-b46c-a88be85c0208	785	299	110	73	,
fe26cf59-530b-421b-817e-fb1bb22c0758	904	299	27	73	2
c1265a88-6ff2-41db-87e2-b7b14cbfed58	940	299	73	73	Bain
c9d51718-1c07-4c9d-81dd-9ffb9873db54	1023	299	137	73	onell
85387373-4cf3-4408-9bb8-0ddb89ec0d7f	1168	299	109	73	and
0f46430e-d65c-4797-8942-c1331c5431d1	1287	299	64	73	sick
8d1364e5-94ab-4052-b63a-6349b7a5875a	1360	299	45	73	at
930c8698-689f-4dda-8d17-8cad8a0e5e25	1360	299	45	73	,
830d9841-c8c8-4c4e-becd-6cd05c61eebe	1284	334	118	35	healed
31c376c2-fb4b-4d25-aa31-e8ef68ff932b	1284	334	118	35	,
5e97560f-f9c9-4396-8f95-de7c564e4796	782	363	105	35	234
6eff246b-c1f9-4004-a171-df8a145a1648	782	363	105	35	-
54b15b40-de12-4228-b932-6bd8ca2718e8	782	363	105	35	6
1e99844e-4c4d-465a-8933-838c5d5be239	782	363	105	35	;
75ceadad-2120-4119-87d2-b5a65441b6b7	892	363	140	35	preaches
ed378af9-cfb9-4567-933d-ae067dfee411	1036	363	57	35	the
80bea9bf-1c03-4402-91b1-aac978153dee	1097	363	114	35	gospel
b607708b-4d18-4daa-aeca-95d4d0975dbd	1097	363	114	35	,
305f2273-6142-4388-843e-a346717d1f54	1215	363	114	35	234
7692f24d-a1c4-4f07-8a70-3a32d9f7afd4	1215	363	114	35	-
0972e5ba-1111-40d0-ba60-dbd9879ae133	1215	363	114	35	12
31293473-926b-4ca3-af90-ffe3ecf01fe0	1215	363	114	35	,
bfdcc61c-65db-4322-85e5-1c2d6a5f26e0	1333	363	69	35	274
c15d5668-8a8e-4b71-8e94-173383111f05	1333	363	69	35	-
6b495212-1290-49be-b74d-247d21ddfe5a	757	417	209	38	Zemnarihah
fda2838b-0a02-4cf7-a5c0-b1ace34b15e7	757	417	209	38	,
d9e093bb-25bd-4106-a43a-5fcd97a110fd	970	417	28	38	a
51fa6fbe-5289-4ee3-a41f-811411afdb2b	1003	417	147	38	chieftain
9d3b8946-0178-462f-9943-447e0b485abd	1155	417	43	38	of
c91e3776-31f7-45ca-afbc-7bf57073ef43	1203	417	62	38	the
f2d89e30-42c2-43ab-9360-f34d17a9a430	1269	417	136	38	robbers
d240055d-9b5f-48ee-836d-e420d5805e3b	1269	417	136	38	,
7a05f85e-2828-4882-a0fb-91354c5b3add	785	442	117	39	407
f0915a52-9bd1-4be6-b819-a9ea999ff84f	785	442	117	39	-
09cbb416-5d2f-4db1-9b83-5e6eb0cb9da8	785	442	117	39	17
50f2314c-5c6b-42ca-a9bd-bba9bde54869	785	442	117	39	;
97818995-f7a0-4f32-9007-2549c010e810	907	442	73	39	fails
8ec9a428-08d8-4e91-b32e-586a6b16914d	985	442	39	39	in
555768e8-4263-46c1-8441-f6cba6978313	1029	442	49	39	his
6f35e432-62be-4120-90a3-189aac9f7c16	1083	442	127	39	designs
44f3a400-b59c-4ac4-86c7-5f0be4c7c324	1214	442	122	39	against
3e3328b0-6696-49ee-8790-69ba4e9c03f9	1341	442	58	39	Ne
2bf5dd20-067f-4198-96dd-3a9aa34b0265	1341	442	58	39	.
c71de421-6e1d-4c38-8abb-b88a7cd771b4	900	481	133	29	408
8403334c-4c2b-43fb-969e-03331a52e8ca	900	481	133	29	-
1b278707-83f7-49c0-8c7e-2ca46dea9ccc	900	481	133	29	22
a189291e-4d70-42f1-810e-f747c1ca559f	900	481	133	29	;
ef79cf98-de25-43f1-a83f-bc3a44463821	1036	481	109	29	starts
57f7352f-8899-48bb-90a4-3153b0b544f1	1148	480	84	28	with
29511ffa-ac90-4d31-bb06-1bcab0e845c6	1235	480	60	28	his
6e7cc1be-659f-47eb-9316-89b41aea61a6	1298	479	104	29	people
fb801563-85a6-4ec9-b194-fdc2bf4c12b0	785	506	61	35	for
3494b3a1-f31d-4632-a66c-296362bfb6df	851	506	83	35	land
e9e5e44f-35ba-4c2e-95a1-f7cc7e1edbe1	938	506	184	35	northward
cd89301e-5c45-4c30-bb2d-05ec6379ab13	938	506	184	35	,
7d003a15-c049-49d2-b57b-05922dec991a	1126	506	127	35	408
75e3d11b-f621-4235-a50f-a745d760c108	1126	506	127	35	-
956e2d50-eba6-4de0-9cd4-341f414f0e71	1126	506	127	35	23
9a6cd00b-067f-4c1d-ad7c-7ae21231d993	1126	506	127	35	;
36f068b8-095d-4cf2-a189-aaff7593ba61	1258	506	44	35	is
cd678dc1-baa9-43bd-b292-536df881ef4c	1306	506	96	35	inter
9a7fd233-d80e-4fd1-bb94-958b5aa9fd68	1306	506	96	35	-
1352bcbd-65b2-4aca-851c-8b294d8e9ffd	785	535	109	35	cepted
7e5b8272-54f4-4356-84f6-de77db7e9054	899	535	66	35	and
0642389a-b186-41be-a1ab-6aa1da227088	969	535	131	35	hanged
dabbf42c-55ba-40db-b9ff-4b6c26dd94e1	969	535	131	35	,
3164794d-c57d-46fd-8583-c324061c86de	1105	535	116	35	408
80855c57-c4f6-4ed1-9cf1-b2ad4f8988cd	1105	535	116	35	-
e5928484-c34f-4e39-b27d-39c21388c752	1105	535	116	35	28
1b768231-d3dd-4456-840c-1c6adc3759ec	1105	535	116	35	.
6859e98e-0b67-4174-9382-2108ae092ce7	763	567	136	32	Zenephi
f63de7c1-daf1-441f-9cfd-9452fb51dbdb	763	567	136	32	,
3563f590-7efe-4ca4-bbe9-bb1420f56c66	903	567	124	31	lawless
789e117a-1418-48da-a3cd-245f291cc3c0	1031	567	89	31	army
7f0a0b00-b0bd-41cf-a0c4-4752b125c0b9	1124	567	50	31	of
061dccbe-7601-4008-be38-d07222b531c0	1124	567	50	31	,
1364b946-1105-4a0f-a642-4271920e337b	1178	567	116	32	519
8bf38ce4-b1ef-4805-8b7e-381b62295919	1178	567	116	32	-
90d4f00c-f5d1-442e-b720-f0f50c07182f	1178	567	116	32	16
67352e84-8b24-42ef-959f-969a626756c1	1178	567	116	32	.
85e979e4-f132-4f13-9ebf-44a15197a19b	759	593	105	66	Zeniff
bf05651a-6263-4b20-8752-1f2bda203ed8	871	591	73	65	spa
9d557cbd-bbd3-4072-a28a-52e5f424f122	871	591	73	65	,
93420ec4-3b4c-4f9f-82af-f12e8cdc4ca3	951	589	105	66	father
cac657b5-58ea-46fc-993a-7174fc007ed4	1063	588	41	65	be
479b7559-b1b4-44fd-bc9e-3d190fa0357b	1111	586	73	65	lame
b48786e8-64db-462e-a295-b6b01b4ff7ef	1191	584	105	66	leader
5fca2b4d-81b6-48e9-82bb-f5bd1f96c7ed	1303	583	25	64	o
c60e814e-5607-4692-904a-03f5aa11bd1b	1335	582	71	66	seis
99b72497-8fbe-4344-8172-4766aefd6b33	785	651	158	39	company
fff91434-ebb9-4f72-9160-30a2b4693fcf	785	651	158	39	,
a9fe0f87-dcc8-4f6d-91f1-a648958cd714	947	649	99	38	152
c292bd14-8f7b-4f67-9d02-d0a5872dd20a	947	649	99	38	-
c4285901-6b66-4b52-a7db-b8e73487879e	947	649	99	38	3
2b108f93-fcfe-4877-92d1-3efdd03bf6bd	947	649	99	38	;
ad08b9f1-0255-498f-b574-4477ac20c67f	1050	647	140	38	repulses
04d3c433-c8ca-44b7-afc2-58ef03bd4b9c	1194	644	144	38	invading
b7214884-4463-419d-a244-a350b7b1ea5c	1342	643	63	38	La
3d940750-2b60-4239-a89d-78325c0afb1d	1342	643	63	37	-
09417474-945b-475c-b535-328adceb6992	785	678	143	38	manites
eaa22f2e-acb4-4c4e-980d-2152738c5a9d	785	678	143	38	,
196c3192-921e-4015-8066-a91797c3ec2d	933	678	119	38	153
cb820d98-6b45-4ed7-a5e0-0d5bd6526087	933	678	119	38	-
a53a2ff6-3db2-478f-ab36-e14df706ee5a	933	678	119	38	14
49bc5931-7dbc-4a25-acb0-ceee75541c04	933	678	119	38	,
c2a5b321-20d5-48b4-a5ff-c2606474d131	1056	678	123	38	155
637e3c09-4e45-474f-97a8-4f0d16c67377	1056	678	123	38	-
fde9b62b-7bab-4ef1-a794-aabce6bf442c	1056	678	123	38	19
12bb2431-ae18-4d71-b9c8-927c6cb593ca	1056	678	123	38	;
84c8c5e2-b78b-4fd1-a15a-bca09c8b9343	1184	678	123	38	confers
fba4eb66-e791-4ff6-96ad-87b5ce1601c3	1312	678	93	38	king
e25e51cc-bae8-4709-b76c-1a13ccad5d1e	1312	678	93	38	-
8c7c2175-f1bc-49ea-a5d2-3a0e7bca9b5f	95	847	148	70	Worness
dd3098f0-e992-490c-a3cf-56ac57d2b244	252	847	44	70	of
18dc6be2-046b-475d-923b-2d4e02a97d7d	305	847	149	70	iniquity
392f5aaf-0062-424d-8c99-820c8a95d97a	305	847	149	70	,
8a8658da-a148-41b1-b6a1-f578a696f53c	462	847	219	70	denunciation
6e646412-e263-4dce-9ac3-563024ab6d73	690	847	51	70	of
659b35d5-86af-4fbb-95df-807592352dd8	690	847	51	70	,
e9b035de-27ab-4047-8d11-7803f344f1e0	121	914	108	32	207
c20ec89a-987b-44c4-876a-5cf2f398874d	121	914	108	32	-
8eab5b27-1310-41fe-aa30-1bbf4b42a83d	121	914	108	32	37
00d60936-9c10-42c8-92cb-6c2b5cf81500	121	914	108	32	.
d1f3a591-f1fe-4083-bea2-5ec42d48cb2c	95	939	113	70	Works
e88164f5-c724-4555-95d2-9a417220838c	95	939	113	70	,
e4b0bd31-3416-4306-a229-2415f7b02fc7	217	939	35	70	e
afd5a27e-e0ff-422e-b968-47b51f1095db	217	939	35	70	,
4341a94c-0acd-4096-b02e-cf0c187701b5	261	939	131	70	curious
98930804-c188-41cc-b2a0-7f1de934eb1f	261	939	131	70	,
2fa4f4d6-0f9b-48f3-a60c-e563080ed6e6	401	939	87	70	373ed
7be7e918-23cb-418e-9343-77e993777c1b	497	939	35	70	by
7d1e3dbb-bd8b-4b5a-b7ae-45c10c006b25	541	939	96	70	their
9055e1ea-8796-43c1-a1fe-af7d4440739c	541	939	96	70	,
ae2bcc24-67ab-42bd-8a0f-62ebf343054a	646	939	92	70	30.32
01f12a64-64d3-486e-8a7b-8b28ae7de231	646	939	92	70	.
e2a7a87e-7307-46f3-b427-feba1ed2ff98	99	1000	132	67	Worsher
7a6b06b0-9537-4f80-a78f-3693f5ff3874	239	1000	115	66	brine
cb9d8a49-05a0-4cd8-bc25-46d9d2ab321e	363	1000	82	66	Sews
4f7d8f4b-58c8-48e0-8af2-0b5ececebabb	453	1000	41	66	in
906e0546-66df-4098-9c70-a7b848e8faf6	503	1000	124	66	Christs
8b626c0c-90bc-41c2-8526-7d9f7919cfc7	635	1000	103	67	name
de2095d5-d317-4256-a892-71b2321b5141	635	1000	103	67	,
9aa35e25-a2d0-4776-a541-e753d3145c54	121	1060	96	35	91
e42205a8-8087-4ffa-8f08-58232ded3f4b	121	1060	96	35	-
3eab9940-c009-4b82-b2ae-6471eadbf42f	121	1060	96	35	16
5d99edc8-6169-41d0-ad6b-27c06fac8f92	121	1060	96	35	;
c127c41a-b61b-43d9-812e-433e6e08f94c	221	1060	39	35	of
b31315c5-d459-4b5c-93b6-37d7ddd47fa9	265	1060	57	35	the
d4316b79-f1d1-497c-b8c5-98cce6ff48a7	326	1060	114	35	Father
2f5ea188-5248-4965-9c74-623b87c0f9a6	444	1060	39	35	by
25c0a77f-a4b3-444e-9c7a-abda96877d28	488	1060	61	35	the
659d5a77-eb28-46b1-a120-5063943af368	554	1060	140	35	Nephites
b226538e-2a00-4cb0-9500-5e432be1b578	698	1060	33	35	in
56ca210a-b6e1-481e-b77d-2e6443f637b7	124	1089	123	38	Christ's
2a154a9d-fc47-44b8-88d9-86ec1693558b	252	1089	100	38	name
104ce75e-ae43-45f8-b50d-26b119b47460	252	1089	100	38	,
0a3d0313-63ae-4c58-98fc-48da407ab49f	357	1089	100	38	113
cfc16fcd-fa88-4ec3-94fb-5ecb71cf9b4c	357	1089	100	38	-
f99ea209-90c7-461d-b522-b2fbb2b1a55b	357	1089	100	38	5
be1ca8bf-6ab3-453e-937a-2efe8e7c3143	357	1089	100	38	;
73d946ba-3ef3-49cf-8284-ee6137e32359	461	1089	38	38	of
6ebc0300-c2f3-4e7b-a056-3904db1fad0c	504	1089	66	38	God
4d411ec8-b9d0-457a-8fad-79a0cef9dee9	575	1089	100	38	before
e488eb94-ee14-46f3-86b3-bd9227c949f5	679	1089	55	38	the
ea913c89-06d4-4882-819f-52bbc2e5777c	124	1120	96	32	altar
0541e4ba-7bc2-42f4-ac80-1ddf1edf34de	224	1120	62	32	by
093d01f6-4be5-4648-8b6c-74bdcaa82894	121	1206	162	35	privileges
4e260e2b-3191-450d-a4c3-26934267547c	287	1206	48	35	of
4925c09f-9521-4cf3-863d-a2804240b3c5	287	1206	48	35	,
d8a689b1-b518-469c-a15f-cedea716ca05	340	1206	118	35	324
5b67fb6c-30e7-468f-a278-38da10371b74	340	1206	118	35	-
e2e556cb-cca4-4502-87d8-9270413224d5	340	1206	118	35	39
841b53bf-0e52-48bb-ba86-7538223acb2a	340	1206	118	35	.
a512d1d7-901b-483e-98a7-add4d4138078	99	1232	126	67	Writer
8c681066-69ae-491f-8870-070f3257e0e5	233	1232	92	67	Fied
f177afa2-d30d-4111-ae24-d48199bcc819	333	1232	42	67	on
e2426aca-cf79-40d2-8011-9a541bd983f7	383	1232	50	67	the
7efadafe-b05b-45d3-acff-e65c59102824	442	1232	67	67	wa
143c2ad6-6f1e-4684-b026-7fb2c4ec8d10	442	1232	67	67	,
7f0d0bb1-7883-4068-b2da-30808c5622d0	517	1232	33	67	of
793d698e-3e3c-4a4c-8d27-dde8a6d7b2a9	559	1232	50	67	the
134f809f-e38e-434d-b778-6e764a98087b	618	1232	123	67	temple
5838e523-fa6e-4b7f-af60-f2253dc7534c	618	1232	123	67	,
c6b54ec7-f725-4438-8ca9-1daaa9d3d721	124	1296	95	32	219
a0bc50a7-0111-4043-9cb4-860b94567888	124	1296	95	32	-
4acd3c96-25ad-4f16-8f51-cfd20510634c	124	1296	95	32	2
8fef9615-9de2-4385-a74d-aef3da001569	124	1296	95	32	.
31348915-3cdd-4bb8-a978-12ec6ddb2e24	99	1324	152	38	Writings
91549bca-216a-4799-aabf-6b44a5d3f5ac	99	1324	152	38	,
329e69d5-f212-495b-8388-e98aab280cec	256	1324	43	38	of
0c1bb7df-d2f0-426b-8fc5-230aa89722c0	303	1324	62	38	the
b889cab5-716f-4126-8156-cf377f0479e1	369	1324	104	38	kings
95234a85-6126-4a1d-8b41-a0c380b0d096	369	1324	104	38	,
3947395b-0b27-479d-8355-ea64344a147f	479	1324	116	38	129
adedc813-3ca0-4fe4-8a39-7567c352eddf	479	1324	116	38	-
39dda61b-7fd0-4362-a942-499175a633f3	479	1324	116	38	14
85291bc0-007c-403c-acdc-1b48a965e5e4	479	1324	116	38	.
d1478bf4-7a29-4d8a-afdc-19060229f53e	102	1381	171	35	Yesterday
74bdc397-9042-4a60-a494-73a6c01bdb64	102	1381	171	35	,
46e1ca31-6397-4774-8a04-ed654b549cf5	277	1381	105	35	today
7f65b367-4437-424b-a878-dce72756b069	386	1381	70	35	and
b3e522ea-3edc-4761-989b-5cef4f09c7fc	460	1381	136	35	forever
ab1696ff-4ee6-420f-8c16-7224f3e4cea4	460	1381	136	35	,
e83dd64d-6066-4b7f-8262-582e84b03b0f	600	1381	74	35	God
81157ad3-b487-4753-b295-108ef7c7a9c4	679	1381	55	35	the
5991b537-ccaa-47d8-b36a-fdec00581f7e	130	1413	90	29	same
e2307153-64ed-41c1-87c4-39f66c512484	224	1413	192	29	throughout
20d42bb1-783a-4744-83e0-de3f3bf843b8	224	1413	192	29	,
328108f5-1984-445a-9e20-e620b76ed3df	426	1410	108	36	17
7964a12c-b09a-4b21-9840-c8b2965063f5	426	1410	108	36	:
b1feccae-365e-4bfd-bc74-053d4d2f540b	426	1410	108	36	18
bf8b3f03-a0a7-46df-9ad0-2015f087976b	426	1410	108	36	,
a0a38200-2cfc-49be-abe9-4a6e3d603af5	534	1406	100	39	52
c81cea55-8100-4734-9ead-b53a2d6b7740	534	1406	100	39	-
5b7f61fb-6e73-43f4-bf4f-400b3efd37c8	534	1406	100	39	4
d6a0068e-a592-4271-84f8-da510f173a9d	534	1406	100	39	,
7dfcd4ee-c8f1-4e3f-a357-0255f9f2ee6b	638	1407	99	39	97
663050f1-9bd5-4871-83c0-0d83c4e1c7b9	638	1407	99	39	-
c2a71bea-8f59-48bb-8fec-9e0376ae52f3	638	1407	99	39	23
36ec5c3f-79b2-48b0-a3e9-d25f9aa74fc6	638	1407	99	39	,
cac09ae7-1531-4454-ae59-2c29e764e132	127	1437	96	36	101
09560a22-0e28-4ae2-a3f5-5ffd8e6ad64d	127	1437	96	36	-
55056f60-982a-43c9-9651-4b3a5f16526f	127	1437	96	36	9
d9c44ffe-04a2-456a-bac5-d6b750eb45fa	127	1437	96	36	,
812788f0-884b-45d9-aaa8-26f9fa776d9a	228	1438	118	36	275
0348ab18-013b-42de-8e7a-65c033d10782	228	1438	118	36	-
7f2adc3b-6b00-421a-aedc-47e71963f09b	228	1438	118	36	17
537166a3-9c48-4ca8-afd3-fbd4750be19e	228	1438	118	36	,
a7f20916-e29b-40c7-b837-482f161ddfaa	350	1439	105	36	476
e1ac75e2-62be-4dd5-ab55-fa0a044fa4da	350	1439	105	36	-
860367f0-e862-45f3-af35-83dd7e889bb2	350	1439	105	36	2
2c646a34-0071-4ad3-bf2c-44d015da17b2	350	1439	105	36	,
cff9f50d-9af0-42ab-b19f-6dabb377d346	459	1440	110	36	521
d1c0a61a-7541-4f38-9827-53ec0e7b40a5	459	1440	110	36	-
e103c401-4dfd-4ee2-9ebd-7239ab17bcf1	459	1440	110	36	19
fc714e57-0315-4124-9fa6-da429d001984	459	1440	110	36	.
6b1ce0c6-d0f9-468e-9143-10be45bd0d3c	102	1464	96	70	Vied
74bf5279-aa04-4182-80ac-028da7adfda4	102	1464	96	70	,
21b029ab-f672-4b41-b878-2b4e94920af5	207	1464	17	70	,
04aedc8c-af41-4ce3-9b36-7aa14734cf41	233	1464	44	70	413
46bfce4c-af85-48a5-8538-afba38c97a29	286	1464	35	70	9
e4df5725-f7de-45be-9ecd-4b60a0b14f4e	286	1464	35	70	,
3a6741cd-efb5-48a3-aa6a-85988931f1c9	329	1464	119	70	417
7df293df-0aea-4481-a46a-176a7e012ba5	329	1464	119	70	-
d9fb292c-0cf1-43ce-921a-f8d3b290809d	329	1464	119	70	25
e7b1d7fe-4d5c-4173-88b6-f6d9e0c0c668	329	1464	119	70	.
5a4f3259-e47e-46af-8058-55b413894cb6	391	1464	52	42	or
b0647c4f-c90f-466a-9e41-8d14a2b351de	448	1464	189	42	temptation
6f5f7632-2684-4bf8-b998-f9c0fbf67d00	448	1464	189	42	,
37e8e386-9ecd-45eb-b51d-847dfa3e07b8	643	1464	98	42	59
b82b3102-9209-4926-ad61-1c2a6997e40e	643	1464	98	42	-
4f78ccfe-9329-4455-b689-c396ceff4abd	643	1464	98	42	27
46848a12-fd47-4128-a750-b2089e0bdf26	643	1464	98	42	,
fb3b1e72-8f4d-4b40-931c-e5bef348eff3	102	1528	90	38	Yoke
74d72b8e-2742-4819-a03e-d83b9ad48748	102	1528	90	38	,
5ec32f80-fc98-4629-993e-301a4f0a37e7	197	1528	38	38	of
fee70864-fab3-43f7-9036-ba22c2fbdb5f	240	1528	57	38	the
4df864a4-2e8b-40c5-8fc4-c6e53d4d2a24	301	1528	180	38	abominable
63f8c489-8b71-4125-b0df-c397091a7cc8	486	1528	128	38	church
a7688d75-8d98-4ac0-8ce5-bde58e0f8e47	486	1528	128	38	,
b53d83cb-8c76-421a-94b2-4936f9c918f0	619	1528	80	38	22
0911a3d1-2378-4676-ac3a-abcb92c17cd3	619	1528	80	38	-
cf4d6880-3870-4dd6-a335-1b36c9e77a97	619	1528	80	38	5
63c54821-8aa6-40e9-9549-736039de7402	619	1528	80	38	.
d9da7ca1-2887-4497-85ad-9c4105e18dd4	216	1617	184	29	Jerusalem
2c4c71b4-60de-43b9-bc4f-51123295994a	216	1617	184	29	,
3887d2f9-6e46-4ef7-ab79-6e4999049036	563	1613	112	33	people
80c1698e-138f-4104-a91c-2ed8d80ce939	134	1643	86	32	unite
2adcf17f-3095-404b-ad30-8ec60aad78b2	223	1643	85	31	with
175a33e4-e686-449a-b240-0657fa433d5d	312	1643	112	31	people
40f19d95-060b-4f4d-a3a1-5f10230122fe	428	1643	50	31	of
8829071d-4f74-42b3-acc5-aa990da95301	482	1643	132	31	Mosiah
fb8d50c6-bf79-4a84-8fcf-1d5af3710d48	482	1643	132	31	,
2f6fe8b5-71bf-4e7f-be15-04a5fcce7697	618	1643	116	32	131
68784274-6f87-410b-9985-563097368751	618	1643	116	32	-
ee419303-cde7-49ec-a90c-420b3559d0a1	618	1643	116	32	19
dbf84c5d-da1d-4774-878e-4786d35b5acc	618	1643	116	32	;
c95bcced-262c-44f8-845c-8fe8d42d73ee	134	1671	92	35	Limbi
e98c653a-6070-4f27-a31a-2e2117116bc2	230	1671	96	35	sends
e8c7bdb8-ffc0-4696-965e-da09ea310e69	331	1671	74	35	men
3f940194-5ff8-4870-8708-a155d1e07777	409	1671	44	35	to
ee3d752d-de39-4656-9581-dd611a6a5bae	457	1671	109	35	search
e7c781fe-14c5-4377-9efe-4daa0e7f642a	571	1671	61	35	for
50d125f7-54ea-4c81-9ffd-7fc140a606fd	571	1671	61	35	,
bfa61cdc-32ec-468a-8c59-fb1e9c82251b	637	1671	101	35	150
d2fa137f-93cf-4fa9-95e6-50ac42126383	637	1671	101	35	-
6da6bf61-5f47-4d2b-a711-1a0b9cfaa260	637	1671	101	35	7
2f91771d-7b13-4814-83f8-1dae1242bc57	637	1671	101	35	;
fc6193c2-c8f5-42d9-b82f-c601b8ab4908	134	1700	109	29	people
e63d0511-e21a-4c4c-81d9-66523fb19aad	246	1700	50	29	of
fe637aaf-081b-4d8e-9a1f-a9bd81651144	246	1700	50	29	,
0623e6b5-ae79-4143-ba21-3e189c47396c	105	1786	175	70	Zahemlas
c7937b87-2d06-4bda-8977-a045d1583e6f	289	1786	122	70	Liners
c082f567-b810-40b6-ac7d-3e70d7d61e41	420	1786	52	70	his
5d619f26-1048-4eb4-8a28-81e5b3cf54ad	481	1786	96	70	tress
8773090c-c7de-47da-bb21-dae76d9ca69b	586	1786	35	70	in
5437ae79-791a-4018-97ab-491c670ec13d	586	1786	35	70	.
bb53f75c-e81b-4f5e-a3c6-142f11f6295a	630	1786	111	70	493
782c09db-fb0c-49a7-bc47-594700c63e75	630	1786	111	70	-
73e8caf8-f23c-42ac-8ba0-1d3b6de6ab97	630	1786	111	70	24
53f6629c-c229-41e6-b32c-29d3e9be648d	630	1786	111	70	,
e8cb97c2-b680-4fe6-a42e-d80a49eb27e5	165	1849	13	35	;
46a3dcd3-e9fe-4da7-8a7e-b476d0aed082	182	1849	79	35	land
85f43e86-d5a9-4f8d-9ac0-a506085f2786	265	1849	166	35	southward
d2e3cf64-c5a8-45e4-8fc4-efe09be71d0c	436	1849	105	35	called
a45166c8-0395-4889-9c58-d4c56c0e3975	436	1849	105	35	,
2c5e7abc-0a56-4bcd-9e69-51c2e02c8e2c	545	1849	113	35	495
4b0521d2-f37f-47fa-9b79-8c71b505dca4	545	1849	113	35	-
5773edc3-5c6a-4c57-bee6-31ba774b3c6b	545	1849	113	35	31
3010bcd4-11ba-412a-991a-582094ff025d	545	1849	113	35	.
978a0538-0db3-407c-b589-8b268eeb4c2a	105	1881	172	32	Zarahemla
73cbab4c-0c09-46a2-b0df-0349081122d1	105	1881	172	32	,
1b94278e-e33a-4445-85f7-3aae371c545b	281	1881	68	32	city
f6ed92b4-f350-4a04-af36-8e7d563600c1	353	1881	44	32	of
506f39a9-8ee4-4b67-8273-642f6d2e948c	353	1881	44	32	,
73eb2d1f-e8b1-49fd-af71-b5a849db2bd2	401	1881	112	32	burned
e14ab1ef-e5ec-4c97-9321-c55fe336cb2d	517	1881	40	32	at
3d831f06-33ac-456c-9d1b-53d278e549fc	561	1881	76	32	time
fe544bd9-c63e-4a81-bb0c-2998c7d4c0f3	641	1881	36	32	of
dd24564f-fd22-409a-bd33-d1bbb9381111	681	1881	54	32	the
9c6d768b-0d46-4964-9d45-095674037c26	137	1907	172	32	rucifixion
d8e0ec79-0d09-424e-a13d-c49ca7f5b5b3	137	1907	172	32	,
30eafc75-4ea1-425d-8726-33c2781d7f84	313	1907	108	32	415
0cfabbe6-3e45-4d0e-a1e6-aa311fda8888	313	1907	108	32	-
b7e09af0-eee5-4c8b-addf-3636eb67b559	313	1907	108	32	8
63cc78f0-889c-4d7e-af58-1d95d83afa8f	313	1907	108	32	;
7a9616a1-712c-4273-ac98-d36da00069ce	425	1907	120	32	rebuilt
42666f0d-3f6c-4bdd-b3be-ece8238e53a5	425	1907	120	32	,
6b888603-ed3a-45f6-87a3-d948609bafcc	549	1907	97	32	456
953ea574-f8f1-4a94-9904-085175742e9e	549	1907	97	32	-
9a005287-70bd-40aa-a7e0-f7e7704be018	549	1907	97	32	8
0909d403-a782-4882-8f51-c69070a89f17	549	1907	97	32	.
812f5e53-f900-4f17-b02c-20860aade596	102	1932	155	73	Zedelich
b042fb12-6fe5-417f-a849-944fe2624e64	266	1932	100	73	his
d1f5031e-d8c9-4608-9045-69a57f3e9fd9	375	1932	109	73	delh
30ee7d41-d03b-4c39-abfb-5bb97722315f	494	1932	247	73	6130001,38
9da8baff-d287-469e-9f3a-44406834a902	494	1932	247	73	.
e7baa1e8-c712-4dc1-ad1c-910dba10f35c	130	1996	70	35	cept
65b2824a-d6b0-4343-a412-272257f21af5	204	1996	114	35	Mulek
f2f083e3-d2d5-4743-9ca3-f622f0ce9285	204	1996	114	35	,
0aafa6ac-18d0-4cc8-a4bd-2b043c382b7f	322	1996	92	35	slain
f88fcd5b-ae26-45c2-9113-9697b7ff14f9	322	1996	92	35	,
ffdf20e7-271b-4099-974d-655d635e4322	418	1996	112	35	380
2625f7f0-39d9-4689-b898-33b59f98421a	418	1996	112	35	-
f6c7bdd5-29a8-492e-8ca2-456837c5b350	418	1996	112	35	21
e59151ad-9b48-4d82-871d-af12b35f992a	418	1996	112	35	.
82eea040-7055-4f5e-b6a0-7f751513b8fd	788	789	149	35	direction
486aa9c9-7ae8-4881-b3ba-0197a76bd614	941	789	35	35	of
54372689-6414-46d7-939a-922a2d2d9adf	981	789	83	35	king
8b987bea-0489-4521-a8c8-b1e3538249e1	1068	789	127	35	Mosiah
0ed42fe5-abe4-4a2a-a1e9-0bc2052469cd	1068	789	127	35	,
09338ae4-0383-4bb0-a76b-8316852352b9	1199	789	101	35	182
2dc4b138-ea86-4e95-8b08-bc72bd01dd2b	1199	789	101	35	-
fd14ce97-9e65-4cf7-bc75-1ab3e268c75c	1199	789	101	35	5
8dccd7d1-6437-4b3b-985b-c296804dd0ef	1199	789	101	35	.
c870ade2-b0b8-4fc9-aea3-6f7c4afeaac9	760	818	133	38	Zenock
a5c7346a-ad10-4aa0-b8ec-18c6ffa632c1	760	818	133	38	,
bd47fcf4-64df-4605-9773-4a583523b108	897	818	157	38	predicted
00b15d4c-9a7b-4b01-bf1a-343c263ca2be	1059	818	81	38	that
3375bb4a-7b41-4fc2-b100-4171600d8498	1144	818	104	38	Christ
bec55edb-1ef9-4181-9f97-d3bad9f14c25	1253	818	104	38	would
e79cd340-364b-495e-9d35-4c8271f71583	1362	818	43	38	be
b82cf7a8-4c4b-45a0-a5ee-0f9213e76657	785	907	76	32	tion
2727a4a2-e94a-4197-8696-318b0e5115a0	865	907	44	32	at
5d0cfaad-5bbf-46fe-bb20-be7010702fc4	913	907	80	32	time
b5275a00-6631-4d16-b5bb-162c65a0a409	997	907	40	32	of
b5b47fee-a015-4348-bb98-782db41ac36d	1041	907	60	32	the
05826599-d1e2-4027-ab97-1e792c7ae8ea	1105	907	184	32	crucifixion
0283a8f5-4d1f-4556-b892-7aa11138520b	1105	907	184	32	,
a0b645f1-64d8-4f6b-b886-46071b9fc1e2	1293	907	112	32	420
043adbfb-b2b6-43ac-b525-b45c43ddc3b0	1293	907	112	32	-
019632db-717d-4c70-96d5-b6248134c87b	1293	907	112	32	16
88c1fc49-0424-4302-9692-b5ff4cf41ad8	1293	907	112	32	.
8319f278-a182-4c89-aa7a-c4589050eff6	760	936	113	35	Zenos
961c0ec0-56ef-4462-b1d3-24a7b14a37b3	760	936	113	35	,
1879bc78-813c-457c-a69c-bde3aa1532ce	878	936	101	35	spoke
909ed7a4-9fd4-47de-8e18-e45a2b1c96f0	982	936	44	35	of
46c88d17-267c-4c44-a40d-1a7cd32c98f8	1031	936	101	35	burial
d40d7ef2-542f-4297-a318-8bdbad8f3c01	1135	936	44	35	of
eb0fd3c1-9a8e-475a-8005-f366deb2675c	1184	936	118	35	Christ
8d56fc4a-5476-43bd-8fca-cecc278c0b29	1184	936	118	35	,
53e243c3-e7db-4ba2-b225-eacfb1c90c3c	1306	936	102	35	41
799c739a-b194-4fc6-b642-3ad39c2a937c	1306	936	102	35	-
aa4d9c4f-4ce8-4e6a-8a91-634c88db9798	1306	936	102	35	10
1477f494-59bc-4710-bc7f-86abd33f09e8	1306	936	102	35	;
5bfbda3e-8ce9-4ba7-b9c7-c5071eb4ab33	792	961	100	32	spoke
72e91e83-d025-464a-8885-a3495adae0f7	895	961	44	32	of
e488d18d-e79a-4555-af30-dc1ec9f3a98e	943	961	64	32	the
8ba4d8be-96ac-426b-ab13-427ca738e515	1011	961	96	32	three
55076729-997c-4099-8e0b-95811da11b53	1111	961	88	32	days
e4fef5e8-e203-4851-914f-5729d10f9b0c	1203	961	44	32	of
d25eda18-54a9-4bce-a67a-34c8c8c026e7	1251	961	157	32	darkness
4e28f472-7597-4ad9-8289-366947575624	1251	961	157	32	,
e8c2fc3f-fabc-4777-97f4-cda82e1b6b42	791	996	102	31	41
03387269-8988-443c-b7c8-375f2cf00b83	791	996	102	31	-
1824c220-b09d-40fe-bf41-a07e62a744f1	791	996	102	31	10
0c22b1ca-90b1-40c5-9cf9-de4bfd0cc5f1	791	996	102	31	;
54d5a49d-7c9d-4c7a-b4d0-97bfee984a67	896	994	87	30	gave
555e8bdf-ae06-46f3-8c78-2ad5d79d311b	987	992	124	31	parable
ca407d7f-75e6-454e-813d-fda4b5855aaa	1114	992	40	30	of
4c5420f4-5298-4545-942f-0ca7767275ce	1157	991	62	30	the
8f46cb37-9fdc-4303-8e52-c802957acc5c	1222	989	87	30	tame
1ad04b58-ef7f-4027-a654-020dd7d5b29e	1313	988	93	31	olive
99707e15-c712-40dc-958f-b71b6587c8f0	1313	988	93	30	-
aac41bad-f240-495d-ba28-a7ba5a074371	788	1026	77	29	tree
338d2f26-877b-43d5-879c-fde1bdd8a286	788	1026	77	29	,
030e7279-2bce-4ee9-aa8a-45c37e7b931f	869	1026	98	29	115
27073095-f11b-453c-be9a-1a0a87d5b2c7	869	1026	98	29	-
5e86f313-fd0c-4127-9167-66b93ee502f4	869	1026	98	29	1
4fe510da-b0d5-4373-8cc0-e842ddfc4caa	869	1026	98	29	,
e2506fee-d1f3-4974-b70b-b407d5168180	970	1025	105	29	122
3f8011bd-0063-4840-bb76-7e5dc65148c3	970	1025	105	29	-
b3e7a449-30e6-4f8f-a4a1-94151557dee3	970	1025	105	29	1
4ee13f25-a20a-4590-b7ce-f0d8889b04b9	970	1025	105	29	;
bb9a3959-0d05-4f70-9c52-f3f32308468d	1079	1025	102	29	words
ac104757-0aae-468f-a954-aa9a889f05fc	1184	1024	46	28	of
ca07a61f-4813-4d62-b631-85a0593d34a3	1184	1024	46	28	,
3498c95a-2c4e-4588-92f6-6dea8f423f08	1233	1024	88	28	must
273e501c-5677-4610-bd60-cbc6e9c09fb6	1323	1023	82	29	come
104d47bc-c23d-492d-b5c4-724cba25f62f	785	1050	40	32	to
416ac2d6-47f7-4caf-9e24-b1b0a71dbefd	829	1050	84	32	pass
24d69ca4-f78f-432c-aa45-bd129c1c04f0	829	1050	84	32	,
07b7a1c9-eec1-42c4-991c-61ed351c0204	917	1050	100	32	122
6524a110-93dd-4564-8bd2-b0e114493cd1	917	1050	100	32	-
680ba908-353b-4bd9-b241-92b1bfdbb513	917	1050	100	32	1
658c768a-67ee-48bb-a5fe-8b356ab0d093	917	1050	100	32	;
db176b0b-b1ab-4da4-ae3b-98dbb393887e	1021	1050	96	32	spoke
12f5285d-a272-4780-b002-249c99340191	1121	1050	176	32	concerning
53788097-b39a-40a3-823c-0df7c247bef6	1301	1050	104	32	prayer
ac59a385-6b36-4c23-ac5e-841edf0d3cb1	785	1076	62	38	and
3fdb85e6-737f-426f-bca7-a5bbcdfa3e20	852	1076	138	38	worship
912188d3-d99c-4172-9f4e-ac3ae25eac83	852	1076	138	38	,
a818e384-6c5b-4bef-bae4-9a7d3bf464c2	994	1076	100	38	280
1cd9b50f-1fe2-4d11-b20f-77ffc66bb480	994	1076	100	38	-
5a57bd6b-d09e-414e-b8ba-dd3fd5a37750	994	1076	100	38	3
584b00cc-99a3-49f4-ac33-07b69ef94f1a	994	1076	100	38	;
c8ed058b-aac8-47b2-83e2-c53770535822	1099	1076	133	38	testifies
67fc8b7d-6085-4076-9135-e01a0ecee612	1236	1076	33	38	of
9f189b85-9e28-4352-ba10-bf1fd6e46979	1274	1076	134	38	destruc
365d0578-6aa3-4b6b-9a7d-5c74cbfdad0d	788	1108	72	32	tion
72254d95-505b-4812-9d25-9758ad266403	864	1108	36	32	to
773db53a-9e70-444c-afb7-a6c3e7647be1	904	1108	96	32	occur
3ac62892-7100-4738-a67f-ffc22d0143c7	1004	1108	40	32	at
ea831ebf-61a5-42b8-addc-682909026171	1048	1108	60	32	the
c0465f3a-c120-4f86-9048-6328b1e48673	1112	1108	180	32	crucifixion
b494ed44-57e1-4565-b156-f2e745fa38f3	1112	1108	180	32	,
5ca233cd-44d6-40a6-85c5-3fd3a53ed755	1296	1108	112	32	420
46dc7792-5be1-4742-9a75-6fb408ec8dc1	1296	1108	112	32	-
3a21aab5-6fe7-463d-9d4b-f0fb393229e4	1296	1108	112	32	16
274c3dc8-7b35-477f-a671-cce6ed0fd8e9	1296	1108	112	32	.
b86a8971-f7a9-479a-bd0e-2c1f3b9be857	763	1135	208	34	Zerahemnah
b9ca1b19-461e-4d06-bca1-889f7cea4ae7	763	1135	208	34	,
ff08996a-fce4-4743-8147-d0b9125281ef	975	1135	32	32	a
ba0251ad-1c40-434e-9d77-9b148c7c0740	1011	1134	108	33	leader
ef93d40f-303e-41bd-8bfa-038547fd48d2	1123	1134	40	32	of
0d1f9e10-5c79-4629-92bd-6743e6f9bd8b	1167	1134	60	32	the
406ca53f-77cc-45da-97b7-50f33b38ff29	1231	1133	178	34	Lamanites
e08b3b81-5e22-48ed-815b-ec9458657482	1231	1133	178	33	,
bce68a26-a17a-47af-91c7-6f93563e0a8f	792	1222	118	35	306
03924cae-0a9e-4990-8930-7bab5a09a539	792	1222	118	35	-
0671f054-5cb0-455a-ae8a-1bb58c1628d3	792	1222	118	35	12
7964a519-e963-4559-a33e-ea20968b9ccf	792	1222	118	35	;
3e2e8f0f-7098-47f1-bf5b-73d982c53fc6	914	1222	83	35	begs
ac5cd238-7144-4f3b-ab5c-1c90c27d99ca	1001	1222	57	35	for
fdb81be7-7b06-4405-a64e-4f31a1fed263	1063	1222	118	35	mercy
4f008c31-f303-48e0-883d-37770ba1daa7	1063	1222	118	35	,
ae4d3cc6-cb14-4c70-8936-ffc5a8566045	1185	1222	112	35	307
e0dcd4be-c93b-4f6f-a702-a096037b7cdb	1185	1222	112	35	-
1f81c28b-f833-45b6-8ec5-3ce46d17c0f8	1185	1222	112	35	19
51b14b36-c7ce-45cb-9f84-f8ac351388f6	1185	1222	112	35	.
d122cc69-dab9-483d-9385-512e57fc6973	769	1251	112	29	Zeram
4443905b-9a4d-4596-9388-f313c08be465	769	1251	112	29	,
a0ffa6e9-4c1a-41fe-835c-a6b0a37e8c0a	885	1251	72	29	sent
bdc96fbd-c9c5-473b-8bef-3b3d0a6778ef	961	1251	62	29	out
4e25dff0-6b90-41b1-a011-d832efd6d8cf	1027	1251	40	29	as
dbe0bf3a-b2f6-4dfd-8852-8b9b1a6a6c94	1070	1251	29	29	a
6fcb38e1-f2d3-4b0b-bc61-448fd4bdfebf	1103	1251	72	29	spy
9dc69fcb-a677-46f0-8871-f7acccc17e83	1103	1251	72	29	,
594b1568-f062-4f50-ad1f-1c5c00e151e9	1179	1251	109	29	199
91ad88c7-47dc-44e9-a117-d14259920294	1179	1251	109	29	-
fa6a5c0c-8d58-4059-b0a8-cb606e8ef2d7	1179	1251	109	29	22
452a0089-11a5-45a0-8474-fa6b30a1d782	1179	1251	109	29	.
cd2695bb-43a5-4c07-8563-8c2ca596a02c	766	1280	93	32	Zerin
512a9292-a47a-40c0-84bf-708e6995081d	766	1280	93	32	,
1fe39a8f-8fb9-4681-9ecc-d508d18c2c4a	863	1280	167	31	mountain
2149cbea-d45e-458f-b532-53bc1532dc8f	863	1280	167	31	,
f7eb1705-0fd1-49f2-a3ad-bb88fec873ad	1034	1280	143	31	removed
46cf08b3-b59b-4308-a9fe-06043f501ab3	1034	1280	143	31	,
32fda837-c0d5-43e2-8e85-7818edbe886d	1181	1280	46	31	by
6e987f1b-f8b1-4194-84be-8ba49d16072e	1231	1280	81	31	faith
5a0881f1-dfc3-4fa1-b92b-a1e9e2a4280b	1316	1280	35	31	of
30d17913-3e15-4455-8433-73aea472587f	1355	1280	53	32	the
6a2b601c-882b-4b7f-8bd2-dd7edfa2663c	792	1308	122	35	brother
767d315a-a561-4952-abbc-2ac68071c830	918	1308	39	35	of
2f8494c2-8398-4c68-8dd6-62807e4d7c82	962	1308	101	35	Jared
8170efd6-7906-4ec6-a885-39091e9463af	962	1308	101	35	,
b22ea92e-88ed-4721-b0d3-d0c63b5b251a	1067	1308	116	35	502
a0f4d22b-a78b-4aa4-b908-319a095ce523	1067	1308	116	35	-
e27e153a-e3e5-44e3-86e5-3e6ee154b04c	1067	1308	116	35	30
1d517e8e-4d90-42c0-b16f-97df4c81fb0b	1067	1308	116	35	.
cdae799f-ce76-4e7f-b0a1-d7223442b554	763	1336	75	36	Ziff
347d457a-12f5-4e98-962d-dfd40987ca05	763	1336	75	36	,
0ff28ec7-0809-4e08-8aad-8a609af1b49c	841	1337	100	37	156
35284c0c-d80c-453d-8121-00ed53ff03a1	841	1337	100	37	-
5e08f508-496a-4fbe-bb3e-52965bdc33a6	841	1337	100	37	8
09c08123-6199-4e55-8f4b-1b3ccab8d2ae	841	1337	100	37	.
5d350034-d78f-44fa-81b2-5d7b5c62d411	763	1366	88	35	Zion
cf91ad52-d592-489e-b3f5-56cc783801c1	763	1366	88	35	,
0d83ed14-7e7e-4365-b0b5-c999f915ce4e	855	1366	175	35	supporters
6087b6ab-fafe-4fec-8cdd-1bceeb977391	1035	1366	44	35	of
1f37630b-16d0-407c-bb5a-ff902fa8c786	1035	1366	44	35	,
3474a125-7919-4301-b04b-d84fb22e3fa3	1083	1366	44	35	to
fc781101-f3e7-42e4-a035-c90433bda902	1131	1366	39	35	be
1efb2efa-88f2-4815-ad59-73795cca2911	1174	1366	131	35	blessed
29a58383-b0df-456b-83d9-e82b29ba3b94	1174	1366	131	35	,
388db0ba-f7c7-4c39-8849-19991235c41e	1310	1366	98	35	24
7124446d-b309-40a6-beee-e788fe273d2b	1310	1366	98	35	-
ab6f9eb2-ab40-4c0e-9948-0ebde0c01a2c	1310	1366	98	35	37
01654c4a-51e0-4a77-966f-c5c80a27f905	1310	1366	98	35	;
e2943540-76c8-4dc3-8cdd-a210316be29e	788	1391	50	67	05
8e702be0-ebc9-4878-ac93-8a3eb1949f31	788	1391	50	67	,
2404a429-cf04-46b3-be0f-8f77fbe4168b	847	1391	100	67	2
d401836a-7e39-4e2d-876c-beea273096ef	847	1391	100	67	-
5f9848c8-b923-4401-9c72-1080084e7a87	847	1391	100	67	13
c793aa66-ba7e-4dd0-9f4b-8c30b73653d6	847	1391	100	67	,
fe0980b3-ef40-4261-b660-5774242024b4	956	1391	84	67	55
54287bdc-507e-4bc1-9043-c077a6074cdc	956	1391	84	67	+
8be9ffa3-fc6d-41db-9ac4-3aa238e67217	956	1391	84	67	9
ef035a09-5c36-4df7-9846-3399dd4bd7fa	956	1391	84	67	,
c6b98564-391f-4ee7-a474-d6fb9cf22e44	1048	1391	117	67	last
42cebf60-02a2-4a7e-9b32-434d6ad61eee	1173	1391	42	67	go
b2ff95df-85f6-44e5-af2b-6b3d27a049ef	1224	1391	84	67	doth
4785f65f-1f79-468c-a1e9-9d62a9ef3680	1316	1391	99	67	trom
ed0e5b43-23d3-4c24-860d-a39162a61042	1316	1391	99	67	.
d40db4c4-328e-4f78-9d02-41ffbe3b362c	792	1445	70	70	743
49971d37-b1b7-4cff-aeb6-8263f0b06c84	870	1445	44	70	al
2e55559b-cb55-4c62-819f-2ac854d2fa6d	923	1445	26	70	is
31a7bd02-2670-44e8-b971-fb77ce80ae47	958	1445	201	70	wein
ee0c2bbd-eb0e-4b97-9335-f478c11ab95a	958	1445	201	70	,
70532946-3b4f-4173-b397-604fcba757bc	958	1445	201	70	53
b1fa18cd-7d8c-4cc1-8f02-24167df1418a	1167	1445	105	70	devils
bc7d6560-e37b-44f7-bfe3-2ee29dfe51b8	1281	1445	134	70	doctrine
7230b47a-7d3d-49bd-8e63-07b576d2410c	763	1506	119	35	Zoram
6557d736-8098-4250-8b4b-5fdbaa54af01	763	1506	119	35	,
1ea25de4-53ab-45e7-9853-464052133d34	886	1506	57	35	the
a6bd4d38-9eef-4640-9cb9-a75141f35c52	947	1506	127	35	servant
c978cd0b-074b-4217-a8a5-a4ae8b765302	1078	1506	39	35	of
54804830-e7c3-4a65-bd16-e733e52dbf08	1122	1506	114	35	Laban
2198453d-8321-4136-9d29-fded1274bceb	1122	1506	114	35	,
fba5e295-97e1-41c5-ab2a-1a6639beab04	1240	1506	83	35	9
14711ce0-8778-484b-972b-9660987cc949	1240	1506	83	35	-
b288ac81-b740-4a68-92fc-09cdeab1b089	1240	1506	83	35	35
8010a8b6-a8b0-49c6-9cc9-36c17921ccc3	1240	1506	83	35	;
75e4e409-417a-4998-a930-cc7ca94ea950	1327	1506	81	35	mar
607a42c4-3b11-4a8c-b556-8efd099614fa	1327	1506	81	35	-
6dcdffba-bd25-44a5-aa45-ddae6fd68c40	788	1531	50	67	si
fbe682fb-aed4-40a8-9ca5-e5f4eb468372	788	1531	50	67	;
f967e474-6dfe-47b7-8ff8-9fa5a5469b48	847	1531	109	67	blessed
f771b9ae-ab92-40c2-a5b5-d35915557b17	964	1531	42	67	Ey
12ffa5ca-9245-451d-bf05-5cc08109bd1e	1014	1531	167	67	Eecisend
fe4125cd-3010-4090-a5e0-761ef41349d3	1190	1531	17	67	;
6c9575fb-84c5-4e1b-87f0-b57f2140b115	1215	1531	17	67	a
611a8366-262e-4f2a-80a5-9debc14ccbd0	1240	1531	171	67	companies
51e85693-20ff-4f9c-b398-458ea6021eba	795	1592	108	32	Nephi
0d0e2b33-bdaa-471d-b470-c281f62c4ac4	907	1592	46	31	in
9f8b6b70-a27b-4913-bb7e-b2098978e9dd	957	1592	70	31	the
60d83c42-b881-402f-b681-92e4e93c961e	1031	1592	182	31	separation
4eff0050-f0e0-4f20-a044-c43c905fe941	1217	1592	46	31	of
55fbd7ae-e63d-4f4a-9a0d-f997e8d7065f	1267	1592	142	32	Nephites
a69627cd-8100-48cc-bcaf-54b8c0c54ca9	791	1622	70	32	and
f03d8b8f-4ec8-4fa5-aad3-73ddda641964	865	1623	186	33	Lamanites
c2accd64-a37d-456d-a752-71805c35463e	865	1623	186	33	,
1eb90688-fbc3-4c35-897a-a63998c56030	1055	1624	83	33	60
37b856c7-6312-4cab-9272-771717ac9536	1055	1624	83	33	-
2d4619ec-6e5f-4abc-8c51-00b4b69bba2f	1055	1624	83	33	6
fcb69b2f-d31b-45f2-96df-2d574845eafa	1055	1624	83	33	.
36f5985e-fac7-48bd-8d9d-143d16e9da3a	763	1649	120	64	Zor
1f6f2bda-386e-45eb-8c6f-b18b302a879c	763	1649	120	64	,
930271d1-4840-47bb-bbe5-69d8858abdff	891	1649	16	64	a
2a1a30ca-a7f1-4bd5-a546-1c3186924d7f	915	1649	88	64	chief
904d12f5-fd64-4168-8724-dfecad4d73ee	1011	1649	120	64	captain
79f15077-305d-4656-a4c2-5ce29c847562	1139	1649	104	64	among
49fe3acf-0c0b-4d75-86a7-0dce3a5577ea	1251	1649	160	64	Nephites
532bf29c-dc5e-4d19-9ac4-20810fa95b11	1251	1649	160	64	,
d54c2d09-83a7-4617-a28b-89202ea4b597	766	1713	108	54	Zoram
06532cdb-3718-4634-9940-984e5333a831	766	1713	108	54	,
8c74ab4a-9891-4e21-9c4c-27d356d24b30	881	1713	88	54	head
c748a1f5-999e-4687-9bad-28aacafad732	976	1713	34	54	os
655d9e10-a9d5-4c2d-815f-d6ae91a1a27f	1016	1713	61	54	the
31dbd36c-8128-43ee-98e7-adc952d4d62e	1083	1713	175	54	dissenters
86d9c37f-05c0-4056-8cfb-634f5cfcaa55	1083	1713	175	54	,
3428e7f0-7ab1-4c48-b0d7-75dd59fd24af	1266	1713	74	54	from
7407eecf-9282-4bb5-b1ef-cb2a377c9029	1347	1713	62	54	the
94085d6e-0c73-4b79-9c04-b873f70024a3	766	1741	180	35	Zoramites
fbcffa7e-9913-4c78-af12-fe0b7719ad10	766	1741	180	35	,
4bcd603e-e11f-49a9-b03a-389088c95a5a	950	1741	131	35	108
261f5d10-3343-4c63-8935-1316161e178b	950	1741	131	35	-
b53541e3-da58-4440-9315-8273d750017a	950	1741	131	35	13
83181df9-9ab6-49cc-8647-a9ae27bfc397	950	1741	131	35	;
192b81a0-7288-457b-95b4-cc690154c8a1	1086	1741	157	35	separated
1ee50897-01f3-4443-9c93-3860765bcef8	795	1770	159	35	Nephites
45d6419c-07ef-48c9-9dcf-3f42d9093aeb	795	1770	159	35	,
abeee848-bc68-48fe-ab13-9004511d8b9b	954	1770	148	35	273
a0f3d5c6-1cfd-41f7-9f3f-5c2970da6bb8	954	1770	148	35	-
1212d395-0900-4a7c-92b1-a72f24cfebcc	954	1770	148	35	59
5abf9394-0f60-4d4a-aa3b-5ced9ea5e71a	954	1770	148	35	;
ac38b4aa-c4bf-408d-869d-5cee8906c992	1106	1770	92	35	build
5714d45e-0554-4505-9f7f-d38712b2a47a	1202	1776	210	22	synagogues
edb053b8-d2d3-4ca0-9518-5daaa2648272	1202	1776	210	22	,
c6b780b7-5de8-4f02-86d0-d79560ac264b	792	1824	136	64	strangut
02e51690-61ba-44ce-ab69-66240bdc6297	935	1824	64	64	Bray
b9642591-2109-4fec-9d09-dee38d5f3922	1007	1824	48	64	est
db051eb0-5977-472e-8a38-5838ebf0fe8b	1063	1824	80	64	683
07d7ee69-ad65-4d50-bcee-268b12071568	1151	1824	120	64	prepare
bf82eeda-bb25-42c8-84ee-5abc5d44d9a5	1279	1824	56	64	on
eef561c4-6a17-4c8b-905b-c32a6ea353d0	1343	1824	69	64	wis
c1322919-4d09-4f43-b8cf-5ac94a31dfa9	792	1881	122	35	against
47bce4a5-876f-4184-8dea-5e12ea71cb89	918	1881	109	35	people
6c081b2c-f9f0-4ccf-98ab-2ddecdafb3ff	1032	1881	39	35	of
7e5b3791-827a-4ba7-986a-005ebbfc87fc	1076	1881	136	35	Ammon
3255f4b3-29e0-4f13-81e2-73ddf87cf679	1076	1881	136	35	,
ca209c2b-bded-42cd-8649-83649db91676	1216	1881	118	35	285
89998e54-1fae-4044-8c15-8ff252735e9e	1216	1881	118	35	-
67643070-b33e-49ed-82e8-44665cbda14b	1216	1881	118	35	10
c32f43f2-a337-4e22-921a-af3ece6cc42e	1216	1881	118	35	;
46a328c9-3125-4283-ae4f-10e28bfd5d93	1338	1881	70	35	con
29d50e3c-6f42-47da-89d6-c1c6bd7b1d1b	1338	1881	70	35	-
f8ef20f0-ca8e-45ff-a7fa-d2ca72804327	795	1910	91	35	verts
8bac8f9a-2857-499a-930d-45fb4ca4bd16	891	1910	79	35	from
401d2f36-e55a-431d-8143-e2a365feda57	974	1910	122	35	among
c2107648-476e-44d2-97cb-22d35e4186ba	974	1910	122	35	,
f9e1099a-db03-4175-a539-b88664e8b1d4	1100	1910	96	35	given
49f002e8-63f0-44d3-875d-ba4df2c29d83	1201	1910	87	35	land
ee3df6c9-f3c1-4f54-a2c6-2a5a7c9d05bd	1201	1910	87	35	,
4c030c6a-3b42-4665-816c-6af8c8e5d43a	1293	1910	119	35	285
a13b58a1-cddf-4eca-ad8f-dc07d535882f	1293	1910	119	35	-
5e0bd128-d938-4b50-840d-72cb2fa9ccac	1293	1910	119	35	14
d8e3646b-e925-4648-9bbf-f81bc049e624	1293	1910	119	35	;
180901ef-fa02-4722-83f1-a538f561f93a	792	1939	131	35	become
0f8c4baa-4638-4cb1-b50e-0f0f97fd3cdc	927	1939	183	35	Lamanites
9be76aca-1e4d-48f6-baea-6b9ae112d94a	927	1939	183	35	,
088a5ada-aa58-4f4e-acc6-cdce11b8baa4	1116	1939	116	29	301
0fc4ed2c-0e7a-4660-9eb5-ab0336cef747	1116	1939	116	29	-
c0feb26d-a28e-42ef-bb99-f69cfe229f1a	1116	1939	116	29	4
46ac5d44-60f3-473c-9b06-b176dc1a9308	1116	1939	116	29	:
289ef78d-71b0-4e4a-b223-ec7cd1742d3f	1235	1939	98	28	made
5c4fd078-f680-4352-82b8-22d041e7d0c5	1337	1939	72	29	cap
74db0d15-84af-4a37-b666-d637fb11993e	1337	1939	72	29	-
8ed280a2-410f-42ac-9d8a-58cc81135ec7	792	1964	85	38	tains
d6774c84-d2da-4c7f-9289-da0d55daf252	882	1964	33	38	of
0b06236e-b580-4041-973b-a6610bd39583	920	1964	180	38	Lamanites
873673aa-d765-482d-b075-f27b4bca338f	920	1964	180	38	,
cb9a4dc5-3d7e-42a9-a637-f4518247f11b	1105	1964	100	38	316
7b045baa-2b66-4b70-a71e-59717be065ad	1105	1964	100	38	-
39e69a42-61ea-4d2a-b386-887329eec2b5	1105	1964	100	38	5
4ecb69f0-5e63-40f0-b9ff-70a7970c5bb8	1105	1964	100	38	;
473fd946-1bae-4a6e-83e0-ff5a8b5f2562	1209	1964	71	38	lead
a0028e19-2008-4f85-a1f7-d38ed4264dee	1285	1964	123	38	Laman
46259985-1219-4e3b-99bb-93b6ee0ef16f	1285	1964	123	38	-
fa3e2060-6790-45f1-94fa-7350884ce0b8	792	1996	66	38	ites
8c4ec1f7-3db7-415b-b158-48961abcebeb	863	1996	100	38	away
a9bc4add-75bc-449b-83c9-cea1b5eeb0d1	863	1996	100	38	,
b6851220-8f04-4df2-84ba-7f7db1d49cc7	967	1996	114	38	401
48a59cd4-72cd-494f-8fe9-c17bdfdf3e31	967	1996	114	38	-
a664d4ea-0c9a-49ba-8393-f4ad5037b95b	967	1996	114	38	29
3b251817-7acb-4984-99bd-f16e5443cb33	967	1996	114	38	.
6cdec749-a495-4a7d-8f52-ef62f8690964	140	2069	81	26	PRESS
02354f2f-5668-4d18-9d70-44a17ab42b4c	224	2069	42	26	OF
7d8cd49f-4caf-4345-b362-09bebcecbc46	270	2069	94	26	ZION'S
559f57b0-4659-4599-948b-55733ee81eb5	367	2069	123	26	PRINTINO
ab5d0357-cdc5-421d-8703-d5d6cb8d64a1	494	2069	26	26	&
7180b4f1-900f-4c2e-849f-72915c7314c9	523	2069	156	26	PUBLISHING
443e004f-d93b-4f11-b70d-356f404d1094	682	2069	58	26	CO
2d480f38-6f5e-4211-8839-a14be19d305d	682	2069	58	26	.,
0d7e84fa-a6bf-48e3-b752-ea4cb3c864b9	744	2069	205	26	INDEPENDENCE
ea08b4a6-73de-4764-bfad-ce4224610d74	744	2069	205	26	,
0cda91fd-f528-40a7-8bdc-0fd70e7b6128	952	2069	123	26	JACKSON
941475c1-a13b-4a04-8ffd-acb6bad64be1	1078	2069	114	26	COUNTY
a25eec3e-1cc8-4f20-a99b-d88d69ed5143	1078	2069	114	26	.
cc5bc72f-dd8c-40e5-899e-601510be5b05	1195	2069	71	26	MO
5d82fa35-3b6d-40ba-97dc-beec7e6b5c1c	1195	2069	71	26	..
8a06b71d-8129-45bc-a785-caa516a88560	1270	2069	32	26	U
9dd13833-11c0-4d7e-a2aa-62ba2e8eb95e	1270	2069	32	26	.
6b86751f-15bc-4efa-b0f1-dc570833c597	1306	2069	29	26	5
f0c0eff2-1ad0-4e27-a8a4-e9f0b7691232	1306	2069	29	26	.
c35d7c4f-f43e-4984-9cfe-6d1c201cf588	1338	2069	26	26	A
681307c0-b371-43d6-b2e9-f7f7f2ada704	1338	2069	26	26	.
