ID	X	Y	Width	Height	Text
46e07f40-2793-424f-abfa-1096568650e0	635	98	173	44	INDEX
0741d732-2775-4f85-b48a-45ecc05615e9	635	98	173	44	.
69f731cf-b012-41f5-abb8-f0bbfc0755c3	1255	104	69	38	781
c6f5e015-5dd8-4ec4-a56d-63274a3ccf3f	157	170	88	40	467
46405b60-963b-4cd9-9613-2ecc550ea90c	157	170	88	40	;
1aa3ecfa-f8f7-4d7c-8c92-423ba2a512fa	250	170	137	40	departs
7dd0ca97-98bc-4f08-9342-4ec04d30627a	391	172	93	40	from
a8064475-704a-4f7a-b712-4c78d693e950	488	172	195	41	Zarahemla
f9cc1137-037d-4b60-8b25-f7ccbf1c98b7	488	172	195	41	,
9fd6cf10-318a-491c-bc00-97fc54d3d5dc	688	174	78	40	and
e3887a4f-3adc-4a99-92f9-3b67b71c1f6e	771	175	44	39	is
bb4ae0ec-71bc-4aeb-aec8-55e2367cffce	820	175	107	40	heard
7a36ca71-bdaa-4ae0-a5b9-3bf31d8769f0	932	176	49	39	of
03652c4a-2a89-4435-9725-3369ba35abb3	985	176	54	39	no
139bc8a0-0d78-40de-8694-102707e6479e	1044	177	107	40	more
265277b3-96fe-4f03-a8e1-4756450a5ea9	1044	177	107	40	,
fc6000da-2918-402e-8127-d9a1daa459ab	1156	178	93	40	467
b1a0db47-811b-4f4d-9294-42b6ca6fc0e0	1156	178	93	40	;
4989ea4e-408a-4d57-9fc0-02047149bd10	1253	179	78	40	say
31081792-8a44-4d6c-9cde-516ed4217a69	1253	179	78	40	-
13754ab0-84a1-4cfa-a02e-8ae365c803b1	154	208	66	41	ing
65ef888c-ca75-42d7-90c7-490d9e3cd36e	226	208	41	41	of
ffc06f2f-2353-42a0-a81c-6aa42a4245c4	272	208	123	41	church
4035cb88-33f3-492f-b312-db7d389fb98a	400	208	200	41	concerning
6ee9a538-f9b1-423d-96f5-d20a4fdb8dcc	400	208	200	41	,
84adff53-f3db-461d-80ae-14fcf4b6e0e6	605	208	75	41	467
b6968c2c-25fb-46ce-b1d2-368ecfa23a44	605	208	75	41	.
08cedba3-1ff7-499d-8f6c-3f83b6e9ccdf	116	249	110	38	Altar
0c9d2749-2080-4418-8792-91446b9e8cd3	116	249	110	38	,
11f341d9-0ceb-41c4-9247-175a021e31de	231	249	88	37	built
7d7da64d-6634-49d3-b1fb-38ba857b5d9d	324	249	55	37	by
b2ec2af3-4229-4e1f-8883-bce44f5ad194	384	249	97	37	Lehi
a028ae37-cb8c-4a03-a78e-2e3d220ac3b0	384	249	97	37	,
a36050ac-45e9-41d0-be4e-e8cea2db3b32	486	249	40	38	5
e360c0e7-2a1e-4326-9c32-96ee816399f1	486	249	40	38	.
4b773b61-aad3-49f6-8493-b8594c1889ae	113	286	151	45	Amaleki
2f6f1ea7-0b2a-4dee-8302-6aff9b3efe45	113	286	151	45	,
bf9b862c-559e-471f-a143-fe2915bd9ced	270	286	118	45	speaks
4f6aaf0c-55bc-49f5-af61-ba4761b17f7e	394	286	191	45	concerning
fc109063-2e89-490d-bcaf-7805273d3682	591	286	135	45	Mosiah
e307f543-c87a-407b-b354-295aea99c6e3	591	286	135	45	,
f33f3883-4d55-474b-9975-ca3e012c7f15	731	286	67	45	20
dbf6b927-6f01-4a49-bc83-9f3cd8be77ba	731	286	67	45	;
22166239-5961-448c-b754-5a533cc89a50	804	286	90	45	born
1c5539bd-e7cc-4580-abdc-6589e662d59f	900	286	45	45	in
a6ddb6e4-d453-4ba9-ac16-a45cca970192	950	286	90	45	days
bd585cc9-238b-4adc-8c25-0e64e64dfa1e	1046	286	39	45	of
8833da4e-ace3-41a0-ad2f-c0776f6d63fd	1091	286	141	45	Mosiah
71816cb2-e2d5-4126-a617-e8dde1812385	1091	286	141	45	,
9c95fc58-7599-44f4-93e9-49b9d17f1fc4	1237	286	87	45	202
c222f8e1-f559-4946-9e51-7975689168f6	1237	286	87	45	;
56c08a77-2a2f-418f-9907-a48217c7e3cd	151	324	169	41	completes
903878b3-d971-4a5c-8b63-aa0c3681e221	325	324	138	41	Writing
e447c554-77c3-4451-9739-cbf46621baa0	468	324	46	41	on
36d4bb57-d66d-47e8-8cef-12d4462585d5	520	324	118	41	plates
3370531c-ed9f-4298-a38f-cb44957106e2	520	324	118	41	,
fb7b0c83-1242-474a-94bf-fd27a2ced4e6	643	324	92	41	203
caa30db6-a625-460a-baec-e4f89c52d70a	643	324	92	41	;
942b8801-b854-4c22-8386-525afa02a73e	740	324	138	41	delivers
c3bef0a4-f487-49bb-8b54-449452b30c0c	883	324	113	41	plates
f7e93984-5922-43cb-bfe3-d09cb474abf2	1001	324	46	41	to
86198652-6d37-4b1c-83fe-93810118e244	1052	324	92	41	King
73ce5ab3-8820-4619-8340-15f9be3e02e4	1150	324	174	41	Benjamin
5dfb88ec-ae73-49d6-a0da-252b67505a4c	1150	324	174	41	,
e64a5990-2b8e-4afd-b479-24f8cdcace55	154	359	77	44	202
6c0f99dd-9868-402c-a1f8-0a7234cf9b1d	154	359	77	44	,
bf0f5890-171c-4f0c-9bfe-b97a122a760e	236	359	93	44	205
19531d27-3398-4143-8797-f2ba25c060ff	236	359	93	44	;
ea2a4e1a-a297-448c-a8f5-00f6ebdcf833	335	359	220	44	accompanies
3c4ad526-1882-4240-a679-ac228a215f19	561	359	137	44	Ammon
dcee5b55-9c46-41e4-ba90-c752c92827f1	704	359	49	44	to
53d672c1-9f95-4c13-9473-ddcf0d9b6135	758	359	88	44	land
2392a09e-143d-4519-ab76-314c78174f07	852	359	44	44	of
5c89c8c3-0daa-4d97-af49-5f75a193926c	901	359	121	44	Nephi
5d37b3a0-06a4-41e3-b248-f557c7c70f0d	901	359	121	44	,
090fec3e-2e9a-4f1e-9731-169ee0b88857	1028	359	79	44	227
4cf84bf8-4b13-4eee-ba49-e1bf8fd95b21	1028	359	79	44	.
7f1b6eea-cf31-468f-9f39-f604b16e1e33	113	397	203	44	Amalekites
400d6f4e-0ddc-48ae-923d-115edf373467	113	397	203	44	,
a222df96-58b9-458d-a88c-faa350880fe4	322	397	77	44	and
38fe5271-7d07-4bec-8ec4-c4a6581e5290	404	397	121	44	others
43df7933-eff0-488e-bd77-df7f90a4cbb1	531	397	99	44	build
5325c2b8-4df8-4ebf-b6da-39799d5a6fe7	635	397	77	44	city
cfb767ea-4446-4e43-80c0-d793699ebc1a	718	397	49	44	of
3a644699-a0d5-4095-aaba-b3d33336d2b9	772	397	192	44	Jerusalem
5c5aa2d3-6614-4cb3-a326-206dd1fad22d	772	397	192	44	,
8ffea366-3baa-4498-a931-8305c47986c2	970	397	93	44	381
ee424a75-c04e-433b-bd5e-4ad3c8aca093	970	397	93	44	;
c8dbf1ba-4494-40e4-b861-ce537709444c	1069	397	132	44	become
6151b059-812c-4d7c-a51c-cbdcfee60012	1207	397	117	44	harder
df8f1c96-7b56-426e-96c7-2b59e4620fb2	151	438	102	41	than
aa98a8d9-4f74-41e7-9b72-4543be2641a8	258	438	200	41	Lamanites
369cf186-f2cd-4000-8639-a7db79bde60c	258	438	200	41	,
5a23c631-e8ed-44b4-befa-09cf53b91ea8	463	438	102	41	381
8d3d1d72-1a78-40a6-89f0-3a4e57d06fbf	463	438	102	41	;
f8ea6dfd-1162-42a8-8279-7d5d3da53b1a	571	438	123	41	Aaron
319d2bd7-57bf-476e-a791-46646f4e9a45	699	438	169	41	preaches
4801f1bd-5486-4b98-920f-f9946b907035	873	438	61	41	to
2298b37f-e012-405c-84d0-25452afed3f8	873	438	61	41	,
8feb9267-9f9b-451f-bcb3-db52e11b8872	940	438	108	41	381
5df31269-6ed5-45d3-8480-895ca51075f7	940	438	108	41	;
5534fa16-ae2f-4111-b580-0ae800acba4a	1052	438	108	41	after
b335bf0d-dee4-4ef2-ae18-25eb94683c0b	1165	438	113	41	order
5cd7bb2f-7ed5-4a1e-ab20-5e943a8e4e64	1283	438	38	41	of
dc99aed9-66db-4aaf-9e1a-682a04954cab	154	475	135	35	Nehors
f4ae4a6e-51e8-4f55-b124-7c6d64666783	154	475	135	35	,
db606078-0dd1-4349-be49-1e127c813403	294	475	96	35	381
6bac4296-6f8f-47a8-8304-47321570c973	294	475	96	35	;
3d6e05fe-03b4-48df-9d63-d3f6dfe336ae	394	475	74	35	but
ae702df9-7583-4ea4-84a5-3c75d7d5e141	473	475	70	35	one
fd5fa1c8-b0fd-421b-9d86-2ec375bffb50	547	475	184	35	converted
cbd8f384-eaf0-4544-9321-7921e7e66278	547	475	184	35	,
c6cc3921-7afc-4383-aed2-ee15ad1da245	735	475	96	35	390
fe445993-da20-4502-8322-aaf36ac91834	735	475	96	35	;
2182f812-e365-4234-96a0-e50328a9c070	836	475	98	35	rebel
f80b18ba-338c-435b-b21a-5000953e35c3	928	479	152	35	against
2a9d056b-7142-4df2-9800-f41a6dc1c55d	1085	479	89	34	king
7f4a0c35-c750-4900-8e6a-a6f376fea052	1178	479	51	34	of
80726e5b-93ed-4b02-9227-758ee3ede34b	1233	479	91	35	Anti
32cb296b-ebfb-43f3-814c-488a2be93c20	1233	479	91	35	-
f912091d-cec9-423e-a284-58ebc7a030cb	151	510	229	47	Nephi
3d6c6725-8fb7-4ef1-9e71-62e72952127c	151	510	229	47	-
e14db10c-8b1d-4ad4-b501-704ffe91ed21	151	510	229	47	Lehies
838e45cd-65ff-4e20-a607-abb4298194a1	151	510	229	47	,
f7c00cd2-037c-40dc-b3c3-caee3ac16d40	386	510	76	47	394
9e63b52d-4fa6-433f-8dab-4a795059fc2b	386	510	76	47	,
e4eb81ce-f49b-4ece-8cae-f35c4525248f	468	510	88	47	402
02196e92-348b-4930-bff5-605a866a8efb	468	510	88	47	;
92597865-49f1-4727-9cc4-9c1fb21ff820	562	510	170	47	appointed
65a56469-0353-4255-ad95-ed97ce558d4d	738	510	94	47	chief
b6aee35d-18d1-47de-aea4-71f65e1e0ae5	838	510	147	47	captains
e29e86d0-9fca-46dd-b6a4-461e1458722b	990	510	41	47	of
e13a4095-e13e-43f3-a393-d4c12c5dc0cb	1037	510	194	47	Lamanites
d7b32b92-73c5-4eaa-b78f-7eee499def81	1037	510	194	47	,
84ffcb59-2da3-4b38-b077-9fd78220fbce	1237	510	65	47	456
129f7fb5-fb1f-4134-b6ef-e58f08bfc9cd	1307	510	17	47	;
691edeec-ebeb-44bd-b211-1bad2e0bb4a5	151	548	128	41	inspire
16701c21-18fb-4632-854a-c5a5346e3ffa	284	548	184	41	Lamanites
87e60f39-02f8-4b1d-9ed3-f841feeccad1	474	548	51	41	to
22d777d5-2322-4d99-9a30-1dac9a0569e9	530	548	97	41	fight
8237e367-354a-45c5-8692-8dc80bf0d1c4	530	548	97	41	,
0227121e-58d4-49a4-9a4e-1fa180a1cac3	632	548	78	41	460
06ca95ca-1c27-4efc-aa5f-d80fba200ddc	632	548	78	41	.
59e6f59a-57f3-453f-aead-4555f28fe177	116	589	204	38	Amalickian
f10126ef-6dcd-49b3-97e6-f7ae1f393e4c	116	589	204	38	,
a34681ed-e43d-4652-9954-bff3f2a76eb9	325	589	119	38	leader
20612d03-00ee-4549-be6a-1e3d1c45f329	448	589	47	38	of
27b48a9c-c809-4cef-a94e-30a083fb7313	500	589	185	38	opposition
ed3c950e-cdb4-4350-b37e-f48843e51788	690	589	47	38	to
2b1a590a-9b88-47c3-ad9c-841ccfa87bb5	742	589	171	38	Helaman
7b46e464-b6e9-415f-8183-f7fae2aeeb00	742	589	171	38	,
1acbe400-a220-4c4c-a460-6455b159538c	918	589	95	38	468
1d9f51f2-0e50-4b35-ac6b-9d93c0999b81	918	589	95	38	;
42dbf94f-a471-4a6e-b463-ce905d70d832	1018	589	100	38	seeks
b94ecdd6-5fd2-4c97-a053-39263554ae77	1122	589	52	38	to
f14d447a-e721-4ab9-a8d2-2ea242a514b8	1179	589	47	38	be
76802758-c29b-4313-8d41-426dbbc4127b	1231	589	90	38	king
97afb920-cb08-4601-89a5-0ad6c96a512c	1231	589	90	38	,
ccc313e0-259a-4a5a-b133-c5001c3493b4	151	627	85	35	460
4522386f-eea9-4af2-84f5-3955cb27f1eb	151	627	85	35	;
8dd6f6cc-2fed-4e61-8c33-393b4860f43c	240	627	178	34	supported
df8767b9-9d9d-41e5-8d16-d06050f50520	423	627	55	34	by
44119642-7ae1-4723-ad24-7635edda8ba7	482	627	106	34	lower
9e134f7e-5486-4bb8-90c4-8e0cb2df68b9	593	627	132	34	judges
a09373d2-28d0-437c-8ebf-50f9ffceac4a	593	627	132	34	,
1b261cec-2bcf-429c-92df-0dad0bb264b6	728	627	93	34	468
e6061cef-d171-4eca-bc8f-19f4d8d07b79	728	627	93	34	;
a6529b46-637e-4f30-a847-37500e99014f	826	627	98	34	seeks
1e3a86cd-030c-4c2c-b6d9-b5f65c4b14c4	928	627	47	34	to
eec1496b-fdb3-4489-8b43-66a2f227d195	979	627	140	34	destroy
99627c63-7127-42b1-bc1b-6b06bb40dbcf	1123	627	123	34	church
f207ae52-a9cf-4b40-9a85-4bb4823abdda	1251	627	67	35	and
94c6ae89-ec5d-43dc-9510-446b21de2d7b	148	661	128	41	liberty
83382309-17a4-4590-a7ee-ec532773988c	148	661	128	41	,
80f58b9b-169e-4754-b243-f983ca0da686	281	661	87	41	469
addf4f5f-2c63-4875-9c74-aea93ca4c96d	281	661	87	41	;
cf09208f-c76c-4777-a5be-bfc1398bfafb	373	661	133	41	departs
56c8d2e9-f060-48fe-824d-7a411a609555	512	661	77	41	into
5eddd71b-0c09-4079-b63e-2952e7ba3de4	593	661	87	41	land
f60a7c17-4997-4844-a1d2-74679208e376	686	661	41	41	of
70590540-be5d-4db5-8aec-a3da6168b20d	732	661	118	41	Nephi
020fba74-bd42-40c5-833e-3ef3e8ccea7e	732	661	118	41	,
bfd3608e-ac90-4b0d-85b8-b680421bff8c	855	661	87	41	472
cb93b476-67e6-44b5-a146-64bf8369b775	855	661	87	41	;
a3e57398-97e8-4727-abe4-d37cd55ae888	947	661	128	41	headed
5127de39-b82a-4db0-9b4e-134436d9c198	1080	661	51	41	off
a33f66ff-e953-40a2-b933-70b18b3b3791	1136	661	46	41	by
6de6ef67-fdaf-4b7b-a17b-a84eee328e74	1188	661	133	41	Moroni
f01c951e-3935-4729-8186-39b3f1824fec	1188	661	133	41	,
1052fc74-d1ab-45c4-a46e-57a15f2fdb9f	151	702	87	35	412
754dc192-6956-4c1f-8602-a340c650ef82	151	702	87	35	;
60bb34b4-4e41-480c-a2a3-bc43b6c3664f	243	702	122	35	people
305d8034-1017-4395-81e2-1035958f0e97	369	702	52	35	of
75cb2a5c-5b3d-4351-949d-8c5affe66beb	426	702	74	35	put
9d1557d7-cef3-4b23-bbb2-11616a3974c4	505	702	48	35	to
5aaf2978-38ad-4470-8f80-7886614494cf	557	702	114	35	death
a27e47d0-5d35-4ba8-821e-d9d32c260e80	676	702	52	35	by
98c8d64b-911a-453b-b486-6878d7b7a33c	732	702	144	35	Moroni
6236a1a6-9e4b-426d-981f-123326f1aafb	732	702	144	35	,
100eca4f-70c9-4bc3-821d-aaa19b7849f2	881	702	96	35	472
cf35d466-8499-407c-b061-6bd280790fee	881	702	96	35	;
d2004ed7-4433-4626-93a5-c1522040a969	982	702	92	35	stirs
4325cfae-479a-4793-8c0d-10604cb09df1	1078	702	61	35	up
a40874e6-2fd8-48dc-af2d-c100fc3c6184	1143	702	174	35	Lamanites
6f21bb6f-2f5c-4359-8eff-d56c4b06eb54	148	734	131	36	against
5b09acd9-809e-44e8-a95e-a9d233e47484	283	735	166	36	Nephites
7f939712-00f8-4031-aac1-bf32a5c000ee	283	735	166	36	,
9ededa2d-afe5-4df0-9453-624adda7307f	454	736	88	36	473
47523270-84ea-43a8-8619-95c3f8ee6137	454	736	88	36	;
9bc9987f-a14a-40bb-a29f-33f779cb02c3	545	737	105	36	given
44ff2998-a547-4bc9-a898-3a49e01cca68	655	738	171	36	command
6afdfd0d-5076-4b40-a0d8-03e020689cbd	830	739	44	35	of
86f9bb74-e1a7-464a-b176-57d5957c4fb0	878	740	105	36	army
f0507987-28d2-4222-8b34-341327538c52	987	740	44	35	of
326991af-7436-4ca4-9555-5c805fbef35d	1035	741	197	37	Lamanites
b61b34d2-af27-49c9-82c3-8c976047cbd9	1035	741	197	37	,
59b1c952-d7b4-4d86-aa79-db757d619078	1236	742	85	36	473
f5278780-355e-4b8f-8b8e-c7939e6c5a08	1236	742	85	36	;
9198b333-9ada-43ba-b216-fef3940d6aff	148	771	99	44	seeks
b324c6d6-292c-4eea-9248-ba5092adcc5d	252	771	49	44	to
560dbb09-1961-4270-b811-01ae30910b44	307	771	165	44	dethrone
e9b7828f-845c-4363-95cc-e73426334226	478	771	88	44	king
2a2b0793-381e-4171-b25c-43a510cd3a54	571	771	49	44	of
5c0d84fb-57b7-4646-a757-4051fb5b2e97	626	771	203	44	Lamanites
ece6685d-385b-4d17-92b1-56785530b050	626	771	203	44	,
a7dd0bfd-3e7a-4744-820e-a545af207221	835	771	93	44	474
a4be2bcd-b6d0-4b5e-9208-41feb0c213c1	835	771	93	44	;
48488b4d-bd89-4a8a-b735-fe1cf4aab047	934	771	137	44	confers
cc4b4131-e310-4ed3-bb7d-dd5f5c08daf5	1077	771	93	44	with
0e643cf1-4824-48ce-8d80-66709077e503	1176	771	145	44	Lehonti
d7ce477b-b7c2-44a6-a7ed-0f4cc3618980	1176	771	145	44	,
74c1abe3-95db-4f1f-8413-5bea8b69d622	148	809	82	41	475
fd615335-16eb-424f-93fb-d7616ef7f8e4	148	809	82	41	;
44a08d71-3737-48a1-852b-08adad3956a2	235	809	102	41	army
f012c1b1-35df-4a78-b86b-37a47c202177	343	809	41	41	of
265d7572-84d2-47be-888f-8673a836eaec	389	809	195	41	surrounded
5aed99cd-b159-4654-9495-91adef48d4d4	588	809	51	41	by
acd042cd-98b3-476d-afda-e27cb38a123a	645	809	154	41	Lebonti
0085d563-aeb1-4341-a8d5-659d43b04c09	645	809	154	41	,
ef70b77f-d26b-4a8e-8a0c-72898ccb72c6	803	809	87	41	175
fa857942-3d8c-422a-8d42-57de6c55ae4f	803	809	87	41	;
9af60885-3ee7-462c-9a92-dcfdc267b5c6	896	809	118	41	causes
0f762f5b-4734-4b24-8be6-8a553d18943c	1019	809	102	41	death
e6ed3c1f-27fc-4b67-abcb-ce349b20b3ae	1126	809	46	41	of
c59a6b79-03ac-4c6e-9be1-3bd66b98a2fa	1177	809	144	41	Lehonti
bb643062-0702-416d-889e-dbf21e335734	1177	809	144	41	,
ca117b34-69d9-4b28-8f63-47fa7f2f8e05	148	846	83	40	475
7616c8e2-5bed-41bb-aba8-6caf7f685404	148	846	83	40	;
9f67b3e8-5649-4d8b-b3cd-06eafafe80cf	235	846	181	40	appointed
0873ab2f-8641-4337-b6eb-4b399d459bed	420	847	93	40	chief
ff108ff5-4f57-4701-b0a5-534ad1c38d88	518	848	205	40	commander
60aacbc5-f308-4ec1-8b1c-a7171de0a6d2	727	850	44	39	of
11aaa46f-f233-420a-b7da-739d2b8beda8	776	850	195	40	Lamanites
c9549089-9079-43b6-979a-1aaecada0ee5	776	850	195	40	,
fcf0e2d0-6e53-4265-86a5-c3b7f8e190b5	976	851	93	40	475
f40a2d36-1b49-47a7-86c5-841c768dae9c	976	851	93	40	;
a35affcf-727c-47da-a88b-7de38e8db7bc	1073	852	146	40	marches
84464597-95e7-4f64-89e8-1b1ba4077aee	1224	853	94	41	army
97064a5e-54ba-4b99-9041-4b100393091f	148	885	51	32	to
dfc71292-5667-4149-9810-30ececcbd6e5	202	886	82	32	city
00fd1b78-0329-4223-b522-d18b85a350b9	287	887	54	31	of
13a8258c-4d37-4548-9ec4-9cf133cc0ad2	345	887	120	32	Nephi
ada0f571-927e-487e-a0be-103e1b9f9b13	345	887	120	32	,
b871423e-abe6-4dab-ade9-a82fc4537537	469	888	101	32	475
0bc5b06f-432c-4b59-bb0c-8dd0344eee6d	469	888	101	32	;
8b0379e3-5a02-4914-bb0e-22648112d3dd	574	889	144	32	servant
abb19b40-8249-4f34-a930-7269168bc8f3	721	890	51	31	of
d9b7940f-3616-4942-939b-140cf69df023	775	891	101	32	slays
5e4345d5-9945-493d-9fdc-d026c2c92d69	879	892	93	32	king
c783ffa4-1e35-45a9-b506-ba50f07a7cc8	976	893	51	31	of
e27257f0-a5eb-4f6f-899e-06538ef59d97	1030	893	198	33	Lamanites
58831548-72c9-4e6b-a60e-4b2083bbf7a8	1030	893	198	33	,
2af399bd-f980-4354-bbba-5f4aede7ed94	1232	895	89	32	476
60ebe23c-5df0-4220-9cfc-b21a0a9017ae	1232	895	89	32	;
86cbbd78-0acc-45a7-a268-16b18233909f	148	922	105	35	takes
85591c70-1b14-42dc-be4d-2bf14019f7b2	257	922	177	35	possession
6cb69ab1-1569-446e-b82f-8b4c4ed796a6	428	927	81	35	of
f574437a-9636-45fb-9a27-c4bcaec461f0	513	927	85	34	city
622935ee-8f55-4b4c-a4c9-4a7f4516a5d1	602	927	55	34	of
71de5306-0035-443e-b326-618168b0f110	661	926	123	35	Nephi
5e66ccd5-ee95-456e-b207-fd0f0a7e9f29	661	926	123	35	,
e43c4ddd-2430-4ac3-99f7-e79bb879b4cd	789	926	102	34	476
bf61af61-3ee0-469d-9070-6ec16dca1413	789	926	102	34	;
6b80306b-d8dc-4eee-a3d3-9b57b0a7bbe0	895	925	196	35	summoned
7c387bd0-2997-484b-944b-f1e36afbf4d3	1094	924	60	34	by
16e41c2e-1b99-4f8e-b606-e5ebabd8a55c	1158	924	119	35	queen
1b4c09d2-fbb7-4800-8022-fb3b9420e263	1281	924	37	35	of
2687f9e8-a088-427d-a1bf-decf6f8ee467	148	958	195	41	Lamanites
5c8d0790-2919-42f5-aa72-a9df2ed326ff	148	958	195	40	,
ee88faf6-5e50-4327-a4e2-ddc876841e12	347	959	98	40	477
e27189a8-12f2-4b36-b5d2-3dbeaa6050c7	347	959	98	40	;
51088757-a502-45c2-81c8-9f2c522b0a76	450	960	146	40	marries
ba5cda6a-a9b3-4cce-ae7e-f397bad771b4	601	961	117	40	queen
24791e64-e2e8-40db-b355-8e2942ab34ec	722	961	54	39	of
8502769b-5282-41e6-845b-87f3c18368e3	781	962	200	40	Lamanites
0507b1c6-e6aa-42eb-91ed-8b055e7fdfa7	781	962	200	40	,
0dbae565-8d7d-45c3-9bbb-21a23e439d41	985	963	83	40	and
ccd8254a-e67c-42e6-b6b4-5b25a68adc8e	1073	964	151	40	becomes
ae0dc329-e005-4dbe-adb6-c28bf54e77ef	1229	965	92	40	king
37d4f6b5-5fdf-4415-8739-906fb947109c	1229	965	92	40	,
62a13327-7678-4e7c-bf97-64e8e4a11b58	148	998	62	41	477
d3708adb-ee6a-47e9-bd9c-954ed497c2f1	214	998	15	41	;
446075c7-1fcb-4349-af66-c2e28e3d0dea	235	998	149	41	inspires
7a719926-6bd4-4194-8ae2-a1817a0a0a97	389	998	184	41	Lamanites
b050b6fc-ef1b-44cf-ac6d-70e90e695942	578	998	138	41	against
b2c5740f-e327-4efc-800a-477c1c0c674e	722	998	164	41	Nephites
c601b29b-a671-49ec-b951-5211d489ffa5	722	998	164	41	,
36b932c6-fb30-4bf0-9377-f3c89408e403	891	998	87	41	478
240ed871-2ca3-4059-a808-57d81b787c05	891	998	87	41	;
4a6fec68-7638-4ac1-9204-e3a0a3bd6794	983	998	159	41	appoints
5d528ae3-efa5-428d-82b4-7fc599081448	1147	998	97	41	chief
717dfbd9-99e1-4253-bc47-074e92bffb79	1249	998	72	41	cap
fd20a2b2-6ca1-496c-941f-9f03506a8ade	1249	998	72	41	-
3f204ab9-3e98-45f1-ab99-7c1cd028f8b1	148	1032	95	39	tains
ecd1d634-2e2b-40dd-8cd0-a00ac45dba97	247	1033	53	38	of
a0c7a4c4-16ee-4e52-b26b-c3912fb26501	304	1034	190	40	Zoramites
20c73866-df68-4e93-8b49-fe4243134dca	304	1034	190	40	,
64e7b878-9726-4d84-a9ab-d8e4c712680f	499	1035	95	39	478
bbd7909b-62f7-44a1-8080-4f7e7d8a73da	499	1035	95	39	;
f9a38a31-31c3-4c2c-b776-b2a8d59d7a59	598	1036	105	39	army
1cc57ed5-0baa-4eda-a22f-261226c97587	708	1037	53	38	of
5bb7e788-7687-452b-90fb-fdf258b6516d	765	1038	119	39	moves
373a62f5-5759-45ca-b8af-732b425906a9	888	1039	133	39	toward
196628a6-ce71-4d08-a68c-23664a29336e	1026	1040	200	40	Zarahemla
f6f6aad4-e168-4bcf-80c1-8442c1f554a8	1026	1040	200	40	,
d9059375-0b79-46d3-9227-8eeb9c7b3749	1230	1042	88	39	478
0506d3f4-0867-4e76-830b-46f289274233	1230	1042	88	39	;
267d33c1-bc36-4875-8a4d-5c1120dba169	145	1072	110	41	curses
82988327-b022-462d-ba9b-fdc174ccf895	259	1073	80	40	God
3b1aaff1-de84-4012-abf0-1337f4325cff	344	1073	75	40	and
72fe45bc-4bd4-42e2-8db4-3c7252e9fb15	424	1074	140	41	Moroni
c161abf6-ac28-4941-be47-c445a73e6930	424	1074	140	41	,
4e3b3b9f-6b8a-45f2-b8de-9b3879e38508	569	1074	85	40	484
57f5f50d-21dc-4d48-a2c4-7aa4f4aff55c	569	1074	85	40	;
9298e3ae-da14-47a7-a8ae-d8eeaa4fdc69	659	1075	105	41	again
3805394f-3b8b-4b51-b26d-8154d75a331b	769	1076	90	41	stirs
408bc87e-5c74-4492-a444-37af4f26494a	864	1076	55	40	up
e973921a-4786-47cc-b326-9ad3e7c629c6	924	1076	200	41	Lamanites
b4d2ef2e-3587-445b-bfcf-a9486bd2c5d3	924	1076	200	41	,
c10062f8-3429-47d4-9baf-173ac9f5e170	1129	1078	90	41	491
8f10b45d-64d7-46ee-8a81-f8513ea70ddc	1129	1078	90	41	;
9b41348b-3fe5-46f6-b059-6b904dde2c9f	1224	1078	94	41	takes
1035a222-8382-4c9e-b022-26da2bfde443	144	1109	166	40	command
291f6d80-bbf4-47b9-91d7-607f7611aa92	315	1111	49	39	of
1d8f5579-9c31-4d02-8667-5d3c813e0756	369	1111	166	40	Lamanite
bba155a6-891b-4679-a77a-a71cbee29f7d	539	1113	107	40	army
3bb8ea74-91d7-4bc4-9f6b-e69aff7afd0c	539	1113	107	40	,
0c16884f-5a22-43f3-944d-5ce525b30ec4	651	1113	88	40	491
7f89384c-4b5f-4b33-9fee-b32b081fc303	651	1113	88	40	;
a478a526-18ae-4e23-86ff-9cda073c26c0	744	1114	103	40	takes
e209e886-7360-4372-bde5-85893c21d06f	851	1115	78	40	city
e2aa3bee-54be-4acf-b4ad-9dd68d128a08	934	1116	44	39	of
268e12c4-4876-4ef5-8c17-e385cfd9a338	982	1116	142	40	Moroni
6c194344-15dd-46ed-9cb3-9f431cb6936c	982	1116	142	40	,
da886521-1155-4116-a628-f754cbe96490	1128	1117	93	40	493
5d67d4bd-ba4a-4c9d-a008-ff9e272f7103	1128	1117	93	40	;
4e4f10d7-5363-4b0b-bd6c-9520bbf51dab	1226	1118	92	40	takes
44bb62c0-c127-4009-bec4-fb0abc083fb6	148	1149	108	41	cities
348876e2-560d-4d08-b3e0-4d9c1fab6a88	261	1149	56	41	of
e655a746-5afc-4ffe-9fd1-2f8467ccead7	322	1149	189	41	Nephihah
10027a11-8fa0-425a-b2fb-c9a5ca4addfb	322	1149	189	41	,
062645a8-a3ba-43b2-8048-e48ef071bded	517	1149	97	41	Lehi
e2370184-04e8-4e87-885b-4030606dcbed	517	1149	97	41	,
6c185a89-8194-44d8-bbf6-26c004872c38	632	1152	205	41	Morianton
82696362-661d-4622-961f-4514e369e880	632	1152	205	41	,
c43f9045-8c23-44f1-8268-3effae321ba0	843	1152	143	41	Omner
a0ec533b-65ae-4efa-9676-902abba00f96	843	1152	143	41	,
39dfaa79-77c3-465e-8de2-b31f9afff1c1	991	1152	97	41	Gid
015bbfbb-7b11-4a1a-9cf1-d66473a3784f	991	1152	97	41	.
8cd4c86a-104a-404f-89fe-97f559d9be78	1093	1152	133	41	Mulek
c34357aa-5b3f-49fa-8e8a-d4b9e4897651	1093	1152	133	41	,
a63dc73d-43fa-405e-9e7c-ce6337417fe5	1232	1152	89	41	493
0296907b-7ab7-490d-a230-57a4f39a583b	1232	1152	89	41	;
4002de17-60a3-4936-b92a-2612b2e449ac	144	1185	126	50	headed
49842442-b549-4c77-aa54-17ace0684eb1	276	1186	84	49	and
321b3cc6-b203-406a-bb7a-b1c801b02547	366	1187	156	49	defeated
88d8e025-a776-471e-904d-be70e890e9b7	528	1188	54	48	by
e53bea41-8359-4880-9cc1-c3dbb632d322	588	1188	180	49	Teaneum
fbc5a920-dabf-46a5-b9b8-12b35128c44b	588	1188	180	49	,
5fdf01e7-7a7d-4693-84ca-b00b9181f4cf	774	1190	96	49	493
4453b0e1-7da2-42cf-a777-08028a760320	774	1190	96	49	;
f848770a-089e-49bf-9fe3-2bb8cdd0fff8	876	1190	102	49	slain
12bc62d0-594a-4542-b08f-e799dc83aa78	984	1191	60	48	by
93fc7635-0e5a-4dde-8989-807b330f29ca	984	1191	60	48	,
9a9b390f-5aef-41f9-a505-3c018d4b7ee3	1050	1192	174	49	Teaneum
bab3aa4f-5590-425b-ae1f-76caf484ece0	1050	1192	174	49	,
769fc549-a5b0-4c31-84ef-dc867a46b9ce	1230	1193	88	50	494
51ffb1b4-533b-4dab-8d2a-08f0d30ee97b	1230	1193	88	50	;
f325fd92-a02e-439a-b35e-4effaf8cd008	145	1225	132	44	brother
8b86b50a-9156-47a6-9543-690f1759d668	282	1225	44	44	of
ed21f49e-7563-4999-b4ec-0940e562f95e	332	1225	181	44	appointed
54f104e5-40b6-403a-b7e1-2feb8a9f69be	519	1225	88	44	king
ee19324d-bb76-41fc-a1d3-acb010759d56	612	1225	44	44	of
8c203518-9a1b-4383-8333-8c2e1b45c196	662	1225	198	44	Lamanites
9072564d-b874-4caf-a1ee-2dd807404c48	662	1225	198	44	,
2af50537-ec5f-4a5b-93ff-7b8c47ec2cb8	865	1225	75	44	495
ba4955eb-4690-4ba1-9484-dd895e750c0e	865	1225	75	44	.
b92882db-bcc4-4a43-83f5-a6d7f56d3b40	107	1262	266	41	Amalickiahites
2601d4b6-8bcf-42c3-ae93-36206fea6951	107	1262	266	41	,
c1d2b99d-9b30-47fb-ac3b-829401a47eab	378	1262	123	41	depart
4bc84108-d4b7-42ea-b205-0b2e85c745f3	506	1262	67	41	for
4c5e446d-55d2-4f72-978c-77054047a1fc	578	1262	87	41	land
9340fd1f-8552-4b1d-851d-3422d79fbb8b	670	1262	51	41	of
04ff6f9f-aa6c-426d-9191-f284cbf5050b	727	1262	118	41	Nephi
5baedd87-e9b8-4f4c-948e-c7dfea27c2ff	727	1262	118	41	,
170c86dc-7ce8-499c-8062-70832029cb6d	850	1262	92	41	472
64744846-e2f7-4265-9f77-4d8471d81620	850	1262	92	41	;
fc8b750a-69d7-45b8-a356-09749e68a2e0	947	1262	133	41	headed
41a1891d-a7a3-4224-b39e-099681b4de19	1085	1262	51	41	by
2a2cc4bd-7d7c-418a-8d6d-50680d7b892e	1141	1262	133	41	armies
f94b513a-d168-4722-9683-57eba840b109	1280	1262	38	41	of
79b4f602-c4e0-49cc-a538-f1d4cb0dba3b	145	1300	139	41	Moroni
8c919e22-05e5-4764-a201-bce2ce7bea7a	145	1300	139	41	,
eca4aa21-52b9-4b2c-a19a-86bfa1d3f094	288	1300	97	41	472
56a960e2-665f-48ff-b58b-359ec373f6ad	288	1300	97	41	;
14c3495a-ff20-413a-ab85-2284ed28148e	391	1300	72	41	put
f8cc47b3-5e1f-40d9-997c-1aeb57d3fa9d	468	1300	51	41	to
ab470aa8-f2b4-4b35-be03-190774978071	524	1300	108	41	death
cf5b273e-2cd2-4085-8187-7d41d3a1a21a	637	1300	56	41	by
fdecad54-d399-4eee-aa6e-c09c0bd18925	698	1300	143	41	Moroni
71d71a6b-ce10-4ba4-bbec-8f90c31b8cb0	698	1300	143	41	,
d6e49d94-7390-4590-8eef-d94dcf2e0cd5	847	1300	97	41	472
922e5cf9-d4f1-4534-9ba5-3d13e2bd944c	847	1300	97	41	;
0dbe48c6-194e-4d7b-ae88-25da9b9801db	949	1300	102	41	army
00a713b7-236e-496a-9866-4f6193b1231a	1057	1300	51	41	of
a6387a93-c545-4810-ad12-4cb5b2b4dd49	1113	1300	199	41	surrendered
1061b9a4-0061-475d-9648-825436f08c5e	142	1338	44	44	to
ebc95b48-b81a-4374-9708-f79d200e8295	191	1338	143	44	Lehonti
d28c7b11-4d4e-4cba-a63e-9a0f06d8f863	191	1338	143	44	,
7d35be6c-444f-4420-82f0-41ccb0bfb4f5	340	1338	82	44	475
d7526ee8-262e-4ae2-8bc1-efa07ae07b65	340	1338	82	44	;
381b6aa4-8b20-4b3b-ba54-823896866e1e	428	1338	187	44	astonished
62fca33e-1615-4802-9ca3-3ba40a783435	620	1338	44	44	at
71628922-0eb8-473b-a831-7fc88a59febe	670	1338	220	44	preparations
3ccfd229-e337-454c-9428-7e2520d3d273	895	1338	44	44	of
e1a09df1-8abf-4d34-890d-55f2d824f9cd	944	1338	159	44	Nephites
b7463932-c643-4dfc-afdb-7e0b901d540d	944	1338	159	44	,
5da8f42a-709e-451e-9b88-81c980a2a42f	1109	1338	88	44	482
c8191c26-76cf-454e-8e07-1a7776293bf1	1109	1338	88	44	;
2ea55019-4cd4-445c-946a-c5300ad48dbf	1203	1338	109	44	march
fc9dc49f-5eb0-4982-9313-4f5cb6b97237	142	1376	48	38	to
b381b688-086e-4b18-8f04-7502afc21ac6	194	1376	85	38	land
e4fcee57-8e3b-4afe-8db5-f02684d0c98f	284	1376	47	38	of
40c7f960-d89a-460e-9be6-a467771d8a7b	337	1376	104	38	Noah
04bfe6c8-6ec6-4a15-b670-9b71e4aa90dd	337	1376	104	38	,
4e2bac39-a5b3-4eb5-b9dc-024e65ef2d33	446	1376	80	38	482
8c67e4c3-2d73-487d-aa06-4baa3e3713ff	446	1376	80	38	.
59dfbb82-d685-4d65-a40f-659b3da9ca2f	107	1414	147	47	Amaron
04cf31d4-7304-47a1-acad-031dcc8adbe8	107	1414	147	47	,
cb3215b1-338b-44d3-8778-359e01f66360	260	1414	100	47	Omni
3d4f7861-4fda-4943-a68e-90eaa5dcb41b	365	1414	129	47	confers
a627a525-62b5-4c6f-be8c-1a0eb601f7b7	500	1414	112	47	plates
e47f0cbe-9da7-4d5c-beba-2bc715a8cc84	618	1414	100	47	upon
7556ec89-d276-4559-8b9d-899b12539192	618	1414	100	47	,
f4cb28c1-45c1-4132-a275-7813b1629572	723	1414	88	47	200
1fbc4de9-6e9e-4c75-8292-13717411a316	723	1414	88	47	;
1170f7f7-6953-45ab-a88c-6a16985fc475	817	1414	112	47	writes
f3b1935d-d575-4d4c-9e90-86af3730264d	935	1414	47	47	in
357df2a3-3af9-4991-8089-b9448ae09a74	988	1414	88	47	book
3125d062-218d-40cf-8a4c-d2b1402f75ef	1082	1414	41	47	of
51f94ddd-762e-432c-8880-90b0eb6abfd4	1128	1414	59	47	his
be797479-1a11-4004-ba65-e395588f0d9c	1193	1414	125	47	father
3f38b895-0fab-415e-a2e1-79671e9becb4	1193	1414	125	47	,
b97e17bd-1040-4f12-b38f-6d83d7f471e7	108	1408	20	81	A
4682c0d9-1c91-4438-8c4e-29ddf1d9fcc3	138	1408	114	81	moo
a6a457aa-44b0-440c-9d82-5a85e3ebe8bf	138	1448	92	42	200
f53d38e1-62d2-48f3-a28b-3439db503724	138	1448	92	41	;
d26d4f2b-a675-4a39-8d41-aefe7273184f	236	1449	144	42	delivers
86501d07-6402-40e4-9685-27449cfbf82b	384	1449	113	42	plates
45e21a76-1f6d-42a8-9249-1f7b49064540	502	1450	51	41	to
b1915631-2c39-4eae-a8aa-a385a64d6c80	558	1450	164	42	Chemish
1cd10f66-874e-47f1-88c9-3f8df3f8c5fe	558	1450	164	42	,
8d074071-2ee0-4408-aa9f-b69c96f1fa63	727	1451	75	42	200
a77ae385-4609-48b2-88d8-17addee82118	727	1451	75	42	.
20502b05-e399-4921-8206-808f7073f626	104	1489	124	38	Amgid
59281a5a-582a-4c33-a221-d868de49d352	104	1489	124	38	,
709ff3c2-f0b8-4aa7-b396-a5cf974339f7	232	1489	147	38	subdued
65d5796f-aef6-476d-afcc-6c91cfd29f44	384	1489	52	38	by
015c9d57-322b-4748-b0f8-c3aa8993b406	441	1489	90	38	Com
f0b01bf6-19be-47c9-89d3-0a6726bf19f0	441	1489	90	38	,
d699c70a-d6e0-4526-a95b-de8109a4f240	536	1489	77	38	743
44bc38c8-0a13-4ea0-8166-c585a71d511e	536	1489	77	38	.
9a1ca1b3-3931-4d1c-ae07-fc57c619bb86	104	1527	185	38	Aminadab
aaad96d9-0f79-48f9-9646-cf01fe65bad7	104	1527	185	38	,
bb032e99-1fec-47cf-a57c-7dc4d3ff823a	294	1527	133	38	teaches
23c7ab31-b258-48dd-b270-5272e04d945d	431	1527	185	38	Lamanites
5cddb041-a452-4d41-8046-77cbe233279c	621	1527	47	38	to
76f9fdde-2536-49ba-b4c6-a09728a93ee3	674	1527	128	38	repent
ae1cfcf7-0105-434d-86f9-bc38813fe23c	674	1527	128	38	,
44775985-154f-4fcb-a13d-22fca0d8f4f4	806	1527	80	38	560
28d9df36-eef4-473e-a5f0-85375acf9625	806	1527	80	38	.
62a0b6ba-01d3-445e-bae9-4480e4b65152	104	1565	157	38	Aminadi
5e30a5e9-8f2b-422d-9530-0a5b85f45c3a	104	1565	157	38	,
259ceb8f-a538-4022-b2a5-451d4e5d59d8	266	1565	199	37	descendant
558aba54-68cc-4c01-9443-33f9f08d0543	469	1565	42	37	of
027c3fca-ee31-4d25-bf15-e14c3edc71c5	515	1565	120	37	Nephi
7f5979a6-a79f-4055-b92e-8d6bef004334	515	1565	120	37	,
a959674d-3aed-4fc7-a4d2-8526df17d9aa	640	1565	77	38	334
4110b628-d311-42cc-a6ff-8d73e3725571	640	1565	77	38	.
7a54a556-1e2f-4971-b9f7-23712a65232d	101	1599	132	44	Amlici
84b289b8-c627-4e1a-a620-ade0f160a648	101	1599	132	44	,
ed11c3b4-e98b-468f-9229-92fa829ea482	238	1599	99	44	seeks
7a18f016-fdb8-431f-a07c-7562b12e73a1	343	1599	49	44	to
c7152188-cfe9-460e-aa12-d6e8802d1048	398	1599	55	44	be
bb9dba5f-9ca4-48af-aeff-3e1f004e30ae	458	1599	99	44	king
eeca56c5-8d8d-42b0-bb21-061f0721ec92	458	1599	99	44	,
4b8be59f-8098-4b18-9198-fbc32c75fd62	563	1599	93	44	303
abdce914-c97f-4161-909b-53f3a565e411	563	1599	93	44	;
368aa765-cbdf-4c76-97cb-8b35dd72f610	662	1599	148	44	rejected
a70e306d-8ad7-4581-8a6e-e9be1273d10f	815	1599	55	44	by
71fe39d5-68a2-4942-86ad-d529e02fa688	876	1599	126	44	people
9e2b5302-da25-40f9-bdbb-88dca6805a70	876	1599	126	44	,
f641c707-70b5-44b3-8c91-2aae7eaf6fd8	1008	1599	99	44	303
ef819b8d-a6cf-4f9f-9cef-c01d716f8e99	1008	1599	99	44	;
c908e61b-fb0c-4834-a93f-491cea01bd3b	1112	1599	196	44	consecrated
80374d71-0f75-4736-a10a-4fb4c0d0b923	142	1637	87	41	king
76cec285-c564-4702-9c82-e9f073686a28	142	1637	87	41	,
8d32f3ce-ccbd-4ff8-b999-2d25b1296fd0	234	1637	92	41	303
448c7f7a-f25b-44e9-82f9-ad81fbc77a20	234	1637	92	41	;
9fdb9cc1-51ab-4303-9480-c72f562f7854	331	1637	92	41	slain
e5342932-907f-4161-a8c9-96a83e92b7b9	429	1637	56	41	by
a3394f7e-8b40-4ca8-bc73-064e9b0a405a	490	1637	108	41	Alma
d5444945-242d-41ac-9961-5c45a4295cee	490	1637	108	41	,
6a9ad8bc-cbfc-474b-b618-bb0d57f11166	603	1637	76	41	306
98db0aae-d19f-47e0-9fb4-d251dfbde9fd	603	1637	76	41	.
fe51d96b-1afc-4b06-be68-52e72ae2590f	101	1675	172	44	Amlicites
379a1347-7341-4210-807e-62c32b0b725e	101	1675	172	44	,
03228e11-80c2-4d7c-b629-5eb8e930c2f3	278	1675	86	43	304
ed64d6fc-1e77-4bbc-b3f7-07241008627b	278	1675	86	43	;
3aef0049-ad11-4724-9280-40a2e787958d	369	1676	75	43	war
d14e9198-d431-4400-9677-5b51c4d0657c	450	1676	134	43	against
6050f22b-c460-4fdd-ab5a-9a3914d2ccf5	589	1676	161	44	Nephites
fc1c799f-c7c8-4a6b-8415-eed983cbcc03	589	1676	161	44	,
3f8fb76c-319e-438a-a3f3-0af6fdd60fc5	756	1677	91	43	304
bf5b16ca-93dc-4a0a-852f-c6738f16a117	756	1677	91	43	;
2a381ba2-b50b-44b2-8ae8-ee40b10b0a80	853	1677	75	43	join
1a8b4527-c849-4000-8f54-4d6a368ef314	933	1678	86	43	with
69b4235a-6d7a-4d79-9764-4b769f365cf9	1024	1678	194	44	Lamanites
36cd82a7-1898-4264-b439-49f9e90c314a	1024	1678	194	44	,
d325875f-feac-4860-abb4-a1f2220f22bb	1223	1679	65	43	305
e39dac24-8ea2-41f0-b8c5-ef148a42c8bb	1293	1679	16	44	;
9374d9eb-4f51-45aa-beb2-8eacca447e1e	142	1713	128	41	marked
642f37b6-2a73-4ce8-ac0e-690d83801115	275	1713	46	41	in
219df5a2-7469-4819-b915-fde2bbc04920	326	1713	179	41	foreheads
47dd60ee-ec7e-424c-b385-2c285e2ba643	326	1713	179	41	,
1b357bb8-6198-487d-9f5e-604f76b300a3	511	1713	82	41	307
83a64c52-888c-4cfb-96d5-dab0d6589733	511	1713	82	41	,
3da6ca5a-2d99-419e-8189-250f8ca0b5c5	598	1713	78	41	308
77704508-6d55-4e24-b878-99d4c5792fbd	598	1713	78	41	.
c37414a5-8bec-4d2a-855f-c7ea6ce07f4a	101	1750	144	48	Ammah
c3d9831b-2bf9-4824-9723-309bfe8d8ec8	101	1750	144	48	,
c72707b5-cb87-4bd5-b8eb-ebb2e94bbf88	251	1750	48	48	in
476e2971-3713-44b9-9dff-b0c4f29df008	305	1750	120	48	prison
7e11dfbe-5c34-42d1-ade7-05a3545ed09f	431	1750	54	48	at
038a3efd-fb62-4485-8544-772402d5866f	491	1750	156	48	Middoni
7ed66509-0ab1-4ad2-9b23-b7317574fa15	491	1750	156	48	,
86121269-c040-4d70-a431-940ec914347b	653	1750	84	48	377
7f1dfec0-4be0-48f3-bac4-7ac3774dc570	653	1750	84	48	.
3ed527e4-b3cf-447d-85a3-0a20e5bc58e1	742	1750	90	48	382
332572c0-1d2d-4da6-8767-570fb4aa2560	742	1750	90	48	;
f00cc42e-3ecb-43b1-a046-f7a99fb1843a	838	1750	150	48	released
a1ddcf30-035d-456a-8430-7f93712ec8af	994	1750	96	48	from
e5b8f31b-0e8c-47ec-9d16-0163789a6df0	1096	1750	132	48	prison
e07b0a6f-926c-4912-a93c-53b7cf3ad23e	1096	1750	132	48	,
c5ac4ea7-be13-4c52-a872-7744816d1b4d	1234	1750	77	48	380
7b798740-49ba-4c94-97f0-efc85d559519	1234	1750	77	48	,
c6b05ab9-5106-4273-8a1d-cdb73070b709	138	1788	61	41	382
84832a05-15f9-4fa3-9f6d-d0a5fe36fa6e	204	1788	20	41	;
a4660825-86ed-464a-b5c7-f9448dd33ad4	230	1788	174	41	preaching
883a096d-fe78-4ae8-815b-62620cf06a2a	409	1788	46	41	at
f22a9476-4616-48ab-997b-3c64c9833ef5	461	1788	159	41	Ani
2fd3b078-b580-4f87-a0f0-3af9d81f8135	461	1788	159	41	-
5cec3d31-2ac7-4ea1-b138-7dbeccfd8ab7	461	1788	159	41	Anti
0c7f5cb2-68a5-4f34-b13c-5cf958a3008d	461	1788	159	41	,
ffa81252-3f63-4e5b-acba-55e7649fb64d	624	1788	92	41	382
bfcde0d4-d452-4d08-ac5d-c052d21527d4	624	1788	92	41	;
1092bd7a-1c33-4089-99e3-1cc967b27ef2	722	1788	87	41	goes
17ef9136-4041-4a3b-8705-3ef601f33770	814	1788	46	41	to
f81339f0-498a-4f1c-bc35-8e7b169dbcb9	865	1788	154	41	Middoni
9bcbb1af-d41b-417b-8da3-e035129fb95e	865	1788	154	41	,
e0270195-6edf-4bb0-9364-00552577784c	1024	1788	77	41	382
c2c8e4b3-9f08-4030-9415-3a6e237209e9	1024	1788	77	41	.
289d46b8-6b2a-4d5e-ac84-42bbeaa9d6a6	101	1826	147	38	Ammon
bf936643-81a3-47f5-8081-1921a2914cca	101	1826	147	38	,
87cd4adf-0786-4937-be67-e211fb2914b4	253	1826	199	38	descendant
2190a976-7e77-4fe6-bddf-fba5bbdbc893	457	1826	47	38	of
f7cdf219-a7aa-4de6-8c74-3c9ca140fc92	509	1826	198	38	Zarahemla
b3a3c24a-b62c-42ac-be81-de99a5280e29	509	1826	198	38	,
3fd8eb2d-4e10-464f-84fd-330161915ea6	698	1826	105	42	227
86933cf4-bad5-4b5e-a56e-f6ca8f520c5e	698	1826	105	41	;
775305d9-ef02-4631-af4e-e4c82536f50a	808	1827	125	41	speaks
3e8110d0-fd63-44ce-96b0-7b94a70a9353	938	1828	50	41	to
b6a1e181-f0ca-4e49-95ae-6cb15f0c7d4e	993	1829	100	41	King
7531f88c-4a33-4545-aaa9-efeed43a7673	1097	1830	120	41	Limbi
58e686fd-3870-41f6-9daa-f2c40dbe7b32	1097	1830	120	41	,
654f3356-fa0a-483f-b5e5-ea29054c9092	1222	1832	86	41	228
533c6585-4590-4ad8-9fe8-307e7e666746	1222	1832	86	41	;
507d6d3d-0201-43f3-ae65-6edff02ef451	135	1857	123	43	speaks
b345cb93-3eef-4de5-ad79-a8e9b6614adf	263	1858	47	41	to
c8d052a6-3ca3-43d6-b873-0cd00291c08d	314	1859	123	42	people
fce12b51-9422-4969-9214-d0420da64a4d	442	1860	47	41	of
43e17c67-6679-4212-8b30-5a001d132390	493	1861	123	42	Limhi
a123fb7b-6f73-476e-a290-078ca306fb25	493	1861	123	42	,
fa2a73d1-955a-459d-8171-17a60b94ee8d	621	1862	93	42	231
292eba3d-295a-4d77-a49e-26d76cba0fdd	621	1862	93	42	;
2dd618a5-4709-4c90-834e-1731efb5e8a7	719	1863	108	42	reads
45fed0d1-4af8-46c5-85fd-0d83326f9d4b	831	1864	123	42	record
48c643ab-5035-4c09-9a6e-2908ff61e727	959	1866	47	41	of
2e5cdeff-c916-4631-83ae-ce6b5a97560e	1011	1866	118	42	people
649363a7-44e0-4a95-ba5e-51c92fbd10fd	1134	1867	52	42	of
e5dc6cf8-45a0-4122-b46a-4476861a4e1b	1190	1868	119	43	Limhi
91feb860-f497-4fd1-8fb6-e56b88b6901f	1190	1868	119	43	,
8388b88c-4a29-451f-86b8-fac09f77efa9	138	1902	82	44	231
c7cdae98-1c81-457f-89a2-ec53b487a9a1	138	1902	82	44	;
136c35ec-af05-4cea-aab2-bdc707d69776	226	1902	110	44	taken
be2b9bd1-1957-4fd2-977c-9c58fe4279a7	341	1902	55	44	by
4a0e8c22-bbb0-45bf-b4a2-2b37f440b44f	402	1902	93	44	King
52adc9c6-c078-452e-b1ba-7ecb6ad333d7	501	1902	121	44	Limbi
872d1441-219e-41e1-a41c-af3848dcdb60	501	1902	121	44	,
f9e6e4f3-305f-48ae-8e77-c62e057abc73	627	1902	93	44	269
889e7073-a7ee-41c6-84cd-0b1cd7b8360e	627	1902	93	44	;
9fc5b932-f8b3-43cc-a927-973c88c61fd5	726	1902	99	44	leads
06de82ad-2930-4773-8b21-4650affe9a39	830	1902	115	44	people
b0d553d9-47eb-40c7-86a2-e2f15d7d7b3e	951	1902	49	44	of
d89f680c-3076-4a9c-afe2-bc8107e5b6fa	1006	1902	121	44	Limhi
7b88aadd-56e7-4a51-b924-716b260e351e	1006	1902	121	44	,
04e1014a-c18b-4b0a-b7d4-2c92ba79e8d4	1133	1902	78	44	272
06a05488-4086-49e2-acb7-52d04df34c41	1133	1902	78	44	.
b75e0f7e-6947-4f42-a057-21b484cda1ef	101	1939	143	44	Ammon
d8d49afe-d44b-43cb-8d79-130cce01cb96	101	1939	143	44	,
7bb7e142-7066-40ba-b509-1a3dff1b5196	249	1939	66	44	son
e01d2fc9-a6cd-4438-84bd-7801b134869c	321	1939	49	44	of
e5d8d5cc-2dff-4294-98c7-616422389745	376	1939	137	44	Mosiah
1975b5e5-e0c5-47ae-8323-be775115b3ad	376	1939	137	44	,
56fdb1d1-9efe-48e8-bdbe-0b12ce5b1539	519	1939	88	44	289
9a258844-c666-4af0-af00-cd64e3f9b140	519	1939	88	44	;
7dc12578-df40-4951-91d3-e2f4f55a5254	612	1939	137	44	teaches
891d6b3c-1a78-4b9b-89d3-7e0b9e2a2a24	755	1939	115	44	people
a30ad8d9-e766-49ba-9675-19dc7eb7ac46	876	1939	44	44	of
09600919-3e10-4ec1-aea9-0b3c0a69f91e	925	1939	198	44	Zarahemla
7540a114-a4f6-48ea-93c8-d6ab0b3ba74a	925	1939	198	44	,
c7dfa2da-cbc4-4dfb-8422-0cff427cc9ce	1129	1939	93	44	289
6ca0cc88-2145-42e3-9f4a-2f5c3ebe665e	1129	1939	93	44	;
1e89011d-492b-4d3e-9c34-a5a7ed9c6b34	1228	1939	81	44	goes
0ea0b297-75b9-4de2-8cd8-956d7515239d	135	1977	46	41	to
71379467-0b8c-4fee-9301-353c1c33a39b	186	1977	87	41	land
4ee10e87-74c6-4cc6-af75-7069c82e2ff1	278	1977	51	41	of
81fbcef4-5975-4c89-8ed7-36666e8b8738	335	1977	149	41	Ishmael
f5f6bd62-d63a-44d1-8795-437b1b08510f	335	1977	149	41	,
ad12255d-5466-449b-b42a-c596200a9e46	488	1977	92	41	364
f4c782fb-9b33-4d1f-90e3-efccbd9e1048	488	1977	92	41	;
2cd92693-787b-49d6-9fc7-35f053ccc4ee	586	1977	118	41	bound
aa5b0637-7492-4b7e-94be-dc3f467ff47c	709	1977	56	41	by
c6931966-c196-435e-a850-803ea3bea978	770	1977	195	41	Lamanites
f4e99edb-0cdc-48cf-896f-64dbef6ba20c	770	1977	195	41	,
b1bb5412-b361-4d28-abef-396db87439a0	970	1977	92	41	364
de5d2e18-7b23-4c2a-bbb3-4ce4aa990fed	970	1977	92	41	;
1805dbf6-be5f-4712-b518-118781f4b51b	1067	1977	149	41	becomes
a680825b-e3e4-4103-a470-9b9ce6c220e3	1221	1977	88	41	serv
0fa66821-f5a3-4d54-81ee-fa4d5d978879	1221	1977	88	41	-
e3de0b39-b1cd-4e1f-93f9-fafa8bd60e6b	135	2012	72	42	ant
91d88018-d413-44f6-ba14-088726dacdbd	212	2012	56	41	of
99a6b552-20ae-47b9-8d85-3ede94e65ebb	273	2012	149	42	Lamoni
8a157920-a12f-48cf-aaf4-57abc1f9cc2b	273	2012	149	42	,
f5ac62fa-d644-4a20-ac59-3558a4a32632	427	2013	97	41	365
8940d136-cf33-4471-840a-3a773415bf8f	427	2013	97	41	;
3d093b02-7720-4737-8027-7606814838ec	529	2013	154	42	protects
0121f1c1-9f3a-46e2-a279-19a5461ed83a	688	2014	113	41	flocks
cdb86ea0-0d67-46b3-b195-eb18f12180f3	806	2014	51	41	of
94ada876-0b92-4fce-ba3d-e0356331e6be	862	2014	103	41	king
32279034-f20d-42e8-9d58-d028094d273c	862	2014	103	41	,
a8a76571-9698-4d6b-af97-96d4bacb1211	970	2015	92	41	366
05659495-dcad-4a09-b3e8-db1aa5606ff1	970	2015	92	41	;
541187ff-5c07-40f6-b7d6-ac937103677f	1067	2015	144	42	teaches
1e8ba485-bb8e-4b07-84ce-ea8d5069eaf6	1216	2015	90	42	King
ba421474-fb37-40f1-b3f4-1ec09c077d88	138	2050	140	47	Lamoni
049b2d53-c2c9-4863-b80a-f190b0bb35f3	138	2050	140	47	,
c8c38078-a738-4b90-a414-ce0fae4aa561	285	2050	94	47	370
045de7dd-3eb5-4a00-a074-b4af04c54c07	285	2050	94	47	;
6234e858-ad5e-454d-8444-99873de9f600	384	2050	170	47	rehearses
e66ee37f-13d4-4860-bb6a-fbeb39e123ec	561	2050	135	47	history
f80ef86b-92b9-462c-a898-7c77d6291c31	702	2050	47	47	of
a752d6e0-2f5e-4ebd-af0e-b55b55557d33	754	2050	129	47	Laman
661d0856-0264-4f17-a1df-144f68e82434	889	2050	76	47	and
7325440a-3d87-4be0-a09a-ed8193304b2c	972	2050	147	47	Lemuel
327cb291-3b36-442c-918a-3247197a29bc	972	2050	147	47	,
a0f78ce5-7722-4a94-91ec-b362c75f7846	1124	2050	88	47	371
d85b4b4e-86b8-442c-9548-e77a5d716f98	1124	2050	88	47	;
13b754c8-81a9-4ad9-a0e6-5247f1bbc4a4	1218	2050	87	47	falls
