ID	X	Y	Width	Height	Text
5375d590-5a39-4f9b-91bc-3b94213809b6	88	101	72	35	782
91b14fbb-34cd-461d-86a4-8dad8664415b	459	91	153	44	BOOK
05d9313e-2094-4905-8ae1-7fc9de424e04	618	91	82	44	OF
9fcf8387-3c0f-4208-a612-fd6e5ad942d9	706	91	234	44	MORMON
b1b341ad-52f0-4a71-9346-8b84fd2b9d75	706	91	234	44	.
c31d152f-4718-41d4-ae18-c8b4fb44fdf8	129	174	48	43	to
b6d1a13e-644b-4c45-a48c-04c0b3211399	181	173	116	43	earth
8d69796a-4413-4c6c-bf82-86a10b9c3e47	181	173	116	43	,
11a71052-367c-4f36-b327-d7c9810b615f	302	173	95	43	374
7a2510f0-84d9-41e7-985f-42e050eef710	302	173	95	43	;
6687f73a-e61a-4f8e-b1a4-0730018ffae8	402	171	173	43	Lamanite
c2434f74-15de-47e6-bd86-4f286a765ede	580	170	168	43	attempts
813736e2-0545-45f7-8778-99d2658125f4	753	169	48	42	to
5a468301-f012-4a77-b875-ac18927e8edd	806	169	95	43	slay
07d31bf7-51f5-49e9-abc6-cec45033560a	806	169	95	43	,
b76da13e-7fdd-4d09-917e-dd0c837cffff	905	168	95	43	375
ef9d33b8-2b30-4e98-9977-a62c64382a87	905	168	95	43	;
dde84455-8c04-4765-b94a-c21df6273eed	1005	167	126	43	arises
fccfccdd-2f21-41f4-9bf1-4884e02ace2d	1005	167	126	43	,
fe0aef0e-fe4c-4759-8fe4-daa968767a69	1136	166	95	43	376
27bc65bf-4d57-47cf-8440-dde4d3e4453e	1136	166	95	43	;
2349f968-a443-49f3-8275-6227f9b27774	1236	166	70	43	for
1bf5b530-5478-4301-b925-79f580ffff36	1236	166	70	43	-
0e936422-011d-4791-8fe7-dc37cb4cdc3c	129	208	118	41	bidden
1042ee3e-bebc-4b08-bf55-a24de937f8c0	252	208	46	41	to
6d6f483f-3ced-4739-99cb-b3295fe55d6b	303	208	51	41	go
cf4bef1f-28cc-49e0-a29c-dbac9d6e7ee6	359	208	46	41	to
b9a4def2-3a26-484e-a227-a97d1c704da0	411	208	87	41	land
b10dd408-6e04-4516-a6b5-fef9ed9e8880	503	208	46	41	of
fba2292b-3c1e-4769-a48e-b5723a497b33	554	208	113	41	Nephi
407a1c35-e6e2-479f-ba18-5fec559a7ca0	554	208	113	41	,
68c0bec6-c238-494b-aa5b-9e63befdf0a5	672	208	92	41	377
f723e330-0d5e-4b0d-ab43-f591d7cab73d	672	208	92	41	;
81b343b4-d881-4710-aa9d-64613eccc512	769	208	77	41	and
86219652-ac57-471a-b974-5c568852489b	851	208	133	41	Lamoni
f0bd1062-d490-4e11-8e56-922e5e8a8076	989	208	92	41	start
92a07808-a6ef-49b3-87bf-f2d62bcd63b2	1087	208	67	41	for
c46803de-35ac-4736-89bd-e33bfec8a043	1158	208	150	41	Middoni
6cdbb677-0946-430a-be92-f20159cdaec7	1158	208	150	41	,
525db824-48b1-4a0d-b7d4-f393361dc342	129	248	90	41	377
33da95f7-c24d-4326-b9ca-55df3c896d53	129	248	90	41	;
005532d0-36f4-464a-8af4-32c677f14aec	224	247	105	41	meets
bf344c09-c5ea-4f9c-98cf-db4dff61d6ad	334	247	115	41	father
e1424310-9b16-465c-9b4d-a1da43df2a82	454	246	50	40	of
399c6e41-6972-45ce-91bd-09652dd75a99	509	246	145	41	Lamoni
82b65f56-d91c-4d52-b175-5fd1eb5b3144	509	246	145	41	,
6f2e85b7-874f-4413-b5e2-f7da34de3c5c	658	245	65	40	377
7a8f1973-c84f-4f44-8b9e-6c304a34fb85	728	245	20	40	;
84017343-6ca0-4ee3-a9f0-3b147497a436	753	244	120	41	smites
d25672ed-a001-443c-bcfa-b651b70e752c	878	244	90	41	king
0950154f-fa0a-4d9d-8fa0-5d326fbe1dbc	973	244	45	40	of
f5364fdd-8107-47b3-b1f8-a7c7f1e31a1f	1023	242	190	41	Lamanites
7969ceab-7ec2-4296-af0f-ec5681ba77e8	1023	242	190	41	,
98138bc5-dff4-4008-b174-f5d59d4ac24e	1218	242	87	41	379
35417e37-4936-4d83-bde3-75b0d3944df3	1218	242	87	41	;
a96ee203-459b-46c0-892d-6e2ca66a478b	129	286	133	42	secures
52ce2f7d-9b9d-4b41-8b1b-9563ceba447b	267	285	128	42	release
916d3285-07b8-4038-b960-0571e60b1dee	400	285	46	41	of
bfe3760e-df30-4b5d-9446-7e7dc9fdca3b	451	283	169	42	brethren
a09d3e69-4e66-4391-beba-096d5a6e31d2	451	283	169	42	,
206c47ba-69fb-435b-8ab8-ee885a34ff65	626	283	82	42	380
a5b1491f-27d2-4357-b747-95b96bd3d309	626	283	82	42	,
47655f83-e67c-4729-9bd6-71e6c67b00b4	713	282	98	42	382
e1f330f8-219f-4128-a1bd-264dd5b5d56e	713	282	98	42	;
d9bfdd0f-d240-4b7a-b081-8ceb3108376c	815	281	139	42	returns
458dab9e-ee69-477e-b3d1-c0b3d5628768	958	281	46	41	to
38245c03-b848-4221-96b6-a48031eab740	1010	280	92	42	land
aa409615-1f91-4786-90af-6606fe9cfe15	1107	280	46	41	of
28e16dc3-7fc7-4c29-a58a-8a7ddf791714	1158	279	150	42	Ishmael
7b8ff475-b72e-441a-a7b0-43b89ca1c711	1158	279	150	42	,
087c2e9c-3a14-447c-841f-4a922d3978e1	129	324	85	41	382
aa914f54-8c50-4965-837a-26486e1b98ad	129	324	85	41	;
229487c4-20bf-429c-98ab-6d7b2b58bb65	219	323	135	41	teaches
8c001645-e5ef-4ca8-a2f7-9169a4ec3f52	359	322	120	41	people
36abc8f9-57f5-4a8a-9b79-1f4230efdf14	483	321	45	40	of
e93d0b44-d23b-4e02-88b1-d6f7a748bd5d	533	320	145	41	Lamoni
711cf360-105e-4189-a83e-a1c2bb1f0a31	533	320	145	41	,
607247e4-a6d5-4c96-8e7d-70cffb45e856	683	320	90	41	383
795b0c3a-850a-45a6-a725-239ee2ee2de8	683	320	90	41	;
06205c86-ef94-452e-b179-e1f62d98bdad	778	319	145	41	account
f8be5b52-f4dc-4f6e-8ca3-3302c369a0f2	928	318	50	40	of
817d618b-0738-4ed6-a7a9-539ce9e11e72	928	318	50	40	,
514929cc-d711-4fcf-80a8-3a265bd2db52	983	317	90	41	388
4a382193-5604-43e1-a488-e974ecd4b8a6	983	317	90	41	;
0161873f-a4d7-4861-9d88-ec9dc7253afb	1078	317	75	41	and
2fefebd6-2c1d-4b0c-af29-0e9fb27a3f04	1158	316	147	42	brethren
154fbc07-ec39-4f93-9332-9b4f10e1e356	132	362	48	39	go
9bb5a374-2481-4036-84e1-a5e8a6f70a43	184	362	43	38	to
94030554-5c19-42bc-8a28-fe9121da576d	232	361	90	39	land
bb149ee7-fae2-47bb-a51f-af8ab6c34fcb	326	361	48	38	of
d1f30e22-f893-459b-ae81-b6ff50f7de9a	379	360	152	39	Ishmael
a721ffcc-3921-4b7e-af19-6422985297d7	379	360	152	39	,
718d3662-7b44-4262-81fb-a17af8d47d21	535	359	90	39	391
6273fbfa-f594-49d6-91e1-ae5efdf07cc6	535	359	90	39	;
a9f38106-bef8-497b-8905-82ce38abe10f	630	358	147	39	rejoices
4fde621b-d0ad-418b-bd5c-61e8cba33661	630	358	147	39	,
e8308222-d454-4173-a506-2c9a95c6b84e	782	358	90	39	397
fd4e8b1c-6534-4a09-9b56-0dccd53c6c8b	782	358	90	39	;
042d9379-0f91-4323-81e6-fe6434583fbb	877	356	176	39	addresses
0f3e8628-cb34-4375-b9fd-eb2cffca5e40	1057	355	162	39	brethren
8b2fd051-dd90-4032-87e4-e5ec57dcb35e	1057	355	162	39	,
ef368d8d-03d0-4259-98a0-de36ac25961c	1224	355	67	38	397
fb852909-2529-4bfe-99d9-bd8223c63564	1295	354	14	38	;
cad459b0-f671-4284-8f4b-be5a7a077162	132	397	138	41	rebuked
7347e328-10df-4d70-b372-dd595f1ca5dd	275	397	56	41	by
6e5b07e3-92c7-4287-aaf6-f6f5b84ddaf0	337	397	123	41	Aaron
13e14dac-c370-4a5a-a51c-c703991ebb05	337	397	123	41	,
61d1aad5-a4f9-4249-a0b2-9e762483544a	465	397	92	41	398
ac13879c-ff9c-44b3-96a2-09cddcb1b907	465	397	92	41	;
22cb6b4b-056f-4474-a295-3c0dd5f803ec	562	397	149	41	inquires
ec32e917-a280-4459-b2c2-d77452708241	716	397	51	41	of
1908fad1-2838-49aa-a6b4-a6d817b84b71	772	397	97	41	Lord
41129b92-1f00-408d-931e-92cdfe4dee66	772	397	97	41	,
f943014d-ebcd-4f9d-947f-236b314823b1	875	397	97	41	103
23a61d69-7ec8-4800-8d44-16ec1b57c4b0	875	397	97	41	;
8ddbe697-2760-4a41-8c55-eee60d29291c	977	397	82	41	goes
23fbe0db-bd43-4396-be18-39b51a17889e	1064	397	46	41	to
38a3cecc-1ef7-4f39-b3d0-89e248bce08d	1115	397	193	41	Zarahemla
65c5ac8a-50ef-4f9d-9a28-1f5011df7d04	1115	397	193	41	,
dc899cc7-5527-496b-81a1-0ff96f9c332e	132	437	91	39	403
e9aab694-f594-403d-87b3-cf962d7fe9d7	132	437	91	39	;
a985c9e5-7b42-47d4-acbf-7d81712ed790	227	436	109	39	meets
fb0c8547-b126-4b3f-8a7e-7c851a531559	341	435	109	39	Alma
b8940530-a5bf-478d-9be7-796ee8f78d30	341	435	109	39	,
18f32cca-ab05-4aff-93e4-350b3972b070	455	435	95	39	403
3abc8957-080a-4eef-bc19-8585b1a5e332	455	435	95	39	;
7ff633f2-a218-4fbe-92bb-efae19e40100	554	434	86	39	falls
967c9a0f-204b-4f4a-8895-cdb67564c213	644	433	143	39	because
c061d6f8-b330-4052-a43b-76c5c5a25777	792	432	48	38	of
55f42126-ec02-4772-b420-dc2e1d82bf9c	844	431	76	39	joy
d86a0d9c-ebd5-4902-a963-3d4671c078e4	844	431	76	39	,
40efe1d0-d1c6-4c38-af42-993172eff48d	925	431	91	39	403
77d1cc74-2ca0-40ed-905b-f4f5831a3d7a	925	431	91	39	;
22f6ca9c-f366-43e0-a62e-c9c0c202bf61	1019	429	138	39	returns
0f16a6f2-8cff-4d32-a2be-d562d0f9c4e2	1162	429	53	38	to
92f121dc-efe5-438f-b6e3-2c752ecbc5a2	1219	428	90	39	Anti
ccdb235c-ee9c-4af3-b42d-e95b959f7c1d	1219	428	90	39	-
004d5ee8-97b7-4588-826d-06bacc0ee4e1	132	469	236	44	Nephi
a2cee24d-324d-46f3-bb5d-1b2f37a97ce5	132	469	236	44	-
292fff2c-a02a-4346-b2ef-ee85f9fdb31b	132	469	236	44	Lehies
a0a3bb69-3a68-4d03-98f7-5b06f52a0e87	132	469	236	44	,
1752b3a6-a53f-4e01-94d2-02a029b17552	374	469	93	44	404
163f2d4f-37c0-43dc-a6fb-adff020ea391	374	469	93	44	;
e8ec50bd-0050-4c6d-9480-d077fcad3fbe	473	469	121	44	people
5c2a4b55-f211-462c-9324-74ef031521b7	599	469	49	44	of
845dfa3b-e891-4573-8acf-d3192eb60697	654	469	176	44	numbered
a9d2667c-3e8d-407b-9e4e-4ff75fe75383	835	469	93	44	with
9c15ec96-21d8-4d3b-8f37-d54107cafed7	934	469	132	44	church
997d82b5-69b6-4b3c-b6d4-5f8b0a8b280a	1072	469	49	44	of
b4260461-1599-4073-b156-20f373ae1b7e	1127	469	88	44	God
67d11408-2437-4ded-9e10-e55fd28e804f	1127	469	88	44	,
e5e1814e-68e7-466e-a526-c8f2017d82ef	1220	469	88	44	405
f36db33d-6bdc-4df8-b2ea-26998aa43a39	1220	469	88	44	;
b61224d6-fd7c-4c07-ac52-cebda8ce3fd4	132	515	83	41	high
26277be7-81ae-4947-a8e3-d91eb20b5b3e	220	514	112	40	priest
c1fc5273-985a-42ba-8f2d-c8278aefc5f8	336	513	83	40	over
42493680-3377-4ef2-afad-080c12e5fb34	424	512	122	40	people
c12d9932-67a8-456c-ad5c-931309602b08	551	511	54	40	of
0bc52af4-860d-4a68-98b6-105e26a133bd	551	511	54	40	,
1fcdf50d-82de-45a9-a228-8880aec5ebcf	609	510	93	40	411
50e11a40-0ba8-4f67-b36e-3f19c4d03277	609	510	93	40	;
c92331cc-1ee1-48eb-88a8-54093f7e9541	707	509	147	40	Korihor
ee41e353-6a09-42e7-aede-d1d05a2f79f2	858	507	142	40	brought
05f88697-54ed-46d7-bb80-9c9c335bd75b	1004	506	122	40	before
bf7f4d8b-6cb3-40b4-9c8e-1ab1d4c9e835	1004	506	122	40	,
436e5397-8014-49f0-8c48-35f0ad327332	1130	505	93	40	411
63ef8c3c-d01b-4abc-9640-f21b4c6f63e0	1130	505	93	40	;
948e1380-41e4-4d1f-a24b-5cf51ba176e2	1228	504	81	41	goes
b286bc9e-9d56-44e5-8421-7c827ef29b7d	135	545	92	41	with
dec59ab6-5c8d-4e1a-af59-8c4423b3717a	232	545	108	41	Alma
e55635dc-9d40-406c-a8ba-2b31155f1fa6	345	545	51	41	to
0fb0374c-711a-43d0-a399-e5ff76701afc	401	545	195	41	Zoramites
f99c57c0-cf6c-4a8b-ad81-d4fff9763de7	401	545	195	41	,
6047335a-c82b-4c8e-8e8e-faa8cc4c3af2	601	545	102	41	417
b0f9cc3b-5d02-4904-affb-c6f79ff08354	601	545	102	41	;
43c4f1eb-15e9-459e-b09a-de9dfdaf8a0a	709	545	92	41	goes
ff96070c-8f89-4fee-8657-cd29dadce9db	806	545	56	41	to
0dc2bf42-619a-4438-8310-1c3cae2a0763	867	545	159	41	Jershon
1bfcbdb4-3278-409d-a47f-1168de7c0ca1	867	545	159	41	,
b0427a13-7732-4a5b-a95c-c8ab65dbcc2d	1031	545	102	41	432
ddf920f8-782a-4156-ad6f-aaad9ad24442	1031	545	102	41	;
56577b1f-0ce7-4a12-b623-a4c47d152973	1139	545	170	41	Zoramites
87c874ba-df8a-4df4-a5f2-69cf0f3581f8	132	582	102	41	angry
f386c99a-a086-418b-92bb-f3969abb21c2	239	582	87	41	with
8ed6c399-23e7-4856-8d72-2b264e45c2ab	332	582	113	41	people
ed67db82-81a4-432d-8758-170f50980a19	449	582	51	41	of
e20afce8-3c59-4fc6-9e77-e968e2f74f4c	449	582	51	41	,
86b43c44-3a88-45e7-be57-b7361b998d57	506	582	87	41	432
0ad92b53-0343-4af7-932b-126c4820855d	506	582	87	41	;
d5b5d0ba-86c7-4087-be42-f25c6cd2f6e2	598	582	118	41	people
2c8ed51e-d18b-4c4f-8c7d-b2fdf82988de	721	582	41	41	of
fa8489fd-cd40-44b7-964d-2f28e51de083	767	582	123	41	depart
bb7e1ce5-e879-4b4e-b5c5-36b16a81d251	895	582	87	41	from
ec6d8f79-e045-460a-8b14-95c9edec8a28	987	582	138	41	Jershon
a83dbfb5-f6d9-4524-8cd3-b67909de5d5a	1131	582	61	41	for
54bd39c7-5dcd-4ec6-a6cc-4ce1325c0b79	1197	582	114	41	Melek
9e695440-40bb-4111-bf89-7178411ae54d	1197	582	114	41	,
3effa742-9202-4c6d-ae62-b95e58c06407	132	626	91	39	433
29802c9e-0f3c-4693-8460-4c5a22952c62	132	626	91	39	;
d5e05ff2-726c-4628-baf8-479b0ceeed9c	227	625	143	39	returns
5598eee5-649a-43cc-b09d-b601402c4444	374	624	53	38	to
6086f88e-2273-4556-9183-29d53b1e40ce	431	623	200	40	Zarahemla
034c0f21-ae09-4d9a-93d0-675f181fd12e	431	623	200	40	,
25b2a888-94a2-4209-908d-ca5771c39a75	635	622	100	39	433
a5133a5b-9a1a-4c2a-947c-b6d3096bd1d8	635	622	100	39	;
f4fafc3d-ad43-48b8-b409-ca85b268fab0	739	620	124	39	people
9a37146a-78b0-4065-ab45-4801c4cbdf45	868	620	48	38	of
aafae830-1c0e-43b5-8722-96407c14e316	920	618	162	39	defended
a5358901-684d-4159-8d8b-3fc699569a7c	1086	618	57	39	by
7ac8b692-6705-4507-bb44-9d914f920762	1148	616	164	40	Nephites
a4c3abd4-361f-4c4d-90ca-4fb6a7e675e6	1148	616	164	40	,
d9427090-237b-4612-803e-b83f32546b23	132	658	88	44	457
9b0fcb74-852f-445a-860b-9955f7a96367	132	658	88	44	;
14746a97-8333-4d7b-881f-e6cd03cfbd8f	225	658	88	44	gave
a80dbed9-bf80-49bd-a7ee-bf561eb140ac	319	658	44	44	of
4e2ffe80-d029-49ac-8373-fa59007baa87	368	658	176	44	substance
853ba64f-9cc4-4177-a781-c6bc3a21dd84	550	658	49	44	to
2fbbb12f-c2e6-4bb9-a1e7-1a3163d73993	605	658	165	44	Nephites
2efbe8cd-b829-4e4d-ab4f-1c715732834e	605	658	165	44	,
7ee71d58-c499-4822-a577-2b77c7ad1ceb	775	658	88	44	457
562ca890-40f0-4282-a876-79ffc981d287	775	658	88	44	;
fcb05bda-c66d-4a70-8a5c-30b18a6bac6f	868	658	121	44	people
d6ace5f7-e0cd-4afa-a30e-0338be44af70	995	658	44	44	of
0323c5f2-2ef1-491f-9945-7a8145f74cb5	1044	658	115	44	joined
381c9a50-9ff2-4242-b719-a36e03476e92	1165	658	49	44	by
df2dba7a-cb9f-4a1c-be9c-8d44a0b52b5d	1220	658	91	44	serv
27ced654-0360-4bf0-85d7-8f1c99d20449	1220	658	91	44	-
3214d833-ef22-465f-b267-3ed5343fcdec	132	702	90	41	ants
ad5c7a3c-8500-4568-a76d-68e5e61f9985	227	702	45	40	of
de0c11fd-a692-43c8-b3a1-e9c28516ff7a	277	701	95	41	king
bd14ecdc-9781-4a93-8958-7b75bf0fd996	377	701	50	40	of
b23f753a-0862-4a31-bdb6-3e732500111c	432	699	200	41	Lamanites
3d15442b-2671-495f-9198-bc376344c03d	432	699	200	41	,
3c6f08eb-9a2d-49c0-b3b6-5a153eff768f	637	698	95	41	476
6877c2c3-3c0a-4986-9a21-5ef24c4dc49d	637	698	95	41	;
a4b468f1-0617-42a3-a94a-9ef62fc41e57	736	697	135	41	Moroni
15112fa9-b98d-426e-a79a-ee0acd2c536b	876	697	80	41	like
a0bce146-23bd-4469-a013-e95baa0683fc	961	696	100	41	unto
eb30a1ca-54ed-4e31-b932-3addaa73b910	961	696	100	41	,
0b3e4075-c808-46ae-ba6d-a48a0f2de672	1066	695	100	41	480
01be9771-5247-4bf7-b3ee-0f9a8873249f	1066	695	100	41	;
28b45f0b-e186-4a70-b95d-90a294d38f72	1171	694	141	42	declares
718a8b7e-3a1b-433b-9030-8c22274b97c6	135	740	93	40	word
5a24067c-e01d-41d7-a284-8437e358f7a7	232	740	44	39	of
44c00600-2f31-4ef4-bf33-fb29cba65a62	281	739	88	40	God
ef94c354-9f3c-4ad8-9a20-cd05e2a47b82	281	739	88	40	,
9c884b2c-9802-4d44-b22e-c36003fc6198	374	738	88	40	484
5ccaffe3-6633-4eb8-afae-b998ff0df99a	374	738	88	40	;
d89c3d98-2a7c-427c-b17c-79ea9f9086d3	466	737	122	40	people
09a33592-a39f-4bc5-b30f-dda1038fbaca	593	736	44	39	of
11278895-c3fc-4c5d-9cc6-c09fa7e87315	642	735	176	41	persuaded
387ec72a-1db9-4239-b0a5-2d32d325ca31	822	734	69	40	not
ddae56a8-a994-49b1-b523-6c6fe61e4af2	895	734	49	39	to
0f189d19-3a04-455a-94a1-380ddcc70daa	949	733	83	40	take
3e4b0fe2-b4e5-4872-83c0-f1c25908e6e9	1036	732	93	40	oath
ed910b55-5552-4ac6-810e-d021da59e5db	1036	732	93	40	,
de7f5848-40d4-47b2-b783-6b11ad3f7966	1134	731	93	40	501
7c0628d5-8fe4-402f-875a-057d99c3810a	1134	731	93	40	;
ef933863-91dc-410c-9564-3b1ad4c11913	1231	730	81	40	sons
89e1deef-0a72-46cd-b33a-329bc19fabac	135	777	53	36	of
022a4f56-2e0b-4393-92ce-4e82248b5357	192	776	127	36	people
0b09819c-c09a-4450-b6c5-d7a12de677dc	323	776	57	35	of
b01ee891-d6b4-46a8-9851-cf42c47a3f0b	384	775	92	36	take
dc0c89cc-cb90-42d2-9d32-6f53a0c4db1b	480	774	114	36	name
da936fb3-d277-4edb-b906-6cd11fdd3982	598	774	57	35	of
ba46cd62-52a8-4a04-bb17-4323f07e450c	660	773	162	36	Nephites
6bc9abb3-fdc9-49f9-a2cb-af3e1e6d29b4	826	772	88	36	and
44d711a7-6e4b-4b30-8bd3-e3094ae5202f	918	771	171	36	covenant
26bcd696-3ae6-4135-bea3-b50396feded2	1092	771	53	35	to
0c10f88a-9c7e-47b4-9a9f-7faad0efc441	1149	770	101	36	fight
a80ed6e5-92a0-4cb9-9b77-1dfbe3f7f390	1254	770	57	36	for
b42088e5-3445-4362-872f-6fad93a173f9	135	812	166	38	Nephites
622e045b-648f-4973-9945-fc8ea19e3d19	135	812	166	38	.
31e166dc-9198-4b1b-bc28-9cc4530bff03	306	812	104	38	502
641f83be-d0ae-4022-9d09-837eea2a7213	306	812	104	38	;
c4739f0b-f11e-4929-ae8e-a472f31e925b	415	812	95	38	sons
ff108fb2-66a9-4d6d-9a1b-83f0621c56d5	515	812	52	38	of
b1afd89c-01db-47be-aa5a-b30f406053f3	572	812	128	38	people
6876ffc0-3ae3-487e-86c1-c1786f2a35d4	705	812	57	38	of
1d24beb3-9eb8-4516-9c75-b33f13ae5b70	766	812	128	38	choose
a144eadd-6bc6-4d27-99b0-94e9632500a7	899	812	151	38	Helaman
12459d11-9045-4ab7-8ebf-25861dd5b973	1047	809	24	32	i
a2addd23-25ed-462e-8c5c-a3354c904d2a	1075	809	56	32	to
4ddb852f-e153-41e6-8a47-0e878ad9f666	1135	809	56	32	be
49a27faf-eb91-48dc-87e8-ffc0c5d23e0b	1195	809	119	32	leader
7b3aa3ae-a55d-4930-a7d3-2fe54c5b6440	1195	809	119	32	,
ef2b236a-ac3e-4fa6-8e5f-ba4e328e83a1	135	853	75	41	502
7a843f9c-ee17-4085-a544-1b62be009d1d	135	853	75	41	,
d8fa9ae8-dfd1-40a8-aebd-c45747b51fa5	215	852	95	41	509
22d01f19-c005-4561-b68f-fb7165a3e80c	215	852	95	41	;
da1af1e5-ef4d-4edf-954a-05e80457344c	315	852	90	41	sons
26cebfee-f18c-4b50-96a4-c0d887f368f9	410	851	50	40	of
fd68d4e9-3a51-43ed-a313-a1bbcae409dc	465	850	120	41	people
6254d3ec-bb9b-48d1-9ee4-9ded120feff0	590	850	45	40	of
b1d54b6c-20b6-49c1-95e8-69518fe4b194	640	849	120	41	defeat
d6dfcc12-46d2-4b79-bed0-91fdf575a819	765	847	195	42	Lamanites
6d6f8d09-f284-4a2c-8e10-49f836dabb79	765	847	195	42	,
0c1042ca-c456-426f-9a98-88ca312a9e57	964	846	90	41	514
9e5cb387-60d1-47fb-b486-253d2c742a1a	964	846	90	41	;
a6e8c69f-b137-4591-b268-01bbea74b7f4	1059	845	100	41	none
4e532a0b-1e59-4b42-abba-e4f3cad666e5	1164	845	45	40	of
455f4b68-ce13-444e-b895-04da3f0f9b43	1214	844	101	42	slain
0d06d3da-2f6c-4532-b3d3-2b627f89f022	1214	844	101	41	,
b0f490c4-d9a7-4127-bb24-b74a60793da7	135	891	93	39	515
d4ae4964-5873-4a93-8617-4bbc642ae706	135	891	93	39	;
326be18b-01d4-4264-9b8f-c9d8c188e81e	232	890	57	38	all
0adbd046-0d45-49fa-833d-1d5a46873938	314	890	167	41	wounded
ce976221-744f-4861-b072-fd1876d0279f	314	890	167	41	,
497b0bee-1dad-4e19-ba99-d677e4228d4f	485	888	105	39	none
9c2a8c18-55d3-4350-977a-8499562434f4	594	887	110	40	slain
e1cc2aff-ee43-4455-99c3-06cab45e233c	594	887	110	40	,
b0b13718-b35e-4561-b57f-226054bdfc36	708	885	105	39	518
71849c77-d3fe-4fae-88d7-27bd47a3b7b0	708	885	105	39	;
d585908d-865f-47c9-923c-9710032e4898	817	882	176	41	Lamanite
0f694562-0d51-47ed-92f7-52e225b3c51f	998	880	176	41	prisoners
33ede8cb-3624-410e-95c2-6d21e2b19fbc	1178	878	91	39	sent
e34485e0-1043-4381-902a-d0afee3e3224	1273	878	39	39	to
9c196b12-ec44-42d9-a004-4a043add91e2	135	922	102	41	dwell
d2044948-84fc-42a2-8726-9f7d506b3419	242	922	87	41	with
a044c5ef-a1f1-452a-976c-7e764d840039	335	922	118	41	people
d4dd4123-027f-4a0f-8949-a6ab3582e964	458	922	56	41	of
102efaf6-03da-47b4-bcf8-5730f71700b8	458	922	56	41	,
30b1b945-16ef-48ac-ab3a-1da34d1eb9b9	519	922	92	41	535
0227cf02-5f2d-4f5e-9d66-7afa6a67ff85	519	922	92	41	;
72220143-2dc4-4e23-90b6-8097401c1091	616	922	169	41	Lamanite
9aef2abf-f175-4e00-ae29-3593064ddbcf	790	922	169	41	prisoners
091f1e4d-3146-4cbc-a1e1-8ab8905bb2d7	965	922	77	41	join
6f311784-07fe-45d3-add7-26ed1a2db0cc	1047	922	118	41	people
c2e7ca5f-d8f4-4a01-99e4-b9e06c3d3c96	1169	922	56	41	of
f7a3a488-09d4-44fe-8112-75087b77e006	1169	922	56	41	,
1b1d6b0f-1bba-4a0d-8e9f-4dd54c206566	1231	922	61	41	537
d98022fb-b9a4-4101-afa3-157fe38dc94d	1297	922	17	41	;
9c3e8290-847f-4e9f-9a36-f2dd3b1d6d53	135	963	117	41	people
23abc4c3-672e-4ec7-8ff7-f98fb8d5c51d	258	963	41	41	of
df32d2ec-44da-4244-ad8b-efc90c9fba9b	304	963	51	41	go
2ce2c070-4ffa-4911-903d-0e0aa0adb37d	360	963	82	41	into
b8b4b428-2bc4-4278-b645-5e8df5716d7a	447	963	82	41	land
d9495625-ed75-4a1a-967c-e0011aec2241	534	963	200	41	northward
3c471c8f-a556-4090-a52d-27274fac4632	534	963	200	41	,
d6ad3f39-9cd8-4d5a-b4e7-9de0f0fed176	739	963	75	41	519
2904a9a6-03bf-4578-b10b-4a4c472649c1	739	963	75	41	.
b9f65371-1d58-498f-bcf3-3e2d8cc55405	101	998	215	44	Ammonihah
2928b4b2-e01d-4010-972c-6c948c06e447	101	998	215	44	,
b9cdbee9-75d4-4dab-bcbf-fdae66f8c15b	321	998	99	44	Alma
42b1dc73-da4c-4532-93d3-d01ca85f7f98	425	998	154	44	preaches
42c5e161-bed8-4b8b-9a34-25dd97200f9b	585	998	99	44	word
bf78fae7-c1fc-4351-bd73-7c67e0301f76	689	998	44	44	of
ffea8932-4d48-4cae-9aa1-345385ed12b9	738	998	77	44	God
7fc4a5c0-8db4-4ccb-a650-6ce6cf84d2ef	821	998	55	44	at
f45a3943-35a8-4c12-a23d-3c53c5af3b5c	821	998	55	44	,
f83a933c-6e89-4323-a629-af6fc35aa846	881	998	82	44	327
56a9a617-335c-4f60-85cf-2c2e7e773e0f	881	998	82	44	,
270f9025-bc13-499f-89bc-00062ea040d7	969	998	88	44	330
9505084f-4c62-4b0a-8dd8-ace8b2893908	969	998	88	44	;
a0c3d1fd-53e6-4458-8f60-0cf32b0374e6	1063	998	121	44	people
67c97a88-570b-4856-ac16-47b35726a0f9	1189	998	44	44	of
687c1981-c162-4ed5-b9db-07fccbfad893	1239	998	76	44	cast
970bcfe8-e4e6-4073-8e86-9b3f0691a989	141	1042	115	42	wives
9c3fcd37-daab-4ad4-96e1-6bd3ca4ffa95	141	1042	115	42	,
38c83a58-745a-4b7e-b596-707b3640a21e	261	1041	165	42	children
ac58097a-1d65-40f2-85be-31eb44a66094	261	1041	165	42	,
bc4e13a2-bec9-4c0c-9776-a9c2cc233bca	431	1040	85	41	and
aa99fffb-9e57-4aa1-9938-9c72444c38d5	521	1038	140	41	records
98cedc11-37ba-42f3-9eaf-b21459e93dce	666	1037	90	41	into
cc956e12-0bbf-4945-8bef-7c7180339187	761	1036	85	41	fire
e65e7211-8864-4612-a3fd-4b42488fd7d9	761	1036	85	41	,
00d9deb0-06fb-4c8b-a187-083dc7b671a0	851	1035	95	41	353
53b2fba6-603d-4281-9bfd-d759cbf96539	851	1035	95	41	;
ddfb7461-07e9-402b-a0ab-3d77f312a238	951	1034	130	41	people
b3eaa5c3-2482-4e46-8490-f116f237771e	1086	1033	55	41	of
ae2704b4-5022-46ff-92e9-92025586c4cd	1145	1032	75	41	flee
257408b1-0975-43d0-a8e6-bcfedc092b26	1225	1031	86	41	from
9d0d8160-e2c7-4a88-8c85-865e69b931d1	138	1077	110	38	Alma
ee26ca6b-f6dd-423c-877c-952a8da0d066	253	1077	88	37	and
b557a7db-e6bb-42d0-8f06-ca3287353dff	346	1077	153	37	Amulek
31da51cc-e75c-46dd-90bc-e0b70f9d8fd9	346	1077	153	37	,
088e4bb1-5cfa-42d2-aeba-b7fcbb2cbb4a	503	1077	106	37	356
840762f0-78bb-4dd1-a99b-0c0e2982ce74	503	1077	106	37	;
e5ffb817-c73a-49a8-ba8b-22b3e580bc5e	614	1077	111	37	Alma
a2220958-d3a3-4051-82f4-4711747685b6	729	1077	69	38	and
0dfca8d6-48e8-470e-9d2c-7ce8e60dd1ed	821	1074	152	38	Amulek
2be5a119-1762-4f3a-9760-99bb107145d7	978	1074	129	37	depart
bea3002a-d5f9-462f-a7a7-7c2056efbd5f	1112	1074	111	37	from
cdcd7ab5-52ea-44bb-ad81-9da265e3cfe6	1112	1074	111	37	,
90be31ba-b5f6-46da-8eb0-f1b6d5ee0e6f	1227	1074	87	38	356
2a891844-b6e5-4dce-a6eb-eb11e954150e	1227	1074	87	38	;
959a15a0-904d-4863-a0a7-2cbcc9db911d	138	1118	116	39	people
dd6b5a8c-a436-4327-a3aa-e793fd454f8e	258	1118	51	38	of
59e8aa2d-eaa7-47df-9f1b-30b5680abb07	314	1116	121	38	repent
118f83dd-36db-44cb-a8b0-b30a67ad9cc7	438	1116	79	38	not
d4361362-01fe-45a3-a584-fe85c5f1fae2	438	1116	79	38	,
d2989bc3-a29c-4858-991e-3ed34e8f9008	522	1115	97	38	358
1915213b-a3c7-4575-b0eb-efae4df173d9	522	1115	97	38	;
0d89d379-ccf4-4765-9fec-c10d5605f2e3	623	1113	121	38	people
941ca595-a35f-4767-94e8-73f316100f91	748	1113	47	37	of
a724c430-a958-4e90-918d-e1788be147ff	799	1111	176	39	destroyed
6e24fb91-7bdd-43f7-8ff1-c93c56b8cd2e	979	1110	56	38	by
6e33056f-1378-4c1a-a594-d2064d1b7f7f	1039	1108	194	39	Lamanites
a0d2a15d-e88c-46d5-a5ab-0d3c4394183f	1039	1108	194	39	,
6f27f448-20ab-4370-be4d-684d44fd5ebd	1238	1108	77	38	359
bc7696b9-7657-48bd-ab43-54208322cb59	1238	1108	77	38	,
4c7e2c36-e314-4bd4-9ba6-72975df3b66d	138	1158	81	40	360
3d6ac8f6-9aa1-4665-ba65-4a28f8e9ef8f	138	1158	81	40	,
d79a510a-3c5e-4b19-af89-bc048ba652a3	223	1156	100	39	395
f1ab9109-3594-4c54-a7e4-0047a8a483c2	223	1156	100	39	;
0d6c3f56-65b1-49d1-8249-8281921d6c06	328	1155	119	39	called
8ddf5c82-f813-40e2-8161-53a7dedc4298	451	1153	200	40	Desolation
eb9588c0-dad3-4035-8bdf-d79cae1f8408	655	1152	53	39	of
e2c34e93-3a60-4ced-a191-891ef84b558e	712	1150	143	40	Nehors
487ec5b3-198d-456e-ad1f-fd9ea81bec31	712	1150	143	40	,
c53553d1-dc12-43d7-aa58-9f2ffb2207a0	860	1149	100	39	360
d67f3183-aff2-423c-af05-9166fb76ef23	860	1149	100	39	;
b1f5dd6a-8f3a-41a2-bad8-187efe0a895f	964	1148	86	39	city
6e687f6d-7bd6-470f-86a1-8979549365cb	1054	1147	53	39	of
5eb0e4c7-5d21-4f4b-9ae5-b53eb76842af	1111	1146	133	40	rebuilt
a672477a-c657-445f-8a68-0f7bcf6aa19a	1249	1145	63	39	and
75e4d0de-174f-48c1-9884-806919f60a0e	138	1194	145	42	fortified
9e0d3433-f345-41d8-a5d7-a05e9c60552f	288	1193	55	41	by
7fb3bd37-c7ce-46d0-b2e2-3c61f4885695	348	1192	140	42	Moroni
e2f2e2f8-be1d-4f06-bb17-3e346dd849f7	348	1192	140	42	,
e44411eb-969e-413a-8bb8-10bc58c5a8fb	493	1190	95	41	481
8f6719c8-ebe4-460e-8d8e-646ad94b9398	493	1190	95	41	;
64017b98-8ab5-4101-8da8-e34967d6e32d	593	1188	190	42	Lamanites
ca51f5c6-48f3-4170-9cbd-02d7bc16ff04	788	1187	120	41	march
dce10774-fd8e-4820-b35d-8eb1c3f64b05	912	1185	145	42	against
88e3574c-8957-47c2-a2f8-4658545dc0c1	912	1185	145	42	,
3b0a4a1b-ccb6-4883-a179-0ab7f05ff844	1062	1184	80	41	481
51a4e077-2727-4bc1-b8f6-3d6208e1f5ba	1062	1184	80	41	.
8ff9b2d3-a591-44a9-9197-71e8263996c9	101	1231	185	41	Ammoron
0222c5fa-74fa-41ca-90a4-fa63a667df82	101	1231	185	41	,
e03c2869-5b5f-47ea-a324-27689227aa31	290	1231	172	41	appointed
8d1af114-e7c9-4de7-a220-80a2a9f80211	457	1223	106	45	king
30f1e449-199b-48bc-b1e1-022399c095a4	560	1225	82	41	of
ad108316-bd03-4785-9341-753fdef7fd96	647	1225	200	41	Lamanites
c0d077f1-4f6f-4596-9e83-024e0adab6e1	647	1225	200	41	,
3a68fab1-9b65-4b62-8bbd-97e05a2b1284	852	1225	97	41	495
b0cdf5a3-ea00-4b89-a6b4-18f2fb68eb68	852	1225	97	41	;
e1cb149c-1a5b-4371-afbe-f26f031f2420	954	1225	149	41	attacks
2038ef08-77f4-49c0-adf6-75b849de6c81	1108	1225	164	41	Nephites
ed3bdf67-cdb5-4a39-ab50-fc7c1464f44a	1277	1225	38	41	in
8d9b689a-ca23-43c1-a076-e552b6a6d18e	138	1270	142	41	borders
258b7357-8ddc-4dff-9da1-982dd14a8f3b	284	1269	59	40	of
4b5d5a12-f8e8-4377-a471-3155ccabc140	348	1268	98	40	west
5a44c834-f920-4c8a-9c7e-148b717ae7e0	450	1267	83	40	sea
a10bd1f0-2ee3-4e0d-aaec-f675e11f4465	450	1267	83	40	,
3c736b30-291d-41a0-bb21-caedaa0fd5eb	537	1265	103	40	496
004b79b6-8122-48d1-8ed1-7b42ebcc8024	537	1265	103	40	;
80cdea16-df25-4931-9554-604c1213e36c	645	1263	166	41	proposes
0c57d3a1-dcc9-4cd6-b429-32f8ff22fd42	815	1261	176	41	exchange
5bae19c5-db8e-4137-9b1e-bacb58addfbb	995	1260	54	40	of
c832e8a9-6665-40de-8899-621611a58471	1054	1258	176	41	prisoners
16aad6b2-1a48-4632-a35a-db2ed8921e3d	1234	1257	78	40	with
af079fa1-65d2-4131-b8a7-e774706c35d8	138	1300	131	44	Moroni
793935a8-00a2-41b1-ab7f-0864a1aa0117	138	1300	131	44	,
e20af0ff-2523-4f50-96b2-599200788c9e	275	1300	93	44	503
5d5a2a31-63f0-401d-826f-44da58e1769f	275	1300	93	44	;
7ef5c01a-9c15-4611-8daf-01e74021b880	374	1300	126	44	epistle
d5909ce1-b04b-408f-8913-c4659ee2c3fa	506	1300	44	44	of
f851df92-d2ba-4830-9202-1ae110953d81	556	1300	132	44	Moroni
d977f502-998b-4ef4-aba2-dc334842fe07	693	1300	55	44	to
3aa993f7-4954-47d2-97df-16efc2fdbbb6	693	1300	55	44	,
7e247866-bceb-4425-870c-a27c5d8003db	753	1300	93	44	503
048e5331-28d6-45f8-80a3-979fa8f35a4d	753	1300	93	44	;
a1283165-31af-4a84-b30c-765574bb1162	852	1300	121	44	epistle
6c327f78-6a29-4d6a-b6bd-ad5caa712a8f	979	1300	44	44	of
1ce37708-21e6-4bb9-901a-9c1a228555bd	1028	1300	49	44	to
7745e470-97b2-45bd-87a0-8202a3f09053	1083	1300	137	44	Moroni
2b6b6ef5-0109-4c9a-999a-70b704979912	1083	1300	137	44	,
feb54a9c-59b6-499c-9433-4bddfa3f090a	1226	1300	88	44	504
d5d968da-483e-468e-8bbd-fc551f0f6932	1226	1300	88	44	:
5b245ef3-9c5f-4213-b49e-3b1c7ef4c93f	138	1338	112	41	orders
29c21e57-f408-43f6-a994-34bb20501a8c	256	1338	184	41	Lamanites
44f99ec2-e958-4f38-b23d-3ef11b4e5d0e	445	1338	67	41	not
752cca5f-ed89-4834-85b5-ab0482f1bcfb	517	1338	46	41	to
363f328f-3a29-410a-ba7b-bc27384be6a3	568	1338	118	41	attack
75eff199-7faa-4759-a717-167c22142d6e	691	1338	118	41	Judea
78365e8e-b8f7-42df-8c9b-ab110ea06dc1	691	1338	118	41	,
ab0711e7-0d1f-49af-b79c-560d82eb7dc3	814	1338	92	41	511
c30652e1-954e-48c3-8464-1c38e8bad83f	814	1338	92	41	;
363809e4-0349-479a-8d19-494d24a2e295	911	1338	128	41	refuses
8c1b8da8-85a2-4228-beef-acc04bc46ee9	1044	1338	123	41	epistle
a19e45ba-b43b-4c17-bb1d-f821f1a920c1	1172	1338	42	41	of
416c286f-f559-47c3-813e-23e6c098998b	1223	1338	94	28	Hela
4c9a2d4f-d005-421b-8f98-b97c0f2812da	1223	1338	94	28	-
37f629f0-9447-40d7-8297-94ce9e454428	141	1385	88	42	man
2889aa1d-e475-4923-a9cd-45482729f400	141	1385	88	42	,
0b8393c9-8a54-47af-96bc-adbded32f68a	233	1384	93	42	515
880936e7-b9af-4d21-b288-a390719c759b	233	1384	93	42	;
f607a9d1-05ae-4949-a8dd-d6d5c43cc5bb	331	1383	93	42	with
4f797322-08a0-4f4a-9d1c-cec9fefe1f8b	428	1382	103	42	army
334040be-a5d6-4f46-a1e4-bc7bbfb96f84	536	1381	47	42	of
73900f30-0255-419c-a125-d6249557dd2a	587	1379	190	43	Lamanites
341488b9-f48b-4264-9af6-e42d0ea67821	781	1379	52	42	in
20cc0558-cd5a-459a-b359-5624e5672d98	838	1378	88	42	land
c707e092-2d47-4a93-8c83-301937c627f9	930	1377	47	42	of
30f7ee08-41de-4b6f-9fd0-b7860172e406	981	1375	144	43	Moroni
02fded78-a9c0-4676-ba6d-e1dbf84d9295	981	1375	144	43	,
c3e5a671-fb1c-4e5c-b6a3-4fb56c7e79df	1130	1374	93	42	537
f3b3a922-ef53-4d29-a2bd-03a4770a9cfe	1130	1374	93	42	;
e16549e1-d1c6-4cf2-a748-1050148caa34	1227	1373	88	42	slain
d4e94c2e-babd-41a4-a402-7125d5a4ae27	138	1425	51	42	by
6cca7a3f-d01c-4a54-b88c-6b15b1104204	193	1423	170	42	Teaneum
7ab3f7c8-0595-4cd9-9d3c-a90e2e0531e4	193	1423	170	42	,
68b26b3f-0408-4291-a0ef-aa452672cfad	368	1422	91	41	538
73c12775-0395-4bcb-a2fd-031cfb1c3181	368	1422	91	41	;
447b8f43-6e60-45df-9148-cd1ec8304d99	463	1419	175	43	Tubaloth
304b72fb-32be-4395-8c7a-330684b0dad9	463	1419	175	43	,
458996b5-9ec1-41f7-9a86-e36d45987a81	643	1418	71	41	son
26409286-2d54-439a-8bcd-0844437335a2	718	1417	56	41	of
16095e2f-a881-495c-9ee0-341aa723a8c6	718	1417	56	41	,
42fc39d6-00eb-42f2-acdd-f693264ddee2	778	1416	81	42	544
8968cdd9-5fcc-46e5-b4fa-c043c89ae7d5	778	1416	81	41	.
53f610db-7c92-4b64-bb96-465f1acf6e6d	100	1459	180	43	Ammoron
8877c944-aacc-4a98-94ce-561e55a7c25e	100	1459	180	43	,
23187985-2044-4c90-bf27-40dbb33261be	285	1458	134	42	brother
5b8ddda9-29ae-4af9-a518-3f24be6c5085	423	1457	46	41	of
d6972d89-af99-43de-9ec0-5d6aed817d8d	474	1456	108	42	Amos
c3170030-a1ab-4545-b99b-ac647561a630	474	1456	108	42	,
78a4ab54-cc29-4831-94e2-75a8566c2150	587	1456	103	42	keeps
afb7aef3-0ec7-4dba-9aa0-66a41ecb00ef	694	1454	139	42	records
d0781ad6-1725-46f2-a43b-e9be0ae172bb	694	1454	139	42	,
595fff78-8fdc-4a15-ad92-199e33d5bede	838	1454	93	42	686
06d67c75-0fcb-4f00-9c2c-3ba89ca6764e	838	1454	93	42	;
e03990dc-a2a4-4d16-aa83-e62b82b31d74	935	1453	98	42	hides
dea41d6a-eeb9-4dc5-850f-89c032343ce0	1038	1452	52	41	up
67e4708a-3505-4697-a193-34f2b732fc20	1094	1451	144	42	records
c9b0a671-ce9a-4377-8da0-e10b4346bfe4	1094	1451	144	42	,
e60a43c3-12a8-4713-b686-f67c17430336	1242	1450	76	42	687
47f51f5e-b209-477e-88c3-18abed36772e	1242	1450	76	42	,
2a11ee5e-8c50-4173-b525-d17f0510a1af	138	1499	90	41	691
61d6700d-4618-4669-9231-8a448f11c199	138	1499	90	41	;
7b9a7d12-6a82-45b4-8ea1-7ca6e33b4c58	233	1498	75	41	end
f3c5bb26-1067-4202-a004-36b685154daf	313	1498	45	41	of
dd8158b9-b9c5-441c-900c-46104119ac88	363	1496	125	41	record
b2f3eed0-3cc2-425d-998a-a6307903df3f	493	1496	50	41	of
6ab2c8e4-ab83-4c61-be8d-d06a063a70de	493	1496	50	41	,
dab5b569-b243-433d-a2f2-5836817de37e	548	1494	95	41	687
eb6502ae-4732-4e7e-8848-cfad746c28a4	548	1494	95	41	;
0853358f-5651-479c-a3d0-d9127c7c6db3	648	1493	120	41	speaks
f8d2421c-9f53-4c95-b7a3-97628658b335	773	1492	50	41	to
3a9379e4-4dea-406e-8d7d-e8f56adacfe7	828	1491	150	42	Mormon
a8575bdf-487d-4286-9c77-e000d97bc1ad	982	1488	195	42	concerning
3da78a16-a9f8-4048-9c29-d0002f5003eb	1182	1487	136	42	records
98cba85b-9df1-4aa8-a5bc-8ff8318e3f60	1182	1487	136	42	,
747f3a5c-74a9-4d75-9013-e866b4773f80	138	1530	66	41	687
67e5d1b7-262e-4a2d-88f9-87f917a10029	210	1530	15	41	;
f8ce6744-02f6-4299-a7e4-ae84ee583da8	230	1530	133	41	records
c576b0c6-ac0a-48da-bd00-9a53e6da8eeb	368	1530	61	41	hid
20cbb9d8-9c59-4235-88f6-ea4e7cc8c6f1	435	1530	51	41	up
3e345b7c-73a3-4952-bb48-45e588d329bb	491	1530	51	41	by
16fc0812-ff91-47cb-b417-2137380afc60	548	1530	102	41	taken
c7326133-d761-4b0b-9ade-f7d67a7f4d15	655	1530	51	41	by
d443a97a-dbf2-43bc-a9ae-c6a85519cd22	712	1530	154	41	Mormon
1bd9288d-05f0-488d-a3fb-05e70f1eda45	712	1530	154	41	,
776f29bf-ba9c-4f1b-bd37-12cf99a7745c	870	1530	76	41	697
94264884-af8d-4dfc-8f27-ca71c5de2812	870	1530	76	41	.
09f9516c-7a10-4b3f-9879-e7b2253affef	101	1568	226	44	Amnigaddah
c0b41003-5947-4afb-801e-1555050fcef7	101	1568	226	44	,
b61706bb-3c33-46a7-ba1c-6abde427e9c6	332	1568	71	44	son
6d950afb-5cbc-4f71-9789-d0c4f4b0854c	409	1568	44	44	of
8d4aeec3-c0eb-4c35-85f7-3552cf4291bf	458	1568	126	44	Aaron
0b989bc0-4cbb-4abb-ad82-64f0893c7d55	458	1568	126	44	,
2237b4a8-db7d-4c6c-a424-521456f9ad97	590	1568	82	44	714
64290018-3c5a-419a-8572-ba6f16f90bad	590	1568	82	44	;
03ed75e4-e08d-418e-9587-60eca90807a4	678	1568	121	44	dwells
96d9e291-236e-441c-9ede-15e5045123a1	804	1568	44	44	in
1cd04c8b-b9e1-4798-a576-e139b9fee651	854	1568	170	44	captivity
eee60317-617e-4b9e-8597-cd87387f7385	854	1568	170	44	,
758b212e-6639-49b8-a4e8-4b59ba94809a	1030	1568	77	44	743
be305cdf-f452-482e-b1a3-f873b0607117	1030	1568	77	44	.
4e047c50-c80c-4e9d-a0b7-8f53925fc1a2	101	1612	149	41	Amnihu
a70a25e5-0746-4e30-b540-47b9e4c17138	101	1612	149	41	,
522c9ab7-9866-47f4-aaa5-67f4fdfbd056	255	1612	77	41	hill
73899cdd-ab71-416f-8c52-f09d9b3f4d75	337	1612	56	41	of
137f66c8-87f5-464e-9a59-62315c34ca8c	337	1612	56	41	,
92bbf997-84e8-444c-a9ab-f9c04e6dca9d	398	1612	77	41	304
38d9c721-44a4-42d8-b2f6-07c69750ec25	398	1612	77	41	.
c5285071-d08d-4b89-ad27-3c1cfbfdf72b	100	1651	130	42	Amnor
d2c00875-a60e-4d17-a566-db24ed0b6698	100	1651	130	42	,
d6404eb8-11a9-4bc1-b6a9-45e3264a81f2	235	1650	75	41	spy
53fc57a6-8f17-4e20-884d-b9f652216f9e	315	1649	45	41	of
e853b791-3a6f-4ad9-bb38-40207dc11dc3	365	1647	170	42	Nephites
1604968d-e179-41d7-ab1a-696e2cf0bc19	365	1647	170	42	,
d9dc6319-f4b6-40d1-b706-01a8c6518294	540	1646	77	41	305
25c21aaf-0274-4218-9296-e0f332406607	540	1646	77	41	.
51523eac-a2a8-4262-8683-72cda0a749f4	101	1687	138	38	Amnor
fe99ebe9-a7d0-4561-9147-4ff89927e079	101	1687	138	38	,
584081d0-4edf-4e42-969b-99aec0960c18	243	1687	47	38	of
edeb6280-b629-4ea5-824b-ea672dcd72f2	296	1687	114	38	silver
d30b523e-1e80-448d-b5d8-c7ed21c411a4	296	1687	114	38	,
a44e119c-500b-4a24-9e84-21f0d8411264	414	1687	80	38	339
5e94d0f4-c1e0-4753-b81d-b68b2364365d	414	1687	80	38	.
2d6ae904-40a8-48ec-81c6-ab5cbf10ead9	103	1727	110	40	Amos
5d6b6b9d-f911-4ba3-b2e9-73ba938903dd	103	1727	110	40	,
d303fcf9-aa64-42d0-9f81-34f368ba1c8d	217	1726	72	39	son
b91724a4-b8a3-47d5-8ae0-2f1a4f0b4cbb	293	1726	48	39	of
594a99ba-4bcb-4927-bded-1be49b2c3dd6	346	1724	114	39	Amos
636e0dce-ef4c-4df0-b2e7-8d7e6589448b	346	1724	114	39	,
5a41fb76-1e30-463f-8604-2e2f1f141501	464	1723	105	39	keeps
946baaff-68c3-43b5-ab66-d566486368f2	573	1721	129	40	record
5ec6cd6d-ea1d-48c9-8103-ae343eb05a2f	573	1721	129	40	,
c5d0bac8-9c74-4858-bc6c-c91d0b7cd9a9	706	1720	91	39	684
2d8f3ba0-e13c-4cd9-9cf6-fb1185413645	706	1720	91	39	;
563ad4e5-20ac-45ed-a1ff-a2bdcde07be5	801	1719	124	39	record
454c4c41-fa8f-4588-b895-13981d595ab5	929	1718	43	39	of
38823395-22ff-4e0f-a358-18a88d876f8f	977	1716	138	40	written
eff7f026-53c3-4e92-91ef-8012c29b2046	1119	1716	48	39	in
33e96660-cf9d-4106-82b5-3118a814e79c	1171	1714	100	39	Book
5cdbc1be-9bfb-41df-bf3a-22cb75c5acd4	1276	1714	42	39	of
0d77368b-8407-4148-9e6c-ec39bdb4d0e5	142	1763	114	38	Nephi
934bf8c6-c626-4e29-aafd-bce1fa3805e4	142	1763	114	38	,
06da0c2c-4a7f-4053-b706-3c678bd5869f	261	1763	66	38	684
d94695b7-9518-4f4b-a3e3-f02e4d80f084	332	1763	19	38	;
e64a40ae-358b-4e6f-a80e-8b12161a2e76	356	1763	85	38	dies
0a8c4323-e009-4e79-a903-be2440c70890	356	1763	85	38	,
7a2895c3-3f56-40e6-8c4d-de7fa6ef1874	446	1763	76	38	686
32b92135-e5ce-43dc-bf7d-fa547664a70b	446	1763	76	38	.
dee6c849-d165-4aba-8b60-55e512a2411e	100	1802	111	44	Amos
db0603be-ef0d-4367-9b41-df91393540b5	100	1802	111	44	,
bd3e5dc1-7898-40a6-8ed6-0cfb0c6b49b3	216	1802	63	43	son
0d1057a2-9c29-48ec-9739-bd2ba863aa81	284	1801	48	43	of
c169dd01-ebd2-4c3c-9a7c-24e8eca446ba	336	1800	116	43	Nephi
4f613fa8-8c22-4de2-bd36-143d43eb5f2b	336	1800	116	43	,
c32dc882-bccf-4002-80ae-6d5c3b46b397	457	1798	100	43	keeps
ff74564a-111f-4583-bf5d-cc13c4242f18	562	1797	126	44	record
a777c348-d192-4b44-af84-adb04b13afba	562	1797	126	44	,
d2686321-6b60-432d-abb7-ffca5b636b99	693	1796	90	43	683
7dd3427b-080e-4a3e-8c81-5124d10c5421	693	1796	90	43	;
ea18d5b1-620d-4fb0-b4cd-f0217a2f15e5	788	1794	105	43	death
9fd7c9a4-5f8d-411c-a5ef-867cc244079f	898	1794	53	43	of
d2c2bbc0-e766-48bb-a05b-8f358ece006e	898	1794	53	43	,
9f259949-9227-4804-ac8d-afb20532ada5	955	1792	80	44	683
90cadbd2-3b4c-455f-8d27-d7956ddf5e1f	955	1792	80	43	.
298603ec-8d2d-4bbe-b65f-89138b072e18	100	1840	147	44	Amoron
1a85b238-1187-4d67-9d1a-14defd364f24	100	1840	147	44	,
633f443f-49fb-4e43-a177-c2b412923a9b	252	1838	147	44	Mormon
8ed3fe63-e3a1-40c7-aff7-4291cd4bdd6f	405	1835	142	44	receives
20cab905-61bd-46a0-9120-f733b84a568e	551	1833	184	45	knowledge
fd1b2910-33eb-4b27-8f84-f3208f1ffbf7	740	1831	100	43	from
3ce18716-d067-4ad5-bd90-a6cf67162658	740	1831	100	43	,
5a5071b8-2972-493d-bff9-cd2629d8c9bf	845	1830	77	43	772
03cf47ec-4f91-41ca-a892-032647dc69f4	845	1830	77	43	.
a8ce1c38-fc29-4532-a59c-85341eda8ced	103	1878	144	44	Amulek
8750a06c-c06b-4c5d-a4a7-3c09b4fcef4b	103	1878	144	44	,
2c567a5a-dab4-423a-aff1-d293aa58af06	252	1876	144	43	receives
e7078c1c-6232-4f83-b7c5-0dc507016cad	401	1875	108	42	Alma
5c121a96-1e89-4954-8059-b74d16a6426b	401	1875	108	42	,
1d41ac13-549a-4f52-be90-92a8db78d997	513	1873	93	42	328
20770748-af51-4d47-bb55-96725eeba9a8	513	1873	93	42	;
379ba9a9-7251-4f54-9a9a-d4b9cb233ba6	610	1871	159	43	preaches
780ad68d-ebfc-40e5-9e60-91ecd1f4805e	774	1871	47	42	to
1d9229b8-3531-4fe6-99dd-38b30aae9c0e	826	1869	123	42	people
3bc14e9d-bf6c-4367-b50d-b3dced75d8dc	954	1869	47	42	of
a950a72c-fa8f-4714-96ce-0c2c258474e7	1005	1866	221	44	Ammonihah
2988ad2f-8446-4f66-9377-af630a3213b3	1005	1866	221	44	,
cf093440-967d-400b-91dd-952e03216c1f	1230	1865	67	42	334
30976a5b-3688-4dfc-9432-6cb6ff643796	1302	1865	16	42	;
7a243fb1-0887-456c-9745-74c98ff3c8e8	142	1905	66	44	son
4d87aaec-f44b-4b05-8ab0-80fe36e38225	213	1905	49	44	of
42049779-b90a-4f2b-87ab-6f2d676d431b	268	1905	181	44	Giddonah
1f528032-dd66-4054-97cc-9791889d7427	268	1905	181	44	,
8e7d825c-7685-41b8-be53-15c9a09b2a90	455	1905	88	44	334
ed392fa3-8cc0-49d6-a31d-e67c7e0bede4	455	1905	88	44	;
c2328000-aef2-4cfe-8594-bed282f08d5c	549	1905	104	44	angel
64e54b81-baf4-4106-8a52-c02c35393a62	659	1905	148	44	appears
e6e518ce-1579-4852-9fa7-10c85284853c	812	1905	55	44	to
151067b8-fa48-41df-907e-a80692ffd6b6	812	1905	55	44	,
9235fdea-d581-4e8f-9899-a4e7b5592514	873	1905	93	44	336
8651177a-2c25-4ea7-8d9a-0151184b7f27	873	1905	93	44	;
d497129c-8692-4f54-9c20-75b99e7fe397	972	1905	187	44	questioned
b6b391b0-2d80-4c8b-abd2-7e16e405ffec	1164	1905	55	44	by
e5963bfb-aed1-421a-92dd-e9f201f5948d	1225	1905	93	44	Zeez
823929d2-785e-4ee8-8d26-2572304dbaef	1225	1905	93	44	-
04849878-8958-4067-bee5-330c98a8562b	141	1952	85	42	rom
8b3c321a-b53b-4850-83d5-3910114f0a3d	141	1952	85	42	,
e1897afc-0d9d-493a-9494-5614dab47be6	231	1950	95	41	340
08992393-52f7-4eb4-b404-886cc148956d	231	1950	95	41	;
4472eb4c-3633-46ec-bb46-2cb57e2dde25	331	1949	140	42	teaches
4fd645f1-6e03-4c03-b812-67e45bcd765c	476	1946	200	42	restoration
3bcfe8b9-3fab-47ee-93a3-cf5b04562464	681	1945	80	41	and
716003b6-d8f6-4d8d-afdb-382f90ee11dc	766	1943	225	43	resurrection
ecd75623-3753-496b-9e41-06d5dec9c53d	766	1943	225	43	,
8e83e57d-81f6-4788-a07a-76c070ccbede	996	1941	100	41	342
cdd93395-afe7-477d-ae59-e74c937c3320	996	1941	100	41	;
f0490c81-1e3b-4938-a62d-1cd41f3aec51	1100	1940	125	41	bound
1dbe7274-50a3-47ca-914a-4f68ea3f2094	1100	1940	125	41	,
c24fab7b-bcab-4503-8534-97950fb36c89	1230	1939	88	42	352
13b636ec-4ffe-4ce4-83be-d93b13c54af9	1230	1939	88	41	;
026324ea-89d4-4b80-8ff9-689e30005d18	141	1991	146	43	smitten
63636de3-e675-424a-bf42-9d79b14ada76	291	1990	66	41	by
205067fc-b8df-46fe-ac8d-5701ba208197	361	1988	106	42	chief
4cc481ef-2c97-4aa2-ae00-a063c7b8e715	471	1986	126	42	judge
837aaebe-decf-4d80-8b33-822b5ab46ddc	471	1986	126	42	,
384b741a-bdb0-4ecc-b851-d854ed2909ed	601	1984	106	42	354
7166e84f-9eb9-4ecf-88e0-c3fbf10a43e0	601	1984	106	42	;
daa773cb-100f-4f3f-8148-644b187f0b9f	711	1982	136	42	breaks
4237e65b-9b13-4091-adf3-ca28f12041d1	850	1980	111	42	cords
4adcd02c-85d9-4964-a280-d8fb9ae56412	965	1979	101	42	with
3dda96c6-845f-49dc-9251-f47a6d6954fe	1070	1976	126	42	which
c86509b2-c1fd-49ef-a031-5c0c9c48bd39	1200	1975	118	42	bound
bda79af0-76b7-498c-a906-77c64511d58e	1200	1975	118	42	,
ac55e163-3cbd-4bb6-a0a0-73cdd4962865	141	2029	93	39	356
68e5b1bd-d779-4a66-be04-d323104f8831	141	2029	93	39	;
3674c32c-2573-4984-80fa-c20d193adbf1	238	2027	144	39	departs
d1e8c90e-0eaa-48eb-bd26-fc3a4b96c9b0	386	2026	102	38	from
f443e26c-563e-4f53-b373-6d2bbd82d1fd	492	2022	227	40	Ammonihah
1afbcc65-f32c-4302-a005-0eb7cda2f1c8	492	2022	227	40	,
b6404388-7d63-4ceb-b65c-f5c7625100aa	723	2021	93	38	goes
c8d9269d-5361-4fe5-a271-0182615e8ad6	821	2020	51	38	to
8fa02148-68c3-489f-bdd8-27d852124088	876	2018	130	39	Sidom
00db75c8-db27-4c59-9817-def6fb723c00	876	2018	130	39	,
681d0475-89cc-463d-b508-edc3c5a335d9	1010	2017	102	38	356
54f0a28f-1c52-4480-9fd6-650527835f52	1010	2017	102	38	;
bbda877d-91d2-4cfd-9e03-d3ded2dcded9	1116	2014	153	39	rejected
cc2f4659-d1d0-48ec-8939-da33e00ed85e	1273	2014	42	38	by
173ab32c-39f2-45f6-829a-a37424750442	141	2064	147	48	kindred
6567b459-bee1-4f3d-a079-922eca1804ee	141	2064	147	48	,
3c67ee91-4aa1-441f-b4a6-8c9cb1ffcd17	293	2062	96	47	358
8a59860a-c198-4444-b081-c9eabf64c292	293	2062	96	47	:
49a68bcc-5874-482e-a571-1b8ba867261d	394	2060	91	47	goes
9dc0069e-344f-40a9-b89d-78a4ca462b4d	490	2059	51	46	to
24b81d4c-d596-4172-99c7-368a5b1da581	546	2056	203	48	Zarahemla
42137863-bb28-478d-b520-fd251a02da39	546	2056	203	48	,
af7e7ca6-5992-42d5-992a-48754fd88790	754	2054	96	47	358
995c2ccb-3ced-4348-9526-714de47f31f8	754	2054	96	47	;
9b9e67d7-82df-47dc-8430-d277d253b918	855	2051	164	48	preaches
7c7067f2-f240-4264-9f83-2704d2cdbac0	1024	2048	203	48	repentance
ba87a311-2551-405d-a317-b25791d5f314	1024	2048	203	48	,
88347a61-3cfd-48e1-af52-cd43bfe500b9	1231	2046	68	46	360
0926b2fc-ad87-4fff-8db2-6dbd20a6f188	1305	2046	14	46	:
