ID	X	Y	Width	Height	Text
411a5fec-5bd5-499d-8071-410a45547f76	104	120	69	35	788
50f4bcc9-7763-4a5c-9d19-cb3491dc4c61	471	105	154	54	BOOK
822462e5-f41a-4c38-bab5-e9c60dc361f2	630	107	84	52	OF
696b992e-bc06-4f68-b789-99b976fad3d3	720	109	234	55	MORMON
f853e7d4-e5e6-48c5-9d00-ab700a68fff7	720	109	234	55	.
0a027a35-0f6d-45e0-9049-39b6bc7f7c2f	138	187	98	40	from
cb6ba6e0-5bb5-4d9f-aa42-8e9d4e795698	240	188	93	40	book
bc0415d6-6c26-4331-aa0e-11dd2f8e632f	338	189	103	40	plain
cf2b89f1-450b-4cb8-b8ae-35427ecbda80	445	190	83	40	and
893757fc-61b0-4881-b52c-c6102b434783	533	191	151	41	precious
2a70d2d6-c129-4072-88e0-f532f39f3528	689	193	132	40	things
4ebc0a3b-c799-4831-9977-a4b6102a8c0c	689	193	132	40	,
43ecceff-adce-4733-baa1-d468897a96c9	825	195	78	40	36
8b638ca3-9c0d-4e9e-bddf-034c82883076	825	195	78	40	;
5c9fd09b-73ec-4571-9091-5825546aa1d4	908	196	156	41	founded
d86951c4-342a-4817-a544-61f49487cc86	1069	197	54	40	by
5accd3a6-b942-4fdd-9d86-ecd044fe2c74	1127	198	108	40	devil
45b7ab3b-011a-48dd-ad92-4555cf58693f	1127	198	108	40	,
195bde2f-8a74-4ac5-bc4b-ccf2f95d2afa	1239	199	76	40	ete
e0c474e8-6024-4313-b77f-af327d941903	1239	199	76	40	.,
04fb62af-d1e4-4345-8f99-0b5a2805e2ff	142	236	70	35	30
3841a0f8-0e90-4122-bcd2-6fc9e3399abd	142	236	70	35	:
6a39115e-8a9d-4135-90e1-5af78fb5416e	216	236	101	35	utter
de8bfc52-71ba-4697-9d45-311ad2159cd3	321	236	201	35	destruction
e3ca3cd3-63dc-4f52-92e4-91c30f924cd2	527	236	57	35	of
16211167-f0df-4a71-b85b-81eeaaeb4c7e	527	236	57	35	,
2c612f06-a7e6-4af8-8696-a9f1804e55c2	588	236	61	35	39
0613f97b-5ce2-41e0-af80-b62d37e8d419	588	236	61	35	,
15fbd3d2-2e15-491d-997b-c0c9a2bf159b	653	236	66	35	40
a8338c98-c485-444e-ae30-65cdf30cfee8	653	236	66	35	,
1eaedbe6-f6d9-4ee4-ab9f-a0a04c631be9	723	236	96	35	154
9a977cdf-807d-4eec-b19d-d39968afe73a	723	236	96	35	;
2b766b0d-60a2-4112-9e6b-0ce47b7f827d	824	236	118	35	whore
b3762a64-306d-4d8c-8289-71e514656813	946	236	48	35	of
4650f623-a183-4621-9b5a-ddf4027349f6	999	236	57	35	all
2c40b78c-dc76-4a8f-9e30-7df36f6521f7	1060	236	70	35	the
d57065ab-9f6a-4072-979b-f2b18584139e	1134	236	114	35	earth
ef5680d6-3597-43d4-947d-bf89e2570083	1134	236	114	35	,
d8f5eb7b-fe17-4043-a11f-cd45957ef437	1252	236	62	35	40
b9f33fac-f673-43f7-962b-3e9c964ef7b3	1252	236	62	35	;
2dd5f4e5-ac68-4354-9e6b-8aaf6df38bbb	142	274	167	35	dominion
2aaa867d-091d-4838-8c6a-022bf2da2b8b	312	274	92	35	over
ac34e3a4-109c-4a33-bb7e-2f22de5d4c83	409	274	66	35	all
a520292d-0ee3-48ae-824b-1b41032d5d1a	479	274	70	35	the
a6f4236f-868f-40e2-82b3-800fb482de2a	553	274	114	35	earth
793cefd7-868a-485b-a156-f796fe09d0fb	553	274	114	35	,
953c94ca-6488-464f-b1dc-9327bd891adc	671	274	79	35	40
fa38230c-baeb-48d3-b306-b911fcb8c29d	671	274	79	35	;
2ebdcd36-63ce-467f-8c3b-e56704f97ed0	754	274	166	35	gathered
7b5e9865-4d8e-4ba1-8cb3-f62203b45d2d	924	274	157	35	together
60411994-74c2-4c8c-b98a-f2c69b382c07	1086	274	52	35	to
30a39612-e7d9-4f9b-a1f7-382306ca8732	1143	274	105	35	fight
ab25de3b-7819-439e-9932-815313b94ec0	1143	274	105	35	,
a5f5ac6d-fa3b-4b67-8e8d-44888d6cc178	1252	274	62	35	40
d38ebbcf-b59b-485e-b586-b9b319818b70	1252	274	62	35	;
693bdbc0-6cb9-415e-8c70-f063bdd0a929	142	309	45	41	of
25e242da-4c9a-47c1-b414-6383c2756d15	192	309	105	40	Lamb
18552bd0-ad11-4ebf-9667-36e990c182c9	302	309	45	40	of
25b9ba0c-8316-4258-a8fd-5c83f13dd082	352	309	85	40	God
472a6911-aac0-4d35-ad08-57ded7e37d0b	352	309	85	40	,
e83352d6-e3c5-4c5b-b4c6-42dcc844fd80	442	309	65	40	40
f19a32c6-66de-4e7c-923b-f42714d0c1c5	442	309	65	40	;
f50e5807-569b-4b19-a201-965d4fe60869	512	309	160	40	numbers
21e32a94-2c0e-4e38-9b28-9aa3fefe689f	677	309	40	40	of
13447293-e340-4b7c-ad6f-d27902cc3183	722	309	80	40	few
94532361-d6f9-4895-8be8-9513f7abf7f6	722	309	80	40	,
bbb69284-5792-459d-9b61-ef0baa300017	806	309	60	40	40
6c72f8ec-69cc-4c47-9527-eb121f50f574	806	309	60	40	,
2e536bf4-67fb-4877-b236-0278c39092e6	871	309	95	40	100
9267912e-b900-43a0-b036-0155ebd3276c	871	309	95	40	;
ac3f3d6b-d8a0-4148-9f99-7d40c5bbdca9	971	309	110	40	wrath
f2aabc9d-9859-40f1-8472-06f0957f51a6	1086	309	50	40	of
0f1b80fd-82cb-49d7-bb97-52844db85dc4	1141	309	75	40	God
57ded028-2dfa-4746-b01d-d816d7109316	1221	309	97	41	upon
ae7a29f2-5f99-4992-8d5b-d3adf61ab10a	1221	309	97	41	,
f62ae00f-924b-49ed-9f3d-66fcd8bc3567	142	349	76	38	41
d172f64e-40ca-4225-a968-57b31dac53ab	142	349	76	38	;
f9fc4e6e-db35-4008-8e0f-f4e70bbd8624	223	349	104	38	wars
0f968805-981a-4b8d-88c6-32075d64cae2	332	349	128	38	among
e1c0121a-1cac-451f-a2ec-13f713ed990f	465	349	147	38	nations
15752056-8690-49e4-872c-8349d0bf83ca	617	349	66	38	of
2ca865d5-110e-4168-82b8-57c7be6e09d8	617	349	66	38	,
6ce0009d-3928-4f65-8b9b-4e22fc11530a	688	349	81	38	41
7157ab10-6bde-4cf5-8cd8-ccf004e89f6b	688	349	81	38	;
cbdfe261-c1d5-4381-bbeb-cb40786cace5	773	349	62	38	of
8dfe9270-0852-4fab-a7e9-9661bbc3497c	840	349	133	38	Christ
54ac0914-479f-4b93-a28d-f9967845eb17	840	349	133	38	,
43031500-3a47-4e20-9797-8caabe946d09	977	349	100	38	260
9a1fc981-6d3d-4805-960f-9f553f030f7c	977	349	100	38	;
bf2bcedf-0040-4045-967f-d990f5cfd6ce	1082	349	128	38	people
323deb39-ae16-4b38-b484-10936db5ad7a	1215	349	57	38	of
5a57af31-048c-4686-9235-d92f434bc9fb	1276	349	38	38	to
4a85651d-d7d9-4367-aaa8-a8871d10a2d3	138	384	125	41	impart
be28e012-7c44-4fd3-983d-c3b10f373dd9	268	384	45	40	of
57ad0cb0-ad79-439f-95c9-f6d3ed1825f7	318	385	185	41	substance
13537103-0fa9-4ccf-a19d-f4864218716d	318	385	185	41	,
a4c06884-7ad9-46e4-ab3f-9920fdb33c57	508	385	90	40	261
73b3766c-adfe-4ef4-a71a-cd9a850a0baf	508	385	90	40	;
bdb3b0f6-942f-465a-ac6c-76f049895a2e	603	386	105	40	Alma
2798ff1c-a5a8-4e10-ac89-ae00592a5647	713	386	85	40	high
ed814b89-1c07-42c9-b9a8-02796b734b95	803	386	110	40	priest
536d4e92-891e-464d-ae2b-1bff410240cd	918	387	55	40	of
44dcd8a0-e587-416e-aa09-58ef18dad834	918	387	55	40	,
3aad1b8b-adf7-4ba0-a69d-aa00ecb8aee0	978	387	95	40	274
94b6cd94-09df-474e-b916-e3eb5d69b603	978	387	95	40	;
606ee188-9c70-49d4-a1c5-e0450ebee196	1078	387	45	40	of
2f859f06-69db-4451-8d57-a1ce3082a79f	1128	388	90	40	God
947a597b-e8c6-40be-9c55-ecee15fc43a0	1128	388	90	40	,
475f97b9-1130-41aa-b67d-6f067738635a	1222	388	95	41	those
bc158b14-f048-4cdf-8a50-b30a3e25b466	142	425	144	41	baptized
3584839a-6b3d-47eb-9c49-e669ef6192ed	290	425	123	41	belong
84e2218a-933a-4260-9a73-9f588f92e87c	418	425	56	41	to
39f3c620-7001-40a4-ac95-8aac44651456	418	425	56	41	,
24e36a49-6a16-4418-8d8a-16e49e8b562c	480	425	92	41	281
cc865de8-56c7-460d-8473-c443d7e9d85f	480	425	92	41	;
c071d760-11f7-4026-9a23-a3f45332efda	577	425	102	41	Alma
f268f075-32d1-4c06-9775-03a1ea02dfea	685	425	164	41	regulates
eb194169-3aa0-4184-9f94-ae543a7a094b	854	425	123	41	affairs
cd4d1430-39c9-4666-8bd6-7b7ae1cdfdec	982	425	56	41	of
728494dc-ae2b-42ab-9663-a4c897bd4ce4	982	425	56	41	,
42e0ac5c-f40c-43cf-88e2-bddd28b1164b	1043	425	92	41	285
2eac88dd-04b0-4004-9948-cd7bb306b812	1043	425	92	41	;
c9788e0e-3f97-441a-8d31-7fe78debecab	1141	425	171	41	prosperity
8428effe-e7c3-487f-a129-7dd24bb2bf96	138	463	75	38	and
98c326c8-e4b5-426a-be97-84bf3cd6c6e4	219	463	209	38	persecution
ca01b0a8-23a1-44eb-b1cd-35450deee191	432	463	57	38	of
94bdfef9-ad61-4bf2-a523-2d2774143b68	432	463	57	38	,
9b8b429d-b996-4682-a09b-f6da6eea61a1	494	463	100	38	285
264c92c3-7775-432d-92b5-a9466bc190ba	494	463	100	38	;
12985312-6655-4e0d-9343-4f3ee5f0795b	598	463	176	38	murmurs
ef3baed1-c27d-4ab5-8a34-763a760d95bb	598	463	176	38	,
c4d61954-e589-4c3c-ae2d-438a7894ddd1	779	463	95	38	285
002758cb-4829-41ae-9f7a-f2d72c540d5c	779	463	95	38	;
36a16076-7ab2-4d5b-8140-78f706b5a11e	878	463	137	38	nothing
40fb8e57-749f-471e-974d-3fa063b4ea0e	1035	466	54	31	to
93a58223-f062-4336-a19f-6852409032d1	1092	466	190	31	overthrow
39881cfe-11d6-4817-8428-1e3284c45136	1286	466	32	31	it
67128d1f-336e-4cd4-94b7-26917ec7663b	142	501	67	41	but
c77408ce-61a0-48cd-8f92-024636550299	214	501	241	41	transgression
3fc83932-77f9-4419-b7f9-9cb22cef1f4c	459	501	51	41	of
8c2e9742-192f-4c07-b6a2-57524b6a1cd5	516	501	128	41	people
ef052358-49d4-4d9a-b612-6dde85917960	516	501	128	41	,
3785b608-849e-4c50-8015-462096e1e620	649	501	97	41	287
99edcfb4-860a-48c0-b843-386b025c8820	649	501	97	41	;
fcd719fd-2120-4e6c-91d5-ccb7668430fa	751	501	138	41	became
0d3ce175-619f-4849-acd7-d1ff3a8ea34b	895	501	92	41	rich
ce241f60-cf4b-4945-9a96-899b40c4e02f	895	501	92	41	,
5fa63478-a44c-4b5b-ac6b-99443bc67ddb	992	501	97	41	302
dcca1806-5d63-404c-a85a-0e58b14f88c4	992	501	97	41	;
3fc4d139-7663-4f97-be69-3fd5ad757873	1094	501	149	41	wealthy
ff57535e-135e-4a11-9e7e-d370d03cd756	1248	501	66	41	and
99a66eda-5ca5-4023-b39a-1441353acdd5	138	538	199	41	prosperous
695d61ba-0a12-4b8a-aa9e-b3b8eaa698e0	138	538	199	41	,
1d12336a-b1b0-4660-8e3c-ca255744a2e4	343	538	92	41	302
90a203c2-5377-4081-8fc5-f1ac13786f91	343	538	92	41	;
dcdf2c91-0c77-42c2-b73d-25ab597c22b9	440	538	184	41	thirty
fd688f86-704e-4308-95b9-5eb56b1b50f2	440	538	184	41	-
b40d14ba-aa82-4da9-97b2-3e0d1ad91047	440	538	184	41	five
a8794260-caaa-44b1-9e37-605fa3cbd30e	630	538	149	41	hundred
781ec0d0-e117-4146-8f2a-116969e15543	783	538	169	41	additions
5e185e76-ac0a-4640-8b51-0d6e13fcd36e	957	538	56	41	to
deafd592-8a1e-4bfd-bb4b-dc55556efe81	957	538	56	41	,
68dc8f8d-2864-4835-a628-d51b02b983c8	1019	538	92	41	310
ad90fe29-518f-4f3a-89c1-0c275ebb92d3	1019	538	92	41	;
44c25643-806e-4c40-a626-43120fc2ec7e	1116	538	123	41	people
6cbd5628-16db-4bbc-b0fa-2f0ade55b459	1244	538	70	41	wax
4c80ebb6-7969-4465-ab78-58f630db0c57	138	576	118	38	proud
38bb116f-48bb-4c53-a461-933b948855b5	138	576	118	38	,
ce3883b1-8af7-4f9b-8147-14d1556ce525	261	576	100	38	310
fab8274d-ae92-4936-952c-e78dee5c41c1	261	576	100	38	;
f87df794-40ae-47b7-92cf-8602c616c100	366	576	128	38	elders
0c4636c8-06cb-4c7f-abe2-ced0274e5597	366	576	128	38	,
c0b7f216-a64c-46c2-9e3d-0a8f7ab4ac72	499	576	138	38	priests
25359031-a453-4d0d-bf02-8e423811e530	499	576	138	38	,
743d9d2d-1c04-4431-96f6-f62b74fbe014	641	576	161	38	teachers
dab0f096-da0f-41dd-b1ad-32eed4a5bc12	807	576	196	38	consecrated
970f1486-5901-482a-96ba-f9524c690a8a	1016	579	110	38	unto
16e6259c-0de1-4c11-b55b-4e7c53387241	1016	579	110	38	,
58d92434-0991-4419-a912-79b496995028	1130	579	100	38	311
98152d92-6d01-43a7-a3fa-a2a1952dcc69	1130	579	100	38	;
19338ec4-390c-45e0-b4a2-80f4cea1de39	1235	579	80	38	evils
685647e3-6fa1-4074-8e89-e6c20157f5d0	138	614	56	41	of
f3a6b4c1-8843-42a3-ab4f-7e2ab1d43a77	138	614	56	41	,
1d21aed8-3024-409f-92dc-3d546a7eeb62	199	614	97	41	311
0dee5f88-a42e-4532-8a9a-c4d43e1acc07	199	614	97	41	;
6dfbdf0f-809c-4ac7-b3af-af95ff9d7493	302	614	51	41	in
3ad29c85-04b8-44a3-8765-49d396928f01	358	614	87	41	city
0d681f56-b5ce-432e-9bb8-f3e78e98a45a	450	614	46	41	of
0efc7c6c-677b-47c1-810f-89d5ec64de85	502	614	205	41	Zarahemla
5ab49c04-00dc-4770-b08b-354c86565240	502	614	205	41	,
0645baca-423d-4edf-8f45-a1b76dc170de	712	614	97	41	313
3d3f1c28-0023-4151-9de0-1b42c611bdb2	712	614	97	41	;
08b03d98-b410-4cf6-8b59-54ee147d9e0f	814	614	154	41	received
6dd4e08c-d60d-4b7e-9af3-efa6797f9594	973	614	87	41	into
dc1986f2-17a2-4586-804d-932d1890c1f6	1065	614	97	41	after
5e21fb2d-ece7-4055-b54e-29bc575dbf16	1167	614	150	41	baptism
b960ff34-b387-4192-866c-1e8fc646cb4e	1167	614	150	41	,
26bfaa13-4262-428d-b631-d3f37c74cdb1	138	655	94	38	321
b8d086fe-dc65-4436-8a0e-9555aa7a1c9c	138	655	94	38	:
799b5393-81c2-442f-977d-47806ac135a1	238	655	237	38	transgressors
bda20990-c594-4285-826e-36d09a282396	480	655	85	38	cast
cd8c820f-8918-42cc-8461-9e455f6d7fd2	570	655	76	38	out
cb53e92b-8243-4267-a4a1-647e1fe694f4	651	655	57	38	of
0ca0a069-bed5-45dd-830b-ad64881ff948	651	655	57	38	,
65fcf86a-afde-4b03-bd11-1413951bf00a	712	655	100	38	321
12bfd71e-810e-43d0-84fc-f187b1e2b17d	712	655	100	38	;
4c0e1b38-542e-44be-b6e2-db9424c65fdb	817	655	199	38	established
814656e5-af26-470f-92b2-0ad46b4bbb5c	1021	655	52	38	in
6bd0cf61-2523-41de-bca2-8f39ea7503d2	1078	655	85	38	city
ad49f6c5-3344-4995-8032-134885a33ed6	1168	655	47	38	of
f1268264-cf80-497d-9ee5-5f00731a6ef8	1220	655	98	38	Zara
35ddd4a8-ab0b-403c-8025-d4d08fc2d4d7	1220	655	98	38	-
f740199e-826b-4f8a-8f1b-400f73ae6fbb	138	693	115	38	hemla
a085b9da-5c6e-4941-a9c4-107832057834	138	693	115	38	,
253e35ab-4ce8-4533-8304-aaf1225829ce	258	693	92	37	321
42b4b0af-25e7-4ac3-bdb4-b359034b04b6	258	693	92	37	;
bb803f5a-b8d6-44d5-a552-607889022e26	355	693	203	37	commanded
6b276d1e-9862-47ea-8db4-3e47289dfb45	563	693	46	37	to
f485f3e1-1f85-40b2-8eb5-82c324305dd3	614	693	79	37	fast
13b56e4e-44b6-4ea9-a053-6c99b7407ecf	697	693	74	37	and
6463c120-956c-4f79-b8d7-60a5fc9e774f	776	693	97	37	pray
642d3537-2c32-46d9-b751-f1972db4251f	776	693	97	37	,
32c050d8-93dc-4710-827f-24d5ab885eb3	877	693	65	37	321
08144457-134c-4341-81df-de3e5fcd6774	947	693	18	37	;
6b19be11-d641-4b9e-aa6c-2df3f0266173	970	693	203	37	regulations
903fc21a-7e13-4236-86e3-a7ff04758a42	1178	693	42	37	of
cb230e30-8777-4ec7-ae3b-4d5182c1d430	1224	693	91	38	made
6bc4eef2-4ced-47a8-8abe-6799630ee4eb	138	727	46	41	by
1ac79078-6508-44d4-9f58-d0efd7fa5b78	189	727	108	41	Alma
05e269ea-204e-4bf0-9e97-c15a44e79393	189	727	108	41	,
e4c45f81-a5aa-4d25-b537-6db65422762f	302	727	87	41	321
cbc09830-48a4-4c61-8789-4657e8c1e2ea	302	727	87	41	;
388c62b2-462a-402a-a89c-4ea3cfbf4bcf	394	727	97	41	Alma
e952bc4b-7eac-4973-952f-d903d250373d	496	727	189	41	establishes
d9680402-2a35-4d99-94d9-f6fb2a0cec90	691	727	102	41	order
c1dc4750-b772-482f-99e0-1d4b92349f5a	799	727	41	41	of
c6f41acd-8f02-4f8c-9dc5-e22af3dedb5a	845	727	46	41	in
058fbb42-ee25-40ff-aaab-d00be6e89319	896	727	133	41	Gideon
f84cabd1-5961-44de-9400-905ec9f9422c	896	727	133	41	,
c6725dc6-bc81-4b18-b6e8-bc16c1699eae	1034	727	87	41	326
6ff19c58-1d99-401d-876d-64b2c99c6a47	1034	727	87	41	;
9715f667-7968-4449-9e60-24af3810ce0e	1126	727	188	41	established
2821924f-3f69-4de2-a5dc-b52118bb9846	138	768	56	41	at
88be7412-6efd-4f0d-a88a-a720e89d8095	199	768	133	41	Sidom
326ca0e5-8d1e-4aca-88b3-c11d3bc6605e	199	768	133	41	,
8bd2f460-39dc-4443-a13a-2bb54f3a33d9	338	768	102	41	358
6b90527c-e1a0-4295-9de4-28a8015a1afb	338	768	102	41	;
cd4b7fb0-ad65-4aad-8744-812cd1f64078	445	768	251	41	establishment
c4714c9f-e156-444f-9f0e-ef6eb8cbe405	701	768	56	41	of
f44411a9-70fd-4212-a209-86f718f8557b	763	768	143	41	general
fa7acd12-c703-49f4-ba92-ba5b071f8d0f	911	768	133	41	among
b4b5557e-14b3-4b16-bf27-68310f93f477	1050	768	174	41	Nephites
a8e23d2d-7e71-4d4b-bc8e-9bff582aad1e	1050	768	174	41	,
b39a4be4-dda3-4b9f-beae-2407fd811b5d	1229	768	86	41	361
b25ec7e8-8764-4c66-9130-d719812283c8	1229	768	86	41	;
32247981-22f8-4b3c-bcdc-5ea8236f585f	138	806	189	38	established
c9f805b2-5a1f-4ed9-90d5-b3cb97cdc349	333	806	128	38	among
3695bbe5-e539-4974-8e1b-e473fa5a7e06	465	806	195	38	Lamanites
6e2ad53f-500d-4429-8822-29bec7c8b6ce	465	806	195	38	,
9398ea3e-74cf-4a5d-b8c1-068fc1ba1649	665	806	85	38	376
d26438c2-7d0e-4d52-b8c9-98e0de9c183d	665	806	85	38	,
96d8ec27-de04-4e49-8b94-2b5e6de4d600	755	806	95	38	561
e2f15a2f-de71-48ca-99e0-7b864273bff7	755	806	95	38	;
f1ccb05d-025c-41bf-9d14-8ed2f0bfd002	855	806	52	38	of
2a01b0f7-2f79-4065-b79e-360e9e151acc	912	806	90	38	God
4053a52d-fa54-405a-b5ff-4b2b32dd61c7	912	806	90	38	,
58f2b1cc-1b46-4950-84f2-ffb4999997d6	1007	806	119	38	people
a68475cf-51d3-45e6-a289-20a55ef81a37	1130	806	52	38	of
e2e18c2e-b89b-4b8f-bc14-97af702b74c5	1187	806	125	38	Ammon
15b1c53c-fe90-439c-b1b4-beb4833ba485	135	844	179	41	numbered
a7b03c34-0cf9-43f5-854e-5e0c214c1d29	319	844	108	41	with
c19d15d2-9c10-40b8-9464-1a5edb69e9fd	319	844	108	41	,
f80e32ce-c374-4bbe-98ba-79236186714a	432	844	97	41	405
c1c07b84-fbbd-4557-a772-9944e2720ab0	432	844	97	41	;
0bfc75f8-c306-4ac7-b724-dcd54b1078f4	534	844	251	41	performances
6417f74f-5628-485c-8421-f054e0139308	790	844	61	41	of
bce7f893-aa10-4ccd-a42d-efa98b1bf4a7	790	844	61	41	,
ae61e847-5ffa-416e-b95f-aa3d68bbf869	857	844	102	41	417
3e68d4a3-a524-4448-9abd-8b6dd94d6bc1	857	844	102	41	;
1fff22c6-5115-481d-90b7-8d13738ecacd	965	844	108	41	Alma
b21b06e4-b918-4a60-8c8f-30e69a122cf1	1077	844	82	41	and
bbeb07e5-7d55-4db6-9e90-ab179a7705ce	1164	844	147	41	brethren
738bdf26-db89-4124-8064-05f919cc2a1b	135	882	129	38	sought
baa7dd5c-18f8-447f-b135-12b1c360c682	269	882	51	37	to
f98fda8c-4f2d-414b-9a00-c4741202cfb8	324	882	153	37	destroy
5638e9dc-ae65-41d7-af52-54901e3a6071	324	882	153	37	,
b4e12028-c03c-48e8-986c-42c9f2ffeda0	482	882	97	37	434
3fecd0d5-c54f-49f8-bb65-8261a307c31a	482	882	97	37	;
e3e4180c-cda0-415a-9437-b478cb0a0617	583	882	106	37	Alma
69fc61c1-d660-4f7b-987b-cc980f68405b	694	882	139	37	blesses
7b78e650-9f18-4acd-a967-ae48afe168fb	694	882	139	37	,
c3690bac-6442-4912-8d4f-bb9b3dae2ba9	837	882	102	37	467
2dc9f68b-5673-4d9a-8e9d-c624a5b008f9	837	882	102	37	;
dd21e9e0-6c06-4786-a658-31a0330418ba	944	882	129	37	saying
984d313c-531a-4438-b580-5440e90482fb	1078	882	51	37	of
67911463-a7c1-41de-93a0-f2b0e719cb89	1133	882	181	38	concerning
c7579f82-cdef-44ed-9c6a-2e8a7bf87493	135	922	104	38	Alma
dcae44c8-cdfd-42a2-be19-1c15e3c791df	135	922	104	38	,
ae04db8d-7604-42d7-856c-8e8079061a5d	244	922	90	38	467
c7878232-a842-4485-a9fe-d749e41b2cde	244	922	90	38	;
c4aa4666-8b2c-4dfe-a378-3c8a70ca03b7	339	922	199	38	established
38393ee1-18a2-4a0d-a290-f6adaa984f6b	543	922	57	38	by
6415cbaf-3225-41b0-86dd-7675a8836ed4	605	922	157	38	Helaman
455b04d1-77a3-4765-b425-f314365118e3	766	922	76	38	and
898e0883-1009-4c2a-828a-1c3ede2a9779	847	922	166	38	brethren
1ba340a5-8c8e-4744-895c-736d1c00e193	847	922	166	38	,
4f6b4a97-7d27-4c35-a8a7-23700b26a079	1018	922	90	38	468
351b250c-5ea0-4ea9-a7a3-7bcd91a7cb64	1018	922	90	38	;
905286a2-840e-4f61-886e-7933bb4e25fc	1113	922	128	38	priests
a2ef4b8d-4432-4268-9226-dbe96df71503	1246	922	66	38	and
98e4753f-df5a-4eb6-99fd-bad557f4f7ba	135	960	148	35	teachers
b0ea817f-7bfe-4d20-bc36-692b88c1f456	288	960	179	35	appointed
694bc294-fa4b-4695-b207-092e59a65a5c	472	960	92	35	over
59a40e99-7a3a-45d1-9191-8f12c713e56d	472	960	92	35	,
801cda81-f833-4267-b8f6-f0b8ff59a971	568	960	87	35	468
d5f88603-8ddc-4e42-9c54-aae6e54e8d24	568	960	87	35	;
d3e38446-281a-4f7c-a40f-1561bae256d5	660	960	179	35	dissenters
9d0924a8-ec2b-4b7f-9818-a18bf39d431d	843	960	96	35	from
a58e8daf-677b-46ff-a640-7d548a1688fb	944	960	127	35	church
b6379b09-66fc-470a-b6f9-c19a38677f92	1075	960	105	35	under
4b0c3879-82e6-4aba-be9f-850b7a341be9	1184	960	134	35	Amalic
4bc26d0a-f472-4494-b5c4-b15668f857c1	1184	960	134	35	-
1a60c1af-35a3-45b3-8bdf-5aa93b8553e1	138	998	109	38	kiah
5f98c169-71a1-41d6-a1c7-5f1c84070224	138	998	109	38	,
b4e26c8a-d6be-4ae3-8bd5-acc771345584	252	998	114	38	469
0ff4694d-8328-4d22-ba5b-b4ff234fa249	252	998	114	38	;
b30b5c46-6ec7-449b-bd8f-5bf64cc0d01e	370	998	218	38	established
be3b2d2b-c9aa-4818-8f91-18f3a835ee50	594	998	71	38	by
ccda0f44-327b-40b2-9eb8-90b1af3342a5	670	998	171	38	Helaman
7a0d3b3d-0327-4337-90e6-f2fb989ccaf6	845	998	85	38	and
87a4c9e4-4af3-4c2e-83a4-4d3101b7a801	935	998	176	38	brethren
59296a20-0aad-4b19-b344-9815fe620782	935	998	176	38	,
220da93a-67d1-4fd9-a3c1-c0054a2e7e56	1116	998	100	38	539
addca6eb-8342-4b08-9896-dd8ea3dab43b	1116	998	100	38	;
2e187f1c-1cde-4dd4-a57e-18c8acb06592	1220	998	94	38	pride
36d85f42-3963-4549-996a-75ec6b428d0b	135	1036	82	41	and
0d30014f-8293-4792-ba31-799ffcd651f4	222	1036	195	41	contention
3b4761e2-76d5-49ad-bace-ff99e509c3f5	422	1036	56	41	in
28a5a6ec-0e9e-42ac-a575-56f1852ac421	422	1036	56	41	,
5b5d903c-8852-4821-9a8f-f0d4681180ae	483	1036	83	41	518
2f31be05-e7c8-482b-a64e-7d73c1b26eaa	483	1036	83	41	,
fee275bc-d2ff-4b2e-9d61-408d62678336	563	1036	117	41	552
99e22c87-ee65-42d6-9a8f-e3bae8b0e525	563	1036	117	41	;
10ca9263-a2b1-42dd-b357-33a889580dbe	686	1036	108	41	great
0b644920-b464-4520-8b3b-af8f3b1cf12f	798	1036	189	41	prosperity
21065dd4-62f8-46a8-a67b-c0203696c113	993	1036	61	41	in
7e074184-205a-4162-87ed-935fe060673f	993	1036	61	41	,
fb935c0b-9cfe-4850-961d-c7da68b03044	1059	1036	97	41	551
5a8f8f5a-62f7-4706-9f23-7a4e16340675	1059	1036	97	41	;
76845df9-7d89-4824-bf3e-19f26f7aec39	1162	1036	150	41	brethren
24ea0f97-46a9-49fa-8c7f-ee184d1525b8	135	1077	55	38	of
26f7f1df-01e8-45a3-b8db-88caf629e029	195	1077	203	37	persecuted
1938ca68-19ff-49ca-9e36-1b84f7db94f3	195	1077	203	37	,
52b2e667-960a-4808-a14a-7513750ee258	403	1077	102	37	552
bf017d74-273e-473e-8b26-d55c6b5d887e	403	1077	102	37	;
89871803-4b10-4791-9cf4-2604b8252497	509	1077	139	37	fasting
ea9a0207-412b-4249-8157-8404aa47e162	653	1077	83	37	and
33cd37d9-39d9-4282-81da-005279672054	740	1077	153	37	praying
7c6ad73f-2406-468f-accb-6d529570c4a5	898	1077	60	37	of
907c2763-7a28-44ee-a7a8-bcf58124013a	898	1077	60	37	,
6140de77-b906-48ed-9ed3-66834d183da8	962	1077	106	37	552
8de1f187-79eb-4516-a76f-f3bd85dc53f4	962	1077	106	37	;
47a554cd-1cd3-430f-a552-c193976c3449	1073	1077	189	37	dissension
22e513b1-1b4e-4327-aefe-0c6765657b2e	1267	1077	47	38	in
90db8750-fca2-422a-a46c-7a504414f9f2	1267	1077	47	38	,
b0ea7245-e289-4540-baec-6cc3b7e9db4c	135	1111	92	41	552
51abf272-8585-41f2-af57-21b14b7bd135	135	1111	92	41	;
105ef43b-44c9-4d45-933e-843a69c9de8c	232	1111	241	41	abominations
3e862c9c-50ef-48e4-ab54-acef8769853d	478	1111	138	41	among
6ab53099-7b3f-4564-a802-c726303f10a0	478	1111	138	41	,
cc9a7e2e-1154-4d7f-9c1d-de5cdc16f001	621	1111	97	41	553
d8421fa0-d46a-49d5-9bcc-44cad6e7d7db	621	1111	97	41	;
4236ba69-aa62-443d-9aec-a91c2f98759e	724	1111	113	41	began
3890521a-07e6-453f-8086-7013b28109dd	842	1111	51	41	to
6cc2b73c-d39f-44b1-8503-46b2d5618ee2	898	1111	149	41	dwindle
f387a6a8-27a0-438f-8c7a-68c25d0ea5ea	1052	1111	82	41	and
0722efb1-f89e-40dc-b065-6f77dc212741	1139	1111	176	41	disbelieve
c800642a-d7cb-4192-a9d9-904fe20dab90	1139	1111	176	41	,
1fa05077-f6be-48ba-9891-aff06454fc00	132	1152	99	38	555
413ced12-5345-4c62-b73d-0e99d7006c64	132	1152	99	38	;
76c0b70b-f999-48f4-88c7-bb09956737fc	236	1152	133	38	spread
1bee29c0-93af-41f0-a1a2-942d20675b37	374	1152	209	38	throughout
cf54630e-4267-4bea-9d2f-e0945c6de719	588	1152	95	38	face
a318b81a-37c9-4787-a9c6-703b1c975dc8	687	1152	52	38	of
c36cf934-67cc-4bae-b801-2de8262f84fd	744	1152	109	38	land
f178af12-8c7e-4ad4-9d8c-5c1c5f8e1cba	744	1152	109	38	,
31b43161-22a9-41f5-a147-8ebc0c9961d0	858	1152	109	38	582
93b6a719-80d2-4a37-bf4a-102e5a9aba18	858	1152	109	38	;
0a8bc248-aadf-4844-b986-474be33c9e6f	972	1152	209	38	contention
f93e2b69-669c-446a-9e19-87073e2abc49	1186	1152	129	38	among
8008bed8-4363-4712-a7bc-44c05eb723b1	1186	1152	129	38	,
6eda66ef-118c-4928-b24d-198d57abae03	135	1190	85	38	582
ad54af0d-067e-4afc-80f6-96d846b68d24	135	1190	85	38	:
7c3cb07d-7715-4ab1-a48a-f11c5d9c04ad	225	1190	128	38	broken
60d5f745-05ea-40ef-bb77-116d1e5be3fe	358	1190	57	38	up
96bdae58-f6cc-40f4-9a6a-25b27d5ac770	420	1190	47	38	in
350cae7c-370a-4271-a33f-a4a1c1125a03	472	1190	57	38	all
1f5b69b2-c3cc-4101-a3ee-e07fb2cab49d	534	1190	95	38	land
355221ba-7031-49ed-bdee-849064a5ae48	534	1190	95	38	,
27bec30b-df98-411e-b709-505e863a0ff6	633	1190	90	38	618
1ad4e5b2-6119-49d6-9cb9-8dec9a4e8b34	633	1190	90	38	;
43ca46f6-3b61-4863-8d0a-d8a00f2f3023	728	1190	47	38	to
2067b4de-560f-433a-b918-0c32ab768107	780	1190	47	38	be
5b044faf-8f4b-4142-a4ef-4130475aa612	833	1190	199	38	established
24eb6e84-c6ec-4a74-8d40-26172e797c01	1037	1190	123	38	among
1552b29c-cfe4-4356-91f8-65b057a62e6a	1165	1190	150	38	Gentiles
6a0a5947-ef53-4caf-8d0e-4f4e9ad302e4	1165	1190	150	38	,
e7834367-e4e7-4577-93e0-d9712312db4b	135	1228	82	41	662
4e219e99-5707-4df2-bcae-8e3d33f398a6	135	1228	82	41	,
760e9863-1289-415e-a9c3-20d1f341ae61	222	1228	92	41	661
9648e921-c54a-4403-94a5-02e422b7278d	222	1228	92	41	,
561fd64f-8bbd-416d-b25f-67e83b7b06e4	319	1228	102	41	666
11588e56-09c9-4bec-b25d-360836f07e36	319	1228	102	41	;
78c8c0fe-6f75-443e-a3f0-02ba507a37a6	427	1228	108	41	those
a4d702c6-7612-4e87-97b6-cdddb695c20f	540	1228	146	41	baptized
55f6baaf-836d-4997-b6c7-3246a6e76d33	701	1228	123	41	called
b3d4fd25-6174-4f18-8f78-647e559540c0	830	1228	133	41	church
544a9713-e28f-43aa-bffa-2a87e9add0ec	968	1228	56	41	of
d35cf4bd-d512-4c33-8557-4cb21dd425f1	1029	1228	128	41	Christ
bbb9b953-8c7a-4838-8ff5-ee5635c99981	1029	1228	128	41	,
a577c97b-e0a5-4dd1-9a60-103ce98139dd	1162	1228	102	41	672
24b149c2-860a-48fd-848b-dda1837420ab	1162	1228	102	41	;
cd351fef-2ebb-4e40-9d71-9f38eb7d502b	1270	1228	41	41	to
cb6ca70d-b28f-4998-9d46-6b79587e2304	135	1269	42	38	be
408badc5-9ba1-45db-9d99-fa8abe1ac493	182	1269	109	38	called
c5760045-c310-463a-8803-b26348f7f5bc	296	1269	52	38	by
3b186ae0-fdea-4bf7-9b8b-ee5977df6e3b	353	1269	100	38	name
7e560bce-40a5-4a3a-9c56-7e38d7f2efb3	458	1269	43	38	of
63f2f888-30af-4895-bfe2-69abec44ab78	505	1269	128	38	Christ
2a33b9f7-6669-4472-8808-1429e9afb749	505	1269	128	38	,
b2b485bd-7241-413a-b1ee-2a495ff3decd	638	1269	85	38	673
e495fe80-4b78-41fb-b081-b71931dcc48a	638	1269	85	38	;
2256dd8f-b918-4f4d-baaf-fa8bf9cfee4e	728	1269	47	38	to
8351272f-afed-4b45-9901-5afe6574b543	780	1269	47	38	be
4ee4ba7f-c11a-49b9-a7a1-307a4c2d1ac6	833	1269	90	38	built
aae90a76-f889-4940-a0ee-b2b34d60ea61	928	1269	95	38	upon
ad8d5a1e-cb85-428c-81f0-4f20b89d6cb1	1027	1269	114	38	gospel
6a3eb95d-26c8-4c82-b434-c3049a3f28a0	1146	1269	43	38	of
f778113b-3f81-4b44-9c4a-db9c83ce3f6d	1193	1269	121	38	Christ
ac29cbb9-dc5d-42c9-bf6f-d31e57a6d99e	1193	1269	121	38	,
e84dd1e3-f664-48c6-83db-9c5e999be3f4	135	1307	87	38	673
3dd649ba-a370-49f1-a539-96a59c34ad0d	135	1307	87	38	;
c80fca8c-8a92-47e0-a5fc-485a6459d875	227	1307	157	37	disciples
7ff9d5dc-8f58-478a-b691-ab6b834df150	389	1307	51	37	of
d11143e0-5de5-4717-a24a-dd186422e970	445	1307	120	37	Christ
dfc84096-ad1d-4456-a874-29c914facfa5	569	1307	97	37	unite
5b9e960a-7042-49f4-9177-290ccbd5aa00	671	1307	120	37	people
dde1cbf1-66e7-44ac-9d6c-112cd5ed6102	796	1307	60	37	to
6fffb02a-a1af-43e0-934e-835f0044fff9	796	1307	60	37	,
cb85195c-29d1-4d85-873e-4f530b8a966c	861	1307	92	37	677
90de4843-86dd-4f51-b454-975ee718d83b	861	1307	92	37	;
7fc25ca5-bd52-40f6-b016-052d6fb58b8a	958	1307	60	37	all
5441872e-1c12-449c-8131-da0ead6ea85b	1022	1307	176	37	converted
90c8d8cf-5841-473b-80c2-4ba984861196	1203	1307	109	38	united
d3a07c23-6795-420a-9572-21ff8fd994f3	132	1344	95	38	with
2eae26ac-ca2a-48d4-b465-216564a12c8e	132	1344	95	38	,
9189c644-8d57-4b0b-bf33-da1f13f37b2b	232	1344	95	38	67S
8adb0e1f-4675-4540-9ce4-dd5d21a2dd70	232	1344	95	38	;
a28c7dd9-363d-4755-b432-6537069f3b2d	331	1344	157	38	disciples
f71abfb4-a59f-4f2e-acd1-84c10e2c910f	493	1344	104	38	form
8e374644-4c21-47c5-a70e-5d87ac76c6b3	493	1344	104	38	,
5b4998c3-3ab1-4b7c-834a-cef66d5c09f3	602	1344	47	38	in
66498de7-3493-47e3-b54b-48905d42bd5a	654	1344	62	38	all
f4a4ee87-40b7-4cc1-ad78-516dffd5e776	721	1344	97	38	lands
37906a42-4f9e-40e9-b964-cea1077eb7e1	824	1344	124	32	round
2d988139-797f-458a-89df-1c82d6fe27f2	952	1344	116	32	about
bc315cec-830d-486d-9ccc-cf42ad853d75	952	1344	116	32	,
d53874b6-e009-48ad-8200-58706fa3a801	1072	1344	96	32	681
bc2da12b-893f-4fd6-9664-7579ee7d88ff	1072	1344	96	32	;
d5f8f442-b7c1-4d88-8881-2eb43976ae6c	1172	1344	64	32	all
c35defe7-56d2-404b-b4d9-6d4a1adfea41	1240	1344	71	32	peo
a43a88e0-14d2-4e17-8a5f-53873df6ef58	1240	1344	71	32	-
5dc7957c-3a16-462c-a1b7-8bdb07789524	135	1382	61	41	ple
703ff9a4-782d-4764-a245-55432d655f48	201	1382	174	41	converted
7edccf27-aece-4715-97ec-d5cdc68f5c03	381	1382	97	41	unto
c5c25186-1bbc-490c-8699-99ecfab4fda4	381	1382	97	41	,
4a5ea632-9e8a-404f-9f82-a785895930ad	483	1382	92	41	681
7f816465-575e-45ce-99ca-0ddf8f315a45	483	1382	92	41	;
bebee29f-0165-4a30-811b-2f6d098e374f	580	1382	113	41	began
fc88aa8a-8380-4a5d-b446-8254102d9c32	698	1382	51	41	to
2d85bd11-607a-4409-b0d2-ff7e0aa40d7c	755	1382	92	41	deny
72f592f0-d109-473f-bff2-5e486e95df9a	852	1382	92	41	true
af3830a4-fa65-4665-83d3-60b8d4e7e4be	852	1382	92	41	,
bd54eca8-5bb1-4245-8e5a-73865d91c98c	949	1382	92	41	684
35ddc901-43bf-41c8-9eed-2b9e9b1b8911	949	1382	92	41	;
006df48c-789c-4f94-a5dc-82844867aeeb	1047	1382	154	41	another
1785cd11-241d-4b2a-afff-308f15d39a25	1047	1382	154	41	,
bc79a8e2-64c7-4b49-bf6b-ede7d15113f5	1205	1382	103	41	which
d6239cf2-73e8-44fd-91f7-b1d945c73c4f	135	1420	117	41	denied
834751c4-5dd1-45da-9bf3-3c532f62d9fb	258	1420	72	41	the
036ef2a3-2901-4d73-961b-45b999d96ca4	335	1420	128	41	Christ
516e227a-a2d6-4b30-8d53-307862fe1d99	335	1420	128	41	,
cb2557c3-449d-403c-a830-45bb4e231d5f	468	1420	97	41	681
e9f8c90f-a427-4411-aff0-3e0eb0ef6bb1	468	1420	97	41	;
8264b9ba-da0d-4ccb-b94f-91c5b1113892	570	1420	51	41	of
69a7e29c-e72a-45aa-8be0-de4198922c9a	627	1420	128	41	Christ
dc6ac41b-830f-4f43-9d26-8bd6cee68613	627	1420	128	41	,
66eab340-bf9b-4def-befc-5747b1041eba	760	1420	102	41	those
7bdfab3d-7404-4687-a599-fc6e96ba9772	867	1420	154	41	baptized
f0716a30-becf-4acb-8e1d-bfc1d1c77b86	1026	1420	97	41	into
1f1462f7-d636-4537-a6fb-40e162ae2251	1026	1420	97	41	,
ff784a56-f012-45bc-b977-d8a6f7fd38ad	1128	1420	92	41	762
b9634f59-0cca-4dcd-ab5c-0d4142b5d543	1128	1420	92	41	;
096b511d-4911-4988-8e92-f7a566d63136	1226	1420	86	41	meet
91d44f0f-0a42-48de-bda6-1bd05240a0eb	135	1461	152	38	together
138d8443-8cf0-49b8-aa8b-dadb298c5743	292	1461	109	38	often
ce9a89cc-f6cc-4651-9dfb-a6532b3a3b2d	292	1461	109	38	,
2fe68f2a-4d05-46e9-baa1-63f6cb76e0a4	405	1461	76	38	762
2885b1bd-6d3a-4a0e-8980-9b902fe62159	405	1461	76	38	.
86632fd1-1a90-4512-a16e-5c6cea2950d4	97	1502	167	38	Churches
f6cb3479-fc3c-4f46-8a6f-668e2d2a9ceb	97	1502	167	38	,
f77b2b04-837f-4504-bbc1-996798414bb1	269	1502	79	37	two
d05674e6-b3a0-433a-8718-4a504a188066	352	1502	92	37	only
6b51e1f8-b78b-49f2-a0d1-4fda0d071376	352	1502	92	37	,
6de0d8ce-a56d-4114-abc2-e78d48c1654f	449	1502	74	37	40
6940b0f0-5e22-4faf-ab15-0a3901154900	449	1502	74	37	;
376d9f45-23bb-4876-acb6-c86f3887b582	528	1502	69	37	not
2f92ce8f-776a-4211-b0b1-26ed4a1b9ec4	602	1502	88	37	unto
a22f2a80-25b0-4d8b-b8f9-a722d02bac2a	694	1502	65	37	the
e998c6f1-58d5-4a93-9b6e-dc0124a12ece	763	1502	102	37	Lord
6726bb45-330e-4cac-b4fb-02ad5b4c47b4	763	1502	102	37	,
78393975-fb74-48dc-9146-c3a5e8e332b1	870	1502	92	37	152
63118dff-c62c-4659-b523-acf633f6a664	870	1502	92	37	;
7e3e666e-f7fc-4faa-b241-b029f3a3b119	967	1502	46	37	to
60fe8a22-3633-4da2-a612-7c70ed0c4585	1018	1502	153	37	contend
641d69b0-507e-42d0-92dd-f47ac31a9e96	1018	1502	153	37	,
22976c72-2671-470d-b220-45a642a306c6	1175	1502	46	37	to
2811a58c-c8ef-496b-95c3-0ffba32715f7	1226	1502	86	38	deny
297e733c-1118-43e0-8bb2-7fcf66d70da2	135	1539	66	38	the
e56996f8-06fd-4a64-b0b7-992422047408	206	1539	100	38	Holy
121945ce-f49e-4501-acf4-86824de7bdea	311	1539	108	38	Ghost
a8884208-be50-4e52-9691-bcb9ed163570	311	1539	108	38	,
d5f4881c-f549-4a70-a237-6ed5d050c9e0	418	1539	105	38	153
2842bd96-50f1-407c-9d57-dfe00af2aedd	418	1539	105	38	;
bceed4c2-802a-4786-9ce2-6ea2c47fe7bf	528	1539	138	38	become
8168ebcd-3527-4049-b848-629cabe96302	670	1539	185	38	corrupted
cbc25054-4fc2-4fdd-a134-a57264dd08cf	670	1539	185	38	,
30b47b66-44fe-4ceb-8f4b-cac664097b7a	860	1539	90	38	153
1e91926d-a52c-4244-af99-2edef1f762e9	860	1539	90	38	;
9cf60e31-5d03-47ee-90c7-443f0af45b70	955	1539	71	38	rob
2d4dfd98-62df-4d2d-bcc0-397a510d9e8a	1031	1539	66	38	the
cf0c1a89-ea03-4038-a055-3119ddfdb436	1102	1539	100	38	poor
dec54e88-6e74-40ac-9a79-9652492b92f1	1102	1539	100	38	,
117c58f3-0982-438d-bcba-6d88057f51e8	1207	1539	105	38	perse
7c08e65c-883c-48ed-992e-f7a358788f84	1207	1539	105	38	-
c82682f9-6ab6-4f65-a11e-8a5883e8a7e3	135	1577	82	41	cute
5ec8a54a-54b6-410e-9aae-8716bb2124e3	222	1577	102	41	meek
7a69cdaf-8e41-4a3a-b09e-3d933d37b29f	222	1577	102	41	,
94ed6480-655a-4b51-b36e-efa56013d621	330	1577	92	41	154
2f94b99a-afbe-48ce-9d8b-68612f264bbf	330	1577	92	41	;
1fd02956-821c-4640-9c00-dbebe1db5620	427	1577	102	41	pride
c47ce4d1-4bd5-4540-aaf2-8cb4aaa394b4	534	1577	77	41	and
a2383f0f-0437-46a4-8738-e7bed8d48ad1	616	1577	200	41	wickedness
7c3fe657-b050-4120-89cd-61055897eaee	821	1577	51	41	of
99a586d8-a0e8-4c33-86b5-64dd252cec5a	821	1577	51	41	,
049219d4-8932-4dcd-86c7-a6030f937dd8	878	1577	92	41	154
b63713de-dd25-41c9-a202-3b92b7fb4b8c	878	1577	92	41	;
c8a37ca7-7262-4458-b12d-c2bbfee876dd	975	1577	128	41	taught
e59fb190-ba7b-4bd9-a01f-c290e6a140c5	1108	1577	51	41	by
549e7f9d-4017-47eb-a84a-5ca589c20baf	1164	1577	144	41	precepts
bf0edde1-7116-4f9b-a387-fce115a85558	135	1615	46	41	of
406d157c-ca73-4cf2-a570-55f9c34ca1f6	186	1615	92	41	men
1f65af06-6133-4041-a067-e4eb5d8a18dc	186	1615	92	41	,
8e87d49f-0638-4880-90ff-35ebe8f87243	283	1615	97	41	154
eb649c42-8b9b-4b06-8cd9-bd099ab104c8	283	1615	97	41	;
0ab20eb5-9a2c-4c3d-9f11-f097f6a81c69	386	1615	102	41	Alma
9cc48310-3107-4d62-8eba-9f74750df5c1	493	1615	179	41	permitted
995028db-5768-4d67-96ab-5cd4fb62c7c3	678	1615	46	41	to
0231fa60-0dc4-4462-97e2-f267394b7944	729	1615	174	41	establish
857c1ce8-9403-4220-b7c4-566f0680c843	729	1615	174	41	,
26189120-124d-4e36-945e-10fca0556e64	908	1615	92	41	281
9fac6bd7-7127-4e45-9b3b-63d7b58b545a	908	1615	92	41	;
0186cd89-341f-4d9b-83ea-2efa187e4504	1006	1615	108	41	seven
3beea9e3-4c9e-430a-b9a1-967826fb332c	1118	1615	51	41	in
aa069ffd-f99e-4f1b-b46e-51894b2998b5	1175	1615	92	41	land
cf9ffdc8-165e-49ac-b2ef-b1de9f10510e	1272	1615	40	41	of
964b764d-eb70-4e42-8b67-4ff7a572b964	132	1653	200	41	Zarahemla
5788014e-f5e5-424b-9d10-14a33ce0f115	132	1653	200	41	,
ede338af-d5d2-44f8-ab0c-716cc782b328	337	1653	102	41	281
de988d6b-a068-4ed7-bd8f-101c7f0d003c	337	1653	102	41	;
89ae8640-825d-464b-a6ab-1cb29e3061f2	444	1653	205	41	established
ac4fbc73-9dd2-46fc-8c45-f0c9362eb6a5	654	1653	67	41	by
2edb56c1-2deb-4791-b6b5-515409e3c700	726	1653	118	41	Aaron
b7606ef5-4981-4ca5-86ee-5274712ec728	849	1653	87	41	and
5ecd4b43-d6c0-4d7d-b51d-811ed14e0edd	941	1653	169	41	brethren
84d7efea-77f9-4795-8c18-d95c100aada4	941	1653	169	41	,
7d352e7c-0601-4067-9038-3b4cb4b3c06d	1115	1653	102	41	389
29240710-3df8-4044-bbed-45896bdfc75f	1115	1653	102	41	;
c14da237-ceef-44f6-b3ab-8ae11d4d50b7	1223	1653	89	41	built
7cbff3f0-3dfd-4165-9b6d-83369f09bbcf	135	1691	51	41	up
36fd4bd2-5acf-4e5e-afaf-0d3e2cb675f7	191	1691	46	41	to
fec85fd3-f888-4409-979d-12c94a78c9b9	242	1691	195	41	themselves
e2b1ac38-f125-425d-be55-e0ce9ce43723	442	1691	46	41	to
34d578e7-9774-48f0-9fd3-cd4fee7e7a0f	493	1691	67	41	get
ecac4828-9923-4ca2-a371-37b45e6c426c	565	1691	92	41	gain
5c2c13e6-cc97-4068-b01e-e1fefb3c10e3	565	1691	92	41	,
9652ebcb-aefc-416c-a563-cba32571c14f	662	1691	82	41	684
ebf0775d-ebac-45fc-b342-1eba45350c91	662	1691	82	41	,
631c4c52-3855-4b16-a94c-80bddbb1adb5	749	1691	108	41	many
fdbc7f3a-b4b2-4d10-b8ae-120bfaf368ad	862	1691	169	41	churches
3e149fb7-691d-45df-b373-e8d5a44aee56	862	1691	169	41	,
5c375f70-4990-4ecf-b823-ac85ac243321	1036	1691	82	41	684
fd68d360-a1e8-40e5-a571-4934fbf8905b	1036	1691	82	41	,
b7435e77-d0cb-4c0a-9cab-01b6d1bf079b	1123	1691	92	41	685
1921c011-6f94-43b5-baa8-33e9103beb88	1123	1691	92	41	;
57fdb503-6a26-418a-9a7f-17ceece781b7	1221	1691	88	41	built
655b05c6-9a5a-4e25-a2f2-a6539dbf2ed7	135	1728	51	41	up
cad81ff0-775c-431d-bdd8-eccc894ba381	191	1728	51	41	to
9736a394-a8ed-4987-ba63-c7dcf054651b	248	1728	195	41	themselves
62eb3ab6-a869-4f1a-9194-b0c3104055e1	447	1728	128	41	richly
b6148449-bac0-4d5d-99e0-c984bc1d9683	580	1728	154	41	adorned
28c310ca-784b-40ec-bcbb-f08ea414c5f4	580	1728	154	41	,
711886b7-cd2e-473a-af27-4c4234b98450	739	1728	97	41	686
e8bcf3ab-c975-42cf-b21a-430b1eb781cb	739	1728	97	41	;
dacd8a15-9052-4f0e-9552-01ff11ede33c	842	1728	46	41	to
47c92727-d49f-440d-bd6c-632018bae33c	893	1728	133	41	become
79a0c15a-5860-4e56-bee3-891c216c5d08	1031	1728	133	41	defiled
9d6a6e40-b210-499b-b33c-a8e7a7658404	1031	1728	133	41	,
99b38e5d-fcdd-4c57-bf4e-58ec17e2ebf2	1169	1728	92	41	707
e95ca54a-4309-435c-9dcf-95040944b122	1169	1728	92	41	;
f6553e8d-b2e9-4971-90c9-5ca10bd48b59	1267	1728	42	41	to
bdf938d8-4e83-434a-a837-173204535f77	132	1769	123	38	forgive
24ef5596-9338-4c69-95ee-a2ba2e7bdb93	260	1769	81	38	sins
e6032fb1-e692-4f0c-8048-a1bb64ec98dd	346	1769	43	38	to
3a519d42-0735-4e3b-98e8-b048892d0e00	393	1769	66	38	get
0a3ae542-cb13-4ba5-a3c7-813d7da24428	464	1769	95	38	gain
2d167470-1e5d-4b51-ad81-6bb57773dc28	464	1769	95	38	,
e93966ba-f6e1-433b-8e92-83ca5d2e8db2	564	1769	85	38	708
bdfb9481-8e76-48a3-9d81-2cae31a56abf	564	1769	85	38	;
6e697ecb-9389-4268-a046-738db5a150af	654	1769	104	38	every
0f52d531-b899-4797-874d-f0f4be1d9af0	763	1769	66	38	one
163891e1-499e-4b50-b99c-9a2d89a3e494	834	1769	147	38	polluted
4a2b6a43-3051-4455-9932-d2924c5e0ba5	986	1769	52	38	by
655d907c-bc58-4e64-aaf9-042544eaf8c6	1043	1769	109	38	pride
f0c22a87-8a24-4b7d-b44e-610e75d71e05	1043	1769	109	38	,
229f01bd-6ca4-4028-b924-241e00914ff6	1157	1769	76	38	709
55236ba0-0c3f-47a9-ae7a-a6b0699bd6ab	1157	1769	76	38	.
09ae9757-67ad-4ea7-add8-2c337477661b	94	1810	230	41	Circumcision
1214ffba-1d3d-4894-b0f7-511c3c1a221b	94	1810	230	41	,
c41d83cb-5b87-4692-94b4-a90b92f4d94e	330	1810	92	41	done
1a324540-b6e7-4dd9-aa23-edda8160aa8d	427	1810	102	41	away
5f12573c-8202-4473-89d5-71344a559788	534	1810	51	41	in
3997e061-fe3d-47b6-87cc-c92a1b1bf323	591	1810	123	41	Christ
40b417c2-f112-4256-aa1c-545691629088	591	1810	123	41	,
befc34ff-126b-409e-8119-6aa5731dfc86	719	1810	80	41	TGO
98a37072-858e-4792-ab03-7f856209f157	719	1810	80	41	.
17e04370-0802-47f2-b51e-7c7b2f1ed713	94	1854	117	41	Cities
1f9b3095-f0bd-467c-b376-2fe1901d70e5	94	1854	117	41	,
5817de5c-87b4-4bfc-bd5a-54cfc39909ff	217	1854	97	41	built
52991321-d966-455b-b50e-8f133b0747c1	319	1854	51	41	in
82450617-3d76-4416-aeba-d763f2449d65	376	1854	205	41	Zarahemla
992a92d3-183d-442d-a6c5-1bd387ad57c1	376	1854	205	41	,
56481e4f-0a42-4c37-91be-e5d669b07ac5	586	1854	97	41	286
3bfc937b-0af3-4fc1-91e0-a3c979ec1a99	586	1854	97	41	;
85cc8832-eb65-483e-a662-45b3c21ddee7	688	1854	113	41	many
fd6bf2cb-fb27-4458-86d1-6705eec733ff	806	1854	108	41	built
128cadb0-a4ce-4a4d-8b7f-5dabd220e244	806	1854	108	41	,
02b663e8-320d-4880-a71b-35b2e4f94112	918	1854	97	41	486
80e34562-a73a-495a-898e-65e705478b35	918	1854	97	41	;
9e3b04c9-4026-45ae-ae77-f47199cc5cf0	1021	1854	108	41	many
733055c2-63f1-43e9-ba7f-446ee46ec60b	1134	1854	97	41	built
d22e0c60-b24d-4216-97d5-d5cfae5c7ee5	1236	1854	69	41	and
332bb30c-134c-4213-ba68-071a9dd37f22	132	1895	152	39	repaired
4e822d64-ca1a-48ad-a479-a5ab176d9b65	132	1895	152	39	,
98dfd1bb-facb-4265-ac1d-a36942a54b2f	289	1894	95	38	617
3527ecc5-37b2-4fa6-9448-67c78cc1da29	289	1894	95	38	;
d8965be4-a40f-41f2-98c3-dfd76da43e22	388	1893	181	39	destroyed
ffff0a3e-71a7-47b5-82fa-d95f5823ac8e	388	1893	181	39	,
7d6b694e-5abe-49f1-8aab-48fdb0374652	573	1893	95	38	624
55d85d5f-cd96-45b5-b426-6adaaaec8c49	573	1893	95	38	;
bb84a9be-05d1-4143-bba0-068af639e1bb	673	1892	95	38	built
1e9bb55d-1d9c-4e06-bef9-ff8074597d7f	773	1892	109	39	where
feb54ec8-a0ed-4c53-b1d3-418c61dce6df	887	1891	162	39	formerly
a37941ab-1b00-4233-8582-0094996b97b6	1053	1890	133	39	burned
6406c6e1-0370-427f-a59a-2662eaea139b	1053	1890	133	39	,
e3eb9ede-5fec-434d-9229-7ddbcea2da1e	1190	1890	77	39	682
c37cd4ff-7c36-4aac-ac36-e4c2a48b738a	1190	1890	77	38	.
1f5b7fcf-5d40-435f-b4d1-40cc0bc9cc87	94	1936	142	38	Classes
cb5d2ee6-7135-46f6-92a7-f34949d9ce4b	94	1936	142	38	,
d5f2fbc0-90c8-4e85-ab57-5d222c4287e6	241	1936	128	38	among
a63229c8-60ca-40fe-aaab-12a49df05a6a	374	1936	128	38	people
3b29b9aa-07f0-4300-a93c-3433377cd4ce	374	1936	128	38	,
25b62182-a250-46bb-ac6f-6367c987ea89	507	1936	78	38	684
326b4cc2-9380-4a87-a86d-bb7c1a099eeb	507	1936	78	38	.
1ed53bbd-1e37-43f7-a57c-ebb7200b16e6	94	1977	110	44	Cloth
a054ca90-e30a-40ee-9378-db1a105a82f4	94	1977	110	44	,
aae84592-36bf-404c-ac93-bc40b65e2a84	209	1977	115	44	woven
d28df15c-7160-4ebb-b2be-31aaf2b699df	330	1977	55	44	by
47572f86-fc0b-463c-a7ec-8c435c3b8422	391	1977	121	44	people
dcb06612-ba53-4729-8840-3f2cbb414ed6	517	1977	44	44	of
66a413a8-e307-4390-a9b8-e84c83c4b985	567	1977	121	44	Zeniff
344238dc-a122-4d71-93b5-5cd6cc344a6d	567	1977	121	44	,
1d7198d2-2b57-4a79-ae98-e75d7aeef01a	693	1977	82	44	237
8d8f0655-4659-4434-9eec-3699c1e37c79	693	1977	82	44	,
d517d934-b71b-4fef-b40d-fbc0ddf98cbf	781	1977	82	44	302
abc43211-619d-4382-9ec6-8ebe958953ba	781	1977	82	44	.
b8a47116-c879-4c69-89c9-85f3854cdc06	869	1977	93	44	562
c2640122-4913-4a1b-97ba-66a9307262d2	869	1977	93	44	:
471cd677-d0ce-44b4-bf43-78155495993a	968	1977	104	44	made
5ead60e0-64f6-4e95-9f59-cde2faf125af	1078	1977	55	44	by
cdd5ae80-7ee6-4d03-a6bb-b0fc9855fdc7	1138	1977	167	44	Jaredites
696debe0-c37d-4e07-8d17-037f4932a9eb	1138	1977	167	44	,
a7fb456e-01cc-4522-a822-5213820795f8	132	2018	72	31	742
c31807d5-0ffa-42c7-95d1-e478da508d5d	132	2018	72	31	.
4d9e5a6a-3909-4c34-9d30-4c89edcac7ee	94	2056	114	38	Cohor
63c5a70f-fcf2-42cc-9eb8-f3567cdb39e0	94	2056	114	38	,
da96b324-b9ed-427e-9189-9bd79aa6a584	213	2056	138	38	brother
1273d06d-6c3e-4bd5-8c74-7f233bfb252c	355	2056	43	38	of
982bd783-0542-4466-873f-d40b6450a24d	402	2056	109	38	Noah
2d8a7776-f5ca-4405-b07b-ee79205283b6	402	2056	109	38	,
4056f03c-e7c9-4c23-b0e7-80fcb165886c	516	2056	119	38	drawn
1af07852-dbe0-4d3c-afde-ed9baeb36b25	640	2056	104	38	away
41282171-fd98-43c4-bbb2-f11210e33998	749	2056	52	38	by
3daa5dbf-9525-4e6e-b411-f727d5bc554e	806	2056	109	38	Noah
ffb01587-731d-42ca-abb7-344214412910	806	2056	109	38	,
cd534390-f832-405b-a07e-143fbd5cd1af	920	2056	77	38	730
ebacdefe-52eb-4326-a387-479467d84216	920	2056	77	38	.
0b27fde1-3f6a-4bd1-a3ee-98a9731e9cd6	94	2094	115	38	Cohor
c383c1be-cfa1-4643-ba8b-90e7b974677f	94	2094	115	38	,
ec620976-a6dd-4f80-8d96-99a6b263debb	214	2094	69	37	son
29e3a34b-58e2-4d7b-b23e-cf2093ee4c5f	288	2094	46	37	of
398073ca-e9ab-44fb-aec5-b046a08bc77f	339	2094	106	37	Noah
665fd610-a323-4bd0-8739-72017b0e46da	339	2094	106	37	,
8cf5ddaf-9fe3-41f1-8fa1-6038c59a35e0	450	2094	157	37	kingdom
0f9a70d4-e519-4731-b0f6-48303ab124c9	612	2094	55	37	of
424b6f9b-3b41-4421-aecf-63d3f3701a08	612	2094	55	37	,
c6614361-d0f0-46f9-837a-3c15169aa3ec	672	2094	88	37	731
39ffa947-c836-4e65-8c6e-e23fead355ec	672	2094	88	37	;
a873695e-20f8-4785-930b-1e80c87b50dc	764	2094	97	37	gives
4e3f4eee-539c-4f8f-b58d-1d31e3b95687	866	2094	111	37	battle
f46b79d7-6a71-4eaf-b512-db08f3514847	981	2094	46	37	to
ad3f09be-1e65-4334-a8d4-07d624d1e68b	1032	2094	116	37	Shule
e32bcac2-0b30-4460-af59-93732fabfcff	1032	2094	116	37	,
73e3676a-8255-4874-a7b9-7c45604c7a50	1152	2094	92	37	slain
61c7b5c8-be73-432a-913f-3fccf02c61e2	1249	2094	56	38	by
896b1df9-668a-4078-8688-14cbbc76b112	1249	2094	56	38	,
