ID	X	Y	Width	Height	Text
747e9b98-a0a6-459a-8401-81c192ce9822	104	113	72	38	790
8cc5e72a-a4de-434f-96c3-8dccf915a4e1	478	110	152	47	BOOK
4eb3e8c7-b778-4709-8c9c-9814f45b1115	636	110	88	47	OF
769fea17-efd1-440c-a7a7-158e8116cc58	730	110	232	47	MORMON
1887fa09-7c64-48bd-af22-00eb53a7512e	730	110	232	47	.
b6eeb00b-5108-4d54-ba81-5e5c65e1d98f	142	189	94	44	753
05ca0128-2ba9-4d31-b759-ece568e51e82	142	189	94	44	;
8f4f4769-a105-49d9-81dd-2e87f125f92f	241	189	159	44	defeated
fd56e272-d67d-41db-a015-cd2b54d0e6c2	406	189	60	44	by
47e7e144-baef-40c3-947b-028b9ec0c487	472	189	143	44	Shared
5042474f-8541-4e05-a609-87e4cdb2a430	472	189	143	44	,
d9e58ab5-ca9c-43ce-92fd-ff987d89dbe2	620	189	99	44	753
3912571d-f3f4-4d79-b4c0-3765d66d82ff	620	189	99	44	;
590b49e3-3b72-4a60-be96-289622c8bfe8	725	189	104	44	slays
9c7acac0-baac-4b2e-9b8b-4c5ea622a834	834	189	132	44	Shared
016fc392-88b0-47b1-95d9-dfcd86013347	972	189	55	44	in
f9927d0c-f701-4b28-b160-a35acfebab38	1032	189	126	44	battle
5e70873b-8655-4d11-b2f4-30ec2662d040	1032	189	126	44	,
ff078511-6a26-4c66-82ee-501deb3270e6	1164	189	150	44	wounded
d1501ea2-b7b7-4971-bb40-270fc2286fb6	142	227	51	38	by
af5239b7-3d61-4de2-a9a5-5bd2be8f8261	197	227	134	37	Shared
6eff4bfc-641d-4e82-b0d4-2e5f2fb89eca	197	227	134	37	,
b5aa1257-a6e7-4017-848e-1de7a1491dcd	336	227	92	37	753
517eae82-d1a8-4f87-aa0a-0dab83220c9a	336	227	92	37	;
95e1dba7-8a2e-463a-8d72-fa600e5759cf	433	227	134	37	defeats
7be6466f-85d1-4aa8-9007-ac2f25110f11	572	227	134	37	brother
7c3b9fae-3d07-4622-8647-2525dc7b69b3	710	227	46	37	of
15c21968-3bf7-4199-ad66-b82a6f3c1162	761	227	139	37	Shared
3650262a-d872-45f5-8ff9-b3177d41c91b	761	227	139	37	,
f5783369-cd68-4549-afd7-3503a206a113	905	227	92	37	753
d3109895-150e-4469-9fa1-aeb78ede61bd	905	227	92	37	;
1202707a-7759-4c48-bb27-47a2165fe09e	1002	227	139	37	brother
e79c1299-3da4-4279-a37a-b8f629c00a64	1145	227	46	37	of
261c4d7b-c22c-4479-8f86-e7f2e70feef5	1196	227	119	38	Shared
0ad23848-01de-47db-b274-6e0ea1efdac3	141	264	116	45	places
e15c26a5-bb32-4ba6-8b01-3e8192fa903e	262	264	149	45	himself
7130b980-4251-43f0-a055-ffa1bc0a83ed	416	265	99	44	upon
52a20fb8-4369-4bd5-9199-292e6cea5ccf	521	265	132	44	throne
873058fe-39b1-4687-9de1-71c69d382ec6	658	265	66	44	of
2651c914-2908-46c7-a2a9-a56f16fbb294	658	265	66	44	,
60e9fbcf-b90f-4404-a9f0-1e056d1a2c4c	729	266	99	44	753
459c8370-3e7a-4412-a705-d59a0a2b2300	729	266	99	44	;
590116db-4503-4884-b33d-584953249633	834	266	110	44	gives
a7f4caf4-f18c-4b32-a4ff-eea6a9ec4671	949	266	116	44	battle
9c387307-7fed-47b6-8e46-13550384e21e	1070	267	61	44	to
de8cbcee-fb6b-44bb-aea9-e021a0f1fac6	1136	267	88	44	Lib
34076535-1761-40a6-8d51-ece052f930ab	1136	267	88	44	,
76840d0d-b78e-457f-9817-77651abe2ff0	1230	267	85	45	754
b741d725-e946-4055-887d-36e8c04052de	1230	267	85	45	;
59f766a8-e458-4f4f-9a5c-d8d5aa72dc7b	142	302	171	44	wounded
8cf26b99-a9d5-47c9-9b8e-0168ffcb0b8c	142	302	171	44	,
20572131-4766-4743-baae-4eb1c801a96a	318	302	93	44	754
a74b7b0e-7b2a-46cd-b3f4-de9d20ba279f	318	302	93	44	;
2cf4be33-8248-4282-afd9-f6e355491015	417	302	159	44	defeated
b75afc13-117e-472b-a2b4-830c167878ae	582	302	60	44	by
29fd7d28-7fc7-4af6-915f-6a4cf834a858	648	302	77	44	Lib
338088fd-41c0-4b54-b867-9a9a47e41dc1	648	302	77	44	,
0a7213c3-4485-4294-967a-2713a18beace	730	302	99	44	754
90a2ecf5-e3e1-4697-aec3-f4ad3b4585cd	730	302	99	44	;
ef3095c2-b553-4262-bdf7-17139b1d1c5d	834	302	88	44	flees
94bb5057-e39c-4660-b8d6-ac0a1636aebc	928	302	55	44	to
6fca3cc3-aa17-4374-a845-7d66c00fcf6f	988	302	132	44	Agosh
b13ddac5-a323-4564-bd0a-bcb590eb38aa	988	302	132	44	,
3f555499-83b6-4515-b3a4-c48ac786fd2d	1126	302	93	44	754
92edda01-4189-4a98-90ca-2c5e8a3eba82	1126	302	93	44	;
0d6631f2-a066-4500-bc22-f137e7407d4c	1225	302	93	44	gives
3f34da2d-8ca3-46a8-a443-ee35c68171ee	142	343	108	41	battle
30779ddf-7ec6-41d2-aad7-1eea12b92f6e	255	343	56	41	to
9993a8eb-0e16-44a0-bd1a-b219a2170465	316	343	97	41	Shiz
b9abdcef-d12b-42d2-9c28-87fde4e8ca71	316	343	97	41	,
683abef6-31a0-4de9-9eb5-172f050c8f6f	418	343	92	41	755
f793373c-6774-4758-a892-5ae870d5121b	418	343	92	41	;
5075f6c4-6e2f-4f02-b646-9f343f89bb8c	516	343	92	41	flees
453bd536-f5f2-43fa-a337-57632fa8c3a2	613	343	118	41	before
f045aa2f-7115-49d8-8196-a4c646822cf5	736	343	82	41	Lib
cb60cac1-98da-4dab-8359-4ce6ff61dc3d	736	343	82	41	,
e9a1fe69-57e4-4d6f-872c-00e46bcb6dad	823	343	97	41	754
fb692ad5-59b4-4b3d-927d-0a951250823f	823	343	97	41	;
014a19e9-452a-4a7c-bac3-da75ce8a1d81	925	343	72	41	not
57fce8ce-d8fe-4cff-9d1f-fcbed40b253b	1002	343	51	41	to
ac33b956-cefd-473e-a397-35af3a368db2	1059	343	77	41	fall
336c4657-90c2-4856-a15f-1ab020be5d7b	1141	343	56	41	by
6b4513e0-f0ad-4c3e-8eaa-e928d6bd18d1	1202	343	116	41	sword
c67b49cd-18c3-420e-ae54-206bc06a1ea2	1202	343	116	41	,
2f1163e2-98b6-41ba-a82b-77946b229ca2	145	384	92	35	10a
8dd7a216-f65d-44a4-aee0-2162b41fe374	145	384	92	35	;
c4371a1e-ddca-41b4-b815-15fc98aa17c7	241	384	105	35	gives
d2fae238-9ad6-4a9c-9fb9-b718f68b38b6	350	384	118	35	battle
6d2f26ab-8ccd-40e3-892f-0115a8cb1e01	473	384	57	35	to
e582d86c-b3c3-400d-a8f5-dea5b0ff66b4	534	384	101	35	Shiz
ea73b66f-f553-40fd-9d06-86950d5ce54d	534	384	101	35	,
b7fa4d79-4b94-4429-b69c-6044e2c76b67	639	384	101	35	755
e7c1d35a-4bd8-475a-b39a-bf50794e223b	639	384	101	35	;
8c7e4dd0-6a40-4fca-9862-aaff6f9b263e	744	384	144	35	gathers
427873ff-c043-43ad-9f55-e124d46e2a54	893	384	131	35	armies
923f3f3a-19c0-41fd-840a-b3d3c3f87e8b	1028	384	61	35	at
0244972a-390b-4cfe-b32a-fb4846f49c81	1094	384	79	35	hill
60b83ef5-37e2-4019-930c-e01314623899	1177	384	141	35	Comnor
743e1fc2-084b-4a49-877c-68d44968cdd4	1177	384	141	35	,
c571a0d2-a97a-4caf-bf5a-ee1d0e5faeaf	145	422	89	35	156
50a950c8-9971-48d2-bede-fe377bad6792	145	422	89	35	;
7e8c5c30-d308-4e66-a907-0dbee8d2f554	238	422	161	34	wounded
119101f9-2719-482d-83dc-851077af4a36	404	422	55	34	by
66630712-62a8-486c-80e4-5803920dcedb	463	422	98	34	Shiz
ce0e7e88-c178-4afa-b2d7-7be2cc963c33	463	422	98	34	,
def9d9bf-49d7-4564-b5c5-559c6cb99d6b	565	422	93	34	756
00c8b83d-32e4-4f4a-8da3-5039fe2f6748	565	422	93	34	;
c819f21a-2ad1-4932-9b59-f6c0b8d807b7	663	422	195	34	repentance
fa698e00-c7a5-44b9-99c2-c98aaa0eedf1	863	422	59	34	of
4a0e8263-e516-471c-82ac-4e61d1e46477	863	422	59	34	,
803a5162-746f-4f7f-a246-602b25cc4c3b	926	422	93	34	756
96d15902-b10a-4333-a457-7a588ab72740	926	422	93	34	;
ff067b35-631b-4a34-b202-d521cecd63c4	1024	422	119	34	writes
216b7480-fc19-44bc-9d65-5625469a0f58	1147	422	127	34	epistle
11a4f2f3-82fc-4b29-823a-48292c138f01	1279	422	36	35	to
671355ca-0729-4e7d-aeaf-675d515818b7	142	456	93	41	Shiz
0e06464e-1b5b-4fec-9dbf-3bcc88303be4	142	456	93	41	,
006e8968-93ba-41c4-b1a8-d4ef0828a668	239	456	92	41	756
85ae7aab-5813-45ec-bf30-51b22d142afa	239	456	92	41	;
5954f181-8194-4307-b9c8-055afd72798c	337	456	87	41	flees
7b398efd-4ca1-4111-93c6-4ee967fdcd30	429	456	118	41	before
34d10b97-6687-4e7d-b24c-32c6b336f31c	552	456	97	41	Shiz
ee846cb7-fac7-48d2-b0bf-f93c12a5e869	552	456	97	41	,
fc5e2700-7bf3-42ad-9d8d-f900f26cca96	654	456	92	41	757
f70476ce-b8fd-4281-b3a0-0f07d2fcc6aa	654	456	92	41	;
f602fbfd-958d-458c-89ca-21b89e65d116	751	456	118	41	comes
b0841011-7b5b-4471-a773-ed12c6d2794f	874	456	46	41	to
50bdde15-58e5-4126-80a9-1007e743a24b	925	456	128	41	waters
accc0cfc-c0a4-4dec-a064-3b3f98f77761	1059	456	51	41	of
a66425fe-a933-4530-bea4-0511e67be19b	1115	456	203	41	Riplianeum
a4fcdf65-8f0f-4f2d-a8b0-6aa750e1b24d	1115	456	203	41	,
defed5b6-d1e0-4c69-b4fa-f206719fb3dc	142	494	98	41	757
00e37299-9958-4c8a-a3cf-85c616bd07eb	142	494	98	41	;
543c5e04-b990-41b5-ade9-30a8c8baff67	244	494	164	41	wounded
87d6d33e-6709-4f8a-807b-d692fd65ed27	413	494	56	41	at
68601068-61eb-43a6-8237-9216002fe508	475	494	225	41	Riplianeum
310b60a6-69bc-4ec5-b495-aeedc35e7276	475	494	225	41	,
16ee04ed-e963-4151-8c76-567723de4377	705	494	97	41	757
5c6b0317-d593-411e-95cd-d0ffa5fe8f36	705	494	97	41	;
26455ef1-c00e-4487-b7e9-f317a921e809	808	494	143	41	defeats
c5770605-1c3d-48ef-bcf5-85fc613bb99b	956	494	102	41	Shiz
23cc12c3-ccba-4c9a-b0c9-de1d4265fdb8	956	494	102	41	,
9b3b4228-5acb-4435-acd6-decd3324d236	1064	494	102	41	757
aa82d73e-13d2-4a33-8791-d40c5f644147	1064	494	102	41	;
bdc31a33-8357-4c07-b12c-5b13d9359f64	1171	494	146	41	encamps
030f0a73-312c-4427-8e5d-c8c2dd0b65e0	142	532	44	44	at
8628602d-8f90-4599-ac7e-4da920f6c2a0	191	532	66	44	hill
5b7f1ee1-8b9d-4b6c-9c35-981de9d63ac8	263	532	143	44	Ramah
27349f78-97ab-4d87-be0c-c1b07fc7eae2	263	532	143	44	,
6bee310f-c22b-4bb4-8891-19f156d06b6f	411	532	88	44	757
967c52a6-8bad-4fb5-bdb1-ef5f1219599f	411	532	88	44	;
811b06a7-eb76-43d3-824e-31dd67575562	505	532	88	44	final
dc0308ac-153a-471e-8cb3-376c90639b16	598	532	104	44	battle
60cb356e-7b1a-4960-9e50-6f3896484fc2	708	532	93	44	with
f2cbe404-38f9-4fc5-9e00-91f03bf1ed0f	807	532	93	44	Shiz
0533245b-e518-4a5f-adc9-c77e0c136763	807	532	93	44	,
7c09102c-3042-4dc5-87a2-7fb6dc288bcb	906	532	88	44	757
65c5958a-7fc7-4ee2-99a9-301f503d478b	906	532	88	44	;
9507c218-49a3-41bf-888d-900285794fe6	999	532	121	44	epistle
3cec06a6-f442-43bc-aa6a-a71c5a329419	1126	532	44	44	of
beaf04e4-1d1d-42b1-a536-194b6530b9ea	1175	532	49	44	to
a6a552d5-b2a8-441d-a365-84d665eeb4b3	1230	532	91	44	Shiz
05259860-6317-4707-ae6d-e124b8db1a08	1230	532	91	44	,
f2f261ac-efa9-442f-8164-0e58176d89d1	145	573	81	38	758
501f8c54-83e3-40ea-a243-ecbcbad31b64	145	573	81	38	;
cdefa696-62e8-4423-ac54-9120cba4f6b0	230	573	100	38	slays
1875534c-396f-471b-9e8b-36f5381ae8b9	230	573	100	38	,
172c6a91-ea8d-4dad-9023-183b7d821215	335	573	90	38	Shiz
2ff70586-2538-4c53-b971-3681c599c6be	335	573	90	38	,
f3b3a174-3691-4a75-a8b4-9ca3c47111a3	430	573	80	38	759
0229f65c-c82b-442a-9dbc-c86d400cc0bf	430	573	80	38	.
94c5d102-26d7-45ac-b170-a57db22477d8	107	614	210	41	Coriantumr
d4386ad1-d882-4081-a4bb-c65af109c657	107	614	210	41	,
325b116e-af1b-493e-9dd5-3233b642bbd6	322	614	72	41	led
82dca222-374b-4ddf-829e-d15244b429a2	399	614	108	41	army
ab7b7db3-7c26-4ebb-b9d3-bece17d55d76	512	614	51	41	of
805c106f-915d-403d-8802-cfe6db09b2c5	568	614	195	41	Lamanites
39430af9-9cdf-43c5-82a9-3f8131a82c4a	568	614	195	41	,
94316dee-a2f8-4401-9c05-e734fb12fab5	768	614	102	41	544
2dc1603d-4a12-4fa4-a148-f3a93e89efd2	768	614	102	41	;
251ed90e-9431-4492-8283-87752dcf0067	875	614	102	41	takes
36a6eb91-4c95-4ab9-ac5d-e02db40ca31e	983	614	87	41	city
cbc477d3-6310-493f-89cc-db8f87d887f7	1075	614	46	41	of
38178df0-d5b5-4b14-b7af-f6db00e98f58	1126	614	198	41	Zarahemla
8fa9f649-b23e-4fc4-b2ba-4035f11195a3	1126	614	198	41	,
ed44adf4-f8c8-49e2-aebe-151a0b9e5a84	142	652	88	44	544
aec5e953-192a-48f2-bae4-1b965841315f	142	652	88	44	;
c88d5ba6-448a-43e9-9a76-2ddfe7271bfd	235	652	104	44	slays
5dcf225d-4350-459d-acaf-4196fc9d8229	345	652	181	44	Pacumeni
48e6882f-c278-4bf5-ab58-51ea9243e44b	345	652	181	44	,
178555c9-04a0-4674-8858-9f7da28b36f8	532	652	93	44	545
c89d00c8-c885-4c33-8245-7efba313bb4b	532	652	93	44	;
f7fcc820-4d18-4723-a4ee-5672c25ad36e	631	652	154	44	marches
60b3ffe1-a64f-4c7d-9c96-795dc7c95983	790	652	137	44	toward
4fa670f7-22e9-4ad9-ab7d-c7b611694c96	933	652	181	44	Bountiful
420be01f-fdde-4bc2-b5fc-29c431be1e52	933	652	181	44	,
4486b86e-f726-45ff-b187-fc4787b53ca1	1120	652	93	44	545
176fca52-1492-4bb9-ab88-2dbdf31ae665	1120	652	93	44	;
a6b53cc8-e4c1-4d2a-92e3-e26dec357826	1219	652	105	44	slain
c2249498-fe26-4cba-a30b-28a2e49d7223	1219	652	105	44	,
3c73acbf-ba1b-4b2b-bbfc-5220b2018717	142	693	75	31	546
b66ee242-fc5b-4eef-90e1-01d065648356	142	693	75	31	.
7e887e18-6cb4-469b-a3c1-f66fca1ce691	104	734	145	41	Corihor
c54ccca6-e3da-41f5-b722-186fe09fe368	104	734	145	41	,
30c1a6b8-b158-4fb7-beba-ba4693620655	254	734	90	40	land
b078ebda-02cd-482b-96ed-972426534e18	349	734	60	40	of
17cd068c-2f13-451c-a029-06f3e07a61df	349	734	60	40	,
95e77115-54fa-4873-923f-937a062c3b35	414	734	85	40	Shiz
9a215de2-5d01-486b-879c-dcd535c1f726	504	734	85	40	flees
0f7c446d-c54d-4e5a-9079-dd3215adaa57	594	734	55	40	to
367f0518-ec24-4d89-a95e-c530430bb9c7	594	734	55	40	,
d1778497-9f3a-44c0-9d95-0d130f68ada7	654	734	79	41	755
efb51a0c-4572-4a95-905f-820534e73290	654	734	79	41	.
6214f315-a36e-4123-94c3-975079b720ba	107	778	143	44	Corihor
0d424ff6-1792-4e3e-9540-4f0cc695ebc2	107	778	143	44	,
156b30d0-292e-4054-859a-b88edb7ac908	255	778	71	44	son
fb6ae0d2-fd1d-4e1e-91e4-c80b2565c4e5	332	778	49	44	of
189077f4-cf09-4cf3-81b7-43b3c75fe094	387	778	82	44	Kib
7edb4fa0-b535-4025-b073-7fe243e201d7	387	778	82	44	,
5a06440c-596b-4776-b28c-01278cb65fcc	475	778	93	44	729
115cccbe-f258-402b-a75b-1d3ee65e88a3	475	778	93	44	;
7f3b39e4-76b0-4b61-88ed-46ea1cd2701e	574	778	110	44	rebels
3e1a155e-8b06-4a5f-84ac-383778e8ad13	690	778	137	44	against
6e312d59-7c9f-4754-9990-1b24f1dbd025	832	778	126	44	father
f1921379-eae0-4e7e-86ea-dfae21cc6aa9	832	778	126	44	,
b18e49f6-23e1-4c94-b5d1-0cf0e54948e2	964	778	88	44	729
2e46e690-b520-4a6a-9e86-57a9db5c2f45	964	778	88	44	;
b5ccd6dd-6c01-4948-bf7c-5a9a6fea89f6	1058	778	121	44	dwells
1b79e653-d70e-4247-8e4a-b2c6091ad458	1184	778	49	44	in
a868e1ea-afdc-4d14-a0b5-21f33284326b	1239	778	79	44	land
1bedd4ac-7f1c-4978-a681-22e8e5a9bbfb	142	815	52	41	of
70785936-5ab0-4a78-a1c1-52ae789d3c5c	198	815	123	41	Nehor
0e5aea6a-b92c-4d9d-9658-be79851935ef	198	815	123	41	,
8d86f77c-6406-4234-9572-b20713af499f	326	815	97	41	729
961cc046-da76-498c-9b30-da1f2702aac3	326	815	97	41	;
2f3c0a4d-bc14-4f45-9fc5-749075cfe3ae	429	815	108	41	takes
d4083455-9041-411f-b19b-50d5cae01ce3	541	815	118	41	father
0158c10e-1e03-42b1-bc8d-fb0b8dc9a322	664	815	138	41	captive
ef0c8eba-79de-4e0e-b5dc-8e287eb13429	808	815	51	41	in
5698b21e-bcde-471f-80ad-fef89534ff06	864	815	133	41	Moron
a37abc34-01e5-41fe-9f6c-7a150dd371f7	864	815	133	41	,
d614fb73-cb5f-4b83-bc39-868a3911a83c	1002	815	97	41	729
a35ffb52-6753-4c9b-92f1-571f4f84ee4d	1002	815	97	41	;
9b6b8794-3653-4508-9315-118a612534d7	1105	815	108	41	given
7c55ec4d-f5bf-497a-bb57-7abe44ee7dd9	1217	815	103	41	battle
b291bbc5-76a9-473f-92be-93ad166f03a2	145	853	50	44	by
515e5434-66b4-4769-96c2-3d18fce109a4	200	853	115	44	Shule
48dbc874-19f1-41a0-a242-4486e241a858	200	853	115	44	,
d29c6b2d-b5bb-4a19-97dc-dc81a2c7694b	321	853	93	44	730
77346b26-0fe7-456d-941b-58d66e35ab49	321	853	93	44	;
a4a0db2f-6b85-446a-9345-9053d6c31d2f	420	853	154	44	kingdom
8a39d19e-c055-4a0b-a9e0-f15a6447b2d3	579	853	110	44	taken
48d1696f-29a8-4478-8b43-b1e110807160	695	853	93	44	from
cbc70817-99ca-4672-87df-b69bb8f2b7a9	793	853	55	44	by
ec35ce38-7961-4db7-9365-f8c88748aa2c	854	853	115	44	Shule
66ee4632-5d13-4077-8ca3-ab4e7f9774b3	854	853	115	44	,
702962e0-06d5-4190-a6ff-a81213215b4d	975	853	93	44	730
62868d0a-2409-445e-81fe-1d3f686dfc73	975	853	93	44	;
aec0ade2-9a84-4c81-8d51-d3852a19eba4	1074	853	143	44	repents
c34c13b4-d714-4621-945b-9a7ff325c5d0	1074	853	143	44	,
822797e9-746a-459e-bc43-90df52e25de5	1222	853	99	44	given
be804a36-5192-4d42-97e5-a2bc6db1d1be	142	891	110	44	power
bb2b66c2-342d-414b-b1b6-a9282dad2836	257	891	49	44	by
5fdaa7a0-ff0e-4b7e-adc7-909e2414bd29	312	891	110	44	Shule
e706b3ea-4f02-4444-922b-2749008d2ebf	312	891	110	44	,
d5d58832-72e7-461f-9d0d-63fc8f1f518d	428	891	93	44	730
f6c4e7c2-bd23-427e-9c38-10391bd22554	428	891	93	44	;
abcbaec8-28a0-4e93-9aee-d95c6a333e9e	527	891	93	44	Noah
eafa08cc-e105-4174-9bf5-840bbb125e9a	626	891	110	44	rebels
f3ab6d04-ea64-402c-9438-971981809a2d	741	891	143	44	against
2396d31c-0e1a-4737-a44d-f0bed88a09b8	741	891	143	44	,
b5215747-132b-4038-a977-d83d1b109f72	889	891	88	44	730
a43d3723-e47d-4e8f-b2f0-c0b953a29825	889	891	88	44	;
11f06e69-1595-413e-be85-019177e0a7a7	983	891	88	44	sons
251b3a1f-bf8c-4b46-8564-7c41f7b88b83	1076	891	71	44	and
4f96f5a2-ecff-42af-a293-ec787655a275	1153	891	168	44	daughters
dd811c0b-0eea-4067-87ad-fd844e1fd75d	145	929	118	41	repent
5d65d67d-ea8b-43b9-9302-af46bac93c62	268	929	77	41	not
f84d0b05-5974-40de-af73-7f5d4f15cfe7	268	929	77	41	,
771366a0-aa68-47db-9ad8-dd5a254a440c	350	929	75	41	751
c98e41da-f35f-49f2-8e6f-7159caed8491	350	929	75	41	.
f101bd2c-4f67-43ca-a985-ecab7a0cf3a1	107	973	128	41	Corom
26f288c9-87cd-43b4-946d-9c44c5039bda	107	973	128	41	,
2ecda8d0-2fa9-4b1b-99ea-f1fad5bf23da	240	973	97	41	made
108dbcc0-218a-429b-bd8e-47e20a685fa9	343	973	92	41	king
e49b1b22-2859-4ae7-bf3a-09f59191e388	343	973	92	41	,
7e288f02-c040-4c01-801f-9dbe7592a7fa	440	973	92	41	741
70170704-7c33-4be5-bb5b-ea11f063d230	440	973	92	41	;
45764304-d426-47da-b4b0-1ef8601bfd09	537	973	108	41	death
c9a7c2f6-4d13-4a99-91ff-084a4dec352f	650	973	51	41	of
f37b80a3-72c1-4f42-95d6-db2b0093c4df	650	973	51	41	,
e524ba1f-5927-4808-98a3-ccd30284eb48	706	973	80	41	741
d2ff1e81-aeaa-4997-abc6-c24e6d597f3d	706	973	80	41	.
9b2e9888-9c4d-4af0-9e54-0b64d5698e44	107	1017	133	38	Corum
44e6604a-ffcf-4661-a570-15a9a049f62f	107	1017	133	38	,
11a6caf0-6dad-48a6-bba6-1a0f90fa00af	245	1017	76	38	son
45288951-3b1e-4486-93b2-bfca3f0dacd5	325	1017	47	38	of
09b4028d-c2d7-4849-9139-e075ea85acfc	377	1017	100	38	Levi
2959caff-8d33-4285-af93-b6acbed89434	377	1017	100	38	,
551a50b5-f42d-45c0-8bdf-7b9979c60375	482	1017	78	38	714
6deebb43-4a8d-4939-b34a-2496b00ae019	482	1017	78	38	.
32dd677f-459a-44a6-ad5b-5e03691e6267	107	1055	176	44	Covenant
6d2e0166-d51e-4cfc-8627-b859ed282afe	107	1055	176	44	,
d0790480-b0bd-4ff9-ba0d-9f68cf54e5cc	288	1055	104	44	made
89786030-2661-4644-8e88-cbea2c37af0f	398	1055	49	44	to
10f119fc-2f46-4460-8334-84bca8b8cebd	453	1055	181	44	Abraham
37b44b65-62c7-44b7-a8d7-f1646cde5b56	453	1055	181	44	,
d92467ad-ba43-49ea-9aa8-13a8423c4eae	640	1055	71	44	45
08896d90-6916-4546-b501-7db1b105d77d	640	1055	71	44	;
1b6a744d-2005-419c-ab49-3733f60016fd	717	1055	126	44	people
7aa3c1fe-6f3f-48c7-8740-c9026e806278	849	1055	99	44	enter
f9e85ad2-d925-4141-b1bc-39cef245b0fd	953	1055	93	44	into
b7f39662-f185-4202-95b7-f93d32af6358	953	1055	93	44	,
e97e5cff-30a9-4ca6-bfc0-7b0bc17e96d5	1052	1055	99	44	224
63a00228-89aa-4563-b021-e1166dc83690	1052	1055	99	44	;
38e7e919-bfa7-4f13-88df-784dc1359ec6	1157	1055	121	44	names
120ba9c4-9583-436e-9c0a-ebd5e1bf94ec	1283	1055	41	44	of
5820d6aa-1bba-49ec-8cd2-56951a178420	145	1096	102	35	those
1a30a1e1-6a73-4b61-9761-079a7b7c5c1a	251	1096	153	34	entering
091fae38-8a73-4fe2-9f57-f37e78f059b3	408	1096	93	34	into
a5b4586d-70a6-4520-b5f3-97ff538e581b	408	1096	93	34	,
5df07629-19ac-422c-ac5a-5727fb64502f	506	1096	93	34	226
525a668b-b645-421f-9679-36d5b1c9d80d	506	1096	93	34	;
a27076a5-3e21-4d1c-802b-95775ae049e4	604	1096	123	34	secret
3a9913ca-8173-47dc-90b3-da78e2b51767	604	1096	123	34	,
4bde57f2-3b37-44e0-ab32-2f0d3cbf7e80	731	1096	55	34	of
59d55892-a3f5-475a-a756-65713e04a79f	790	1096	208	34	Kishkumen
3ec6a707-f641-47bd-8795-b68cd441160d	790	1096	208	34	,
7b077dad-bc0c-4627-906c-964b44230089	1003	1096	79	35	543
baf7d7ed-3cd6-4ce5-be5d-6676ede09980	1003	1096	79	35	.
dbec811c-520d-49c1-a2df-67c33b0e0210	110	1133	114	35	Crime
0c65845e-9f2e-4abe-be29-2aba1c3cf9e7	110	1133	114	35	,
80b71bdc-cbe1-4ff0-9e2f-aae7b1082c56	228	1133	114	35	Jacob
cde29594-ce60-4a14-b0e4-360311c62d12	346	1133	122	35	speaks
a0515e56-1e88-43e9-bb01-390e3a176a68	473	1133	52	35	of
090535a5-2b27-4302-bed5-3effff468eda	530	1133	140	35	grosser
2b4dd582-b194-4224-b9f9-d1d5d84f9c56	530	1133	140	35	,
e68a7cac-ee68-42dc-aa7d-30b00cfe1c71	674	1133	84	35	171
c71353d4-d26e-498f-afa7-a2011ee8ec7b	674	1133	84	35	.
ac85816d-464e-49ae-8ffd-e8b6d418419e	110	1168	107	41	Cross
8c14ec5e-0f3f-45a4-80f7-bbded1969905	110	1168	107	41	,
182cbdc1-4cbf-42a5-85e3-7bea92cb78f3	223	1168	108	41	Lamt
4f5cc374-e732-4581-a315-7d9ca41a1b43	335	1168	46	41	of
2493d581-7eb0-4f4f-b527-69d8808a2678	386	1168	77	41	God
9dcbc915-0af6-4990-b0d8-0b5cb1ade106	468	1168	102	41	lifted
9d44bccc-db2b-4268-bfac-6fcc423c30b7	576	1168	102	41	upon
66a7cf32-a2c5-4c6e-9b85-4157504d2b62	576	1168	102	41	,
7c394e6c-19ce-4196-b1cc-a720828f38e3	684	1168	62	41	30
6611721a-b43a-4a21-981d-217bdc11452f	684	1168	62	41	.
73633c45-7132-4af3-af2a-4cf1736cf692	107	1206	138	45	Cumeni
5929b044-fa91-4890-aa07-53d15b2e5360	250	1206	72	44	city
d29a0362-0ac2-4c5d-8bbe-a62d37ce56ef	327	1206	39	44	of
62f47a9b-b9ab-47d7-a81a-df32633fdd9f	371	1206	99	44	taken
3dc81d4a-575c-4d45-b34d-076c292613d0	475	1207	50	44	by
2e509777-9c83-4a0d-b583-fdca34cc69b9	530	1207	192	45	Lamanites
d51791c0-3b41-461c-93c8-9d35f122f241	530	1207	192	45	,
856c7ff3-cb2f-4d31-b338-0a74aaed958e	728	1207	83	44	510
1c01be01-9890-493e-8943-55945fd3d3e6	728	1207	83	44	;
5eab5443-1357-48cc-9e21-e77ce62b1b6b	816	1208	209	45	surrendered
8e3802f2-53e4-43f4-a565-8a5756cff9eb	1030	1208	44	44	to
5e7c53ff-12ee-4e5d-a33c-85fc3ad029d7	1080	1208	160	44	Helaman
9e2d74d1-88f3-4757-a5cc-fac41758c375	1080	1208	160	44	,
17282de0-eea8-471c-bc3e-cfc51c88c066	1245	1209	80	45	516
05cc412b-7975-451d-aef2-79c0e729ab7a	1245	1209	80	45	.
d4ecf59e-5f09-469d-ae0b-a04d1912be06	110	1247	200	41	Cumenihah
3d19ef9a-50da-4196-9c96-cf5ed7afb69e	110	1247	200	41	,
56b61af8-6079-434e-bfc9-539ce614c6ca	315	1247	118	41	leader
f8c78a41-94be-4a03-bf5c-e5121099e71a	438	1247	46	41	of
da101e5d-1c48-4107-9b2d-8bed3bca692d	489	1247	67	41	ten
cc52b749-0386-4692-a628-4a92c2401cb3	561	1247	164	41	thousand
a841c30b-0523-465e-b94e-f0b59ddd9b6e	730	1247	108	41	slain
c0b2f068-6892-4112-b95d-11b63a6e38f8	730	1247	108	41	,
67666075-6d39-466c-9128-acdec69fd915	842	1247	76	41	702
091f4c9e-01cd-4487-b073-91eb6d8f5e1d	842	1247	76	41	.
cb263239-5204-454d-9ad3-72eb70eda32a	110	1284	164	41	Cumorah
2edcf27a-039c-45e5-9061-0c3be29128ab	110	1284	164	41	,
31e6d7c5-9e8d-4679-a73f-1e62aff2b92d	279	1284	87	41	land
a253204f-1c49-43b8-b0f4-d1fe5ca8459d	371	1284	72	41	and
6e1b2746-a8d5-4328-a615-6bb95612815b	448	1284	72	41	hill
c1ab978b-b8f9-499f-b130-c357a6c845a1	525	1284	56	41	of
9fea13d9-c994-454a-bf1d-56461774ef4b	525	1284	56	41	,
1053a7be-62a1-4e89-8dd2-3a826817bb45	586	1284	77	41	701
4a871dc6-3411-4f67-8f23-0a107e276a0a	586	1284	77	41	,
12527958-38a0-4642-8dc7-f2f58e879191	668	1284	92	41	704
64836ed5-bdb2-461a-95a5-caf4780fd201	668	1284	92	41	;
00c5a8a0-3837-4c0b-9133-f9bf235c8843	765	1284	159	41	Nephites
9226407a-d856-4841-b2be-3f10b60c9451	929	1284	118	41	march
84d8b833-41b5-45a2-a37c-48cbf7c7b420	1052	1284	41	41	to
eef52fcb-6e46-4bc1-b824-a4d7ec0ea54a	1098	1284	77	41	and
ebd8801d-2783-4402-a90c-77f7219b989a	1180	1284	144	41	defeated
ebede053-7d53-47c6-9fdd-ae408fa0929a	148	1322	51	41	by
f74c7715-7079-4cb3-b7c6-120803f45df5	204	1322	179	41	Lamanites
f44a20b6-ac04-4c84-8859-d4bf32b16302	389	1322	56	41	at
24f60d22-300c-4429-921b-9f9253100123	389	1322	56	41	,
20871f78-aeda-4e0f-905e-bc900fd649f8	450	1322	92	41	701
42101281-e231-4833-a665-d6fd26ddbae5	450	1322	92	41	;
81498123-dac0-4034-87ea-5b890953df71	547	1322	154	41	Mormon
5e720f11-fbf8-4bca-84e8-8791090cb310	706	1322	97	41	hides
b8aa36ef-077f-4893-88bb-8ef134b1f763	809	1322	133	41	records
5837395b-f106-41ee-a1e1-3438c0342a2a	947	1322	41	41	in
3c306774-b4da-4770-aad9-abd73cd49d4f	993	1322	72	41	hill
a56236d1-b8f3-4ec6-86e4-9b00fb94fe6e	1070	1322	56	41	of
df6b45fd-ca1d-4205-bb1f-15d177f6a76d	1070	1322	56	41	,
bbc5e8fb-18e9-4e18-80b4-4ef5fc1d8a83	1131	1322	80	41	701
36911939-f00a-48ac-b7b0-f25989bb4da0	1131	1322	80	41	.
4f3b3178-8b63-4447-914d-6be14a0c271a	107	1360	198	44	Damnation
7dea01f2-e84d-4958-94d0-25e6a69b2596	107	1360	198	44	,
fd4b9714-fb2e-45e9-9497-972478c8460c	310	1360	49	44	to
1574459c-7573-498a-a0ec-780be31cdf0b	365	1360	44	44	be
2a1ee605-e0e1-4721-a791-f6ea4dec57af	415	1360	132	44	subject
82c658ef-ff34-405c-ad44-96da5b5cb2ff	552	1360	44	44	to
1f70664d-b3a3-4380-a151-fdd683656620	602	1360	88	44	devil
ee7a0ce2-d27f-4402-8c7a-80081e117da7	695	1360	49	44	is
561cd3f4-39d6-4503-9153-85a9c82be47b	695	1360	49	44	,
7fbefd2b-c7fe-4a21-8c70-9192ee4858fd	750	1360	80	44	255
3edd1dcb-44fd-4212-925b-a79f56d30932	750	1360	80	44	.
f1698f71-b427-4523-91f4-cec29db48fc2	110	1398	170	44	Darkness
1e77b654-b3f4-4ace-bc0a-97333d0961ac	110	1398	170	44	,
002b5325-9c60-4f7f-af43-a780e14124db	286	1398	88	44	over
91f5f6c2-9b37-420f-8280-9c9ffab18831	379	1398	82	44	face
6e5d3eac-2b09-427f-b789-97f826cb9c6f	467	1398	44	44	of
12418306-b578-4d6c-a6b9-891e9f0f34b9	517	1398	99	44	land
76daf2da-f38a-40cb-9bf5-e3a20ba753d5	517	1398	99	44	,
e60e8555-4e9e-4302-93b1-d6d975b67785	621	1398	93	44	625
da0e5e48-2552-43ec-b3ba-1af925425d26	621	1398	93	44	;
c5465bae-98ba-4303-a309-cb043bd0a6c2	720	1398	110	44	vapor
559c8b45-7c9b-4829-b7ae-46fce17fd173	835	1398	44	44	of
d2a6b6c3-d9ba-47ba-95ad-6dcea3de25d8	885	1398	82	44	felt
61958f17-2051-49b4-8062-743266bde6a6	885	1398	82	44	,
cd3afa82-db60-4dcc-a0cb-f7441ac53771	973	1398	93	44	625
c4d3215e-39f2-4950-92dd-a6b15c860eaa	973	1398	93	44	;
898ba09e-a053-452d-ab92-f12c9327bc6b	1072	1398	99	44	three
0d9284f6-3165-4a13-9ac8-8dbf31e08b70	1176	1398	93	44	days
b2b5e0d0-5f66-40fa-a06a-d07bb96556fb	1275	1398	49	44	of
aad5822f-bf63-4b04-ba2f-44845f1c0157	1275	1398	49	44	,
20ea90dc-d3a7-41e2-87e0-414b6e6f2692	145	1439	86	38	625
66a27b60-d22b-43cf-a839-6a2cb4152010	145	1439	86	38	;
03243443-da71-4d28-a4b4-5dcbe7fac428	235	1439	123	38	passed
1b7f4c02-4605-4f70-a374-343b02045cb1	363	1439	109	38	away
63067341-b7d6-48cd-b3e5-5c2418d7986a	363	1439	109	38	,
b84c5b60-6eec-4246-849a-4914362c31bc	477	1439	79	38	629
0333bafe-76d0-4280-a80c-fb4688cabeab	477	1439	79	38	.
94f92edf-8c66-4d47-ab31-452f7e5d840c	110	1477	190	41	Daughters
c8c9face-75f1-471d-a0ac-549bdc4a3521	110	1477	190	41	,
6591354f-ab38-4d76-9333-ee9e6bc5dba3	305	1477	135	40	sorrow
1638f17a-5ff8-4773-9266-2b24e1d88485	445	1477	75	40	and
d571ebf6-708b-4fd5-9114-0a42307bad47	525	1477	180	40	mourning
f42f9743-6bcd-468f-ab23-9f2e4ce11a48	710	1477	55	40	of
594d065f-2668-4e3c-bcba-e91228c57e3d	710	1477	55	40	,
12006960-52f6-4e39-86e1-6d32c09f16e6	769	1477	100	40	172
f62f3459-1314-4f54-a0d4-71d5a1762f81	769	1477	100	40	;
7508baa7-f75d-4315-92c6-ac8cd5eed229	874	1477	75	40	not
ae9e1c1c-3e13-4b7f-a40a-3e84f70ff2f0	954	1477	50	40	to
4beee946-abc8-4d72-a58a-cf70026c786b	1009	1477	55	40	be
960026ab-3966-4fc5-b538-f0a3f5a34a55	1069	1477	65	40	led
a19dde37-da18-4d78-9a48-f685c21b8e17	1139	1477	105	40	away
5f1ee823-6b9d-45e0-a4eb-5453aaa65b22	1249	1477	78	41	cap
b10c00a1-8db4-4c50-a6ba-93df2d5136c1	1249	1477	78	41	-
3293efb4-f45c-49e0-b52b-183a7264cf10	147	1514	79	39	tive
68e6c949-71d3-45bb-b5d8-c17424bc5052	147	1514	79	39	,
6ab5d1b5-1dff-4ef6-87b5-723b2941616f	231	1513	81	39	172
cc080cc4-099f-45ff-bf54-67c48d1932e8	231	1513	81	38	.
35a98697-9d3a-4722-8466-0124b2978c33	110	1552	113	38	David
eaa3dfe7-0c3f-40a7-9129-40c26e9811b5	110	1552	113	38	.
566437b3-6387-4607-8623-ca60867daa7d	230	1552	133	41	desired
b29447ec-6ed4-49af-acc4-25e6e1cc9ac9	368	1552	108	41	wives
a609bfee-4a8d-4253-90fc-d6d79491d9d9	481	1552	72	41	and
4f78c4ae-b82d-49e4-bb98-64e34a40c379	558	1552	200	41	concubines
39ed3d35-677e-41a8-a266-f80bd48144e7	558	1552	200	41	,
a3209d27-3731-4d8f-8333-3cd1c9bc002c	762	1552	92	41	168
c876d504-6b45-4cb7-b5b9-c0b909034e8b	762	1552	92	41	;
d37c147b-14ce-4cca-9e84-5333c4d6b34d	860	1552	77	41	had
bfcbd616-aab0-4a2b-a0ce-f3c9177a28ea	942	1552	102	41	wives
492142df-3e26-46dc-aa7e-aff1f44952b0	1049	1552	77	41	and
cb3db2da-5c91-455b-8da4-b252163c8e8a	1131	1552	193	41	concubines
6706962c-0ac5-440b-a28c-ba504f7206b5	1131	1552	193	41	,
68a801e9-f15b-4344-b2e7-752d667af500	145	1590	87	41	171
7c9db4b6-4f67-4f13-8c9e-c6d162d2abeb	145	1590	87	41	;
ac0c918b-ffba-4802-a3c2-241a5166ae5c	237	1590	128	41	having
92ecac16-3d50-4ef0-8fdc-df0907b7971c	370	1590	46	41	of
c26c80a2-c497-42b6-88e7-abf0491a9f9d	421	1590	102	41	wives
5d6d2e30-281b-4036-9917-4cc138eb199b	529	1590	72	41	and
ccf401f3-e28a-4c22-b286-e3810288fb45	606	1590	189	41	concubines
08d3ebcf-5ba8-4d54-afe1-056f9f9c36c9	800	1590	210	41	abominable
9f06e94f-6cba-4887-9bb0-e354aeed7c87	800	1590	210	41	,
0d6858ed-68b9-4995-94ed-b4aef5d21a2b	1016	1590	76	41	171
4a52652c-1b3a-4aeb-9c26-3088135ab65f	1016	1590	76	41	.
2952d985-ad96-4552-bfd9-f26f162a3f34	110	1628	120	41	David
4572bf63-64cc-4bbe-92bc-d9f5a74a5e4a	110	1628	120	41	.
c94cd5eb-aa14-498b-9ead-8b6b0d4777b1	226	1627	159	42	Nephites
c0bcb38e-1a8b-4dbb-95eb-854b7fec7bfc	390	1628	118	42	driven
128e37a7-0a14-48b3-8e62-ee01ec804c43	513	1629	92	42	from
8e57852e-0552-4209-90c9-1c2f794a43b2	610	1630	87	41	land
a095f6f9-3e2e-48a8-a830-166937b6c808	703	1630	57	41	of
bf3babf6-d9a6-4272-b3eb-7e1480d3ef78	703	1630	57	41	,
3f5a6b55-641c-4eaa-acec-b2a17a95f5b5	764	1630	76	42	689
2769a21d-106a-41be-8b95-9ca091c1976d	764	1630	76	42	.
a40d8034-0692-4823-ab76-c6856b9909b4	110	1665	110	41	Death
82cfbb5d-18a0-4330-b63b-cdfc18f43f1b	110	1665	110	40	,
1a74589b-c96a-42ae-9ef7-372afa44ded9	225	1666	125	41	passed
edb911f5-29bb-4a83-b975-fc2612578cb5	355	1666	90	40	upon
97b81b9f-b22f-4070-9484-6201f999cbf1	450	1667	55	40	all
f7d03543-e762-4b1e-ae4c-ebd94dad6683	510	1667	85	40	men
a3187b4a-67a2-4ebc-9000-d59773429244	510	1667	85	40	,
543c0d88-2307-4e96-aa00-b61027ecd31b	600	1667	90	40	106
0d82a208-334b-482a-bff2-2e69ec8f4043	600	1667	90	40	;
9cd616f0-a33e-4c34-b934-d49f0ce76dd6	695	1668	75	40	and
2e00a08a-e404-484b-bddd-818c881ec2bc	774	1668	80	40	hell
e3081a55-3461-4d17-b38c-f26de3e91d4e	774	1668	80	40	,
848f5b2c-4613-4080-9464-3a74a2d9d61e	859	1668	90	40	106
b0dd2625-3821-4746-8345-0f8e35ef7ddb	859	1668	90	40	;
5e9d6e34-d7ed-4832-850a-f4fc226a0ed2	954	1669	165	41	spiritual
e0ecc159-dd7c-407e-8d72-bf2e6dad8667	954	1669	165	41	,
ff69be74-1504-4089-bccd-0310c92b2e35	1124	1669	85	40	106
c67e98f6-8c01-4309-b2ae-593e469013a1	1124	1669	85	40	;
583db4d4-2de9-4b7e-a642-5a1a40d6a651	1214	1670	45	40	is
29e8090a-419f-4d1d-a3f7-5aba198ab475	1264	1670	57	40	the
0923f425-c5fd-4696-a689-d76aa753bccd	148	1706	108	41	grave
0eb82ce6-827b-4a20-af5b-e860f4be3fae	148	1706	108	41	,
74b9308b-3834-4faf-b7bf-b0759bd8c0bc	261	1706	92	41	107
dbe3495c-9ddc-4d6a-893b-de7f89475a42	261	1706	92	41	;
c2b0e488-9547-4602-8c44-de9aff26d270	358	1706	72	41	and
8324d758-0051-4c57-849c-bc5604631218	435	1706	77	41	hell
eaa4ea5d-a9ae-41e9-b4be-f09373b52b8e	517	1706	123	41	deliver
79f758fb-d5b9-4e28-a49f-ee31463744fe	645	1706	56	41	up
b9a2393f-f0af-470f-ad85-638218ef0403	706	1706	97	41	dead
0e1be0a0-7561-40f3-aa99-bcb6b9c40223	706	1706	97	41	,
7a5d87a7-084e-408d-96bf-039c0bb05324	809	1706	87	41	107
2039bc6a-0564-479b-b7cd-46905a6bf032	809	1706	87	41	;
c7df8e2e-0a6d-40d5-b85a-28bb39f2ab51	901	1706	189	41	swallowed
50bd4496-2c12-4d8f-b8b3-e6fdfe09cb86	1095	1706	51	41	up
dd8ba4d1-27d8-4e17-9c36-5ee6d58f8d38	1152	1706	46	41	in
ad2edef3-5194-448d-ada4-bab1d200e39d	1203	1706	121	41	Christ
c58b9036-20ca-4b1e-a06f-3f5bbaa98d25	1203	1706	121	41	,
c9098e17-bf58-41a1-9a5e-850d67ce5012	145	1744	77	41	255
9d569025-47a4-4985-a504-0ee4aebe39a7	145	1744	77	41	,
42affb2d-f4b3-4d56-bc93-3d5ad83cb5cf	227	1744	92	41	405
a02bd494-c415-44c6-bb57-eda26c52c7db	227	1744	92	41	;
9a7f4818-3249-4883-a5a2-4d1b5f00ee47	324	1744	118	41	chains
6e3a52c6-2506-4332-8a20-ad5c6f737e7c	447	1744	56	41	of
bc72f478-2ecb-4a1a-b770-4fd4462a3ece	447	1744	56	41	,
59538f05-dfba-4107-90cd-a41461d06887	509	1744	87	41	436
3d4855bb-a260-4a83-960b-0d9c01fa41e9	509	1744	87	41	;
cef16366-58c4-4ef0-ac72-9cdc05c8168c	601	1744	138	41	murder
2c55a9b6-cd26-476e-ba51-0d655718fe2d	744	1744	159	41	punished
9180e78e-4dff-438f-b67d-6cc07025b38f	908	1744	61	41	by
80ed3720-8522-4b6b-a025-34569dbeeb52	908	1744	61	41	,
14ea80ce-348b-40a0-9f7e-73d134f165b9	975	1744	92	41	410
42232c0b-5126-4272-8b55-592061a10024	975	1744	92	41	;
6342a820-06cc-4f0b-8f84-733cd5ca4856	1072	1744	169	41	temporal
0c661be9-89f7-4069-8a46-ed20fe0939eb	1072	1744	169	41	,
88d42a4a-6753-47c4-9cdc-2c0a252bdd4f	1246	1744	78	41	711
2e8a1b68-e8a1-4a3e-9d81-3969c6b3f938	1246	1744	78	41	.
524e2214-6b14-49d8-9605-9690641ce312	110	1782	143	39	Deseret
0e76fba9-40bc-4509-b57a-f3c82248783f	110	1782	143	39	,
a1d79b04-3c78-4804-98de-dfd97fc39fed	257	1783	157	39	meaning
3e2af641-4bfd-4563-9220-4be87fdd7d9a	418	1784	181	39	honey
6224a1fe-412a-4aa6-94be-327f6453fb05	418	1784	181	39	-
41e7b7b3-7e84-462b-9802-2255bd9bb993	418	1784	181	39	bee
7b91a9ba-86a6-427b-a4fb-dd5d9d001386	418	1784	181	39	,
c2b352fa-491e-40cb-b33a-78cbe1022a7b	604	1785	79	39	716
17701cb7-a331-403d-8afc-c1aa3890fc79	604	1785	79	39	.
e403cc61-ea9d-4954-97d7-c93433388773	110	1823	200	41	Desolation
ea8f8482-c808-49ea-8a18-e47d31012813	110	1823	200	41	,
1b1b4e78-7d4f-4e73-9ea5-2c73d2489750	315	1823	102	41	land
748bdc1d-db8d-4e1b-b086-227fb5370823	422	1823	61	41	of
3703bad5-91a2-417e-908f-5956ebb0f7e1	422	1823	61	41	,
125212c3-fa55-4090-933a-51299ef1e3f9	489	1823	102	41	387
302e2eda-b335-4972-94f9-f08b4e69d02a	489	1823	102	41	;
87a08663-e72f-478e-84c5-8d6e82e7aae7	596	1823	118	41	place
3b43ba71-0347-421a-aed7-cec1b50ae5ef	719	1823	51	41	of
aa9f69ad-b5fd-4cc5-a300-d4d7554b0c07	776	1823	97	41	first
4e9ecf40-bcf8-4e82-bdec-2e6ed1ca16bb	878	1823	154	41	landing
fce2af39-964e-47b9-94cb-88787aa1f998	878	1823	154	41	,
16db4538-1787-44ec-864e-0bbc4d0a58ba	1037	1823	102	41	387
5da6b444-3c8c-49e1-be66-17f73e87315e	1037	1823	102	41	;
7c13052b-1cf9-4458-9791-174f3fef6253	1144	1823	133	41	people
446749a2-6dfe-4e2b-b719-752ba4489594	1283	1823	41	41	of
6759cf19-e7fc-4911-8d44-969eada4dcc8	148	1861	190	31	Morianton
ba585f14-f019-4aee-9c0a-29087dbf70d9	342	1861	115	31	headed
205bdf38-a1e4-4fbb-9091-9c80459853d7	465	1861	67	41	at
4d006159-2e10-4df8-b439-82c5ddb2dc02	465	1861	67	41	,
fb2d1da5-223a-4f09-b555-aec2eee3dbf5	537	1861	92	41	488
96028cee-2ef4-4318-b084-30ec66a17a13	537	1861	92	41	;
718d0f8b-1754-43a4-aeca-ee19548b4e76	635	1861	143	41	Hagoth
735c54b1-0000-42ec-bd7a-34ddf1e279d6	783	1861	154	41	launches
8622629b-4440-4c3e-ae6c-86357451959a	942	1861	87	41	ship
d2fc9501-abac-41f9-8987-08fc5c931f36	1034	1861	97	41	near
012add13-c562-4efb-ac25-3e55518825b4	1034	1861	97	41	,
2ddf413e-a053-474e-b648-bb6518f293a4	1137	1861	97	41	540
1cf71faf-c323-4d1c-a273-5cbc0113be03	1137	1861	97	41	;
7d8b2057-881c-40c8-a80a-902703f7c49a	1239	1861	85	41	Mor
7345c9b6-a4af-4903-a22f-bb4bc23b372a	1239	1861	85	41	-
a79e754c-0ce7-43e2-904c-f0e5daa0c214	148	1902	93	38	mon
cbbdbf5e-19db-44a0-a2c4-2b7ce84c83ea	245	1902	153	37	gathers
0c4a23ff-4048-48e8-8d8e-657681274812	402	1902	166	37	Nephites
a3f9cfdf-ca93-4f9c-a721-8ad563fe41e3	573	1902	69	37	to
215a97f0-12bd-4940-9faf-8c0ee49cf7c9	573	1902	69	37	,
349fa58d-1245-412a-819e-cf4766cfd146	647	1902	106	37	693
11c971b2-4354-4c2c-ada7-1a95d90e8b1b	647	1902	106	37	;
529cb49b-d877-4d76-977b-d5f3375ce141	758	1902	176	37	Nephites
524f9892-ed17-4596-beb5-ef8c6cdd0c35	938	1902	125	37	defeat
35d54849-7d99-4df1-8a72-73c73fe38a5c	1068	1902	199	37	Lamanites
6f569d02-de67-4e5a-bcab-62445ae28a5e	1271	1902	53	38	in
9be6c2ed-097d-452e-b480-fd2701883da6	1271	1902	53	38	,
f62a839b-75f1-4ad2-8cc3-85e9b9c7a4a9	148	1936	87	41	693
b8786b0b-0217-4bae-8e58-02d80e309f90	148	1936	87	41	;
330cf8d7-5c8e-464c-abea-3e0a7bc0fc2e	240	1936	159	41	Nephites
d0d99b61-5faa-4b40-bab2-4a5ae885dfe9	404	1936	51	41	go
b100c169-6d0a-4967-bcca-6c4beafb3f79	460	1936	67	41	out
158660b7-c7d3-4581-9ef1-71b235674b67	532	1936	46	41	of
06519a19-eca9-4747-b581-b250d6bdee00	583	1936	46	41	to
4b1b53c5-6c1c-4b47-b2d3-93200979f6ec	634	1936	123	41	attack
82883337-361e-4114-8e4e-3937b3eae3b8	762	1936	189	41	Lamanites
e7dec7c1-af15-4648-af89-cd04a70a9a59	762	1936	189	41	,
8d02df2e-6369-4573-bf00-d935a968243f	957	1936	92	41	695
a5c99e2a-a66d-4026-a435-b7dbdd204fff	957	1936	92	41	;
bb106aef-cfb2-4848-ba99-dae225a07d28	1054	1936	189	41	Lamanites
0b7d203b-a922-4fc6-b976-d3b7255f35c4	1249	1936	72	41	take
742e3281-c56e-4654-9c25-8f479d0d38c2	148	1977	81	38	city
5414d920-1068-44ed-ab85-b6c35f0f06fd	233	1977	52	38	of
2c9e4836-2364-40a6-883c-1f468f75cd30	233	1977	52	38	,
36c836f0-59b5-46e8-8a27-12af9eec2240	290	1977	95	38	695
6c0b836c-763e-4174-9132-411bd866b1ee	290	1977	95	38	;
68117bdf-293a-493f-a4c9-f13affb05c95	390	1977	81	38	city
6a34438f-3a7c-4aeb-ae8d-8f5586c28956	475	1977	47	38	of
a3a1c344-7071-4ac6-a574-7ed762a4bf2e	528	1977	166	38	Teancum
c660bd38-1131-4b1a-bace-fef11582f4bd	699	1977	90	38	near
027ab042-3ca0-4595-8a42-e28e52b0c0d0	793	1977	81	38	city
9b5d497d-2ca5-4c4e-887a-80bcb7260c1d	879	1977	57	38	of
ec61813a-bf1a-44db-ba5f-a2a516e339fa	879	1977	57	38	,
11ab687f-ecb4-4657-8a5e-12d285057b8d	941	1977	95	38	695
156493f6-384c-4aca-95ab-4d172f7c736a	941	1977	95	38	;
7d94e2f2-ddde-4edb-b072-d294276f503d	1040	1977	157	38	Nephites
144066d3-0d2e-4226-bdca-870e5b48d944	1202	1977	122	38	retake
a726efff-7a04-49e4-ae0f-209cd5100fcd	1202	1977	122	38	,
7705b7bb-a058-4afc-a25a-36282ea0b32a	145	2012	94	44	696
d833c8f9-fffa-4903-8dd9-f858264d586b	145	2012	94	44	;
04695b56-5412-423a-b308-f9f7ef2b57e1	244	2012	192	44	Lamanites
6e56bd99-c866-41ce-ab43-d7e82afeb803	442	2012	88	44	take
b6e250fa-a708-4d73-afbe-f460e4a96bc9	535	2012	82	44	city
34b26a06-17d8-4bbe-86f8-ad48f0a01dce	623	2012	60	44	of
dee068a5-9f5e-469a-811b-3fbbfb0f68a5	623	2012	60	44	,
2b715f6f-36ba-4c40-a534-4ad5166f83a6	689	2012	93	44	696
446b2d0d-632b-4822-bf50-bce44b9d40e6	689	2012	93	44	;
72d3728c-b098-4047-bc72-f65ab44f6cd1	788	2012	192	44	Lamanites
5b93e25c-fa11-4ece-a2d5-9e600494fb53	986	2012	121	44	defeat
d2b8b781-f94d-4fa7-b876-421c80de7ad0	1112	2012	165	44	Nephites
eb4da896-330e-4115-a418-7b3f54728a99	1283	2012	35	44	in
b17c561a-b71a-4f23-92af-61b57dc85642	148	2053	83	38	land
909e736a-6b9a-4e5b-bfea-607b99c2d1de	236	2053	55	37	of
ecee6f48-01af-4fad-a13a-42f9543ba281	236	2053	55	37	,
e27a2416-1ae6-438e-a627-53cc3ad06450	296	2053	88	37	697
3d1b06f4-569b-401d-9fb8-b47f1bf5bbea	296	2053	88	37	;
415da8ad-b0d2-429c-a2b9-a7f42845338b	388	2053	120	37	Moron
89aca1ed-239b-491d-a27e-a9faf0ec0c0c	513	2053	97	37	near
19993002-3ac8-48c3-902c-089779462a28	513	2053	97	37	,
c1763aa6-937a-446e-b886-0f68bc43ea5f	615	2053	80	38	729
347190a3-54b7-4173-a85f-ea4e2b4c823c	615	2053	80	38	.
b56381b7-a9b6-4a51-89b2-ffd3d59a202d	110	2090	185	38	Desolation
e56b1048-93f1-4abb-b1a2-859cde5080e9	300	2090	43	38	of
6205b808-1d64-4453-9dd4-afc28e7004fb	347	2090	138	38	Nehors
8bac0018-7dba-4fcb-90ff-c05326d9a64a	347	2090	138	38	,
d2118da4-37c7-4591-a543-190af12a9bdb	490	2090	80	38	360
34b96c4d-e801-49c4-999a-d93c4f676bc5	490	2090	80	38	.
