ID	X	Y	Width	Height	Text
2e0bed80-90ff-42ec-b4dc-e6c7816e0f0c	94	91	72	38	792
c1bc2241-6878-4f8b-bb79-18708c25c8bf	462	82	154	44	BOOK
65fdffd5-3636-4319-9941-dc5c2cdd3a34	622	82	82	44	OF
b93fa54d-b59a-4d12-b880-d5c17d3e9b70	710	82	233	44	MORMON
b454223c-7ae4-4009-b9c7-886cc15552d6	710	82	233	44	.
2fa70185-a22b-4129-b303-41e6cb823ff6	132	161	115	44	cavity
80966a94-1aac-43fd-a813-6742c9c41ac4	253	161	44	44	of
9f880050-de03-4d4f-a6f3-4f35b5404a06	302	161	93	44	rock
616b2aad-5ace-4244-8217-306fe7d113c9	302	161	93	44	,
68f69973-af17-47d2-8ce6-c47a1ee05bb2	401	161	82	44	751
2ec9caae-311b-404c-a7e7-0ec08800710e	401	161	82	44	,
e90b9058-cfca-4a4d-a9dd-04ade62dbabb	489	161	88	44	752
b00b85d1-2f6b-4d74-bd88-ad22b99ab152	489	161	88	44	;
b7f816f3-be01-40bb-a21f-1faab16bf6ee	583	161	121	44	makes
c3d42669-7fdb-4d54-9335-4e1ba1b6c732	709	161	126	44	record
4dcb8b1b-af28-4f66-878f-f36011ed9097	709	161	126	44	,
7dbc346c-016a-4669-b3d5-026ac8ee7be4	841	161	88	44	751
7ada821a-3455-4fa3-a2ab-0aadd47eb9fe	841	161	88	44	;
f2dffcf2-bb85-4436-9e54-b3cbed64e335	934	161	187	44	prophesies
5b712e03-b835-4f76-ac88-bfbdf0774009	1127	161	49	44	to
f59bdc56-0816-4285-8f3c-be5efc0c7186	1182	161	130	44	Corian
7ae731ea-5bdf-4e59-b094-e046d67de8e0	1182	161	130	44	-
edaa0f95-e9de-4be5-8204-52f1e5a2a689	132	201	107	41	tumr
98fe9631-9a86-4f24-99ef-d8cc733df3ff	132	201	107	41	,
d9845fda-9870-4e54-b121-ff9adaade75b	245	201	92	41	752
404709e3-57b6-486e-ab36-3765befd0179	245	201	92	41	;
405fb4ee-0f0d-4dcd-8a4a-925cc6fe7779	342	201	189	41	prophesies
2e995d85-5469-46c6-8f40-70916938f424	537	201	46	41	of
26ceb718-24df-46c2-86ab-c718561c0978	588	201	220	41	Coriantumr
80f52c72-14c2-4596-acaa-cbc93b6c0b6f	588	201	220	41	,
1b43f804-5769-44b7-8dc3-a3b22410971f	813	201	92	41	755
11aedb8f-cf98-4c42-bb51-2e5978b2b4fc	813	201	92	41	;
680bdba8-229d-412c-ad1a-cc59ad50d8f0	910	201	56	41	all
ff261f20-90a3-4655-a07b-131a0f74429d	972	201	164	41	gathered
f458a00e-ac52-4fa4-b4fb-d1be57189e06	1141	201	46	41	to
b02d976c-5c82-48ee-b19f-6def180825b0	1192	201	116	41	armies
50ab3455-1e2c-4dc1-9d8d-06c159b1b358	135	242	139	42	except
41a0e259-356f-42a1-84ad-43289ec16d4b	135	242	139	42	,
fd351211-ae2d-4812-8a8a-d30104c55a60	278	241	103	42	757
7a287003-922d-440f-9f66-19b96d4515f7	278	241	103	42	;
2fdfa2da-68b3-46e3-adb1-f336a2bd2767	386	240	154	42	beholds
2374161f-6b78-446d-97d7-2d8c9ba44e4d	545	238	215	43	destruction
21a594d5-7a6d-48bc-bffe-e1bd826e2a40	765	238	57	41	of
9ba88565-73f8-4835-9d2d-def3c62a97b4	826	236	144	42	people
8274c9d6-b326-4bee-8be6-09a7b7d110fe	826	236	144	42	,
eac0369b-0edf-4d37-af8e-682c353508fb	975	236	103	42	759
70757fb1-70e9-4acb-bc17-542c7a3b6ffa	975	236	103	42	;
9699125b-079d-44c1-a5c0-2cb1b7254751	1082	234	163	42	finishes
37eeacb6-21df-405a-aca7-5220f95db379	135	274	99	44	hides
9d7d2638-8822-4129-ba6c-f564fe68513a	239	274	126	44	record
69f47322-8eb5-4189-b6ee-ea3a7892b4f4	239	274	126	44	,
729f5438-fdd1-42ec-93a4-165b4bbce71f	371	274	93	44	759
7ee0980f-e99f-411a-820f-a2f3980dbcc3	371	274	93	44	;
10736222-aa5a-4524-897c-d00e9cbfa197	470	274	126	44	record
59e65964-d115-4cb1-a129-21a2fa8ba3d9	602	274	44	44	of
9874091c-2453-4699-bd90-d4a037b4e92a	652	274	110	44	found
2a64fb8d-4964-4918-8e31-7b4159594faa	767	274	55	44	by
ad71a66c-2c7d-4bd4-b02d-2b1af8e4e5d6	827	274	121	44	people
c3955458-e8cb-4903-be33-cabd69f40e66	954	274	49	44	of
ac94f15f-55f7-4a0e-b924-2a32d1db16ea	1009	274	121	44	Limhi
83300165-235c-4fc3-853d-5a483f14d063	1009	274	121	44	,
e07c4e0b-c3db-4422-a8a8-6262e41bbbf3	1135	274	82	44	759
78d9c87d-b039-4892-9308-9f0a59dea6a0	1135	274	82	44	,
e4c1f3a2-652e-41ba-aa3e-51e8a38d0525	1223	274	88	44	270
8b57a54b-9e48-4b95-a4f1-94735deb4ea8	1223	274	88	44	;
5db510b5-7b5a-49e0-a1cc-bd3e22bb0c67	132	318	76	38	last
11d8ef06-e3b2-46c1-971b-d142d6552725	213	318	109	38	words
3d6cdc5d-baf4-41eb-b614-0432de24a5e1	327	318	133	38	written
5b749c5f-01bb-47fc-8a9a-4dff31f79486	464	318	57	38	by
a8aac6a2-d83e-4c52-9325-f90732d00940	464	318	57	38	,
a21f806d-3ef5-489f-b410-b81df095be11	526	318	78	38	759
3e7b17dd-12d2-4544-9427-482151847c0e	526	318	78	38	.
58f8d764-ed6b-4277-80ff-1cfcdccd33c5	97	362	128	41	Ezrom
138c48ec-3bcc-4d84-b4a9-a9ad4c7031d4	97	362	128	41	,
5de9f7c4-af62-433b-b193-f3deb8dfd4e8	231	362	46	41	of
22ab664e-8286-4c86-8674-74b70dadc845	282	362	118	41	silver
9aabf50d-d25c-417d-a47a-b37428e0c9b6	282	362	118	41	,
476e6a7b-ce90-4ce4-96ba-a60d1ee310ff	405	362	79	41	339
bc03f5a3-f7d2-43da-8bf3-2b25dc248372	405	362	79	41	.
da7994d0-d9da-46e3-807e-b5f2e0281fba	101	400	110	44	Faith
5b5c3b4b-73ad-4c89-a5d6-71fb1b1254c2	101	400	110	44	,
3b31ab26-70dc-46fe-a26d-15660f73b306	216	400	121	44	effects
70f8d6d8-0f52-44c1-bf26-e55a3cbb0fcf	343	400	55	44	of
ca8c2003-8d1c-4660-a21e-c306aeb537ae	343	400	55	44	,
0f4bf431-6a90-4e21-a661-c540c04f1bbf	403	400	44	44	4
6176bc28-e37f-409a-8290-a5daa7aca9cd	403	400	44	44	,
a4ad4353-9b57-4040-b5cc-c152ce656702	453	400	44	44	6
f33879f2-77ae-4fef-ac69-5e5b1e3a710a	453	400	44	44	,
fc91807f-9171-4eb8-8e1d-7968896c1145	502	400	93	44	176
27e4b6ad-16d2-43fb-9335-4d6706775951	502	400	93	44	;
8465f75b-c4f5-496c-b3ca-71e85cbc588e	601	400	82	44	God
91e2715c-7660-493c-b82c-8b09a33a8f52	689	400	148	44	worketh
1f5dd03e-95b7-4acf-9fef-4921ae168f75	843	400	60	44	by
6bd84e1c-93a1-4677-9690-c91afd275c9c	843	400	60	44	,
cce2e8a1-bb4e-420e-8984-fce39e3f799d	909	400	93	44	151
34b773a2-cd33-4bec-99df-283aae5e9387	909	400	93	44	;
8f397baa-772f-4fe8-b72d-a0fab66f56ea	1008	400	247	44	manifestation
c967642b-939a-483a-84f0-61ca73a96d10	1261	400	54	44	by
a57161a3-32ce-4cf9-ab6c-2ff5624f31bf	1261	400	54	44	,
ac862f79-18ad-4086-a468-369889176783	135	442	85	41	167
a0d882f5-b676-4b26-850c-ec535d3c9f9c	135	442	85	41	;
67aea9bf-993a-4b8d-8735-5b5434cb5bfc	225	442	50	40	to
813c2891-23d3-463c-a894-248efa50e2a7	280	442	90	40	pray
7e0662c8-3e3d-487a-b0c5-f353bb63b56b	375	441	95	40	with
1b5ef06e-09b4-4c00-ac00-00671ec69dcc	375	441	95	40	,
10168364-46f8-4e7a-ae99-8f545cfaa90b	475	441	90	40	173
714e41c1-bc03-46ef-b13b-62822698c53d	475	441	90	40	;
f0a5145a-b2aa-4786-98d5-a759e1fa5b68	570	441	50	40	of
c6b2adc3-b53e-4dc8-9574-191b8b3e0ded	625	440	95	40	Enos
be8f7090-4b06-4cc5-8ab1-04d922f22b59	725	439	175	41	unshaken
2de7a2ef-0b2d-49ab-a120-eb652866f54a	725	439	175	41	,
b4e9d9a6-dc4d-454d-949c-f33bfd057635	905	439	90	40	194
eccde97b-6a13-49b8-ab03-5f94647b7f24	905	439	90	40	;
f2754cf6-3851-4d93-8835-81631fce6857	1000	438	95	40	Holy
20735997-fb8a-4072-9e29-e375dc6bce6d	1099	438	110	40	Spirit
8e2e4c77-1543-4086-9ca1-cbe52ee6af0f	1214	437	100	41	mani
aeb5d0b5-da2b-48c4-904a-118b7591cc8c	1214	437	100	40	-
45939746-fd9d-4157-9b8d-140e46c11d6e	135	481	130	41	festeth
6b409e3e-ff8e-4ef8-b99d-a425a608a8d1	270	480	175	41	according
e1fda398-fbdb-4183-a800-b116843047c6	450	480	60	40	to
3660b4d3-ef7c-41b8-9d7b-d720d8c176fb	450	480	60	40	,
65e4f583-4887-419d-8959-29b11df03793	515	479	95	41	197
12f14cc5-1184-4dad-8ebc-dfd27150dbce	515	479	95	41	;
5924c529-a0c0-47f9-ad3e-f5f369e6ab6a	615	478	180	41	remission
92b77c26-4a50-42e6-a559-72668665ac14	800	477	45	40	of
67bc8ffc-33dd-4edd-b06a-e037c63733fe	850	477	85	41	sins
1b88dccb-a86f-46c0-91a0-d05db3f61f90	940	476	160	41	through
cb17a530-8056-4830-a241-2d899e7d58c7	940	476	160	41	,
c875ac59-805a-48d9-9717-397a5ba14469	1104	475	95	41	210
faf1416e-f49b-4d10-a970-040daa738a93	1104	475	95	41	;
80ea69f7-dd99-4255-a338-6812919ca68e	1204	474	110	41	brings
e320603f-7b8e-4fff-8951-a8743b230553	135	519	71	38	joy
230b2f85-3784-4f5b-90f1-2e5ddf8a5f74	135	519	71	38	,
38f57943-ff4b-41f6-be10-c32391189d18	211	519	100	38	224
1d991999-3d6e-403b-b8cb-e2a6bd868329	211	519	100	38	;
7156d253-a06c-4873-8f09-71ca0ea0f367	315	519	119	38	hearts
a30df191-d83d-475f-8ba4-e684db88f08c	439	519	142	38	changed
d7035e0e-5951-438a-8652-37d74122c9ad	586	519	157	38	through
b71d4841-fac6-446f-adc2-24f3a0755d76	586	519	157	38	,
4e89cad5-2509-4786-a99d-34ac7b08dd04	747	519	100	38	224
98000ba3-a85b-4daa-b1a2-0951d1d24b8f	747	519	100	38	;
e7939322-0122-476c-9357-9f157fb7dd11	852	519	152	38	miracles
c38bc423-8531-4197-9d45-dbb981299911	1008	519	152	38	wrought
4281e789-acd6-49d7-bdc6-e504600c8037	1165	519	62	38	by
59dfedf0-f7ea-41fc-9ff1-2bcf2c918066	1165	519	62	38	,
8cc9553f-fcdc-46a1-9d5d-88d88f0f3277	1231	519	66	38	233
e148b2bb-2865-414b-86d1-872e39ca148e	1303	519	12	38	;
90abfb46-04fb-4f7a-a6d6-05c7e4d639d9	141	563	101	36	Alma
68fb63f9-2810-4294-998f-93319767014b	246	562	127	36	blessed
46d21d31-5167-4837-bbb4-98666bbf7e59	377	561	145	36	because
af5e442f-e208-4c95-bf44-60c7bc3c19ef	526	561	53	35	of
ed88215e-9301-4ed8-b642-3beb61052b30	526	561	53	35	,
a3d418d7-b599-4dc8-b9f8-59872816d4e7	583	560	96	36	283
0a6a30cd-3304-4f88-abfe-2cb24db79940	583	560	96	36	;
3697f8c9-ba3a-454d-8640-33bf4514e6ca	683	559	105	36	Alma
f57128d0-21d4-4fd3-8266-ecf11dd44f84	793	557	145	36	teaches
ed887c23-db52-40b7-b04c-14505074cefa	793	557	145	36	,
b988d4b7-3b01-4ef5-a5e4-21b4fc1fbf1b	941	557	83	36	326
ef3d755b-a7a0-48fd-9ece-d78695a2d65c	941	557	83	36	,
6e04eadd-da5a-497d-9e40-642c1de10c47	1029	556	96	36	357
8468fc0a-f549-4201-a59d-d7a674f3a43e	1029	556	96	36	;
fc5405b1-2a0c-4179-8c4d-fab9fb5aa338	1129	555	53	35	of
61eb312a-ce0f-4038-b267-b8a64fbdced0	1186	554	88	36	wife
3e1d5738-0f84-4f4b-981a-8352a09d55a1	1278	554	37	36	of
90273f8b-60a8-44f2-9201-f9efee411027	138	596	150	42	Lamoni
00e3d65e-5af2-4966-bcc3-daab9aba4822	138	596	150	42	,
e25a0ec2-5e91-4417-ac0f-20e083dd742c	293	595	105	41	373
ed68ce9d-d7a4-4015-8a32-75750a572737	293	595	105	41	;
ffbec7fa-7bdd-469b-a45a-2bdf28db84b4	403	594	195	41	knowledge
83183b25-d873-463b-819f-2a8ef42d4e2f	603	593	140	41	greater
1ae7060d-c005-464c-8d71-3092d535fd27	748	592	110	41	than
1842c7b9-b745-428e-9abd-f2341f81ae39	748	592	110	41	,
c13dc218-085e-41d3-9a1b-936969f58a6b	863	591	100	41	422
de839c8f-68fa-4d33-b4b2-6d699e9b7d1a	863	591	100	41	;
e723ee00-fd2c-4af7-88d2-7d63c0981cba	968	590	160	41	compass
2eafdfa4-ce24-4639-b1ab-8769f06e6bfa	1132	589	125	41	works
80bdb898-e184-4a6f-9801-37da61c8bc7d	1262	589	56	41	by
c9b435d8-3405-442a-987c-c427f0c77043	1262	589	56	41	,
e31da57b-3b40-4f69-9486-7f2ba2fa5d20	135	630	87	41	442
b2a64f27-42ee-446c-a394-9755b322233f	135	630	87	41	:
2cbc0294-37ae-43b6-85a9-20db0983ccff	227	630	97	41	lives
b0eb789b-81bb-4937-88ec-e0a45db42f60	330	630	46	41	of
c2e716d5-6319-4dab-a172-a1b8fdec2f74	381	630	97	41	some
f66c5fcb-ce63-43cf-954e-d4b32c73a20d	483	630	46	41	of
b42b81a7-7375-4b25-a3a9-2f4db82753d4	534	630	123	41	people
ec6d0ff3-3e5b-4f34-837e-11ac0c7c635c	662	630	51	41	of
da7610c1-d353-4ab7-8fbc-aca2d64b0f4d	719	630	138	41	Ammon
f4d28247-390f-424b-9d65-6925579c17f3	862	630	174	41	preserved
e5e6a3c5-76dd-4834-8d46-5ca336f4b2ef	1041	630	61	41	by
f26ad496-dda2-4c64-a39b-3df138f65e8d	1041	630	61	41	,
413db394-f4ec-494f-9f9f-1ca396427695	1108	630	97	41	518
128e4a58-0432-411d-812c-1ec8b6ef8b97	1108	630	97	41	;
714befe2-62d8-42df-8586-57ce90ce19e7	1210	630	104	41	power
af8cb285-93a6-4db2-af82-e2765b6519e2	141	675	185	40	manifested
d1fd4288-fc71-4cfe-82e0-1f39064f7c23	331	673	157	39	through
3a15678c-81a6-4d35-ba71-2586a25e09c1	331	673	157	39	,
4489ae5c-a87d-4ced-b5ff-49d8dee72c35	493	673	91	39	707
3534ef41-0794-4419-9a8b-8fe536812eb4	493	673	91	39	;
bdfac7a4-aadb-4acc-ae22-b609658d2862	587	672	119	39	brings
c84ff139-0a94-4b85-bba3-e272b904576a	711	670	190	40	knowledge
a4ba998f-2c7c-47a2-bab9-08c5b1815c1f	711	670	190	40	,
ce070135-cc4c-4df5-85ee-6faa19a12433	905	669	91	39	724
79bfc8b4-b7bb-443e-a7e4-98e95b977ec8	905	669	91	39	;
6df9f943-374e-40db-952a-ce0b0f6367a7	1000	668	109	39	Ether
bc6a5b7f-b1f6-4325-b23e-b1a82f0e86ca	1114	668	76	39	and
948b7bd8-d49d-4d77-847e-362af923a7fc	1195	666	123	39	Moroni
72879799-16f5-4e37-a631-42d3692e3241	141	711	199	53	concerning
52fcf9e7-c3ad-4b15-aad1-0a334de7f929	141	711	199	53	,
57d92e04-b24a-4459-bcf3-e3c775ff373e	345	709	91	50	746
8783b036-78f6-4ade-a8e2-6d01fd08740e	345	709	91	50	;
26ba967a-00d4-4727-8e37-db8942a42ba6	441	706	139	51	Moroni
6e84c3be-bea0-44c2-be17-5ceb423c0c41	585	705	49	49	on
0ccca2c4-c1d7-4a3d-95a8-202e6bc5f16f	638	704	79	50	and
5db17c1b-6007-4bf1-89fb-d9923f619751	722	700	145	51	charity
448a6a3a-d929-4a72-85cd-ca7344006c3d	722	700	145	51	,
41a0c98d-1601-4a64-955f-88d6bd63a92f	872	698	91	50	748
05f0b8f0-0c0e-49e5-8beb-b786d29d3183	872	698	91	50	;
d7f8e867-1259-4ab2-9f96-c2aa8b973df2	968	696	121	51	brings
a1060e86-3bbe-46ef-9f6e-6a6a4b5ba068	1094	693	115	50	power
c3a2ee11-21aa-4a07-8704-2ce4fc58c2a3	1214	692	49	49	to
dde6153b-2bdc-43f1-97f6-a0dc2e0d5997	1268	691	50	50	do
fe81d808-53bc-45cb-ac37-8e80a8fa700d	142	743	160	44	whatever
fe07a80c-2f82-40ce-9459-9cf4ab436d7d	307	743	44	44	is
6d1da98e-a647-4af9-8784-180883749d9b	356	743	187	44	expedient
ce36123c-45f6-45f5-85d1-122bba04b6a0	356	743	187	44	,
aac87aa2-0315-4123-b292-110f0b41f246	549	743	99	44	766
52322b19-b95f-4bad-aa68-0c71e257b2e2	549	743	99	44	;
07541fbb-244e-4270-b33a-e3b0e109187e	653	743	126	44	effects
29e8cb91-9d98-4034-84bd-756e701bfc2a	785	743	60	44	of
ce471c1d-6a5e-4c2f-b4bd-ce8b0fe1f634	785	743	60	44	,
e3e2bff1-2fc1-4211-a5bf-4074cb843fc9	851	743	99	44	766
ee8ae3da-0332-4bcd-ba08-d301bd416a7a	851	743	99	44	;
9e0f340e-91db-433e-9da0-d0ec1e5a0783	955	743	82	44	God
5de9e061-bb19-4b02-b85f-669b9140b758	1043	743	154	44	worketh
5c035ce3-efca-4adb-8222-cc02d08d6adb	1203	743	115	44	among
4b384f0c-2fa1-41c5-a6ad-428f6658305f	144	794	70	45	men
861fc309-fa06-4d88-b5fb-933c4d715872	219	791	172	45	according
b2e8ac3e-78de-4114-8810-79cf7d824660	397	791	44	44	to
640e6826-6329-4290-bfe2-5978180cc15f	445	789	103	44	their
37014b07-9e00-4059-a8d2-e2e18f93074a	445	789	103	44	,
0ab03539-1f19-473a-aeb8-1ac44930570b	552	788	92	44	775
cbffe235-7593-453e-8a89-d594c46fecce	552	788	92	44	;
f9638a2d-15ec-48b1-8bc8-4d033ca561aa	649	787	70	44	can
55d185eb-65b1-4242-827d-5468e75f6e92	724	786	65	44	not
51ed50a6-a4f1-4025-a215-cc889f0d137b	794	785	49	44	be
c57c56ed-af64-43ab-85bb-6a3c7180d52f	848	783	103	44	saved
08d0d40b-4929-4506-aa7c-f629dce66faa	955	781	151	45	without
43d694dc-4251-49e3-888a-959d45821348	955	781	151	45	,
e07a3497-74d4-40d4-91f8-074e92d1bf6f	1111	780	81	45	776
6d8f04c6-53d9-436e-8b3d-d212e76022fe	1111	780	81	44	.
d84f42ca-b65d-436a-b333-4b517a568c66	107	835	85	41	Fall
001eac26-85cb-4a97-9b36-fb472537a49d	107	835	85	41	,
66fcee9f-0689-4ab1-b5cf-ba48bb0492a2	197	834	95	41	came
57c26021-7d1c-42ab-a9eb-f3aa441979d6	296	833	55	41	by
9604e0bc-17bf-43fe-a360-7eedcac593e7	356	830	245	43	transgression
3df7be14-2d64-49b1-93cc-b45b9deee740	356	830	245	43	,
cac28243-305e-4a9a-929b-e279d7c77a8b	606	829	80	41	106
68000116-6792-4fd8-8c72-1b2860b140c1	606	829	80	41	,
443c2e3a-1c08-4e06-b273-df216a530db5	691	828	83	41	453
8fc88df9-4542-4787-9cee-c97202e6de94	691	828	83	41	.
aaf53f95-63ad-4f3c-9524-06c489443ac6	107	878	128	38	Family
1bbb12a7-8396-466b-84de-602be03ed365	240	878	47	38	of
8487c473-49cc-47d5-95f4-0ae14248d63c	292	878	100	38	Lehi
6e5375b4-b949-4f44-8492-9be408a41c66	292	878	100	38	,
fef2c41d-51aa-49b8-a617-743d43e96fb9	396	878	41	38	4
88d2b3a0-c098-4b72-9b51-e88e8197dda8	396	878	41	38	.
33ab8ecc-2573-4326-878c-68a33622cb2c	110	923	149	39	Famine
f58352a2-74ee-4a96-af40-e6294f544a12	110	923	149	39	,
87d5462d-832c-4654-a6f2-70aba8d4d637	263	921	131	38	people
d5434237-eeec-4204-b9e6-ef0aae599843	398	920	59	37	of
326adc3b-6111-4c22-8ee5-4e9abf5d1d0c	460	918	122	38	Zeniff
86fa7fb8-2c77-4ccd-9806-7cf63ec6e4f9	586	916	153	38	smitten
4aafad81-8d53-40f2-a3e9-c053a7b47c5e	744	914	108	38	with
b8f033b3-68e5-4b26-ad6b-5b352b244f71	744	914	108	38	,
25dbffd2-cbe0-4d2d-ace0-d950f1687335	856	912	108	38	234
3a2116c7-4a1b-4149-8960-5fddb47cdc2a	856	912	108	38	;
28fbc4cd-b5d2-48d1-a26e-f5f0bede3f69	969	911	104	38	upon
1f614888-7683-441d-887e-563db04297df	1077	908	171	39	Nephites
a96de49f-075d-4a63-bd2e-34b76ca2819f	1252	907	66	38	and
4316af44-8b6e-4646-bd3f-2cf94300ed76	148	954	195	38	Lamanites
1e232425-326f-4564-8449-37a2dfa60c08	148	954	195	38	,
cccd73ba-4d5e-4df9-98ad-f4eda15efac7	347	954	104	38	580
d8970644-d194-44ec-a8c7-02339a602b10	347	954	104	38	;
a09bc2fb-2d8c-40c2-a7fc-98c1572849d8	456	954	128	38	people
5d8108ff-75aa-4b5a-b7a4-34f8feab21b2	589	954	133	38	repent
8fe73e33-8b89-4d20-a1b9-641a1031437d	727	954	147	38	because
9eba22b2-dbfc-4336-a30a-8a4935b7f58d	879	954	66	38	of
e42f38a6-0fe0-471d-b3b1-db9eba03f459	879	954	66	38	,
7eb3115a-5e21-405e-96f4-8e69e3d448ea	950	954	104	38	580
2a4abdc1-6a6b-43e3-9e40-ccd84711e053	950	954	104	38	;
9a01c133-d6d4-4826-8435-91869951c578	1059	954	171	38	removed
4c28f30b-eb95-45dc-8b44-fe6cd4e67b26	1059	954	171	38	,
c2843c3f-2cf6-41e6-81f6-633a7d774b2b	1235	954	89	38	081
30ffae85-1746-49c3-84f5-5b99316ba330	1235	954	89	38	;
8ca7492e-26f9-4616-a1aa-efbba32ce61b	145	995	123	41	among
0bbb5c9b-caf0-4cc7-91aa-01083b7b9a7b	273	995	169	41	Jaredites
c5c33098-4e9e-48bc-9b70-187b2ef36fa0	273	995	169	41	,
39511d93-0a1d-42e8-8f48-c1c5527d38a9	447	995	82	41	738
d0b60aa9-9e29-49ba-899d-68699b73cc18	447	995	82	41	,
a38320c4-5af1-4014-954b-d694a9441944	534	995	82	41	739
1b27a49c-dc3b-46a5-aee7-a43f5256f7e6	534	995	82	41	,
eea4c3a6-32f9-4533-a488-5d3e2236ecf0	621	995	77	41	744
c415a668-626c-43d8-9772-b40638825d30	621	995	77	41	.
57292e1f-7bfb-40c6-8baf-5ce452c8725e	113	1040	132	35	Father
dbedd529-60d8-4228-8072-dcaf056b2d97	113	1040	132	35	,
98918d95-0a72-493d-9db7-102ae53c0fc0	249	1039	99	34	work
8f722d5d-9b56-4b37-af21-349652097fc3	352	1039	50	34	of
1c9ecc3f-2acf-4257-b668-67041a2761af	406	1038	54	34	to
f34895b6-7a29-4540-b0c7-3a16241b954c	463	1036	190	35	commence
1f35916e-be39-4752-8eae-ff0bb2bb8559	463	1036	190	35	,
c5e551d4-c742-4061-abd8-5b4665999241	657	1035	57	34	41
afb3637a-0eb4-4e17-b8b3-ab73a7ca8954	657	1035	57	34	.
9ba86b2e-79c9-4b65-b606-b6705f8c84ea	113	1067	82	44	Fire
2b561780-3f1c-4ac2-a7f5-25f513a35969	113	1067	82	44	,
a3dcd2b2-ce44-47c2-b841-5ca3776919c3	201	1067	44	44	as
6d371a5d-c230-43e0-ac46-f24dc770f0b7	250	1067	66	44	fire
1d08729c-74e6-47b7-a3db-f6cd261bc929	322	1067	71	44	and
28d29a04-ea16-4701-a3eb-5959d3307636	399	1067	181	44	brimstone
28fb5e48-b740-4be6-865c-6f4791cd8a8f	399	1067	181	44	,
1637cae5-5de6-4459-9e04-c769497729e5	586	1067	77	44	108
f60d5bf0-cf33-4737-a59d-2af1c6f615c5	586	1067	77	44	,
1e9567a9-7251-44fc-bbec-52fc09930e9b	668	1067	93	44	189
c749d808-1520-427e-96cd-3d6767abfcd0	668	1067	93	44	;
bf56bcf2-eb9e-4af3-bdb7-7202ac32c296	767	1067	126	44	endless
cbc5945d-a483-4c22-8c7a-28cba605837d	899	1067	154	44	torment
acde2cda-8e1b-4941-881e-ef5fb5cfca29	899	1067	154	44	,
e6950e75-6608-4ea3-a883-df6ec8a536d1	1058	1067	77	44	108
7fa1f8ad-87bc-4f4b-be6d-aab0db77b5c8	1058	1067	77	44	.
58bfa64e-c96c-4b4b-b392-70e1b82cfb15	110	1112	210	43	Fornication
07f332f8-efc7-4fa0-ae02-751882a6e9f7	110	1112	210	43	,
3f28e755-f2ac-4fbf-ba07-cf74a2180129	325	1110	160	42	warnings
5fd80160-8f3a-4e9f-a0e1-4ea3c2ffb2da	490	1109	145	41	against
a32e06f9-ea67-48e3-8af7-96b184f149c4	490	1109	145	41	,
ef1f70d0-086a-456e-a6de-c3fff1d55410	639	1108	78	41	174
ce0d2f48-c3b9-4ab8-a956-921dc4d61a61	639	1108	78	41	.
b7883ea2-069b-42ee-af3c-6fa94dfa39dc	110	1149	210	41	Foundation
c2f21714-48a3-447e-ba20-cec8d724d4ae	110	1149	210	41	,
385da3be-0db9-459d-861a-66f8bd87113d	325	1149	82	41	only
afb607af-9104-45de-8c06-51a70b7f7a92	412	1149	92	41	sure
1ea75973-d9b6-4d8d-8d8a-b4e2cc32457b	412	1149	92	41	,
89460a65-e60d-4da8-9486-7362d0defef2	509	1149	77	41	177
98b48072-2a17-4a68-b247-f10eff68b617	509	1149	77	41	,
bf940738-942d-4fa0-a8cc-85effa853866	591	1149	82	41	557
1e50b881-9626-4ab8-b759-2e51e44688dd	591	1149	82	41	.
ad3668ea-8441-47ba-9344-eb952e04583c	110	1192	74	47	Free
e6f89350-c3ae-4c28-8bac-cc1063dfcc8e	188	1191	85	46	men
7137e25d-d4c6-42ce-a5ec-66455b746d4a	188	1191	85	46	,
3adcc364-a095-4f0f-926b-848fbc67f408	278	1190	46	46	to
247d95f3-87dc-456d-9490-690297b85a38	329	1187	158	47	maintain
3b68f5fe-e36e-497e-892b-975b78cc2024	492	1186	74	46	free
addead61-5d5f-4eff-b0ff-5ae76f97fa7e	571	1183	209	48	government
cabda8c1-f854-4a61-9f67-314906f34c9b	571	1183	209	48	,
228ac9f8-2aae-46d8-ac4e-692f68801a99	784	1182	85	46	490
8dc9295a-925e-4e83-89bf-9541b311769f	784	1182	85	46	;
a6f404f2-cd6a-47cc-80f5-62b693c1f157	874	1180	96	46	voice
6b07179f-e6e3-4926-909a-ddcfa15a10ec	975	1179	40	46	of
69ea5d82-bdb8-42e7-a9fa-dfd35beef5b7	1020	1178	113	47	people
022363d4-f479-4148-9e1e-ad246f24c615	1138	1176	107	47	favor
31c03da6-5df0-46b3-8157-e76f0d2b8985	1138	1176	107	47	,
ee029e7c-d0a5-4f91-9f45-34bdc813fbfe	1251	1175	77	47	490
523b0f59-06fd-47af-b0fd-19ea7c557295	1251	1175	77	46	.
8a643768-8317-4f5d-83cb-c8ce29cd9452	110	1228	82	41	Gad
11a0b64b-0cad-4e56-aa0f-6898fd8c3cdd	110	1228	82	41	,
0e5209ce-7d3b-4f48-b71b-c190dd4106a0	197	1228	82	41	city
47d6db1b-cae3-40ae-beb4-02114fa339a0	284	1228	41	41	of
21fd6b12-42c6-4ac1-b983-ac9adbf0b49c	330	1228	138	41	burned
ae29405f-ef03-4fac-b734-5cb1cf9ba526	330	1228	138	41	,
f48c7ac6-e96b-40d2-a001-e0acc63ca27a	474	1228	77	41	627
3d585247-85b0-49f7-8ae1-1629a527a7c2	474	1228	77	41	.
7e264bc6-c9d3-44d8-aae6-ec609f92ddc4	110	1266	169	41	Gadiandi
3d9769ed-036a-4d57-89c5-28a1391a3771	110	1266	169	41	,
98d73250-d1db-40d9-ba70-645c28f61790	284	1266	77	41	city
96aa74f1-a237-41d5-9efc-b01d48f14937	366	1266	102	41	sunk
55163bca-a98f-442b-b0e5-44ff4ebf5393	366	1266	102	41	,
ae70a3f0-5af4-46ea-9c54-002362018ee2	474	1266	77	41	627
ad45c4c1-f627-406e-b1aa-714e16f98482	474	1266	77	41	.
0bbbb3a8-92b5-4647-9011-8546fd212dde	107	1301	199	45	Gadianton
25f31d1d-27db-4846-aee8-4542961a1c5a	107	1301	199	45	,
96b43a8c-f46c-4f6b-9ce4-1ee96703ea12	311	1300	124	44	leader
f56e1526-5f7e-4da9-9fdb-01c03755c06a	440	1299	54	43	of
94dec383-5985-4a07-aea5-f52026ceb401	499	1298	102	44	band
bd2ca891-2be5-45cb-b49e-564144ac9121	606	1298	54	43	of
af76bddc-5231-416a-8163-10b9ee8321f4	665	1296	221	45	Kishkumen
86572024-3951-4a17-93bc-8c0b23af2987	665	1296	221	45	,
953adc0f-9d4e-43df-b95f-17005a172e28	891	1295	102	44	547
587032ac-656d-4dd2-abdc-b763e55c1841	891	1295	102	44	;
8af0d454-cb71-4342-849c-9ba2b5a0a528	998	1294	102	44	band
a0d35e2c-2c1d-45d4-b901-bd536be183a6	1106	1293	59	44	of
f42a7dbc-9925-4006-892c-f0266c453f58	1170	1292	76	44	flee
5c03732d-1a88-4e9a-a2f0-a7abecd7b10f	1251	1292	74	44	into
7fc34c8d-da4a-4d12-8701-fa974cc10626	148	1332	187	50	wilderness
17024e57-ab74-4e16-befd-8cd93f2c930c	148	1332	187	50	,
cad8905b-d59e-44f2-acec-e3b041f68ca6	342	1332	100	50	548
3f052e9a-1ae3-4d89-8db2-0268351d3531	342	1332	100	50	;
a7811be8-e544-46e8-ab91-a6377a615ab4	448	1332	112	50	secret
391a6123-51b6-4546-9f48-ca3243a18e4c	566	1332	237	50	combinations
a2b1698a-db27-47a3-9d97-ecebaea69b55	810	1332	56	50	of
47405d48-7b82-48ee-9381-a864c8bb8108	810	1332	56	50	,
09d8f90a-155c-4e80-a135-585393a4e2c1	872	1332	106	50	551
c4f2b337-7dc7-49c0-b2e2-8438e6f6cc76	872	1332	106	50	;
84dbb34c-ec80-4d91-a537-bbbc3d0d1a76	985	1332	100	50	band
ec6e26b9-0f52-4ccd-ae50-6cea414588b1	1091	1332	50	50	of
56b2c030-ca2f-4494-ade4-88e817a6b91c	1147	1332	180	50	murderers
f9825496-20ef-423e-8065-d21c0164a5bf	148	1383	134	43	formed
3b19951a-1404-45fe-957e-2bd98e44fc33	286	1382	62	42	by
feb6b918-c806-4e61-88d9-74dcfd04f6d4	286	1382	62	42	,
660da3a1-f1be-40ce-915d-dc9c3ccfe367	352	1381	98	42	563
8c20c6d9-585a-4fad-85d5-75724c277d35	352	1381	98	42	;
1579a709-b219-4e9f-894e-aa4061cf698f	455	1379	98	42	more
cf8669c9-3ca4-40b1-8e98-a769be6cf0f0	557	1377	180	44	numerous
030c2e63-c266-4556-8bbf-5c4525479d5e	742	1375	129	43	among
9bd62036-2edb-48ec-9f6e-2c7f5a82f0de	875	1372	200	44	Lamanites
dc95a4da-b258-4243-8a82-92ed5cc8e263	875	1372	200	44	,
05d6d18b-375e-4900-b859-8af7878fd061	1080	1371	93	42	563
9423ce9b-6256-4bc7-b276-fc3b03b97dc2	1080	1371	93	42	;
7b22e681-9cbe-4556-ad81-922a43986c29	1177	1369	103	42	band
5dfa87e8-e300-4001-91f2-d3923d69028f	1284	1368	46	42	of
28afabd4-94f1-4513-bef4-bb76fd271f7d	154	1425	175	37	murdered
e9356808-b99a-4159-9ee4-81d39be16c76	332	1423	166	36	Cezoram
e8019aba-2a88-4287-b8e1-03b2904047c4	502	1422	85	35	and
2a070c4e-8c4d-49af-9288-e609e6e65dd6	591	1421	73	35	his
0386bdc0-e580-4a90-b7bb-da1b3903425f	668	1419	107	35	sons
4debc2f1-21eb-4bb9-8245-8a15a5187fe0	668	1419	107	35	,
e9755658-acc3-4a66-aff6-802a8e3e585c	778	1418	107	35	563
e3880603-9eae-4193-bd28-05d04c34dc51	778	1418	107	35	;
5c17e834-85e3-4086-8acc-458d9e940c67	889	1417	102	35	more
74a2f4be-a431-4a3e-9252-0548fbae5495	995	1414	187	36	numerous
a1307cbc-2d6a-4a2e-bb09-db40976df395	1186	1413	98	35	part
5ccc8d24-b1c5-4929-b7da-c593fa075ffb	1288	1413	40	35	of
489aa176-3591-497d-b3bd-e90594aecd04	154	1461	156	44	Nephites
8df55857-e923-42a9-b86c-c7f0ba15f3aa	314	1459	81	42	join
d928f1a3-7055-44de-bdcd-55ba510a6863	398	1457	96	42	band
994dfa12-4ff3-444e-b554-051258fb559f	498	1456	56	41	of
0e6f1452-6bb9-4032-b9f5-0f612aee3042	498	1456	56	41	,
5ee88366-fcec-423e-8052-22ba71e2b020	558	1453	101	42	563
f1575d31-7f9a-4015-a9d9-51b769ee127d	558	1453	101	42	;
4255d383-fdab-4e15-ad56-132533466a9a	663	1451	101	42	signs
7ab6434b-b87c-4e9b-ab8f-054eb5f2817d	768	1449	81	42	and
e7af95cb-47b9-4cc8-a14b-6f53c1bfccd3	853	1447	116	42	words
519ff28d-33d1-4b7d-acc7-d57137b19294	973	1445	56	41	of
5251b1c7-f1e3-4377-9b6a-cfddef553f41	973	1445	56	41	,
3d8c5094-7967-475b-9c26-c7d3049bcee9	1033	1443	96	42	561
6278d07e-f37a-4507-a2df-d5003226e72a	1033	1443	96	42	:
4573f053-6289-4386-941e-f7f30d390e60	1133	1441	96	42	laws
b77cceb4-9435-475c-a3f6-fe93d1aa5493	1233	1439	92	42	given
351e4f6f-900f-4996-bdcd-23e531b467e2	151	1499	55	41	by
2386e93d-b89f-493c-9e8b-129612cee5ab	151	1499	55	41	,
8fd50474-8d11-4b23-92d4-ac482b13b15b	211	1498	90	41	561
49797553-bfd3-40af-a46c-baa0236dbd1f	211	1498	90	41	;
29406a3f-93bf-426c-a7e6-3797319753f0	306	1497	110	41	origin
4bc3cb15-6664-4ad5-8c43-4dc2d8adeeeb	420	1496	45	40	of
caa59c93-32ce-470c-aee7-fdaf6ff40b0c	470	1495	125	41	system
f734e749-6e10-44c6-bb0c-09b1b2e8e0b9	600	1494	50	40	of
4026a8ca-03ee-4013-bae7-febde0481f4d	600	1494	50	40	,
dbe5bec3-04ba-43f3-9502-c90af79cd66e	655	1494	90	41	564
da4564e1-2c21-4468-a3cc-7b452a7a0142	655	1494	90	41	;
f3269252-531d-4045-875c-9df1c86df548	750	1493	90	41	band
1659b41f-3a1f-4d40-96dc-cac1c4696776	845	1492	45	40	of
b25a6b2b-13de-445c-b38a-0c581dd49af5	895	1490	170	42	destroyed
8b67410e-40bb-4818-b019-183669cf3132	1070	1489	120	41	among
ce517d7f-aedb-4dfb-b4fd-d2ca59b6664c	1195	1488	136	42	Laman
867b8929-2b19-4ab0-99a7-0ac866978cab	1195	1488	136	41	-
8df207c8-63db-415a-84f1-5d57550265d8	148	1536	76	40	ites
3ba9db54-331c-4b9d-a2ee-37727e9110a4	148	1536	76	40	,
75c9401b-6d3c-4d1a-8a89-501b450397df	228	1535	91	39	566
093ab161-ccf6-4eef-9e67-860217caba1e	228	1535	91	39	;
992ade5a-0856-40d4-95cc-f29d6d6b860f	323	1534	95	39	band
b94b8df0-0786-4b2a-9db9-10ffc5ed3b9b	423	1534	43	38	of
a235ad2e-b043-41f7-a78d-3b28da32ae80	470	1533	91	39	built
1ea9a48b-46b4-4769-8775-9cfea996d65a	565	1532	53	39	up
aa1acc28-53b1-4312-b089-a08ee5f19003	622	1531	53	39	by
4d7da2d4-1a58-4a93-bbe1-6ff60b72a4fe	679	1529	162	40	Nephites
0c9ce143-902c-416d-84c5-486611e0ae40	679	1529	162	40	,
f28c23de-e94f-4318-9d32-16f2088e035c	845	1528	91	39	566
cba9c91d-7486-42e5-858f-c46925471665	845	1528	91	39	;
d1ca8562-341a-42b8-8959-85b24047f13a	940	1527	95	39	band
6deb3a4c-1cf8-4857-ac59-3e46522a5480	1040	1527	43	38	of
305e1029-b611-43c2-9c21-e0fd191eeec0	1087	1525	114	39	obtain
121433ca-5674-4806-806e-9952e7941b87	1206	1524	125	40	posses
4f06e530-2816-4015-aaab-4efc05487639	1206	1524	125	39	-
92221fe3-aa5f-4b04-bcc9-4f6f4702418a	151	1576	86	40	sion
e4253f07-6a40-4e3a-909d-914e9ca38ae5	241	1576	53	39	of
f130b467-d637-4698-bde5-0d9727335686	298	1573	219	41	government
9946df57-154d-46c5-950a-3402b75f28e0	298	1573	219	41	,
d787a772-82df-4684-9a66-7752b11a6db3	521	1572	100	39	566
5fb0dec6-91e9-460f-bc70-96daee865368	521	1572	100	39	;
9c0e6966-e713-4b8e-92ca-3bf15a2ee96a	625	1570	143	40	robbers
ed57d66f-28f5-484b-b9e4-909bd7e165b8	772	1570	48	39	of
22752be9-a3bb-4760-b33d-9a0569a515a2	825	1568	119	39	filling
3fca600a-6242-49eb-936e-0c1d21fb928f	948	1566	176	40	judgment
7efa8442-a13f-474d-be59-6df73a481562	1128	1565	110	39	seats
8dacdab0-03ab-4641-9895-921da28646ab	1128	1565	110	39	,
aa277527-ce97-455f-b9a2-6f138b28d485	1242	1564	85	40	567
79723a7b-20d6-4614-be55-0077d2cf6bc6	1242	1564	85	39	;
a90ce223-a1d8-40e2-b4a6-d7a6d16b7508	154	1615	46	41	at
773c27f1-035c-42aa-ad59-f1a68e5306c6	204	1614	90	41	head
90de381b-59db-4ac2-8644-ddb816f5b5a1	299	1613	50	41	of
835f201d-486a-4f12-9eee-5e39ce1be824	354	1610	215	43	government
15fff3b4-69ba-4fae-95d0-1f73ad50143b	354	1610	215	43	,
ecf47c15-8e64-4034-bd39-24740e358502	573	1609	95	41	567
7cdef7a4-4cee-44f1-a515-03ee814f699b	573	1609	95	41	;
beaf0620-97dd-4fac-87a6-290a454e599a	673	1607	120	42	judges
948cd415-4c26-4555-a0ac-0461beb7a132	798	1606	125	42	belong
3fc7cdbd-29a7-4d5e-83bd-011f0943d989	928	1605	45	41	to
7f133977-5da0-42fd-b7b9-dead45bb889e	978	1603	100	41	band
9b3826c0-4a86-4804-8ed1-67298e60be2c	1083	1603	55	41	of
0bb5f6a5-6064-4592-bac1-7322c01676d1	1083	1603	55	41	.
74a4f9aa-eed9-43e5-bd96-8ced7dc26600	1143	1601	90	41	570
bfb9945b-1e75-476d-8a17-fdc8f07fe3fb	1143	1601	90	41	;
685c6692-20a2-4d93-a2cf-dd39123fbe8a	1238	1600	90	42	band
44c6c88f-e4f4-4d52-84ce-861e7c5d3b47	154	1653	44	40	of
c3c21c92-7814-4ec4-9fbd-91b4302c105f	202	1652	83	40	slay
983d4aac-d48d-412e-8dbd-550bb211f0f7	290	1650	98	40	chief
a44b3200-0d5f-435e-bbae-aaf463b2a244	392	1649	112	40	judge
7ef0aa9a-b676-4172-9561-6d8055c56e33	392	1649	112	40	,
600e6d42-de34-47e3-8341-452172989d84	509	1648	98	40	573
607f4284-7ff1-48fc-bf6e-d5f411e68519	509	1648	98	40	;
f0d122df-8fe9-4b18-893a-4fee42b55f9a	612	1646	112	40	secret
2545a5ea-311f-4db3-9d6c-f230ef434da3	729	1645	98	40	band
a7821db3-d0f6-442c-aba4-87df3105c22d	831	1645	49	40	of
f04d171e-49b5-44ba-9b65-30956cb1f8d2	884	1643	108	40	cause
5e43029c-3a32-434b-bc95-d4c19c11fe08	997	1642	88	40	war
5c180c02-cac0-402f-820b-5ec2863079f8	997	1642	88	40	,
b9d46e56-2e98-430b-9b5f-7a1e9454e26b	1089	1641	93	40	570
9f66a443-a95d-42bb-839e-923fb22fed6e	1089	1641	93	40	;
6af71b52-d2d6-4782-a1ff-661937357c58	1186	1640	98	40	band
606872a1-7ec1-45bf-bbe2-9be1efec493d	1289	1639	42	40	of
fb29b559-0757-40bd-86ec-7caeaf4ec04a	154	1692	105	42	swept
d9a88860-7923-40f2-9b05-38a94662866c	264	1691	110	42	away
aa346f67-34ed-4eb0-814f-929ee493536a	264	1691	110	42	,
144bb07d-e59a-4ce3-80de-f33cc365d9ed	379	1689	90	41	580
8a2c7859-859f-47a7-b800-1cfc5c39ac52	379	1689	90	41	;
e47ab8da-5c66-4fb5-985b-83401da904f4	473	1688	115	42	secret
2aee3711-3daf-46a1-8330-6223b37639c8	593	1686	105	41	plans
643f7407-aa48-4a31-9d8f-9adab041f283	703	1685	46	41	of
4adfef77-0563-4afe-b315-db1a025279c1	753	1683	180	43	concealed
5fdbe7b2-11a2-4c3d-848f-1705d6132a1f	753	1683	180	43	,
b5f56223-9524-45d2-8894-a57f99342d78	938	1681	95	41	580
78a5ff19-dfb5-4f27-a533-abfbba9301c3	938	1681	95	41	;
67de0794-4c61-415f-b61c-a862b4600dd9	1038	1679	140	42	robbers
b277ec92-03c3-4037-ae26-f57e9328a3d8	1183	1679	56	41	of
25c89a63-fdb7-4777-8b07-0fdbc1ae704e	1183	1679	56	41	,
64287501-2a7e-4d18-9624-fefc0a21a749	1243	1677	88	42	582
6d850b7b-ef1e-4391-ae44-5b781cce59ae	1243	1677	88	41	;
d5158abd-a4e3-46f1-b4fb-a468440ef77d	157	1729	119	40	driven
3cb8fcb5-23ab-4d19-a434-8a99d5d4ab26	280	1727	100	39	back
53ec4811-c503-4330-ba51-d4189bd021ca	280	1727	100	39	,
9e2178ec-0951-44ee-b6f3-9853c1f323bb	385	1726	100	39	583
7f2628d4-0d83-48d5-bfcc-32ba0c075f66	385	1726	100	39	;
68ee906b-371b-499f-a1bb-5cffbe4bad66	489	1725	95	39	defy
960d8340-e8d5-411e-a5e7-d8f9f6953cde	589	1723	133	40	armies
3862301b-91fc-4523-9545-79a6aaeba2b2	726	1722	53	39	of
937913bb-9ce9-4817-9809-a265ed07a16a	783	1720	162	40	Nephites
afa2fe6e-2e66-438e-a070-0519d6f9dd8e	950	1719	86	39	and
51c074a3-cd76-4a1c-a508-07a83343041b	1040	1717	200	40	Lamanites
77b200aa-9df8-478f-bf86-dffc472d512d	1040	1717	200	40	,
4a9cfe43-daae-4dd2-a70e-041b04d028ee	1244	1715	87	40	583
f2137e39-a806-4c63-b48b-8ce6ff7948e4	1244	1715	87	39	;
9bd712fe-985b-471b-9bc7-675f8a45d3fd	154	1767	140	42	robbers
689df2d3-d22a-4c6e-b4ef-bf6a6b5a798f	299	1766	55	41	of
54a83d23-3f99-4a14-a823-3205a35d8e13	359	1764	115	41	infest
d6c8bdf3-e711-4b1e-9007-8c1cd3c65302	479	1763	95	41	land
8555bb42-7e0e-41ae-98c9-edf8be17bf47	578	1762	85	41	and
724878be-5680-4e0c-96e0-183552498628	668	1760	165	42	increase
74401144-17b2-46b4-ac01-f244881d1834	668	1760	165	42	,
baa56248-0b54-414c-aea6-f6dfc3737a12	838	1759	100	41	603
16a5599f-aa09-4d03-9a2a-47d7a8242d99	838	1759	100	41	;
8570d56b-a07e-47c5-a9f4-e1a38b6d274d	943	1757	145	42	robbers
502e7927-38b0-4941-8c05-7a97278423c1	1093	1756	55	41	of
52e2d13e-b561-499c-8c12-3a1efe0a27d4	1153	1755	125	41	joined
16601cfd-1dcb-446f-ae57-e68c4267e1ca	1283	1754	48	41	by
893fd2b1-e8eb-4171-bb66-5a5c0333fbc9	154	1803	159	43	Nephites
794eca8f-0955-44ac-be5c-9da88920b6b9	318	1802	87	42	and
5eec309b-61d3-4d83-bdd9-8c6262d1654c	410	1800	200	43	Lamanites
1cb0ec47-c618-4b15-b56b-eff76c080be7	410	1800	200	43	,
e6c5af59-dfc2-4d0c-8ebf-7118efd57640	615	1799	103	42	603
14298c70-8e37-4e1a-be76-231bb5bb79b0	615	1799	103	42	;
2d941846-b990-4301-92c3-ba78c0771526	722	1798	144	42	robbers
cb99753c-ba3f-4b51-befb-3c7c73d6fb76	871	1798	52	41	of
bd224f89-b8f0-4d69-99a6-a623300146b9	927	1796	139	42	become
3f8f7626-db6b-48e7-a4dd-b64a76080e56	1071	1795	190	43	numerous
0adb4db0-c054-49ce-9577-db1980b0fa20	1071	1795	190	43	,
db472ad9-7906-4da8-b3fa-90b955d1b8a2	1265	1794	69	42	Ne
a3e489b7-6dde-4d02-a379-28a937c44033	1265	1794	69	42	-
bf92306e-b9cb-494a-a4fa-92976496580a	154	1843	119	36	phites
f1f69238-383a-4653-9b4c-5e3572dfc1d2	277	1842	81	35	ana
2e492ef1-55bc-48bb-b1de-2f3f859a4533	362	1839	202	38	Lamanites
4f69a831-01ce-4a47-ad9f-0f48ceced84d	556	1843	89	39	arm
98682dd5-c622-46fc-8a92-88a320bfb54f	649	1839	149	41	against
0eb50692-dc1c-45cc-802d-994c9e8691e9	649	1839	149	41	,
f2fdad9a-7ea1-4ffc-a7b2-7c96a82cb3f8	801	1836	98	39	605
4c813229-8bd2-48a8-bfae-f3e39638d546	801	1836	98	39	;
be7d1e2d-720d-4242-be31-5414c953392b	903	1834	84	39	war
2e0bf844-892d-4c93-b3c5-8cc566274002	990	1831	153	41	between
02365819-9536-4e36-afd8-d6c0d21249c7	1148	1827	140	40	robbers
4f6c9bda-9a3e-4058-be27-f4e5b399158e	1291	1826	40	38	of
58da9e0a-6f13-4e56-9220-8f70bd457b6f	154	1876	77	41	and
50970b4f-461d-49a7-a6a2-513ecc10068f	236	1876	164	41	Nephites
1ed2fdd8-986c-4bcc-82fb-0aab31e9c3c7	236	1876	164	41	,
628c3150-01c6-492d-9730-b3e465f529d8	405	1876	97	41	605
7da4dbd8-06bd-4f98-aae6-024cdaa7274f	405	1876	97	41	;
e370a244-e3b0-421e-9108-223adddaebae	507	1876	138	41	robbers
9fdc8425-7cf3-412f-b75e-cdb2cd90c624	651	1876	46	41	of
547361ee-ac67-4c8b-bcf3-ef5c1b58fc09	702	1876	92	41	gain
3c8e822e-94fd-446a-aec7-c6a90058953f	799	1876	78	41	over
af9ebfca-6ee0-48e3-82ab-9bc0c96b3561	874	1870	184	41	Nephites
623340d2-e704-4188-9370-d3f122a54e03	874	1870	184	41	,
f5796d24-e719-40a9-8d48-1fc903532dbd	1064	1870	97	41	605
3f41f873-35b7-4394-a2b8-9ae1b6b516b7	1064	1870	97	41	;
5a4a843a-657c-4a95-8953-1da7b1b5441e	1166	1870	123	41	leader
3f64d230-e790-44e3-a345-0c2e47a4cb1c	1294	1870	36	41	of
1a57288d-f5b1-472d-b577-1e8d3866f5fd	157	1920	132	41	robbers
dc27efbb-8e94-4d14-995c-daa8fb8606ef	293	1919	44	39	of
e41bbc69-64ff-4647-b3a8-3cf1d54e8f30	342	1918	112	40	writes
2238ac15-a27d-4dfb-aed0-6bec1f3d0205	459	1917	49	39	to
bb4433c8-31f8-449d-a1d5-5b472d1b4394	513	1916	195	41	Lachoneus
e7cfa471-4605-4c88-872a-e524ea9c85bc	513	1916	195	41	,
1f2af514-498e-4ad5-8231-0137e5644dbd	712	1915	88	40	606
df94636a-db3f-4dff-9cbc-30063c4407f9	712	1915	88	40	:
784dae61-9f12-4e30-a2c9-7f9497a85192	805	1913	190	41	Giddianhi
ef1bbaf2-0ea8-4b5f-a4fe-2954e0125314	805	1913	190	41	,
6486ca5e-daf5-42eb-912e-af1916265898	1000	1911	161	41	governor
f782faa1-1611-464e-8ee5-e1504cfc1e79	1165	1911	39	39	of
f9f4e18d-95aa-4d1b-95f7-cb53a865b472	1209	1910	121	41	society
083b5ab9-9338-4692-88fe-75b1be6addeb	154	1960	51	41	of
798fb9b9-674a-4e39-8939-35fdfc997fde	154	1960	51	41	,
cad4be1e-1f14-4eff-bdac-cadf6ae5064d	209	1958	101	42	607
7e4c9e46-1dac-4922-8bf8-37ad220e73b7	209	1958	101	42	;
ccade8d5-f492-453c-b367-4ba749cc0f83	314	1956	116	42	works
eee6aee2-b0f2-4e75-87d8-c777ab323f83	433	1955	51	41	of
40546404-382b-4e85-b9aa-988c73e1ab43	488	1954	51	41	of
c0ee0e7e-d667-43d3-950b-bddb5175deeb	543	1951	141	42	ancient
d75d0733-509c-4973-b3d5-76e32c05b507	688	1949	91	42	date
577a129d-fd3d-4b84-847a-5d296d005e5e	688	1949	91	42	,
250e775a-39f8-4647-a95d-b15392862424	783	1947	101	42	607
13a2e0c1-f120-46e4-b7ef-fe2a6dbbf264	783	1947	101	42	;
7d9b4399-7851-4e82-8ca3-cc7760388983	888	1945	161	43	Nephites
24c0d083-f4e2-4af8-8836-c12266782db3	1053	1942	141	42	prepare
bb705399-fe03-4547-9c36-d463875f9fb7	1198	1939	133	43	against
b471b1c5-1249-4e40-b896-24bd2810170d	157	1997	133	40	robbers
9de696d7-0f01-4163-848c-5b836bd245c6	295	1997	53	39	of
287d6f6b-b1ef-4abc-829b-d8335969fae3	295	1997	53	39	,
4ee6f333-a42f-4215-9afc-489d6662e16d	352	1996	100	39	608
c0c3a5f2-2756-44e1-98c8-bd9de0770827	352	1996	100	39	;
817e8b9a-6f74-4fbb-8cf0-ff03225ed2e6	456	1994	157	40	Nephites
a75a1bc8-0a3f-43a1-b1fd-a64873d5c8df	617	1992	124	39	gather
d8e2cde4-552a-47b5-b3e7-11f50c0042cd	745	1990	152	40	together
726529ff-778a-4a2d-bcd5-5f336eaa780b	902	1989	138	40	against
0ed84f39-f327-429c-8c54-a1e89273ba60	1044	1987	138	40	robbers
61104585-14f6-4100-837c-214409f9c488	1187	1986	53	39	of
43968d34-d072-4b2b-9d16-b6d8e8332b30	1187	1986	53	39	,
d456b301-f753-47d8-893a-aab365635fa1	1244	1985	90	39	600
e6281432-3977-4f87-9fea-aede739ef07e	1244	1985	90	39	;
152713d1-2435-41d2-b176-effcb2241c20	160	2024	138	44	robbers
bccdbe3e-a42b-4285-935b-bd78ec823c1b	304	2024	49	44	of
529a83fd-85d7-4895-892a-db0791c626a8	359	2024	55	44	go
354c0225-83cb-4f88-bdb1-abc58ccb4566	419	2024	137	44	against
3197408f-6b57-4f3f-b2e2-fd330aaefee1	562	2024	170	44	Nephites
72c6ec3b-3c41-4c39-941f-e7d4e4499c64	562	2024	170	44	,
eefc3582-f804-4ee3-9a6a-f599fac4494b	738	2024	99	44	611
a0953615-3081-4ad3-8d6f-5a7f7dc199ee	738	2024	99	44	:
d0a02e4a-fbd8-4e01-833e-631c7e347472	842	2024	165	44	Nephites
7f1774b9-7e42-4623-bcb1-841807cd41cd	1013	2024	115	44	defeat
57a0bf35-7526-4588-b100-f7ad09e4e012	1134	2024	143	44	robbers
c53287ef-18e6-451b-bd67-ce016d60918c	1282	2024	55	44	of
33b6cf09-a6a1-4379-8b1f-3f8762ca2f42	1282	2024	55	44	,
44ddd2c6-ecfd-4cf0-80ec-ed5b79daecb3	157	2074	83	43	611
83b4fb0a-a82b-4eb9-b7e9-ae5050405ec1	157	2074	82	43	,
1cf91348-3e78-4f8b-8c51-e6f284a9e279	244	2072	98	42	613
b18ab028-a6ca-4e7f-ab55-c4baaa828e5a	244	2072	98	42	;
5ec7e846-3bbd-41aa-bf36-9374f79f969e	346	2070	144	43	robbers
2df3dadc-2320-46f0-b3e0-816ff7e0f75f	495	2070	47	42	of
b4687652-5239-4693-a03d-4ca8aaeb6aea	546	2068	139	43	besiege
14ef9b46-294d-4fbf-8b3c-c9d168e78a9a	689	2065	170	43	Nephites
8dc55a3e-fa94-449d-a51c-d7d1db3699e1	689	2065	170	43	,
6580cf4c-6fcf-45c7-8296-08bd1bd30fec	864	2064	93	42	612
3f063a9f-7373-46c1-9986-4c71a3b67385	864	2064	93	42	;
c96c655e-f65e-4a81-8569-e42c5c20745f	961	2062	123	43	leader
62ad6857-ab90-481e-88de-8c9d1b036f0d	1089	2061	52	42	of
7adc6dba-db5e-44e3-8c7a-edc827c84e4c	1145	2059	144	43	robbers
dfdd0a3c-072a-4aaf-a83b-566e65720923	1294	2059	40	42	of
