ID	X	Y	Width	Height	Text
ad458163-b3ee-41d2-a3c8-f0bad13aea67	606	67	174	49	INDEX
6a83f4ae-0ef2-406b-afb9-0816b102ee91	606	67	174	49	.
49b0a46a-32ef-42b4-b8c5-ca8ab48a1e7c	1223	72	72	35	799
a67ed056-c28d-4b10-956e-5943190c0fda	88	148	133	41	Judges
b3398ec8-f246-4ac0-84db-2d90721e911b	88	148	133	41	,
8e77104d-513e-4f76-965b-1932184374f4	226	148	225	41	appointment
90f2c17e-5440-41bb-aff9-d835e9412251	457	148	56	41	of
91547ffd-0bb8-424d-9fca-80224442350c	457	148	56	41	,
ece27359-042f-4b36-b69c-d43fc6ba3ae9	518	148	236	41	recommended
42cf2708-f305-4e94-8055-b24c07df3232	759	148	56	41	by
0538d89c-2c27-4742-b734-cf8e5c249387	820	148	143	41	Mosiah
c6195d3c-0d19-4d60-818f-5d7b22218701	820	148	143	41	,
4281d0df-a3e8-4bfc-9d85-fefb20fda9fe	969	148	92	41	293
fc1cb5ad-cd70-40ff-a993-d5f9a7b25308	969	148	92	41	;
b9febdf7-774d-4851-af94-b8de47823032	1066	148	46	41	to
3b3ed605-b1bf-48e5-b1f2-93a5bb014bd4	1117	148	51	41	be
5ff2cb57-7ede-4b42-bafe-de926f2866a4	1174	148	119	41	judged
99903765-7f18-4a75-b0af-067b81d498b5	126	192	56	41	by
e6a707bc-ac70-4813-99cb-c98a195244d3	187	192	102	41	voice
c4558b4f-6460-4dfd-88e6-3288060b7056	295	192	51	41	of
96381442-f71f-49c8-ba8b-5dc4484cf1e5	351	192	133	41	people
1d0a3c58-e1a1-4521-816b-e81855951dea	351	192	133	41	,
bde8840d-7aab-4dc6-ac9b-865c36e2336a	490	192	97	41	295
2ae576ae-c683-4f0c-8a53-34c36b52607c	490	192	97	41	;
524d8ac2-9267-4a4a-b3ea-851b69d800b7	592	192	128	41	people
95fa59c2-157a-4e57-972d-3264ad9803d2	725	192	108	41	make
64587deb-f805-4875-b8da-9126f7ba79bf	838	192	118	41	choice
3aaa2b37-3809-46f6-bd50-12437739f188	961	192	61	41	of
e802f935-e704-43c0-ace1-fb6439144eb6	961	192	61	41	,
587f227c-9000-4194-8f7e-6023767e3cfd	1027	192	102	41	297
78e610e0-aa61-4b26-8d24-1434f5dcaaa8	1027	192	102	41	;
b652de27-f36d-49d3-baf5-9f0d840426d1	1135	192	108	41	reign
579823c3-d2cd-4dc0-833a-f7b54c064eb2	1248	192	48	41	of
644a299d-afa0-4875-8e5a-1fcaed5ce535	1248	192	48	41	,
867249d3-7d4d-494c-bd5a-18005a73f89d	126	233	190	41	commences
0bc239b3-5cc7-42d6-b741-612ff33739a3	321	233	46	41	in
cfab1828-9fb4-4ac0-ba19-1bf191fd04ab	372	233	200	41	Zarahemla
6757cbd0-7caf-4005-87ab-ae58b4ac7401	372	233	200	41	,
8c141a67-edc8-4c8a-bf85-05354a30a707	577	233	87	41	297
7907aa9f-5adf-4931-8e61-89e7ad76af4d	577	233	87	41	;
4df07a1f-e195-41be-8220-b668688a5d5e	669	233	87	41	first
5695766d-d173-413f-b2dd-481b32aba0f0	761	233	92	41	year
567a4507-2250-4aa0-a8b1-4074387b9557	761	233	92	41	,
3b72643a-4440-4945-82f5-32bbc3c2f03a	858	233	92	41	298
8618335a-f3d4-46ee-bc57-d1a5cbf38147	858	233	92	41	;
caafbca8-34a1-4405-b3f0-82a55777695a	956	233	87	41	laws
430a4097-9b41-4963-9af8-84f7696f5e76	1048	233	195	41	established
a1d952e8-da66-4cb4-90ad-c61480ae8f82	1248	233	42	41	by
f10dc6aa-7045-4309-b354-b02e33c7cdd7	126	277	133	41	Mosiah
49bc5d53-65fe-4023-86ef-a9605dbab0df	264	277	189	41	recognized
04ebe9d2-7743-43ff-9430-6b6f12a22b52	459	277	118	41	under
b98636dc-0208-4a75-b01b-9a47fbed3618	459	277	118	41	,
0b27b6c0-ffaa-4411-a366-fbc235ca36c7	582	277	97	41	298
5bf1db69-63d8-433a-ac01-e2b1de885abb	582	277	97	41	;
e55f671e-5831-4053-9019-217c6c3413f0	684	277	128	41	second
4299e66b-3d0b-414d-ac33-9795aa1167d8	817	277	97	41	year
5c052914-8147-4971-8adc-68ebe696d888	817	277	97	41	,
54a87bb5-9c36-4653-acc9-f08519e3925a	920	277	92	41	301
dd0de97d-90dd-485a-b80b-10b0de6f89b9	920	277	92	41	;
99e76799-5a89-4754-a234-29d14030eed3	1017	277	92	41	fifth
c6754909-57e1-4dd6-830e-b5af093a5b76	1114	277	97	41	year
884c5812-d99b-440a-81dd-ab0cc2732075	1114	277	97	41	,
96c7f829-809f-47dd-af21-a6219452d73d	1217	277	79	41	303
33c771ad-22b8-4f16-9082-4efb98dcfa6c	1217	277	79	41	,
f25df55d-cad0-4dc9-be24-4161770ed0e4	126	321	77	44	309
0f31efc4-6f57-4fd1-9669-2056894b1600	126	321	77	44	,
c4cf5848-16c0-4a8e-8168-b4b758f5b72f	208	321	88	44	310
b5532cee-d0e2-4673-b535-9a36b8e9867c	208	321	88	44	;
049bf689-c4ca-4f85-bf77-f4a52b3282a7	302	321	99	44	voice
ae9993a1-e4ac-4613-b077-db591819ace0	406	321	38	44	of
dead94bd-1264-4cc1-bc51-0b86f6df8e83	450	321	115	44	people
0113e3ea-9967-4903-8b96-2c0f0abdfe81	571	321	71	44	laid
e0aea9a1-38f0-4546-8add-6257c5a55dac	648	321	121	44	before
f857bd9d-23a7-474c-8214-9d46c764359e	648	321	121	44	,
439d17af-9b5a-49d2-b2ea-00f409123df1	774	321	88	44	303
fb04f683-0ce8-4f5f-96cc-69cc4d44b60c	774	321	88	44	;
8cc758a0-e3c1-4821-a14b-de6a027b1cbb	868	321	99	44	sixth
78135ff1-1cc5-4614-91f4-d7cbe2220af8	972	321	88	44	year
25c29d8b-9caf-4a76-96b7-cd39b0c2f0ab	972	321	88	44	,
0f928bb8-a56a-458d-a205-db0ac6726ca6	1066	321	88	44	310
1c43a9fc-5f48-49b1-85f5-33ecf11e3429	1066	321	88	44	;
1fe1d02c-0fec-45d9-b66d-7e518f117a2a	1159	321	133	44	seventh
9f4a58fd-97af-4fd9-986b-f539a04f2546	126	367	92	42	year
1683c2cf-62d7-455c-a469-1dd6da515cb7	126	367	92	42	,
624c1215-3f86-4bad-bac0-f2a1d8b0957b	223	366	87	41	310
5a5034fb-cfd8-43c7-bf47-987abd80f1d9	223	366	87	41	;
674fa7cc-9045-4c0c-a5a7-eab916d41744	315	366	123	42	eighth
9eda999b-2e39-415f-8104-f28ace6f929a	443	365	92	41	year
e6c20809-0671-412d-ade1-c2e489ecf427	443	365	92	41	,
17c0435e-6528-4e61-90ec-0ccc103b656a	540	365	77	41	310
5cdaa638-7fd8-448b-a923-ac3725e0b18f	540	365	77	41	,
f638b6c2-c307-4b3a-b21a-5454a06b1779	622	364	92	41	311
6c3db714-f7b6-440f-9359-b73334461e18	622	364	92	41	;
1153f3c5-d79e-4682-b9de-ef76d492e964	720	364	108	41	ninth
1a29a1a3-3f75-4eba-a577-e043d1dd57ee	832	364	92	41	year
869be69d-b226-4bb3-99ae-0bf3e35c1ed6	832	364	92	41	,
cbb09f65-bce4-420d-972e-31ebdfecf0d9	930	363	82	41	311
f68c1746-1c0e-4f3f-b93b-ca71a1773243	930	363	82	41	,
80b9b0e8-b1ad-4674-a203-123d17435edc	1017	363	77	41	312
f8940609-c42c-47cd-8832-48f46dc7b9f4	1017	363	77	41	,
64189a10-283d-4b9a-bdcf-4050a3203d7b	1099	362	97	41	326
1bc9fda3-a3f9-4ce7-abd2-8a4ea9fc5843	1099	362	97	41	;
8a6cd5fa-5af6-40e1-b1f3-c92faba01083	1201	362	92	42	tenth
f660c53b-df0f-42dc-9f16-02eb578d316c	129	406	88	44	year
fb09a143-3f5a-4e4f-88a1-a7411dac6abd	129	406	88	44	,
b1078282-7f12-4c78-b8f3-70f5b935931b	222	406	82	44	326
30174a24-ae44-4fe5-bd0f-944a95c00f5f	222	406	82	44	,
b12b4bac-5425-408f-b732-f7ecc820155f	310	406	77	44	335
27cd2ac1-8191-4d64-8af1-abdf645f1606	310	406	77	44	,
06b0193d-fc72-466c-9e5f-316b6d34d5d6	393	406	82	44	355
e6ce8d4a-17ce-414b-84d7-64c0bdbcedb1	393	406	82	44	,
1b61cd4b-803a-4364-8a1b-29c91a898e57	481	406	93	44	358
c757dfe8-0181-4d4f-b81b-b5fd8bd22588	481	406	93	44	;
d43e6418-6ca0-4628-9e9b-7800f6965e0c	580	406	148	44	eleventh
77a8010b-988f-449b-9c04-cb3f6a2d6665	733	406	93	44	year
24b97105-8e00-410c-9dfc-6013b62ed80d	733	406	93	44	,
073a3e13-e74c-4899-b750-ec50d2b513c6	832	406	82	44	359
8eb87138-e691-4bc8-84a8-04eeb37f2703	832	406	82	44	,
754a0c8b-68c8-4836-8803-15f55bbf11ba	920	406	88	44	360
650add2c-1abf-4c6c-889f-a9de0b380d8f	920	406	88	44	;
c024362a-41b4-4e3e-8848-cb02d371b606	1014	406	187	44	fourteenth
7ef78c03-8e8f-4b43-bc6d-f1970d37b26c	1206	406	93	44	year
17478352-aa3c-4237-9327-744abc7e919c	1206	406	93	44	,
e1931282-300e-4ef4-8c96-85341ad72754	129	453	82	41	360
43b49778-e37a-40da-a5ff-6e22f509a184	129	453	82	41	,
d815a5d7-7b93-4504-b8e3-34d74d9dad5f	216	453	103	41	362
f9a8a5fb-49ce-4ce4-adbc-b35f532d3a90	216	453	103	41	;
c4134a92-dbd9-4ae4-97ba-b99f454549e5	323	452	164	42	fifteenth
05c4845c-39de-47f2-b351-14344ac1dc1d	492	452	97	41	year
83f4545d-8f06-43b3-ab91-62e853cd141a	492	452	97	41	,
03180af2-10d9-4c91-993a-ec8843a8a445	595	451	103	41	406
81636cfe-544d-429e-84a0-67f875a0f0d3	595	451	103	41	;
023ecc45-f74b-4f7d-8a67-2666e7bf8b07	702	451	174	42	sixteenth
c0ed7531-c85d-4dd6-a146-a2fa5b585b7f	882	450	103	41	year
56aea5ba-9950-4400-b723-bffe8751b3c7	882	450	103	41	,
6c2aea36-4292-4874-9a28-4a8d807f9eb8	989	450	97	41	409
ddbb0b8b-78a4-4337-bce2-7563e57fa6e8	989	450	97	41	;
39fa7ae7-8334-4096-b744-2716add8c320	1092	449	201	42	seventeenth
44d8ccf1-2851-46d6-92a3-9757673f677a	129	491	97	41	year
6c281cfd-570d-4723-b7f7-10ca39e61e3b	129	491	97	41	,
63f58e7b-17b1-45ef-8a12-75d35855976e	231	491	82	41	409
303739dd-2fdf-42e7-8198-9f44a9c6fee2	231	491	82	41	,
c84df16f-f6cc-4e42-bd97-e90d737cbfcf	318	491	102	41	433
a6fc8b5a-64c7-4d9c-9c09-7507011e6a79	318	491	102	41	;
17a9f30f-30f8-4782-b374-c27ce4629e1c	426	491	195	41	eighteenth
b2d83699-81a9-41d9-a65e-bed2d9ea05e5	626	491	97	41	year
ea54f2f2-aea4-4d0c-9d10-56e76abd55f0	626	491	97	41	;
37ab1895-28d8-4ab7-8d28-2ec9b5a780f3	728	491	87	41	433
6509d675-d10f-45dd-9fc1-a536e493f88e	728	491	87	41	,
3175b220-3026-4d73-bd6a-fe13caf9039f	820	491	87	41	456
26838b52-e985-4fda-b822-b92789b8d200	820	491	87	41	,
686de102-4767-4413-827e-bab60399e634	912	491	102	41	465
d3a81d8d-3fda-4d48-85b7-6d3d63f5f3e4	912	491	102	41	;
87e39915-33d8-470d-874f-2eff399fc496	1020	491	195	41	nineteenth
38924bf6-b1dc-478c-b179-8743e21c9ffa	1220	491	79	41	year
7c249010-320d-486a-90c6-c7be7bb9b0a0	129	529	82	41	466
b8fa5082-26c5-4465-a040-da57adf274cf	129	529	82	41	,
4d1dec99-0ded-4db9-9bbb-de114a8f57c9	216	529	87	41	468
d7a759f0-22c0-44a8-afa9-2c78b0ab0e20	216	529	87	41	,
66b608ce-d5ac-4ae7-abd8-cfab7a16fd9e	308	529	87	41	473
3caa8b53-fece-4ce2-93ad-4f05cb4996e5	308	529	87	41	,
757cc189-a17d-4902-aae9-6512eb13b949	400	529	92	41	478
b88e0ce6-510b-4227-a66b-46c578d7c13f	400	529	92	41	,
d6af7da6-18c1-41c0-a957-299d8bd70152	498	529	87	41	181
77bef30f-d569-4647-a969-a8de80518bf7	498	529	87	41	,
f104687a-0500-4501-8e64-d6b1c560fa35	590	529	102	41	484
373fe76f-906c-42a6-bdf6-a16cd66778c3	590	529	102	41	;
d0e42a28-1575-4bb4-986a-85bfd3152ca8	697	529	118	41	lower
4d0a39ba-0147-412d-844f-e25898394d7a	697	529	118	41	,
db95cb42-98f1-47f4-a2a3-dfe4c5737313	820	529	128	41	among
4bac204b-b84b-4b9b-96b3-a4f05b79ca26	953	529	77	41	the
ce71e6d0-9dd7-48a5-8ee3-3efab7ee6c0c	1035	529	169	41	Nephites
570847c2-a965-45d8-a1c3-8a837f1b52de	1035	529	169	41	,
f951a06c-c2c6-4fd5-a93f-14c08d6fff42	1210	529	89	41	486
38aa54b9-d89d-4d37-a1c5-f1af814a06a2	1210	529	89	41	;
4465daf1-77c7-4869-9b75-1d8023e3269d	129	567	179	41	twentieth
dca0e3fa-d815-47d4-81ad-b28181ebde25	313	567	102	41	year
8b81c007-37d7-477a-88a7-717f3392e10c	313	567	102	41	,
d77be9a4-df8d-42fa-baa0-53b9349398c8	421	567	87	41	485
649fbb2f-6ecc-48c6-910d-349423bcccaf	421	567	87	41	,
f33e1e05-b730-49a2-8676-ab8d10d66d47	513	567	108	41	486
b2ee34f9-f02e-447d-bf4c-0df8b5af50e2	513	567	108	41	;
de064370-cfe5-44ea-a180-111874f63aa6	626	567	220	41	twenty
27e72b3c-af5c-4e97-b00f-ddd9420c9626	626	567	220	41	-
e9ccffa1-f928-4523-9f26-4cb82859d293	626	567	220	41	first
a8efc3f1-5f0b-4c73-9d44-09fe364bc3a0	851	567	102	41	year
55e29903-3b87-4d61-8681-8042f1ebfb3e	851	567	102	41	,
269a4eae-7bdb-4607-b3d5-5ac06d804ef6	959	567	92	41	486
5a97e011-3b09-4bcd-a121-bb34b9734a39	959	567	92	41	,
d0aaa239-0d71-4168-ab33-c2f44779f5b3	1056	567	102	41	487
4996ae2f-4b22-49ca-9d30-fbb74b2ecd2e	1056	567	102	41	;
b950d437-7149-4782-82b2-0ce23d489290	1163	567	135	41	twenty
790cc6ee-c6dd-4803-ba2e-1160d874057f	1163	567	135	41	-
f804fac6-4c5b-4b1c-a158-ea5c49c889be	129	604	133	38	second
c1f78457-d0f7-4755-9170-ee1936e0bc4b	267	604	90	38	and
f0cdbe26-8a8f-49d0-b911-fc584b81d7bb	362	604	233	38	twenty
b65149cf-0976-402b-b2a1-45adf876c9d9	362	604	233	38	-
36d1fa20-4a8b-45ae-b091-703b0f4b879f	362	604	233	38	third
3b33fef7-8882-46c5-aac7-3cc336a0bf0f	599	604	123	38	years
9e987123-bfe7-4db8-9a68-e9ebc1edce62	599	604	123	38	,
b7e821f0-ab33-457f-b6cd-53220cdd235a	727	604	109	38	487
b7501838-5117-4dcd-8615-a90cbc59ed14	727	604	109	38	;
bd6d5f4a-a1b9-4292-885a-a87976a99cab	841	604	256	38	twenty
a0a3de53-185a-4384-a73b-55163a70f3e4	841	604	256	38	-
e3736aae-4bab-4db5-969a-a6dabd548b11	841	604	256	38	fourth
153e1bd5-d5e6-4b92-9508-b29c52a53ef3	1102	604	104	38	year
b9824ff5-df14-449d-ba41-bead343376ec	1102	604	104	38	,
5e36a022-97f0-4742-a1ff-e635bbb5875f	1211	604	88	38	489
e52a9f81-f4f9-431a-8778-0452927369a5	1211	604	88	38	;
3a3e8221-eeb3-4c8a-8d50-89f525e44d91	129	645	214	44	twenty
075d8d79-425b-417c-8242-9b6e9c36ca96	129	645	214	44	-
be65f41a-b36b-4a82-8e12-8426ccdf05eb	129	645	214	44	ifth
440af331-1845-475e-a1f0-73f3ef044b26	349	645	104	44	year
ca5124a6-45a6-4afb-9199-8ad6b09d3701	349	645	104	44	,
f52c76fa-d0dd-4b6d-9fc2-a6f844f38696	459	645	93	44	490
b326e175-6ec1-44b5-b7a8-c45fb7263412	459	645	93	44	,
aa83993c-a6f7-4e0d-a5e8-5e5d885fe889	558	645	93	44	491
f0e1e60c-1b7e-4a02-9a3b-9c4c9b0cba4b	558	645	93	44	,
85768f7a-a315-41f5-a3d3-3b7cc9b767fe	657	645	104	44	494
e6959623-998b-4c7b-abcb-b51ac65f956e	657	645	104	44	;
610fb299-6762-4bb5-b1e3-69247b7eae4d	766	645	231	44	twenty
6dfddf22-95a4-4f8c-aef7-86448a570c15	766	645	231	44	-
9175f6d1-3a28-4036-8198-4098ccc99e6b	766	645	231	44	sixth
84a14ae6-c15b-4332-bf3f-8805c99d1d41	1003	645	104	44	year
a302270a-3e12-42fc-b73f-4b047a96f82a	1003	645	104	44	,
e3763b79-4bcf-4591-95dd-b3a34a924a63	1113	645	82	44	494
f90fe045-dec5-4461-b754-ae88876a33a9	1113	645	82	44	,
c9e171eb-7854-4a3e-80cd-262d62200783	1189	645	110	32	496
a7b41865-db37-4878-8ce7-0e88e527c517	1189	645	110	32	;
81887c6c-fa0c-4624-b8bb-4bf6f04a5154	132	683	271	41	twenty
3024f221-743b-4db0-b48c-47461ed31db1	132	683	271	41	-
eea8681b-c4fd-4f99-874c-6ebd4b8d2f66	132	683	271	41	seventh
f9aa91c4-8975-4e2f-ba90-bf61313efb98	408	683	108	41	year
bf4e0288-e105-4d9b-91a1-25e679a95dfb	408	683	108	41	,
b3815912-a015-4fac-91ac-be5f0a0ff16a	521	683	92	41	496
7cb35006-a73b-4c41-93a0-ed8071a16aba	521	683	92	41	,
54cfe9bd-7b03-4ba0-b372-3de717a374bb	618	683	113	41	497
c2a19377-4ca3-48cf-870b-21ada9eac4a5	618	683	113	41	;
49f9bc00-4200-447a-adbd-e4217fef43d1	736	683	267	41	twenty
03f16239-0322-4802-85d1-363e2168ab7e	736	683	267	41	-
5d826f4d-55fd-4928-9aa6-a6c779aae194	736	683	267	41	eighth
9e320f1c-2573-45ee-84c9-56dc72eed8b9	997	683	110	38	year
30e997ce-7b3f-46cb-94b1-60fef5e98be0	997	683	110	38	,
fb6394bd-dfde-4cf5-91ef-72490626254b	1111	683	95	38	497
ad130471-6a86-4969-9ffb-7f26f7565de0	1111	683	95	38	,
2ffe3d4e-4a72-46f0-8c90-996dac30d31c	1211	683	88	38	503
012b794b-d273-4753-864a-96c69d850121	1211	683	88	38	;
fb21018f-cc34-4ff5-beda-d2c5f30973fa	129	721	225	41	twenty
3955bb74-0a2f-4be9-98df-2c02a1471571	129	721	225	41	-
6763fe3e-b9b2-4e71-8e00-3961a7585a4b	129	721	225	41	ninth
2c9b3b34-7b6b-4ef4-bb2a-374a1837e7a3	359	721	92	41	year
4d0f01cf-6fe3-4060-b269-469b3649d709	359	721	92	41	,
8d4a4eed-6673-4116-9407-95d1b03cfe9a	457	721	82	41	503
4b07e866-af89-4951-ad88-b1f060b4e405	457	721	82	41	,
5996b518-32de-4514-968e-5fb8b304aa73	544	721	97	41	509
41339071-b9f8-4836-84ce-93718f9dfbbd	544	721	97	41	;
76faee09-dd58-4b77-97df-358c2a5bd65f	646	721	159	41	thirtieth
f8133528-0a35-40ab-b07b-aac0adeb1afd	810	721	92	41	year
75c66422-2b25-4b8e-a536-d36c29b5a4c4	810	721	92	41	,
ea9f14fa-a32e-44e6-a488-4ef16f620a1d	907	721	82	41	509
0c795300-7b63-4b8b-b817-4a5743e90ffb	907	721	82	41	,
b16225cf-9f29-4a10-87cc-10700c1d7f7c	994	721	87	41	525
d1b50176-c95f-4f49-8137-2cf3116eb3e6	994	721	87	41	,
5398e094-cfea-4d14-a612-88f09273e791	1087	721	92	41	535
c5261973-4900-40f1-8cbe-1cab95602dd4	1087	721	92	41	;
a03c3357-7e91-45c7-a89a-28e6d7c419fe	1184	721	118	41	thirty
011a5485-629b-4e5f-b7ff-0d0d5f2cc770	1184	721	118	41	-
66f2e2cf-0c04-4b12-9668-18d8dbb362e9	132	759	82	44	first
6391ff26-e22b-4b7c-babe-74c5ca7c5231	220	759	93	44	year
6f35df87-4394-451a-875d-724d2722c7c6	220	759	93	44	,
fed2a318-c17a-4599-b387-701a7d87b87c	319	759	82	44	535
cb438865-3c70-4894-92aa-2f170a5eefe2	319	759	82	44	,
adde4170-2375-4159-ab5f-c61d3f519ed4	407	759	110	44	538
a8a65beb-4ed0-46ed-8c7e-1f81bab8c057	407	759	110	44	;
3f5e4ce2-463b-41fb-9e64-f738212821b3	522	759	104	44	chief
0636e18c-f4df-428c-a0b7-90386690eee1	522	759	104	44	,
27e976da-8a58-41bc-8bb2-03289ebdd6f6	632	759	137	44	chosen
a72bec8a-14f0-4ea5-97a3-97a69d13b7b4	632	759	137	44	,
7b536d35-509b-4ff1-ba9d-57c4ab874f4b	775	759	93	44	539
f3848bfe-a754-4b3e-afd5-7f693672a99e	775	759	93	44	;
962a9dc5-38a3-4aff-a55d-885a9e869bb7	874	759	231	44	thirty
270b1a90-6bc3-48d5-8466-c5f383b05789	874	759	231	44	-
667800fd-6c74-431d-b85f-2f35969105f3	874	759	231	44	fourth
070ec1a2-0c18-4f32-a172-e0956ec32d5f	1110	759	99	44	year
c0a3acb8-faee-4310-911b-431eac21012c	1110	759	99	44	,
98da0cf0-7f24-4467-bb5f-1b7a9df3a3b9	1215	759	87	44	681
a559abe5-b36a-484a-be8c-b45053155502	1215	759	87	44	;
f4ff63cc-07d4-4f75-9fde-f0747c142694	132	800	200	41	thirty
9af76224-4dbc-480f-8c7b-65aa21195500	132	800	200	41	-
b38427e8-fb36-4b7c-a46e-c1a1881dcae4	132	800	200	41	fifth
33ce5889-cfa3-48ec-8a12-75211aed30b1	337	800	102	41	year
130592f4-5511-4dda-8a08-d7dc5a7150c8	337	800	102	41	,
8bfe1cd6-880a-4f37-83ec-f267790a1b03	444	800	87	41	540
b842fba1-cd83-403c-bb69-ff23a4486b42	444	800	87	41	,
e6a9fad2-67ec-40f9-99bd-ce0158f10d48	537	800	108	41	681
ff9d1180-ca05-4bcc-a39c-d93b4f038f35	537	800	108	41	;
d3b2106f-ba13-423e-92ac-87a9f16b338e	649	800	215	41	thirty
774eaa38-b8d2-4811-8d4a-369c381fd0b4	649	800	215	41	-
a15cb8f0-51de-40dd-aa8e-d8650525d1d9	649	800	215	41	sixth
ecf2fc5f-121f-4ac0-bd27-f64f0aed27a0	869	800	102	41	year
b7ea7f3d-3478-4a56-b556-4046958eb61a	869	800	102	41	,
e475dc4e-f993-4ef6-a0dd-d0572dbb3fd3	977	800	92	41	540
f8ba0d13-7d16-492b-b0c3-fd503022f3d9	977	800	92	41	,
5d62a1c0-03db-42e3-9afc-d7e1f021ce78	1074	800	102	41	681
8b1f47e3-ae45-42e1-9c29-eb1313e48c49	1074	800	102	41	;
6676a4a4-3fcf-4255-8a9c-0a0b3100c48e	1182	800	120	41	thirty
ab1db4d9-30d7-490e-8454-b5e9fcc7dcdd	1182	800	120	41	-
d4c1d26a-a79f-462a-a226-84b144a09c42	132	837	138	41	seventh
ac4d5470-8dbc-4da4-927a-420e22f403d6	275	837	97	41	year
a370f873-91f7-4b1e-94d3-e5c247ee39cc	275	837	97	41	,
0d74c627-5a7d-4bd0-9e45-ff1a1a152d87	378	837	82	41	540
a17b2719-4ffc-45d9-adaf-9fa443ba5ac2	378	837	82	41	,
5251fd57-c632-4907-8e4e-84bb76a817ee	465	837	87	41	541
9e33e7d5-d56b-4119-b2a7-0f12c2c6653d	465	837	87	41	,
adebaa0e-c5b2-4890-925b-dd086372f8a3	557	837	97	41	682
d143686d-9023-43a4-ab3f-d9719e4d5c20	557	837	97	41	;
eb72a120-0a8f-4d88-a13e-7deb74708a20	659	837	230	41	thirty
4997b1b3-a149-4995-84e8-ff8213cf416e	659	837	230	41	-
39073e31-d46a-40c5-a29d-772dc06fcb13	659	837	230	41	eighth
5a84e0ed-c508-43b6-8db8-056aa5ca004f	895	837	92	41	year
eaf62123-7f66-46f8-aa8f-08082e1135d3	895	837	92	41	,
19551ebb-0f9d-4a20-bbc7-4dc7278e771f	992	837	87	41	541
8aa1e7e4-2942-46ab-b9a7-a2166a106b6a	992	837	87	41	,
202142e1-2302-41e1-ba9b-d6a21240ea7c	1085	837	97	41	682
aa5f3de6-98d8-45ac-9b49-83cd6ab08a36	1085	837	97	41	;
2257cee2-e833-420e-8918-ec1713a681b9	1187	837	115	41	thirty
7c0fdbb9-922f-4eff-9a9a-960befdd77fc	1187	837	115	41	-
c4c7a18f-f661-4dff-b469-03f1a85b669e	132	875	99	44	ninth
859477b5-907a-4525-96bf-5ed22396a1a7	236	875	93	44	year
587637df-2fe3-4868-b3bb-c897e3e38e53	236	875	93	44	,
5de78047-44e1-4451-af96-4f9380478539	335	875	77	44	541
707bd959-3d94-482b-a7b6-25955418e069	335	875	77	44	,
cd1c06e1-3d1d-435f-b5d8-ffc1f684a32f	418	875	82	44	542
16229f52-312b-453d-a6fe-93ef047bcfdf	418	875	82	44	,
ce6434fb-852f-4644-93ac-3e8101dc98a0	506	875	93	44	682
0de8167e-7baf-4811-90e5-5e1d42fe2015	506	875	93	44	;
6a82ae26-cfb7-4145-a4e3-c41cb1596d5e	605	875	143	44	fortieth
63d4b842-910c-4b7e-84a4-2ca452f6bc9e	753	875	88	44	year
2d5f5b67-b343-4283-9f08-6cdf11d1176a	753	875	88	44	,
4b1cb81b-b2ea-46b0-af1f-4139f8eb116f	846	875	82	44	542
fe37f4f6-e3e9-44bc-aaf1-9339c874e310	846	875	82	44	,
63dca7d9-120c-4eb4-866f-4c4ed45398b0	934	875	93	44	544
79a9b84f-fb21-4979-85e0-3e6c3ce9545c	934	875	93	44	;
8d2621ac-acf8-42df-bcb5-4a2d32fb9e61	1033	875	176	44	forty
2a671ddb-3379-43cb-9c54-8a0e26ccf937	1033	875	176	44	-
e0e9cdae-f254-4953-b49c-00d31ee146e8	1033	875	176	44	first
bf881e01-05b4-40fd-a342-c5fd43b39052	1215	875	87	44	year
419dc884-16c2-4a8f-b5ff-e37f26244017	1215	875	87	44	,
df4353e4-2585-44ef-9870-bf6207995e9f	132	916	81	38	544
efbeffb3-8280-422f-828f-beef3d72233d	132	916	81	38	,
2fe4c72d-1756-427b-8f1e-012b13f82c5c	217	916	85	38	546
692694ff-d25b-4485-8a67-032ee64904cb	217	916	85	38	,
7e2af562-3c16-4fd3-91ee-390c14b6b04d	308	916	95	38	682
eed976ed-165b-49ba-92a9-50ca138471c8	308	916	95	38	;
b0ca2f8d-17eb-47bf-a1bb-eef18c05ac16	407	916	206	38	forty
e583f0b1-1538-4924-8821-5facd079bd84	407	916	206	38	-
f92ba486-d2e9-4e0a-8e00-79b9cdded7c7	407	916	206	38	second
a3662c5c-2cda-4094-bc64-c6332bdf39e5	629	916	99	38	year
590064bb-bff8-4cca-9f5b-fd0a2a491c2d	629	916	99	38	,
d4ba0abb-726a-4c9f-87bd-6aedfac43664	733	916	85	38	546
d77130a2-f566-448f-9012-b4f6dcd0a1cf	733	916	85	38	,
35eaaadd-012e-4568-bc57-7f2f5148e6ea	823	916	85	38	548
d651d723-0a05-40d2-a438-50b521cfad33	823	916	85	38	,
aec5f581-b134-49ce-bfa5-b55d87722428	913	916	95	38	682
8f403dd4-5f81-41df-9c00-c559e3ed9f0a	913	916	95	38	;
0228b396-db91-4c60-aa9c-78169f9e23f1	1013	916	195	38	forty
95ea1596-1e30-4c6e-b1d2-fd2a7c4af2c4	1013	916	195	38	-
12719af4-f863-43b9-9f05-82a3fe4aae5a	1013	916	195	38	third
44783cc9-2232-4c5e-815f-46256c5e0b14	1212	916	90	38	year
8bb81119-1e5c-46c0-ad84-9d6843b01752	1212	916	90	38	,
499d204f-d8db-4d1c-aa77-3935a8754271	132	954	87	41	548
6a4e05e9-821a-4e44-b188-ff5bf9d315a6	132	954	87	41	;
863ca116-2c0d-4a97-bd50-f58bb4153839	224	954	215	41	forty
68d6336d-f896-4b88-9a58-48d99d7e3a33	224	954	215	41	-
479ff3de-7c28-4b32-b2d5-e65242dd37c6	224	954	215	41	fourth
5fa04ddc-e498-4ed3-8c71-15f0a7bd18ae	444	954	92	41	year
6748de5e-7c74-400d-834c-8a41312d08a0	444	954	92	41	,
6c80c753-eafe-4799-8269-3221b65d264b	542	954	87	41	548
11d6d97b-52ab-4185-9791-68d0438bdab4	542	954	87	41	;
3fb8e024-3179-491b-b82e-afc9f39f9589	634	954	184	41	forty
062d0db9-6166-4b27-ba43-1bf7f9cc52d9	634	954	184	41	-
20a37800-75a2-410f-a4ab-886214fc3b88	634	954	184	41	fifth
65a1bb3b-0553-4273-9c1d-4b7519bd3f6f	823	954	92	41	year
80d12cb8-a769-4840-a45a-2eccd98476d9	823	954	92	41	,
2e6f7156-c3cc-4dd6-a3af-76487f759f83	921	954	92	41	548
de05a2e8-5648-4e56-9386-07098b0c7ed1	921	954	92	41	;
b77b2468-982c-4264-af5b-de24cfb175ce	1018	954	195	41	forty
1ad8984e-9e94-4155-8743-7efca8f3e716	1018	954	195	41	-
bb8fa611-6cda-4d71-b508-223724a5f1db	1018	954	195	41	sixth
c48aa3c0-5dac-4700-a17f-9319ec3e7342	1218	954	84	41	year
b931c379-8eea-4592-8db0-feb62eab458e	1218	954	84	41	,
f302987d-0a07-422f-b0c8-fb3321b25483	132	992	82	41	548
67b3b027-e930-4ce9-a0f8-0165da071cc3	132	992	82	41	,
4f748a9b-ef44-4289-b1a3-baaabb0d4cc0	219	992	97	41	550
a56b6864-5260-4e24-913a-72ae94f3ed19	219	992	97	41	;
ad97de9e-2456-4b02-8857-3035aca2798c	321	992	246	41	forty
2f720e6d-0070-4c31-8b01-bbdcbd2490e3	321	992	246	41	-
3de3a39f-b672-4930-8046-2ddc61c8fe6e	321	992	246	41	seventh
58c689f1-4c41-4885-8193-f0fdd971f4d0	321	992	246	41	,
71c2c914-2543-4f8e-88c0-8e5621145ae3	572	992	225	41	forty
f7579d96-3abe-4869-836f-49e90f9bd18a	572	992	225	41	-
bf3a86e1-7c8e-4274-a2d1-242887f34abf	572	992	225	41	eighth
d3c14530-4bfc-41a6-8791-bea4f7c94cfd	572	992	225	41	,
b3fc3e5d-98c9-4e1b-9151-ddca55f890c2	803	992	82	41	and
1a5cbd61-f664-4265-9e09-8948b57d614a	890	992	205	41	forty
7241418e-58e7-4a80-8af3-1f710364030b	890	992	205	41	-
67109a2a-dbce-41f9-ba8d-eb5f04c9f47f	890	992	205	41	ninth
a250277e-8efb-46ed-93a5-f57e003c5d40	1100	992	113	41	years
f85e31aa-664b-43d9-82a3-4f90904aff75	1100	992	113	41	,
54c7a3b6-2a52-483d-8f7c-a8e8cd58a82a	1218	992	84	41	550
ea3b1630-7efd-4342-926a-66b8f9e9f34d	1218	992	84	41	;
1391c8da-f9d0-4935-967b-6e562dc0a8cc	132	1029	194	41	forty
a20426f6-9c1d-4b02-b081-fb58de80f3b5	132	1029	194	41	-
e32d4a1b-8783-4d8c-80ce-e61dca6af783	132	1029	194	41	ninth
f3afd741-db69-49ec-b07b-f6e741a17873	332	1029	97	41	year
adc735e4-5f39-4f7d-b827-41aecb495479	332	1029	97	41	,
8141b0e2-f251-4753-bfec-8efb1e6580d2	434	1029	82	41	551
a6d51fd8-e3ce-49fa-a70c-646421325b7c	434	1029	82	41	,
d6f47e8f-740c-422b-9caa-5a76bcbe6e01	521	1029	92	41	682
6c2ae377-45b9-4ec7-bfa9-5f9c06147877	521	1029	92	41	;
d97ce109-753d-4199-82a8-c5ffe025ec05	618	1029	133	41	fiftieth
5229b353-612b-4a1d-affa-ebef74a80968	757	1029	97	41	year
d2719e29-d470-4157-a3d7-55ea787f8fae	757	1029	97	41	,
37e29b53-d24e-44b1-a329-efbc4ff7ad85	859	1029	92	41	551
a4326043-c963-4e26-85a5-8e7ac461ad0e	859	1029	92	41	;
ec67b03a-1770-4eeb-a8e2-93305cf9b0da	956	1029	164	41	fifty
0ee12c43-3d0d-4e71-9c0c-84aa2356e5b6	956	1029	164	41	-
ad7ff177-71ae-4e3b-8bbe-26bbdc130369	956	1029	164	41	first
da369442-76e0-4958-9c14-f327fb5e2db5	1125	1029	97	41	year
6116d33c-6e11-43dd-9a60-8333cb593c38	1125	1029	97	41	,
9341d5d4-1ac8-4959-8750-c7e4bfc4968e	1228	1029	77	41	552
10adb306-1ac3-4004-b985-76aeada7ce0b	1228	1029	77	41	,
44da7e0a-fde3-4596-9ea1-bc592863e4c4	135	1070	85	38	602
d4fe93a6-a521-40b2-a413-ce922169c93d	135	1070	85	38	;
a838ba54-64af-4eae-87e8-a96c8746b088	225	1070	209	38	ffty
3ba88bef-49a3-444d-937e-12b02bd1e37e	225	1070	209	38	-
5189da7d-4874-4888-b7f6-35c32127b552	225	1070	209	38	second
0eb43b95-5836-4a87-9db3-6420ccfbf91a	439	1070	95	38	year
9fdc6254-5e97-4284-85ff-6ac67f4dbcff	439	1070	95	38	,
93c5be62-9e1c-43f8-b299-75313ffe6305	538	1070	85	38	552
a9ae7702-9df5-44d2-a6e5-7d5b7d8d9cdc	538	1070	85	38	,
94a6f2d8-2494-48ba-85c0-74f236b04227	629	1070	90	38	682
72944917-a6de-4fe4-aaf3-ac0b489b8a29	629	1070	90	38	;
a3c387c5-268b-43bd-a745-eaceae38c50c	724	1070	185	38	fifty
cee43475-cf6d-4e36-b15e-62078ac49ad2	724	1070	185	38	-
85962bdc-b936-4c5b-8271-e8810e690f6b	724	1070	185	38	third
e2882859-7fab-4994-84bb-f5525065829c	913	1070	95	38	year
b8939fb1-6cef-4e86-89f2-a5bbc9321edf	913	1070	95	38	,
0958c842-ed8a-4f14-b9cc-3d55ab812ddb	1013	1070	95	38	552
ecf23255-8c0c-46b0-9130-00b106b0d35a	1013	1070	95	38	;
75199094-11e4-4297-9d91-c7346a143605	1113	1070	186	38	fifty
fe6c57a2-9572-4d10-94ca-4172ce85ebc7	1113	1070	186	38	-
a0ee4fb1-ff74-452b-97d9-0d3706efda9b	1113	1070	186	38	fourth
59c151e3-ce5c-4a00-aacf-82cab22349bb	132	1108	92	41	year
5037dff5-7201-44da-96e9-652fe5d45533	132	1108	92	41	,
7adb1430-8ef2-49ae-b981-cd9764421c83	229	1108	87	41	552
83d70997-8bd9-48cc-aa44-8e391565d138	229	1108	87	41	;
efdce472-03e2-4361-9243-37546fc6ac3b	321	1108	179	41	fifty
16190ada-88c9-4544-b588-949e91c6fbfd	321	1108	179	41	-
17faaf12-0d1b-4858-844d-d23f81dbe542	321	1108	179	41	sixth
0ea20840-edb9-45c8-8c23-a493ea97231d	506	1108	92	41	year
99657f92-c30b-44c8-a2f9-1c83c8034629	506	1108	92	41	,
fa5e7d08-13ee-4763-a0e4-0f0c57916185	603	1108	87	41	552
1c594b81-4db1-4be5-a489-17d8098481de	603	1108	87	41	;
8ab28b11-271f-40cb-9b08-c0b4c8555a3c	695	1108	220	41	fifty
b3518005-021a-4744-b215-134f9203e039	695	1108	220	41	-
f0c7aa44-0843-46fa-bd30-e733ed7ade57	695	1108	220	41	seventh
10675cb7-86cf-479b-bdce-97214134b8ba	921	1108	92	41	year
6bfc6f8f-e68d-4789-a950-a27f4176bfb1	921	1108	92	41	,
bfe824a1-d21b-4a1c-8636-134362923fd6	1018	1108	87	41	553
7cd55bc4-1bd5-483f-ab64-f28cec038e2e	1018	1108	87	41	;
6455a155-6e16-4bc2-a4f4-d7cbcf8fcf0e	1110	1108	189	41	fifty
c8f3b538-d5a8-4ad0-9818-f8736a1bf76f	1110	1108	189	41	-
3c838fd1-5aea-4c70-b6e0-d5174b38461d	1110	1108	189	41	eighth
fb41243f-fbde-49c5-8b14-7f4cc68dffec	132	1146	97	41	year
cbe34994-1a70-4cbe-b2ce-226bee79555b	132	1146	97	41	,
ff782781-7272-467c-a1f2-a175db7cc3b2	234	1146	97	41	553
21d89fbf-46af-46fd-9d5c-935f1174675c	234	1146	97	41	;
e3d2d1cf-66a2-4c4b-9a3c-b8942de0fdc6	337	1146	195	41	fifty
92e8d841-6a01-4fd1-8669-c161d22a6ffe	337	1146	195	41	-
8c58356a-2c9c-47da-bafa-5bd96c1ea8e8	337	1146	195	41	ninth
312ff100-4906-471e-93f8-ceeaf229d2a0	537	1146	97	41	year
b1fcdf0f-6078-473c-92c8-ca2ee6966d8c	537	1146	97	41	,
2c5aaaa1-d1d8-41ea-b300-b7590f3db691	639	1146	92	41	553
c6f4c0ae-7031-4caf-8cac-3de42025c00a	639	1146	92	41	,
6fe22af9-862b-499d-a839-41c4c925cd61	736	1146	97	41	682
a94afe24-8a5b-42ed-b991-73a0aef93a3a	736	1146	97	41	;
913a1126-c9bb-4fe2-bfc9-4f7ed6e95ae9	839	1146	154	41	sixtieth
c42f76e6-8292-452f-9867-f1196a9615b9	997	1146	97	41	year
bd0dab61-7e1b-45d0-bd53-08353edefe6a	997	1146	97	41	,
22048e56-5cac-4c80-a2e1-ace9e614c4ce	1100	1146	97	41	553
5fa2c6c0-048d-48d1-8499-8e7a127279c3	1100	1146	97	41	;
69e56f6a-dd19-4ee7-a932-b0a63f1a32d2	1202	1146	103	41	sixty
627c8242-aac3-4f55-8a40-6fab5bb21721	1202	1146	103	41	-
68f5586f-765f-4f7e-8c25-0125e1faae66	135	1187	79	38	first
17ae2a0a-0c17-4920-be69-f768b181422f	218	1187	93	37	year
8ffb2558-2560-4ce6-bb62-1f6b9bad3f0b	218	1187	93	37	,
6aed5b97-1e49-49a2-885a-ec0fbd47528a	315	1187	97	37	554
56196a48-b6d1-4e54-8ece-a09f8f782a20	315	1187	97	37	;
bdadcefc-9a53-4612-8119-62a309442d4b	417	1186	217	38	sixty
28c17a64-62ed-4fe3-b7a5-4273c617413f	417	1186	217	38	-
d984b711-4920-4567-a73d-0ffd95a29c11	417	1186	217	38	second
1f7934d1-6844-4e46-b7bd-28f036581891	639	1185	93	37	year
2ccaf1a7-6c8a-4d05-94e2-4e10d821ff36	639	1185	93	37	,
1f080761-0bfe-40bd-970e-a1e3d85534ac	736	1185	83	37	554
5c78f460-a187-4004-ac7d-3ae25b34a9fc	736	1185	83	37	,
d08a40f3-edb5-48f2-a914-e7862fdb77e3	824	1185	93	37	561
84c3e358-08dd-4c9a-9f92-1aee5cf9e2e1	824	1185	93	37	;
c3654f2c-3cb8-4807-bdda-5c2124ac7961	921	1184	194	38	sixty
ee06ba82-55b5-400e-a002-d75f87aca318	921	1184	194	38	-
b34b44a3-cafb-43c8-8c9a-4fd728da2118	921	1184	194	38	third
161d8c60-0191-4c14-992d-0d7b4383034d	1120	1184	97	37	year
22998853-42b0-462e-b26a-4e6053752801	1120	1184	97	37	,
c9a7c5c6-1120-46a9-aae6-df720a0d168a	1221	1183	81	38	562
bb8c4df4-9b42-4430-8132-ea619168a7d2	1221	1183	81	38	;
af48eeb2-3c61-4733-97df-984501ad6a12	135	1225	210	41	sixty
f0a7d610-2a1f-40c7-8d02-8abd8a2b933b	135	1225	210	41	-
4bd8acab-f229-4131-b9fc-8bde5941378e	135	1225	210	41	fourth
c062fa2c-ade2-4061-8ebb-a5fb10a459d9	350	1225	92	41	year
540f83c6-6088-46bd-8d8d-9a32924837df	350	1225	92	41	,
d38cc6c2-5c3e-45e2-97d1-0ab0e1d54711	447	1225	92	41	562
215163e7-59c3-4441-9b49-3a7d18fee2e1	447	1225	92	41	;
402a6c63-4c6c-4565-9d1e-5ad60001b31a	545	1225	184	41	sixty
9a5dec79-a2f7-4a09-a515-12d749c48d7d	545	1225	184	41	-
deae769f-7b63-4eae-8cac-f7dc50a2719c	545	1225	184	41	fifth
1ec892dd-6fab-436c-8dd0-3eb28e19df81	734	1225	92	41	year
44256607-f236-4362-a3e3-925b614cc402	734	1225	92	41	,
607d1f96-9b38-44fd-a122-1283dd212d73	831	1225	82	41	562
8b8f2bb7-c38c-415d-894d-bf7bdfe82f4e	831	1225	82	41	,
6e677cd9-27cc-4d44-99da-8a24ff6d9713	918	1225	97	41	563
f11678b0-6d44-440e-ad81-69ad4060723f	918	1225	97	41	;
e71970ee-9d98-4007-b08a-d9b7c8fff447	1021	1225	189	41	sixty
03da745a-fe73-4704-8ad5-ff0f4d054d59	1021	1225	189	41	-
5289a94d-608d-4e12-ab26-4a3c73667056	1021	1225	189	41	sixth
57ba5c7e-c4d5-4021-a72b-e75cc7edd2c6	1216	1225	90	41	year
cb3e47b8-1773-42e6-beb8-00a1ea721d92	1216	1225	90	41	,
a7a642b7-1ac7-4765-ad0a-ed07a82ea649	135	1262	95	38	563
29344947-6cd1-455a-bddc-199598274025	135	1262	95	38	;
4af65ce6-167c-47ec-b88b-3ecd606ff1c9	235	1262	242	38	sixty
322c4564-e1c9-48b6-b6ae-48b5be55c09f	235	1262	242	38	-
72ca338f-6b92-4867-891d-89f68188b8b2	235	1262	242	38	seventh
d77fddfe-d22d-4c5a-84a0-3f6c9f62754e	481	1262	100	38	year
589069a2-97a1-44cb-aa63-49d251478eca	481	1262	100	38	,
5fa547d0-2abb-49c2-a7a0-8b2d40857dbf	586	1262	90	38	563
adc598eb-bb60-4e95-9371-b45f99f0553a	586	1262	90	38	,
b93c0036-e768-4607-b7ee-00b187292a29	681	1262	104	38	565
b2497a81-2803-47ad-a624-0f8933df5bc8	681	1262	104	38	;
d872453c-a531-4a87-ad57-43bf8b144ba5	790	1262	226	38	sixty
a21fb02a-1038-4b32-8bf6-80e1094e6963	790	1262	226	38	-
2b092309-e393-49fa-8657-f873e0dbc29f	790	1262	226	38	eighth
69087962-3cbd-46b0-b6b0-38729b8c3541	1013	1262	104	38	year
add7767f-351d-43bc-a1ef-8cb550b77ef2	1013	1262	104	38	,
3a3c1a4e-ecb7-45d4-9cf1-973e44a0fa7c	1121	1262	90	38	565
8960b390-01fb-4dca-997a-a517ff8e818d	1121	1262	90	38	,
c938884b-b1ab-4ba6-89cb-fac8d4af8af8	1216	1262	89	38	566
b8d018d2-7fb6-4977-8861-d6d4ea60d489	1216	1262	89	38	;
acdf6195-ebcd-4752-b3ba-8d9b97151db4	135	1300	194	41	sixty
55827173-ad6e-4d76-87ed-17de59ef85ea	135	1300	194	41	-
0d658bed-e90f-432b-abd4-a11f564828d6	135	1300	194	41	ninth
3420dfe5-dd20-4315-906b-942e1ac55bdb	335	1300	97	41	year
c701972d-910d-4b1d-9e9c-a776e2d6ad26	335	1300	97	41	,
d3abe57e-a7a6-4867-9e59-4b0014222c8c	437	1300	97	41	566
595ddaac-dc45-456f-a0b2-b46ff4b0888d	437	1300	97	41	;
4861592a-4f7a-485c-b19d-d4fb06a91847	540	1300	128	41	belong
11e755dd-a12a-4460-8995-140128bb6072	673	1300	56	41	to
921567cc-dde3-449c-8fa2-95e6fc2cfc8b	734	1300	113	41	secret
6f5d3063-1666-4401-8313-0611e465fa57	852	1300	102	41	band
6b3b334b-21a9-4387-8c88-2cf497bbe76a	959	1300	51	41	of
a94f393c-c215-4270-92e1-879ca09dfbcd	1016	1300	200	41	Gadianton
6696b528-5a7b-45e5-adbd-84def63daaed	1016	1300	200	41	,
a7af102a-9efa-47b0-a78c-80ea269592e4	1221	1300	85	41	570
836d0d27-2a27-4848-9ead-9511f9d03fed	1221	1300	85	41	;
edcc30b5-17ad-4399-8aa3-b35b37f5019a	135	1338	210	41	seventy
ff51e38a-81f8-4449-9cd3-ce9b5089d632	135	1338	210	41	-
84558d59-f337-4ae2-bdb8-71645252c5eb	135	1338	210	41	first
d0b2b392-460b-43cc-b5a7-cb852c549b77	350	1338	72	41	and
bfc9772c-1621-44ff-9fba-f41c39b4d45e	427	1338	256	41	seventy
2960d86f-623e-4bfa-8db2-5c42e4e76496	427	1338	256	41	-
0816abd9-5897-4456-9547-c3e29ba83405	427	1338	256	41	second
1d0d9eb3-6a90-4048-bd1c-b6ef39bac079	688	1338	108	41	years
915f0bb0-676a-4995-95ba-2184e54d0186	688	1338	108	41	,
084466d4-82b1-4119-833c-d38c843a14d6	801	1338	82	41	579
d80af6b3-70e0-4be1-ad55-6f62aa817815	801	1338	82	41	,
69a8273e-91de-490a-a1d2-811ccc4f2b9a	888	1338	87	41	683
476d99c4-aaa6-473a-b685-e61ffcceee2f	888	1338	87	41	;
dbd755c9-8d51-4382-952f-5a2259dc9712	980	1338	236	41	seventy
38106adf-885b-4f83-bbe5-76a3123b6c95	980	1338	236	41	-
7c24c58c-aace-4847-8bec-e55a63a91565	980	1338	236	41	third
a9d9569c-cab7-4ab9-a8bc-4bd5e2368503	1221	1338	85	41	year
b4ee3bf1-2d66-4d09-b3d0-4c5286b4cd2b	1221	1338	85	41	,
2328f453-47f3-4b90-933d-e9c79a63e851	135	1376	92	41	579
b4194331-a91c-4cce-92b0-867e168667ff	135	1376	92	41	;
70608625-a195-4310-993f-529bd0732515	232	1376	266	41	seventy
a1c7a819-72d1-4eac-bf66-86869ed4b9d3	232	1376	266	41	-
2326dd4a-e92a-4b66-9f8d-b9e61b5f90ac	232	1376	266	41	fourth
be60b4cc-c3c6-41a5-aed8-2e472c26a345	504	1376	97	41	year
98eb41b2-1e98-4677-9d73-88ba659d2da7	504	1376	97	41	,
0ab9006b-5909-4560-97b9-48a24b1cf421	606	1376	102	41	580
5ba8e2e4-dcfc-4442-a345-5d5f4e753df7	606	1376	102	41	;
491f3c3e-21c7-46a1-8603-93a04c37ed5d	714	1376	236	41	seventy
3e45f914-6d2d-4394-9879-be2f799b40a6	714	1376	236	41	-
6c95a84c-0552-49ff-a645-a14bb8799349	714	1376	236	41	fifth
00d4ae40-58ae-486c-8010-cc8cd668f86e	954	1376	97	41	year
b1bf448b-9417-4182-b50d-bec8d2a075d5	954	1376	97	41	,
dd54afb5-189f-4602-967e-f67bb385d10e	1057	1376	102	41	580
fa487e8b-2af8-489f-b563-c382cf8acb04	1057	1376	102	41	;
173022ba-6c7f-4426-9a91-eec26c1a3e52	1164	1376	141	41	seventy
dcd57a1b-bbbf-434a-984d-219a715c9965	1164	1376	141	41	-
bab50827-0c02-4d22-aaed-dfddc292e4de	135	1417	102	41	sixth
2cf0b336-55e8-43fd-b294-b2d369af8805	242	1417	97	41	year
57b4856b-efdb-49df-8ac4-073c45a99919	242	1417	97	41	,
43089e47-2cf1-455b-9205-5b530ef306ca	345	1417	102	41	581
b9fa704e-bb94-4aeb-b7a8-97330151031a	345	1417	102	41	;
065c431c-fae9-4f15-8397-c6ba60e21aac	452	1417	282	41	seventy
f5fca981-255a-416f-8cf2-fc3b34b3cefd	452	1417	282	41	-
3a05a1ff-d51d-4b83-ab6d-ab17debe6803	452	1417	282	41	seventh
3d4b3977-5fc1-442e-9d67-6444654aac8d	739	1417	102	41	year
ac8d0616-a57d-453b-80b2-94c3a3347300	739	1417	102	41	,
25e64426-6ac6-493a-960d-9682fc134728	847	1417	97	41	582
3fc8b678-7834-460a-b89e-e21c804ae86f	847	1417	97	41	;
5e750096-4cd4-4706-b5a6-aae08e4be8a1	949	1417	266	41	seventy
4e76131c-3993-4f97-a3e7-c96480c5d6a1	949	1417	266	41	-
a896daf8-0aa8-4f59-8f4f-5991d8068618	949	1417	266	41	eighth
29764eef-bbaf-4ffe-b073-d955d956fa8c	1221	1417	85	41	year
4b0fb99f-562d-4d68-988d-41ef210f8a3b	1221	1417	85	41	.
9a7eb4af-6a27-40e0-bf34-330574c914d6	135	1451	110	44	582
32285e4f-5ca0-4a8b-b80d-d3f520347c89	135	1451	110	44	;
e821e49f-4eb7-4148-ad27-b613bfcbd63b	250	1451	247	44	seventy
975b3e7f-60d7-4373-972b-c719f8909ddc	250	1451	247	44	-
a4e87558-cf5f-48d9-b5a5-e4f937bac4f6	250	1451	247	44	ninth
21000bd5-881d-4b2d-8ad8-e8ae1aca186e	503	1451	104	44	year
2c958b32-51c3-4abc-8943-f721ca463e07	503	1451	104	44	,
143889cc-9e23-42dc-9099-5d504f6b7b7c	613	1451	93	44	582
ca110036-cb85-49d4-b405-123f00f9f7aa	613	1451	93	44	,
69cd80f0-2c94-425a-a3e6-568264c30b0c	712	1451	115	44	683
4d7875e7-f7bd-46de-b174-02a9c65e73c5	712	1451	115	44	;
f42bd341-30ce-4dfd-9e8e-56fbb4340a33	833	1451	170	44	eightieth
15542946-3b81-4d6f-8fd4-834ae85bda66	1009	1451	104	44	year
e04126de-1793-4d94-92ab-6c33c9c7cb74	1009	1451	104	44	,
89d1ee04-7dc5-4fa4-9a35-1469aeed8fc4	1119	1451	93	44	582
ff6f8b03-a032-482a-9b9b-a276b06b19f9	1119	1451	93	44	,
e7a16b7b-477d-4118-b518-d1f7d4878b3f	1218	1451	88	44	583
6b8d016f-c455-4bb9-b14e-671f250a04fb	1218	1451	88	44	:
d0f6c00c-b31e-426a-9f96-6a61def5b50f	135	1496	195	42	eighty
c3f51ae5-9370-4b21-8077-6d653360f7db	135	1496	195	42	-
d25c5c5c-18ee-4f75-8793-e1cece70bc13	135	1496	195	42	first
accc8a70-0e8f-4cd2-b30b-ca64089e27c8	335	1495	100	41	year
f8d4e354-93a3-4108-8780-387f5708ff4f	335	1495	100	41	,
7f155618-33be-43d0-9526-9365ede0ba25	440	1495	95	41	583
0074bdf4-8cd4-4181-b9c6-2c84e9a3e4c1	440	1495	95	41	;
7fe0cc0b-62d2-43e1-a910-dea3994b584f	540	1493	245	42	eighty
1572b33e-118d-4dd7-9d17-dff167d6d71a	540	1493	245	42	-
c8b60333-bd1e-4068-9f97-354ac4089e86	540	1493	245	42	second
6e0c846e-92ea-4253-8146-9c634b087e34	790	1493	95	41	year
0ec3232c-e1b5-49cc-92a8-005f04cf21cf	790	1493	95	41	,
2f16f8a9-c939-4b78-b892-71156eb5089c	890	1492	100	41	583
b6c32ca8-a036-4225-8518-5b9f45764b1d	890	1492	100	41	;
a31044c9-a966-415f-86bc-71addd9ed8a0	994	1490	220	41	eighty
bf034639-644b-4057-a06b-e71cd8055702	994	1490	220	41	-
02e41958-e79c-4440-90ab-f89ca061b41b	994	1490	220	41	third
db25c469-7294-48fe-9972-93ae18bc9293	1219	1490	86	41	year
310f952e-ad53-4936-8c7c-1d118235f743	1219	1490	86	41	,
e9ba0571-bfa5-44f1-9501-936422e79c84	135	1530	92	41	583
025dafd1-70e5-4408-921b-c7f9733f1b68	135	1530	92	41	;
03293b05-440d-4106-9cb9-ba9ae1b179de	232	1530	241	41	eighty
b162ee8a-769c-4adc-8d7b-a4c2f50b6a23	232	1530	241	41	-
d16a5597-9ac2-4eff-8ec3-8b8d57583ce3	232	1530	241	41	fourth
08a641f7-597e-41de-9549-5654bad189c4	478	1530	92	41	year
a10d760f-edc5-41af-9668-73458d1c454e	478	1530	92	41	,
abb4925f-6a21-49c8-b09d-a6af4b6c46e4	575	1530	97	41	583
edb275cb-df1a-4100-b07c-f34c89928f9c	575	1530	97	41	;
efa0d6b7-d8e4-49b0-9cf2-12bd97d9a7a5	678	1530	205	41	eighty
9f4b49f3-0d1b-4310-89ac-2577b1288772	678	1530	205	41	-
d2a782f2-b883-43c8-aa6f-b7e3bda8256d	678	1530	205	41	fifth
ee970094-3290-4be4-b188-06bab913ef16	888	1530	97	41	year
3b9f99ae-d5ac-443d-ace6-22c22382870d	888	1530	97	41	,
2bcba3d4-f3db-46ca-aec0-876020e3991b	990	1530	87	41	583
134e299e-fd96-4e5e-8cdb-84eb9f521ba8	990	1530	87	41	,
fc2569f6-bad6-47bf-a583-b8bf494421af	1082	1530	97	41	584
83ec5026-29a9-4f61-b7f5-fbfd96c47c9c	1082	1530	97	41	;
9dcfe0f6-62c0-4aa0-b6f6-98001ea94253	1185	1530	124	41	eighty
03e1ad29-5b56-4fed-baaa-9781ed3b9d3a	1185	1530	124	41	-
ac4717d0-e14f-4fee-a814-62b01059ee6b	135	1571	92	41	sixth
8f6f005e-82f6-4df6-af23-8e07c8f728e1	232	1571	92	41	year
bf513830-e7ec-466d-ba21-fd301ff7866e	232	1571	92	41	,
c2220ff6-5b33-447e-b906-6af204bf8de4	330	1571	82	41	586
ed4c19b7-34c1-4868-91c7-c41711b62951	330	1571	82	41	,
8809be4e-8785-44d0-8887-42ef65024ab3	417	1571	87	41	598
c3ba045b-f5f8-45bf-86a6-a6d761174a75	417	1571	87	41	;
7c441272-93ea-45d1-be5b-eed7aa5a16cf	509	1571	261	41	eighty
8b0d75b6-6d5c-4df6-a7c1-96add617dd5a	509	1571	261	41	-
174b47e5-18b4-4e1e-a519-233d80c944d9	509	1571	261	41	seventh
9f775ce8-2b5a-4604-88af-73b278bf5863	509	1571	261	41	,
c5ef9806-3a8e-449a-8c13-73af4514f7ce	775	1571	241	41	eighty
55d81e8e-c3eb-4b22-8b11-84a81969eb3a	775	1571	241	41	-
fb410532-6dfd-4917-b9c4-a035296cc5a2	775	1571	241	41	eighth
c1082260-24b4-4db4-a021-29bde83e1ee1	775	1571	241	41	,
f1cbc016-e974-4092-9ddb-4ae71c93e47d	1021	1571	72	41	and
dd13146d-184c-4c50-92ba-b98fd58016e8	1098	1571	113	41	eighty
a9b0fc39-ff49-4a38-83f9-64fb551c63bd	1216	1571	90	41	ninth
2fca236e-46e8-4b14-886e-7ebd42aebd0f	135	1609	107	41	years
ac45ca29-7d30-49f6-9f0f-fd0b8eabf103	135	1609	107	41	,
c08fc839-8743-4537-a57a-292deec6385f	248	1609	87	41	598
93d5babd-36ca-4722-b721-a4c2812c13a1	248	1609	87	41	;
ac492db7-6564-496f-9cf0-c31cf279281c	340	1609	164	41	ninetieth
448ab1c2-a7d7-4509-b129-7c040297333b	509	1609	92	41	year
6c848433-8582-4b1d-8a60-39f6a7ff80c3	509	1609	92	41	,
c46f72c9-4f27-40cf-85b3-56a25750477b	606	1609	82	41	598
a2f8f1fd-0eda-4670-88a7-8044731e95da	606	1609	82	41	,
56252566-6d55-4040-978c-f3f30865d939	693	1609	92	41	599
7b25262c-2a4a-48ec-ba22-74c85bedc2b2	693	1609	92	41	;
3992b0a7-cfe6-47e7-902a-761529cd8367	790	1609	195	41	ninety
3fd79af0-1752-466b-a963-68dec9610d3d	790	1609	195	41	-
513e4800-c927-44dd-8c12-678a5fdce24d	790	1609	195	41	first
cc6db30e-95dc-48f7-9da7-7f3aec904ed3	990	1609	92	41	year
8a498977-b75e-4b23-92e8-a14e222d69e5	990	1609	92	41	,
f8c38f57-1293-46f9-85d0-acc3e5d3995b	1088	1609	92	41	600
09a725de-52bf-4948-81df-20ab3f42bdad	1088	1609	92	41	;
168e2b3c-6939-4ff6-90af-48cd27e659ab	1185	1609	124	41	ninety
b694e06e-088b-4e42-a6c4-d096fdd43a48	1185	1609	124	41	-
05c21166-6f25-41b6-9ca2-4414e8616fb9	135	1647	125	41	second
d4672abb-d54a-42a5-b160-016e075feaef	265	1647	95	40	year
d33dcd89-d92b-4069-be7c-fc63cc48ab8e	265	1647	95	40	,
9b9f1a51-e92a-4c3c-8c4b-174202abeeea	365	1647	80	40	600
10b38f44-58df-417b-9936-c52a688921e5	365	1647	80	40	,
03ab9d44-6544-4d83-b7cc-3e41163aea69	450	1647	95	40	603
818091d4-a13c-4779-be24-e87ac8cfabfe	450	1647	95	40	;
2e86e662-7bba-43d7-9039-f94aea195378	550	1647	225	40	ninety
c05b0b98-3f14-4bc6-b6e7-78f5fa17029f	550	1647	225	40	-
5c278787-06f0-4026-9936-b63349ce3569	550	1647	225	40	third
7c26d245-bdd6-4c06-83c9-6b401669aa62	550	1647	225	40	,
365de252-89ea-44b0-a41e-f5a9f3caffff	779	1647	245	40	ninety
77fff821-a321-45c2-ad34-96b5beb7d694	779	1647	245	40	-
11dc124f-ed52-4e4f-888e-18ae1b392b83	779	1647	245	40	fourth
8ee0f1f8-1c24-4d5b-96c7-4fc9b5a39c31	779	1647	245	40	,
2076ece8-04d4-430a-a598-4f5b384bb692	1029	1647	80	40	and
3faf6cdd-db38-4962-8c8e-a090974f4bb9	1114	1647	191	41	ninety
eaf48c54-5fc2-47cf-afdc-6d8b0ceaab8f	1114	1647	191	41	-
f782b8dc-8e73-41d4-8314-64e14fd34566	1114	1647	191	41	fifth
e2e68a04-6605-4b83-8560-fb83f3eaf91a	135	1689	105	41	years
93390546-caf2-4cc5-9a74-9112a3cc2e24	135	1689	105	41	,
af5b9315-96c1-4f40-aaf0-f60fd841dd39	245	1688	90	40	603
03ec2777-25d0-439d-951f-d6de713730b3	245	1688	90	40	;
50ad04e9-0aa2-406a-92f8-5ef63b03ac3a	340	1687	210	41	ninety
49cb549b-1a6f-4926-a9b5-2c912091318e	340	1687	210	41	-
f69e058e-8a64-46fa-a0eb-53487f38ceee	340	1687	210	41	sixth
2ab39655-6d12-4732-9aeb-e43dfeb41a90	555	1687	45	40	to
2e5b7260-63d1-4c84-8ad2-6fc85cdd0754	605	1687	65	40	one
b7bd3c7d-989b-4cdd-a3c6-2ae0fc7b1133	675	1686	185	41	hundredth
36557a60-cc72-4570-b69b-9d66de48a04a	865	1685	95	40	year
e7e29835-459d-4cae-b77b-6667c3c74d1f	865	1685	95	40	,
a50b7713-d3c5-41cc-99b8-e2783050ada1	965	1685	85	40	604
80e2d46f-b809-460d-83b1-4799a0b43c36	965	1685	85	40	;
15cbbf29-dbcd-418d-a356-b8cd37433b04	1054	1684	70	40	one
30d35df8-e46c-4840-85b8-5ad38f4887a3	1129	1684	176	41	hundredth
af6c5d04-91f6-4266-8be6-da6935744013	135	1725	76	38	and
ffd5ac17-bf3f-4af9-94e7-d940642f7a5e	216	1725	66	38	one
2f604b58-d4fd-49ef-a7c9-0f08dcbeb481	287	1725	185	38	hundredth
7e501264-36a2-43cd-9803-3d4b760ec230	477	1725	76	38	and
c09b6ba5-3d2b-4f72-961b-3f169c654491	557	1725	104	38	tenth
aad6183a-3311-4e79-ad42-18aacac35182	667	1725	109	38	years
bcb337d6-af35-42f8-b5c9-7fbae5e9e320	667	1725	109	38	,
de3121da-9226-4956-bc1d-fd3307a68129	780	1725	95	38	683
a9e96390-71db-4565-a3ba-5f790041af9d	780	1725	95	38	;
7c30dc70-a0a9-47d0-920d-a88fa27935b9	880	1725	66	38	one
2e4c6007-326f-48f8-91c5-27759a86f5f8	951	1725	152	38	hundred
9b38eeea-d173-40d8-a11f-fef6cedd13b5	1108	1725	71	38	and
211e36ea-f935-4f62-b2f5-d7cc9f142eba	1184	1725	124	38	ninety
5e3cefe2-cc99-44b7-91c8-65aab227022d	1184	1725	124	38	-
96f11a85-5871-4692-9fe8-b082a335a2bf	138	1763	117	41	fourth
fbd0f723-bb1a-4a75-961e-7d1c1ba0502c	261	1763	92	41	year
fa405903-0f1b-44aa-8dbe-04f09a54e5c7	261	1763	92	41	,
4e9005c0-82ea-4754-ba16-963eea72102b	358	1763	92	41	683
2e9ca193-ebf1-4a00-9334-70c1e4790c5a	358	1763	92	41	;
76d4299c-f10a-403c-ac92-c21659cd1fb4	455	1763	72	41	two
be6f4e2f-2952-450a-bb52-c553793b4f50	532	1763	189	41	hundredth
b2c2fe44-5d8d-419b-b6bf-6c1fe8956912	727	1763	92	41	year
55f7c472-0645-4c81-aabc-e26813796cc9	727	1763	92	41	,
30fa6f54-fea3-4212-af72-b32ea131ea94	824	1763	92	41	684
9d45ea40-17dd-4ebd-be79-a42c4b2e8a23	824	1763	92	41	;
eccb11b1-67e6-435a-adf4-e6c97d281071	921	1763	72	41	two
c136d970-efec-40fb-9b6c-dcdfeb411b1f	998	1763	149	41	hundred
f89217ed-c305-4a2e-b912-d4e83c0d6400	1152	1763	77	41	and
99e7905a-c389-4de8-8de2-ef90f12771bc	1234	1763	74	41	first
a722aeb6-cac6-4bdd-940b-781ea3266b34	135	1804	90	38	year
62039de5-5f1b-455c-ba55-5208257ea145	135	1804	90	38	,
fc0837b4-1816-4ddf-869c-7aef55ef4394	230	1803	81	38	684
a7e0eb30-12df-445d-94dd-68e860605cc9	230	1803	81	38	;
81b1aaa7-385b-4cb8-bc05-b1aaadf1d90f	316	1803	67	38	put
65c28633-1a11-4b3f-8030-6cdd671430ed	387	1803	43	38	to
88e65cff-517a-4e0b-9550-58a00098fcbb	434	1803	100	38	death
92611a83-96a4-49e2-8d31-349452bff110	539	1802	147	38	secretly
22ea916f-f535-45a7-a10a-638962f60124	539	1802	147	38	,
037dfebb-e15d-4af1-a211-faf9a92eecc2	691	1802	86	38	619
3eb797d9-ac12-4270-a577-edec805c7360	691	1802	86	38	;
5022bba4-26ed-4531-8cbf-ea05b7aafb4c	781	1801	171	39	complaint
131eba49-9f65-4382-beea-a3b4b101b514	956	1801	138	38	against
61f1c3e4-a441-4b19-8262-f6a156bc4bac	956	1801	138	38	,
e8cb03b4-292e-4c6b-877c-140f279f4553	1099	1801	86	38	619
327e659e-2a1c-428f-841a-b0b657908ee1	1099	1801	86	38	;
de48e7e6-99a9-4437-acf7-7a675c0168cf	1189	1800	116	38	judged
2ecf7162-088c-46bf-b7f9-4a5272e189b9	138	1842	47	38	by
b07bf817-dd65-4b84-8eb8-35dfbd37ee7b	190	1842	95	38	chief
313b4c8d-9600-4303-91be-9f8d6d3ede39	290	1842	100	38	judge
52ba2969-56e9-4d5a-a3d8-bc041f553300	394	1842	171	38	according
cc959444-39b2-4ccc-99f1-292b07d6cc34	570	1842	47	38	to
42118995-2e6e-475c-afbf-f2398947658b	622	1842	81	38	law
acccf6be-7346-439e-8fa5-1faa8f6a5c18	622	1842	81	38	,
0db079ae-f9c5-4421-8954-40721f7f1de2	708	1842	90	38	619
1b118c4d-5211-41e8-8a07-d450c79c5bc4	708	1842	90	38	;
69c01475-df8c-4f8d-9190-9a8349ecfd36	802	1842	100	38	enter
2d1b5010-6c2c-4af6-a8bb-c2f770f65ddc	907	1842	76	38	into
7a727d48-5562-46eb-a000-5515d49d8ef6	988	1842	109	38	secret
3416f93c-be5a-4701-ba88-695599b1242e	1101	1842	204	38	combination
1e1b89c1-6b9c-44a2-b26f-f58d5d85e734	138	1880	46	38	to
8d674035-f905-481e-b032-9fee8d24e606	189	1880	134	37	destroy
30102051-accd-42db-9fb7-6551f5cb21ee	327	1880	208	37	government
53a55aea-052f-473e-92a7-aa325810aaa7	540	1880	74	37	and
85ff4678-cdcd-4e83-9531-0ab5069778de	619	1880	157	37	establish
9ed5bba6-4544-45ff-a880-a2df2c72d60e	780	1880	97	37	king
d0415e8a-27f5-494a-b842-dbf03cd2830b	780	1880	97	37	,
f1c197ff-26db-4152-993a-e51aa27fa0a7	882	1880	77	38	620
f21e2ddb-3894-4946-9e43-3116c2f77569	882	1880	77	38	.
40eed6b3-d838-47cb-8149-8535fc30dbbe	101	1917	185	41	Judgment
27f60e93-5504-4184-a447-1119855a5e90	101	1917	185	41	,
462194fc-ce7d-42fa-864a-b72a6d781543	290	1917	67	41	all
25cb40e2-7519-4307-b708-49ffb5b2020e	362	1917	87	41	men
fccd9bcf-2679-483a-8ad1-a03ab258fb3b	454	1917	133	41	appear
5dd38175-2048-416b-9219-9f2322d81999	593	1917	128	41	before
b5f56555-01b7-4ea1-aa81-1601249f6c95	593	1917	128	41	,
3be18f70-1f92-4f8a-b261-537cede0deff	726	1917	92	41	107
cf245864-2bfe-4d7f-baba-d862a49d48a6	726	1917	92	41	,
b71bd203-4ecd-48f0-97a0-cf2403237145	823	1917	102	41	108
9ec34471-8343-4a04-812b-e6128764fed2	823	1917	102	41	;
6de84596-5e88-42a0-a1c9-61b4f3156c1e	931	1917	149	41	spotless
e591aca1-c910-4d68-98e6-d0e79b8eaaca	1084	1917	56	41	at
d45fd054-d634-4730-ad2a-cfa6d333b726	1146	1917	163	41	judgment
0db552f1-7411-4717-927b-dafda0baadda	138	1957	89	39	seat
28a185c6-f1a5-4878-8d15-9a3d78ba73e4	138	1957	89	39	,
36268114-9813-4825-8b72-513aa67277af	230	1958	81	39	165
7be37ba1-0e26-4574-b467-a52f82125b5d	230	1958	81	39	.
217549b2-42ae-485e-a163-7f7cddbd1cb7	101	1996	128	38	Justice
b1c91212-e779-4898-8b6d-2f97c2bdab5e	234	1996	100	38	could
a969a563-3fdf-47bb-a94f-515b5f0c643f	338	1996	66	38	not
925276c2-7de1-4022-87e8-8ce5b1e84c0f	409	1996	47	38	be
d30530f4-852c-489d-878d-a70f0a679916	462	1996	180	38	destroyed
2c6042fd-293e-4cff-b421-9b6d1d166c2f	462	1996	180	38	,
8c933724-2d71-4414-bf4b-6eb0aa284e69	647	1996	90	38	453
715e8316-b481-4b34-b80f-887913b7a1a3	647	1996	90	38	;
ddeeeccc-6843-4b71-af6d-9872329ee4f4	742	1996	57	38	no
b626c7c0-87f7-497d-b387-a7da4f940d70	803	1996	38	38	j
41f882d7-e5bd-46c4-af69-0651f5de00e9	803	1996	38	38	.
0e77c68c-a498-4b09-a425-f5a7eb94ed95	846	1996	142	38	without
36523237-3a72-4903-9816-596b4b1f1b57	993	1996	81	38	law
b2794333-9cd9-44c7-855f-67b792af1dc5	993	1996	81	38	,
ad4a2d62-a536-4fc8-a969-40a92581a6d0	1079	1996	75	38	454
d000c0cf-48ee-4b2c-b461-6bdb0ce2f52c	1079	1996	75	38	.
070580e1-05b1-4cb1-bd7f-321c3153e529	101	2031	82	47	Kib
5e437fce-7763-42a1-99e9-eb6e03234d13	101	2031	82	47	,
18e9c9df-a564-4681-92b6-91e3a419c2b9	189	2031	70	47	son
e2485f76-8408-4500-82f4-7cb90b920c7f	265	2031	53	47	of
9775e98b-624e-4e8e-83de-44c52f0844b6	324	2031	141	47	Orihah
b9f4b15c-ab66-4f64-b4a1-32f160f30133	324	2031	141	47	,
592149a1-4d34-4d12-9592-a9c030be2d95	471	2031	82	47	715
c5954f80-acea-44bc-a7b1-4d02da61f9cd	471	2031	82	47	,
416a7c6a-4a1d-401d-b75a-415c4ea2c0e8	559	2031	94	47	729
fe05ca21-87fb-435d-a0f0-1e31f030877a	559	2031	94	47	;
1b89efba-2d9d-4757-8a1f-a1bf9ead630f	659	2031	112	47	taken
abef1735-b0f4-4c8d-939c-2e3bf4b76ecb	776	2031	135	47	captive
7a035902-5d2f-4799-b089-7cd0b34d4159	917	2031	59	47	by
e8d4bf8c-e721-4f9c-9b66-e92b53579329	982	2031	153	47	Corihor
4925f0c3-f8ae-4c49-bfec-89f5bbe29d4a	982	2031	153	47	,
9236d581-23c9-4762-8e5b-14bf5298070e	1140	2031	88	47	729
a54dc68e-ae29-412b-92f4-09c9fe87ea84	1140	2031	88	47	;
c3c14fbf-71d2-4ed5-800c-300125ce519c	1234	2031	71	47	and
