ID	X	Y	Width	Height	Text
d54f775e-3401-4c77-be3f-54b5d805f215	154	85	66	31	800
babbbf71-a30c-431a-9f66-bd75918fda4a	522	72	153	44	BOOK
1254fec6-f70d-467f-8ec4-ad84f72cee53	681	72	82	44	OF
276f802c-d156-4d63-9a2f-dfd20df5a2cb	769	72	231	44	MORMON
88af9bfd-61a0-4277-9ca0-da2419764ee2	769	72	231	44	.
5945224c-e4e4-4a71-9112-04e68033d36f	192	148	108	41	people
72503069-e9ac-4a37-a4b8-048f8bb94454	305	148	102	41	dwell
1edf3bee-9c8c-4994-b657-942bc3aec2f1	412	148	46	41	in
6723c1e8-07fb-4a50-ba72-ab73c2a691b3	463	148	169	41	captivity
6d03e71c-0c66-482e-8c2c-6293c6c77806	463	148	169	41	,
9f25ab7d-66ab-4f75-94ad-6e399c6188cf	637	148	87	41	730
255de4d5-eb5f-4c49-a5d7-c70a8d2f6343	637	148	87	41	;
c4a39005-fa4f-4b34-9115-29d172a2b8c2	730	148	118	41	begets
c37830e8-ec07-4834-adeb-b6a69d0c4722	853	148	113	41	Shule
c2620611-cb26-480e-8956-fe2503099ffe	853	148	113	41	,
3e05a053-447c-4a78-946d-a5f5b44db65f	970	148	87	41	730
3724ec6b-d806-4208-9d82-ea9f8b252ef6	970	148	87	41	;
209bf05e-ae6e-47d4-b371-163c278a2679	1063	148	154	41	kingdom
4e74f60a-21d3-4440-8387-600b05ec422a	1221	148	141	41	restored
dd685ab4-7e59-490f-b8ec-f551a32fef5f	189	189	55	44	to
d18e5271-73c8-41a0-b172-03d21835a30a	189	189	55	44	,
f8ba6e45-c1c5-48e9-8421-7ed4d82213a1	249	189	88	44	730
ee9ee0fb-8337-44c6-a611-441448f3a9db	249	189	88	44	;
ec29c539-d18c-44e0-9d58-96b474051fb3	343	189	143	44	bestows
9b2b8fb6-7555-4d34-9753-ab2538e1a9d8	491	189	159	44	kingdom
4c0c80ed-965a-4d71-968a-daee421a7184	656	189	49	44	on
8ebbb9ad-8dda-4a6b-b9f0-68148cb9d434	711	189	115	44	Shule
64b62268-f81d-4fc8-99b7-3b13986c9eae	711	189	115	44	,
044df424-53ea-47e7-90e6-4c9db3eb2b63	832	189	80	44	730
31e97ad2-d21a-4793-af60-1fd2af07db08	832	189	80	44	.
7554021e-39d9-4597-9c8a-3865120300c8	154	236	146	43	Kimnor
951c4b03-4453-470a-996a-41ffa39a95e8	154	236	146	43	,
767d406f-1ca5-4930-bb85-d02b61575805	303	234	111	42	Akish
a101ef99-e0ea-4bb4-883a-468105839da2	418	233	71	41	son
c14b404b-641b-4351-a205-51258e99cbd3	493	231	61	41	of
a48f4cd6-24e4-45a9-a35c-d968295b84b1	493	231	61	41	,
0dcc6f80-b0b2-484f-85fa-02f30090a5d9	558	230	77	42	733
d62efca8-d256-412c-aa6e-c55b4857e1fc	558	230	77	42	.
d15f9571-b31c-4dac-bf52-5a2bf006448f	154	280	85	42	Kim
912f3be2-cf74-4dad-843f-9cfd0b3caeab	154	280	85	42	,
599fbab3-e1eb-49e6-98df-fd23bce69ab1	244	279	70	41	son
7b6a45d1-7c01-40ab-84e9-3b70d35a7df7	319	279	45	40	of
70a4886d-88fa-45a6-9fdd-ba7403dce126	369	277	195	42	Morianton
4a4ae246-08e6-47f3-977b-c783d664eaee	369	277	195	42	,
00fa1ee1-71a6-4474-9ef8-07cea50bc639	569	276	90	41	714
d12f9776-f5d2-4c7c-ace9-11c25b1a7c9f	569	276	90	41	;
b3a83721-4948-41f1-8133-8aad4cf030d1	664	276	100	41	made
12cfd638-1024-4aae-a176-8b7d51ac1a90	768	275	100	41	king
c74c942d-fb60-41e6-a14e-b71d6eed8f99	768	275	100	41	,
2c86da1c-9504-402f-a91b-6329862a7f69	873	274	90	41	741
e2634172-d2fe-482d-8e86-81aaf9a387b2	873	274	90	41	;
f687a09f-f925-4be8-871f-d81a3382f1f5	968	273	140	41	brought
be2373be-79e9-4450-a174-6e600112f96a	1113	272	80	41	into
bf330482-c30c-4477-8434-4532ebad4e69	1198	271	167	42	captivity
14cb918c-5fca-4bf9-98af-93a2d10960be	1198	271	167	41	,
af0114f6-c9ba-4540-bc61-c3066caa1efe	192	318	82	41	741
04e62c8e-04f4-49e4-8150-ae1057bbe4c3	192	318	82	41	;
2c79540d-71b8-41fd-ae3d-59e72b02e0cf	279	318	113	41	death
5756a2e0-c73c-43f2-8dfe-b85cec9d3732	397	318	56	41	of
62e08bab-d41e-4900-9549-f5d695ea1286	397	318	56	41	,
76fead70-bcbc-4220-b756-d3c462da06d5	458	318	80	41	741
4521be55-d356-4ad8-967e-2bc5028131d0	458	318	80	41	.
0a1e9e62-ac7e-4f34-8981-9618eeec7ebf	157	364	105	36	King
b1ab7781-c11f-4e72-a668-78a942f72143	157	364	105	36	,
fd12c06d-4cc0-42e3-91a0-9e3c341f26a5	266	363	118	36	Nephi
e5e6ee51-1c42-4769-aa23-cd6ef4a2b09a	389	363	136	36	reluses
92e06abc-5093-460b-97be-db00bb901250	529	362	53	35	to
71a8aaad-adc0-46ca-a9c0-c34c1cab484d	586	362	66	35	be
e8bdcf58-ad5e-4c70-9fda-371e01176914	586	362	66	35	,
7f8f4aab-e78a-41dc-9b0e-d2b76481364d	656	362	83	35	06
c52064aa-0743-453c-8557-c3403d7066de	656	362	83	35	;
ea1224d6-68eb-4cf6-a579-f8c9fc35e650	743	361	114	36	Nephi
5a76c0fc-6798-40c6-8b0e-ad54d1a477c0	861	360	144	36	anoints
0fea198b-6e12-42cb-b76e-5c61916976e1	1010	360	40	35	a
c357e183-c43d-458c-b493-9a8adda0364a	1053	360	92	35	man
c43bb9a7-4004-4f9e-b332-b78000ccc80b	1150	359	57	35	to
88c780b5-4459-4d57-89a6-8f35dfe42ac6	1211	359	66	35	be
6543c65e-bbd4-4e73-8f64-0d89a7ec3a26	1211	359	66	35	,
871cbd07-3873-41e6-93e5-64d611025fcd	1281	359	84	36	167
00926b6e-328b-44bd-ae9d-3982d8c367e3	1281	359	84	36	;
b003e2b0-41d8-4449-9c66-4702f2af6ec7	192	397	51	35	to
b32e5aae-51a9-45a7-8d46-264ac2f6568b	247	397	51	34	be
8c0039a4-a389-449f-afc2-4fd42449f933	302	397	127	34	known
7aab1a0e-3c3e-400e-8c86-31e48b0ad70f	434	397	59	34	by
51c14a71-7291-430a-bfb1-a5178b2af7ec	498	397	72	34	the
a80a731a-5929-4a52-9721-0dc83428d139	574	397	106	34	name
87d0e8b9-cddf-4886-b216-c995da9b77c6	685	397	55	34	of
1475e1dc-775c-40f8-81ee-9744287867c3	744	397	123	34	Nephi
33716a2f-3f1b-4e62-935c-91104c343c3f	744	397	123	34	,
0aee32d6-ca63-418f-b1f0-830e33f3ac42	871	397	98	34	168
837dfa46-696d-46b7-a5d2-ef131f09b281	871	397	98	34	;
c0bf3356-a067-409e-9773-95b65ac39b42	973	397	106	34	reign
51d849d3-5d68-44e8-a5cf-0a59084046d9	1084	397	51	34	of
5c4f8d7c-8134-4b1b-abb3-08671af98a19	1139	397	136	34	second
d5c4c308-0321-4a64-b2d3-8802edbf12ae	1139	397	136	34	,
36a6e81f-cce7-46e5-8bd7-e91ead49d753	1279	397	86	35	168
e219dfa9-ab19-422b-b57f-c2dc75eb9364	1279	397	86	35	;
f09d0638-ffc1-47e0-a5b5-9e749d8aab54	195	434	92	41	Alma
cf9ff177-e805-447a-94f2-bcb4290e5de0	292	434	133	41	refuses
9c875b4f-5225-48b2-b101-a19d9967cdb9	430	434	41	41	to
94a1b94c-ee57-47b1-970d-3d3095d5a243	477	434	61	41	be
8b348963-0ab7-49ea-bd8e-85617491ce1d	477	434	61	41	,
086aa73d-528a-4b1c-9bf3-4416d148016a	543	434	92	41	273
d5335ebc-971e-417a-aeb7-5dd295ed5849	543	434	92	41	;
126f07ef-f7d0-48e7-ac05-651e6e1f5b4e	640	434	118	41	people
1389dab9-487b-44f8-a6a5-c7f3707bb6fe	763	434	97	41	make
9002492f-7cb7-42f2-ba03-930741510149	866	434	118	41	choice
9e5ed3e1-0f69-430b-bbd9-153094e473db	989	434	56	41	of
14622a63-92a1-4c6c-8911-817268ac84c2	989	434	56	41	,
d2b1ad88-59a2-4d9c-a747-37836582d2c6	1050	434	92	41	292
3fbad509-bccc-4ec8-8e23-d0e305267234	1050	434	92	41	;
ec6e631a-2308-4623-bad7-f53bde054499	1147	434	133	41	Mosiah
a607897c-9f34-49ec-a3a3-6d26ae0e0670	1286	434	79	41	com
e035578a-42f1-4a64-aa41-e04f79b53730	1286	434	79	41	-
092a0dc2-824c-4007-b563-5342f03ae331	195	472	118	41	mands
56cf6689-7342-43ef-b2d0-071d2a3069c1	318	472	87	41	that
be598f7f-6a41-4149-aee7-10a72b49219b	410	472	102	41	there
804a4646-4020-4b32-a843-57c6c645f314	518	472	56	41	be
ff9ae9d9-3504-49f8-8f7a-404871e5c22e	579	472	56	41	no
1c4760c6-5869-4761-9cbb-04f040b7db42	640	472	56	41	k
91429413-e9a6-4873-ad4c-db418eeb06b8	640	472	56	41	.,
8637994e-d77a-4fb2-a685-834438c20b26	702	472	97	41	295
3b349baf-8a34-409a-bbfa-5b36180bac74	702	472	97	41	;
d00aac4c-500a-41be-b3e4-94e7b704c1b6	804	472	179	41	appointed
63afedcd-3ee5-4467-a9c3-ca99840b3fdd	989	472	56	41	in
c142dad0-8466-4c1a-a2a9-34444d5ebf54	1050	472	205	41	Zarahemla
42f77dab-b217-41f5-a9bf-fb6acd50d98e	1050	472	205	41	,
83737ffe-1284-4fbd-9c9a-dc4130ccf2b2	1260	472	105	41	makes
da4f51ee-9a71-4626-a3d3-c16b7591d389	192	513	142	38	alliance
5e304fbf-f2aa-48ab-9e4b-93d9e4d5722b	339	513	95	38	with
02bf88a6-2f2e-417a-ac52-199913a02c71	439	513	199	38	Lamanites
a7dfca3e-bda7-439b-9d0d-05c95408ec00	439	513	199	38	,
6a7010f6-4172-4da3-9ec0-8bc129ba85f7	643	513	100	38	532
a771b08a-7b20-463e-a581-f2edecf7bb5f	643	513	100	38	;
a439f86d-3be8-4da3-8a80-d6b4a5fd4420	747	513	142	38	Pachus
fe13b518-f5d2-4d32-84a0-5dda016e25df	747	513	142	38	,
bf01c8d3-cc2a-44a7-990b-ca48125bbf6f	894	513	52	38	k
4f6de136-c695-4bff-975b-09b3c8d9ffdf	894	513	52	38	.
be779f23-e649-45de-bf64-fdc6c69ffcc9	951	513	57	38	of
42fc56e0-80a8-4936-91b4-e926c2646990	1013	513	190	38	dissenters
47503fb3-47ae-4cc5-87e7-fba0ceeb3d8f	1013	513	190	38	,
78a49dd7-3d2c-41eb-9b7a-ec53d9c11c5c	1208	513	160	38	executed
1046dc4d-1f79-4001-8448-54ad38d731dd	1208	513	160	38	,
fdbda965-e606-4420-a0da-d2c657d3db1b	192	551	92	41	534
eb6083cc-b1e4-4dca-90cd-39f3632af5fc	192	551	92	41	;
91b5c15d-554a-4316-b222-db5c39f71609	289	551	123	41	judges
bad4a16e-b050-406f-abf9-42d5cd23313f	417	551	92	41	seek
60424723-0dc8-42c8-9cba-6a7f094d5ee8	515	551	51	41	to
85d3087b-258f-4f87-9137-d33767fb1189	571	551	169	41	establish
f3d4fe1e-d653-4d5a-8d9c-28e664b52ee5	571	551	169	41	,
9507f74a-7083-4303-aad5-2ef83f48d840	745	551	97	41	619
ed0c49b5-74dc-47c9-b406-b56e7c445745	745	551	97	41	;
ada68dec-a5c1-4aaf-9d2a-702af827e844	847	551	113	41	Jacob
15f56278-cf95-4985-b476-0d1459fa09a3	965	551	184	41	appointed
901d68e7-1891-4c56-a883-849972e5b80f	1155	551	46	41	k
201e59bb-2642-4cc4-9651-d9a48aab95fa	1155	551	46	41	.
588045a2-c7db-43f6-a622-187ffb45eeb3	1206	551	51	41	of
36ae394d-5028-462f-833a-8115adacad4c	1262	551	106	41	secret
a0a301ef-ce53-4b58-9f21-741137190c60	195	589	93	44	band
2a340b00-fe25-4266-8955-509de6587027	195	589	93	44	,
6c527dfe-311c-499b-a3ad-098ae0fc62f0	294	589	93	44	621
47b2e557-2738-41de-9add-cf74b26c0d13	294	589	93	44	;
6ad1943b-5a93-4389-8c77-9a4d779c0478	393	589	88	44	sons
e049eab0-0397-4dd3-850f-967305dbfca8	486	589	44	44	of
cfb942c5-8f17-4fa6-a2f0-2fa953a89f5a	536	589	104	44	Jared
e95f0911-570c-48b3-b168-fc7d759372ea	646	589	115	44	refuse
cba8bc6e-670d-440f-8443-2d8e23c718cf	766	589	44	44	to
04fb035a-19c0-4467-b1b4-9c0f60987150	816	589	60	44	be
f3e53de4-259f-436a-a3ca-58f6e7cec741	816	589	60	44	,
86e6bff6-5fc3-4e01-bea1-e1076f0c90de	882	589	93	44	729
690ba261-bcf0-4ace-8269-adb9290d7be5	882	589	93	44	;
50a9f9dd-823f-4754-b38e-aa15594381f2	981	589	132	44	Orihah
d8bb4d1b-d710-4508-ae3f-f429f5f48568	1118	589	132	44	chosen
5114bbab-a1ec-43d6-94ec-8ea5ed0fb526	1118	589	132	44	,
ad819804-1aba-4897-950c-42d4daaaf053	1256	589	78	44	729
7804727c-06b5-4d0c-9695-94da682c1c4a	1256	589	78	44	.
78ff7bb6-7a28-4c92-b5bc-326fe253020e	157	633	115	44	Kings
4d8d32ee-e854-431d-9b95-21dc43d3b30a	157	633	115	44	,
1ed09dcd-a5b1-4bab-b2ac-5c597c304d1d	278	633	115	44	reigns
bb740aef-8e2d-45ef-8212-2452d7f0a223	399	633	55	44	of
8af44b1b-7a13-4e2b-92cf-6171d842eb17	399	633	55	44	,
f2c0de45-28b7-4dc9-b664-a9d86a618ad8	459	633	88	44	274
54f9e004-87d6-499d-a7b8-f16eacaabd40	459	633	88	44	;
6f5b05b9-b519-4c0e-9fce-40a5cdc204b4	553	633	165	44	incidents
b78acfb8-0fc2-4580-8a30-93f95d98d7ec	723	633	44	44	of
c8dbf60c-804b-4deb-9d6f-2ec95cc03443	772	633	170	44	righteous
66640fdd-24c2-4682-97fa-29e7db1c4ed3	948	633	77	44	and
9fa7c6bb-6666-4631-945c-b55780f8e4b3	1031	633	220	44	unrighteous
b3ab7563-f0e2-4d40-b2cf-cd8543109f79	1031	633	220	44	,
4f047750-9d05-48b8-915d-17fa89737c45	1256	633	77	44	295
43833d8b-7fe3-4ffc-936a-890ce19c6976	1256	633	77	44	.
7b9ee9c1-f759-4838-9567-e7b6637f8ff1	157	680	200	43	Kishkumen
38b5dd6d-f5e8-4f40-bf57-60005ff37bf2	157	680	200	43	,
dbdd66f9-6006-4208-a6b8-d8806bd0cee8	362	679	75	41	city
92f65605-9942-44ea-a1b9-778c8488fb7d	442	679	50	41	of
3af2b571-f806-423e-ab7c-e7b15219b423	442	679	50	41	,
ccbd6283-369d-4497-94c9-d14c97edd6c7	497	677	135	41	burned
94d7edde-92df-4918-b959-0c1bbc5fca5a	497	677	135	41	,
90a9c83c-c69b-4492-82e9-078380184a0b	637	676	81	42	627
11bf11ec-68e2-4959-951a-06c27d20c28c	637	676	81	41	.
2d68f25d-3c11-48f6-881d-eaf7117d5da8	157	721	210	41	Kishkumen
735cc20f-077d-4c63-8236-42a2f89c0d09	157	721	210	41	,
fa5918ce-2f0b-4334-8efe-a820d33ddd10	372	721	159	41	murders
5c02fb06-eb92-428c-9edb-ddaec72ed5cb	536	721	169	41	Pahoran
96a18090-ce03-4192-8b69-d292eb78f23e	536	721	169	41	,
57fcfac6-8f51-4242-8787-0ac1d6bb5685	710	721	102	41	543
bd693363-ea86-4d6e-96bd-e37977280a55	710	721	102	41	;
c352f650-68a6-4840-8300-9e52c181bdb1	818	721	118	41	secret
f14f8eb8-b340-4482-a3ae-a0e10e71203d	940	721	174	41	covenant
4f419c12-e5e5-42f3-8776-0e968c897235	1120	721	56	41	of
a27ca612-8231-4e71-817f-26f36fe27721	1120	721	56	41	,
78dbfea9-3d51-4f39-90d7-250935f66653	1181	721	92	41	543
d893fee4-7db6-49af-8add-bed848f3d517	1181	721	92	41	,
5177b509-c7ea-42fe-bcf2-97f7cfcee114	1278	721	93	41	547
412f7249-bc36-41a4-b5d2-aa3c223b6ef5	1278	721	93	41	;
a64df2ae-d2dd-4e5c-adf5-cef64aebc3ae	195	764	95	39	seeks
3f02e60d-89fb-4b19-8cf1-3dad14e7e304	294	763	48	38	to
b9bebc60-7d2b-46ab-9ec1-e2c060d395b4	347	762	138	39	destroy
aeec859b-36d8-4d06-b6f1-bd59827bd478	489	761	166	39	Helaman
45a06abe-1b50-4424-a8f9-006534998f35	489	761	166	39	,
2a3e3a2b-84b8-4218-93fc-f80ea402e561	660	760	95	39	547
88b4c2de-3e3b-43d6-80cd-753cd2240a65	660	760	95	39	;
e510fcfe-6354-4f1a-b35c-d043dbaad701	760	759	190	39	Gadianton
eb8eef3f-e0e4-4a82-9b3b-63139263e3a9	954	758	114	39	leader
418987b3-240d-4125-b8ea-ff4a27d46a11	1073	757	48	38	of
c3de7dfc-879a-4e11-bbbe-6b45660c62c5	1125	757	95	39	band
ef36d13b-59a8-4c3e-8f3c-f58fc949c283	1225	756	53	38	of
0376eb62-5b9b-4f2c-9a3d-78429569f508	1225	756	53	38	,
a7f7b8ce-1bbc-4a71-9ba8-79f142dfa61d	1282	755	87	39	547
b35953af-bafb-464a-9304-81f352ccfb17	1282	755	87	39	;
8c51863f-3d58-4755-8401-d5b1f157f188	195	801	92	42	slain
ca6515ac-9266-4a86-9f9c-9a12e6cf03cf	292	800	57	41	by
64584147-0645-46cc-9723-a45cd6b3d14f	354	800	138	42	servant
b3c6efaf-a82f-4a95-8149-d34b551e070e	497	800	51	41	of
4959b8e6-9c83-4165-9e63-bac11b1c05b3	553	799	169	42	Helaman
d0365662-a25d-43b4-b40d-fdf1f07f385c	553	799	169	42	,
623b3686-c166-43ed-8865-fe8ca6585adf	727	798	98	41	547
4f3b6866-cdd5-4930-9fa6-4e49b6e3808c	727	798	98	41	;
b5804be0-0edc-4fdb-9240-1c2d2d8b0a60	830	798	98	41	band
51db9d5d-8a9f-454b-979c-c4e327347746	932	797	46	41	of
fc74d642-6d1c-411b-8a2c-4dd70e8b64d7	984	797	190	42	murderers
3024d0c6-c368-46a5-a1db-48cb06128f75	1178	796	133	42	formed
e9967c9f-2f46-4a48-8e14-ba40e57b1003	1316	796	55	42	by
e889b7aa-971d-476b-869e-1c8d38a46a36	1316	796	55	42	,
e1e5d6dc-198a-4a85-9247-75fdf43a5262	198	837	82	41	56
9b4d31f6-52e4-4817-8280-569b62d2204b	198	837	82	41	.;
6bbc09c6-ec5f-4e7c-920b-3ac7e7183f5f	285	837	102	41	signs
28bcc4c8-0ff4-49a5-a220-0327cbb4d713	392	837	72	41	and
e68820dc-fbca-432b-ab5f-f67cde56dcd6	469	837	108	41	secret
117b5c45-e73a-47cd-b3ab-30f813511fb1	582	837	118	41	words
d50d3dcf-4615-4c37-8417-efcae1b20fb9	705	837	41	41	of
d4c7e75c-d23d-4bd8-bc62-66b9608bbd45	751	837	92	41	band
30c091b9-cb51-4ef8-8eff-6aa84f0fedc1	848	837	61	41	of
7434f7cd-8583-486b-808f-10ddf1d13def	848	837	61	41	;
23e6b593-2d6f-4bbf-9f2a-153dad93e234	915	837	92	41	laws
fc2b73a1-7e9a-4e58-a560-7e2f1f928d23	1012	837	97	41	given
8959c01a-cd75-4b46-a0d7-604281e06ad0	1115	837	61	41	by
176cd332-817b-4594-af09-08b333822c67	1115	837	61	41	,
00365b5f-4b6c-4442-bd12-efcd96bdb9db	1181	837	80	41	564
26ee1b71-e747-4ea8-848d-97ffa1a8980e	1181	837	80	41	.
c942fdd4-46ee-451d-a42b-7faeccd21511	160	884	98	42	Kish
57cb1b7d-6801-43fe-bf8a-f6f53b1c7150	160	884	98	42	,
867e9074-56ac-4891-af0c-566b39107299	263	884	72	41	son
6d2e2cf7-b726-4ff5-a280-247649c3d1e7	339	883	46	41	of
bd5abdbb-96db-41ff-8df6-2edad5a0dda3	391	882	128	42	Corom
d777369a-d1d1-4dc2-b4b1-bc4c9e65e5de	391	882	128	42	,
13c49f55-b077-4e07-831d-15a3fc5fc7e4	524	882	87	42	714
fdf9e132-e7e6-4f51-9884-36778dee0733	524	882	87	42	;
0ee3d866-e5ff-414a-bb74-4a386eb072d1	616	881	46	41	is
f118e860-a63f-4ccd-8bef-2e2e6fbe8e72	667	881	98	42	made
ea194903-53f2-422c-bbee-dcc1eae054d5	770	880	98	42	king
ffda5b31-93e1-4121-b02a-740758bd3519	770	880	98	42	,
1c7527f7-fc86-4996-988e-0fad18666fd6	872	879	92	42	741
f08e0819-ed3c-463d-bb41-5078334bd167	872	879	92	42	;
c2029f07-a727-432d-b0ac-a545f6ff8fec	969	879	108	42	death
96eef3b1-36dc-4fe8-8315-1df7d8ccee86	1082	878	57	41	of
c42c6b7b-2d19-4cb9-897b-73d5e51320b7	1082	878	57	41	,
cbd17492-f40c-4608-b3ec-4933e5e45108	1144	878	77	42	741
faaaa3fc-1d1a-4dec-9a1c-88d3513dbcdd	1144	878	77	42	.
f0ce05cc-c346-4d4e-8741-5eaf1b8ff550	160	923	145	41	Korihor
15bc0d0d-536f-49ee-b676-b40ae75ab89c	160	923	145	41	,
4b016640-f967-4445-80e1-723880c8fcd2	310	922	155	41	preaches
5b0c7e14-cc20-4379-9183-98dad3c7e331	470	922	90	40	shall
f1f81f13-85d7-44c0-8797-c5969c127bd8	565	922	45	40	be
fe4804ec-f245-45a0-9beb-6440bfe28894	615	921	55	40	no
ca6980ca-d32d-4972-aa96-0dbf7e06c95b	675	921	125	40	Christ
e80e93d4-07ce-44cd-bc0d-4525e974f31c	675	921	125	40	,
b3ab8211-7e4b-45a4-a7c8-3d4d96f10a6b	805	921	90	40	410
c812ab0d-cdcb-43b9-8ceb-84589b43663c	805	921	90	40	;
934ac423-aac8-4162-b1d0-59cb33f44fac	900	920	155	41	preaches
a3457257-296b-407f-a891-d45080807d34	1060	919	135	41	against
f1796e15-b372-4154-9a08-e541e1eaeabc	1200	919	60	40	the
37c3358e-69ed-4899-9ec9-6655f69f2a24	1265	919	110	41	atone
76886a74-61eb-47c8-b285-25911e0faea1	1265	919	110	41	-
88456703-8797-47f8-9441-7cabb57a384e	198	963	105	39	ment
37c2d8fd-2bff-4d38-9f89-0014f5128f25	198	963	105	39	,
aeec7906-e668-4517-8eae-0f1afcb0c9a4	307	962	95	39	410
9945d4c5-f143-4ba5-bd53-06342fb21a34	307	962	95	39	;
56e05a4f-d60c-4a9a-b6cb-daf31c6790d6	407	961	91	39	goes
3b5ad8a0-2368-4669-8caf-ff87c756722a	502	960	53	38	to
cf517346-2097-464e-abef-784abfd6a51f	559	959	95	39	land
ec04cb4c-5d68-4906-9ead-e7a51f6a4f0b	658	959	48	38	of
f63ddb15-ff4e-4965-bc45-7c2b1e6a23ee	710	957	157	39	Jershon
5996d4de-0b65-4708-98e4-e86fdda109cd	710	957	157	39	,
f08c8221-db2a-4ec6-b761-1975069febaa	872	956	100	39	411
aa910cf2-b31b-4fbf-b968-a1195d99a501	872	956	100	39	;
e3eb287b-47a2-440f-9ba1-8436d91fb1d9	976	955	162	40	banished
3adde07a-28c4-4210-834b-e92d15478b64	1142	954	57	39	by
9641e833-0a50-42b4-93bf-c3624dfe9d8f	1204	953	124	39	people
1b587f4e-532b-4c12-81cb-60a52512a3e8	1332	953	39	39	of
79797f47-7081-4345-acfd-5d967a23f5ec	198	998	154	44	Jershon
425009e2-d9b2-41dd-be14-1a67c6c0ddd7	198	998	154	44	,
63190a9b-c73a-49cc-9952-fab34c30bcf7	357	998	104	44	411
0154bc72-d3b1-4697-b689-84ba858abf75	357	998	104	44	;
b3904e80-5281-41bd-9e67-03048930ab8e	467	998	99	44	goes
108f211d-8253-4160-9163-8e96950a5dfd	572	998	55	44	to
a1647b6e-f3f0-463c-9702-62390013cd06	632	998	148	44	Gideon
6585e0ca-c485-4b0f-8c38-c95a5c7b9996	632	998	148	44	,
a5bea429-b6e4-47d8-8190-534408e909cd	786	998	104	44	411
12248a09-3065-456d-8e02-1f5839d39b09	786	998	104	44	;
5305384d-4bb6-483b-8da4-2535a0144aa6	896	998	187	44	addresses
66c654c6-78e0-4a01-a1a2-d4ecf7ea8ae5	1088	998	192	44	Giddonal
8b2e6c3c-5d15-4397-8ce0-7f3f1b0633f2	1088	998	192	44	,
4016ee26-f754-4af5-a6ef-39a04ef55a2a	1286	998	85	44	411
7123b59f-8b8a-4a1c-9f0b-c8efa2e89b74	1286	998	85	44	;
ba11953b-30e1-4453-8e1c-1aa88a71bb78	198	1036	164	41	banished
7087cfba-61ef-4427-b364-7197fbe857f5	367	1036	61	41	by
4a95311d-5487-4d6c-b3e8-238c81bb47bb	433	1036	123	41	people
b3bcbc5d-1863-412b-80d3-c53768bde43f	561	1036	56	41	of
6d9281fa-604c-4ce3-a983-91524f6b42fe	623	1036	143	41	Gideon
1ede9536-cae5-43a6-8b3a-49c57f3474e7	623	1036	143	41	,
da243f99-1d03-428a-b5c5-ea1dabbccc99	771	1036	102	41	412
b69480d9-c1b1-4dc7-836f-f1885658e771	771	1036	102	41	;
c52975af-d5a2-4701-b528-7452da7a7f5b	879	1036	154	41	brought
48742a76-e227-4d33-b72e-85426727a9ac	1038	1036	123	41	before
883a1c67-6a00-4c7c-8cfd-97c246fc50d7	1166	1036	118	41	Alma
8846894e-17c5-4e4f-9b8a-6a085714ea5b	1166	1036	118	41	,
81426b96-23f1-44f4-b353-a56759bbd480	1289	1036	86	41	412
6dfaa92a-4fa6-4df8-ac95-1673212c944a	1289	1036	86	41	;
02b95f04-f3e8-4829-a71d-e6782bbafe0e	198	1074	90	41	asks
58aeac96-c09c-401a-8a3b-2ba2b6083a72	293	1074	100	40	Alma
7d74d87f-2994-4268-81fe-a6bac09f03ff	398	1074	65	40	for
374a5705-8cd8-40aa-9bb9-9f81a14915a4	468	1074	40	40	a
43a5a9cc-e46f-43d4-a35e-60327ea4e95c	513	1074	95	40	sign
b5b7ec1e-2032-4a10-9d40-2b0da720147f	513	1074	95	40	,
7650fac0-42cc-4dd1-9226-306fdabf9af5	613	1074	95	40	414
2bcaf5d3-7bc9-4286-b8a1-5686af2cf0ec	613	1074	95	40	;
32850bd4-94a7-452a-a0e5-8e144213b2cb	713	1074	125	40	struck
db82ed72-b44d-49cb-9462-d51600799f9a	842	1074	115	40	dumb
afc2347d-a6db-4042-b25a-f4473e606e57	842	1074	115	40	,
cadbc2e8-dfb0-42f0-aeb0-4f10182b270d	962	1074	95	40	414
6ffa15d7-db22-4476-9165-3663d28277ac	962	1074	95	40	;
13a8c910-5657-454a-8657-97a21128dd49	1062	1074	90	40	begs
45ba5859-d854-4472-bc8e-195ca3d56975	1157	1074	65	40	for
aaaf3d19-d8cf-429b-9121-7a63890efb3c	1227	1074	147	41	support
30dad981-0642-4e8f-a26c-d2c11a6724d5	1227	1074	147	41	,
32e30825-a1ec-407a-9530-3ca37f0ea160	198	1118	88	38	416
0161967e-30ae-40b9-88c3-3445125186e4	198	1118	88	38	;
08f54a75-3712-41f9-9172-d7e003c02e53	290	1118	88	37	dies
db5dfa5f-ea1b-4ee1-8a74-ae6d4500f574	290	1118	88	37	,
b265b1ac-6f02-4352-94cf-b6087666c9cf	383	1118	76	38	416
006bf3f3-d000-49f5-b623-6418e507e49d	383	1118	76	38	.
c3260026-4d84-4fd2-812c-0e1a81ffc421	160	1155	139	41	Kumen
1d2e4365-8ace-4f57-b3c3-e4ddadaf60e0	160	1155	139	41	,
9eb1f19a-601b-47f1-b7d7-610c39045340	304	1155	72	41	one
ef859105-b789-4112-ad90-8ecb5a450f53	381	1155	46	41	of
218f822e-ddfb-475d-b781-b73a6fd26086	432	1155	67	41	the
b788b99a-b664-4256-8029-77b88b975eeb	504	1155	133	41	twelve
761f8236-77ac-4353-91a4-69db98e5b542	504	1155	133	41	,
335f2a2d-cf41-46cf-b0ea-99789a9740de	642	1155	78	41	654
978bdbd7-f3a6-49a8-988e-694f8b27bc69	642	1155	78	41	.
e31eeb77-20f9-4a30-a9c5-5aff0991f75c	160	1193	210	41	Kumenonhi
349dc673-8a25-422d-a701-32cf34535750	160	1193	210	41	,
905929d9-3738-4f11-bf6d-70361014f69e	376	1193	72	41	one
a58de9a7-310b-4fd3-89dd-d63af7254ba3	453	1193	46	41	of
84d8ae25-63ad-44a1-a4e2-0dfa54a12f5d	504	1193	67	41	the
07ebd85d-f7d7-41a9-b69b-86b1b3e01c19	576	1193	128	41	twelve
50ad7313-124d-45da-9f66-75de1d1e9c98	576	1193	128	41	,
b1373936-61c4-4696-b30b-ba9165bbd94e	709	1193	77	41	654
70e5d8d2-106e-44b7-ae51-7bc14af8525d	709	1193	77	41	.
b88c71f7-23a5-406c-ac9b-cef34991dfff	160	1231	129	41	Laban
012ece8a-0ecb-4d45-bf38-ccd58d80cdb8	160	1231	129	41	,
53f2430d-00c8-486c-8f73-516cb2333f5a	294	1231	77	41	has
d576d523-9c41-473b-8128-888d15cc6750	376	1231	123	41	record
70b0d338-21c6-441a-a9b3-1886fa7fe561	504	1231	51	41	of
5ae5867d-bb21-488f-bffc-62b8f0c3cb26	560	1231	108	41	Jews
59c4b58d-626c-4a61-aa00-09c867bbbb33	560	1231	108	41	,
61fcf3ed-d963-4f5f-8f34-120ed7d6ac34	673	1231	61	41	7
2c929de3-5f90-4024-8004-9e9afee206ff	673	1231	61	41	;
97b5cefb-0ba7-4870-b4c1-fe1c4a000e7e	740	1231	133	41	Laman
c42f54b9-4f99-4e45-afa9-d07c2b9381b1	878	1231	92	41	asks
a3bd44ab-cd1e-43a2-926c-c493146a6cab	975	1231	138	41	records
e8b07950-a335-4b4b-b05b-efb38dfed123	1119	1231	67	41	of
823a3648-1d21-487e-94e7-853435bb4c83	1119	1231	67	41	,
bfcf3cdd-34fa-46a4-834e-762e9bdf137b	1190	1231	56	41	7
7981561c-5a26-44e9-acb9-e147f2f91f03	1190	1231	56	41	;
d0d48022-09b5-4c3b-8989-d16f23e9c175	1252	1231	123	41	refuses
f03cbc43-3a5c-40bd-bb63-fb42ee634baf	198	1269	143	41	records
7d3481e5-d2b7-43a5-9734-cc9cbe4fba0e	198	1269	143	41	,
335ada35-be7f-4c3d-8a02-a97e32f328a3	346	1269	46	41	S
c1113dcd-1dbe-4c6f-93cd-90efec06fad9	346	1269	46	41	;
d97c1679-b93f-4a23-b92b-9365cf6896ba	398	1269	133	41	records
1a570d61-65b9-453a-a965-2f846b32974f	536	1269	179	41	demanded
3dd7f1fd-43e8-432d-ac31-5deda7c66fef	720	1269	51	41	of
2e6a20cb-2233-4d5d-9a0f-518cc94af0fd	720	1269	51	41	,
f5bba7b4-d0d4-4cdc-9502-a946deaddc12	777	1269	51	41	9
ea7468fb-8637-404b-92ed-375d0f7e274b	777	1269	51	41	;
4a91c102-29a7-4111-9735-0a289e3e405a	833	1269	118	41	Lehi's
24beb4b0-2df3-4137-b92a-827ddf70b0fe	956	1269	82	41	sons
f4b1f83a-d17f-497c-8139-6dbed0d84f46	1043	1269	67	41	flee
12df9c86-e473-4a81-bce0-84b1b7d2d0d6	1115	1269	102	41	from
278aff80-e379-48dc-a4ed-cb5ccec487e6	1115	1269	102	41	,
f5744802-18f3-479f-8be1-c0b3f8a87621	1222	1269	51	41	9
b5e14eda-509e-4363-b619-52d90d723b38	1222	1269	51	41	;
8ecbca67-097d-4e58-9a9b-39d4f56edd9e	1278	1269	96	41	angel
c6dc22a1-3f64-44cb-b6be-a13412cf15aa	198	1303	115	44	speaks
2675362c-674f-4cd0-8a79-997823aaab81	319	1303	55	44	to
498058f9-e875-4fe6-b445-6ec5b36b5f37	319	1303	55	44	,
6906a1c4-1501-4dc4-ac72-575f439c00ad	379	1303	49	44	9
dc25a617-5ffc-4572-b1c5-469cd768adf2	379	1303	49	44	;
1a9cdb93-2864-4852-a928-34031cec0993	434	1303	93	44	slain
6ee083e9-a3b6-4bc5-a134-ea5b12f0493e	533	1303	49	44	by
802cc62a-5fe3-4152-929d-34173ccdd9fc	588	1303	121	44	Nephi
12c14db1-24d3-4b02-999f-fb3caab13e88	588	1303	121	44	,
10ca66a9-238c-4659-a697-cf698285b09e	715	1303	66	44	11
9f5f4c2a-d4ae-45e7-b2aa-9af31d9954b9	715	1303	66	44	;
8fdc6383-ac8a-4fc1-8a4c-8494f8d2fad5	786	1303	198	44	descendant
5aa0eb2e-a20b-4e15-97ad-8f93625fe7ee	989	1303	44	44	of
a1abb769-3155-4b88-84c8-c32814127d25	1039	1303	132	44	Joseph
71f5243c-3913-4bf5-84fb-a7fed2672273	1039	1303	132	44	,
42323a52-4490-497b-8bcb-53ad594651fc	1176	1303	71	44	15
b73884f5-9430-4d02-817e-8a65b606c1fb	1176	1303	71	44	;
7b8c9705-35dd-49b3-bed1-4c474e0c40fc	1253	1303	44	44	he
de7cb621-97e0-4883-8d60-58ddc51b4f39	1303	1303	72	44	and
77903173-ae18-467e-a917-839322cb5d5b	198	1351	131	35	fathers
9251ac4f-9373-4587-a771-3e4904c3ab4e	334	1351	85	34	kept
8ee93642-688c-40e1-bab5-03092eb1000a	423	1351	140	34	records
73a4bb8e-710c-4f7e-a68b-4686800bf463	423	1351	140	34	,
57a577fa-10de-457a-a8c7-ff74ee38d590	567	1351	58	35	15
13da2b38-4fd5-4243-8973-d059b8f18991	567	1351	58	35	.
532bbaff-510e-4c2d-be63-8edcddcff8e1	160	1390	117	40	Labor
3d48b894-b2a2-4a67-ab23-76059faabac1	160	1390	117	40	,
e70e8fc9-814c-4710-a1db-12525e9ccb70	282	1389	59	39	all
85f81553-bc79-44ff-951b-6f856301103a	345	1388	205	41	commanded
b4efc61d-7e10-458e-a248-995c71c8eb6e	555	1387	54	39	to
5d46b6c2-41a4-4664-952e-37fd90742508	555	1387	54	39	,
6383f2bc-b7a1-4ae5-96b9-0c0f853b3987	613	1387	93	40	285
cf3ea8ef-a81e-46fa-bbc8-44ee98a47723	613	1387	93	40	;
d4f70d9a-f66b-48ea-9e03-ec426bf25562	711	1386	112	40	priest
78dfb855-3641-4836-a31a-884ea7bd1c19	828	1385	78	40	and
f2d0b7f0-5816-4d0e-9d85-e37cb8ca678c	910	1384	117	40	others
2b93e9cf-6917-4e7f-82f7-c9ace4945b09	1032	1384	64	39	do
66c078ba-8c80-41e7-a8dc-0bda9581836a	1032	1384	64	39	,
bb2409c8-96ab-4f6e-a8ea-65de50ee4adc	1100	1383	79	40	301
aaed247c-ebc5-4e69-aa5a-5bf7a6b235a3	1100	1383	79	40	.
43f0011c-f46c-48c6-b733-b3beb739e885	164	1426	154	44	Laborer
f21e8876-1c13-4572-b04a-12d474a28b87	164	1426	154	44	,
75aabbce-0ad5-4919-9bd8-f308f02c7adf	323	1426	55	44	in
a8cfd356-c269-413e-8d64-ab74cd10c5b6	384	1426	104	44	Zion
00c3f5e9-c522-45a8-91f0-44d7c0eca7f0	384	1426	104	44	,
f1eb14d3-5f0e-4acf-82bd-16219df7b1af	494	1426	55	44	to
09c78809-6825-4a99-9a29-5db2138c894a	554	1426	104	44	labor
0cc1289a-ad09-403d-9f45-cd2df834d78f	664	1426	71	44	for
52abb0c8-07f5-401c-b1d0-e7fe730b82e6	741	1426	104	44	Zion
db25a119-8fda-4fb5-915f-58038241630c	741	1426	104	44	,
fa758c90-c70b-4ac6-a27e-b145dea82d81	851	1426	104	44	148
cf29f90d-2aa8-42a9-8e6c-6f73f2507610	851	1426	104	44	;
c42aa9ef-9d8a-4fcd-9f7d-d6c1aabe9b93	961	1426	55	44	to
4097c074-8c16-4368-8df7-a39602d2c874	1021	1426	126	44	perish
d53ad508-a434-4d78-bfa6-74172b44eb92	1153	1426	44	44	if
7f4e1fe3-50d5-4385-ba75-dc25310a4c3e	1203	1426	110	44	labor
a48ee0f8-f798-49f6-9025-2268347920fe	1318	1426	56	44	for
0cc2ffe2-a345-4692-8dfc-58e9fe4bb1e1	201	1468	126	37	money
57bbe2e3-9b2c-4ae0-b1c5-1af709e893fe	201	1468	126	37	,
d46da1fb-830a-4751-beeb-0a6e7c36ed12	331	1469	81	37	148
2eb7c149-e58b-4e36-89a9-304ccc23c0e2	331	1469	81	37	.
b6393a07-ba99-454c-b66c-cfcfbe4b5c44	164	1502	200	41	Lachoneus
48841dbd-9b1b-432e-8f70-613380ba3c4f	164	1502	200	41	,
a4f72c01-ff41-472b-a0e7-75dd0114d813	369	1502	108	41	chief
6d3e805b-6b57-4984-a03d-fbff11e1a92e	481	1502	118	41	judge
0bb7403d-a0a9-427c-b8cd-e66bcf1c7b86	604	1502	82	41	and
7734db62-4903-4dd6-a02d-841073c7e49c	691	1502	179	41	governor
d014ef38-a320-46f6-acc7-13d5fb13a61b	691	1502	179	41	,
da73bebc-84d1-44ae-a61b-2d8c2a420e2e	876	1502	108	41	600
3790c7ec-4cc4-40b0-b415-da6119d06853	876	1502	108	41	;
49314182-4180-478d-b33f-1be6fe86c61b	988	1502	159	41	receives
00e5be4a-c41a-49e8-8d93-8b0876599a4e	1152	1502	133	41	epistle
a013797a-899d-47f7-b7c2-bfd71bf78034	1291	1502	84	41	from
08038476-f4ee-4f99-979f-3ab81f3648e8	198	1545	109	39	leader
b21edfbf-34d3-4a76-aedc-cd131d1bcdb4	312	1545	48	38	of
81cfee48-b4c9-4572-9ae4-e30c62acf6e3	364	1544	138	39	robbers
c82c0908-59d3-4209-8a93-11780c3b6eff	364	1544	138	39	,
deb0b56e-f735-4923-8b76-ddccf6c04b2e	507	1543	86	39	606
d4dd5dd7-75d4-4b62-b06a-7725cba0bd3c	507	1543	86	39	;
3fad4bbc-68f3-44cb-b196-b9f508e09dfa	597	1543	105	39	sends
6640e2ac-da96-4310-805b-3f752d3737fc	706	1541	228	39	proclamation
51fbe717-b3e8-4f79-b53d-78442ccd94d9	938	1541	48	38	to
163fdc04-9f3f-48e5-a66c-dac88c9ae7c1	991	1540	114	39	people
c732f180-03b2-4325-a801-c85a19e3c019	1109	1540	43	38	to
d0d0571d-88d2-4202-a89a-da9b79e91e5d	1157	1539	128	39	gather
d3c9ad19-1e68-438e-a705-cdae3e9c6352	1157	1539	128	39	,
28d43416-e375-41d3-88a0-fc3003dabde8	1290	1539	85	39	608
be81b6ce-96db-46b6-9b13-b361155fd0f0	1290	1539	85	39	;
915723de-eee4-4c46-904f-8e59de176aa7	201	1577	128	41	guards
dc0af2b2-edc7-4bee-83a7-713384aadcca	334	1577	92	41	from
898e126d-5e90-4fc8-887a-661bb8e88c7d	431	1577	149	41	robbers
3ec53146-bb4e-4871-a312-2b5a2daaa225	431	1577	149	41	,
c45e5ff3-012c-4b65-bb23-677b543bd314	585	1577	97	41	608
e4a255db-4c1c-47b7-803d-6ec5cc97482f	585	1577	97	41	;
ca030f15-e8b5-42c2-9fc6-493ab2c5ee23	687	1577	113	41	words
03926fdc-e51c-489f-9118-9e92b23d14b8	805	1577	82	41	and
d262335d-7878-4b40-b73c-f611ba3f6b9d	892	1577	164	41	prophecy
67241947-b29a-4d50-9fba-dc65dc73a88c	1061	1577	61	41	of
8b673f7d-81e7-4a59-ba54-56c6974ed891	1061	1577	61	41	,
f15eb7a2-ce4b-49c7-a063-94878b045f92	1128	1577	92	41	608
52d5560f-2700-4dcb-aecc-9088984d838b	1128	1577	92	41	;
520f4b22-d8e2-421c-8fe3-60c02350e2b5	1225	1577	149	41	appoints
0a52b382-25e9-4c32-adbf-78d44b02ede3	201	1622	90	41	chief
e2ff3a86-704b-44bc-b7c1-4c9eefec6b93	296	1621	165	41	captains
770651ca-f0d5-461d-9997-2cfcac8d73bf	296	1621	165	41	,
a5f3d79f-0ba1-4d53-ba6e-9dd1e75772a1	466	1621	90	40	608
9ffb0dc3-82e0-4ed6-8617-d4d0efdecd5a	466	1621	90	40	;
7bf97b47-9b72-4078-8146-b08f56b344d5	561	1620	105	41	helps
81a26654-061e-472f-8c7b-12dd1685c4da	671	1620	45	40	to
2d33139c-2615-4c76-9a18-cc7df1dafe31	721	1619	105	41	bring
cee62e5b-11e3-4535-88f0-419dfc1c51fc	831	1619	105	41	peace
f4931666-8afa-4c4c-8481-b3e31e1a9feb	941	1619	50	40	in
035261ee-c6dd-47fb-9158-8b451163de26	996	1618	95	41	land
bd01b229-d990-4efc-8ba5-8e042e60c51e	996	1618	95	41	,
c629ed87-a403-4539-86dd-df8420db1730	1096	1618	81	41	617
dbd926c8-aa60-46ca-891c-f7082e2bd67b	1096	1618	81	41	.
d87f9dcf-7c53-4d7b-a51e-f20e2ad83b6c	164	1656	187	44	Lachoneus
46a5ed0b-066f-46d8-9ffd-cb9fafd725ea	164	1656	187	44	,
f68aa762-87b4-470c-aaca-9fa8baa1d01c	356	1656	71	44	son
12c95614-197e-48d2-9617-0ec5f2ccb2e5	433	1656	44	44	of
1a943f56-8e42-459b-8aea-5a5d52c14f73	483	1656	192	44	Lachoneus
b13d60e0-ff4a-42b7-a330-f6f822754c4a	483	1656	192	44	,
f893179b-04c3-4c18-93a8-b549049ce873	681	1656	71	44	fills
fde035e2-c500-4b0b-a87c-5a423f3fb9b7	757	1656	82	44	seat
628d3808-1d8f-4986-9b97-171528479cf8	845	1656	38	44	of
ac5a5f13-fc0b-4506-b955-ced94c963cf6	889	1656	126	44	father
f78342a1-bd1c-4fd2-bec6-8ef3ec96e02f	889	1656	126	44	,
dd4c6f00-15a2-4f27-ac28-31b84eef3c79	1021	1656	88	44	619
8a44e4a4-eba3-4c8f-9bdf-cedace5bae21	1021	1656	88	44	;
7b8b9ed4-94ba-4bc3-afc4-48674cc420ce	1115	1656	181	44	murdered
ddd5f92f-0c38-48e4-8c70-62cefd27e3dd	1115	1656	181	44	,
28f34381-edfc-49c3-842a-dc33651ab89a	1302	1656	76	44	620
64ce7c01-9c46-4df0-a20c-11928c72f03f	1302	1656	76	44	.
58b69d21-6423-44d0-998f-c131ecd95d79	167	1700	109	39	Lama
36bec710-a8b9-45ca-95a0-5d73d748f0e7	167	1700	109	39	,
d11273e2-1e62-4a2d-8b5a-be7df9227f07	280	1699	119	39	leader
b9db38b3-3d68-4d35-8c3b-ea70826c5059	404	1699	48	38	of
f6f92455-7cdb-42ea-810f-1011579089a7	456	1698	67	38	ten
9e58c827-6f04-42ce-a339-0f22eb5d6219	527	1698	166	39	thousand
5fb8a416-ed20-48f6-bb9f-4de33d56a8fa	698	1697	166	39	Nephites
b63b0e93-7bf0-4fd2-a388-30f308adbb7a	698	1697	166	39	,
ff7477d3-4076-4074-8b17-a4fedd7c6532	869	1697	78	39	702
2d7bb3b1-f045-4c1b-ab43-15de39521f98	869	1697	78	38	.
fb8ddf2f-3572-4c51-ac77-6616494e962c	164	1735	134	41	Laman
9639689a-137e-429e-a879-8dbffc3eee0a	164	1735	134	41	,
f0472ea9-c05e-4dbf-aac2-59496e91311e	302	1735	82	41	king
f5f78764-538b-4514-b348-476ca1ea779a	389	1735	113	41	enters
c30b4dbb-e3dd-4bf7-9a79-c58e42cb13a7	507	1735	82	41	into
39bfa9f7-28d3-442e-8633-d02907c37f41	594	1735	113	41	treaty
e7beaf26-f67f-4ced-a629-a1e5e495d537	712	1735	87	41	with
f788c976-7453-4cb5-8972-52e61a703405	804	1735	118	41	Zeniff
5498861f-67fc-432a-98a8-a6a8f9bc8432	804	1735	118	41	,
338baef5-b643-463e-b6e7-2b439dc47c69	927	1735	92	41	220
9bab78f8-de2e-4939-b24e-500456b11f34	927	1735	92	41	;
e7b448bd-7b08-4ffa-bba3-3787c4c35a6a	1024	1735	179	41	craftiness
5376c4d0-e6ae-466b-af77-599278a312c1	1209	1735	51	41	of
7201033a-743b-4568-8253-f389d3e1c0f4	1209	1735	51	41	,
6fa43b9f-d235-41f3-b904-0915a9d44f59	1265	1735	109	41	brings
fb0bb221-6308-4459-97e4-4f2df811b822	201	1776	116	43	people
f6e944ed-f3a2-4776-b67a-83962c4d50b0	322	1776	47	42	of
e6bcc8fa-bb87-4ae0-958c-197d0ecb3994	374	1775	110	42	Zeniff
50ea773a-baf7-44e9-9a91-574489c9c5e1	490	1775	84	42	into
2d768c2d-dbfa-4d83-84ba-43cfe4ab40a0	579	1774	158	43	bondage
1a24a94d-55bc-471a-a5ab-0d965dd101cd	579	1774	158	43	,
43779236-3412-4b78-9872-2fb173673d62	742	1774	95	42	235
35c17d79-d4c2-4a57-bb4c-3688b03975e5	742	1774	95	42	;
4f153aef-c61f-4ee2-b291-995a800b67d3	841	1774	95	42	stirs
ec802aae-4212-4683-817d-5a66b3ee81dd	941	1773	116	42	people
806bcbbc-3291-48c8-b92a-28f008203c88	1062	1773	53	42	to
800a5ad9-5c7e-44ad-a562-edad9f0d6918	1119	1773	84	42	war
9f115b03-575a-4fb7-a3c1-d57cf4ae9018	1208	1772	89	42	with
f29bab20-ca28-4214-9f7d-a52618ba25b9	1303	1772	78	43	peo
7b955bb5-6876-44ec-9ac6-5a78c70971e4	1303	1772	78	42	-
c33de1d9-c2fd-4ee4-b295-dfaecb674a6f	201	1816	60	41	ple
f6775aa3-1ae5-49dd-a802-07e79c54fcd5	266	1816	45	40	of
8250cb8e-cba6-49a6-a4ac-1367bc638181	316	1815	120	41	Zeniff
f897d97d-ba83-49bb-b1ac-92f1fad1fce9	316	1815	120	41	,
57ce6a4a-052d-422c-9694-731c07973e57	441	1814	90	41	235
03cd4760-243f-42a3-aa3e-22083b8d49d0	441	1814	90	41	;
2374f8ad-88ca-4eb0-86a9-eb8db8ddadeb	536	1813	110	41	death
9e68f749-502d-4b8f-a173-c368ff768268	651	1813	50	40	of
9bad578d-c790-4028-b6d1-22b2bfe86fed	651	1813	50	40	.
ef68fd4b-8f6a-44bb-bc40-af37771cc4b0	706	1812	95	41	237
e356ee45-5e8f-4caf-a836-66fcf96a2fae	706	1812	95	41	;
714605d4-6ebd-4394-b2ad-54c755370c16	806	1812	70	40	son
e9bf5683-8b7b-4b4a-a0de-a20e4be4e04b	881	1811	125	41	reigns
d1cc861e-471e-470a-9350-24098efcfb91	881	1811	125	41	,
86a3902a-a22a-4267-8a8e-ae9586764d7c	1010	1810	78	41	237
356ac1ed-0951-4d4f-9c45-99be54643712	1010	1810	78	41	.
9c1daa59-eccb-45c8-994b-8f0d42ba2019	164	1851	139	41	Laman
34302854-17a6-41c2-8281-2592d6e11c3d	164	1851	139	41	,
26337111-6180-4282-bc1d-2871721f1e93	307	1851	205	41	murmuring
b498eb74-cb96-44df-972f-00eb15c94b50	517	1851	56	41	of
6629efff-b976-4346-8357-6a82e662a4dc	517	1851	56	41	,
539a8771-2954-421f-a7a9-31c2a0a49b60	579	1851	46	41	5
d8a2d4c1-0209-4d05-8940-808ec0728473	579	1851	46	41	,
f79ce798-19bb-46f1-9c12-acf57a4b6cd8	630	1851	72	41	49
6e9b223c-bd70-4bcd-a65e-9e25c83dd3b5	630	1851	72	41	,
4804f100-431e-4069-9c2a-8fd6f32e605a	707	1851	77	41	54
88b79228-4e1d-4701-b107-2e85efecba02	707	1851	77	41	;
9571ab74-2560-4822-ac6a-04a6e7d398bc	789	1851	169	41	hardness
19258d4a-c84b-43e4-acdb-5e91147ccf8c	963	1851	77	41	and
7d72e1c9-4a6f-4478-8a04-fec801c64f6c	1045	1851	143	41	cursing
d43f6bb4-2236-43bd-8c74-08eb6304c5cf	1193	1851	61	41	of
9ac0463c-8332-42bb-bfed-61b9a41cdac0	1193	1851	61	41	,
1f8adb9c-76e5-4059-ba7c-1d2739c7bb64	1260	1851	56	41	6
be599b37-4e89-47fe-8f88-d8d9d1858cf5	1260	1851	56	41	;
bba4c4c5-bf06-4225-81c4-8b209c3eaac6	1321	1851	56	41	lot
9bffbad9-ef30-45c8-a72f-38e7c4b6c5c1	204	1892	82	42	falls
40983aa8-3307-465a-a755-5019116c982e	291	1892	62	41	to
fbc596e8-cdd6-4a2a-a6fd-dfa7ba87043a	291	1892	62	41	,
eb61de8b-64e6-46b5-8d4b-83f99f4efbae	358	1891	51	41	7
d31a2357-9f11-4501-a386-b07b33ea697c	358	1891	51	41	;
4da62f16-4627-4bf3-9fe9-df8fc91d5577	414	1891	108	41	angel
5f7d2a46-dc45-4f85-8a15-9207a40d0115	527	1891	123	41	speaks
62333e64-bcc4-4073-a22f-560fa998f012	655	1890	56	41	to
02cb0296-8418-4963-8b5c-e28bed586073	655	1890	56	41	,
a8afc0f6-fbb3-49fd-b81f-1e2d0191248c	716	1890	56	41	9
3d77e0c9-4e2d-4a5c-96f7-54e111f81929	716	1890	56	41	;
1d39a556-14aa-40a0-a7b5-fd4d342a0ae6	778	1890	77	41	and
4233446b-d872-4a44-8ad6-0d17dec9c6af	860	1890	138	41	Lemuel
4f20585f-7885-418d-b768-b2fbcf7c21d1	1003	1889	113	41	angry
4b886056-6f5e-4889-a65a-a6b3505a02ee	1121	1889	92	41	with
b90f425e-3a27-4a2e-9d4d-d8ba09fe9ad5	1218	1889	87	41	Sam
00e5ae59-b321-41df-a2ae-7d26763229d7	1311	1888	67	42	and
817b74c0-a9ee-43a5-9767-19e868259be6	204	1927	121	44	Nephi
24fd867e-ab10-464d-8e0a-620a5dc09eac	204	1927	121	44	,
ff6c6ffa-1bba-4a03-bcaa-59d75f218285	331	1927	55	44	9
89dfb88a-db0c-4969-8df8-1cd55bc97632	331	1927	55	44	;
4da11e21-e5c8-43a5-81c7-40000e13d507	392	1927	137	44	returns
4a2af0d7-078c-4dac-8928-59e3d4c8b9ad	535	1927	55	44	to
c49a74f5-8fb9-4823-9d6f-7712275c7216	595	1927	192	44	Jerusalem
730dfca9-ba0c-4a4e-9f34-19f4912c6053	595	1927	192	44	,
3ff444e6-c786-4a9d-bdf9-f7b29b4dee80	793	1927	49	44	9
f5e8b853-16f0-40e3-9e8d-04e69de2be4c	793	1927	49	44	,
73c72a0f-591b-4e87-a4e9-3303efe9f294	848	1927	77	44	17
d08bf693-c63a-4998-9280-b7256e86edd8	848	1927	77	44	;
23f78589-5ce4-4cee-b3dc-e52045d2f733	930	1927	165	44	rebellion
6b0cfb12-56df-4b98-a3c5-5e9b0bf04d92	1101	1927	60	44	of
188766aa-05e8-4f42-978b-0e837254b1b5	1101	1927	60	44	,
330ec356-4f59-4c5f-a4dc-64fa5815b336	1167	1927	66	44	17
d8235d5b-4883-445f-9027-4179101fd8d1	1167	1927	66	44	,
d22383f2-9965-4a91-ab7a-16522f390610	1238	1927	66	44	58
d3e8d9bf-a967-4805-81af-47816d0b4ffb	1238	1927	66	44	,
32c0c13c-576a-44d4-aa47-7cf8b1baf7c6	1310	1927	68	44	61
daa3548f-5e3d-4401-b832-3b6d3a97f589	1310	1927	68	44	;
47e89981-143b-40f0-a625-af20be5489ee	204	1968	185	38	repentance
1bc7a9a4-048e-4080-8f43-69636196a7d6	394	1968	51	37	of
b209e67c-75ce-43c3-8c5c-6df6f0f01821	394	1968	51	37	,
d1dc1030-1176-41a9-9164-2d5f55ffa171	450	1968	69	37	19
bb73c6d2-bb22-44fa-9d09-3e818df695ca	450	1968	69	37	;
64a33361-36ea-4b98-81a6-930eb5d16ad9	524	1968	83	37	seed
48947ab6-f411-46ce-9dbc-cb4f0fee98d6	612	1968	129	37	become
957578a0-8098-470d-9a6e-27b2baf25ea8	746	1968	88	37	dark
04773195-76e6-450f-b471-fb60eaf2571b	838	1968	69	37	and
4181b8d7-9017-4bad-a0dd-39794153ee10	912	1968	189	37	loathsome
f54f21da-17fa-4106-949c-bd397753d5dc	912	1968	189	37	,
d9d339f5-4a1f-41ea-a521-b83f0bcd8f11	1106	1968	69	37	33
3bd9b060-24dc-4548-b60f-f6bc0ed2ff96	1106	1968	69	37	;
84c1876f-d080-4b88-a1c4-a7f227605efb	1180	1968	153	37	proposes
93fb3eb1-f511-48fc-b054-a9c63f7412c2	1337	1968	40	38	to
5b5d301c-fc5f-449d-8a98-d412f3e082c7	204	2006	82	41	slay
f9ec45da-8960-48c3-a0a0-751e4c54d31b	291	2006	82	41	Lehi
e7f5e50e-8a6c-4436-8dba-22e7b4d8e5d8	378	2006	77	41	and
1e439a3d-d7e4-4408-b715-1d8c05998f5c	460	2005	123	41	Nephi
232e3c2c-9def-436c-b234-473153df3f7d	460	2005	123	41	,
e18ab9f9-7528-4133-9073-154745dc1611	588	2005	72	41	51
ea1c60c0-f902-4ec9-a982-4dfa302216ed	588	2005	72	41	;
212b718f-d6b7-418c-b8ad-a50a0de3e2ce	665	2004	179	42	chastened
9259590d-c17c-4a81-93b3-8f28cd7abedb	850	2004	51	41	of
61ff0524-a0f3-46bc-b4f9-34e7d49c8b43	906	2004	67	41	the
6d11e86d-ba9b-47dc-88b2-db244d15a3a3	978	2003	103	41	Lord
39a21bc1-31ba-402b-8815-a7415768e400	978	2003	103	41	,
5c3818d6-36c1-4879-a874-0c6071f84119	1085	2003	77	41	52
e2db018d-1568-46a2-afda-63d938a181a6	1085	2003	77	41	;
47570796-f9c5-4588-8466-45b972e45f24	1167	2002	138	42	shaken
b30f1913-3f2f-4bec-892f-f509dc86dfa0	1167	2002	138	42	,
60c1a8dc-6d8d-4276-bc96-df9c6309ef75	1311	2002	67	41	59
3314ce6b-9cf0-45f5-b108-ef8c27c2b582	1311	2002	67	41	;
ab5ffe97-c4c8-4fc1-944a-77fbd53d6958	204	2043	103	41	about
1dbb2793-cba5-4005-9005-ebd2f32561e8	312	2043	46	41	to
170f6ac8-2d27-4dfc-868d-128deacfa64c	364	2043	149	41	worship
4cf14254-729b-432c-82eb-884dd2428fc2	517	2043	118	41	Nephi
0bc1e125-1436-4333-b011-fda3974159a3	517	2043	118	41	,
3de7da45-dce0-484e-a52e-182487cfb4b7	640	2043	72	41	59
eb93bd77-d769-4be4-8132-fb363366c3e9	640	2043	72	41	;
ae7f2482-f194-4285-acab-3f73d223621f	717	2043	108	41	binds
ee27bf8b-36bc-4b85-af37-cf84a43a90ba	830	2043	118	41	Nephi
056a01df-bc09-4063-a831-2fade9428b5e	830	2043	118	41	,
0a209352-5625-4317-992d-35e4693b797e	953	2043	72	41	61
52f4c032-9286-483f-8a58-d2dcb08c9d16	953	2043	72	41	;
25333cae-374d-4519-a558-575aa1552e1e	1029	2043	92	41	sons
983be418-f8a6-4bce-8340-15489a164a7e	1127	2043	77	41	and
b2ede451-68c7-4656-b96f-ed113942f1c4	1209	2043	169	41	daughters
