ID	X	Y	Width	Height	Text
472e31d6-1d64-4dbb-b4f2-7fabc8b2420a	75	82	72	38	808
d3df7ec1-1c2b-4d7b-aa71-45a69e195cf4	443	76	153	47	BOOK
85c5a5a8-a266-4fa7-a51a-7cc73df598c5	602	76	82	47	OF
0cf2dfa0-e94f-4ae0-9151-48ae7074e3e8	690	76	234	47	MORMON
78b865ec-bfd1-496d-941b-4283ed436fe4	690	76	234	47	.
aaa571e3-833c-4e9f-af43-f3c7270f020b	113	154	159	44	Pahoran
ecaf621d-49ad-4ffa-b1fb-c39ac81b5102	113	154	159	44	,
5e21be0e-be86-43f3-9e2f-dd0ab54a5e8d	278	154	82	44	526
d04350cf-2c78-447a-a7c6-c7c236c6241c	278	154	82	44	,
46ca646e-a6fa-467e-b2ac-ec79909cd511	366	154	93	44	531
6b50bd79-b6a2-425d-909f-d96a21cf494c	366	154	93	44	;
846730e7-9bfd-40a0-9a2f-2f078faed5be	465	154	104	44	gives
ceba2527-27df-40d6-88fa-ce78fbf7ed54	575	154	88	44	Lehi
a8f6ad6f-153a-41f6-8588-ac090a236a8d	668	154	77	44	and
e3a015db-7039-43af-9ab1-bcdd303e5a2a	750	154	165	44	Teaneum
95d69044-e0d7-47c8-a92f-173e7a2ae7d6	921	154	176	44	command
34af7939-a750-46b4-ae10-49926e6d7e67	1102	154	44	44	of
a8178b51-3087-4e3c-aea5-b3f60f912ab3	1152	154	88	44	part
1bff849d-6c0a-4a70-b4e0-f8c60106a813	1245	154	41	44	of
efc61646-4197-4436-bb2d-0e1acba65bb5	110	198	107	41	army
5466bee3-4665-431b-9667-a4ccb1d0cbe3	110	198	107	41	,
318edd93-c1d3-4b27-aa8a-821ab950baeb	223	198	97	41	534
59f68bc6-8f70-4b12-b7b2-28214a19d2cd	223	198	97	41	;
d0b0ffc9-7cf6-45dc-984c-102e0adb189d	325	198	106	41	raises
5ae81107-e3fe-4215-9745-c9d7cdd0f667	110	236	66	31	and
4149f458-d9c1-4043-a240-e39f0370ed40	447	192	165	44	standard
70edcbc9-2596-4c4d-b123-1b9d3d6855c1	617	192	49	44	of
87061e1b-163c-4f47-b42b-a9ca03994897	672	192	132	44	liberty
f328172e-33cb-471a-88e7-c334b5c1502b	672	192	132	44	,
edcc96a1-252f-42bf-b7ea-b9f9d6d70abb	809	192	99	44	534
2d854895-f467-46ad-999e-ff02e360e61c	809	192	99	44	;
e8f4aa38-82c8-46e4-a71c-d00c4a48ab43	914	192	110	44	sends
0675a9a8-dd39-4428-9988-d47688d73352	1029	192	115	44	forces
baa6f050-71f2-4fa8-b5c6-4bd15f59cee0	1150	192	49	44	to
dd3c630a-03da-4482-8932-57ff2e406fda	1205	192	84	44	Lehi
72f2cf71-e9ee-4c6a-a215-9bda60d60eb3	182	234	190	41	Teaneum
d7a811be-6666-48ff-a3cd-c0d491cae173	182	234	190	41	,
2f17f9eb-a3cb-427b-960a-32f31d2596ac	377	233	100	41	535
e48272c5-8a1c-458c-bdcb-014af12f4cc3	377	233	100	41	;
13693a78-4d01-4abb-b103-1bfd77f0ffa3	482	232	95	41	goes
1abb7e29-1ce5-4c1c-a909-b6bcd8436c18	582	232	100	41	with
62d882e9-7fe2-479f-8cbf-7fa202fc3c1d	687	231	160	41	Pahoran
5f43eae6-a58a-4834-be9e-fce494f440bb	852	229	155	41	towards
68953f83-4bc6-4ab3-b197-c300948ed34d	1012	228	185	41	Nephihah
b58d4eac-18a5-408f-8e36-31a6995c842f	1012	228	185	41	,
2fed5e98-d4f3-4024-8712-ae14bb6f5e39	1202	228	88	41	535
2742b52d-22e1-4cb7-bbc0-48216db13d5d	1202	228	88	41	;
3f484eef-73c7-45cf-bbd9-30f0ac494ce0	113	274	122	35	makes
7cd7e5b9-cca6-4fcd-8b27-dccfcdeff0c6	240	274	100	35	night
2e5279a6-aad4-49e5-933d-acff4ece67f3	355	268	127	44	attack
6836394e-5b9a-431e-8b58-36a237edfea5	488	268	60	44	on
1db91d0c-fe3f-4103-a9b6-c8fba7a3c26b	554	268	187	44	Nephihah
248ee29a-5cd1-46b2-9310-c7afcc419575	554	268	187	44	,
825c3f45-929c-4caa-b2e4-1b68b862025a	746	268	104	44	536
6b08f0b1-4758-412d-8d41-124e0f4f608b	746	268	104	44	;
6ce6ce93-5a11-47b6-808e-280c8288e6a9	856	268	143	44	regains
033ccba3-d86a-4d76-ade6-71c858fe4f04	1004	268	192	44	Nephihah
c99b0953-125f-4dda-94d6-ecd12f059051	1004	268	192	44	,
effb0374-8252-4642-8932-06b25c4be3f2	1202	268	87	44	536
1e92a533-a748-46d2-91a8-9ea495043ec9	1202	268	87	44	;
809be196-fca5-4300-ab74-dcca5f087e42	113	309	82	44	goes
9d8a7a12-feaa-48e8-b8d6-1ff681b2f0a2	201	309	55	44	to
4d135073-022a-4bf3-a27e-9665b3323477	261	309	93	44	land
9bb7b9b6-8128-4d1f-87e7-084a101131ab	360	309	49	44	of
d06d0cb5-e701-4b6a-ac33-e77fc10d1dcb	415	309	99	44	Lehi
13e29469-133e-43dd-a2aa-3fec9a1fb1ee	415	309	99	44	,
91703f80-2643-4bfc-b3f3-12caa6e1b20e	520	309	99	44	537
299ae396-46ce-469c-b94c-9b8e282c7b77	520	309	99	44	;
60900b15-60b1-4baa-8142-7a8d59ccacda	624	309	126	44	camps
a6ff4a0f-ec52-413c-8097-594962d02631	756	309	132	44	around
cec29dae-6934-4452-8bfa-7c032e3ddd2c	893	309	93	44	land
afafdaa2-914d-4374-959e-3b094291e972	992	309	55	44	of
f60d9117-3743-476e-987b-7466577201f6	1053	309	143	44	Moroni
bf892f26-1223-44fe-b868-2b2e01d12e02	1053	309	143	44	,
66918e23-c7c7-47eb-a99d-f21ff2b1e20e	1201	309	88	44	537
5c6d57c6-aa6e-4bd6-a4b4-b6c16e3a766f	1201	309	88	44	;
e72812f0-3a2d-4215-9679-9f84216a5e68	113	346	133	41	returns
df5d57a0-13dc-4cf5-8f7e-9873523891d6	251	346	46	41	to
1150df50-deed-4ccd-aa10-6560172694fc	302	346	195	41	Zarahemla
b55774ef-5240-488f-8e2e-a8f8695a3958	302	346	195	41	,
37d83b1a-c242-4c13-b69b-9eecb3a59c44	502	346	97	41	539
eba5d410-cbc8-4c82-b017-977fef7f0523	502	346	97	41	;
b52e0b85-4b12-4db6-a5f7-a4a92ff01412	605	346	97	41	gives
0f327c63-045b-4714-bb8b-61492dad1c33	707	346	169	41	command
7292fb36-168f-41d9-be58-4d45af9efbdb	881	346	46	41	of
8763c719-7c48-4f1d-9078-ff6969a8ac53	932	346	102	41	army
63280a12-d7ee-4408-af36-3271189bb0eb	1040	346	46	41	to
94e46f03-a038-42e9-b89b-909e7b663150	1091	346	198	41	Moronihah
c81e89a1-9b76-4d68-8d55-0aafd2a2ea25	1091	346	198	41	,
31f0a722-20dc-484c-9dc4-315567f91755	113	390	87	41	539
3e5bc211-c6cc-4eee-9b24-bc89245b89a9	113	390	87	41	;
75a17e98-cc4b-4ec9-8d3b-c98861d8cbf2	205	390	113	41	death
51f5f004-e94e-4486-9174-0b87feae9a85	323	390	56	41	of
6f868917-10ab-4cfc-92f1-8fb1eea45fce	323	390	56	41	,
121d431b-bde4-4169-b4db-5496818b0178	384	390	78	41	540
e46add5c-c20c-451d-9ddf-60d82b8d34b7	384	390	78	41	.
364709ab-d84b-4eb9-8f9c-ec38ab854e1e	78	429	133	42	Moroni
545682be-8836-468b-9dce-9ecdb49d913d	78	429	133	42	,
4118b382-ed14-485b-957e-0e0ee5277936	217	428	72	41	city
99731759-363b-4f51-9b05-2e330c854d16	294	428	57	41	of
59c45071-e9b6-41e1-b65c-93e97942e1df	294	428	57	41	,
094fe3ed-fb09-4a85-a41a-86188f7f1f8d	355	427	87	42	486
c787821a-744c-4949-b4a7-054c16b0f06b	355	427	87	42	;
e9f8194d-dd71-43e6-a341-26f4a1755085	447	426	185	42	Lamanites
047597ae-b892-4c01-aae9-7729ae38cc23	637	425	92	42	come
c6cb1743-2392-43a9-a766-94a2bfa4e8da	734	425	87	42	into
47fb495a-e785-4f87-a4b4-3200b7e91e45	734	425	87	42	,
33bb7052-bf04-4116-ba18-f1bd8e04b3af	826	424	92	42	493
cbae9879-6245-4380-bb74-b73cc9ed5e27	826	424	92	42	;
f4b5386b-f736-4e31-ace6-04bcb2ff1dd5	923	423	103	42	taken
823561d5-535a-4b16-826e-ab3dc08ec3a0	1031	423	51	41	by
974212cc-4f31-4635-b9cb-d4efef037611	1087	422	205	43	Amalickiah
a94fe974-9895-4f4a-97d0-c6f843860a0e	1087	422	205	42	,
9a23ee14-e944-41c9-ac94-abd4f54c84e1	116	466	87	41	493
848d5c86-254a-4abb-87d6-486ff27dd8f9	116	466	87	41	;
c73a9424-c584-4f70-a7c4-f089c53d15fb	208	466	102	41	sinks
d0c4ff1e-83b9-4614-9580-a84a722aeaa6	316	466	46	41	in
c9bf6b61-98d0-470e-b289-5c801759a1cc	367	466	77	41	sea
f69c8e76-aa39-4229-a30a-15197dcf691f	367	466	77	41	,
6d600d34-38be-4501-aa9b-ab6d6e845dae	449	466	76	41	624
6ff77c83-0fd5-496f-a4db-d1795b5d7525	449	466	76	41	.
e0f74c9c-3621-4e26-8d09-6750504ebcd1	79	504	195	41	Moronihah
abb5acc4-c186-41db-8a1f-35fbd1db9c71	79	504	195	41	,
b7338639-d6dd-4f9c-a81e-22a0e5283d24	279	504	133	41	Moroni
b7e8f362-3256-4844-a49d-11b394192595	417	504	159	41	appoints
dce1a180-c05d-494b-b834-56acc1de3e73	581	504	51	41	as
873ee677-1793-48ea-8496-1fe3c63211ed	637	504	205	41	commander
931381f8-4bbb-4e09-8a45-172b6f3857a7	847	504	46	41	of
aea3622e-2484-4a28-b248-5635edc8d619	898	504	108	41	army
6b51344a-912a-4f39-97fc-5a1ec688581b	898	504	108	41	,
8636d9ab-d9ec-4295-af6e-0546aacdd330	1011	504	97	41	539
d6e91708-76c0-4cf0-af4d-2f34efeabc64	1011	504	97	41	;
fc69aaa6-a4e4-4d54-9355-d1db035eac25	1113	504	179	41	Lamanites
5dbf5370-b03d-4049-9e95-0b2885cb16e5	116	542	75	41	war
a5fdc365-aaed-4ba6-961d-63d0300a8d52	196	542	140	40	against
10fbb4a6-9475-4a7a-8c39-3fdc49a2a4d1	341	542	120	40	people
10d6abac-f6a3-488f-b660-4f5b2694f049	466	542	55	40	of
ef00aded-0abb-48d9-9327-111095db6848	466	542	55	40	,
cc0aee45-53d2-4efe-b74b-f8ddc1a4ac6e	526	542	95	40	542
a7c231a1-51e1-459d-9964-e9a615ba18ae	526	542	95	40	;
2f068d00-b8ec-46b1-8cbd-783b44e12b6b	626	542	110	40	sends
1d309043-c775-42cd-8ae2-f370c5b391d1	740	542	85	40	Lehi
03524f3d-4a6f-4aec-8e4b-1a8352232ca0	830	542	50	40	to
524f71fe-9646-4a91-a013-fa0993f618de	885	542	95	40	head
477ca12d-3c0c-4797-8e03-6ef153fe9b4f	985	542	215	40	Coriantumr
2388a5bf-4c4e-4657-8cc2-b3b13814c1fc	985	542	215	40	,
43808a19-bf9b-44a9-b1ce-f4ec2d28fac8	1205	542	87	41	546
2b4f6854-39e5-4f0a-9cc8-b791cd0bd86f	1205	542	87	41	;
3139bfdf-d79e-4993-a0a3-4f5a49fd4018	116	586	106	42	takes
f0cc8be6-ed65-4327-a569-da2d5d43bc1e	226	583	210	43	Zarahemla
f95801a6-0f3e-40cc-8cad-da1984002a33	226	583	210	43	,
1f6679aa-e29a-453e-81c6-db4fe18eae9d	441	581	105	42	546
44301b33-97fc-46ba-8802-e9b62539b911	441	581	105	42	;
08f0ff77-4ebe-447b-889d-690f5595e9db	551	579	165	42	succeeds
e0121dde-1821-483a-a1a6-4baf39a92005	721	578	61	41	in
d5d26941-b9fd-414a-a163-1e9668499c56	785	575	180	43	obtaining
57833345-a3f9-4495-a7c7-022f5fb31099	970	573	115	42	many
9da321d7-0f92-413a-b127-19e5b484f1d0	1090	572	110	42	cities
b5fdb6e7-fe85-47f4-915f-13daf6698bbd	1205	570	85	42	from
591d37e4-b378-4c3e-8d0b-7dae3fd2c4dc	119	622	189	43	Lamanites
23671c33-b635-477a-a861-7a5aca3c7c4c	119	622	189	43	,
dd1a0361-580e-4ca7-bfe5-4d4db5d84dbc	313	622	89	42	554
fe16b8a1-5d70-406e-b3b3-cde352c9265f	313	622	89	42	;
b6b5e24e-352e-43f8-b90b-6673b817454f	408	621	158	43	preaches
a12c480e-162c-4e25-9d75-8a90d566c75c	571	620	105	43	many
84ed283c-b363-45d7-80bd-f4d76c13b884	681	620	116	43	things
05731678-c423-40c8-9714-4aac6db1d66e	801	619	47	42	to
4fcdcea3-bd23-4f31-a3b1-5bbfa62df74a	854	619	126	43	people
05f66245-c445-4e62-bd6a-eeaebc773838	854	619	126	43	,
8c82fa8b-3ded-4358-84f1-0af57c342444	985	618	89	42	554
72729770-eef3-489a-ace5-ddcc4b8a6c8d	985	618	89	42	;
91610d24-4064-449b-ae5e-56952e174d29	1079	617	137	43	regains
6e8d0293-3785-42e0-80bc-bbcf1691db51	1221	617	75	43	half
04bcb86d-a1ef-4ecd-9903-40ec3ac6b188	116	661	46	41	of
c26f9af3-0b2b-481d-b70f-a76a9478dd1e	167	661	210	41	possessions
f94da1f2-70dd-4d4e-9306-90d5da86bd79	167	661	210	41	,
e2f85ae1-4656-4b0f-a141-8c96e2ccc9b2	382	661	77	41	554
8f00e6b1-0971-4f4d-8cad-22ecd7231c4d	382	661	77	41	.
5860a781-3ab0-4295-9467-c7f68120205c	79	699	198	44	Moronihah
fecfd5d8-8774-4727-a72f-af1b3dc3ebcc	79	699	198	44	,
24a39f48-ea69-443d-95f3-4a339faa3fca	282	699	77	44	city
54fd4436-0a84-48b6-8d97-9bc4bfe1e5d2	365	699	55	44	of
9e820275-84ed-4c42-89f7-aac95f706b64	365	699	55	44	,
f0c70d6b-604e-4049-9167-4fae6d4147f7	425	699	104	44	earth
19df7a92-9b02-42e4-8355-0fa59817065a	535	699	126	44	carried
b14332bb-efb2-4677-9be9-3d7f60018a3e	667	699	104	44	upon
1933a78a-687a-440b-bd9e-93238504c01e	667	699	104	44	,
a394093c-77f4-4d29-b757-a2b7febf7d7b	777	699	82	44	624
d2f3e80e-0123-4562-aefe-eee5aefd91f8	777	699	82	44	,
42850548-985d-44f9-bc6e-37da82068c96	865	699	82	44	626
48ca0f0b-6341-4447-9e48-75e42ee780d5	865	699	82	44	.
2965e92e-8d24-4bd5-a23d-f8e189bd4581	82	737	195	41	Moronihah
01714914-a1bb-4310-8123-d272b0c5b5aa	82	737	195	41	,
d8adb36a-678d-4e6f-9226-24ddbcceb20c	282	737	113	41	leader
da999bde-ea22-4ea7-aa40-20eb2c1d1f0a	399	737	46	41	of
56cb30c0-1dec-48a7-a840-524dbfc42db5	451	737	61	41	ten
3a1bded4-33a5-4adf-920c-6e1b5805f1f3	517	737	164	41	thousand
52df31e8-201a-4ff0-96fc-5afbdeb3184f	686	737	169	41	Nephites
0d92828e-67e9-4602-8514-63af770c2d3f	686	737	169	41	,
e50e687c-c043-4bef-be2b-a08dcff63ff2	860	737	74	41	702
33f07b64-c18f-4ba9-823b-772bc47dbbf3	860	737	74	41	.
7057985b-3d61-4ef8-90a4-143807311d64	82	779	127	40	Moron
5ff52829-9dd8-43a0-a1b0-4c4646517d62	82	779	127	40	,
a1555ff8-a774-40ec-9aa3-35d8f320b707	213	778	171	40	Coriantor
75d6bca0-107f-4d66-b2c7-c61b1a8e9c28	389	778	73	39	son
4e72657c-a47f-44fa-8e58-d9b2a4e1c27b	467	778	59	39	of
da1100dd-b859-4d22-b0b9-d1b6b7fddc00	467	778	59	39	,
2bfa7884-27f1-41d3-a919-e53e3530ce5e	530	777	93	39	714
889e914b-fb31-4279-ae41-3417e42793bb	530	777	93	39	;
f2102dda-18d6-4e2c-a8b0-41013e9d0673	627	777	73	39	son
c06a535f-01fb-477f-9728-5360f53bff31	705	777	49	39	of
b4487dad-0e20-4205-b3bb-2b353ab8f651	759	776	132	40	Ethem
65b0c038-987f-4874-b215-2ef1ce7deff0	759	776	132	40	,
2035ac52-df90-4fc1-bf79-ce6c161aacf5	895	776	93	39	714
476440ec-5282-458a-9cb3-e25284dbbfc8	895	776	93	39	;
31b0a6b9-68f9-47da-83ac-992de64df3c4	993	775	117	40	reigns
77e85f13-ec36-437a-b7c0-3028e7584c53	1114	774	137	40	instead
929df630-daa7-4853-a4a4-da3759d4be59	1256	774	43	40	of
650556bf-e88b-4cf6-a9c5-4d540e1fdfd8	123	815	128	41	Ethem
b89300de-621e-411f-afe5-e82225cb09c3	123	815	128	41	,
3e1c091a-de23-4e7c-8aa3-9e009b69f500	256	815	92	41	744
71c6e40c-4347-4167-a8ef-a80f94aedc1b	256	815	92	41	;
3990055e-e546-4546-a488-df80a196ec0f	353	815	133	41	wicked
9516ba99-7de7-4d2b-859c-eece6d3cd1c5	492	815	87	41	man
e586f287-7cd2-4b43-a303-bfcd42fa820d	584	815	133	41	battles
77c4ce10-1839-4e87-9e7d-e41ad39ca0e0	722	815	92	41	with
9b6c294d-b82f-4706-a8ee-dd263bd43f26	819	815	77	41	and
d817b696-9340-4308-8039-57562dbe7066	901	815	87	41	gets
8ed1ec41-3e35-4d09-ac27-813580318bbe	994	815	87	41	half
ae7df848-e0a2-4b3b-ab05-f7ab11f467b4	1086	815	46	41	of
1b5c6267-7ad4-48f3-8e24-98e865ca0d93	1137	815	162	41	kingdom
8b356e82-3909-40e1-ae81-c72ae8674d7a	1137	815	162	41	,
e4effaa4-614f-4fed-8daf-aff3dfe75ecd	120	853	87	41	745
edb4fa15-7ad1-4cf9-ba56-174ba7278c89	120	853	87	41	;
9417095f-c80c-42d0-8604-6165c9f95974	212	853	138	41	regains
1d787145-fd98-41da-a13c-57b616a97bb5	356	853	169	41	kingdom
40d221aa-9d38-42cf-8b57-4c01f6e517ba	356	853	169	41	,
1d5b2e54-3163-460c-95ef-e0e590ee40f8	530	853	92	41	745
42e86d0d-d64f-4090-9df2-e8758f43d2e1	530	853	92	41	;
41a69a35-7f76-4074-987f-f4056108f3b6	627	853	200	41	descendant
b4f6d7f4-d0f7-4368-ad42-3bab80e63b7d	832	853	51	41	of
ebef69a2-fb3c-4cdb-ad71-b2607075b75b	888	853	143	41	brother
b8accbed-8599-42a2-8ed1-603487f640f8	1037	853	46	41	of
86cb26ab-7a38-476d-ab1c-a9dbe35ae3e2	1088	853	108	41	Jared
05ede08f-2a1c-4dde-9606-1a6eca6a5c86	1201	853	95	41	takes
a289f271-6b4b-43fc-a197-3b2b287b5db4	122	895	115	42	Moron
58970d08-f442-4a91-aeaf-e7dbe33cecd1	242	894	145	41	captive
bdd7d475-98e1-43c4-a02e-364782c6762e	242	894	145	41	,
0d43b378-2de3-427d-b71c-d9ac325a5ea4	392	894	95	41	745
f61a8e52-5f6f-4225-b470-e1a5848c02c2	392	894	95	41	;
b4267341-d507-45bf-9853-eb37071acf39	492	893	125	41	begets
f6ce9db2-d0ee-4135-9f4f-e2c29fe7dce2	622	891	185	41	Coriantor
d902b234-4ad6-4364-a576-8bedce7cddc7	622	891	185	41	,
ac417a5b-2d13-4258-ada6-841f76899e9f	812	891	78	41	745
8bba89dc-39d6-4a4a-ab64-b38d38f4bdbf	812	891	78	41	.
58457989-6ca9-478e-914d-816f549c7044	82	934	124	44	Moron
d7befbb8-f5b0-4576-9f6f-61b46c04d9c1	82	934	124	44	,
25fd9775-a7a1-41c1-8779-0d576bdaf403	211	933	86	43	land
afe75cb1-582e-4604-9227-1b3178833a39	302	933	54	43	of
fa47086f-4c5b-49c7-930b-07d6c5774785	302	933	54	43	,
04f1ccd7-17c8-4608-84fe-55d937638fc9	361	932	108	44	where
46e21ffc-2010-48a6-8ab6-833647a2d9d9	474	932	86	43	king
94d77e2f-19e7-46e7-bc6e-8af90f6d5c09	565	931	113	44	dwelt
613541f7-c90e-4871-9d9d-d60ea2f80a38	565	931	113	44	,
ddd83695-0757-4630-a37a-c505c34a6363	683	931	86	43	729
d103cc5d-0ed6-4915-90f0-10c87947c87e	683	931	86	43	;
2d9916d2-b7c3-4f66-99d0-9836f1c890b4	775	931	86	43	near
14071e2b-7eb2-4cac-a0f1-46c85a41b676	866	930	92	43	land
80ab14fb-db7b-495c-bddf-cc9c40801f9e	963	930	43	43	of
5e143329-c65e-4a2e-a2fa-7afd6e0ed5d3	1011	929	199	44	Desolation
0ff8f1b1-4ff7-4e5c-8694-5cffa31b8d9e	1011	929	199	44	,
0e93e578-db37-4194-9bcb-2563d4dd498c	1215	928	84	44	729
6ecdc522-ae7b-4252-b878-e5ab5e95a239	1215	928	84	44	;
9208ebd2-58b1-464f-9c32-c088842c7493	123	970	92	41	Noah
a84c445b-98c6-48f0-a62b-2a1662f587f2	220	970	102	41	takes
d0788a18-c6b1-4d26-a17a-a71585fa2555	328	970	102	41	Shule
f1b7c6cd-c1d4-4a9b-8699-ce153070c4b2	435	970	128	41	captive
392a6bd6-5a17-4ade-849d-cc702f91aeeb	568	970	77	41	into
e901c219-dd93-4c01-936a-d524874b6c68	650	970	87	41	land
dfb72970-9237-43fb-8738-c9548d3d42f7	743	970	56	41	of
66b29572-dbc7-478e-9047-453f804c928c	743	970	56	41	,
99e4c783-0ba4-46bc-8efb-3d5727c9df45	804	970	77	41	730
17f80693-0459-4994-aefc-3bda74544d6e	804	970	77	41	.
9f619f27-21d8-4797-bbfa-c83cb3439d7d	85	1010	116	38	Moses
e9b3bc48-cccf-4f76-943f-15a6de884ace	85	1010	116	38	,
1b48fe68-535f-4a67-bc4f-18c116f71c38	205	1010	120	38	plates
a0f777d2-f94b-419d-adc8-26ff52f053d3	330	1010	46	37	of
db436c2f-d11a-4d3b-b4c8-53629bc8f525	381	1009	102	37	brass
ce888b24-7186-4e1b-bc5c-8cf2909fc8d4	487	1009	139	38	contain
c9726df4-746f-4e56-a786-8fa2445e4305	630	1008	74	37	five
d065b52d-765a-4420-b1fc-6b4662034130	709	1008	106	37	books
49f1b155-7f8c-4d86-85ae-2e2b82e43906	820	1008	60	37	of
799ca4c5-5842-4253-9a5b-ed861d473888	820	1008	60	37	,
a56ac4cb-0311-4f41-8532-7745e6b436a5	884	1007	74	37	15
01e873c9-8c65-4cf7-9a95-be7c316a49a9	884	1007	74	37	;
c893c1f8-6a3a-43cf-9b09-1023763eec7f	963	1007	116	37	Nephi
6c45c681-5e4d-4d61-88d9-ee3b9533cb17	1083	1006	106	37	reads
5a982cfd-36b3-4e03-9d2f-bb09d1bb879f	1194	1006	105	38	words
893e6ae1-b4e9-4a47-a15e-ca28e4e06dad	122	1051	52	39	of
140ab1f7-d0e5-4962-b03c-c475156d5dec	122	1051	52	39	,
ca3a0235-439d-4472-935f-56a98cd12b43	179	1051	76	38	67
d97444cc-ee14-4b69-aaab-0608dd28867d	179	1051	76	38	;
103ec553-9cbd-49ef-b381-26479d77108f	260	1050	52	38	to
1091b1f9-e581-49cd-9cb4-a52a9d1556bb	317	1050	133	39	deliver
7d86d8fb-5970-4466-9aa1-0d7d9306afcf	455	1049	119	39	people
63d3b4ef-6e46-48ef-a743-75b594db1d23	578	1048	100	39	from
0b11f377-8bd0-4738-a717-54c3606938f2	683	1047	124	39	Egypt
c63eaa49-c4d1-492b-b976-4ef3993d8557	683	1047	124	39	,
e3493e66-4476-48e0-b1c3-12ee24da0972	811	1047	76	38	88
80e83a77-e014-4b6f-b020-681a4830d17c	811	1047	76	38	;
e4b86894-2333-4b96-8da6-62ca8698a18d	891	1047	52	38	to
69adfedc-b343-473a-8af2-533fdec78472	948	1046	95	39	have
69537d0b-654c-4242-b11d-4d48e814127e	1048	1045	119	39	power
b932bb45-639e-4016-aab7-11af90138e0f	1171	1045	52	38	in
27455f80-ac59-4524-ae64-44559a5411e0	1228	1044	71	39	rod
67a1ecbf-0365-4fb6-9f23-de869e8f20a4	1228	1044	71	39	,
3adf6b61-ce83-4f2a-a932-ee3e88d5b322	123	1074	40	54	89
7ddcdc90-ee14-4d49-a94e-5469a68e2591	169	1074	13	53	;
87a2e9bd-39b7-48bd-82ef-68141288c9ff	189	1074	192	53	spokesman
dd2b22df-11ed-4fad-bfc3-e53fa55c9608	388	1074	66	53	for
256a0695-11c5-4ea8-9f88-508f3e605ebf	388	1074	66	53	,
6d33529c-2f87-4636-811a-f5dc442e5bbd	461	1074	66	53	89
9debeb9d-d556-4b2c-ab90-6551fe7a8baf	461	1074	66	53	;
2f70f396-d3e2-4a0c-bd2a-1abdfc0396c0	533	1074	73	53	law
2b7b9094-42c1-49a3-99ab-f350645808e6	613	1074	53	53	of
b4910a80-455f-47ff-97cf-0c5bbcdc0358	613	1074	53	53	,
73dc0b03-beb3-44cb-99ad-2effc9169af9	672	1074	79	53	kept
ae6a6190-6743-4138-9cb2-672638cced55	758	1074	53	53	by
80fe69e9-9d4b-46f1-888b-6ed2c14bf6d5	818	1074	159	53	Nephites
285b8ab7-09d6-4336-be79-d3bf2d20b151	818	1074	159	53	,
3a1c18ae-22f7-4e20-b263-6ced259e679f	984	1074	60	53	95
48067f71-4259-4b10-8c38-e069d58983a8	984	1074	60	53	,
470c5b3c-09c4-47e9-bbc5-d3c32eebc156	1050	1074	79	53	143
4e6892b6-1a03-4910-b479-b5b7293eca31	1050	1074	79	53	,
7d7f8387-75d2-4b98-89a1-85df81c47024	1136	1074	79	53	175
3ba7f911-4f30-4293-aeea-0f19152745ad	1136	1074	79	53	,
e922347f-39c7-4564-8180-7d63dc699468	1222	1074	80	54	197
487ad127-e092-4e1d-ab7b-eae04c3cc883	1222	1074	80	54	,
ddf8939a-5368-4ab7-a9c8-babf791c9eb6	123	1127	87	42	210
dfcc9075-fd72-4086-b460-44838bebc7de	123	1127	87	42	;
c5052053-867c-4a24-8413-c49c4fc8ea23	215	1127	77	41	law
164b19a1-23f7-4d94-ad01-34f10455e88a	297	1127	51	41	of
5a58361c-70d4-45a4-a1fa-ed5fca4ab7af	297	1127	51	41	,
2325e95b-9c4a-4af5-88cf-62c933fdd495	353	1126	133	41	taught
dd62ebe0-bb69-4d30-aadd-ab8d9fd062f6	353	1126	133	41	,
aa48b48c-1d4f-4d6f-a66b-476762088026	491	1126	92	41	198
aea58768-88d8-4783-ae8d-b35d452be288	491	1126	92	41	;
035fc661-1a8c-4993-92a6-ede5ba118387	589	1126	77	41	law
c5a634c6-8021-4d51-93ce-a365c0559405	671	1125	56	41	of
34a3285e-0572-47c1-93b6-bbb30ed779b6	671	1125	56	41	,
6f9beece-037f-4d82-a407-acba24a89537	732	1125	149	41	availeth
3912e89b-8fca-44fe-ae34-c97aff32c097	886	1124	144	41	nothing
9fc02558-7ef3-402a-a791-daabffc7aa92	1034	1124	118	41	except
1b45ae81-ef3b-4d27-b7c8-a07bc0a48502	1157	1124	139	42	through
27b5593e-c980-4e65-bda3-35e66ad9c8a1	123	1165	190	42	atonement
9ad42183-41c2-4568-b5b2-444f38fa921f	123	1165	190	42	,
9ab32051-2981-4724-9d11-3da5efb67d56	317	1165	100	40	217
ec86bf26-dfdf-4352-886f-107a0b31058c	317	1165	100	40	;
791fdc9c-638c-4b03-b432-c1b5e7877731	422	1164	80	40	law
fc0404b2-0a32-4c47-9d26-3a9013d7bc33	507	1164	55	40	of
dcbbbae9-9028-4ba3-a030-d6f9d36511df	507	1164	55	40	,
53acd601-be9b-417f-9cee-3e4482e22b92	567	1164	100	40	338
016dbdd8-4936-480c-9c3b-f1f5c3cd21b5	567	1164	100	40	;
4648f4e1-3724-4ecf-8e8e-b33cb5abcd5b	672	1163	80	40	law
6a427636-ca66-4e6f-99d4-f6cfe4b60244	757	1163	60	40	of
cb1d3a33-7b44-400d-998b-4d2a6c367691	757	1163	60	40	,
736209dc-dd9b-4ed1-89ff-af140783f6d2	822	1163	125	40	taught
d945328a-d0e8-4647-8179-ad5ae9a8f9c0	952	1162	55	40	to
34bc5e99-af5f-4a99-8d27-1743fba194c2	1012	1162	120	40	people
8b18566e-b138-4e19-a8a7-0c5b79e0539b	1137	1162	55	40	of
ac8d796a-0009-4122-8f70-0a9054f7fb72	1197	1161	105	41	Noah
341f055c-bd54-4a96-a0e9-9f4c03178b1e	1197	1161	105	41	,
8b10395b-41e4-4e75-9dde-758919ab471d	122	1206	94	36	245
aa3b6715-a0cd-4adf-959d-75de7ce110e4	122	1206	94	36	;
ac56cbcc-b138-4539-aa2e-d5721c0b98ee	220	1205	69	35	not
e640f40c-7a19-4197-9bd7-df742ae2a8bd	299	1203	143	38	always
e170ec09-299b-4f3b-bc06-7d7390a342a8	447	1203	55	37	to
d25db456-5dec-48ca-b642-32485fe6f078	507	1203	55	37	be
d9329ea9-dbc6-4100-b710-75785606a677	567	1203	143	37	taught
2c69be3f-edc9-458b-8c35-52ee080caa95	567	1203	143	37	,
1dc2b531-565a-47f9-b285-ac9876bed1ca	715	1203	97	37	219
aa068605-2c8a-4020-99b5-c1ebb21ccbd8	715	1203	97	37	;
b7a4daee-9ac6-4fa7-bf38-821f1216c7f1	816	1203	106	37	kept
5cd6b789-a21b-4095-9774-03d3723b1a18	816	1203	106	37	,
5cec884a-7547-47a3-aa4f-4ca9c25a00f5	927	1203	88	37	396
8e2f5a44-d9b9-4442-bb0a-4e68adca0530	927	1203	88	37	,
828d49cb-128d-4412-9908-d1723db6a231	1020	1203	106	37	409
aab08f45-483b-497d-9564-8afe366533eb	1020	1203	106	37	;
a1dd8569-0245-456d-a29e-682dea9b96cd	1131	1203	168	38	Zoramites
f8b3c008-e8c0-497a-8261-822193a6a86d	126	1240	108	41	would
55844e64-42f2-4493-87d1-1f925dc59959	239	1240	67	41	not
5be967e8-dbc4-46b4-92ca-11bfd45c92cd	310	1240	133	41	observe
5f95d21b-2cbb-4653-b8d0-6d02b5251c7a	449	1240	77	41	law
81b56071-84a0-4359-862e-25c26f0a9d87	531	1240	56	41	of
a55ea98f-7682-4471-b28c-6f2482e55ebb	531	1240	56	41	,
5b1169da-d96a-4e01-8159-614171657510	592	1240	92	41	417
6094b6e2-c79f-4ac2-8bed-296d91ab44a4	592	1240	92	41	;
1ce5eac7-ccfb-4a4d-ba19-213dab809154	689	1240	123	41	speaks
0257ceba-d814-4cf5-8a5c-e1b8019dcfc0	817	1240	46	41	of
fe3b52d4-c132-41f5-bc6f-bacc8990ce57	869	1240	77	41	Son
abe86362-34aa-486a-a25b-8c36a8ee4d01	950	1240	46	41	of
590125ca-12d3-49fe-94ff-e728c6d0934e	1002	1240	92	41	God
d5adacb0-4e07-4c7c-b85d-676c276972f6	1002	1240	92	41	,
0b2fb9db-5e3b-43bc-bcde-33b28c441e87	1099	1240	92	41	427
17abe01f-c21d-44e2-a0cf-eb34aa7dca49	1099	1240	92	41	;
2d9383c5-038e-4ca9-ba88-d65f720e1980	1196	1240	103	41	words
40d2714b-639d-40f4-b83d-f98d3adb2b06	123	1281	57	41	of
821ba2d8-bd33-4460-86ce-95c3f6adc58f	123	1281	57	41	,
a166d4bb-c428-4705-b359-5f6341fd73c9	184	1281	92	41	428
166e919a-985c-4618-8bd4-bc5564629636	184	1281	92	41	;
4e01997a-934e-4340-ad1e-6e0a0cd8c206	282	1281	77	41	law
afcbb0d4-c6c1-46f0-8e6f-6612328d3333	364	1281	56	41	of
3a1045ed-3425-415b-b7cc-f1cc9731747f	364	1281	56	41	,
ef16ab4b-cff8-4a7f-8aa4-2a0af27e2041	425	1281	189	41	Lamanites
b7360992-27cd-47d8-aa73-69f8c7340ee6	620	1281	143	41	observe
98e2c201-00e5-42d3-a067-cb84c1398e9f	620	1281	143	41	,
47211169-1b46-42b2-82f1-7789f8f2b77e	768	1281	87	41	586
e067ae02-0cae-464c-b73f-e82e7c9e65fe	768	1281	87	41	,
eb14a359-1be1-42f7-bfac-97e0050cac37	860	1281	97	41	595
0023dfb2-ec1a-4d31-ad49-b9477d573af1	860	1281	97	41	;
9cc1a532-eabc-4da8-b5bf-f905d19b4f7a	963	1281	189	41	contention
a2423497-382c-45df-bbf9-52b18bc20e20	1157	1281	148	41	concern
4bc9e57d-83e4-465f-b41e-721cb79902d8	1157	1281	148	41	-
e5edba6f-38d7-4e0d-b170-cd2164cb15b8	123	1319	67	41	ing
2174fb14-4be7-4046-adf6-764c04b28097	195	1319	82	41	law
a2f4afa3-59e7-46dc-8d0c-e8229f32373d	282	1319	51	41	of
3bb95c04-1360-4723-b40d-9019363dc319	282	1319	51	41	,
075494aa-3dee-4601-a9b2-f0cb14ac88ea	338	1319	97	41	602
9c3bb2c0-fdfa-448b-bf49-2f7850de1aa1	338	1319	97	41	;
31d0ad4c-f34b-4480-95ac-3f9e6cb84cd9	440	1319	82	41	law
7b21fc53-8ed7-4b3f-a8dc-816a80c0f919	528	1319	56	41	of
3bf6d624-d04b-49b9-bc16-1bc75ea41fbd	528	1319	56	41	,
811207df-f054-465b-b1f3-b67f836ab71c	589	1319	149	41	fulfilled
4c1bd8f9-bd97-4a25-ad4f-bc08aca29248	743	1319	51	41	in
4e2cbb00-15ba-48e5-a83d-cb5fa180c4c1	799	1319	128	41	Christ
b6f6a476-7040-4d8e-b6b7-ea783351ebf5	799	1319	128	41	,
4022028f-aa0c-4c9a-b3d4-69e92b335cfc	932	1319	87	41	628
24195eb6-6a39-4df5-9478-96143c55b385	932	1319	87	41	,
9a1281b3-95e0-4e80-b6f8-62a9e5d7f6bc	1024	1319	97	41	643
bfb90e00-ae7d-402a-9e05-de405f036662	1024	1319	97	41	;
2370c74e-f4e0-47c5-8e07-97eb287af48a	1127	1319	56	41	no
524e70ef-9c8d-4d48-b2bd-e18653d412a9	1188	1319	111	41	longer
d6738cb4-a427-490f-89ab-091fe5500b88	123	1360	162	38	observed
294bde0d-1278-4e0f-a338-c913371e459b	123	1360	162	38	,
e2364e59-ac6c-4397-a1fc-a349e70dcf5e	289	1360	95	38	682
8aa52193-4ade-4c7f-bc4c-3983193f6ee8	289	1360	95	38	;
d92cfb6d-eaa7-407b-b576-932e0b2f1719	389	1360	81	38	law
95946f57-8a07-49c1-a0a2-4a58288e31b1	474	1360	57	38	of
b8b6a0f2-ef96-4947-b9fb-5d42ad3a7ab7	474	1360	57	38	,
3a8ee6e5-72fe-461b-aead-c2495bd196b1	536	1360	104	38	given
2229b210-a34c-4258-b802-416e16610dd5	645	1360	57	38	by
b9ebaee6-5057-413d-aa2d-76ce75ca6e69	707	1360	109	38	faith
c75c680a-c8be-47ad-ac73-69c7111e3800	707	1360	109	38	,
1f91dde9-9266-498b-a718-c1977bba6de8	821	1360	79	38	746
12ce9717-d764-4015-b43d-db16d8a3cbf0	821	1360	79	38	.
5248df16-bd14-458b-8379-70c21e4a04c0	88	1398	138	38	Mosiah
c816fe91-fed6-40c5-808a-f75db1c652cf	88	1398	138	38	,
4000ee34-e323-476d-bf91-5c313ff65677	230	1398	157	38	Amaleki
acebf7bc-15c1-4048-b5ba-e56b1ab3e0b8	392	1398	123	38	speaks
df412788-08ea-4a2f-9b37-8a71df88574e	520	1398	209	38	concerning
036384f5-0a95-4c34-9f8e-7aa567d6ff6a	520	1398	209	38	,
ffb20ea9-6b3d-4e33-a383-94c15342219a	733	1398	95	38	201
da5c5509-c1d6-4d60-94b0-049b76ab5886	733	1398	95	38	;
50695d5c-ae6c-48d6-a84a-259d6e06f0a8	833	1398	142	38	warned
8e8bc811-bda8-4baa-b210-736de0583373	980	1398	52	38	to
40ec52c7-538e-4143-9f9f-90a78a811479	1037	1398	76	38	flee
503487ea-5bd4-4e3d-84b8-246951694de8	1118	1398	95	38	from
881dea98-b620-473a-9136-8992c92aa848	1218	1398	81	38	land
2f5415dc-ec18-462a-a5b9-42629b9235ed	123	1436	51	41	of
31455889-580c-4262-9bb2-fb656d410617	179	1436	118	41	Nephi
a9332d7e-093a-4d4c-a954-3260defe299e	179	1436	118	41	,
a9e2a14c-ac2b-4c30-9145-9291461ccbc0	302	1436	92	41	201
954df8da-91ae-45d7-99c3-2270e7fa9c33	302	1436	92	41	;
d8332f57-6c6e-4cbe-837c-99e979f2873f	399	1436	169	41	language
8a67a5e7-326f-499e-89bf-c1b952bd72f2	574	1436	56	41	of
7738763e-8b0d-407a-9bcd-70e312fa38b6	574	1436	56	41	,
95cc54ff-12b1-4edf-b5a5-d562ce1f48b2	635	1436	128	41	taught
4c3b0d5d-b4f4-4131-be47-f3840cc894aa	768	1436	51	41	to
43aa5cf4-8f59-407c-a7c0-ace557e5b295	825	1436	123	41	people
43f2a6e6-22a6-44bd-8f4c-990c290b0ade	953	1436	51	41	of
c8cfc164-069b-46b7-a44e-12a9aaf0df4e	1009	1436	200	41	Zarahemla
fa3a4de9-f016-4959-bbdf-f96abfae930e	1009	1436	200	41	,
3165568e-ae4f-4e14-a525-473b54c84a72	1214	1436	88	41	202
5f039308-0591-4a12-abdc-d320528410e4	1214	1436	88	41	;
45679a3c-5edf-45d6-b1e9-2df544e04ce1	126	1473	109	38	unites
86b2c973-ee2b-40e1-8159-f9eeb2c929a5	240	1473	85	38	with
4347fef8-dbad-45a2-b27f-84dc001256ee	330	1473	119	38	people
ba495e2c-25a0-46ff-8959-f59cc03d3f3b	453	1473	47	38	of
0411a084-3f7b-48dd-a1af-84de76636904	506	1473	190	38	Zarahemla
2cca35c3-2ec4-4aa4-ad31-0fee18adf968	700	1473	71	38	and
33eb24e8-d3a6-4873-bc03-4b6c793f015e	776	1473	43	38	is
8e590013-7bbc-4d31-94a7-22bfc98e14df	824	1473	176	38	appointed
a802327f-9165-4a5a-9749-19757f6df7be	1004	1473	95	38	king
72a6eddb-8ef8-4bfa-a80c-3b75c08a0ef4	1004	1473	95	38	,
2fc34acd-8407-458b-84ea-745a9db5853e	1104	1473	95	38	202
73b3e9b6-6307-4b8c-ba2b-978ff43df928	1104	1473	95	38	;
2f0efac5-bc57-4f82-9538-9cec5dffcf53	1203	1473	99	38	inter
16aaeb85-935a-45e7-8da5-a8cd73a50f0c	1203	1473	99	38	-
da3755dc-4578-47b6-bfbf-8dac74503b7c	123	1514	98	41	prets
8b911629-4c96-40c2-99ab-57382cf93179	225	1514	174	41	engraving
1df9f387-77f0-4d41-baf8-7a874e7f1c38	405	1514	51	41	on
f16a5f00-de8c-4693-abaa-5124db79e4e2	461	1514	113	41	stone
43374ab6-2f9b-46f1-91e1-db7978c68d5c	461	1514	113	41	,
802d9208-effb-4d02-a15a-011830c5ef9d	579	1514	92	41	202
ce3bb97f-c339-4d13-8458-b21f9cab0fa2	579	1514	92	41	;
3a50289d-2956-4390-9591-59aa49c367d3	676	1514	108	41	death
8933da01-f440-4c7f-acbb-879100bd09b3	789	1514	56	41	of
896aab5c-8a7c-414e-a3ec-53db5894180d	789	1514	56	41	,
92390da2-e716-4420-94c3-70e818a808fb	850	1514	78	41	202
64ec4fc0-e495-4bcb-910d-68546dae1a2a	850	1514	78	41	.
df367409-c0fa-40bf-918e-442db8e6f8df	88	1552	138	38	Mosiah
8513d19f-7df1-4dd0-a128-4d0c478a1be4	88	1552	138	38	,
3b5bb146-0f09-4b4b-b759-3851b8d6b513	230	1552	76	38	son
21345fa0-4783-430c-9e5c-34133c220bdb	311	1552	47	38	of
d272b5a6-7eee-4190-b19f-9a8296d29b6f	363	1552	185	38	Benjamin
2992e99d-642e-47ab-978f-e275579bb09b	363	1552	185	38	,
d47425f7-8f9f-420a-9f64-a92f6bd9cfa8	553	1552	47	38	is
dc4ee44f-dd7e-43e3-88eb-6ad636d51d03	605	1552	109	38	given
5794abc5-eac5-4555-ad3e-36d832b9cc8a	719	1552	128	38	charge
7ebe912c-79d9-4e4f-aac6-3671513e1019	852	1552	52	38	of
6061d46c-cb5d-411d-a584-dadabe6aa754	909	1552	119	38	sword
6dd15021-cb81-4c01-a368-00040438b811	1033	1552	52	38	of
b8ae3183-35b4-4966-ad84-27ab4a9903c3	1090	1552	128	38	Laban
acf45741-7dba-40ee-8e10-00a3d4f6a2e0	1090	1552	128	38	,
04fa3078-bd97-4bec-b13d-7155e9323063	1222	1552	80	38	ball
59cceee0-ba56-4c64-ad14-1cf80020e856	1222	1552	80	38	,
f2c831a3-91b2-4857-8930-19c22dc04f1c	126	1590	51	41	or
1da9e701-2521-47c4-a1b8-34847da9c146	182	1590	169	41	directors
88772f56-7a34-44d1-bb16-28106d01af6b	182	1590	169	41	,
0e039ee0-b73c-42d4-8a68-8c963cf47405	356	1590	118	41	plates
b5b3f821-1d4b-46cf-aa26-e650b82f639a	479	1590	51	41	of
ffcc7436-03b2-4c84-bd19-2f3fa2571ac3	536	1590	123	41	Nephi
63c4a2c6-9fa9-4057-837d-2187872ebfeb	536	1590	123	41	,
5658ffa0-aa0a-454d-8183-9b70a744e544	664	1590	97	41	209
86c6d738-bfc9-4323-a04d-bbf422b28a28	664	1590	97	41	;
c3c9a449-8beb-4f7f-8b2f-0f478e28c7f3	766	1590	123	41	makes
7e848a61-3bdf-458a-b1c6-cb8762e872b3	894	1590	246	41	proclamation
65bd2eec-e198-4aae-80cd-1258dd46f57a	894	1590	246	41	,
179c5482-50a7-4620-8c9e-8843507bb7d0	1145	1590	97	41	209
40652af9-c6fc-4f7a-bfaf-cee7a5e903c6	1145	1590	97	41	;
3c09c0e5-61a1-4408-9dd3-47f063cbaee5	1248	1590	55	41	de
c986e179-d5fb-40eb-9f5e-5aa04464be49	1248	1590	55	41	-
27cf9345-d048-48dc-a7d2-482207799b27	126	1628	113	41	clared
84198fca-db13-4e52-a2ce-54c1d1bb907c	244	1628	102	41	king
91d26f5b-b4b3-4409-a630-1641b013fbd9	244	1628	102	41	,
3ad19723-b218-452b-ad92-0861e2e68a3a	351	1628	92	41	214
eb2d276f-403f-4a19-b2ff-31e54e7afcb6	351	1628	92	41	;
2a524575-bcc0-45c2-a944-063b6281d91a	449	1628	215	41	consecrated
c88ef305-3612-4d16-a22b-18aae7fae1fb	669	1628	97	41	king
2c14d487-40f0-4aeb-b5bf-5c697d860edc	669	1628	97	41	,
b5f3c49c-4038-4123-b373-09063fa2ebdf	771	1628	102	41	226
4e10058d-2fea-47d5-9f7c-8ec701b357c0	771	1628	102	41	;
daa957c3-e061-4d31-bc16-20b4bad5ba23	879	1628	113	41	walks
e1c814c4-449b-4e93-9b2c-669bd7102aef	997	1628	51	41	in
22c74cdc-b68b-49ed-b9ab-4f7dd9a11c9f	1053	1628	92	41	way
ba02aa57-94bb-43ff-8f1b-ab82d82158e8	1150	1628	51	41	of
b6bc971e-020f-4603-8e94-2e146e9e2581	1207	1628	95	41	Lord
2e3039eb-4f87-47d3-bc61-8ec4fd980802	1207	1628	95	41	,
02c4fdc3-df88-44ec-baf7-0dc496ef6d8f	126	1669	83	38	226
034d3178-2418-4571-b2c6-e50f5c4b1b3c	126	1669	83	38	;
b17b8835-a943-469f-a9af-652b84611cae	214	1669	120	37	causes
623eca69-509b-4aee-b38c-3be7106f91e1	339	1669	111	37	people
906053f2-53c9-420b-94a4-fc69991f3a3f	454	1669	46	37	to
8a553139-fcff-44f8-8dce-c8a05a3fc9d8	505	1669	65	37	till
65f4fd60-7020-4138-a318-031ed4fa2576	574	1669	65	37	the
4e5c16c8-2ba6-4231-9681-339d62b734d9	644	1669	106	37	earth
b6a59a6f-9c67-4aa4-9d47-30faa7d4d3d2	644	1669	106	37	,
dfafae32-1245-47c0-aef7-dc6563e307a6	754	1669	92	37	226
63180ea6-10a6-4ff8-83a0-8f65897031d0	754	1669	92	37	;
35f23e4e-b2ab-446c-a46a-dc298637ba4c	852	1669	55	37	no
eae0e1bb-7f2e-4562-94ec-c0ec196f5f57	912	1669	194	37	contention
4e1329cf-a6d6-40e6-a85f-a6492eec9ce8	912	1669	194	37	,
1f4d6c87-296c-4f8b-93db-8be2d3c6c09e	1110	1669	88	37	226
5d956b2b-5a7f-47d1-bcfd-aa1281919036	1110	1669	88	37	;
921f768f-8241-4f37-b396-4ee56587e5f6	1203	1669	99	38	sends
8c6f9222-cbe2-4b7c-b611-9ee9d2df3734	129	1706	72	41	men
2223f600-cbaf-401f-8cf9-e42f92a45acf	206	1706	51	41	to
92d0b441-d245-4c85-b44b-c9b904400993	262	1706	87	41	land
7c442f05-c9c9-4f4a-84f4-de3e42f6f3f9	354	1706	46	41	of
a3f01d0e-b590-4910-ba09-6485cf2f1287	405	1706	205	41	Lehi
33f71772-7832-41d8-b6c0-b6c250a1dd86	405	1706	205	41	-
d19a1c01-7b0f-4c01-ae74-35a0f9b11a14	405	1706	205	41	Nephi
afa3dbf0-d3d8-48a1-a481-280ec3a63090	405	1706	205	41	,
545e6e15-b515-42fe-a2ee-3433f4f3a00c	615	1706	92	41	227
ecc7947a-3d79-4e74-8861-abe432f4637d	615	1706	92	41	;
b3d3a7d5-d915-4cc8-8358-212796c8627c	713	1706	143	41	receives
d99cd791-1be8-42f0-a7a3-92535f9288ec	861	1706	138	41	records
8882fd29-1bf8-4ad0-a739-443e69930ab2	1005	1706	46	41	of
0d5cf658-6e12-4cba-9039-3d98bdb32ff0	1056	1706	77	41	and
7e27ee90-2488-4e9f-8073-385a54fe5911	1138	1706	118	41	people
f84217be-f913-43d2-ad8f-421a1a26b152	1261	1706	41	41	of
9dd8614d-8101-4597-9ee3-6255da81cdae	129	1747	118	41	Limhi
f85ee053-d67a-49c2-9b6e-9aaa52a71e0f	129	1747	118	41	,
4f8f848b-ef25-4596-8233-8b411789ba97	252	1747	87	41	273
7b817cdc-ab23-4213-bb40-4c67a0b9cea3	252	1747	87	41	,
ed1b6530-aaef-4cc3-9d6f-5928b69d81be	344	1747	92	41	291
1f3d727c-86fc-4b5a-8bdc-bbb818131fc1	344	1747	92	41	;
36010cb9-1254-4e36-9155-4beb28e7311e	441	1747	149	41	receives
482f4533-b117-4217-bac1-4f345dda3ff6	595	1747	123	41	people
5acbe336-c241-4bd4-b3d7-a86fc2802d40	723	1747	56	41	of
c81ad7bf-07c8-4847-8338-e58acf0e681a	784	1747	113	41	Alma
f4662db2-3562-4b72-90a4-21a5102a967c	784	1747	113	41	,
d701f583-bf03-48bc-9014-8eca7a9816ad	902	1747	97	41	279
212fee63-ced9-475c-8015-1b4a07ef8da2	902	1747	97	41	;
8150719c-1eef-4c92-88e5-29086b50eabf	1005	1747	108	41	reads
47894b57-c9f1-4a62-847b-d3e9d2f4d5cf	1117	1747	138	41	records
b0e24bd8-0a0d-47f3-886b-dac33fa1d8f9	1261	1747	41	41	of
31ee9ea0-158d-4100-99aa-de8b9f0680c9	126	1782	103	41	Zeniff
11439b7c-8b6e-4478-a627-67eb199eb267	233	1782	77	41	and
a7a81f25-4610-4558-93d5-aeaabf92719e	315	1782	46	41	of
5052bac6-1b79-49fd-97e4-24eab296caa2	367	1782	108	41	Alma
70af6ff4-0bc7-4722-bfb0-61f2475e6dfb	367	1782	108	41	,
beeba9a8-b30b-4e1f-894d-494149bd62cc	479	1782	87	41	279
927b3838-368c-4a1f-8a87-391c2fcb9caf	479	1782	87	41	;
0ffdd2fb-f7bb-48e5-964e-99e0018fb1d0	571	1782	143	41	permits
a472c744-ff56-474e-9606-5473c1a00e80	720	1782	102	41	Alma
88e24aab-fb5c-4f28-9af1-787288a400c1	828	1782	46	41	to
7d75ce26-3022-4547-aaed-d69591a2d03d	879	1782	159	41	establish
1a441196-11d0-4b25-8508-cc13a3bae1f5	1043	1782	169	41	churches
f9eae8d4-d951-45c8-85a7-f44287d63736	1043	1782	169	41	,
a3762c49-6769-4916-87df-e8288dc1aa2f	1217	1782	67	41	281
26b6f3f7-2844-4342-8abb-28858482dc08	1288	1782	14	41	;
29a0eb49-77fe-4fd8-81d8-23d561f85972	126	1823	97	41	gives
2f93aefe-2081-4a2a-b200-181a5b58b745	228	1823	102	41	Alma
51d79f24-e322-476f-829a-205facf58b15	336	1823	179	41	authority
2aec255b-bb6a-47c0-89dc-e301bf3039a8	520	1823	87	41	over
9f39dc62-dd6d-4a42-85aa-28152f140dee	612	1823	138	41	church
b626f85c-6049-4483-b0da-4548150efcee	612	1823	138	41	,
cfc6d6f8-eb7e-4366-bdba-42d4e2fe3157	756	1823	87	41	282
bd3dff65-1f20-4d7e-baf6-97c5a0e4f5cc	756	1823	87	41	,
611bbd02-5c01-4fdb-af13-1ef507c11748	848	1823	97	41	283
2b8e7e09-9d43-4e95-b5bb-66767397e6dd	848	1823	97	41	;
6372bbba-8cf9-43af-852e-5ebd96c78cd6	950	1823	113	41	sends
0d1749f2-387a-4e38-8d75-d9e67eca923b	1068	1823	234	41	proclamation
c622bb31-0d4f-4da1-a8b8-2d1214923dc7	1068	1823	234	41	,
09de0925-435a-4d40-99ec-7304b3c11af0	126	1864	95	38	285
99b9090e-8bbb-4c89-a5b9-bc14157b7c0a	126	1864	95	38	;
1f53d3af-8f3b-47ad-8a6e-3cc78a1a3fa6	226	1864	95	38	sons
e7811a59-c3ff-4765-9826-5211ffba95ad	325	1864	62	38	of
e6409e22-fddf-46a9-a000-d45b37b03c09	325	1864	62	38	,
604c8a69-2d8a-4145-800f-9cc464e590f1	392	1864	214	38	unbelievers
35bd4223-7ceb-4420-ab4d-b036e26f49c6	392	1864	214	38	,
b8cdfaee-b3e7-47f0-bf32-4583fc1951f0	610	1864	100	38	286
6ad2758b-a86c-4d1f-86c5-cd3bce0daffe	610	1864	100	38	;
2d069540-c8e0-489e-a116-3ead4510a953	715	1864	100	38	angel
b6a223f2-1eef-45cb-8bf0-47deeda678b5	824	1861	159	41	appears
717837fa-46f4-404d-b09c-10f97e87f207	988	1861	51	41	to
91e6fe3a-cfd8-4bdb-a773-3ec292c062b0	1045	1861	97	41	sons
afb52e34-840c-4be0-87f0-c2c13f6c81fa	1147	1861	61	41	of
eccf7029-1842-41cb-b291-f3005930882a	1147	1861	61	41	,
493636d1-8054-47cf-9037-2e590422ecc9	1214	1861	88	41	286
beedc495-ecf4-45b6-8692-5531ca013d37	1214	1861	88	41	;
2e5671a2-a1ab-470d-b359-11dad9005057	126	1902	143	38	Ammon
b17396fb-5539-4c87-8044-3b5420f8a97c	126	1902	143	38	,
a7d4dad0-3dbb-41a5-abcd-e1922fc61eb8	274	1902	125	37	Aaron
c12cc3d0-d610-425f-96f2-24fc5c599cf7	274	1902	125	37	,
649ac575-ab6b-4090-a17d-7faafbe93829	403	1902	134	37	Omner
ab72539f-09b1-4551-b972-e9bb13ffdb56	403	1902	134	37	,
c3064fa2-102c-4820-b101-2795f783f186	542	1902	129	37	Himni
0860c9aa-4c26-470a-9b4a-ca27a5cefa75	542	1902	129	37	,
8e31220c-6ef1-4d70-811c-40cc95b0770c	676	1902	88	37	sons
abda3383-cc09-4e13-bd73-1106efe8400e	768	1902	55	37	of
4f21df24-0028-48e8-832f-ee216cfb3f8e	768	1902	55	37	,
98e24421-2add-4387-b904-c575cd6c6e2d	828	1902	102	37	teach
76897ca9-9dae-4eb8-909f-1ce1bca8a192	935	1902	120	37	people
691507a4-a1df-4a93-b186-00fac0e9c071	1060	1902	46	37	of
a0fd6306-502b-4f2a-9c5a-60630366986c	1110	1902	192	38	Zarahemla
37a3cf71-002d-463d-b349-ddf85d623d67	1110	1902	192	38	,
f10ff173-2302-4b5c-aad2-11c7431db827	126	1939	87	41	289
8ce53058-fd94-40cd-95a0-25306ef5646c	126	1939	87	41	;
e3503516-a348-476a-a4e0-48f6c3098aa8	218	1939	87	41	sons
9be8f384-c161-4584-8824-1530b8de172a	310	1939	56	41	of
c16372a6-9241-4dde-8f28-5d4e2cb56cd1	310	1939	56	41	,
9f282403-b25f-499f-a289-5e3b0919bee5	372	1939	118	41	desire
7d2f5d1c-1747-46d4-9235-4fcc3800f486	495	1939	46	41	to
19489b7f-8ffb-4aa9-bd57-3b141d7e9cd3	546	1939	128	41	preach
821df3fe-00bd-45cc-bff2-5f20453f1c39	679	1939	51	41	to
808ffd68-f59f-46a7-b64b-1b1ecbcada16	735	1939	195	41	Lamanites
3e401d0f-d221-411a-bcee-674a2b96159d	735	1939	195	41	,
41cc29ca-14a4-419b-ab6c-264bf065ba6f	935	1939	97	41	290
65ad96ed-738b-4348-81ba-8fb83529c332	935	1939	97	41	;
98f8ffb1-512f-46e3-b826-ee075488add2	1038	1939	87	41	sons
75d9f961-67e7-46af-bbda-ec72a52821a9	1130	1939	56	41	of
31c49333-e2dd-4c5e-a259-3a40596c31d8	1130	1939	56	41	,
59f273ba-e7e8-49be-9dc2-8a7924184374	1191	1939	108	41	refuse
82f5b6c4-fdd4-436f-9a80-eae94f2fd963	126	1980	66	35	the
e9b8e38d-c407-4994-86c3-68b8ef2f817e	196	1980	166	35	kingdom
968eeaf8-a634-4224-8748-7f82bf3f22d2	196	1980	166	35	,
64f3d53a-8a7f-4d3d-840a-7d32ae49d6d3	359	1977	100	38	291
f9677c33-d78e-42af-abdd-5957b4caefc4	359	1977	100	38	;
3614c238-df4e-420c-b462-ae3df011ce67	463	1977	190	38	translates
2fb1fd02-cb32-47fc-8cbd-ac820fd3fd31	658	1977	142	38	records
ebe4a6b1-63ab-44fb-9d20-f74869a6c0e8	658	1977	142	38	,
220d16de-a10e-40e8-8c36-31e056572c9c	805	1977	100	38	291
9317f7e3-d17d-4626-ad3d-b588ae5e3312	805	1977	100	38	;
dc8b0cef-4c3c-4700-b61d-b524408acba1	909	1977	138	38	confers
3abda880-a98c-499f-b60b-9b431a385b93	1052	1977	123	38	plates
815238a7-d29b-45ea-ab06-1f9960355f21	1052	1977	123	38	,
7aa6d75b-54fa-4e86-8fe6-fd8c12625d39	1180	1977	122	38	record
733fa0cc-33b2-4147-bd87-90b9bc9c1e92	1180	1977	122	38	,
e0414122-ec81-4446-b900-b2b36e205f73	126	2018	204	38	interpreters
967a2853-d0e6-4cea-9b83-69493afab18f	335	2018	52	38	on
a036ed95-c8f9-43e5-8da4-4dfd0a543840	392	2018	104	38	Alma
000f0a6d-d462-4ed9-8191-9014f3701874	392	2018	104	38	,
f5b8a31c-afc0-403e-b8a4-362996553d10	501	2018	71	38	son
9da6f9b9-e742-41bd-a59f-894a306660d2	577	2018	47	38	of
5b14bbdf-8bff-4332-a1f2-2dd635c8958f	629	2018	109	38	Alma
c3052e39-b77b-40d4-996d-7d6dad2455ed	629	2018	109	38	,
7549031f-a9be-4ae7-9600-8457248c43c6	743	2018	85	38	292
b6680db3-7f87-44ba-b335-642bfd00e19d	743	2018	85	38	;
b20d7b83-c6a4-47ff-928f-53f7283712ed	833	2018	90	38	asks
0d033b28-b4c1-44f0-8532-42bd8235c09f	928	2018	71	38	will
c72ae7f6-aa00-4c3b-9610-f6d8c41ebb70	1004	2018	47	38	of
7c0f75e1-0d9a-4f66-80a7-9b558e0976d2	1056	2018	114	38	people
dc6f2016-4027-4270-9d48-2754e4e30386	1175	2018	127	38	regard
4980ef37-c2e1-4da1-8893-81a127e57d19	1175	2018	127	38	-
dfc672f4-022c-477e-b79b-0a30673c23f3	126	2056	62	38	ing
23ab2dd0-4d42-47b3-871c-9b8c07d116df	192	2056	90	38	king
1b75cfa4-0c5c-4b77-b1fc-e8e57a57323e	192	2056	90	38	,
bd80db4d-9df0-41c5-b265-33a7f168a294	287	2056	90	38	292
b4c7533a-c451-419b-90f6-77e3d5a71b33	287	2056	90	38	;
22fb5416-cbe3-469b-90e7-01271cd84e7d	382	2056	147	38	message
1df415a9-f1b7-47fd-b78f-27aeb11a11f1	534	2056	43	38	of
f74d9546-8ff1-4760-81fa-dc63cfb08b36	582	2056	128	38	Mosiah
cf529ba9-6826-4ad3-b6c1-e20e163fc6b5	715	2056	47	38	to
32306e34-0a00-4231-a379-4d70f6a16f31	767	2056	114	38	people
f73b5600-1920-4943-be55-64d3f2948c0b	885	2056	190	38	concerning
cea047aa-0ffc-4f52-83ad-997e1d73f550	1080	2056	33	38	a
92906ad6-ddaf-4a13-b15d-a56a31b56db6	1118	2056	95	38	king
a7b97d4b-6420-441a-8909-27b84282ca99	1118	2056	95	38	,
db396402-ee54-4e7e-b934-7199bf8c100c	1218	2056	84	38	292
aa308d53-f5c8-489a-95fb-a35087605725	1218	2056	84	38	;
