ID	X	Y	Width	Height	Text
3c54e120-bec7-4ead-b141-77ae74e607da	648	78	173	45	INDEX
7300092d-9a10-4e46-a8e0-6b9cb0834fe0	648	78	173	45	.
657eb355-b886-46a0-bd4a-52cb63e03032	1264	82	72	38	811
f3cafb38-8806-4b30-8fc5-6d6ac2c6e393	153	144	50	80	La
e25cf3a4-c507-4ea5-892f-c9c52fc307ee	212	144	139	80	contend
da04e136-a95e-4ffd-b2fe-117e737c15cd	360	146	80	80	with
6a92f4b8-8f65-4f7e-bfe4-8c761d84fd3a	449	147	178	81	bethere
66c763fd-d103-48a1-bbb7-f15683be434f	449	147	178	81	,
6a38d001-f264-4e36-8655-f81396e374a1	636	149	90	80	ants
6b5ced58-4690-4a1c-bb11-b63176047c06	735	150	40	79	to
6575743b-c235-4d5b-8e5f-c47b86ac9a99	784	150	109	80	people
b9bd4dc2-06e2-44d8-98ec-31f2f3056298	903	152	90	80	ader
af5555bb-5e12-4062-bd28-392054fff169	1001	153	60	80	om
1dab22be-7cc6-4f8e-9e82-5b3f3ff279e9	1001	153	60	80	,
aa0c89f0-7755-427b-a682-6fe45cd3d2fb	1070	153	90	80	7
32b5a995-781a-4c10-a58c-c80c5728b60f	1070	153	90	80	;
7f8f111d-7ef9-4aba-89eb-eda7f2dc56bc	1169	154	90	80	meet
8ba9afee-9f5e-41cd-a6df-a93deee3de9d	1268	155	69	80	ud
f6de6ca8-58ae-4dc4-9f96-83efb730155b	167	230	144	41	manites
c6231cbf-919d-468c-87be-6301d4259b45	315	230	51	41	in
b5c2a717-9fc5-4d58-8a0c-67306dc074b3	372	230	154	41	Jershon
f270ac6c-2cdc-44cd-883c-e5ba8157e5e8	372	230	154	41	,
8fbddd68-e01c-4656-ba01-10fc8ce01a92	531	230	97	41	458
6d0f4efd-0d34-494e-aadb-7ef23838461c	531	230	97	41	;
dee1509e-2006-44fa-acdb-86a7392baa32	633	230	97	41	part
f32bbe03-f54b-4972-a43c-b1fb8880d340	735	230	56	41	of
c2891e67-0ace-43b6-a7f7-1cc2d002c868	735	230	56	41	,
4dc5edee-a39b-45bd-9e43-077dd1bcfaf4	797	230	128	41	attack
79447835-8ab1-44ef-99a1-3e1730a7cb1b	930	230	189	41	Lamanites
54061287-aa40-4e46-b072-570e4efaf0f5	1125	230	113	41	under
f5df2cd1-fa91-4dfa-93ae-df2d06cdb53a	1242	230	91	41	Lehi
f864e1a6-46c8-4f33-97cc-7a7650a00750	1242	230	91	41	,
35125928-2777-4bd6-8ad2-be11a883ed7b	167	271	82	41	460
77cef774-cdca-40d7-a7d4-074c41846bf8	167	271	82	41	;
0fba7628-2acd-4327-82ac-f9df60201e6a	254	271	149	41	inspired
90fabd3b-fb8d-4603-864f-44b1619ed8e3	408	271	56	41	by
27b48230-e242-4b13-a795-3ba5bf6eee9a	469	271	113	41	rights
1ce6b6b2-0bfd-4a5b-988a-511d0675e4bc	587	271	46	41	of
247589c6-158c-4b91-ba4e-9a1e64f012f0	638	271	154	41	Worship
93917246-bf33-43e5-8340-69490a732766	638	271	154	41	,
c405e5de-10b2-47cb-8cda-c8edf5d5ba77	797	271	92	41	461
0e89ef01-d6df-4401-be2c-5ba11fb0540d	797	271	92	41	;
06683787-a896-47b2-81e9-be27244e4bcc	894	271	102	41	Alma
7f22cdb4-faa0-49f2-958c-9559e95796ed	1002	271	184	41	prophesies
afc293b4-649c-4008-8fa9-74354d941fd4	1191	271	145	41	concern
76b3f96f-0a01-48fb-8f6d-b1460c1cca74	1191	271	145	41	-
3bd07c81-4058-41fe-8eee-b48acf96737c	164	309	75	41	ing
75d31dda-a608-4be3-a363-e13812014c81	164	309	75	41	,
826fa90a-5bc9-40f8-a2a9-8312eeb66ae3	244	309	100	40	466
7889c336-412f-41b7-9e19-0506ae290aa1	244	309	100	40	;
bdf45e75-bbad-4e70-a562-3d2ceadb5dd1	349	309	165	40	Helaman
98060111-f291-4ed7-af6b-c10a21b6b4f1	519	309	80	40	and
239d925d-c5ff-4327-bbde-7de7229e5c40	604	309	160	40	brethren
12a020ce-0d17-450d-a95f-c531949cff23	768	309	200	40	established
2344ace1-3fd6-4577-a635-aa674fb3e79c	973	309	130	40	church
2f794ebb-dd79-4ab7-9252-ca3ccc1449e8	1108	309	135	40	among
6a365cf0-361f-496b-b5c0-17c498c0ae87	1108	309	135	40	,
db823bda-35db-4e96-8a51-d128644b6055	1248	309	85	41	468
49d6df22-a429-47a5-a418-1006d7298226	1248	309	85	41	;
679eb72f-2552-48f9-9075-8fa8f01b21cf	164	349	228	38	forgetfulness
33b87191-f6a8-484d-989f-118fbbf29aa3	396	349	52	38	of
097732f2-2159-41d6-9b17-1c82c2dd91a9	396	349	52	38	,
e9a5dc0d-f4a0-4994-b713-cedcdfb077b4	453	349	85	38	469
880035d0-f86a-4df0-aa42-331351a9d553	453	349	85	38	;
49575385-3dad-45e1-9ac5-bd44ee0c4da3	544	349	161	38	standard
2632f315-1695-4c6a-963b-9e7a2dc8d99e	710	349	43	38	of
bb5b5fae-6b43-4477-802b-4b1407bcf69a	757	349	123	38	liberty
281b3fda-3bec-45aa-8ebf-6ba71fa63f0d	885	349	133	38	planted
02334851-8ec8-4c11-900a-8f4baf040c36	1023	349	119	38	among
c72e2c9c-9cd0-4549-8428-7dada850339c	1146	349	52	38	by
6746acf1-c25a-4d40-a941-e1311c3006a1	1203	349	130	38	Moroni
9d9b5ff6-1dc8-43bc-b6ba-282122404496	1203	349	130	38	,
de9fd215-7245-43d4-a647-79c0219fbd8f	164	387	87	41	473
b596da65-5e3e-4f0c-b04d-f17a9a86a058	164	387	87	41	;
ed18f164-22cf-4399-985b-4b3f61d24f5a	256	387	184	41	Lamanites
837a59f9-3a15-4b2e-bd65-ddc57620436d	446	387	92	41	come
a674ca33-cda5-4112-ac49-b0a63e413dd1	543	387	138	41	against
51aa9d2e-41c8-47cf-ab51-aa59f0842d4f	543	387	138	41	,
211dfa95-abff-4ece-83c2-597e0641b156	686	387	87	41	478
a042cd44-0803-4bf6-a248-a43c2a1175d5	686	387	87	41	;
b31a715a-8c6a-49e5-a023-1b2aa9feee35	778	387	97	41	faith
3593c650-8fbd-4471-a54a-df58b79a391e	881	387	72	41	and
e689b7ec-b6e5-4d9d-93bf-61e878b65b3f	958	387	102	41	belief
2ce39fbe-b2d6-4785-8df6-143c5accbd0d	1065	387	51	41	of
d5459260-a010-498f-ac6b-8f079a604b24	1065	387	51	41	,
1c0b4bd3-d703-4956-9659-0f91269027a9	1122	387	92	41	479
e3716b67-2df9-43c0-bea6-0c1c37aaad22	1122	387	92	41	;
9050d773-37bd-4b78-8cdd-abfd92af1295	1219	387	111	41	fortify
b097dc38-6a36-4406-ac3f-f606986dae15	164	425	221	41	Ammonihah
5da7b24c-642d-4bd0-9f3c-dd7508167aaa	164	425	221	41	,
5fafddf7-8b32-4e56-8cf6-376b8efb6f85	389	425	92	41	481
2b1d3718-eaf0-4534-bc60-e035e8cb1f12	389	425	92	41	;
0b371b33-64d7-4608-ac23-bb7005a1673a	487	425	97	41	none
11476999-ac3e-4efa-aae6-18f6959450e3	589	425	92	41	slain
8f948ffd-1fe9-4cdb-9b53-a992a262fa59	686	425	138	41	among
b6778a02-7727-49a8-b0ed-938ca99c4931	686	425	138	41	,
9961740d-16dd-4036-9867-403f639bcb2e	830	425	92	41	484
1c0cb7fb-9286-4dc4-b057-1d7c37541e35	830	425	92	41	;
a7b43d8d-c9eb-4f50-a461-9a28afc02afa	927	425	133	41	possess
21bd5800-a74d-46ca-820f-04270e26aa30	1065	425	61	41	all
b308d482-e919-421d-baee-29b687edb042	1132	425	87	41	land
fd991920-fba2-4c12-9bac-31734d90568d	1224	425	113	41	north
e519a3f8-f2eb-4e30-9d6d-3cb843e6a17f	1224	425	113	41	-
d7ecf7c3-ead9-42a6-a831-ec5303cf1666	167	463	92	41	ward
8fa11bb8-6bb4-4fa7-b5bf-0e40182cdebf	264	463	46	41	of
7d102b50-75fa-4ffc-ae04-b852441e2580	315	463	87	41	land
11d22b51-3bf5-4a9b-a7cf-83a3bd340f9c	408	463	179	41	Bountiful
c433b564-84ba-42af-ab7e-46cc0af1acde	408	463	179	41	,
5dc0b564-1afd-4aea-b0af-39e1a7af0514	592	463	92	41	486
c06d705c-9ead-4ecf-be8f-a2ed832dcdf0	592	463	92	41	;
9cba4ccb-e0af-4c5a-80c8-bffa16812774	689	463	106	41	waxed
686a0b72-16e8-43be-943e-6efcd6b92596	799	463	137	38	strong
d0500ac6-921e-4040-9c13-ea938653cdbd	799	463	137	38	,
d3bdb7b6-dd23-4d85-8dc8-eface094ad46	941	463	90	38	486
2d089bc9-eea5-4411-aa2d-0440b8e70c6d	941	463	90	38	;
7247eb75-9fa3-4101-a545-098d9d442036	1036	463	119	38	driven
d817c663-cfde-43ac-858b-7204e5e298a6	1159	463	52	38	at
4f118658-6b84-4eef-bfcc-17f7bedc16e5	1216	463	81	38	city
fa3303ba-d48e-4594-bc8a-1dfddfd58cb7	1302	463	35	38	of
b8766194-43ff-4016-9fcf-6036bf9d7ac7	164	501	140	41	Moroni
c03403b1-f438-4ced-9aa0-7d0c491a59ed	164	501	140	41	,
e8104c83-71d3-4472-8d0e-cae023552a64	309	501	95	40	493
98ae2645-075f-45b7-8518-ce03ba05cd1e	309	501	95	40	;
5ae36ada-f87e-4a75-82f1-0f3ee891a1ad	409	501	165	40	harassed
5eb2c61d-edd2-42a8-aca1-c4ea0c411559	579	501	55	40	by
9a6e61ab-643f-4b63-b96d-59d2b1468b47	639	501	185	40	Ammoron
94b43b5b-a6b0-4cca-a3f3-f04e6ff7c9aa	639	501	185	40	,
3772f379-c006-4adf-b59c-6cacbcb7314f	828	501	95	40	496
216ffad8-ebbc-4ece-98a2-004d52570728	828	501	95	40	;
9874f899-f2e3-45a1-b04e-af77263e1549	928	501	125	40	people
cf6dedb1-e047-4dc4-a567-a33c02db40f5	1058	501	50	40	of
29a3b0ca-d16b-4b6d-81a8-2bee011a2139	1113	501	140	40	Ammon
a2886ff3-f405-4b5b-b72a-0c4d13862fa9	1258	501	79	41	take
1fe4db3d-cb28-4af8-b626-9e5376a0ce5d	164	538	108	41	name
7a01eb56-be19-47a5-82ec-cf51c48a6283	277	538	61	41	of
4aa63630-c395-4192-90a0-5fb5531ec9eb	277	538	61	41	,
00b52949-cbfd-4550-9052-4299767ab12d	343	538	102	41	502
6abd9388-870b-4c38-a2b8-fef51e04e86e	343	538	102	41	;
540e8562-751c-4c8a-884e-25fd7c8a86f2	451	538	169	41	prisoners
bbb3fd12-1e81-482e-b503-f82fcfaf9377	625	538	133	41	among
03ed9b42-7b55-4778-84f9-4c8d55ab1ce8	763	538	195	41	Lamanites
cb3ebe11-749b-4aad-a425-edaab68140d4	963	538	149	41	rescued
6a0d917d-9540-4101-bc5c-eccd63ada39f	963	538	149	41	,
e5385332-b3c1-40c0-9478-7bf3ea806f52	1116	538	102	41	508
6ed44ef2-51f6-4008-89c9-625145e60ec5	1116	538	102	41	;
156a2e0c-f12b-4272-80f4-7792a559656e	1224	538	109	41	regain
c4dfc13e-8b45-4c49-8a0e-1f59f852ac67	164	579	190	41	Antiparah
2c3c1b23-1323-41c9-bb48-04293c562c8f	164	579	190	41	,
909824c7-90b7-4daf-b9c4-fc274026ad47	359	579	92	41	515
03c3e43f-c779-4f46-ac3b-904adb8dfb7b	359	579	92	41	;
5acfce51-2d4a-4aa9-9d77-991f01fcd998	456	579	102	41	many
5dddadc4-7a77-4634-8f24-06f828bef2ca	563	579	51	41	go
b50ffcd4-c004-4761-a610-1ebd01b6d693	620	579	200	41	northward
a3fc4734-e863-49d5-b178-f0d7980a63e5	620	579	200	41	,
63c4f248-1677-4bcf-a2c1-005909919f91	825	579	92	41	541
eb89bcfb-8fb9-4555-80fe-8d28d91aefa2	825	579	92	41	;
a51c7466-02dc-4f10-adaa-115a6f8fc289	922	579	189	41	contention
4625b7c9-d6df-41df-84e6-b5ac46077b0a	1116	579	128	41	among
51cf815a-8d5d-49ca-b1a0-36f778ffece7	1116	579	128	41	,
0c499e87-4ee3-4fb1-aa71-ad50132e6c94	1250	579	87	41	542
ef26e72c-34c7-4833-aee7-8f50daacab29	1250	579	87	41	;
0351dd41-c153-451c-ad1e-d89a2638ff14	167	617	185	41	Lamanites
a903d2e2-6a34-4146-9627-e8b854a32a04	356	617	102	41	wage
892da989-de6d-431d-ae61-cebd5537dc99	464	617	82	41	war
3d577588-f279-46d8-b880-871245580893	551	617	61	41	on
502d66c9-9bd9-40b4-bd05-18e3ab8d84bb	551	617	61	41	,
b113578e-00c3-40a8-852c-ba3b2b3558b6	618	617	97	41	544
532c1a61-3029-479d-92e6-ed4f3ab2287b	618	617	97	41	;
481527dd-81fe-41b9-9b14-bb6fda9dbcac	720	617	77	41	flee
4331465d-bed2-4d6e-bf0d-5285a530f593	802	617	97	41	from
457beb1f-82fd-4a38-bf41-eaba42452440	904	617	200	41	Zarahemla
86a3c729-5bd6-4fc2-af05-20cd13bb60cc	904	617	200	41	,
e0b14743-b703-4a1c-a240-40abdb41eb2d	1109	617	97	41	545
a96f7627-3409-4311-bdeb-95f3d7676fcf	1109	617	97	41	;
12b4d6cc-416d-44f3-a49b-86c05a399be8	1212	617	125	41	become
a7dbfba9-577d-4d83-9560-ea3cc221bf1a	167	655	187	44	Lamanites
0ddff95f-116c-4546-b898-a8bd5d23e041	167	655	187	44	,
499fa320-e615-4b4d-baa4-39d5cbd73e69	359	655	93	44	550
9282d383-a0b9-47d4-a21f-10e402067b79	359	655	93	44	;
8669a745-ddfc-4e5e-b2fd-18c7a9675561	458	655	148	44	disaster
f39f49f1-2f4e-47b6-b561-5583268ca196	612	655	126	44	among
392bba54-d710-4130-a661-7f8bab39500d	612	655	126	44	,
1f487d97-1146-4670-9de2-ca29a3287409	744	655	71	44	due
e91e719c-9468-4e2b-a785-dd56eea0a54b	821	655	49	44	to
673de94b-f4ba-41c2-8e50-a730731d4828	876	655	104	44	pride
6746645a-81c2-4ae9-ba14-add29080ce91	876	655	104	44	,
911b0427-4148-49f1-9365-2835184a22d8	986	655	93	44	554
f7b59289-c8d4-47bb-a8fa-ac0ee4be38dd	986	655	93	44	;
f9849bf7-747b-48b2-81e1-3c3dc9c78ee9	1085	655	115	44	under
75f60130-cf2a-434e-ae76-87e2baccfb9a	1206	655	131	44	Moroni
66964f8f-f977-41d7-b4bb-a7e4e9e22d0c	1206	655	131	44	-
af4b7a29-318e-45e9-b792-3b9258b207b5	164	696	76	38	hah
5f3597c0-bab3-41bf-8fd8-6e0df034ba17	245	696	123	38	regain
a19d9b6b-948a-4783-a9b4-c07b3e7060a4	373	696	81	38	half
a09d2a3d-80f3-450d-840d-6f7b31d5f8a2	458	696	52	38	of
18e26daf-1ff5-4a6b-a43b-93dd33f27221	515	696	109	38	cities
ac5df8c8-2f70-4fcf-96fe-75ff8ea912d0	515	696	109	38	,
fea06c10-7b6e-4889-a755-fc024de79ff2	629	696	95	38	554
5e6c8423-f0fe-4217-84bd-5af629f062b3	629	696	95	38	;
2faf218c-05a5-4eba-a5d9-2c43bc01d1f5	729	696	119	38	obtain
3c4b1181-373d-48f0-b7d5-703f2c28dd6f	852	696	100	38	their
398cbf5a-b7eb-43c6-8ccc-a69945a78081	957	696	85	38	land
6eb619fc-4af2-431f-81bb-4134a7c93d88	1047	696	100	38	from
61a4a5c1-00fd-4ae3-b89c-97020a4bf757	1151	696	189	38	Lamanites
fd5c3e09-f324-4cce-9b2d-86e83b6fbdd5	1151	696	189	38	,
3db9c711-20f5-4dd7-a185-1789a1c84546	164	734	93	38	561
7455be92-1a04-4f2b-babd-0b1e53f4bea3	164	734	93	38	;
0e6ca5bb-8201-40bf-9d44-1c03b846eb68	261	734	125	37	rejoice
53b71cae-8b47-4316-9c4f-c49e305b560e	390	734	65	37	for
5d94a442-6a1e-4ddb-b8f5-3eea1ee349d3	460	734	125	37	church
053c1f1b-3aab-4086-aa28-87c058440734	589	734	194	37	established
207646db-57d8-4ab8-8bb7-ff488de7fd9e	788	734	134	37	among
2cb6d99b-8717-4de5-b17c-8d43382b26c9	788	734	134	37	,
4b721369-76d6-4854-8ec6-6e6ec9f37334	926	734	92	37	561
2bd9eec9-79dd-4d3c-8465-8801e3b70d84	926	734	92	37	;
462d60c5-bc87-4948-8a6d-b689314e9b79	1024	734	55	37	go
5e1850ab-f300-46d5-bef1-bfff9e011119	1084	734	46	37	to
9b2cb14a-36ae-481e-a25e-08353891ed24	1134	734	88	37	land
23682475-0ffb-4895-9a36-de6bc5ec72da	1227	734	113	38	north
56a34779-ddc7-47e4-ac99-d1b20a34b277	1227	734	113	38	-
83e5b8dd-5a69-41b4-abf9-8fd6349e411c	167	771	98	41	ward
644c7944-00cb-41a0-b27e-1526a48ab8f3	167	771	98	41	,
0384f84e-2907-4e77-82a3-59c2898356aa	269	771	92	41	562
ae842ab9-c673-4eda-848d-12fc4025ef04	269	771	92	41	;
14e41260-4a24-4c10-a329-fa9a3a6dce13	367	771	102	41	many
5706a488-c28c-43ec-b559-8ca8dd32b8df	474	771	46	41	in
7ee6fbfe-3618-42dd-89d5-c683a373f56e	525	771	179	41	Gadianton
9148d4b8-8753-4478-8509-6c4ef542525f	710	771	102	41	band
be79f057-6293-403d-9748-2de8d7fee72d	710	771	102	41	,
e7602fbf-aa1c-4d14-84cb-56ab38b47369	817	771	72	41	and
b7bf6f56-50d8-4bbb-8112-9d0694ac9c4b	894	771	113	41	secret
65143cd2-0ccd-4df3-b6f2-400989217fcc	1012	771	236	41	combinations
ca8aa878-6690-4dcc-a168-2612bf839505	1012	771	236	41	,
5c9cc758-f859-483c-867f-80d3eb0287a1	1253	771	84	41	563
bf3de9b2-8a00-4507-83df-bef89e2f5e9c	1253	771	84	41	;
0fca1bc7-2b54-4740-b6c9-f0bba3bc19b5	167	809	138	41	dwindle
37b169c4-6174-45bd-b416-62f0e6b34fd3	310	809	46	41	in
b16e85b3-54e2-4438-82e4-7a0555defc90	362	809	149	41	unbelief
df9233e3-7931-46b2-80eb-50d09bd1de8c	362	809	149	41	,
071284c9-f729-49e9-8930-627c311a9169	515	809	92	41	565
12abdcd1-e202-4c86-a71e-7a02ae78057f	515	809	92	41	;
00d850e7-54ed-4b5d-89a6-ad39b0d836f3	612	809	179	41	encourage
69cf0ea6-bab5-41b3-a66d-cf870301f3f4	797	809	205	41	Gadiantons
d56d6564-1c70-4049-8db2-8af3ee736b7d	797	809	205	41	,
9f83688f-e82b-43ed-b356-ddebae07cb91	1007	809	92	41	566
e7fb2267-df7b-4600-9278-f94f51ad5a84	1007	809	92	41	;
dd43af9a-2d1a-4e4a-80b0-97c744302a38	1104	809	102	41	begin
95739b22-6c1c-4c26-8fcd-717db6b8597b	1212	809	46	41	to
fd60d61a-15a5-43d0-96ab-624b3ee99524	1263	809	74	41	slay
2ca4ac6d-2e9d-4f44-9b19-ae37d6c25940	167	847	94	44	each
6f4b9af8-8b85-462c-bc98-63fe7e52d63c	266	847	110	44	other
b78146b0-a3ea-4579-9b56-7d25eca57b5b	266	847	110	44	,
a1e3362f-a29c-4b63-ae1e-7dea89877410	381	847	99	44	579
af5cd296-600e-4445-b8b7-9637aa387afc	381	847	99	44	;
7fefeb15-6e71-45be-8287-9a0ab0ff63e3	486	847	104	44	great
e9e114ca-6e0f-4fc4-b8dc-95fd0017b5eb	596	847	132	44	famine
01bf7bd2-8ff4-4b68-a480-4c7627cc2638	733	847	137	44	among
e092a028-0792-45dd-9e31-2f96146c61f5	733	847	137	44	,
682ad138-7c01-4a29-9d9d-8dd2b7a3b70b	876	847	99	44	580
efc621a3-1d06-409b-8a93-3a96bb48df75	876	847	99	44	;
5dec766d-08ef-47b5-9894-742079c9b9ba	980	847	121	44	people
f7247785-4019-40ba-ab83-4b81b0853b68	1107	847	137	44	repent
7178ae8b-911e-421d-b1d9-3a5ac8523f19	1107	847	137	44	,
cd1d462b-4227-442c-8a4d-57a85ff340d7	1250	847	87	44	580
08c2eb54-e1b1-4839-9e71-d4abc36428cd	1250	847	87	44	;
7eed8c9d-b480-40be-8028-c8eef8c25f8d	167	888	144	41	prosper
ca640e74-9133-46ea-9d7d-f9add4685479	167	888	144	41	,
8c0a2733-030e-4af8-a3db-28324e680454	315	888	92	41	581
57725826-14dc-4b7b-af33-13c8c45d57a4	315	888	92	41	;
7c25d18f-93d4-42c8-9f50-ee29adfb6718	413	888	82	41	join
72ec406d-f260-4e20-848e-821137f27b6f	500	888	184	41	Gadianton
1d6bfb7c-ed07-45f7-9ef3-4e7080dce771	689	888	143	41	robbers
95520b47-de20-4ed4-b7de-f9ca9589325f	689	888	143	41	,
1951fd03-8945-467e-a530-528666a860be	838	888	92	41	603
210cb741-5c42-45e7-9e53-0656876c4b22	838	888	92	41	;
084d47ed-e7ea-4736-835b-71eb64ea5f40	935	888	97	41	fight
cc4086ce-6803-4a30-ad60-0a1decf2b4f2	1038	888	210	41	Gadiantons
187d8525-2d50-4aae-a249-3bcca9d58897	1038	888	210	41	,
7995a9d9-6d7f-40ff-a775-99bfb2efdc3e	1253	888	87	41	605
4e0de236-37f1-4e14-a417-195d509bfaf1	1253	888	87	41	;
bfe1d972-f026-4928-bf96-2154cc53a61f	167	926	97	38	unite
792550a7-8637-4428-86a0-0e370addaebe	269	926	88	37	with
5f9d5bfc-1b54-47e1-9a90-98083761aa22	361	926	194	37	Lamanites
c5472c34-535b-46c4-b9db-2ec22836b433	361	926	194	37	,
b4c089bd-460c-4c1f-bff1-b2b452ba11db	560	926	92	37	605
5558daf7-4be3-484d-af23-ccf46d2de8f4	560	926	92	37	;
f85334b2-f66c-452e-9a65-c516ed96677d	657	926	79	37	war
4346baf0-e2dc-4eb3-83fa-cb1f4613f032	740	926	88	37	with
7b73679d-a085-4921-ae48-7cfff5e3ea12	832	926	134	37	robbers
bab450f9-650d-464c-aeac-fa6a7eb195cd	971	926	88	37	605
a6678b86-f9fa-4dd3-866c-3106a08d0c93	971	926	88	37	;
72940bf6-1544-4680-97b8-a12e6f85204e	1064	926	125	37	gather
4236d2d8-2bfa-4fdc-8e84-4f6c972a4cd6	1193	926	46	37	in
bf3cde04-e623-42eb-b9a6-60cabbf1cfe1	1244	926	96	38	Zara
6fde65c3-b2b0-40ca-96a4-dccfbca26e66	1244	926	96	38	-
05fb7354-3bd2-44fe-8c04-0c3c06b2ccc6	167	963	123	41	hemla
4d040c56-af92-43ee-8c42-f03eef8fc2df	167	963	123	41	,
693e0ed1-2ddc-4a05-829a-7aec9f0767ec	295	963	97	41	609
59d72b48-4be6-4bfa-8a19-7dfc3ac12bd9	295	963	97	41	;
bae9580a-32d8-408d-928b-c5cec117d7ed	397	963	108	41	make
eb01221c-44dd-4837-9f96-a447111f4462	510	963	164	41	weapons
8c0c1b07-f43a-4c18-8286-5705461a2863	679	963	51	41	of
4f744f95-62d4-446d-9e6e-e0b56a2be942	735	963	92	41	war
8f234506-ad22-418a-b519-177cee8033ab	735	963	92	41	,
cadb754c-208e-4785-8795-97c71d62236b	833	963	97	41	610
b043d54b-5860-4313-9fe2-84105c323365	833	963	97	41	;
a0f05ba4-731d-4004-84a6-a6f3b9f10695	935	963	118	41	battle
5925a1a5-1ffe-4bfd-9ea0-79d8e3b13ee1	1058	963	97	41	with
2af27669-91b1-43b7-83e2-c7a32b045571	1160	963	176	41	Gadianton
56705978-ba03-4e16-a6ef-ab13fe8947e8	167	1004	144	41	robbers
fcc2f888-e6b7-47c5-80fb-b4fbb02fbf37	167	1004	144	41	,
c77e6e72-d65e-4d12-a7fa-326ffc55fe55	315	1004	97	41	611
e141a25c-696a-4151-8509-a95839999767	315	1004	97	41	;
eddf699b-91e0-45ce-b14a-bf693c9e2f12	418	1004	87	41	beat
39c9e43b-f0dc-4e6c-b49d-ae5d851f69da	510	1004	72	41	the
eb4240ee-b625-41c8-96b2-441e31a7c92e	587	1004	149	41	robbers
eb81ddf2-5bd3-4157-976b-457f8583bd70	587	1004	149	41	,
b05ffc4e-7f4e-4f0f-b630-51b584c40854	740	1004	87	41	611
c8ba44d1-dc71-436f-ba27-c5fc684fc2c5	740	1004	87	41	,
b4673484-e1dd-47b1-81b7-e752edd30c10	833	1004	97	41	613
2613212e-9c0e-4eb2-8284-3da628275837	833	1004	97	41	;
3e7766ec-1f50-42a3-963b-d24c4eda6fd1	935	1004	102	41	hang
af0461a6-c169-4c54-bb41-91d9cf2d2a47	1043	1004	205	41	Zemnariah
28871a1a-6400-4529-bd76-90978d3f7ed6	1043	1004	205	41	,
9e79a2c5-e303-4539-be72-c9884d5d365e	1253	1004	87	41	613
7ed7faf0-7fa4-45eb-980d-f7f922734d46	1253	1004	87	41	;
ae8d0406-c37f-4a86-81dd-e9d3b16b9e63	167	1042	114	38	return
d43debe3-51d7-40d6-b35a-eecb688f5427	286	1042	47	38	to
65c33238-e4af-428d-a5d9-68b69640e5ab	338	1042	76	38	own
59bcb79e-2f1c-4c5c-b55d-984cf96ec7d2	418	1042	95	38	land
ed8825f1-0101-4233-909c-ce4de1cc0668	418	1042	95	38	,
47e36ed5-4520-4d95-8642-5796b024e5f3	518	1042	90	38	617
f6809cf3-5e93-40f3-abd1-1d327318b817	518	1042	90	38	;
415829b1-49ac-4c55-9b3a-cb8d28c337e6	613	1042	180	38	conditions
5a5ec512-ec0a-4d2b-a4cc-c643e1b23dc1	798	1042	43	38	of
7231bcd8-1ecd-4d70-a1b5-4b9cb7703248	846	1042	90	38	rank
ff2f2f1b-ec28-4312-9288-43a66dd40b2f	941	1042	71	38	and
14878ea1-c734-4573-9ba4-945d4ffe23fa	1017	1042	195	38	wickedness
3589581b-ecc6-400f-81c2-f365634be8c4	1216	1042	124	38	among
d1411fb7-9129-4c89-88cf-90837e342a4a	1216	1042	124	38	,
3d61ac77-3836-47b8-b978-0daa0257259f	167	1080	92	41	618
ea4a7b6e-039e-4e6c-aaf9-022e437c7155	167	1080	92	41	;
f43e998c-c534-4a65-8101-60bed077218e	264	1080	159	41	separate
e848b5c8-e582-4e32-9232-68aa957d3461	428	1080	82	41	into
bb5d78f0-e111-4057-9664-f5ecdf535c98	515	1080	123	41	tribes
39bbb4c7-ce09-4eaa-af8d-18c05577d67e	515	1080	123	41	,
b271ba13-2fe2-4a0d-b98e-e2c105962b74	643	1080	102	41	620
126903c3-c718-49d7-abe2-6b7930fe5d56	643	1080	102	41	;
d40aa3fb-c720-4e1e-92dc-2c2759a59236	751	1080	118	41	Christ
51458dfd-9158-4ecc-a795-b438be892af3	874	1080	149	41	appears
ff619dd1-d3aa-44d7-9d3b-1fcfc47298f5	1027	1080	56	41	to
5e31d929-d4d4-49af-9b03-433cc29eedf1	1027	1080	56	41	,
ff33dbb8-e675-462d-bea8-9f8bc79e4dad	1089	1080	102	41	632
90aebe14-aea6-4512-a535-02293cf21455	1089	1080	102	41	;
1e0b08f0-7502-4742-a765-7abb8f1e733d	1196	1080	61	41	all
c62ad6e6-67ae-49f1-8085-4a118faed654	1263	1080	77	41	con
8e878bf9-64c8-4a02-af14-1e9ad2d4e66f	1263	1080	77	41	-
1cff781b-722a-43ca-bba9-a30a5f8690d4	167	1118	113	41	verted
c7a6c9c7-1145-4a01-aac9-e27ff6322fe8	285	1118	46	41	to
013b6ee9-491b-49e0-bedf-18218b6db690	336	1118	128	41	Christ
2f4428d6-6099-489b-bf6f-5c4d3c4baac2	336	1118	128	41	,
83f324d9-b19d-4c30-844b-3b70d6b3877d	469	1118	87	41	681
520b0a24-9b4d-4d73-aa33-e1c02f1aea36	469	1118	87	41	;
b0e71756-e0c7-422f-b485-42904fcb3ca0	561	1118	164	41	marriage
121f022e-2683-4f94-88db-2ec5a1433634	730	1118	128	41	among
a0bf9588-258f-48aa-bde8-d178dee3c1f6	730	1118	128	41	,
b6e0fc0e-0e5f-4259-ba88-48c65c97bcfa	863	1118	92	41	682
6f0607d2-eb5c-4fd5-a9c0-77ebcf5cf42d	863	1118	92	41	;
07fab3e0-6eb3-45f4-bf84-1b8de2cb69e3	961	1118	154	41	miracles
730b700d-0492-499f-8375-ccd30f2403e9	1119	1118	128	41	among
be7f03c4-c06a-4a88-b8dc-8370eb870eec	1119	1118	128	41	,
a3708592-32a7-4e2f-8c53-c9c7e60f01b1	1253	1118	84	41	683
38365924-34fb-487f-b7ce-b90c9c953f67	1253	1118	84	41	;
aa0916f2-dda1-4880-ae1c-238a5347e7c3	167	1155	99	44	great
41f2e396-befb-491b-a718-67717fb1de0e	271	1155	192	44	prosperity
fb253ac3-3152-4c86-9aee-57b539dcb8c3	271	1155	192	44	,
48e3dd85-66cc-4137-bab3-03c97982cdb3	469	1155	99	44	683
3ebba6ee-ff21-4352-80c3-a502a636fd86	469	1155	99	44	;
7f1f9c7e-4d53-46bb-a31a-511110a1d949	574	1155	33	44	a
6ece5f70-3884-4072-8e19-f0d3f8ab2465	612	1155	121	44	people
0d4ad8bf-f37b-40ad-aa12-00cfeea68d50	738	1155	110	44	again
8ad46949-c666-4fdf-a6ab-c6ebd7dd35c3	854	1155	121	44	called
559d1178-f8d7-42ca-ace5-280c2e52473c	854	1155	121	44	,
71be6be2-b815-49d8-a1cb-dc5f1abf9558	980	1155	99	44	685
57289352-df0e-41c7-baa6-4e7d8744edc8	980	1155	99	44	;
c8e08f97-c10a-47a1-9e53-fc7ad112b6eb	1085	1155	82	44	war
d23c6896-6aa2-446d-9986-3a2e2f2fba7f	1173	1155	93	44	with
4c20ae19-59ed-4932-8269-013b657ff5eb	1272	1155	65	44	and
84439854-57f8-4d16-8218-9719c998ae01	167	1196	82	41	beat
59ff92cc-0911-4485-bf87-6d9b61f91426	254	1196	200	41	Lamanites
4565b8a9-2ba5-4f71-bd9b-9b6af19ad83b	254	1196	200	41	,
713f3933-2fac-461b-8921-4c0cad8fb445	459	1196	92	41	688
60685aff-64f5-476c-87cc-aa14b537f998	459	1196	92	41	;
9b59c5f1-57c5-4f73-aed5-3f2a3cc45a8e	556	1196	87	41	war
952d5461-3247-4cb0-b8f7-b30d7b7f17fa	648	1196	92	41	with
37860e5a-7116-4d82-a21e-f303c3a847e0	746	1196	195	41	Lamanites
edc8271c-1672-46c8-838f-d8eedb205cd9	746	1196	195	41	,
1f09b14c-1bbc-4eb4-863f-49a138a84446	945	1196	97	41	689
118bbf4e-3bca-4aee-9a43-7680472b9259	945	1196	97	41	;
b249bb65-daac-4dfd-97c3-afd03b1f1c58	1048	1196	133	41	retreat
9a488510-45a5-40ca-ad5d-66e3f8f0082a	1186	1196	46	41	to
e99b3546-879a-4229-9ac4-ca68031da77c	1237	1196	99	41	north
6b98d8fa-5762-4bc4-889c-daaa4e9706d1	167	1234	149	41	country
efa3ee82-24e5-43db-ac03-ab6ad47962c5	167	1234	149	41	,
1a5eddce-33b8-4b69-8245-514d6a0fddcb	321	1234	97	41	689
0c03ade4-8e70-493b-8a8e-350895605fb5	321	1234	97	41	;
95aa1799-087d-4049-82da-aa948a12b294	423	1234	92	41	take
7b3d430d-e852-40a4-b3a2-c54dbe8291ae	520	1234	189	41	possession
a11a7083-8b48-4884-b0dd-5f71a853983e	715	1234	51	41	of
90d82afb-2a3d-46e5-a88a-804a080da30f	771	1234	133	41	Angola
718208ea-7089-4570-82b9-46321010eccc	909	1234	77	41	and
27619096-bbc2-41f7-8d68-f6d07844819f	991	1234	138	41	fortify
168c5b7d-5d77-4230-8c52-d2169e6a50ed	991	1234	138	41	,
3b395818-7709-43fc-92cb-7710bca517a9	1135	1234	128	41	driven
7905af77-6e45-4f9d-8fdc-cdf31e2b9b17	1268	1234	72	41	out
8c16c1c3-ffed-48ee-8476-cdd285387b21	1268	1234	72	41	,
e61a320e-ae28-46fa-a371-45b9d22e28b9	167	1272	87	41	689
f6349ebf-9fde-4615-bd8a-91369219bc83	167	1272	87	41	;
34bfac75-9b4e-4f17-b2ae-ea41132fcf23	259	1272	56	41	go
8662933a-de5f-45d4-b8f7-840d87d6364c	321	1272	46	41	to
c7d2bd5f-e045-4b77-95c9-5701251e6433	372	1272	87	41	land
ff3ea3f9-9d93-44e6-855c-651c6b129281	464	1272	46	41	of
f4e37c44-1675-446d-b479-4ed070fda257	515	1272	138	41	Joshua
89786d54-f099-4175-908e-67e35a2ca371	515	1272	138	41	,
66ba2390-3973-4d47-9faa-5516e1eb29bf	659	1272	92	41	689
bebabd3a-d770-493d-a330-fad581d61f83	659	1272	92	41	;
0e985e60-32bd-45bb-883f-8dfa80f629fa	756	1272	123	41	repent
2dff8700-8f61-4570-888b-71f665acbfd4	884	1272	41	41	of
cdc91fd3-94ec-47de-8856-76610096e161	930	1272	159	41	iniquity
f5acb6c7-d01d-481b-af5c-7c2f3229cece	930	1272	159	41	,
275139a4-95ed-4546-a781-8ad4f383d767	1094	1272	87	41	690
cb48a188-c279-4aaf-99fb-62560904d0a6	1094	1272	87	41	;
e0f5ee36-7567-41e3-8f25-0a2e4339a2d3	1186	1272	154	41	lamenta
3f141f00-3206-463a-bedb-8ace7b818f0d	1186	1272	154	41	-
8e75e048-5ffd-4633-bf4f-f95bff12aef6	170	1313	81	38	tion
ba6e2f91-2921-444e-8680-a0313ceab5b1	255	1313	62	38	of
a8c1b91d-97fc-4ff0-ae24-e1424438805f	255	1313	62	38	,
2bc6f648-6627-4554-bcde-144724ba1180	322	1313	100	38	690
df375bbd-ae91-4729-a45a-84d91a0df283	322	1313	100	38	;
01c16bad-6d8b-47e3-ac88-73f772097660	426	1313	109	38	curse
58075fd0-51a4-43b6-b036-addfa66f94dc	540	1313	90	38	God
cc78b1cc-f825-44be-b115-9c57cc831583	540	1313	90	38	,
b8d79948-75fb-4981-90a3-659ad1321443	635	1313	100	38	691
f24ecd45-e1d0-4ba6-a20b-ef8c2bb83999	635	1313	100	38	;
3051e8b5-b943-44f3-9baf-4a2c2b2e62c2	739	1313	76	38	flee
35689505-fe8d-4f3e-931d-9cd3a98530eb	820	1313	123	38	before
358dcf21-f7f7-4119-917b-8dc99e70afd8	948	1313	190	38	Lamanites
d75c6d65-a491-4b67-be4d-27a1a8ae33e5	1143	1313	52	38	to
03b834cf-d03f-455d-a4f8-85090196a24a	1200	1313	95	38	land
95d81ae9-1c25-4c93-958a-a5f85e6a6166	1300	1313	40	38	of
749aebe9-7e09-4a86-adc7-a67488bb0022	170	1351	134	38	Jashon
55d1afda-1743-48f5-a787-86f09e76965f	170	1351	134	38	,
c546f2d6-3bbb-4bfc-ba15-9bcea44dce23	309	1351	97	37	691
c716c0a9-3cd9-4b7a-8e46-5daf3f4a2d58	309	1351	97	37	;
20b6a013-21ac-4fb6-bdc6-abe5d2e29047	410	1351	69	37	flee
97db044f-8956-4a96-995e-3017a05f9838	484	1351	51	37	to
8c0824d8-c4cc-4160-a02d-4c01665454e6	540	1351	116	37	Shem
3a70d3d8-3b0c-47ed-adc2-b843bf6bbb16	540	1351	116	37	,
90675077-b532-4580-8457-29350011ac3f	660	1351	97	37	691
589f1a6e-60fb-4b38-bc01-80d33de429a4	660	1351	97	37	;
fee291c6-b3e8-4717-9c01-5bda2f4c121f	761	1351	185	37	Lamanites
44e18708-379c-4b1d-9b51-3e719382e601	951	1351	102	37	come
3f83e0f2-7034-477f-a4c4-4ff405a17c3a	1057	1351	102	37	upon
779111bf-eb42-426f-87ad-aceed555ab47	1057	1351	102	37	,
dbbfa377-32bd-4be3-b31c-d073bdf10220	1164	1351	97	37	692
208b3e79-1a8a-409b-b014-d5adfbcf72a5	1164	1351	97	37	;
25db225e-6aed-4db7-8d53-ca43b9e71d53	1265	1351	75	38	pur
ba7cf413-4e0c-4069-9980-fae5533a20fc	1265	1351	75	38	-
a22edc0a-46a1-413c-98d0-b3ac605d2f07	167	1385	70	41	sue
1c838f50-7661-4ae4-88b4-152d668064d1	242	1385	85	40	aild
a81d7446-ca37-439e-bb9d-d8b455342c77	331	1385	90	40	beat
deeb7f46-3c99-43cb-9abe-85a2a67ea370	426	1386	200	41	Lamanites
8085edef-3aad-4a19-97ab-6a488326b1bd	426	1386	200	41	,
3d12e31f-46b4-41e4-8308-768faa415041	631	1387	100	40	692
2eb51e91-f392-47df-9e1a-1cdf11f4f308	631	1387	100	40	;
b1ee8df1-95c6-4f3b-a603-fb237d79d60a	736	1387	130	41	regain
501f44b7-44b8-4d03-b16e-ad6aab24884a	871	1388	95	40	land
47322fb1-586e-4612-ad4f-a007b1054eaf	971	1388	50	40	of
8c4b3e10-4902-4b18-85a3-948fc565e727	1026	1388	220	41	inheritance
b2917484-896a-4c34-a7e0-8c708e6911f8	1026	1388	220	41	,
057bac41-d03f-46d5-a15d-989ee88a8a5c	1251	1389	89	41	692
3e284ca4-ca4b-4228-ba66-522abe0198e2	1251	1389	89	41	;
f7e95e17-2605-47b8-b0c2-5088bfafc789	170	1426	97	41	make
b5ac552c-7c8b-491e-827e-266490e929b5	272	1426	118	41	treaty
c5765a48-6b6f-432e-9869-a5322eb09ae3	395	1426	97	41	with
70cce3fa-cd98-4d2e-8589-f8ed4fc3008f	498	1426	195	41	Lamanites
a3b31ce2-01c8-4328-a6a6-9c95e7aa90d7	498	1426	195	41	,
14551872-3552-4377-bcf4-a21df32d7485	697	1426	97	41	692
641068ff-60ae-4a39-9709-fb03e18c899e	697	1426	97	41	;
1c1ae9e3-98fa-472f-ac88-de33fdfa1b2b	800	1426	87	41	beat
9f3e52f3-b42c-46d4-b404-42d5c94ca8d9	892	1426	200	41	Lamanites
467db58e-9b5a-4515-b252-427f534382ed	892	1426	200	41	,
540a353b-83a2-4ac8-bb8c-5b22bdd05b82	1097	1426	92	41	693
8b1e71d5-ef0c-4ab9-a2f2-c7bf4e46b29a	1097	1426	92	41	;
be59661c-a0ea-4d4e-b208-ce554e026ce3	1194	1426	142	41	Mormon
174f82df-356e-48fb-8cfa-cfbac1e97a94	167	1467	133	38	refuses
1ad11679-ee62-4f6f-aa98-a91ac5139b74	305	1467	171	38	command
6f1f180c-db4f-4a0f-8abb-7befe3e34c3f	480	1467	57	38	of
cfc4f7b5-275a-416d-9879-74a3221ce3df	480	1467	57	38	,
75e75186-e444-4d32-9421-c15452e80702	542	1467	90	38	694
07bd4c08-30c2-4aae-a105-96e31f583ee2	542	1467	90	38	;
55a86723-d782-41d7-b9b5-903acb95a1b6	637	1467	57	38	go
19411455-d563-4fe0-b679-96488c69289a	699	1467	52	38	to
e429b985-a8f3-48e8-b3bc-800050e92002	755	1467	109	38	battle
cba719f3-1bcb-4498-90ff-32b30cbfbcff	869	1467	95	38	with
ada3f6a6-40a0-47d3-8ffa-ef8535b9c622	969	1467	185	38	Lamanites
280f740c-f523-40ee-b7f8-629ae9af003d	1159	1467	52	38	in
7bb42896-c5a9-496d-8bb0-7fd08fb6aad4	1216	1467	124	38	Desola
2a061373-77eb-4d72-863b-79579fedddb6	1216	1467	124	38	-
c5dd0842-f7dc-4904-9839-d5c1332bc031	167	1505	87	41	tion
7b4fe0fc-df2e-451d-83b9-3e7e55b5db82	167	1505	87	41	,
cbbe9bbd-b7cf-4cdb-8b2e-ee1143eb7285	259	1505	92	41	695
d905c659-4394-4d39-bec1-b1d52e8a1c93	259	1505	92	41	;
a1576752-7721-4e83-94b8-2d190a727a7f	356	1505	72	41	are
e77a76b9-b569-46bf-ba82-b0c03ed06d1d	433	1505	118	41	driven
c5f4de87-ef43-437e-9528-5d515b386981	556	1505	102	41	back
e11b1ec8-7c0f-4bf7-8467-98f15583c440	556	1505	102	41	,
61eead8f-6df6-425b-a622-35356865bd1c	664	1505	92	41	695
669658b7-39d7-493f-91e4-6e91e7d60add	664	1505	92	41	;
4c67d93e-5703-4c03-80db-afb2dd3fd015	761	1505	97	41	some
d2fc9c09-c71e-4173-bc9c-ba2cb6dd76d9	863	1505	72	41	flee
0fa67617-f0b2-4c7c-a318-8cfcc56952a1	940	1505	46	41	to
62b2ae53-135b-4e2f-b757-eb1acee16a8f	991	1505	82	41	city
c7a32f2e-ea2c-4502-9ba3-beeec4278c8b	1079	1505	169	41	Teaneum
20c2a7d1-818a-48f9-854d-acdac67f61c2	1079	1505	169	41	,
b2728e15-e4a2-493d-8df2-f3e99da67f86	1253	1505	87	41	695
3bfd03c4-eedd-451c-b741-cd6faea05276	1253	1505	87	41	;
02a88bd8-6b5c-4a1f-8ad7-5ad2944f7a7c	167	1543	133	41	repulse
4db42c7b-7fd0-4573-b8db-666c0b833f4e	305	1543	195	41	Lamanites
44d57f53-648b-4282-bc2b-376f2451f69e	305	1543	195	41	,
3ae7cdfe-e4d0-4bfb-937f-db57ca184966	505	1543	92	41	696
9eceda00-09a5-425f-ada3-00d7db903088	505	1543	92	41	;
5f552440-da10-4dfd-931f-5d4068222017	602	1543	118	41	driven
b9143924-8231-42b7-aa52-61f634cd82ac	725	1543	56	41	by
7dcf3364-fdea-4854-8c1d-519319a331da	787	1543	184	41	Lamanites
bede03ef-4c77-44ad-8644-62047d89fc09	976	1543	97	41	from
1a62b78d-d0d2-4fb9-8077-9b3fdc859d4c	1079	1543	169	41	Teaneum
0534c37b-8aca-43c5-8993-d2fd9a7230b1	1079	1543	169	41	,
16ffe09c-4513-45eb-bdc8-d000618351df	1253	1543	67	41	697
511ba645-0c76-403c-90d6-7d099bf77737	1324	1543	15	41	;
e5f831bc-f561-4f6f-9774-208039a10781	167	1580	92	41	beat
72897e6c-aad9-4245-afbe-1a74b89ebdbf	264	1580	200	41	Lamanites
d641ecf6-7f56-4b1c-a461-b05aec0505c1	469	1580	87	41	and
dd2202ae-fb3a-4a17-aac0-e0192487842a	561	1580	108	41	drive
961e2e4d-5813-4c75-ac7a-95a5b54ef8fc	674	1580	108	41	them
a171837c-3ef1-47c9-bdd3-224be8b622c8	787	1580	102	41	from
a70e7a2d-9de4-49bf-9263-db5962aa18ed	894	1580	108	41	land
914e3843-d9b6-446f-aff4-043c57f79ee6	894	1580	108	41	,
04a689db-d7e8-40d9-821e-14d4ad486331	1007	1580	108	41	697
877d2748-855a-427a-9077-d05ce79a53d9	1007	1580	108	41	;
ea085534-101a-4b65-a3af-efcc4a02c4ab	1119	1580	110	41	driven
c601df8b-5ed0-4218-8e9f-eddf484d6e27	1261	1580	75	31	with
41946cec-6beb-4042-b448-c58d83e93aea	167	1618	169	41	slaughter
28b8b55a-6dd4-4bd6-a723-eee528b6e533	341	1618	97	41	from
cb60af31-e618-4be4-95fc-db16ed8a56a9	443	1618	184	41	Desolation
14636076-63b9-4c05-81c6-393a0b25f7b4	633	1618	51	41	to
26ef6d45-f175-442e-af34-db5daecdb0a4	689	1618	108	41	Boaz
21828612-4a77-4699-9c48-fc95bccc8182	689	1618	108	41	,
d18c8aa6-1cb5-4f8c-8f40-b555aa19b9a6	802	1618	92	41	697
ba247269-d200-4188-83d5-44b6d697d94c	802	1618	92	41	;
93942caa-da42-4fa2-934d-3a6dade4b552	899	1618	108	41	again
42b183e0-5a4a-4e04-b45d-3007d2e3b10c	1012	1618	82	41	give
13b1838c-65d7-4f90-96cc-9d287cb2d13e	1099	1618	154	41	Mormon
b789d469-9b41-4624-8561-534bbb54e441	1258	1618	82	41	com
d9b2720a-9d68-4e88-b782-822092299ad0	1258	1618	82	41	-
64990601-982c-46d1-8bfa-5518120a2a1c	170	1659	113	41	mand
f1faa263-4a3f-462d-9ad4-e98023d1b73e	170	1659	113	41	,
f12effaf-9a1c-4dc2-a57b-e89afc459945	288	1659	97	41	698
c9505bd5-a754-444a-a1eb-fde0fb4dd387	288	1659	97	41	;
ba73494e-5259-4e61-9feb-2ac86717ed21	390	1659	128	41	defend
c9993d78-796f-41f4-80e1-7be6bc0b1499	523	1659	133	41	Jordan
b0f00215-711f-4271-bd9d-fe4625df3fb2	662	1659	143	41	against
64c51cc5-96a5-4bb0-bdd5-a5afe293f5ac	810	1659	195	41	Lamanites
395cde38-776a-4671-9ab0-3e304bac1a1e	810	1659	195	41	,
bec4cce0-c219-45e3-bf30-7f772d0176ae	1010	1659	97	41	698
436132bc-49a1-4881-b5ad-e350d6003fd1	1010	1659	97	41	;
aa6f1e86-a10e-419e-9df4-2590f388bd10	1112	1659	133	41	beaten
e29ac0c6-8f00-4736-baf4-2f834a30d9b2	1112	1659	133	41	,
6b4663c5-025a-45a2-b791-431038f9420f	1251	1659	89	41	698
9206ee38-501b-4b9e-beb8-4a9b2c9cde2c	1251	1659	89	41	;
7d17d459-967f-49a6-9e8b-e68c4eb37e48	167	1697	41	41	to
39748bd4-2466-41b4-bf8c-cac91e1ae0dd	213	1697	128	41	become
efbd1428-57cb-40da-bd8d-74ce3a851691	346	1697	31	41	a
627e06f3-90fe-419a-863a-e3adec50f226	382	1697	92	41	dark
0b4c0d24-f025-4c86-a2ec-f843fcc22b10	479	1697	123	41	people
7b5ffc97-17cc-4970-acf2-5e82ec595395	479	1697	123	41	,
fda688dd-3cf6-4153-8016-3b3b9a752904	607	1697	92	41	700
28aaa533-8665-4485-80f5-e956514f8d35	607	1697	92	41	;
bf264087-61d9-4519-bcf4-1e075e54d92c	705	1697	118	41	march
77ea6604-f5fc-460e-8f82-928f778ec39b	828	1697	41	41	to
39d1494a-d2e2-4197-9483-11cc2d7dc65f	874	1697	87	41	land
250e467a-b61f-45bc-abe8-4d9df41c0a10	966	1697	46	41	of
9b3abf8d-5c9a-4846-9148-c93a0ceb6eb2	1017	1697	169	41	Cumorah
0daf8663-2540-4784-ae90-0188596c8bc7	1017	1697	169	41	,
e9ccc0d5-320f-4160-a3e5-faab674f1e11	1191	1697	92	41	701
6b06898d-2da2-4f13-831c-49248cfa3271	1191	1697	92	41	;
469cceab-ccf3-47d7-80cb-d24d0f4aa64f	1288	1697	48	41	all
d9f04aa4-cd86-4fc5-a104-fa8dfb106f2c	167	1735	111	35	slain
8a6648ea-9dc8-48f1-ba98-31aee5576713	282	1735	85	34	but
5d3216fd-fbae-49be-bc24-5a8c22786c60	371	1735	211	35	twenty
e68120d6-2d47-41f1-89e6-b3f43055da7d	371	1735	211	35	-
b5599197-c5d6-4fa5-932e-313fe39f1032	371	1735	211	35	four
cc9b734e-8d88-4b93-90e7-cd219e8507d7	576	1735	77	41	at
1d8f9f7b-6a0d-4065-98be-59751df8233c	658	1735	179	41	Cumorah
09470cd3-40b0-403a-a36d-550377b053ac	658	1735	179	41	,
6c15133c-e98e-4f87-8ab1-ff84356b13b1	842	1735	108	41	702
f6cbea4f-6ac3-478a-9111-b4fd181a88b2	842	1735	108	41	;
3a260271-a963-46d7-8fef-6f123b3db92b	955	1735	118	41	those
966a4de5-1718-4144-8b58-a4ec50ef1e9f	1078	1735	174	41	escaping
70f57c7f-0166-4a57-a160-afd0125ea654	1257	1735	80	41	were
06dbb7cd-fb9b-4541-aff3-eb0fe0bd86e6	167	1772	113	41	killed
d8b5b976-7ed6-43ef-8af0-60d0b5ce0189	167	1772	113	41	,
df383d49-2c3e-4832-a991-67d7327553ba	285	1772	87	41	705
cb7ed4b2-f016-404a-85e7-2d59ab1deca7	285	1772	87	41	;
ad648d10-1c4e-4275-b517-50ab4cba02a1	377	1772	102	41	those
940249e7-756a-43cc-90a4-c2f1564c3e71	484	1772	77	41	who
19850089-f9bd-4ce4-8953-72ac4fb7786f	566	1772	92	41	deny
994975a5-9d4c-4c22-ac97-67866e0a66f4	664	1772	72	41	not
c75434d2-4bd5-4968-b406-54dec8d6eada	740	1772	113	41	Christ
36a9fe2e-555b-4011-91f7-b7720beb62fb	858	1772	72	41	put
a6a88832-f0a9-4c55-a436-dd6303be1cf8	935	1772	46	41	to
b0f12bee-de49-44ae-a732-422645acdd6c	986	1772	102	41	death
2ff4903e-93eb-4cf9-99eb-33d5e4be8f73	1094	1772	51	41	by
cb8174f7-bd35-41f7-9c55-7ebad914e748	1150	1772	190	41	Lamanites
c16fd44c-efc0-41df-8e26-8ec7ad13f497	1150	1772	190	41	,
690518a6-5a85-4346-b7ec-0bd4001d59b7	167	1810	83	44	760
a357ed84-04fb-4012-8e51-0aa291c55986	167	1810	83	44	;
3612f88a-c5f3-47da-960d-4b37a600c374	255	1810	154	44	denying
c4b959ab-92c0-4778-8ed7-ca836bb15874	414	1810	93	44	Holy
e52fd936-0f43-40a2-9bce-866036c09939	513	1810	121	44	Ghost
60d53df8-57c8-4490-8689-3b414e562e1f	513	1810	121	44	,
513a96f5-01f5-4584-8d09-6e6d022a600a	640	1810	88	44	771
819d2988-2342-47f3-80b8-4474fb6a459a	640	1810	88	44	;
2cf639a3-bdb6-4082-aa6a-3132f51cfeb1	733	1810	110	44	anger
6e4ae863-7efd-4c97-9a66-396912abfc5e	848	1810	60	44	of
24a883d4-6dd2-4a4f-8405-f6e460c25a81	848	1810	60	44	,
6acbb07d-7703-45c4-b468-e2241779e93b	914	1810	88	44	772
14794151-9b26-4371-b9b9-16df16c3da11	914	1810	88	44	;
5ce4d5a7-9abd-49ac-bf99-f1c1cb24528c	1008	1810	176	44	sufferings
257ce830-4364-41d5-a3b1-923728bb2e19	1189	1810	60	44	of
366c1267-82e9-4286-b546-981a4bf06531	1189	1810	60	44	,
80a9d3ed-498c-4e19-932c-b774898b4bca	1255	1810	85	44	772
4e22ed48-7fac-4002-a4f4-77d91968f2f1	1255	1810	85	44	;
12b88591-db25-4342-acc0-549b4f456e9d	167	1851	231	41	abominations
7f5a3e57-be26-445c-a110-eb56cf125015	402	1851	56	41	of
7b91b1e4-f1dc-469a-8793-54e0cb082f14	402	1851	56	41	,
d75a1b17-5052-49bd-8451-2a31339bc850	464	1851	92	41	772
da0cdc55-b954-417e-b5a0-74366cf88cd3	464	1851	92	41	;
959b4eca-9e7a-4475-b536-eba22e3fa744	561	1851	128	41	devour
0c14f6a8-3f6e-4892-a469-99a2698218a3	694	1851	92	41	flesh
f03d288d-89f4-45bd-8770-17c9a7cec390	792	1851	46	41	of
346957c4-0ee9-4383-b78c-83c3113f3aaa	843	1851	195	41	Lamanites
5efee373-de53-4388-90f1-f9994ddd5da8	843	1851	195	41	,
9f21b73d-5be1-486e-8471-a99dacfda093	1043	1851	77	41	772
6730cd76-176c-45bd-97a8-bc51633ea350	1043	1851	77	41	.
07199a49-0e98-4ce3-9f45-e34f95deb06e	129	1889	113	41	Nephi
1ce0bbd9-19e2-4813-a89d-821618a1299c	129	1889	113	41	,
983a1812-6099-4dbd-87fc-369e3a6b7d61	247	1889	72	41	son
b9372d9f-659c-4b58-8c4d-97d89b940de7	324	1889	46	41	of
0855b539-7727-41fe-acb5-e363a2d0cca0	375	1889	169	41	Helaman
49d1fba6-7a02-47dc-84b0-ee4bd692841f	375	1889	169	41	,
06bed7c2-b258-4ab9-95c6-dba6bda33a1d	549	1889	87	41	550
2ae17305-75f2-463f-8fa3-4065940f009e	549	1889	87	41	;
e917427f-bc41-4294-8101-a1a072c2ad12	641	1889	102	41	made
647439c9-a73b-4b77-9c77-377833a7f6de	749	1889	108	41	judge
9e95fa0d-d36c-4d9b-8c2e-866e8a733d48	749	1889	108	41	,
e6849dd3-c521-46dc-a6c4-d85cb27066ac	861	1889	92	41	552
e63d7a10-8661-437c-9bc2-f2149f689be0	861	1889	92	41	;
219de196-5a27-477f-adfe-cdcf61f17620	959	1889	170	41	preaches
d49c927d-5a5f-492a-a30f-f29d54d1fb43	1123	1892	101	35	many
8661e4d1-69ba-4594-91c1-6bc20a7878b9	1228	1892	108	35	things
d8a0c337-8e4b-42f8-8c7d-d9623287cb9a	167	1930	43	38	to
e328c76a-2fbf-4159-9e31-fd20c760b241	214	1930	128	38	people
2ae097bf-621b-4279-8908-a58fe74affb6	214	1930	128	38	,
77352a0d-a5b0-4cad-90c8-5cea8bc913a5	347	1930	90	38	554
ecec7ce6-d4e0-4d12-9da1-a0698db41c02	347	1930	90	38	;
4c3439d3-f485-4b71-ab00-aa4424da8618	442	1930	142	38	delivers
28ae6f12-471a-4e27-846d-ab26cc09bf7c	589	1930	171	38	judgment
ac97c374-4376-4692-8f71-ac15868ad413	765	1930	81	38	seat
3a96b07f-a0ce-4dbb-a089-d366a0431a7a	850	1930	47	38	to
3ec4826c-380c-4df7-bc21-6913e174b084	903	1930	161	38	Cezoram
8134153e-d329-4ea5-9696-157c65fb710b	903	1930	161	38	,
c7a3a348-7808-422b-ab07-64d4a4625166	1069	1930	95	38	555
493b99e8-97c6-471c-b5a0-aa83820f9eb5	1069	1930	95	38	;
d14216df-8bb0-4a1f-9d29-bbd50753f6c0	1168	1930	47	38	to
8e1025c5-92ca-4c52-837a-795bdf1d24c5	1221	1930	113	38	preach
af65dcd5-ce2c-4c88-a649-cff1bc71263c	167	1968	180	38	remainder
7db0d398-e9d1-4b5c-bc86-c907e21c5fd1	352	1968	55	37	of
5a6d8aaa-7c67-4e58-91b1-303fee24b4a1	412	1968	97	37	days
7f707ea2-441d-411a-ae5b-a3e87c105af8	412	1968	97	37	,
41ecb5d3-1a68-49e0-8ec4-28175d154837	514	1968	97	37	556
fe7b5840-b151-4e94-988b-b01eea599507	514	1968	97	37	;
d464be5d-e4bb-4a01-bd4f-ea60684effa7	615	1968	162	37	preaches
76298f28-cabd-465d-89c1-4cf384f9f721	782	1968	51	37	in
51cb49e9-a09e-4859-ae82-dd3764956ee3	837	1968	185	37	Bountiful
d5fa7507-89a3-4454-82d5-c43d1792b20a	837	1968	185	37	,
d25cea66-c79b-4a3f-8765-1d788ea03fd7	1027	1968	88	37	Gid
83be2c83-0cff-4647-a4ac-54bc711e677e	1027	1968	88	37	,
0c5aba9c-49f7-429d-ac22-ddcb0e2500c1	1119	1968	129	37	Mulek
03f62571-39ba-40a2-969f-b08a9482c9c5	1119	1968	129	37	,
c48bfdbb-6974-40cf-9932-ccd9e368f34e	1253	1968	84	38	557
9747c1ef-a06c-47b3-aac1-546827212f0e	1253	1968	84	38	;
9e5202c1-be8f-42ad-b08e-1c805dbfded8	167	2005	152	38	preaches
77be52a8-16b9-4885-8858-ec38f1778bac	324	2005	52	38	to
30792dc0-f324-4e43-95c0-d1d9e4588c44	380	2005	195	38	Lamanites
7757805d-ff60-4c68-85d1-a69abed22b02	380	2005	195	38	,
8d1084d0-0a64-455f-9330-529c533d3cf9	580	2005	95	38	557
170ff37c-454f-4e69-8908-e688e683c0ad	580	2005	95	38	;
a367a122-3a8f-4e8e-9ab5-e091b059d48f	680	2005	114	38	Nephi
98de1f45-af77-4fb1-a9e5-c303f893ed3d	798	2005	81	38	and
e284b1d2-1ce5-4aa8-9927-77688847e1c2	884	2005	90	38	Lehi
25073ddb-3b79-4428-a8ad-e1b46287056c	979	2005	123	38	preach
5e147e66-503f-4283-8163-afdffb34446d	1107	2005	52	38	to
62e363c9-d6fa-4a0e-adaa-6d8d9f2b9593	1164	2005	57	38	all
cd15188e-176a-4dcd-a3c4-d25621468a49	1225	2005	111	38	people
cc979cc7-8acb-45a1-bea2-16a4f9ea4d84	167	2043	44	44	of
4c1d9606-bb84-4bfd-a046-77ed1cf0d77c	216	2043	115	44	Nephi
daaabf81-64a0-4be2-a034-5f0f12258a4f	216	2043	115	44	,
c6e2f392-c390-4591-a099-82014ef245ac	337	2043	93	44	557
f02149b9-e3ef-4020-b870-7f03a3271c21	337	2043	93	44	;
7a07c2ad-1487-4819-9e3f-99679bd8eb22	436	2043	88	44	goes
132dd07b-a80c-4a56-b13b-c940d1aedeb0	530	2043	44	44	to
1c734b7d-5b0b-4ddb-9efa-5856e8295cbf	579	2043	88	44	land
94892869-62b9-4f14-a40d-3ba7c4776b40	673	2043	49	44	of
9f12def4-16f2-4545-b3e2-b4961c684a5f	727	2043	115	44	Nephi
6c46e115-9439-44e2-94d2-ced0a9075ff2	727	2043	115	44	,
c8ae8978-f5fd-4201-9f87-d86ce189296e	848	2043	93	44	558
7f9abc25-fb49-4ab8-a5a5-b0f67f647d28	848	2043	93	44	;
b2a3f490-4a67-42d1-afc2-85d3e57a5258	947	2043	82	44	cast
187be977-edc8-4311-a0f0-c2d484b2b1d4	1035	2043	77	44	into
73400c67-b637-4845-ac0d-3a465182d10a	1118	2043	126	44	prison
49416bb9-7c67-49f3-9be3-362c250dbb70	1118	2043	126	44	,
990e00a7-b9fe-4090-b42c-64d20e97cc4e	1250	2043	87	44	558
2769274a-1a22-4b42-aa28-12a9ebfb33e0	1250	2043	87	44	;
