ID	X	Y	Width	Height	Text
22c339f3-ee7f-43e7-8e43-ee17c05d6abb	101	98	72	35	820
bd73b1b6-9ffd-4277-86de-ca32ac32c666	469	85	154	44	BOOK
96c2c260-19c3-4d5c-ad53-ecf61bfa8ada	628	85	82	44	OF
78dda890-364b-42ff-a103-4ab441d55b43	716	85	234	44	MORMON
42a95249-2a40-4580-be55-870f78517c32	716	85	234	44	.
96d1cbc7-1cf6-4574-b67d-e66a401ae706	101	161	124	47	Virgin
39e3038b-caf3-45e1-bf00-55f1b7603f75	101	161	124	47	,
aa9248ef-6eb5-4265-b90a-af88a63a6b44	230	161	117	47	Nephi
034bcd90-be9e-4a80-91b8-fa06767afefb	353	161	76	47	sees
1ab4f2b2-6497-4bef-9e2d-8da919c1a0b8	436	161	53	47	in
84af1542-b5a3-4ccf-9dc7-f0f3c8998a86	494	161	123	47	vision
3b555744-53ba-432f-b25e-7ebbee79d53e	494	161	123	47	,
e7b9f71f-b6d4-4ce4-9c57-4b9b85d4e674	623	161	70	47	28
c377a934-2b37-4701-b7ec-c8012d75ef0f	623	161	70	47	;
d64d717b-b778-4b5e-97fe-a9ab1e17831d	700	161	141	47	mother
1b6f3473-a4dc-4898-a299-22cbf3d01ce6	847	161	47	47	of
9b164055-0515-4f41-b85f-4139cece9844	899	161	82	47	Son
08556911-f6dd-4534-b6b7-1731bdc9750e	987	161	47	47	of
ce1fceb6-1992-47bb-b8db-94abe44676eb	1040	161	88	47	God
a78b17e2-2537-44f8-9e14-243982314cd5	1040	161	88	47	,
bbb37a04-430a-4972-9fe8-33f622dfd139	1134	161	76	47	28
ce1ea650-22d2-4cc3-b867-553dae1c97e7	1134	161	76	47	;
a6d5b92d-207e-49e0-9980-e5e2201cb669	1216	161	95	47	bears
522c1679-a670-413d-ad7c-08f20aa064a8	138	208	90	38	child
a49f7997-66e9-4b73-a0ec-89435f734506	233	208	47	38	in
d1bfeb3d-19ff-4e61-a623-5f0fd2c0f36a	285	208	109	38	arms
cad1e020-60d6-40fa-b36b-4303d4e009a9	285	208	109	38	,
7224faef-e738-4ebb-baf0-8e5f78e5f3a4	399	208	57	38	28
3719a4d2-bc0a-4342-b2f8-f80757c5e1e2	399	208	57	38	.
6ba863a2-c6c9-49a5-adf3-3bc9bc5e9376	104	242	121	44	Vision
7459215e-e144-4f7b-945b-08fff3ccc174	104	242	121	44	,
53a07652-1b7e-4452-9640-eb63f9cef6ee	230	242	44	44	of
3c043652-4e86-4cdb-9d3f-7d38203d3569	280	242	93	44	Lehi
72d15641-618d-450f-b345-e130c7693652	280	242	93	44	,
c4f3be6f-48d9-4374-a1a7-29e712251be4	379	242	38	44	2
581dc9b9-d9a6-410d-bae9-d69651501285	379	242	38	44	,
2a30b1be-3099-4aea-996d-b7f1bcd3f2f5	423	242	55	44	3
16a8d390-626f-4a33-829b-c3617459a23b	423	242	55	44	;
8951833c-e345-4553-8e71-300bf5f166c2	483	242	49	44	of
7a8978a0-c82d-4259-b861-e9431e1ba8a6	538	242	115	44	Nephi
f64d12e7-7da8-46b9-8aa8-0c66c2124ae4	538	242	115	44	,
ddf62739-e096-4727-9ce9-99bd74d419d9	659	242	58	44	26
62b7dda1-900d-4312-a76b-46d3a39e4278	659	242	58	44	.
f827da4d-960d-414f-8799-c1c7a6c50681	104	280	103	41	Voice
1a9f84c8-072a-460d-a359-a80a8be097a6	211	280	46	41	of
38c6bea6-c2a6-48a8-8058-8e7c2d91fdfb	263	280	67	41	the
649e993d-35b2-4129-b397-ff7721641602	334	280	128	41	people
7460bba2-fe4c-4126-8eb3-50dd3a6c6198	334	280	128	41	,
268cee3d-a904-4f1d-a0b0-f6dada086221	468	280	97	41	271
c1c5321b-044c-4452-a55d-45e21424ba3f	468	280	97	41	;
83c5b0fe-688a-40b7-976d-e95040923075	570	280	118	41	Aaron
07bb9c34-d9d3-494e-b2fb-e1aae9637bc6	693	280	123	41	chosen
4e04b7b4-7936-4b2a-af30-45b13cb2fc66	821	280	92	41	king
49a417bc-aa13-42a4-bf80-93588e485a55	918	280	61	41	by
0654da69-2fc9-4cf2-a6ab-ffd9be9a2f9e	918	280	61	41	,
6f150483-b857-4541-bca8-0811a5c81fa1	985	280	97	41	292
f1981495-cbc3-429a-8282-7cd2a9924fe2	985	280	97	41	;
74ad4bcf-6197-464c-963a-2523671a0a49	1087	280	123	41	judges
8b53d187-f369-4b6a-a2d6-e6a38758d178	1215	280	51	41	to
8d4ecdaf-9da8-4f61-ac32-e3f72bf119bd	1272	280	43	41	be
7645ec46-139d-455f-bd83-0e5d7526a276	138	321	122	41	judged
fd5210f8-43cf-453d-8b35-366a53593ad4	266	321	61	41	by
587fcc14-2dba-40f9-ac23-aae71818a74c	266	321	61	41	,
b65393a1-933e-4963-8a77-8059da11c6f9	333	321	92	41	295
61f0bf29-4243-475b-817d-f1a365a88788	333	321	92	41	;
a22a7afe-c474-4dd8-898b-d043bf85a74b	430	321	159	41	supreme
36d16048-e791-484a-aa2b-b330d668cfd4	430	321	159	41	,
61cf1bfe-0552-49e3-944d-d827c015e893	594	321	92	41	303
e8d92d28-1d8c-4b6b-b594-36449ea0d426	594	321	92	41	;
e735382e-6dcd-4975-8e49-9d77d614d49a	691	321	138	41	against
89582f9d-1fd7-4c91-903a-1d13d1f2f59c	834	321	133	41	Amlici
5e0f95a0-c84f-4bbc-91c6-43b41e658308	834	321	133	41	,
ff2557c7-1537-4d55-b04c-6ba4f9c839b3	973	321	92	41	303
757ed9fc-db61-4d50-8e45-d7658ccfc410	973	321	92	41	;
35587c2c-cb8a-416d-a6d1-669527629a0e	1070	321	51	41	to
b3569089-e5a2-4ae9-9e41-9bf771aff65c	1126	321	102	41	enact
ad6d6964-6422-42d7-9e9a-e4d9da58f5cf	1234	321	81	41	laws
a1e6fda2-f0e1-40c7-8143-8d04c7470e3d	138	359	58	47	by
eb8aff45-ada7-4727-a619-253de26af9e6	138	359	58	47	,
76f7a2e9-aaa2-4427-8483-c6b44ed16ee3	202	359	82	47	312
03aad634-c85a-42f3-a453-f98593d1006d	202	359	82	47	,
de310850-88b2-453b-979f-8725032ead94	291	359	88	47	337
f654fa7c-9a45-43f7-8d9a-b2ef2126de5e	291	359	88	47	;
24743768-985f-427e-8626-b1238433d758	384	359	123	47	obtain
670cf14c-c259-47d4-9676-2b9a05f55f7e	514	359	194	47	concerning
16d340a6-5a56-44c7-97e2-951806125d37	713	359	317	47	Anti
570663d0-685c-4167-b0d2-cca0cc24a655	713	359	317	47	-
a98f4e2f-9ad5-489f-85cb-79ff86501d8a	713	359	317	47	Nephi
6a5d83a8-d149-459e-a1f6-2825a4a9a172	713	359	317	47	-
f8d361a5-c505-4876-be3b-eedcd48322dd	713	359	317	47	Lehies
be1b7ecb-50ed-4039-91d4-dd7b81d53a6a	713	359	317	47	,
3d79935d-ec06-458b-ad2b-c8f82ad7fee6	1036	359	88	47	404
d2ef3e69-9fc7-41eb-a779-0c86d3c36e22	1036	359	88	47	;
1bfbed7a-ea81-4408-8a7a-3334f86b2554	1130	359	185	47	contention
915a31af-622f-4ce4-b5ef-b9381040c1be	138	400	194	38	concerning
8097c91a-d3e7-403d-a8cb-fc336ec3a427	337	400	76	38	law
28879b30-240f-4bc0-84c7-272de5fa31ec	418	400	133	38	settled
4c34961f-a10d-4814-baa9-3994dabcb7d7	556	400	62	38	by
7063af55-223a-4c0b-bb9f-d80ccfafc371	556	400	62	38	,
dd410d77-5c05-4790-86d3-6f4ab2f218e7	622	400	100	38	490
309492fc-e990-4db8-9f09-d670f7621cfc	622	400	100	38	;
57a04c91-86a3-4e01-b380-dada57b29891	727	400	195	38	authorized
30be4dc3-e364-44e8-bc16-db788e53f49a	926	400	138	38	Moroni
ba0f1543-d9db-47e0-aa86-b11a92da7c2e	1068	400	52	38	to
05a1c056-2719-4045-95b3-3261987075c2	1125	400	57	38	go
7fc52c02-0b9f-424f-80ee-d25f845cc621	1187	400	128	38	against
ad30b875-174b-4da8-9be2-9df6af24dd79	142	438	82	41	king
3acdee21-7799-4e43-bb5d-9b34dabcb217	229	438	92	41	men
39ab0747-96ff-4ba7-bf4a-e0a2d127cf12	229	438	92	41	,
f833f72c-c1f0-403c-9f61-165b88f34199	326	438	97	41	492
e3658bb2-fb92-4344-bb6a-6e72e35b7bce	326	438	97	41	;
ab466a33-6dbc-4aea-9319-37a13c04ace6	429	438	174	41	Pacumeni
f32b052f-f931-480b-a31a-1d599c4c076f	608	438	118	41	unites
cdeae637-98e9-4879-873c-6e0f31a84e60	731	438	102	41	with
f498f00c-892b-4208-b532-9d63c94b226f	731	438	102	41	,
7a902d2f-f98f-474f-9c18-a34ac9b300a3	838	438	92	41	543
df080c9a-1034-491a-a870-79726e89b449	838	438	92	41	;
d6b7b344-0106-4dc2-b8fd-ea773b8acd03	936	438	179	41	condemns
4a9c8653-95a1-4e8a-b975-a1f4e2ab7702	1120	438	149	41	Paanchi
c366677f-cf94-41ab-b4b3-c36056cbe5e9	1274	438	41	41	to
ac5b4c48-6b21-4dbf-857f-7894ce441d70	142	475	110	44	death
401e4b1b-9379-46ea-9ce3-2b83c114082f	142	475	110	44	,
d6545a5a-4433-45b2-99e4-2607e4cb18bc	257	475	93	44	543
6e244b7f-85c3-4b36-9698-f604ad2b76b6	257	475	93	44	;
9e6d1b2c-85e3-45e8-895d-876dfa7f03db	356	475	93	44	laws
102da97d-85de-48ee-99a1-9fade0271a3f	455	475	77	44	and
e98d84ef-aae2-41d7-811c-2c9254a90f7f	538	475	209	44	government
f7ce97d7-f30b-42ff-bb9c-00e3e6733e80	752	475	198	44	established
f2af369e-db97-413b-bf70-32c9e05a77d5	955	475	60	44	by
c5eb283c-90f2-4053-8c34-e2941ff52c0a	955	475	60	44	,
262fff0d-0fa3-4a3b-9ce6-94173e7a6722	1021	475	93	44	555
8711322a-5229-4004-9348-cb409533426e	1021	475	93	44	;
69106bcb-5e3f-4008-adad-02ab0bfebaf0	1120	475	93	44	laws
a0ddecd6-4de8-45a0-aad4-3106e1b868fb	1219	475	95	44	given
21b85e9c-9d76-40fb-b5d8-4a6f350fca42	141	520	56	38	by
2abf7129-fa7e-4aa1-99f9-979c3123be04	141	520	56	38	,
25e26885-c69d-45ca-92cb-e2b87c6c1ef2	201	519	82	39	620
50a17c37-41cd-4e3c-ac73-78b7efe764e8	201	519	82	38	.
f5b3154c-a558-4e48-b407-3e3aa3223974	104	554	108	41	Voice
9c376650-3a83-4714-8856-f846f42d8b2a	104	554	108	41	,
00fd4f96-f41e-43f3-941a-7794a6d1c272	217	554	102	41	heard
452b13a6-8aa2-4d0a-a379-a8437c57456c	324	554	51	41	by
e0419dee-89c6-48ad-bb7d-35e75f795255	380	554	56	41	all
4def59b1-1382-464d-a903-ef81d5d936eb	442	554	123	41	people
44bb490f-392c-4860-b5d0-45d2ba2780e4	442	554	123	41	,
6dda0ccb-f9bc-455b-8601-1414d6094d95	570	554	82	41	626
6e29744d-9c52-4164-8318-2242839ebdde	570	554	82	41	,
696a8077-e754-4976-a784-6d95142ab569	657	554	87	41	629
3112a637-1416-4784-8a95-7454850a332a	657	554	87	41	;
a3c7fac8-886f-4ac1-a2e5-74dcc2a8c688	749	554	118	41	people
a7ee79ac-05c2-4c41-aa2b-dead4d1a4f05	872	554	87	41	hear
fe96eac1-bee2-42ca-9b68-2d825f025820	964	554	41	41	v
d4798dcc-a3d9-4375-a058-8b29a005ce98	964	554	41	41	.
2b44bf82-7ae6-4209-a97d-ffce00aed9f5	1010	554	51	41	as
3d613eb0-8dbd-423e-b40c-43486e1ce87e	1067	554	67	41	out
6d3ad1b5-a16a-4030-b2e6-6d71eff93fea	1138	554	41	41	of
cb61fb63-ffb9-4f3b-a6ee-e14c7e0365b2	1185	554	136	41	heaven
2fff9c67-a2ef-4fbb-84ca-66ff7a551821	1185	554	136	41	,
1b3f5ec9-b68d-4f7d-bfe8-71f78822a4ac	142	598	75	35	631
396fbf8e-e48f-40cd-b160-f446150ec740	142	598	75	35	.
c7d8e0d3-7719-4776-b727-01f5c3704c0b	107	633	87	41	War
0e09022a-4ba1-4115-b161-1dccbab71d97	107	633	87	41	,
704d5783-ece9-484d-abdc-5ff4861cd73a	199	633	195	41	multitudes
153ff294-2561-4a1d-b7c9-3eb4265e99c9	399	633	123	41	gather
76690499-68e6-4141-9818-23aa6dac7273	527	633	56	41	to
76622228-dae0-48e5-a830-fc86e7cb180f	527	633	56	41	,
e7286f9c-475e-42a2-bd9c-a8a2358b116d	588	633	61	41	30
0cf2dd07-caa7-44f4-9a47-7e26d37eaea7	588	633	61	41	,
3bc3017f-5e54-4cde-a2e3-7a43008b0017	655	633	77	41	32
502ef12d-419e-4bc6-aec8-1ee2c84ec12a	655	633	77	41	;
9d45ff68-9ef2-4e5f-a450-8e3747e858be	737	633	128	41	among
f90b5065-e83d-44b4-bc65-e2d844f05c5f	870	633	56	41	all
2d2a7206-8b7e-45b4-9a73-661bc8441673	931	633	149	41	nations
e4ef5aec-dd20-4621-b4eb-119f5ca35a46	931	633	149	41	,
f9e3d856-9892-46c4-9baa-77b6d3e7f707	1085	633	72	41	41
ad1c039e-5ed3-4ecd-8c57-34ed9d3fbc52	1085	633	72	41	;
efeb13ae-0917-4153-aa71-55b7c0f0314d	1162	633	77	41	and
640c16be-a893-4948-b737-40f534ac8ac9	1244	633	80	41	con
3d432895-70cf-4f10-b068-8368b3474248	1244	633	80	41	-
e64bf38b-1ba0-41b9-a9ce-29fcdd798df8	145	674	143	39	tentions
ed7879c5-a11c-4211-890e-198411215e9b	292	674	95	38	with
ee0cd24d-3a78-4e53-9e31-3dbec5a9caed	391	673	195	39	Lamanites
f18a4262-43c7-4e45-91b1-3b9ba0533b06	391	673	195	39	,
99582529-a950-46eb-bcee-4fae6731e60f	591	673	76	38	98
5419e7dc-fd34-481b-ac01-6b9b7e14e295	591	673	76	38	;
c1180b3a-9360-4434-b01d-466b4e7bad67	671	672	81	38	and
3c33875a-d8ea-49d2-9f5f-c70b8b5f5ad2	757	672	133	38	rumors
c6388418-9690-4a52-88df-39eb5a8a5092	895	672	52	38	at
8b5175da-7608-4c0c-ab0e-354121fd0ee3	952	671	195	39	Jerusalem
bedc3267-3902-44bd-b86c-afe31b114b7f	952	671	195	39	,
4417f846-3e76-4ad9-a3e1-68923bf9bd3c	1151	671	95	38	140
0353d0a7-c209-4584-aecd-49394e8123f4	1151	671	95	38	;
0cba8203-c15c-4bcb-9cab-c5536882da28	1251	671	67	39	and
bcffd194-c3ca-418e-b0d0-7a5d5ae61779	142	712	200	41	contentions
0e011d60-a0da-4072-825c-98ec066667b6	347	712	45	40	to
97b737ca-3e6c-481b-b63d-d56fe064752b	397	712	60	40	be
ac0260f3-3444-4077-9f4d-218032eafd64	397	712	60	40	,
d49a8849-91bb-47f5-9f3d-e4195648a116	462	712	90	40	144
a7564391-09ba-4a6a-b26e-bc8c4da264db	462	712	90	40	;
45049b82-5d4e-4ec7-b050-9bdcb65f22ca	557	712	140	40	written
97b9859a-5123-42da-87b9-1a4641381f8b	702	712	95	40	upon
008519ee-f735-4b68-819f-c8477887fa40	801	712	110	40	larger
e203fa86-b7a2-4515-8e2c-e71679f9cf30	916	712	125	40	plates
f0abb02b-316d-430e-82a0-82dedceb9651	916	712	125	40	,
9c86cfc1-0821-434f-999f-b8f028517d1b	1046	712	90	40	174
34973b7c-5943-4992-92d0-8052a45bfd13	1046	712	90	40	;
03017d7e-8f86-44e0-8f5c-cca09a6485b5	1141	712	177	41	Lamanites
64dc5b38-8e46-4eac-998d-f92ca71aa247	144	752	127	46	delight
38244b91-a363-49c4-8508-0284d4443bcf	276	751	56	45	in
0e2d1bed-83e4-454b-9049-ea8b5fc77481	276	751	56	45	,
0765c92f-e56a-4292-8f6e-e3f558209951	337	750	88	45	192
4085a4df-dc34-42e4-8d4a-e1f393467151	337	750	88	45	;
4e974266-211d-4342-9632-4b438b0751fd	430	748	127	46	caused
a052c4fd-179d-4c58-b7b3-6f906731223d	562	747	56	45	by
90460b10-e86b-4c09-8284-670eb6dd7e26	622	746	127	46	hatred
6c843758-738b-4dfb-9dd3-4a6afc936046	754	745	45	45	of
2903c978-61fd-4014-b6e3-e8785646e46f	804	743	198	47	Lamanites
d397c29d-82c0-49cf-8c7a-6587dbdb7d90	804	743	198	47	,
5e2cce8e-4073-4474-ab25-df495dc7e478	1007	741	94	45	193
701ccb8f-f8c0-4073-b41a-37d771fbcf99	1007	741	94	45	;
1f216ae6-7d37-4fb2-ab93-408b906ad068	1106	739	149	46	between
227846f7-f43c-46cd-aa0b-621435d48750	1260	738	64	45	Ne
8351751c-8199-4860-b2e4-3273c51bfd62	1260	738	64	45	-
6aad6d20-d529-4ceb-976a-2b1d11ac7c5b	145	791	114	39	phites
d1673ab5-bad9-4b16-b722-4862731d8db7	263	790	81	38	and
4a38e5ea-b9af-4869-bb89-21f4dfdb043f	349	789	195	39	Lamanites
61e751b1-8b3d-4c3e-b4e5-2d08fffb010e	349	789	195	39	,
64e110ce-a428-4a2a-b1cc-cde26095c3f8	548	789	86	38	196
3af7bcc0-d4a4-4e4c-bc1f-09c06240a7d0	548	789	86	38	,
000bff89-309c-40da-a90c-86e6816303ac	638	789	90	38	198
fb6f77c6-2b2d-4b9e-ae37-b2c386d6382c	638	789	90	38	,
54d9d236-ad0c-4b80-97ca-1299aeb57e9a	733	788	100	38	199
ccf087fa-dab5-432b-916f-2cc95c1f1901	733	788	100	38	;
50f9d26f-f4db-49d7-b5ae-c6b3f1d2803f	838	787	190	39	equipment
8bc60358-cccb-4683-97c7-f2749088a1e0	1032	787	52	38	of
c3b3bca0-15bb-4ff2-9692-159f401019f7	1089	786	157	39	Nephites
fc3a1dd2-2ef7-4994-ab96-77e25a597e81	1251	786	70	39	for
5032fbde-ff71-4594-a6e5-8c47220bfd8e	1251	786	70	39	,
36d7216e-f6f2-449d-8cfd-e76a2493076f	145	828	87	41	198
11e71dde-64ed-406a-8b2f-2bbd557b9721	145	828	87	41	;
59e366fe-d2b2-42c0-81f8-45afcad9d055	237	828	123	41	among
a255c5b5-fe82-4a19-aa18-a05892dc8eb4	365	828	118	41	people
617e7605-a530-4099-acf1-8aeeac9977ba	488	828	46	41	of
8d8f58e8-6b24-4cb4-8004-f940d4085967	539	828	200	41	Zarahemla
de62238f-aad5-48d9-80b1-66da3d2e0b40	539	828	200	41	,
a3637b7b-6f4f-4a4c-ac2f-86d2fa4d1e40	744	828	97	41	201
b97855e7-622d-40d7-ab48-b1b8dd01425a	744	828	97	41	;
31407c63-b822-43b2-9fee-ee5302eebd08	847	828	46	41	in
79a1a9a4-01ed-4b2b-a0e4-d69c17365c89	898	828	92	41	days
df64b677-d5fe-4f72-9d8d-64909c2542ac	995	828	46	41	of
00fdc9f5-7e26-446a-9d5b-c44a3f39e4a5	1046	828	184	41	Benjamin
34448214-503b-4e94-9fab-9ec70067689e	1046	828	184	41	,
78ad222f-ba1f-4b83-a9c4-e5ae4ba17212	1236	828	85	41	202
c3d0b62d-1b34-44ad-8b49-2fa20dfe29a5	1236	828	85	41	;
3fcaf629-f3c2-499c-94e2-5ea51a2fdd15	145	866	46	41	in
f1016bf1-592c-4290-a502-025e8849706e	196	866	87	41	land
1f1ef4d1-2845-475e-8a41-eccab0130733	288	866	46	41	of
b4bb044a-e46a-454b-9919-0b130eaf4764	340	866	123	41	Nephi
8ccaa824-43c6-434e-996c-85be60bc341a	340	866	123	41	,
79d809b7-7506-4767-888c-f5402c5176c7	468	866	82	41	235
545b798f-dd4a-497e-9fb5-81d317069124	468	866	82	41	,
e8a80635-6cd9-4ccc-ba15-5bd3d42de63b	555	866	92	41	236
8c826c19-a9fe-4d44-a70b-47e9f9346043	555	866	92	41	;
5f5fe7d4-b535-4273-aced-e02da2533c24	652	866	154	41	between
b392688a-5b3b-4f85-96fe-da9e5872ea3e	811	866	154	41	Nephites
17e30c1f-7f05-40ff-aee2-04356af3e6a1	969	866	82	41	and
ed17797f-d088-463d-9f1e-20f4b14346c5	1057	866	174	41	Amlicites
014fa39a-5847-49ba-bd2d-3ef2c1d08760	1057	866	174	41	,
c5e9e39a-5594-4852-8fd5-35c803b2878a	1236	866	85	41	304
ea1d8e2b-34c2-41a3-8578-179330a0b9b8	1236	866	85	41	;
249188b2-4c24-4c60-bc6c-8d1b40eaa2ba	145	900	62	82	and
558d6dd1-df2b-4ca8-8dc9-a4a3fcbf6aec	217	900	215	82	contentions
3772af0e-607e-499f-9847-cbe9dcb0954b	217	900	215	82	,
8ecc0f4f-dc4b-49fe-94c8-294fc14ac942	442	900	72	82	300
852c31a8-7e67-4028-a62e-5fe019d74a20	442	900	72	82	;
0055f05b-d06d-40e3-918c-de788d9d8592	524	900	154	82	weapons
18bb2d02-6c09-4477-8d6d-7f3673a95eae	688	900	51	82	in
bdad48a8-0e27-411f-b455-fa904a4c61d5	749	900	61	82	the
9d11ed81-64a4-4c2b-89d4-9ec17e1e3a88	821	900	184	82	indon
7ebbcb8c-659f-4497-8d3d-16d232b8238a	821	900	184	82	,
214520f1-cf9b-41ba-96eb-73b71c11d041	1016	900	72	82	bet
5851ccb2-fcdf-44ad-aac6-3e34302d5131	1097	900	72	82	ee
3eb3eae8-62bd-4877-a32e-b80424aa7708	1179	900	145	82	poniter
b9e19f56-2e39-4a14-9cc8-4ce88d3bb108	148	948	77	35	and
fa54fff0-412c-43e0-984d-512869f077f2	229	948	187	35	Lamanites
13052b79-4064-4be5-bb8f-99e4eaa88760	229	948	187	35	,
a1075da7-4da8-4d89-a61b-6234df24d192	148	982	46	41	w
ef721e0c-395d-40fc-9ddf-48ed80bab2a7	148	982	46	41	.
80a757c7-3148-4332-9e1b-4286bc5aa590	199	982	128	41	buried
8dd776b8-db6f-4ccd-9497-3245da8cfab0	199	982	128	41	,
01306916-ec00-43b9-a62b-891dab11b108	332	982	97	41	393
e1ef8c7d-7734-4823-9754-b7516862903f	332	982	97	41	;
a78a9775-251d-499f-beb0-fa14e64a83fd	435	982	56	41	of
5a2e5685-86e5-49a3-ac25-b6669135bf8d	496	982	184	41	Lamanites
bdb73952-8d1e-4e1d-860d-c2881c357bde	686	982	143	41	against
2edcb793-44f1-4c8b-9669-707314ab266b	834	982	318	41	Anti
dbc868b9-dc4a-4c19-b375-1a88525e972b	834	982	318	41	-
4aea82e1-e6af-4445-93a0-8efd088545b2	834	982	318	41	Nephi
11c6e65c-c133-407f-944b-f1a45a9ee2fa	834	982	318	41	-
e7943d7e-e879-4634-a42f-3328c0a51d6d	834	982	318	41	Lehies
599b5a7a-3c3c-417f-a3c4-b2b606de3cdd	834	982	318	41	,
c3c0e3b8-76ec-4cd7-b83d-1477da65ae6b	1157	982	97	41	394
809eec28-a0a8-4c9e-8b02-e8bf69f05396	1157	982	97	41	;
49b49752-de2d-42f5-ab83-1bb991deb17d	1259	982	65	41	La
c9eb2287-30a5-41f8-8dbb-a15829940348	1259	982	65	41	-
6baa4a67-2bd8-45d6-9c2c-f899effa0f6e	148	1023	138	38	manites
7b9ec4d8-fd61-48e3-a48f-befd5d18de58	290	1023	114	38	throw
823c6f2f-20a2-4251-b3d0-53d96ac28cd5	409	1023	104	38	down
7b5169fd-8d2b-4866-8418-7bc3fee59d87	518	1023	152	38	weapons
aebd0353-0ede-4bb6-bbf9-7c3695a4d444	675	1023	57	38	of
fa897891-068d-476d-b092-2ee77f2bbe94	675	1023	57	38	,
55f50813-17a4-47c4-93bc-6937c856b0e3	736	1023	95	38	394
80f0b6e4-dd1f-48f7-a063-c677de3daaba	736	1023	95	38	;
975e58cf-42e8-42d3-a98b-2bc1769dfda4	836	1023	157	38	weapons
83638d78-241a-4794-8bc0-feb92118d03d	998	1023	47	38	of
9a60502d-833f-41a0-9e07-e61ca9f30178	1050	1023	47	38	w
07a66c25-eb62-4f81-8ad1-5c8bc4e9f1b7	1050	1023	47	38	.
1036cc3c-cf4c-49c3-8fe6-dc83151036f8	1102	1023	128	38	buried
9238edf3-ac16-4d18-842d-56dcf22c1fe7	1102	1023	128	38	,
066a58af-4477-4fa2-8428-61b83b2ec9ff	1235	1023	86	38	396
2929c520-0385-4923-9088-8868b71f13de	1235	1023	86	38	;
6e5c8bd0-401f-426c-ad72-9bd5aa4752c4	148	1061	138	41	account
fc055e98-5053-4929-8536-311ce2fed4a2	291	1061	61	41	of
7ce1a191-c182-4992-808a-57099d68a227	291	1061	61	41	,
e3cbb4c2-2b95-4547-914b-70ebdea47f48	358	1061	82	41	405
47d9ad6a-2ba4-4c3b-b38a-0e88a84ccb90	358	1061	82	41	,
aad7228a-1953-4c6c-82a9-39f81492d7dc	445	1061	97	41	406
827da394-c856-4c9e-8c40-92c8fb30fe68	445	1061	97	41	;
fa70612a-d5eb-44f5-89a6-6b5c36597a4e	547	1061	195	41	Lamanites
4a48070c-7306-4bc7-9bf8-f63f81373805	747	1061	77	41	and
7b4b0959-f575-49a5-9cab-359f6c2e544b	829	1061	184	41	Zoramites
cae4decc-2dac-4878-85e4-1eed43a07e5d	1019	1061	143	41	prepare
5325c368-1139-4b11-9b26-a0f6385c3cc2	1167	1061	77	41	for
264b9d48-a8c5-410f-9f37-e6d68aee2b0c	1167	1061	77	41	,
d96997a3-03a2-4e33-8c39-196583d94998	1249	1061	75	41	433
1a1e71ae-0ca8-4c0b-b143-2a28e9640395	1249	1061	75	41	.
9fcccb2c-1ffe-4dd0-a46a-0d2849f0786c	148	1103	83	40	(
5f7a23fa-126d-48c0-b456-cbaa29cf7169	148	1103	83	40	See
ad098be7-52c4-4fdc-986c-3f8ac92f1313	235	1102	107	40	under
61d1dec1-34c2-46dc-81f4-986009d15230	347	1101	190	40	Lamanites
ccb3a87c-e0f8-46e2-a260-4e7e7861fbdf	347	1101	190	40	,
61e87914-a72e-4bd6-bbd1-9f542beb2bb9	542	1099	166	40	Nephites
cf0cc1da-d3c6-4708-9794-a4b5eb9fafae	542	1099	166	40	,
dec94b6e-454e-4bab-ad29-ac6308ffdae5	713	1099	73	40	and
1ef4a6fc-fdeb-4fa6-b057-df6ed56cc307	791	1098	185	40	Jaredites
396e50a4-794f-419a-a29f-28ae45769fb9	791	1098	185	40	.)
1ff00798-c50a-496b-93ee-20e2e62f3909	110	1140	133	41	Waters
a8fe8c7f-2816-45e5-8843-a580f19666d7	110	1140	133	41	,
fb9f4a36-d1fe-47fb-ae0c-40209215abed	248	1140	118	41	divide
7195f191-130a-4405-9c87-b010dac43818	371	1140	143	41	Gentiles
ad405e47-b43a-4e84-83e8-d6c89180c663	520	1140	92	41	from
a3e1411b-8d26-4489-a861-22ae3d0479de	617	1140	82	41	seed
537e3d6d-9777-4b8c-998c-c0327b27af67	704	1140	46	41	of
172c5334-c998-4494-a36a-e5cef45532b0	755	1140	118	41	Nephi
affcd6fc-6d3d-4b9d-b6bb-6dafad198373	755	1140	118	41	,
6573f909-51b0-4bbf-9adb-36f0bf2b5fb1	878	1140	72	41	31
37cdd3d7-4c0d-4a7e-9d84-3ccf6c5795d9	878	1140	72	41	;
22c91740-c804-4fad-b1b1-ca45cd108a90	955	1140	97	41	large
37c886d5-9dee-4e6e-ae55-106815ed6494	1057	1140	118	41	bodies
dfefcd42-24bc-40f5-990c-52e3cfcd6d51	1180	1140	51	41	of
3150b05b-eb9d-456b-9902-ab8fa02c5f4b	1180	1140	51	41	,
1f422c37-64ac-4e5d-bcc4-ecc772015e6d	1237	1140	87	41	488
5f1b0a1d-9926-4257-ab59-56507c26d304	1237	1140	87	41	;
500576cd-c1be-41da-9966-dc4e9580327d	148	1181	85	35	land
ce40acd3-50b4-40f1-a0c3-e16dcb0cca7f	237	1181	47	34	of
5931e36b-2bdd-43f5-a46a-25dce7b2fec8	288	1181	106	34	many
bb35cb15-772c-4720-a864-de67d3f7350f	398	1181	119	34	rivers
0da8c429-842f-4dfe-b3c0-ab94976b10a9	398	1181	119	34	,
b8573a6c-d25a-4f1d-a677-d4e8879cf7d5	522	1181	79	35	548
f8a4247a-7ff5-4955-97ef-9b4a9509c79f	522	1181	79	35	.
8d273efd-0d58-4252-951c-56e39e95ed2a	113	1222	203	28	Whoredoms
9cf00d05-3457-45d4-b112-e37ee92a1272	319	1222	46	28	an
6c6bdf09-678e-41d3-a481-b5a1cab5e881	368	1218	237	38	abomination
1361efb3-5f3a-44b2-938d-fbd858c14d5e	368	1218	237	38	,
373febc5-bd91-49e0-99de-cfe20d8a16ab	610	1218	79	38	172
01dea729-0b2c-43f3-ab20-4a0f907f34e6	610	1218	79	38	.
57335bda-d33e-4a41-b482-73e0b0c2754f	113	1256	128	41	Wicked
3a356036-6f5f-4699-b4f2-b25922f467b4	246	1256	51	41	to
1c985ac3-1218-4075-bf83-d717be0a1c26	302	1256	123	41	perish
115925cd-0381-4135-9638-d05e1730c24a	302	1256	123	41	,
41931875-541f-4cd2-9a81-450b73a649b9	430	1256	87	41	144
7445510d-417b-495f-bc83-798778b8e0de	430	1256	87	41	,
8775ee30-3f97-40d6-891a-a2b2cad4092d	523	1256	82	41	154
1f5ca259-e3b9-47b6-9327-8fdc251113b5	523	1256	82	41	,
69444e6e-1c91-4e38-be88-4c55316b56d5	610	1256	79	41	159
16ac08a7-45a0-493c-be9a-e08f39af467d	610	1256	79	41	.
97c029c3-8c8d-46bc-b621-ae8744006755	113	1297	95	38	Wife
e7836d6b-10d3-410f-9c4d-ccf5bc335306	113	1297	95	38	,
a46dcd2c-a373-4d1e-bfd1-e31500f7f07e	213	1297	100	38	more
ae6639c7-733c-4e01-a614-8bca9ad96bbf	317	1297	90	38	than
f5205b5a-3ed9-4491-8b7e-b30c558cc255	412	1297	66	38	one
c8817253-75ed-4cbc-82df-00d2fae54bb9	483	1297	185	38	forbidden
a628df32-1de9-48ef-bb90-c4559bf8f7ee	483	1297	185	38	,
e2ffccfb-a931-41df-894c-d450613ac53a	673	1297	81	38	172
9759124f-28bd-46b7-94ab-ad113e00b193	673	1297	81	38	,
4986b241-3e6d-4e8e-b18c-5502c7cf3656	758	1297	78	38	173
66ac88a3-80cf-4047-abb9-3a293c5913fe	758	1297	78	38	.
03394556-042d-488b-abd1-2ecdfbfa7494	113	1335	204	38	Wilderness
2f572c15-1252-4c0d-800b-3449c73dfdfb	113	1335	204	38	,
7e9643c8-d11c-4075-b339-9406d698431b	322	1335	119	38	Nephi
1223c6db-747c-4d42-9218-cf9feaf978fa	445	1335	81	38	and
fbf4f730-3b15-4d0a-aa18-b612f87deffb	531	1335	157	38	brothers
46bf351d-4222-4685-af2a-441750cca4b6	692	1335	90	38	hide
27150504-ec6c-4f93-aaa4-d4c5de307f67	787	1335	52	38	in
d7d170f0-1a3e-4321-be8f-7487e735773b	844	1335	128	38	cavity
b08a091b-463b-4d24-aef0-4976b13b06ae	977	1335	47	38	of
a97be91b-1187-4227-8d0a-fb71476f5ab9	1029	1335	95	38	rock
d8708ba7-7805-487b-b4d5-8f917bb3d036	1129	1335	62	38	in
a2441b27-12ca-49b4-8573-a81a23ec0700	1129	1335	62	38	,
157902e6-101b-4cc3-b922-112469e460f3	1195	1335	62	38	9
960dcb97-1778-401c-9a92-ad431ee77098	1195	1335	62	38	;
c69c0eec-178f-48d0-bb97-1a8514038ace	1262	1335	66	38	La
c9f556a1-60a6-424b-a551-4878f9248328	1262	1335	66	38	-
e9c01059-201d-4256-87ff-d94b3f0b0f4b	151	1373	139	38	manites
94b1d8b4-8e00-4177-8e3f-c6c6f6aa7634	294	1373	79	37	and
c8ca6d35-8dc8-44b0-86e5-63807085f0c9	377	1373	166	37	Amlicites
dd593fb6-14f5-448f-8e8c-000db2dfdf71	548	1373	120	37	driven
89674fd6-e032-4bcc-8dd9-0e6bea8e387a	673	1373	88	37	into
70a720b7-8378-46bd-8244-7dad283bcc4b	673	1373	88	37	,
30f8b2cb-bacd-4d34-9ba0-350a52aa3d10	766	1373	97	37	306
8c38ac3b-3224-4bb7-8d7a-148f508eeef1	766	1373	97	37	;
dd0824c2-cb7b-4e8f-9d9f-8b95a7d749df	867	1373	51	37	of
f26b155a-83a5-4b85-9391-4205ba10164e	923	1373	203	37	Hermounts
40cef2b0-5efc-4d5d-a42e-b87bb5a7775f	923	1373	203	37	,
cdebcd67-7ea7-453e-9191-034ac5e2fd08	1131	1373	77	38	307
f761b385-b6cc-4c71-904b-f8a78680ddbc	1131	1373	77	38	.
25fad7fa-ad12-4bbd-b029-f3a7b6e7cd87	116	1410	179	41	Witnesses
b740dcee-59a5-41a5-9ae0-5429c3f0620f	116	1410	179	41	,
324a7db0-145e-4113-99c2-3b4868c58843	300	1410	46	41	of
087691e4-0b22-4de2-8771-078f2fc690af	352	1410	97	41	book
c58a0f48-44a5-4d44-826c-eb6be5468c53	352	1410	97	41	,
e4961f29-95a9-4e30-a2ef-af3fdc1c7e45	454	1410	113	41	three
592e1370-d8d9-46e9-9837-9d63d0acb6b3	454	1410	113	41	,
50496d99-60f3-4037-8f37-de4e6168e8f6	572	1410	92	41	150
07d0b1ae-08b9-4325-a70d-b05ec3c0870d	572	1410	92	41	;
ee2ab15c-1c43-41b7-97b1-64f837c67335	669	1410	179	41	testimony
807328bb-609b-45d0-9c65-14f7fe393392	853	1410	46	41	of
65907c5f-5747-43c3-80af-a2c75f827745	905	1410	77	41	two
00377c1e-9842-47b1-88d1-6efd962319ed	987	1410	143	41	nations
3821fc6f-a75d-4801-b973-090c5659d53c	987	1410	143	41	,
e45340c8-9cc1-49bf-b256-ae459a775caf	1135	1410	92	41	157
cad7ffaa-f78f-4ed5-8f98-60aab382dd05	1135	1410	92	41	;
388babef-6acd-432f-ac54-8380f51f91db	1232	1410	95	41	testi
83fc74c0-808e-4a23-bf54-3cdd5a213e83	151	1451	100	38	mony
03cc3e60-03f0-464e-b547-aaaca814e675	255	1451	47	38	of
83602383-b9bc-47a1-8afc-991398a375a8	308	1451	100	38	three
d76cbab4-9f97-4022-8d5d-80df96932ab9	412	1451	47	38	w
68420650-35f4-4b54-a75e-fbff460aa40e	412	1451	47	38	.
4214f9b0-dcf0-4533-802b-04606580371c	464	1451	195	38	concerning
60d718d2-de36-4923-8a45-a8b3d7eb552d	664	1451	100	38	these
3bfb4905-be4b-47ad-b88d-095f97a5e83e	768	1451	128	38	things
a80544d1-341c-4d51-b5e9-7b97f4531092	768	1451	128	38	,
ec915c01-4291-42a3-8249-1ed5ff27b85d	901	1451	74	38	726
f4d7c772-7c82-4e64-8b07-dd7894152d1b	901	1451	74	38	.
f937001f-aea3-48b8-ae81-30333e371d1f	116	1489	112	41	Wives
1e3c9129-4c9c-4584-bf16-45eed366af3e	116	1489	112	41	,
3c80ee65-2723-4c89-86fd-ace1eb56314e	234	1489	123	41	hearts
798ba1e0-e9f1-4012-a078-f5b640c13e15	362	1489	56	41	of
ec7ad599-c6b6-44df-a653-6732841071db	362	1489	56	41	,
50874103-33b9-4763-97a3-329988dc8581	423	1489	133	41	broken
7edaaa9b-b662-4df9-a80b-dca75c2f3f47	423	1489	133	41	,
152aafa4-b589-464e-832a-5576301fe292	561	1489	97	41	172
33502ae5-d722-4935-951c-680f0e844410	561	1489	97	41	;
bf36f548-1b02-4ac9-9841-07058ef348db	664	1489	184	41	Lamanites
5d724679-e13d-4275-b4f6-12a0fb8f1661	853	1489	82	41	love
9589f669-56c8-4265-8c28-a6c96b9e0210	940	1489	108	41	their
ad9487de-f097-45dd-8482-3d1b4e59a437	940	1489	108	41	,
41f1f746-51a9-43f3-89ce-7480cd713b79	1053	1489	92	41	173
88fae6f2-8145-4d59-b742-6d08757ede81	1053	1489	92	41	;
dee135b2-61c9-4d14-9097-5fd23af004ed	1150	1489	102	41	Noah
57e60a36-32c7-4340-aa28-097e9f021bde	1258	1489	66	41	had
0bd9eae1-6bf0-422c-9514-8a7dc729153d	154	1527	102	41	many
177af455-bc63-492c-af96-a2c46b11d1eb	261	1527	51	41	w
4e9c84ec-3043-4bd7-ad15-6a0c23f6b0ba	261	1527	51	41	.
207364c6-ccd4-4197-927d-951d5be284d8	318	1527	82	41	and
80d1923f-6edc-4045-a637-13cc12f41cfc	405	1527	205	41	concubines
3b8461d6-3892-43c6-acdf-95a05beced05	405	1527	205	41	,
50347e69-b1bd-4568-8e5b-2456681248e9	615	1527	113	41	many
9991b229-2732-4934-b29a-f0fc8c3aa5cf	733	1527	195	41	prohibited
a0a9fa74-66c5-4997-a47c-bef3221a0a9f	733	1527	195	41	,
e4bb14e3-913e-4a5f-adda-6cc4b02d26d5	932	1527	87	41	172
61b36af5-15a3-48ac-8487-3e8c8cd9d2e9	932	1527	87	41	,
a8dbce70-da7d-4fc8-b936-f96d0f563608	1025	1527	97	41	173
a42f4768-e62f-4389-a6bd-572950ac5081	1025	1527	97	41	;
c2d60160-1fbe-4779-8f25-76c8ece386ce	1127	1527	82	41	and
a817ddc0-3edf-47da-81c0-74cf065db993	1214	1527	113	41	concu
27e3ee7b-6072-4f79-b1f8-96f3b30e4fa7	1214	1527	113	41	-
cf841211-e5f8-4715-99fd-d34b9f9ae491	151	1568	100	38	bines
599379b3-ee39-44df-bb48-88d67aca4e4b	255	1568	52	38	of
d5e73ebb-b5e2-4799-a175-d64519f949a3	312	1568	100	38	King
71ece891-99ff-447f-84f3-e1c8ad917dd6	417	1568	109	38	Noah
b48066b3-1f28-4254-843c-14c79e66317e	417	1568	109	38	,
95be6538-7536-4743-9e43-f18e75d161a0	531	1568	83	38	239
33322dd4-4d0e-43bd-926f-044a6afbd5d9	531	1568	83	38	.
bf228c75-a275-4aaf-9a2e-ac05b4598796	116	1606	138	38	Women
4e57e70e-1247-4098-9505-020698c83040	116	1606	138	38	,
82c0aee6-a140-4f66-883f-e64bb87e45c5	259	1606	79	37	God
5e945714-987a-4477-bb9e-c1ad8701f2db	342	1606	148	37	delights
f4e3d8c7-cf3d-4385-9b2d-7c9e9eb0d70e	495	1606	46	37	in
d8fb8496-606b-42ee-8136-d1dc7c054a18	546	1606	153	37	chastity
deb17000-82bb-4857-87f2-d4bcb22bdb63	703	1606	55	37	of
3a8e6c98-da80-4762-a6cb-9611f861ec29	703	1606	55	37	,
8e5fc2c0-f484-4328-9e93-ac4e1368ad44	763	1606	77	38	172
df7b1b5a-7cef-4bc1-8351-a567a3040d16	763	1606	77	38	.
6cdc410c-bc95-4de5-8f23-76f4bb7f6c84	116	1647	114	35	Wood
007d9602-7716-4918-a1d3-0f0f33c2bad8	116	1647	114	35	,
df675297-f4de-4f6a-a50f-a1ebdd4575a4	235	1647	110	34	Nephi
6d7b197f-8fc8-4aa9-a32c-53a090bb02f6	350	1647	136	34	teaches
7ccbb0ad-3f1f-4e29-8a9c-ae062f12799c	490	1647	47	34	to
05c0ac5a-59dd-4318-be29-7fad050a3eda	541	1647	98	34	work
8e2fe503-2f91-47d6-9890-804c8cfc1e65	643	1647	55	34	in
1ca8289c-8302-44a1-85e8-ee26cb9d6946	643	1647	55	34	,
ed34fbaf-28a5-4728-9787-39b2be5f7da8	702	1647	62	35	96
2452ce58-577e-432f-99e9-9a436e05547d	702	1647	62	35	.
3d80a1c0-df2c-4ad0-b8fe-66f372755ef2	116	1684	113	38	Words
c0a0d0ca-fba6-4c6b-ad71-1762542aa572	235	1684	47	38	of
d6453d03-2d12-49a5-85d2-19da913739a8	287	1684	95	38	them
33d02a9b-20c1-4017-93c5-0067175151eb	386	1684	85	38	that
456e3310-e4e3-4dd3-b064-547130a5163d	477	1684	90	38	have
b64fe510-59c9-418e-833a-c616fad49b15	572	1684	190	38	slumbered
fa4fa3b9-0e5e-4e81-8f4e-0fa8b20b3747	572	1684	190	38	,
6fee8ed5-e6a0-4d70-9e26-0c092ffdefd1	766	1684	80	38	149
30b87a39-d7ec-46ea-b54c-ffd5ae944e21	766	1684	80	38	.
7df1a7e4-a5cf-42f7-b687-a2103d837082	116	1722	237	38	Workmanship
83ef03e4-a565-4ed6-a8f1-1eda5ac1c9ed	358	1722	43	38	of
ac386ed6-4968-46d9-bf47-8e163f5a7142	405	1722	166	38	Nephites
47166293-289e-467d-bd90-d5f186756736	405	1722	166	38	,
da685db3-72d6-4cd0-a13f-ef3eb13a8f7e	576	1722	78	38	198
1bd907e9-e7ab-417c-817a-a355d1b40900	576	1722	78	38	.
fe4617f5-09ec-45ef-b5cc-f58bf1e23768	120	1763	118	35	World
72d87006-d47e-497a-8340-10ffbcc50c5c	120	1763	118	35	,
bc51cf59-e1be-4173-8473-ff0247ade573	242	1763	205	35	redemption
6848770f-773d-405a-8e64-80b53e47e0e9	452	1763	57	35	of
6a42da29-fded-46af-871b-acdfefbb6f11	452	1763	57	35	,
240fd7e4-ba13-4b36-81b4-0c529a91dbd5	513	1763	37	35	4
6e2877fb-60e8-4df3-bbb0-a854b9457eeb	513	1763	37	35	.
d638a870-53ca-41e6-97de-69c5a3f61ea5	116	1801	104	38	Years
4fe18cc7-9013-4907-a8af-8c6ab6f05d66	116	1801	104	38	,
f8181b0e-2e3a-4bfe-8956-ce946b6a41a4	225	1801	90	38	after
85544a66-a455-49e9-a6dc-70ce43bdc977	320	1801	128	38	leaving
46f98039-b41a-44e7-862b-c4ff04ff25bd	453	1801	185	38	Jerusalem
461e92ca-af2a-4bf9-a260-b959d8f02913	453	1801	185	38	,
b6ff86bf-7477-4e44-b5ad-32b36c564617	643	1801	114	38	thirty
bcd54cb5-ec86-4659-b7a1-eafe92b5370a	643	1801	114	38	,
3b9566a5-671e-4611-bc1e-9ac00336c5f0	761	1801	66	38	97
d2783a52-c303-442b-9574-ff015f7956ff	761	1801	66	38	;
e297af37-1151-48a3-a919-e6bcd6a5a5d0	833	1801	104	38	forty
8f4e435d-1872-41e5-ac42-05cfa1525b38	833	1801	104	38	,
4958eec1-beac-49d1-b05b-00031d23aaef	942	1801	66	38	28
5c89ff8f-0104-48ab-a6f6-37d4fd572dba	942	1801	66	38	;
18bca1c6-8578-41f9-8ad0-eb4ef9b1606a	1013	1801	157	38	fifty
3b583d7a-f77a-4a87-8561-dc1236daa2a9	1013	1801	157	38	-
62b78d5c-c001-4614-b974-69f3230f904d	1013	1801	157	38	five
71b0a1f4-1b85-43c9-9ad9-1e1ec174d6f4	1013	1801	157	38	,
1a5e7179-dfd1-49d6-b200-59ae3146fd0e	1174	1801	85	38	166
d482f0e4-0728-4d1b-9c6f-7461ecbcd1cb	1174	1801	85	38	;
69988ac2-61bf-47f3-a684-2ca5add6abaf	1265	1801	63	38	one
fdcd8a08-cec5-49bc-8556-0d17f7580f43	154	1839	143	38	bundred
f1c03748-d7ae-468f-a0bf-e8092a56e450	302	1839	231	37	seventy
8c83e252-d713-42a6-90f4-66881b4c36fe	302	1839	231	37	-
6086bf9c-17be-4719-9cca-4d1366bd3a0a	302	1839	231	37	nine
c312ad09-7ae4-42d2-8512-c1af92cc4596	302	1839	231	37	,
cd63c435-7d42-42dd-96aa-9aa1b8e53f73	538	1839	92	37	196
51e4fd57-10a5-48f9-a732-b317cf3782e3	538	1839	92	37	:
834b4edc-c3f8-4abc-999b-e6f73696b31c	635	1839	74	37	two
985e0e1b-2630-45a5-8eeb-a92e1bea4ff7	713	1839	162	37	hundred
97a0e328-a88a-4e8f-b63c-d8b403acf48d	713	1839	162	37	,
1d94ad46-9f51-4a8e-b7d2-8765163d539e	880	1839	92	37	197
b1221f98-3fc2-4a1e-a99d-72c256fe4e07	880	1839	92	37	;
f58882ad-77f7-4688-aa7b-f4869f2ae9fe	977	1839	79	37	two
e7707e6b-aafe-461c-8386-e730a6bdd0b3	1060	1839	148	37	hundred
e936e1cf-6494-4bb3-a63d-fad03699bbe7	1212	1839	118	38	thirty
f7ea2e03-5735-46da-a622-7a68513223f3	1212	1839	118	38	-
21296b9b-d892-4844-8e40-0b1795e28bcd	151	1876	104	38	sight
2c10822f-c304-4a25-8559-190d2a11d84a	151	1876	104	38	,
05226cf7-6ec5-4d63-86c4-bc6b97cf5acf	260	1876	95	38	199
d168e1d5-34c8-4955-af14-e1d3dfa4add6	260	1876	95	38	;
5cbd61b7-50eb-443a-8815-3459897772c9	360	1876	71	38	two
4c610243-ecd2-4161-b786-456c2f9252d5	436	1876	152	38	hundred
e1c3bf2b-d1af-417e-b6fa-4c9d979d8b24	592	1876	204	38	seventy
2dd6c8e1-1ea3-40a7-83a6-09e651a37ef3	592	1876	204	38	-
047f4f63-a7db-4ef5-a09c-7e03b1716b25	592	1876	204	38	six
4772fa27-f658-4898-84a2-374115191997	592	1876	204	38	,
bcebc816-1f43-4980-9ab6-fe12a667834a	801	1876	95	38	199
d651400b-6b14-4d86-892a-21f56ee790ed	801	1876	95	38	;
3770e951-065a-403b-b865-f0ea3638d99f	901	1876	76	38	two
56de3010-bf0b-4bd3-a682-44291ded3d11	982	1876	152	38	hundred
0b3170ed-b2d2-43ef-bc1d-0a35d5c91a62	1138	1876	189	38	eighty
c0bba447-4358-47c0-bee0-e55202243cfc	1138	1876	189	38	-
f0e07975-a41c-4c7d-bc3a-8fbfe4119545	1138	1876	189	38	two
9d1fd184-2a02-49f7-8451-877769265030	1138	1876	189	38	,
1d94bf43-3926-4595-be0e-263b8a569f97	154	1917	90	38	200
c76efaf5-84a3-4a0a-9d6e-21abfd63cd37	154	1917	90	38	:
15de6eb1-ac92-4b37-a810-8dbc8d768b56	249	1917	104	38	three
a2a14a06-e1e3-4ece-8c2a-a220477150e3	358	1917	157	38	hundred
8a0c378b-4585-46fd-aab9-8a1ec9031be5	519	1917	142	38	twenty
15761e91-dddc-47e4-b4d2-abcde1331820	519	1917	142	38	,
2e5b3e58-b544-4c7a-b04f-f38428214cfb	667	1917	100	38	200
561e7f4a-eeb2-4556-bbd3-b3108907ecc2	667	1917	100	38	;
951c6bba-a0fa-45ac-b27d-7fe17c9dce39	771	1917	90	38	four
5309de47-1fb9-4c0c-8a2d-045518dc2248	866	1917	157	38	hundred
1cfa91d3-392e-4d1f-9b60-cbe62618f255	1027	1917	209	38	seventy
66cb7cb0-8346-4249-9d18-2047189fec07	1027	1917	209	38	-
fa152f80-87f8-4fb3-a8f9-89de2e79f57b	1027	1917	209	38	six
76a0c275-8c4f-4161-8121-3d9ac10ce9d5	1027	1917	209	38	,
b5074575-4868-41e6-b6cf-dd114dd47954	1241	1917	86	38	226
fefe9999-7e98-469b-ac1d-fec1db4f3d92	1241	1917	86	38	;
8d70a662-2334-4db1-9adb-009a327b6bf4	157	1955	61	38	five
931278bc-c534-4f3f-adbf-af11cbebea84	223	1955	147	38	hundred
b58e8baa-27af-434c-8694-8c502614eaa0	375	1955	85	38	nine
92f9f2e9-b1cc-4293-8183-87232adc0fc2	465	1955	95	38	years
4f2755bb-eb9d-417d-9129-11bebfac4f63	565	1955	47	38	to
2dfb1295-18d7-48b1-81c6-ee4965348906	617	1955	71	38	end
74f86d48-e161-4f9f-9fe8-c6b7cdc8764d	693	1955	43	38	of
bc96febf-4b8e-4ee2-8ef9-5a5957b927c1	741	1955	100	38	reign
0ad8e76d-80ef-45ef-8efc-94eca080e1a8	845	1955	43	38	of
cae35b84-57b6-4c02-8e83-48d079f96512	893	1955	109	38	kings
7141529f-3d33-4f95-989f-71586c5c4dee	893	1955	109	38	,
41e21b72-77b9-4152-b4ea-7065b3e83c2a	1007	1955	75	38	298
3a94002d-49cc-4377-9137-1f2dec6d933c	1007	1955	75	38	.
be2ce906-1cb9-4c80-b956-6750edb8a4ae	157	1993	61	41	live
0323361b-77bd-43be-a524-bfbd3cd4f2c5	223	1993	149	41	hundred
6114566c-3b63-4b46-9908-f8b5c831fe25	377	1993	82	41	nine
ae1111f0-4f21-41c6-ae90-ce84e7e61653	464	1993	102	41	years
b05d4ac3-9d56-49e5-bc75-6783bc732266	572	1993	46	41	to
ebe1be4c-49bb-4f98-bb1f-d0936a78d797	623	1993	72	41	end
e87b51fb-5ed8-4a19-a2f1-c899ee379a6c	700	1993	41	41	of
2a34b451-73a5-42c8-ac02-22c8bedafdcd	746	1993	102	41	reign
2c9c3db6-1384-4794-a35f-00ba879619f5	853	1993	41	41	of
27349f6b-4f67-4000-930a-a2107aa475c9	900	1993	108	41	kings
94acb851-33d1-422f-80e6-ccf32753fe38	900	1993	108	41	,
b4f3af31-aefa-433a-8e8b-218f638f5c19	1012	1993	92	41	298
f19525dc-c250-4ef9-b49d-c749267cb00e	1012	1993	92	41	;
f6ad6c8e-285f-4793-8792-2649efc5c9f4	1109	1993	61	41	six
c5c16545-40c1-4025-b658-17d5cabdb7b1	1176	1993	154	41	hundred
afaeb032-7e6b-43f5-9e12-660a1ed5b680	1176	1993	154	41	,
3b2c696b-5cf3-40a3-a647-72f23591280b	154	2034	85	38	600
1f129582-907e-40ea-9680-2422c7be2d7d	154	2034	85	38	;
869868a9-17e6-4adb-bef7-1fd836a27b12	244	2034	104	38	pages
117a4785-460b-44e7-bf96-f7a8a4880351	353	2034	76	38	600
6dc5d988-7f1d-4342-8132-95698a2db3ef	353	2034	76	38	,
ab98d22c-13a0-4028-815c-3f182a5e5402	434	2034	81	38	603
6a3f81a4-8e78-497b-8645-360194c8040d	434	2034	81	38	,
15ef585a-c3cd-4f59-bca0-7318e6422a25	519	2034	90	38	604
ad7c3483-5e44-4296-a8a8-6ad9a9659697	519	2034	90	38	;
846d7bfc-5763-4b0a-bf7b-06aa86fa47b4	614	2034	62	38	six
751a0875-9963-40d9-ae25-9ce79b439623	681	2034	147	38	hundred
211d550b-24ff-45b4-ab86-1f04ff2c6ea8	833	2034	71	38	and
4a81f21e-38cc-4895-9c77-58fedf46d08b	909	2034	95	38	nine
9bed34b9-89e1-40b2-b6fe-4a82f0245c8d	909	2034	95	38	,
163fd290-bb62-478a-b098-57e877099787	1008	2034	77	38	601
8edf2700-f91e-4b96-a4b0-b8242d2fd12b	1008	2034	77	38	.
79a131d7-5f97-4bd8-aad0-d25660d1181e	116	2072	99	41	Years
ab77ad3b-89f1-4b6f-b8db-06e839a4e710	221	2072	45	40	of
945809b4-380a-4d64-9438-728ec4a9149e	271	2072	95	40	reign
fe5ebebb-110a-4c83-9ba1-9b4e6297f819	371	2072	40	40	of
e3611d5a-d373-4697-aeef-e24488428cc5	416	2072	130	40	judges
8dd2a947-c5af-4d22-a3fd-fae6739f3757	416	2072	130	40	,
54756d63-ce48-4fd9-94a1-24e17b6f97ee	551	2072	100	40	pages
896aed20-6089-4cca-8f59-143497717220	656	2072	80	40	301
a8ca8607-af3f-41f0-9439-81d743b3a630	656	2072	80	40	,
1ea565f5-e9c7-43c5-a6d9-19dae21d9af7	740	2072	80	40	303
76ce71ff-648c-4088-bd49-9d208b6babf2	740	2072	80	40	,
bf3741d9-303d-4897-8602-84993299a371	825	2072	80	40	309
a56461da-819d-4817-97ff-f2c14744ba5f	825	2072	80	40	,
59a9e7da-eea7-45a1-86eb-1c76a089eee7	910	2072	80	40	310
04409cb6-27d9-493a-a975-0f92410f3092	910	2072	80	40	,
2139fce6-08d6-472d-bf95-5953013c0d94	995	2072	80	40	311
d8bfbd45-cdf9-44b3-8ebd-aa8cac64afcc	995	2072	80	40	,
300ee8ba-7113-4320-9c00-3e7f7a376747	1080	2072	80	40	312
ce5cf0eb-6456-41ea-b68f-b19200f1fb2d	1080	2072	80	40	,
6a9ad815-c4da-4032-b648-3ca5ca5f5eb5	1165	2072	80	40	326
0da51724-0a5f-401a-919e-c0bddf348100	1165	2072	80	40	,
7310cd06-173f-412a-a7b9-102452500c91	1250	2072	80	41	335
a8c72cd5-ab36-4cc6-89f0-551c77579e0d	1250	2072	80	41	,
