ID	X	Y	Width	Height	Text
f07d96d3-69f4-4aec-8e31-5644d9d3dee8	280	50	64	18	INDEX
c9308321-173c-4455-809f-ebba64e757c9	566	50	32	16	641
e32793a2-bdca-4fd2-939f-e794ae52e5c5	42	78	49	28	STaton
a0e65e82-f0ed-4a72-806d-ad4118f24a9f	94	78	14	28	to
1d2fe5d4-eaec-443f-bef3-0439ce1fea90	112	78	66	28	Nephites
7a330d7f-bfd5-40ba-84a2-1bc331dd5c92	112	78	66	28	,
86fe3f10-3b33-44ff-8c82-d11ade586d5e	182	78	42	28	439
b4c466aa-4079-45ed-9105-a3557ce0bba3	182	78	42	28	-
e6835aa4-41c6-406c-a767-eaf5b3e4d83a	182	78	42	28	6
275c5f21-603f-4144-b852-f86e53a505a4	182	78	42	28	;
4f914069-ae51-42cc-a1cb-a958d3a04f8e	227	78	56	28	blessing
20af80fc-1e28-4134-8094-e6457e29a1ff	287	78	25	28	on
c982c398-2632-4098-8d08-8e006efa177d	287	78	25	28	,
7bbca51a-be98-4438-a456-8a89ea0940ba	386	78	54	14	Gideon
62ea614a-5afe-4eb1-9aa0-01eefda07af4	386	78	54	14	,
c8edfbc2-8a2d-4513-8ed7-2876fadbabad	42	90	52	16	511
6ac459e1-791a-4662-b409-dbc8b1c6e454	42	90	52	16	-
6057b6ba-f678-455b-8ec5-62457ef1e3ca	42	90	52	16	ch
beda90a7-f46d-4281-acbf-c11d8ac5d648	42	90	52	16	.
1f8eacfd-72ff-49a3-b5e1-c0b451cfe987	322	80	62	26	Zoran
1c552b91-6347-466e-a4a3-3d5a8cb3a4e6	322	80	62	26	,
a6b8c897-bfbb-4573-af99-8db594ac9f45	387	80	16	26	of
832c75de-85ef-4630-ac2c-45c258aa65ba	406	80	66	26	Nephites
910d777c-a659-4c3a-9084-625bd422a55c	406	80	66	26	,
3fbdc130-445f-4069-8a2f-a489d1eab6f4	444	78	38	14	king
45fbd8d7-17b9-4340-84f0-07720d306ed5	46	118	48	12	plorers
f6913384-1749-4e74-8ff4-0bd07dcf450b	46	118	48	12	,
339ea7c3-4025-470b-a2d7-cb1832df0d3b	130	104	64	14	brought
f91babdb-c295-4f68-8138-fcc83c02cae5	218	102	60	14	Limhi's
ff328b4c-b4e6-48db-b7f0-fd98351babc0	288	106	20	8	ех
20235b62-118f-418b-b98d-f1f64ca8ff51	288	106	20	8	-
34030083-c594-40f2-b3c4-0c3e912fdb19	280	114	28	12	302
a7327366-57f9-4715-a0bb-1d6c6a63021b	280	114	28	12	-
e9b3bf41-4c5b-4fb8-ad57-9f82cc3ab263	334	104	18	24	of
691f0024-9237-486b-a030-599b3d71c2cb	355	104	84	24	Zilmaniten
87373319-228a-4527-9ff2-5206b4c2d94d	355	104	84	24	,
4d63c121-6927-434d-bfeb-67081914963a	442	104	10	24	3
68f99b0e-eaa7-4e02-a596-c8f6eba86a82	362	115	72	13	Lamanites
dc97ce8d-1a99-4dd2-bc6c-ef7154241a64	362	115	72	13	,
58538179-c9f1-48be-be2a-a26e3871c9b3	442	114	56	18	304.44
112eee55-802c-4009-962c-f69f8b9f4eb6	442	114	56	18	;
edf52392-f77d-4324-87ed-964a8fb70148	42	128	26	16	19
3350f4f8-6815-4df8-8e2f-6ef6d5390afc	42	128	26	16	,
94c5646a-69e6-484e-89b6-3dfeae19cb8c	66	128	54	14	303
041a848e-236f-47b0-9710-2693db17aaff	66	128	54	14	-
aca075bb-4226-46c6-88cf-a410642fc7c7	66	128	54	14	38
fff616f5-367e-49d5-bf2a-62cd3cd1e2e4	66	128	54	14	,
be2eab64-f19e-4a62-a6e1-27286b8ea722	122	128	50	14	306
ddf753fc-7838-4277-b4a8-24fe44772483	122	128	50	14	-
dca31160-4779-40c5-b13c-3de9fc1cdd5c	122	128	50	14	9
65b6615b-844a-4e54-9397-43106d1e6e14	122	128	50	14	;
f4ad4dd8-b489-474c-a188-157502657f0a	276	128	34	14	360
23cea6ab-19db-477c-a124-de0d69699245	276	128	34	14	-
04404190-d890-47de-b24b-6e62530c7b26	332	128	52	16	phites
1e095d5e-a591-4782-a130-1ca6caf58abf	332	128	52	16	,
a48c3b29-89c1-445a-a034-7337e9b2f16a	570	114	30	14	Ne
b1c47017-3a7b-496d-9871-51d99bbe4f66	570	114	30	14	-
b1800514-830f-42cb-b85b-d6c660b0f991	42	140	25	18	14
7c026008-d60d-44db-9c5d-51cec3e50a8e	42	140	25	18	;
7e16796b-0931-44b7-a853-02b914cdeab0	69	140	22	18	by
3acdeb2d-b6f6-4ce0-b1b3-9713f9f3e3cd	94	140	70	18	Jaredites
f42b5127-b089-41d2-b4ee-1041815f37f6	94	140	70	18	,
ea20d88f-e72f-4bfb-8a84-da5f21661694	164	140	54	16	508
5469d5bf-287f-40f5-8fe4-1f9e4a3bdbf1	164	140	54	16	-
3e5cac4c-2047-458f-bcab-edb4a33628d4	164	140	54	16	15
4852905c-967e-434b-9425-5210cf82f4bc	164	140	54	16	.
89e85394-d19b-46f8-8ff9-5b2c72368a3c	332	142	72	14	prisoners
368891e7-6424-4615-97ee-d427ba7792b4	332	142	72	14	,
0c26ef0c-7ed9-4d9e-bf0f-d3d8c2bcb9f7	390	126	14	28	3
ba6e51d5-1348-4f0c-b7a7-7b929a9d4f52	390	126	14	28	,
ef7e36e9-b8ec-4427-8762-16f8b0c7c365	407	126	42	28	345.2
afc72905-a382-45ef-b1e7-c867bbbe65fe	407	126	42	28	,
fafce292-5901-4134-8eb6-f97046188789	453	126	35	28	Gid
796ccfdb-ae12-47e2-9fcd-58094526d590	453	126	35	28	,
d53a194f-baeb-4f38-8412-b69c91aef366	488	130	40	10	over
4bf424d5-ddaf-4d5f-8700-89d545788050	30	154	78	16	Brimstone
a737085b-769a-4726-8de4-cf9d3840f7be	30	154	78	16	,
a18d1c50-12af-4976-bf1c-81388c496788	44	166	50	14	wicked
5697482f-7691-4202-831c-269afe600305	44	166	50	14	,
0bda4495-2db5-47f3-8ae3-226e8703977b	108	152	34	14	fire
52826b9e-768e-4472-a99c-860f819fd09f	142	154	32	12	and
92c912e0-c20e-4a8e-83a6-fa6d7afac676	142	154	32	12	,
17f58ac2-85ef-4e2a-801f-9ed9691d866e	104	166	48	16	68
01c65a8c-ea2e-4cd5-8249-5c55d4b3fbf3	104	166	48	16	-
7921b706-50a1-4667-92f9-86d27b2ad425	104	166	48	16	16
72f5bd5e-ea48-4115-8dc1-37c2c85a37e3	104	166	48	16	,
94a60f6c-85a4-4d44-8f37-69c3ae3b2fd6	152	154	45	30	69
0faf94a6-47c5-4ed6-ad68-e43ccc4b0578	152	154	45	30	-
3f1e68f9-a72a-4413-8d8a-e484b014551a	152	154	45	30	25
e37debb4-84d7-40d7-a151-47386e4af98e	152	154	45	30	,
06692450-da6c-4782-bc43-4d4cb7db61e4	201	154	56	30	100
d50d3b44-096d-45f7-aa38-01bfb0f5e7da	201	154	56	30	-
03f3d613-25bc-407b-9da1-e098c2f5cd57	201	154	56	30	90
cfaaea50-2017-4759-986f-39602eb2fe97	201	154	56	30	,
189b0a37-2e78-4e3a-8c2d-57cea670fd72	261	154	51	30	113.1
765bb852-1403-489f-b897-6599d3b0950e	261	154	51	30	,
941a8706-b78e-4053-8bd2-05dda477f2d6	260	166	52	18	113
87189383-9292-424a-b069-8ca93e2c4e1f	260	166	52	18	-
9d98bea5-efa6-4b82-9f5b-e9e5cd7a3c6f	260	166	52	18	11
4fbee2bc-a0e9-43cc-9f16-95dee9e6b05f	260	166	52	18	,
cb0cb0cf-735f-4519-a686-b3b415f65b21	42	178	50	16	123
fac3df85-1a7f-4528-8783-3a8c4d380908	42	178	50	16	-
37818d7b-2474-4bde-9d84-c1ed80e73a70	42	178	50	16	10
4645a4e1-f58e-45de-a388-612c96cb2517	42	178	50	16	,
fbe9fc13-a90b-410f-bcdd-4c4621102b39	32	192	52	12	Brother
794115eb-46b1-41a6-8424-68d9ae83f6b3	96	178	46	14	226
502593d7-25a2-45a2-8aef-4ed9255a726a	96	178	46	14	-
f377b69e-567d-41dd-895e-7935b184e88e	96	178	46	14	17
5def3d16-1ea7-4a58-ac58-de8d23e46611	96	178	46	14	.
67f6df1d-9f36-4ec2-9dca-6723fcdf87dc	92	190	14	16	of
2eefa46b-ad53-462f-80f0-fee534079ae4	108	190	22	16	Jar
f7ef5368-3921-4fd8-83ea-300a51b18d86	128	190	26	16	red
303915d4-453d-4634-90f8-57af8b5282f6	128	190	26	16	,
7a0c1159-1fb8-4514-b459-f899da1e6a94	46	204	42	14	Ether
9669e797-ed61-4ccb-8651-6c836502bf9a	46	204	42	14	,
bafb283d-4235-45af-ad68-671e6ba18e5d	40	216	42	16	150
44a1040d-8fba-43a9-920c-40ef8a5e97f2	40	216	42	16	-
1af6041d-9279-4c06-bbdb-0cd568c64d0b	40	216	42	16	9
950af122-5125-430c-a974-fbbeb7379398	40	216	42	16	,
1336972a-759d-47f3-b582-29d4efae6f48	98	204	42	12	found
daa6dbe4-41c0-487a-842e-572970d2599a	42	230	36	14	lated
d8baa42f-fbb4-4807-926e-e8433f470e49	84	204	55	26	176
1a722e22-d53e-4777-9061-510a757a7ff0	84	204	55	26	-
92bf6395-3030-4296-bd6e-277c86c07283	84	204	55	26	27
3baf4946-e7fc-4db6-bebb-da304513afdf	84	204	55	26	;
25dfd33d-91f8-491d-8ef2-04090a919315	142	204	39	26	Ether
d5135ff7-4d85-4e95-8143-ff1f0c9fac24	185	204	10	26	i
2626fdfe-f7d1-41d7-9ac8-c353cd6d7b55	198	204	42	26	record
f2844240-54b5-4c25-b6db-4390dea4afa4	243	204	67	26	explorers
763ad00b-da27-46b6-ae1e-4ea4a0fb1625	243	204	67	26	:
587a1289-8d68-49f2-b2e1-0f773dfe8f66	264	216	44	16	trana
7c69da01-934f-4fa6-b8fd-d902d8806dbc	264	216	44	16	.
ba08f8a8-b263-4d39-8e25-5dc1a7151969	88	230	20	14	DY
fdf62bbb-d8a2-418e-be39-d3ce6ce84e5d	42	242	46	14	people
b0dcc065-b550-484e-a79f-a7567fc8f7e2	44	254	44	12	record
c423341d-4de4-4dfc-a072-2605c04cfa55	98	246	36	22	abrid
32aa01a8-a649-473d-a1ed-53c31e72c1d6	240	228	48	18	record
da61dae3-9672-4225-8e9a-a21d3aba8cc1	42	266	48	14	highly
89bc78ea-49f9-4fb9-bae5-56fa0d5a68ba	96	264	38	12	favor
77ed4a8e-2b38-4b79-a2c3-3ae35fd972a5	130	256	25	22	red
f527d0aa-dd55-4645-b397-286d3c7cc8ef	158	256	19	22	of
f1606d4c-7c02-4af6-a9c8-cc95b1402ee0	252	240	20	16	Jai
0f16bf3c-f302-4621-9cfb-aaf0d2382045	176	266	32	18	the
cb520fdb-f1df-498a-a2ee-dd0108cf0a41	50	280	58	10	antuage
f43ac938-256b-4721-979c-15d0160f2f2a	112	278	22	16	of
e4955f02-90af-4225-8700-3f0c0ee723bb	112	278	22	16	,
f8b448d9-f155-489c-a063-5be9b68d1130	198	278	28	12	the
644f936b-aa1c-4504-a5fa-a37342c06005	46	292	72	10	contounded
05682c59-c4a8-4937-98d2-9ce4d7b952cf	128	280	46	24	479.35
11526e54-cf30-4076-a8c3-833bf0f6bfcf	258	252	46	28	479
df1b18a7-b0ba-46ec-95fb-c75664cdbd04	258	252	46	28	-
87d11106-0fe1-4bca-b833-1f62d808f94b	258	252	46	28	35
f37320c0-13da-41a4-827f-f3991424873b	180	280	69	24	promised
a7d70711-dbcf-4476-941a-c57931191c11	252	280	12	24	a
e04237a7-e571-41af-889b-9e6b50d0c6d2	267	280	7	24	c
9c8f9b7c-bc13-4a07-b64a-5799c9a46659	42	302	38	16	land
67f7215b-eeff-42ec-80dd-f0d0c21e4c8c	42	302	38	16	,
61d4cf29-4487-45de-bf09-d8dd1c88d535	90	302	48	12	480
c59675c9-2638-4758-aa92-ad7426b95c25	90	302	48	12	-
9284cac1-f411-4e4b-9a53-8ace1aeb1a2d	90	302	48	12	42
adbe3b24-09e6-44dc-97c4-567a55b013b1	90	302	48	12	,
0568fd8c-0d1f-4ada-a190-88d5cf52526c	270	290	38	12	choice
a2d2828c-d75f-4593-9941-cdcf1f6f254c	48	316	32	10	treat
983359e8-a301-4311-bcf6-728c2c4c0098	86	316	50	12	nation
0836d3e2-caad-456a-a43e-199332ec5ffd	86	316	50	12	,
a90a602a-a10a-4100-aab3-2bb8ceb1913d	136	300	34	28	4301
7da87ea8-1927-4624-b40e-914d5101c457	196	304	62	12	posterity
5631f979-8a59-4326-8a65-3479bbfea10f	266	302	18	16	to
fed58ba4-947d-4aad-848b-2cbd55a8e489	290	302	20	14	be
3f0db443-0b42-41be-ad52-cb92db2b09e7	92	326	32	16	bee
247ce8b8-a216-41b1-b196-9e167773456a	92	326	32	16	,
1bf8c141-ad69-4700-a030-243e6126a5e5	170	316	16	10	*
97a9b9a2-bbf6-41e6-b88c-e739a5555914	170	316	16	10	3
0debd8cf-4421-43f9-a996-ef6fbf4984ed	170	316	16	10	;
ec77ee99-f8f0-4f1e-a01e-19e7fd90a7ff	190	316	42	10	takes
61d61203-6524-4f57-8f3b-7d0591da87f2	234	316	56	10	deseret
fbdd7c23-bcc0-49e6-8737-d2e06a17e1c1	234	316	56	10	,
eb080eff-08ce-4726-aee0-76ac378c9528	291	316	17	10	or
4ad34510-ab57-47ed-a236-e3c7ae4eef89	134	328	40	10	480
0b497f63-9386-49cb-a609-95dc0ae86f5e	134	328	40	10	-
94dc3e0f-5289-44b0-a2c2-5768ae0afabe	134	328	40	10	3
9bcef863-ab42-4835-a23e-1af539953bc3	134	328	40	10	;
8f4c3f79-12e0-4b7f-9a82-76e2dd894539	186	326	38	14	talks
3d07b868-69c1-4314-ac4d-01c0129d7b2d	202	342	20	10	80
aa8e49fd-11c7-40de-9c9b-c6250523b73f	230	326	34	16	with
04067252-4d0c-4851-8116-e5357ea54bfb	46	340	40	10	$
2a61321f-ba79-475c-858c-e5d6bffc8215	46	340	40	10	80
83de1838-bb5d-45e7-b55a-11d5f457b94d	46	340	40	10	-
fe6ec0a2-4f8c-46a1-b397-b26fb9e21e9b	46	340	40	10	4
ffa57775-3ee1-415c-ace9-567a1377143a	46	340	40	10	:
1698a898-636c-4e4a-9c8b-6f45f54148fe	92	338	85	12	cormanded
4d58a7be-7cb9-4438-a3b7-0b8acafa65fc	179	338	17	12	to
dd5e1f97-81b2-449c-ba1a-20b9b2f1f970	226	340	28	12	into
d1049899-8d75-4f52-95b5-a5a274b0d74f	270	328	38	20	Lord
d0d750ef-7cf3-4277-a851-de080a2fd9f0	270	328	38	20	,
ca000538-dbeb-4c49-ba42-18e650580280	46	354	28	8	aC8S
f4b5e267-be29-40c5-84f6-00fa7a79cdd2	88	350	42	14	480
76a240dc-8ffc-4072-bff0-a2cb9df184c2	88	350	42	14	-
d7f7a6b7-4493-42fb-a73f-77ec82d48808	88	350	42	14	5
b9e36158-d118-4d23-9835-080f16183f8a	88	350	42	14	;
66f0e026-b4ba-4bef-a89a-7e5303311d0c	144	352	34	10	dwelt
6a92a609-c1b6-4769-a573-e66f81f75cff	188	350	20	14	at
ce46b213-9df7-4f39-82ae-e34283b7ff30	98	362	72	15	chastened
49bd48f6-3d0f-4531-9afe-38829c819ea9	44	374	80	14	commanded
067df1c1-7d7f-4192-850c-1b9b5d1971fa	174	362	24	12	ind
e3e7b4aa-ee8c-46dc-9a65-8fd25e786f46	216	350	86	12	Moriancumer
7f7d080e-e075-4386-b0f4-a9b19a7a2e00	134	376	18	12	to
53977deb-c1da-46bb-b351-6387078da378	46	390	36	10	melts
aa6665e0-476a-42a5-bb51-a122a091615a	88	390	46	10	stones
c58755bb-ff15-4760-a220-808b21633c0e	136	390	15	10	or
6ab75ec2-f554-4c81-8796-165e00d13472	156	374	36	16	build
1cc603f9-0e39-40dc-82c0-c5002d502fe6	200	374	54	18	barges
f54dac7d-5533-4f3d-a340-88a8483435a1	200	374	54	18	,
20aaf940-7c3d-4b85-ae4d-d70be4d7cff2	44	402	30	10	Beca
95855b85-b67e-4726-bfbd-55e57339f002	82	402	42	10	anger
0a57ff68-b0d9-4eb7-9fef-5e81124915f3	160	386	46	16	mount
3e691ea3-7d65-4193-973b-2c1038025b05	208	386	52	16	Shelem
ff93a556-887a-40e7-8d21-0acbd7bb6d05	208	386	52	16	,
8b1b8729-b34c-406c-86ab-3be25994b638	266	388	36	10	482
edacdd72-2fb5-4516-9efb-104e4fba0f54	266	388	36	10	-
cb5ae877-744f-4d85-ba6d-323e939a64c0	266	388	36	10	1
757512c6-cdbb-44fb-9a3b-dda1cee44958	44	412	48	16	Christ
f4ea236a-53bc-4018-9e90-1516d4eef3b6	44	412	48	16	,
94108fed-2e0e-473f-8a73-7ca21cbc3778	150	400	28	12	the
40a92e8c-e12c-453f-9306-a84fb5934719	228	400	46	16	483
3a4a1830-c83e-4bb5-80a8-8bd1d81c8a97	228	400	46	16	-
22bb8361-d1d6-41c7-a493-9885810a6fab	228	400	46	16	6
50062ab3-d919-469e-9a9a-85c5230a2145	228	400	46	16	;
f017a6ac-ab2d-4157-81e2-25b37db14b05	276	402	34	12	sees
fe291477-d047-4b96-9b77-7601afa7c3e0	102	412	48	12	483
9d9dde4d-3ac5-4079-b5e8-0049901aa2fe	102	412	48	12	-
56231c57-3c77-4e58-ae33-56345e26d70d	102	412	48	12	13
bb6e1aa5-15b0-4a3c-a5f8-1deb608d15bc	102	412	48	12	;
c376a5ff-8fa1-413b-85e2-51d155705922	156	412	34	16	told
c95a2b68-70a5-4ed8-b5ab-bd790922c268	44	426	46	14	арреат
5bb7a7da-ec99-4ffb-9f1d-72ba31415037	188	412	40	14	that
eb23a2b4-656c-4420-86b7-e8c7a41ef911	230	412	48	14	Christ
24beb30a-61b5-4df2-8be8-74ea7a8c9925	286	412	24	10	will
e0c983a3-858b-48e1-9bac-e2c4c8fa1b2b	122	424	22	10	the
b143118b-3107-4f87-9159-11db22c4c331	46	438	40	12	write
97ddbcb3-7ac9-4715-91b9-a587f0360a34	82	424	31	28	raid
cbabed56-9d69-4d2e-8c5f-7d3c80afdb5b	117	424	31	28	sha
bb7149e5-f7fa-49dc-9471-e8d23ca9b979	152	424	38	16	flesh
18ee4414-2c3c-49d0-9d0b-6364b7c1393e	152	424	38	16	,
972e8658-32aa-4174-ba0b-98b25918c831	200	426	44	10	484
9cda105b-732d-4f8c-86cb-a1e05f5edb88	200	426	44	10	-
e2bf394d-2c9a-4e8d-b84d-c83e529b33f7	200	426	44	10	16
5ff06a37-4991-4ded-a012-7e2096f90895	256	424	32	16	told
8ccbd134-4527-4b15-9ff0-d212eee3595f	154	436	58	16	records
1488fc9c-1fe6-4c03-b585-9fd6e2a83f00	154	436	58	16	,
0b9db11d-f06c-45d2-b725-12df7dcbb457	294	426	16	10	to
90f81324-b796-4dc9-a4d8-3e2211f6342d	210	434	56	18	484
a1acbc67-b60d-48aa-947f-ee0cc58326bb	210	434	56	18	-
4608b1ba-60d0-421b-a8a3-2bca1f8d32a2	210	434	56	18	22
21ba6743-e68a-42a3-97cd-364214f7b690	210	434	56	18	;
fc67cd2c-3e35-4b5f-acfd-0dc874b2dd3e	78	450	52	12	stones
ca354fe4-471b-4954-ae29-5a235dd008f2	78	450	52	12	,
8a532c43-62d6-433a-8fcf-1c0e35932981	44	462	46	12	shown
a589ac84-79d4-48b9-aeca-c76bc8cdedf8	94	460	84	16	inhabitants
325af829-fbc6-4e14-bbbb-e96ff5f1f836	206	462	46	14	earth
e301064d-cea4-48af-b3be-c5396fa53c06	206	462	46	14	,
38381083-4f43-43e5-b6d0-4f7b86e7c99a	256	444	52	18	484
7a254f49-878b-420d-9583-f84f4ba3f3f7	256	444	52	18	-
7c5b6d24-c3a0-4d80-825d-a2836341623b	256	444	52	18	23
9bd58f43-8f84-40a9-9cca-466f39c159e6	256	444	52	18	;
81835e43-0948-4fd0-97f0-cad4fe024fd3	44	474	82	12	commanded
30544cf3-a78f-4e28-a79a-f391dff0a108	134	474	16	12	to
2b48f415-db73-4988-8f78-68222ee1f1f0	158	474	28	12	seal
44941dcc-42b6-46b9-9f08-ef649f67bed3	254	460	48	14	484
ab5dd4af-7bb4-4df2-a1af-3bccd7b7f046	254	460	48	14	-
ba63644d-8c92-46f8-8c79-8039f1803998	254	460	48	14	25
732d8014-a309-4f49-aa76-9590d4d05015	196	476	20	10	up
e359eb48-51a8-4b17-a5c8-a0b51e267476	222	472	60	18	writing
44c087a1-fe0a-433b-ac06-1e4213d3e3f2	44	488	52	10	stones
0974bc3a-8b07-4e99-b8ee-e608862e8b44	44	488	52	10	,
ebd70485-32bc-46b9-98b2-06fa40226394	280	472	30	16	and
43f871f6-9373-429a-ac80-4b614d0eeccb	96	486	52	14	485
da7a6ae7-fe8c-4d8a-8a45-211bdbd7ed73	96	486	52	14	-
f00ee296-6267-4339-a659-2547db82eea8	96	486	52	14	27
7feb4736-0184-4ce7-b721-e10dfdf3f0a1	96	486	52	14	;
7778598e-f17a-4800-a6c0-28fa1ee4331a	150	486	61	14	writings
99408216-045e-42d4-a6d7-91b9485d6f46	213	486	21	14	of
e70fbf67-a263-4d17-a45f-dcb2a3bd3fdb	213	486	21	14	,
87620100-be50-47ef-beeb-992b2f8bc36d	44	498	43	12	lation
ab2989cc-d294-40c5-a8aa-f8db0e7a5d36	44	498	43	12	,
5544fd52-5e0b-4dba-b291-13cfa7543176	89	498	45	12	sealed
c28d6777-74a4-4a72-8a43-7697d9469214	136	498	18	12	up
e94c8be4-ab34-4306-93e1-f7842f7a0801	154	498	18	14	by
dc223dce-6b62-4026-b614-4f20940e5033	234	486	30	12	and
ba0f9781-0d47-4b27-a283-a9a04f458319	266	486	42	12	trans
73331641-8006-4595-a065-977e6d1fc79b	266	486	42	12	-
0128428d-614d-422e-bae1-d7c73599680d	182	498	49	14	Moroni
fce4458d-b327-490e-97f9-5ddeb600d530	182	498	49	14	,
3b839686-e6bf-48b0-8411-148e4bab0030	233	498	44	14	485
b98be9ff-5420-4cb7-a2ba-e96bde02831d	233	498	44	14	-
4f836d14-2a17-413c-ad28-5d083786f02a	233	498	44	14	5
881fbd06-6784-4e25-9271-4861051cea5b	233	498	44	14	;
9f67b9ce-9e23-410a-8fb3-8f0789e49e52	278	498	28	14	put
6d63d44a-c25a-4781-89f9-ab3ab435c306	278	498	28	14	:
59a6f56c-e165-4c6d-a86a-48ae05307d5b	334	190	44	16	mites
5f0fe6f5-b0dc-4d88-a637-8a9627f700ae	382	180	21	34	and
9cfc8102-cc5e-467e-9907-5a29574277a7	408	180	85	34	AmeRies
6ee48af6-7d99-4b90-bd79-2607cf43e8b6	408	180	85	34	,
e94d513f-bb16-42af-a955-ca6b5729ef7b	497	180	13	34	to
d2788f21-3f0c-4f15-8c60-6060065b91ff	514	180	30	34	lead
7c369575-75ed-4c75-a5e5-381d754dd2e9	548	180	21	34	the
e683aee7-7f7e-4a4f-a714-bc057a4760ba	573	180	25	34	ta
bb4ca83d-6a4f-4fcf-8d42-0df52204144c	336	204	60	20	manites
1631bdb0-1f05-47cb-a9c5-e7bdd6d4b3d1	336	204	60	20	,
b2f4988f-2044-459b-afb2-b73d5245bad7	398	204	48	20	304
69c31e2e-95ad-45ee-b094-55f3cbcc9423	398	204	48	20	-
b6dacccd-9ea4-46bd-8e66-9efb775aba3a	398	204	48	20	44
719e16e3-71ac-4981-a4ed-6f0941323f76	500	204	70	12	Loramites
8ee4d2e5-06ba-488f-87f2-bb205e38e992	500	204	70	12	,
9e831636-9a4a-4880-9218-794631eaf205	338	216	38	10	cause
94646536-cd8f-4747-af21-aa540d4fc766	402	216	68	14	knowledge
66c2fbf4-4176-4584-a9e8-8e0fe1123c6b	480	214	16	14	of
e9e9f593-d382-4868-b93e-e5b778c20631	497	214	58	14	Nephite
eb67cced-dee2-4643-b07b-17a0b9058351	340	226	32	10	$
97ef29d7-814e-49ec-acea-5502eb1acf58	340	226	32	10	16.5
be070aec-7887-4ea9-82e4-7d63b6d047a0	558	216	40	10	cities
4e735817-d1b8-405e-83bd-df07bd7734fb	558	216	40	10	.
af7add12-d126-46e6-9903-9f1e76612304	332	238	54	26	Nephite
3001b550-f9d6-4d2d-be1d-b1fef7de9b27	426	230	62	8	amanites
f9262b93-db9e-4d43-b12a-506f9f085092	500	228	74	10	astonished
84d49243-cd5e-441a-912c-52025c224198	332	250	22	16	by
62b347c3-7308-477c-ab05-8ef2d8593290	388	227	48	38	Coin
744625a3-cf1b-42ff-bbaf-f6f6abbd373b	440	228	72	39	8
a56c52ec-cd39-4ebd-8734-76f41f34d659	516	228	15	38	i
f85d1d79-dc0b-4c88-bc48-2343e3f0afbd	535	228	67	38	appointed
817a6881-b2f6-47c8-a8ef-a3e66f0e4b43	320	264	46	18	Captiv
0c968d87-0ecd-4ee1-95d3-df345e7cd221	406	257	23	19	of
ff45b7b7-0ded-4250-a6fb-8df9e54ac037	428	261	43	22	devil
e8d6f69d-d37a-4ee0-9970-a512cc06423e	428	261	43	22	,
34f66e41-96df-4702-b893-a17dd21ed7ab	324	278	38	14	Capti
e92d758b-0bdc-443b-94c3-6e8073531538	336	290	14	10	of
07fe4a41-0c16-4391-85f4-3f5cca94dbeb	452	266	74	30	predicted
a7059895-d6f0-48f9-9d58-a0589c05c204	452	266	74	30	,
8755332c-6fcb-4284-b163-a5286dd5414c	516	266	54	12	218
18583ae8-9b0e-4d5a-930d-c24a687bdf09	516	266	54	12	-
29f18b5e-2157-4ee0-9ffb-1eec48c386fb	516	266	54	12	28
6e928414-c90e-4634-ad84-4c64aa7c4a00	516	266	54	12	.
612cfb82-e73e-4478-abdf-e378c54bce4c	524	278	39	19	2
1468f45e-98a3-4ce3-8209-3c2748d6c178	524	278	39	19	-
82b16025-9b0f-4d3e-ae5e-8e808b621831	524	278	39	19	13
a254666f-4a18-4741-80de-e02b65bc5602	524	278	39	19	,
488e5833-b0b0-46db-bbe9-1303e87f7f88	564	277	38	19	16
d4f4aecb-0ff3-4820-8b76-6059ecc275b6	564	277	38	19	-
c390924a-844a-4ad7-bb4f-c2768a596e03	564	277	38	19	3
669fe75f-e1ed-4183-bb97-e7e8977899c8	564	277	38	19	;
e33ccd9a-0759-4320-979f-47d3748fa224	460	292	36	14	63
68323801-014f-45b6-9e76-15ac1540efe6	460	292	36	14	-
c730c16c-e19f-4e81-bb5c-b705de9aebf4	460	292	36	14	8
3283d216-5733-40e1-a246-5bad06ba3cb5	460	292	36	14	,
a8a9e710-6deb-4bad-9b22-bad91f30d8ce	332	302	36	26	phite
688d45ea-0934-4370-a96e-a7d726462785	442	304	44	12	350
7c5dcd5e-9cfb-4888-95fe-93488503ef4f	442	304	44	12	-
01b93939-8556-4edc-8adc-332bd1dd1ec7	442	304	44	12	17
6c22d390-4e3e-411b-986d-fe75571a3373	442	304	44	12	,
dc4d4646-cb18-43c0-8abf-9d163acfff79	500	292	52	12	130
b2ccc1a5-a5e5-4129-a14f-90cdd33d9f9c	500	292	52	12	-
f130a583-8c35-496d-9284-9aceaab59764	500	292	52	12	15
fdbce3b6-1b91-4520-b411-562fd4acb272	500	292	52	12	;
c73ea974-96fb-472a-b36c-043fed46eff0	554	292	18	12	ot
05d0e720-6e33-4fb1-a990-9c4ad719b686	572	290	28	16	Ne
fbc19f33-1161-4f7b-8242-d3c93650ab61	572	290	28	16	-
7be07f16-86ec-4850-b4fc-bd56d612ecb0	456	316	38	14	205
2404ade3-22cc-4f34-b0cb-1167555235f4	456	316	38	14	-
f8ef77a8-70cd-4121-8a0a-5d09a8218384	456	316	38	14	6
bb20638e-48c1-4390-bf67-75e7383e80df	456	316	38	14	,
588d06d0-6c32-47b0-9caa-5b595100b342	494	300	58	30	337.11
5d8744c1-2531-42f0-aa79-92a88892e8bf	494	300	58	30	,
3547e513-49ce-437d-b914-5cd6771f6b97	556	304	18	10	of
54d192bc-0ec0-4f25-b8a8-c6263bebb0ee	572	302	30	16	the
4e752e75-eefd-4ae8-af37-29c0c7d631c0	332	328	30	14	350
2ba942e9-72b7-4212-84c1-f44df7e3b84d	332	328	30	14	-
d03e03d2-7967-4b55-bb07-27f1099cf907	360	326	30	18	20
8a3037ff-aa35-4f95-bff7-4c5b7a28b637	360	326	30	18	;
0018edaa-c728-471f-9ab2-a9abb6496826	416	330	25	12	her
331b4f65-7ed2-4f05-ade8-3c9def2ac2c0	443	330	16	12	of
581b3d13-0166-45e3-82c0-18027b39d765	461	330	40	12	Jared
a23f3a73-d89b-45e0-9e71-099526d101cf	503	330	37	12	wasn
ec2eb797-41fb-49c7-9662-8f52514db5aa	558	314	42	16	286
8a787c6f-f0fe-4a6b-bd6c-f0acd29df0bd	558	314	42	16	-
b9443e52-4ca5-477c-8692-6a07de8b8496	558	314	42	16	2
16506e67-4581-4b34-91c9-d194cf40099f	558	314	42	16	,
582b3a91-ad75-468c-8533-10b0879913cb	450	334	55	20	489
d41b8466-04aa-4425-8395-f5597d7dbd6f	450	334	55	20	-
8eaa2449-54e3-4af6-8fb6-74fea80f2fae	450	334	55	20	23
924c3c5f-f285-47ad-9f4c-d889b1a7f39e	450	334	55	20	;
7eea9f76-bcac-411b-8b33-357fadd444b8	508	334	15	20	of
f77272d0-af2e-4446-92cc-b1787101d474	525	334	31	20	Kib
ee92b7ee-b7d8-4323-a8a3-ac80b6fbba79	525	334	31	20	,
90370da1-2d37-44c2-98b2-a6ae9aa3ca21	544	328	10	26	.,
37012bec-ab4f-47c9-a2e9-625423ae4b30	557	328	47	26	483.71
2a9d5795-06ff-4c35-87d7-5d3f39377bc6	534	350	47	18	491.4
43ca3042-f257-49d8-b327-cac52e7efb08	534	350	47	18	;
031a6212-fa59-4e63-ad55-16fd06790916	584	350	19	18	of
680c3c63-e5a2-4ded-bf2b-ba8588d0d241	334	366	36	12	Kim
3c08ef55-7920-4622-b83f-47b74cb248c7	334	366	36	12	,
a6c553c7-e0f6-48b7-b721-688db496fffd	382	360	52	24	497
f5a6c24a-7112-4dc5-82bb-466763a3e8fb	382	360	52	24	-
03179596-dda5-442e-b7e4-566d25b945a5	382	360	52	24	14
4949c741-f218-4f11-9387-0a6213ea3672	382	360	52	24	;
04655c14-8762-49f7-bd2d-b87e5ee4ef18	522	364	52	16	497
867c5abb-2f63-4455-8845-30a0da08770e	522	364	52	16	-
fd88e7f4-e240-4e28-95fc-3067365bc270	522	364	52	16	15
5f79ec59-888b-4cb6-8589-4bcbb23e0b99	522	364	52	16	;
ed507abc-8136-44d1-8ff0-b6e68a6345ba	584	364	18	16	of
7df70f7a-deef-4427-9bb9-145bedcc7201	332	378	76	14	Hearthom
5d8d8f9f-63f0-4c56-9837-2e4b2c789daf	332	378	76	14	,
a2bad480-2812-4c7d-84e7-48ab492ef3c6	418	376	54	16	498
8639ac0a-5ea8-43bd-bd72-b06ed52572e0	418	376	54	16	-
a1c4777f-a70d-45c6-b034-09967a81f294	418	376	54	16	30
cfd49c74-64a9-47a5-9adb-dc04a79e3225	418	376	54	16	;
8434335b-59f8-41c3-9508-50808a3d58ce	556	377	46	13	Anton
02a8359c-61e0-4be0-a208-dfc3adb54451	556	377	46	13	,
23c8bc3c-8382-4fba-ade1-2e6b90063346	336	390	86	14	Amnigaddah
327fc531-fbf9-46be-907d-094c43a9f152	336	390	86	14	,
39002ae4-0610-444f-b06d-196596dbcf62	332	402	22	14	of
3d287b81-1fae-4f49-840f-ccaf91b9a873	432	390	28	12	and
fec90b8a-b672-42db-92a3-db7641ce5875	466	388	78	14	Coriahtum
9f80bc94-dd6f-424e-8a76-6881dabd7f40	466	388	78	14	,
bda725ed-63fe-4f05-be00-3fdfb8325ac1	354	402	42	16	Seth
6ea627ed-f95b-4ca2-84dd-f27b96b35ede	354	402	42	16	,
d4eea2a3-857d-4901-ab12-a89e1b6adf7f	398	402	46	14	499
7b28ede5-a4df-4a39-84cb-05721ebde0fd	398	402	46	14	-
0b3c6877-1c3f-490d-92d7-56e79f244b42	398	402	46	14	9
9f384901-1f56-491e-b3bd-30e50c8cd760	398	402	46	14	:
8e57ab1d-a63c-4b3f-8010-11d60b8d96f6	448	390	17	28	of
20193ae9-4102-4ab6-aee6-29c4f6ad0c56	469	390	52	28	sort
db130d32-6603-4f80-943f-2a95f53b6db8	469	390	52	28	,
c84067a9-8a4b-480c-a2ab-99571367269c	525	390	56	28	500.18
c5535690-0679-4d8a-a29b-e453271d5413	525	390	56	28	;
b88b678b-4eef-4186-89ca-f5f5ea291536	584	390	18	28	di
ee9a0ef5-3d16-4d5d-a1d8-4b5036e3bf63	334	414	72	18	Coriantos
daf9a319-e973-46b3-8259-7385a7cb6e95	334	414	72	18	,
2f7d1779-bb70-4988-9869-ffb3a913fcd9	408	414	50	18	500
ce2d4248-997c-498b-bf96-28e81c41bd4c	408	414	50	18	-
590b48c7-c3f4-40c9-95bf-a036ade8831a	408	414	50	18	19
9fbe913b-7fb9-4759-a6d5-709eee2ad23b	408	414	50	18	,
688c1713-c116-4793-bdee-8352a97d7010	322	426	60	32	Carbunch
bac4c7a1-3bcc-4a19-b035-0a5327990ab9	386	426	16	32	er
9bd987e3-0ae7-48f9-9d57-b39983d05f5e	406	426	36	32	gate
d7e9e8f1-de11-4681-9734-98b5944ffb71	406	426	36	32	,
6f9bd8bb-fe54-498d-8ec3-611f83f52969	446	426	36	32	what
cd069a09-adeb-417d-9b60-232a4b1db3ac	486	426	36	32	12
f166f5cb-a9eb-43b8-862d-c6becae02b62	486	426	36	32	,
df4ed64f-1c98-4587-95d6-5f4b0678c132	444	442	45	14	under
256ebe1a-a98d-4d2f-88cc-680ee7ff6133	491	442	35	14	feet
35f97432-6985-4694-8001-4b248a09d17b	491	442	35	14	,
04455cae-f9b9-406a-853c-0349add4ce67	526	442	44	12	88
40c8df32-0ac8-4a64-a135-5783122ebb92	526	442	44	12	-
787f3cc2-6519-4809-b03f-f427499f2d9d	526	442	44	12	19
9ee5fb4c-4be6-49c6-9d85-e63e2f7bd418	526	442	44	12	.
ffe103e2-ac60-406c-87c6-5c2612038107	332	452	52	32	Your
5fd216c3-5f10-46f4-84ce-b20014141aca	388	452	72	32	pled
6f45e946-f623-450c-a6d0-6c7a4af1eb39	388	452	72	32	,
a9ba4174-6892-4b76-8bf0-7518a4a365f3	464	452	16	32	4
c8265630-2dcd-446c-89c5-0e9577ca8e41	484	452	36	32	dogs
020131f8-77b4-46b3-b37c-eb0e1da417e1	484	452	36	32	,
5bae7b26-db67-4816-a2b5-989e3da8ed77	524	452	52	32	235
1dd221bc-fd37-4358-9a59-522cec5b06a6	524	452	52	32	-
ae975788-35b5-48a6-b97b-0268924e6e3b	524	452	52	32	10
2fe5ffb1-46e2-421c-8eff-e97653e3a5b9	524	452	52	32	;
0de588e6-2e92-4fc1-acda-254b9e311b40	580	452	24	32	de
a2f4b503-eb7f-4d34-bf62-e07e4afd258b	580	452	24	32	-
ed9b129d-6105-47a1-b1a3-775f0b973813	322	480	58	18	Carches
9a604a8c-da5a-4a35-98ea-789f3953c5ec	383	480	25	18	ish
949a626f-5012-4b99-9123-893d3c59665e	383	480	25	18	,
4db734c2-b027-49b9-992d-f711b7d45b6b	410	480	36	18	83
cbc77705-7cf4-4b70-9386-10cec930509b	410	480	36	18	-
573c9e12-53c2-46e2-9f64-d90534c5e45d	410	480	36	18	9
cffd9167-9114-479a-bc18-2527097194db	410	480	36	18	.
c63082cc-5c5e-4f52-a9c8-33aec33ac062	442	494	23	14	by
9a76872d-b7af-4602-a055-1fb34559cbf0	466	494	75	14	Gadianton
046dfbb5-2d26-4fd8-a90c-84b849f81fd0	543	494	59	14	robbers
582867a5-194f-45ff-a656-f5f552c218a7	543	494	59	14	.
d65f2a69-dc81-4570-a921-4974cbfbd6c5	44	510	52	16	stones
950ce649-0a05-4d19-91de-f8fa63dad408	44	510	52	16	,
41f3fa0c-5d76-4195-864a-9a41d993f674	98	510	46	16	which
6537c38a-7501-4392-a3de-b6d473294aa2	146	510	28	16	the
ed54479e-3590-4c93-a97c-080c6e05e7a2	178	510	38	12	Lord
6bc713c6-31da-4c34-ade2-fec2699caede	42	524	32	10	into
f037261f-4b27-4983-91af-a991074fd96f	216	510	30	14	had
03756501-65e1-41fc-9572-f8202d088275	252	510	56	12	touched
79a775bf-41db-41f3-8c5a-5c3ded015fb9	252	510	56	12	,
4715544a-5976-48d7-96c5-ed993caf30a9	82	522	54	15	vessels
4fc98d2d-1595-4464-908f-efe6b75a18d0	140	522	24	12	for
b5c2b45a-e901-45b2-898b-0fb400976064	170	522	51	14	lights
4d90ac16-3b10-4be9-af41-39a6a9e56f2a	170	522	51	14	,
1384c453-4b3a-4df4-aae7-928c9116509b	222	522	56	14	487
0c3b65be-8bd9-4246-b54c-7058a24b3e46	222	522	56	14	-
05b91bfc-5fe6-40a2-991b-4402096c333c	222	522	56	14	ch
bf8f0c10-d8bd-44bb-baa4-c9a07c416a2b	222	522	56	14	.
1b57be26-4520-497c-805d-eb45f629d24c	276	522	36	14	6
0a773b3a-db9c-4c67-bcd8-eab0a6302487	276	522	36	14	:
aec4f3a1-8992-4da2-a39f-084e5131aa39	276	522	36	14	2
5f5b3adf-abbf-42c4-a440-0b9835b31c02	276	522	36	14	;
20341599-8262-4471-9523-a9ffa8b205bb	44	534	40	12	sails
b0cb314a-4225-47db-8844-f2b01d45991a	80	534	21	24	487
101cca47-7ab6-4664-9b12-ea4ba60a0753	104	534	66	24	promised
b9aee256-8968-48e7-991c-f6fdf62d6b03	173	534	39	24	land
8a53e82a-088a-422f-bc32-7bb88e2979ac	173	534	39	24	,
ae7b330f-3603-4d88-b3ba-b2e0dc7f7fda	134	546	46	13	driven
8a649ee7-2fd3-4200-852f-909dc3e47cfe	208	534	52	28	wind
ec7e99b9-d725-4566-8b52-c91a249f982d	264	534	10	28	a
5ab87202-3a67-418d-8b46-b2fbafce8662	278	534	32	28	73
c2934d24-b057-4f43-8257-40a311507050	278	534	32	28	;
4f651072-8d3c-4b11-b5b1-353122c65296	216	546	40	16	wind
3f459d02-8e1a-4067-9bc6-2e7e8d46e992	216	546	40	16	,
074e50ec-8b3a-452c-9936-3e09e0b32963	44	560	42	26	earch
803d62db-9812-49c8-8804-b8600c1571ce	44	560	42	26	,
60f9ba60-6f57-4b2a-a13d-517c5e5de379	89	560	49	26	85
057ea7d9-c98e-4b86-aa24-49de07d4f334	89	560	49	26	-
c6481262-fcc1-4141-aaff-7c0ebf2fab8c	89	560	49	26	13
1c88e7fe-cffa-449a-b3a8-033f2ab175d2	89	560	49	26	,
ff3c56f9-3f78-42f9-ba91-1d27148e5f86	141	560	45	26	tamily
2f883991-091f-45c0-84eb-e0b77d9d6f0c	190	560	19	26	or
80e072a6-d24d-40d1-95c2-43fc84b4e6ce	190	560	19	26	,
19ef4873-b1db-4b74-820f-c6c79276abc7	213	560	51	26	488
360e034a-aa33-4297-b71a-9ce857566de2	213	560	51	26	-
27dda2ef-8bf5-4547-9cbb-bb8e0a096da8	213	560	51	26	20
bef923a2-5ab2-4783-90b4-08c6f39d2caa	213	560	51	26	:
1425dc3d-4595-4fb3-9b37-ec73d7c47d9e	42	572	44	16	earth
d2b53c67-e70f-4f0b-93e5-88bd4e345ff1	42	572	44	16	,
e0faffd0-ebc3-43c8-94b7-5b43a81dd884	200	558	52	14	488
9d33022b-0a06-4b05-be50-ed65d6daf6ca	200	558	52	14	-
da344f1c-d8f6-4ddb-b57b-ce7541b87d23	200	558	52	14	12
4ec343f9-384d-4341-8235-76af9465598c	200	558	52	14	;
ca0f06fc-2f73-4a35-89f5-61c4de2de251	254	558	30	14	tills
77ab5341-0d20-41a2-8d1d-3359d7b8522d	286	558	24	14	the
7a739d11-8382-4c64-8182-e9bfb24e0aec	44	586	50	20	against
33025bd1-a810-40ab-b80b-f8257e87d0c7	96	586	87	20	monarchica
9ab3cd86-42dd-4446-8842-d5597b8f4e00	97	586	87	20	.
d7a6d8e9-c3d4-45ab-9111-7771c2573a7c	264	572	46	14	warns
3bc839a3-083b-4dbc-a19f-b19584152dfd	68	596	46	14	refuse
9524dd49-e789-4be3-8ee4-4a26788335a2	116	584	67	29	Kingdom
a121f833-b706-43ef-ba59-e9a93c6fff08	116	584	67	29	,
00ae9a94-13fa-4589-821f-dee6573b32cd	186	583	60	29	439
e600f63d-3764-4566-a182-af0a552bd007	186	583	60	29	-
6b2b276d-0a79-4921-a1d3-e10dc01854e8	186	583	60	29	26
9efb90a5-f42e-4e06-97db-9602b3122573	186	583	60	29	;
5e7adaf1-7803-4dc9-8baa-63feb54003dd	244	596	44	12	death
05a9bf8b-a3f1-4ac8-9703-30ccc011eff9	289	596	19	12	of
6bba2500-85ab-4952-803c-00f262d0320e	289	596	19	12	,
77c489b3-5a2b-4f8e-9df0-8bed09eeefdf	324	532	46	14	Carnal
9bede52e-5f9b-4718-b4d2-3f654f58bc43	324	532	46	14	,
5558766b-a5f1-4c0b-9541-bd8947931d59	490	532	42	16	142
34d0c082-c7ef-4e3b-8d4b-7ba5948be20a	490	532	42	16	-
3a45e54b-0a15-4b26-b468-c24433f4af2f	490	532	42	16	2
c6582d70-aa33-4e56-b466-93a3367a2324	490	532	42	16	,
5c8265ca-a7ed-49c2-975f-fc75e5667651	536	532	46	16	165
353041bd-5bf3-4c5d-bb90-29dc957c02c1	536	532	46	16	-
b2889e84-9771-4454-98a8-e1d0b36ff155	536	532	46	16	3
ef099e3b-b9cf-46eb-a609-4fe9e0f9e208	536	532	46	16	,
76431110-e04b-46ff-8283-dcce6166b9c1	334	544	54	16	166
5c2c01c1-b5bf-4e24-aafa-9e2afc1b264a	334	544	54	16	-
189565ed-f01a-49e5-9522-d5a90ed294e8	334	544	54	16	12
6676100d-725e-4889-921b-391d2c1df3eb	334	544	54	16	,
347124f7-5700-4520-9a50-4c6c92c96b7b	374	532	15	30	2
6023a2c2-d5d3-4fac-88df-f6c16b09619c	393	532	45	30	844
30fc4df7-411a-44d5-82cc-800973205714	393	532	45	30	,
5af62e07-3d53-42ba-a07a-a05d4ac50f64	441	532	49	30	1848
2f203df6-0aad-41eb-84f6-c3e2d16d8831	441	532	49	30	,
845b54e6-6cf8-4d71-a770-206efb0b6dde	494	532	52	30	232
9bfe8b66-f8c9-4820-8e37-9e072311ee32	494	532	52	30	-
343d2986-289a-4754-aae9-136e5f28a7e8	494	532	52	30	13
9c792c28-a406-4146-90cb-ab2e319dc94b	494	532	52	30	,
4d4204d7-3151-4596-8251-1016329fb9f3	550	532	52	30	2
87d76aef-d6ce-4141-a93e-9d70666291da	550	532	52	30	-
d7893b3b-e87d-48c7-8d4c-9ccb3f7d9906	550	532	52	30	31
28655170-ed56-49d0-a4f1-9918d56b50fd	550	532	52	30	;
2b3c09ce-da61-4db2-b3c0-aef1b91f98b4	332	558	50	14	298
ec22d0b2-f71f-4f39-988d-4557135363f1	332	558	50	14	-
6fcdbc95-012c-4574-9d32-ca4471e76202	332	558	50	14	13
733dde99-aa0b-40e8-a038-2589df984c69	332	558	50	14	.
4b144eed-feb6-4964-a59f-8dce77a1d688	322	568	40	32	Cated
c88ac5b5-dbe1-4587-92b7-ff3131fd04c4	366	568	24	32	for
50d2feb2-110b-40a0-91e1-3663ae9d100e	394	568	20	32	sad
31fcfd00-6dbd-4ba4-b0e9-dcc581d78738	418	568	16	32	by
23e763dd-1c75-45e9-8148-ec9e5fe93936	438	568	52	32	Nophit
2a19c20f-2a55-4741-921e-a2a243f6e421	438	568	52	32	,
38125f89-4444-4b6d-9483-015a1b648ff6	494	568	12	32	8
95e3c351-0bc9-4e16-8564-34513c6a1b82	494	568	12	32	,
84422072-e8bf-4820-99e3-31300d3b8322	510	568	20	32	627
2ff5b933-cf54-4c4a-bb43-ffb3105051c8	534	568	24	32	l
c81e6fe6-d7f3-424c-b1e4-04a97200be64	562	568	42	32	unh
54a1c9d9-cda2-4859-a970-0d8f431ef32a	392	592	35	20	their
5b104e14-a14e-4218-879d-f6f7df7aa7bf	430	592	30	20	own
c3eb0c72-7a3c-4869-a37c-eabfb591f6e8	462	592	43	20	lands
918df2d8-6a47-4b13-8861-01b5a60dda69	462	592	43	20	,
0fba26f9-d195-4f67-bace-0c2b4ac4ad1f	507	592	43	20	410
02426925-efb3-4420-a2ef-86d0bb867239	507	592	43	20	-
5873e3f7-41e4-4397-a1de-49a375ee83a6	507	592	43	20	1
e4157270-ca38-4a73-adf3-dc80b1dc0731	507	592	43	20	;
70a3af13-08db-4bf4-aa0a-aca90fea5acb	552	592	50	20	among
4d4655c7-cbd6-4184-b4a6-ca52b287a435	44	606	49	14	489
97ce85bc-6732-48f2-acda-5c55d6bd6f01	44	606	49	14	-
ac75b2db-fc98-4c47-9800-faea11e46697	44	606	49	14	29
bc07db60-ec52-4e64-bf1c-455273b9890e	44	606	49	14	;
ba743208-8e54-409e-ba17-5e00950940c6	95	606	49	14	causes
3acd5780-8e74-4555-ac0d-b7dd2212f6b7	146	606	26	16	the
816a5887-7ff3-46fa-ad5a-fbcd2f9d4120	174	606	72	16	mountain
c233487d-9d2e-46ec-85cd-caea732d21d4	174	606	72	16	,
6a967359-4ade-42ba-ba10-49dfed8b5f93	248	606	44	16	Zerin
21c46262-f563-4465-be69-58318563fb5b	248	606	44	16	,
786df4b6-5b71-40fa-a3ce-72255a3d78f1	294	606	14	16	to
977deee1-403b-42fe-b489-89ac7aa0bb63	44	620	17	14	be
74eb175f-ee6f-4c2b-a1f8-552b570336fc	63	620	65	14	removed
90fe068e-bb59-4d8c-b147-77bb4a81b75d	63	620	65	14	,
578a9c6f-3c8b-4ed0-a821-b734413fb79b	130	620	48	12	502
02bd0863-9f42-4f9d-9f4d-cc24ab0dbdaa	130	620	48	12	-
e1af1278-a766-4ab6-b4eb-3528dea49072	130	620	48	12	30
5a5417a0-ba66-4e39-bf7a-cdcfb375bc87	130	620	48	12	.
d9212c6e-2706-433d-85d3-fc5f7caabcac	30	656	59	28	B14265
a58e3311-25f6-4fbd-9edd-5d9aaf3314df	93	656	15	28	in
94764ae8-292b-453a-84dd-b7b8fa605856	270	658	40	18	Lehi
8b133367-e895-47fa-8b66-10839f079212	270	658	40	18	,
8248e309-6877-46c2-983e-a8701add4543	42	670	50	16	14
c6c59985-d494-43ce-b659-d26c4c57f950	42	670	50	16	-
fd55835c-a634-438e-bae9-c842ecfcaf0d	42	670	50	16	26
7d532a75-a66f-420e-803d-522a6641d446	42	670	50	16	;
54455031-b58e-4b3b-ba04-4cbb5b1ddaeb	102	660	10	26	"
0100a759-5ec9-4524-adbb-1c2e26084e09	115	660	45	26	vision
76652008-a496-43f8-a87d-56e4f6368f7f	164	660	19	26	of
e91c925c-178c-4b29-9919-20b13d19fd4b	186	660	49	26	Nephi
df7d71ef-aa9a-4df2-b454-028ce9fb1f0c	186	660	49	26	,
b5d16c26-2614-4fcb-abb1-b8b173aebf6b	238	660	45	26	20
8e33b65b-79f7-461a-8ba7-1eb4664aa887	238	660	45	26	-
ad3e31fd-f8d7-4290-980b-777770cb5aa9	238	660	45	26	35
de25e6fb-8277-4ad4-b4ef-c28f53257fa9	238	660	45	26	;
f66e922a-ab17-4930-8c2e-9e33747fe59f	287	660	23	26	in
dbb9133f-d495-4977-a44e-6cadc67b33d7	287	660	23	26	:
75b645ee-0f0f-40f7-bdae-0b63a704ab00	42	682	70	16	terpreted
316e3bc6-4ade-49c4-a829-09bf80b02338	42	682	70	16	,
03b767aa-8121-4026-b8d1-65b5aeda7a4e	114	682	40	16	21
89e63960-0f70-4e59-88e2-18c136b97656	114	682	40	16	-
494f50c0-59d9-49ed-b891-e6663cbc18e7	114	682	40	16	18
f2431443-86c3-4ccd-9e19-55055d0d005c	114	682	40	16	.
43e5711b-f2fb-4fd9-a2b7-d51bc585dfcf	32	694	49	26	Bight
9138c1cb-506a-48ea-b534-c8f693dd4aca	32	694	49	26	,
eb665b34-01fb-4d8c-a270-f507fb67a8a0	84	694	50	26	181.14
5fb8ebc0-3725-4859-9a2e-ffe8a1b9ddf2	84	694	50	26	.
bc5bdd38-330d-4dd4-a681-3f770cf5fb65	98	692	20	16	of
d253dcd3-171a-4330-bafe-4eee3184c5ad	120	692	64	16	Nephites
d8007ba8-54e6-41d7-aa8e-60cf7e77c939	186	692	20	16	in
9e3e517b-ef44-4cf2-a1f5-7ccb5d392fb9	208	692	62	16	bondage
5e332c5b-d60d-4c08-a29a-1d4fe568f902	272	692	40	16	made
dc541493-3674-4af0-89f4-a0b76cec43b1	42	706	42	16	light
99da5154-9a06-495d-bf49-8a0dfe1a7ae2	42	706	42	16	,
a8d8bef8-e4ad-4ed9-9070-d3326eafa27c	32	718	46	12	Burnt
c8b20c19-badb-402c-8ee7-51db19f6764a	42	718	35	28	was
1913b911-467d-432a-8266-d94152490a15	80	718	70	28	13zi
c4251e82-0f66-49fc-8d8f-454281f3ca83	80	718	70	28	,
9ad7184f-b29a-4db1-ad0a-13fdb9b0e1b6	154	718	45	28	people
d7f5d2f1-6d43-4e37-b338-887be4e1f954	203	718	17	28	bi
8c787b71-e0e9-49f6-952a-7b67902677a6	224	718	35	28	and
705ad9c7-908d-4a54-ae7f-c0fd5a1a5a77	262	718	50	28	Beni
ecb5e65b-cd5c-4dab-85ce-1812e7badedc	262	718	50	28	:
015e973e-4502-4ed4-b545-685113631231	84	744	47	12	136
d4557324-a2e1-4c5b-a78f-7d619fe41ddd	84	744	47	12	-
d93f34d6-764a-41be-8350-f2f399b0c407	84	744	47	12	3
68732733-db64-4c75-a8d6-84c639f0fc4a	84	744	47	12	;
a834bf00-4249-4586-a910-63181ab1ecc6	132	744	42	12	done
1a4f0fb1-1ba6-4718-8e76-ca6b6411bc3d	172	744	45	14	sway
fa6cf39d-0c2e-447e-85af-311ba7df38e1	219	744	39	14	after
1069f1e3-f9c8-4a71-952b-4ed81aba3bbd	256	742	56	18	Christ
30917f0c-93d6-4593-be81-6d0911acf00c	256	742	56	18	,
c98a8392-d76b-4dd1-b83a-10264bf8b28f	42	754	48	14	418
bb46e1c2-4ee3-4241-8c92-a32a89549350	42	754	48	14	-
c662b223-6347-428b-99f3-b94c0ea3b31a	42	754	48	14	19
685285d6-36ad-4441-900b-7269db455ff3	42	754	48	14	.
7ba5d816-23c8-4912-8db8-d41498d67356	30	778	45	28	Caron
bf226af5-1a5d-4ef9-8cb7-176787c4757f	79	778	28	28	one
ddc9b831-fad3-403a-9347-dbf8ca3687da	110	778	59	28	egan
4fdc3185-4109-4ba8-b251-c9ea30d05544	110	778	59	28	,
0041fc3c-d4e0-4196-888b-79621db57b90	173	778	66	28	374.92.15
17d3d982-c6b0-4bea-82b4-0770b3a68959	243	778	67	28	murderer
14a3b8e9-3cf6-47a5-880a-0d4a7e88b2d6	42	790	40	14	from
8d011b0d-a62a-4bb0-b34f-eabe696a35cc	84	790	28	14	the
8d66df54-e478-4768-88ae-f769f753ce66	114	792	80	15	beginning
279e0842-af52-4e3e-b09d-20217330b760	114	792	80	15	,
700281b1-3fec-4825-b194-a2c546fe004a	30	800	55	34	2155
ca975931-479a-412c-8d67-664eea3610b4	30	800	55	34	:
9d658bf3-810d-46ef-975b-4d9300748c03	90	800	47	34	26
de02bc15-a18a-4a60-88b2-08e86c7423a2	90	800	47	34	-
d684c9bf-271a-4b1e-b7b1-1f3c6e020acf	90	800	47	34	8
e0d704d8-a399-4e52-9d99-809c4c041dc2	90	800	47	34	,
cd480f77-65ed-477e-a139-a4e058bc4395	141	800	51	34	107
04788eae-85eb-46c1-aff7-b58aeccb3812	141	800	51	34	,
222ae3aa-cea8-4548-b8a0-2f5bb8c05738	196	800	9	34	2
b8bb54e2-83dd-4edd-ada7-6cd3f4e57dae	209	800	30	34	01
3ab30df6-c763-4e3a-9fc8-96f73804feff	209	800	30	34	,
8939c44a-ff9b-4a11-931b-350947a8eef8	243	800	9	34	2
a19a5e22-d711-4960-a6a3-91d2b3733583	255	800	59	34	rises
5990e08c-6712-4ba1-b85a-24bc681a049c	255	800	59	34	,
bf046d03-0cd2-45a7-b8a5-9e48459ded7e	30	828	46	16	Caine
0b04f2d8-e4c6-47e1-a2d8-b9e17218ac21	30	828	46	16	,
f118eeaf-cd30-4def-aa1d-2065f83fe7e1	30	840	85	18	Camenibah
74fa217e-9854-4862-8af7-ce004028164c	30	840	85	18	,
6e9d6ea6-f84b-48c3-8565-c9c45835726d	118	840	14	18	a
7dd81ce0-3f80-4159-b61c-6c78036435e3	134	840	59	18	Nephite
02f0d50e-0f37-4df0-8094-8f5347e8e860	194	840	70	18	chieftain
7e9f37d3-c5d0-4f01-a95b-85f3b34d65d6	194	840	70	18	,
6c7aaa47-7554-463d-b2b0-e75560f38b19	266	840	46	18	killed
c6ce2b2f-670f-4ec7-ac07-11665e3be00f	266	840	46	18	,
88608693-3e17-4901-a8f1-1fb123bcb8a2	40	852	54	16	470
1f946d10-9ab8-432e-9cc6-60654e973503	40	852	54	16	-
865a4ce6-085d-4d62-aea1-bc37fb4c689d	40	852	54	16	14
8abadd1e-d3b0-48b0-a06d-7ae43b6da568	40	852	54	16	.
a3d69d22-b38a-4d8a-9f41-8c86ec2407d4	30	862	48	32	Capi
1958ccdc-b8ee-4b32-9a34-9eb4e99f2b1a	30	862	48	32	,
e9654e08-f6ff-4e2c-a20f-8d95393d6af8	82	862	12	32	°
9134e5a2-99f9-4a06-976d-762b6fc8c7b3	98	862	68	32	Amlicita
bdef8e83-e92e-4dbd-bed8-e5fbc620e58d	170	862	64	32	eatched
8a218daa-4fff-41e4-aaad-5dfd11cdfc92	170	862	64	32	,
8fda18fc-39eb-4a24-b716-92602e95112e	238	862	28	32	199
d71ddf2d-57eb-4f8c-8587-1e56161cda26	238	862	28	32	-
f8006798-c87d-45ed-9b15-e79a5618615f	270	862	42	32	land
40633a2b-3c83-41c4-8c97-1d0c36283d22	270	862	42	32	,
822328da-5e4a-4aa2-b003-00223d711f9d	40	888	52	16	361
e269ced9-bf54-4b48-a1bd-27d9d2685ebb	40	888	52	16	-
411b4dba-6441-466f-bf93-4686c31640f4	40	888	52	16	27
055a4fec-9f62-44f4-b2af-7047ddaebea1	40	888	52	16	.
c2a7ef87-7021-4ac9-b0e0-d6b2cc6fc945	324	656	56	18	Cement
89256c56-c9bc-4660-b62c-bc96fabf7bb3	324	656	56	18	,
7029d91b-6282-4553-8bd5-978ffaee6bb1	383	656	61	18	Nephites
8108a316-8f10-45d6-ad07-8dfbea9c7871	446	656	45	18	expert
2c422142-3141-4015-804d-ce0f55f8b6b5	493	656	16	18	in
3be92c10-f631-4d65-9f89-a9623194bcdf	511	656	25	18	use
3c8853b7-7ba5-432a-a874-130064a94d13	538	656	20	18	of
465dd20a-09c8-45c7-b497-668cf7aa8537	538	656	20	18	,
fe566adb-9a65-4aaa-bd26-387c15d66174	560	656	44	18	364
333f5f64-53a2-4563-ada1-22af3025efe5	560	656	44	18	-
e601a4e5-491a-4707-b6c7-145bdc55b84e	560	656	44	18	7
4dae2f6a-ab97-4853-803c-41e2e796a158	560	656	44	18	,
7fbd808b-4752-4b37-9909-32368826e1be	332	670	18	16	2
75d52530-66a6-496b-93b7-4b585c7ef7a4	332	670	18	16	,
7d1b08fd-91b0-4f2d-b9b3-27c19dd567ae	352	670	22	16	11
361e4040-20df-4b1a-99e3-877c95d2fe27	352	670	22	16	.
e24eab61-04af-4d66-8035-c57ae49356a8	322	681	66	18	Cozoram
79e11af2-7714-4256-977e-6ddf42ed18f2	322	681	66	18	,
d4b047a2-23ed-4a0a-b8ed-5b3ed72cd4f3	394	682	60	12	becomes
8949748f-a77d-4cba-aff0-88a2e67d2145	334	680	70	40	stared
ff52f6d3-0f0b-4d76-aff8-ff070b5483a5	334	680	70	40	,
289c43f7-32f3-4f8a-9988-9037c8809aaa	409	680	55	40	sis
2a2c2a95-50e6-47e0-864e-f898cb016f61	409	680	55	40	,
83a161fd-8b20-4163-8870-b18c3cbfa6ea	469	680	25	40	in
bee64f69-f532-4e89-b93f-bf1e81fe82d1	499	680	25	40	de
f590c5bf-a383-4429-aed7-36db48efde3c	529	680	75	40	murdered
ad7ee7e6-ae6e-466e-a9df-26c41631fcbe	529	680	75	40	,
31f1ae5c-537e-48a7-add7-df08012807fc	384	720	25	22	925
dd7ef9c0-36b6-4b58-bd47-292f87094164	384	720	25	22	.
186d30be-e1c3-43aa-8f89-b395cfbc27c5	412	720	22	22	312
427d9ba5-e757-4b4f-8f6a-24b8cf294a85	412	720	22	22	,
53747bf5-9dd7-497f-a3a5-cc14007572a1	436	720	49	22	230
8a40bd08-4ce2-4566-8e0d-8da02f07ac7a	436	720	49	22	-
ea751684-59a9-4581-8854-373f758bf332	436	720	49	22	30
6473e8e3-b549-4e11-b7d3-9176c84c9e93	436	720	49	22	,
cdd724d1-38e4-4f64-af8d-72d6588d5011	489	720	45	22	261
95573ded-16be-41e7-8c33-2eb27b370250	489	720	45	22	-
d325c65e-a232-4766-8a0c-52e0cc59ff6c	489	720	45	22	14
c62a631a-c0d5-4c80-bf63-167d1cfd6566	380	766	52	26	205.12
aa99bb56-6b34-47c0-85c7-82322b6dd53c	380	766	52	26	,
28d9f5db-f100-42c6-b94b-401dacc530c1	435	766	15	26	1
107fe45d-c868-4609-8b55-d30a501dce05	436	768	24	28	13
6623cebd-5ea3-4f94-a1a9-a392ed423c83	436	768	24	28	.
91e61e56-7406-418d-9845-96df3d7c5b04	464	768	21	28	04
3c3929a3-79a2-41ea-a740-163fdb0dc036	464	768	21	28	,
3bc59f9b-4e03-4cae-9a34-78fb94dcba06	488	768	49	28	396.5
2e9167b4-a358-4686-8c38-da0f65a46c78	541	768	61	28	rought
8526d2ff-a170-4a9c-bc46-c54bb619b5ed	544	782	56	14	wrought
c169baa0-89ee-4b7a-acd9-b77dba911e96	356	792	50	14	bodies
02b2d3f2-aa85-43f2-80ff-ae3b14ee81ec	412	790	21	14	of
41218064-f5ec-4aca-b72f-103e25368d46	435	790	30	14	the
c412b686-7d0e-463f-b8c3-d086cd6f1332	466	790	42	14	three
57c37aed-08f0-490f-96ed-5291201b7f18	510	790	64	14	Nephite
64e0657c-f0c5-4e84-a1f8-4548c7dd1b96	334	806	46	13	ciples
b881a978-a88d-4fcd-aaf5-3b91079dd547	334	806	46	13	,
166bda13-c326-42a8-b703-fea1b18cd961	378	804	56	16	454
93b44548-399e-40c9-a9e2-760eeb93ad4d	378	804	56	16	-
73c362fb-1a11-40b2-a684-66bb532117fa	378	804	56	16	37
26a984d2-1972-4f3a-a236-c081704a0fc1	378	804	56	16	.
bbecaf12-eff0-4e25-8738-b7061438a5d2	572	794	28	10	dis
3cf070b1-c8ce-4b08-babf-c17135606048	572	794	28	10	-
09f179b1-c076-448d-82aa-2f2e28074efc	324	816	62	16	Changes
b97c0267-daa6-40a5-89f3-30942fdf24c9	324	816	62	16	,
516d609e-c2da-456a-a831-eb3b68f357cf	388	816	20	16	in
ff358a5e-ecab-4cf5-9bf1-ad39151ece61	410	816	38	16	laws
438c4dca-f38e-4d8f-9431-a9d335246bd3	450	816	52	16	desired
e9750890-5455-4e5d-8794-f5f1d29faef2	504	816	24	16	by
b5a6bf07-ca02-46c9-b3d4-dde405a39847	530	816	72	16	king
358eccb2-0b7e-48bd-a5cc-8d3c71f793cd	530	816	72	16	-
95480e15-2993-4064-81d2-bd3144cf5a6b	530	816	72	16	men
bb15a996-5ee2-4d27-a04c-fc4523a12842	530	816	72	16	,
337ab1aa-fb86-4b8f-89ce-71a5fb11317b	332	828	44	16	324
67bb4553-1d1f-4be0-a48f-b06c3a6ceb27	332	828	44	16	-
12ce3238-298c-4b33-b991-b081c8fcfae3	332	828	44	16	2
afe32488-569c-4e7b-b225-e4ba53d0dad1	332	828	44	16	.
e009f46b-fae4-445a-a105-d7e275ac2193	324	840	78	16	Characters
8ba9f74c-4158-49b5-9e61-cce955f525a4	324	840	78	16	,
ee856d50-0dfe-44d7-a147-3430d683f3a0	404	840	58	16	written
d0c8f03e-2303-47e0-a11c-a679660fb258	404	840	58	16	,
03d25926-abae-464b-ba0a-681f55bf3bb4	464	840	66	16	reformed
acf31041-e65f-48b3-a5ca-27cd5042d42a	532	840	70	16	Egyptian
16d100f0-9a3e-4dbc-a725-b28a5fc468fe	532	840	70	16	,
8288143b-27a9-4302-a48b-a5256bc15855	332	852	50	16	478
95094360-6f19-4d56-993b-4e9ed40658a4	332	852	50	16	-
c00dc637-1ace-4511-b0de-086034d8d37d	332	852	50	16	32
c1884ba7-67bc-4408-bb45-1f3310702b00	332	852	50	16	.
