ID	X	Y	Width	Height	Text
e94a6192-5d18-416e-ae27-12c0855d2650	24	88	49	18	Jacob
1841913d-05cd-4396-b558-f2fe20413180	24	88	49	18	,
07a05a31-b253-42d2-bb4e-1df003f41e68	76	88	40	18	Book
ff5e7747-4f03-4642-ac56-66ae3364548e	119	88	22	18	of
a61e796b-0a8e-4ce7-9f9e-ec8d9b903ccf	119	88	22	18	,
f26374ef-3811-49ed-bc7d-e3497bf7cf77	143	88	45	18	107.1
afa43b18-7a62-444e-90b1-59ea9a5bdc3b	143	88	45	18	.
86200fa9-efca-49a1-ba1b-3fd065a2ae73	24	102	48	16	Jacob
a374c3d1-3979-4dd2-a9d4-ab494713e830	24	102	48	16	,
eeddc3ca-4694-4cd4-a682-31db067755f3	74	102	32	16	city
867a83ef-9d83-4d4f-927e-351f59cd36dc	108	102	22	16	of
f12220da-57fa-4c69-9f6e-11804314fc7f	108	102	22	16	,
9fd0273d-e880-4d26-9128-04d9fa1e0300	132	102	38	16	sunk
83ce3756-565b-42f8-a3f3-b44b0f39ffa5	172	102	18	16	in
5674d965-2473-40bb-bf49-5448d1cc5099	192	102	32	16	sea
c93f6370-a4b9-448e-b125-179d11390027	192	102	32	16	,
ce7c6a13-b0eb-4f7d-86dd-27b755cc4460	226	102	44	16	417
2bc4fde6-81d9-4b5e-aae0-6ef6423c720f	226	102	44	16	-
d8227cc3-00ad-43a8-b028-c5bc908ef2db	226	102	44	16	8
560575f7-1df7-4504-93d2-c8d9980cda48	226	102	44	16	.
39ceb9f2-b7a3-4b5b-bad9-532043fa7103	24	116	48	16	Jacob
6ed47e5c-f9c8-4c3c-a3fd-0008240445eb	24	116	48	16	,
d31ad423-b3f6-41bf-846a-a6e5d9db8508	78	118	28	12	son
dc7f1f94-0e7d-4f76-b640-37c1460926f2	114	118	18	14	of
40be4aed-97d9-47fd-aea5-b8246ecdbc4a	134	116	44	14	Lehi
4fa58e86-8322-4141-ac83-9a8a9aaa0928	134	116	44	14	,
2c8856ac-aeae-46b5-805e-7fb55fff03af	184	116	40	18	39
25e248be-bf01-45a1-9de2-d83856be736c	184	116	40	18	-
2331f03d-9b52-439b-9105-f7800f4980df	184	116	40	18	7
284ea30a-0123-4f58-81da-8d779f47803e	184	116	40	18	;
6ecd3d03-7e9c-4fb7-88ff-a618ca128460	228	116	36	16	fees
2b174a93-2ae0-4a37-a93c-299ede23903c	272	116	34	16	with
ee682643-9977-4d06-9ac5-22e41ad44609	38	128	50	16	Nephi
32f0bca5-3ebb-426c-8245-3945b058a27b	38	128	50	16	,
f282179b-5b65-40b0-8ffd-7222a3cdd55b	96	128	41	16	60
08182eaa-6f6b-4093-aaef-b787a362772b	96	128	41	16	-
2eb3fded-e5ca-40a8-be40-a319e2e07efe	96	128	41	16	6
1763e4d0-cbe5-41ae-a348-eb2392524ed5	96	128	41	16	;
954b4dde-7b7b-4a42-af50-60d3731eed07	139	128	41	16	made
5f2bfe5d-c2d2-44f3-ab94-3c832e9a3622	40	142	63	12	preaches
29e44019-a716-4bcc-a476-84d8c009e56c	105	142	22	12	to
06752b58-78a2-44d2-8113-7211de05c937	178	126	20	32	62
961e11de-5b27-4c94-9a28-a7525d8a2858	178	126	20	32	.
97d5000c-2544-4195-8e48-74befcf1f8c5	202	126	56	32	Prial
b006c651-6b22-4c7b-be34-3885f82805a7	202	126	56	32	,
36937545-ec7d-4c2b-899d-53a2c0c62fca	262	126	46	32	50936
2620dfa3-1583-4d19-aed1-73c716786752	262	126	46	32	;
7a0bfa09-d45e-4c12-bea4-9cfacdbd2acd	38	154	20	12	to
b51db9cf-8202-4567-8a4c-d7301f8fcf09	126	144	52	10	people
c47de34a-6962-4c7a-9718-e9f6555b2553	126	144	52	10	,
ced5c532-00f6-4866-b290-34c5388c46de	260	128	46	16	62
8daa16b7-4f12-41bc-8b94-85b15b9113ca	260	128	46	16	-
4d44a011-e008-4af3-9d25-c5e4370612fa	260	128	46	16	26
8f554b73-f43c-4d68-b544-ad308ceb8cc4	260	128	46	16	;
4f2238a1-af65-4b3c-98ad-fce2e925fbc6	62	154	43	12	write
75241a6c-6d87-4431-b365-a46155100f96	107	154	53	12	bistory
e6e82d71-375b-41d0-9bfe-d8fba5385da4	162	154	20	12	of
96c481ef-c689-48f5-b2b1-3f6291555f81	186	156	51	12	people
e8504817-c630-4131-9a4e-3c4c9e816f0e	239	156	35	12	upon
a34f784f-ebbe-4794-8e27-e140bfbf3e60	280	154	26	12	the
ed06be91-f2a3-4b9d-be31-91ce8b854788	38	165	46	14	plates
a7f22358-a6ba-4067-9c00-3922c21fbb88	38	165	46	14	,
6ff2fad8-55a4-4526-b4d0-eed6ab808732	85	165	44	14	108
73dc1d53-ec75-4ab2-922a-456a2e3abcd1	85	165	44	14	-
a73d9cb8-a6a2-42bc-b3a2-2c108ae2e9e9	85	165	44	14	2
10f790ec-4372-4aa8-978c-b2af4d8cc28f	85	165	44	14	;
5305fbbf-adec-4904-8987-b61fffbeb575	131	166	70	15	confounds
7c4e874b-dd62-4e71-a7e8-b552964814de	202	166	58	14	Sherem
67d42273-e39d-481f-bdb4-b5d31498c0d3	202	166	58	14	,
7778bd91-3ba0-4e9f-b0f4-a2940c5dde38	262	167	42	14	123
57e4fd79-051a-4b9f-ab5a-d21ad50e179a	262	167	42	14	-
5be5421c-8117-46fd-aa4b-6287b8ab20bd	262	167	42	14	8
92d9de0d-3c45-4611-b4fc-6d54a8050a95	262	167	42	14	;
393e99e4-b8d2-4f87-846f-e1f1856d55a1	38	178	70	16	concludes
ff31b854-0d20-42a6-9ffd-d5a0b2ca50f5	110	178	24	16	his
660e7dd1-2eae-49d6-ad33-cc7259dd320f	136	178	56	16	record
fd727558-7fc1-402f-99c2-028fa5cefd8e	136	178	56	16	,
97c95e3c-83df-45a1-88ff-6d905468ea3c	188	178	52	14	125
95f46f8b-8dd6-4bda-a14b-2ccc10d45535	188	178	52	14	-
433b8ee9-507b-43a3-a736-eb0a0b7d1d9d	188	178	52	14	26
65aa0f19-ed65-42b7-b2ee-9d17cf30f1f1	188	178	52	14	.
3093b4f6-1dae-4ae2-82a7-1d61eede1605	40	206	80	10	surrounded
df122ef7-0640-4726-b4ce-ae32626f447e	40	206	80	10	,
8d41b2c1-d546-4d43-b6a9-6a5418a27a24	236	192	30	14	and
f1b4ab23-4f2c-4bbc-b796-8c969c5e7f51	267	192	36	14	army
4616df82-0f5a-43a7-8827-83fe9d642e26	24	218	44	12	Jacob
94550839-0587-4fd3-bee5-70759080c109	24	218	44	12	,
39bcbb41-08c9-4622-8427-203d006666d1	69	218	35	12	king
6d10ae1e-e476-48bd-a110-afb0090f5ed3	105	218	15	12	of
37bdbde5-2830-4d8e-9829-63bc131939bb	121	218	56	12	robbers
a8440cf1-3d10-4d8b-b29a-8fd0f5c9190c	121	218	56	12	,
8e48b754-cd21-4fce-a9eb-e080f3f0f697	178	218	45	12	413
abb6040a-f031-4566-b9a1-3909e049ff35	178	218	45	12	-
8c473a10-66bd-45b4-9cb0-54bf550cc743	178	218	45	12	9
39ed7584-7aa3-4924-8946-18dc8d409eff	178	218	45	12	;
21baf589-1610-4d89-9468-9a9395aae85e	225	218	33	12	flees
bdbc2391-1bab-4008-bbe3-9a4be927d06f	259	218	43	12	north
d7677c3a-83c7-48d9-b99e-8e125c9a2e2b	259	218	43	12	-
78f8b0af-5fc8-458d-ab24-e294d6880002	72	242	50	17	House
5101e54a-0a05-4d2e-bd82-eb74d3e07a19	124	243	22	16	of
af216b0d-1c97-45d2-8bf6-ede5941ebae3	124	243	22	16	,
65485ffc-0518-4ba6-aa94-0c4a36e66389	148	243	36	17	43
5f73d99e-ad0f-4026-9a56-a4f6569bea9e	148	243	36	17	-
673ee6e6-34b8-43f1-b683-8f29439c2ed5	148	243	36	17	1
71da45cf-5d6b-4ff6-b1ae-0020949181fa	148	243	36	17	,
6b2780b8-b1d3-44a6-ab93-0c54bb967ab0	186	244	38	17	74
44b4b4e4-563b-4094-8026-1f9734f46f36	186	244	38	17	-
669b3911-f785-438f-9aab-68f966ae6622	186	244	38	17	5
cc890480-a2a9-4494-917b-f2ef8d574ed5	186	244	38	17	,
457da961-f6d6-47ab-a9bc-ddc05bced33e	226	244	44	17	98
808d31a7-6dec-4122-a564-bfd383ccfece	226	244	44	17	-
1999719e-28e2-4cbc-be99-0cb22092e7e4	226	244	44	17	33
0a07f2ec-85e8-4dc4-8a41-acd97a344412	226	244	44	17	,
75dcd757-de8d-443f-b6a8-2b22fcc35ead	272	245	32	17	410
be52842c-3a97-4947-8ea6-e78ab5cdb04e	272	245	32	17	-
7f3843b3-6c87-45a0-a5c5-4cb29e175511	38	254	20	18	21
a18327be-eb22-4e9a-bff3-36f2e279cc42	38	254	20	18	,
ca6be48b-e2dd-4641-a4d0-117bf334c555	60	254	25	18	25
2d746930-ee44-4b31-ada8-95f7e3835a21	60	254	25	18	,
f5d091b2-c73f-49fe-8eb2-99a421aa9599	87	254	50	18	440
1bb8f25d-1d4b-496c-9610-83fb05247757	87	254	50	18	-
90ab8360-e1b1-4556-8b8b-c25278297cf4	87	254	50	18	16
026484e6-61c4-4ee8-b4a1-5e0d7b1b781b	87	254	50	18	,
72e290e6-d561-4f50-b8b0-c782fc9280a8	139	254	43	18	442
cfd617ae-3d06-4a79-8b17-e0aafd381edb	139	254	43	18	-
2d47aaf3-5ed7-4d12-99a4-10c1bad52bf1	139	254	43	18	2
2ee65ae4-d392-453f-a955-8e24e2704648	139	254	43	18	.
7095a2f6-7d01-4ff3-a363-0e0e8f228f93	24	269	78	15	Jacobites
53f968fc-5259-4f4d-ab24-45ed38612495	24	269	78	15	,
ce0f8621-b94f-43fc-a4e4-c21dc3756b0d	102	272	28	10	one
87c2e1de-f217-4c6a-9c2a-8f8acb4f0893	136	270	19	14	of
1401e1b1-6351-470d-9f34-c083d3f7ad46	157	270	30	14	the
178bcae0-4503-4109-b118-a2a323a261ec	188	270	68	14	divisions
24930579-d612-41ee-9c4a-829f7cf2fb7b	258	270	19	14	of
9fa161c8-5276-459e-8262-548211cb7879	279	270	27	14	the
f63e8f13-468e-437b-b878-8763e68896e6	38	282	68	16	Nephites
10e8b9eb-64e9-4ea8-a348-889d601b5122	38	282	68	16	,
8b75aab1-ee49-4b81-a483-6a39a847c0b3	108	282	50	16	108
1def8f21-36ca-494b-8433-eab816681c65	108	282	50	16	-
246609ff-993e-495a-b500-80501982862d	108	282	50	16	13
0e6ab683-eb26-492a-8a8a-da0fd187a644	108	282	50	16	.
694b3cb4-5baf-40c3-b6be-c379dd101c56	26	296	86	14	Jacobugath
e1a5963b-c305-4d01-ba34-78e5168c87b7	26	296	86	14	,
9f741bf4-b51f-46a2-8f49-e7df4d661206	113	296	33	14	city
e13126af-fd63-4467-bb03-749d78213ac4	148	296	23	14	of
435040f4-998b-4611-b252-c27267711bba	148	296	23	14	,
63a5f322-ba88-4308-aa3b-b8d5fa96b318	173	296	56	14	burned
f0485419-df3b-4777-9ba8-81560c13fbcb	173	296	56	14	,
e716add9-5177-45ac-8b36-0c105aec13f7	231	296	43	14	417
df475a81-08b3-42c1-ba22-3e0a8c10ddbd	231	296	43	14	-
4064dae4-514e-4a7f-8fe7-2244f5f333d3	231	296	43	14	9
49c66e0f-c821-4e89-a0ad-c90f2bbe659f	231	296	43	14	.
b655cb4d-9ea8-4efb-b497-4ef45ffa1e27	24	307	49	28	Jared
d305c81a-26fb-461d-9014-78c028754345	24	307	49	28	,
86f0ad26-9c8c-455b-b499-db1e23177d72	76	308	32	28	some
9e37ee9f-e4c4-40df-8a17-48ceb67ce919	111	308	14	28	do
2ae0e2c3-caba-48e5-94f9-39562912cafc	129	308	21	28	Tar
1158b8e0-e9da-4daf-9eb5-ef9cbeb2d3fe	153	308	35	28	ora
98eacb7a-3631-4f7e-a26d-b605aaee3e70	192	309	32	28	114
f147ec7c-9eec-4f30-b104-4cb5960ab46c	192	309	32	28	,
0b632d81-0c65-4cee-8ca0-27dd1cb68007	72	322	38	14	came
7bdc413e-6c0b-44a3-afa3-9b63fda1bc6a	112	322	40	14	forth
6d35f07b-ae80-4d8a-a24a-42abb5b52a66	154	322	35	14	from
8ce757fa-fa0e-485f-a63d-e8d1084f98cb	191	322	26	14	the
7fc865c1-8670-4989-9ce0-16015ec906fa	219	322	40	14	great
eca5466a-630d-4eb9-ac71-765d3c8c8d5a	261	322	41	14	tower
6c35e345-d693-4abb-b6e9-1df06f07785e	261	322	41	14	,
2b26d749-65a1-4487-bfe3-3cd74b67ebae	38	334	52	28	429
c9cc49a5-eb1a-49c7-ae0a-c380e5c22a16	38	334	52	28	:
97cd9c4f-2801-435f-8e39-d13a7068547a	38	334	52	28	33
632877e9-c93f-41f0-bc07-0a98f10b97b6	38	334	52	28	:
e2597e8d-738b-4c97-aa6e-7724c978db1f	94	334	66	28	languaed
8cfa1978-192e-443d-83d3-e29b0d98d9a9	164	334	14	28	of
4234b957-3432-487d-ae5d-78ee106ad0d4	181	334	35	28	no
50622636-d7ec-4aca-9c5a-5ac2c9a0a090	220	334	48	28	confo
eae0ce80-64a7-4b58-aa01-0c9c1e92c4a3	220	334	48	28	,
a9f4e3e1-119f-42b0-abe1-d497b43f7a4b	218	336	88	12	confounded
f20e786a-0fe7-48af-81d5-6616aabd3be4	218	336	88	12	,
b01da0ea-d3a5-4624-bfe2-dfb23f6cc1e3	64	360	35	14	goes
1f7971e6-e8b0-4ee8-a598-217220255e16	101	360	33	14	into
657c64ca-33d8-430c-baa5-2a7e3f97cf26	136	360	46	14	valley
742a7353-8f3a-473a-9466-1005242c2344	274	348	30	12	480
f7e99632-6b6f-40a2-a82a-5d70792596ef	274	348	30	12	-
70727b1c-835a-4d96-8d9e-5acd86cd3d87	180	360	18	12	of
03ea0ced-370d-4e2d-8edc-5f98e8350240	199	360	59	12	Nimrod
0d76a12b-d345-4c08-aab5-4d970f26df06	199	360	59	12	,
51f68f34-0ae3-44a6-9fdc-dce07b15fd6e	259	360	43	12	480
7a81eb50-f004-49e9-b389-8df4760274dd	259	360	43	12	-
36d16a6f-cadb-4f92-8517-42941b94b798	259	360	43	12	1
8922d3da-b0c6-4fc5-b6ef-d32598737c83	259	360	43	12	:
df702738-2e9a-4ba3-9605-d16ce13bf763	40	370	35	28	and
2ca85405-0d61-4430-a5fa-0a049090277c	40	370	35	28	,
a311dfcc-428a-4952-a6b5-10bd184b78a2	78	370	52	28	48.127
4e32891e-c931-4a3c-a610-6cd35301ffff	78	370	52	28	.
bea0f88f-ad7a-41d1-a59f-05637a6608e7	98	370	3	14	,
c4ff54d2-62af-4f58-8c84-736305a0e4f7	103	370	51	14	487
3234cdbe-ee8f-4b66-aba5-f83cca489f65	103	370	51	14	-
0f689682-598a-45f1-9a4c-771a146372c1	103	370	51	14	ch
de051f3b-8d06-4548-940a-f63c31145073	103	370	51	14	.
00d1ea75-ad53-445d-8291-bef87939ca05	156	370	30	14	6
9fbf2fd9-64f1-4bef-ad46-637275a28fce	156	370	30	14	:
ae80f072-1a5d-4996-9cfb-6485059c0475	156	370	30	14	4
55730fe8-fe50-4e44-a06b-9cfb4a8ae41e	156	370	30	14	;
d88afa69-4c36-4cfc-b423-03f65fce20a6	187	370	54	14	reaches
344448dc-592b-4a41-9db3-6a9d4145fbae	243	370	61	14	promised
4c2327c5-74ab-4576-8df0-6e89ab5d71e5	134	384	65	14	numbers
816f0aa7-7970-4864-ac48-dae34e9fd556	200	384	52	14	people
d5d81796-564c-407c-bc60-cac759ebe37c	200	384	52	14	,
61f859f7-9b99-463e-8f90-86776f2656b7	254	386	46	12	488
0b71dcba-712e-4283-bdab-9784c7c80900	254	386	46	12	-
85e96fa3-b807-41f4-b693-5c93c1a91e64	254	386	46	12	19
b70a6e90-fa8f-4fed-b9ef-e5b88ffa3c9e	41	396	37	28	Tered
de5f6c78-4ad3-4a9e-9df0-65257675001d	80	394	24	27	of
04420468-2f9a-4111-a709-4ae9018c28cb	80	394	24	27	,
f88ae30e-6b22-4235-9259-096073033c32	106	391	53	29	489
1718e998-5564-4798-8dd4-4921ca07effa	106	391	53	29	-
a2902755-d46c-480c-9373-d14def26179d	106	391	53	29	29
db7c86e2-40c0-4c57-880b-fc6c18e1053d	106	391	53	29	.
02100d2c-664c-4dd2-9a2b-a38255ce8668	161	390	27	27	See
1e2747f1-02f5-48c7-b58b-e46428069ddd	190	388	34	28	also
37c88d02-8bfa-4da7-8b09-fb197f8d5eeb	226	385	57	29	Brother
8094c8e8-a73e-4867-af95-325e00c267cd	284	384	20	27	o
3f3dcb34-5c4c-4e84-8355-8bd3183bf5ea	262	422	44	14	rebels
d4b153f6-9b4b-4937-980d-791a1de2ac35	132	446	74	12	murderous
c016f819-03ab-422c-872e-26cca1e69d5d	272	434	32	12	bat
80dfaf51-1ff2-4693-aa1b-58c375990a5b	272	434	32	12	-
4179e6b2-cca0-402f-9af9-2f956209f968	38	446	49	30	Akish
c92c642b-0c51-40d3-b64a-2b5f27cf2099	38	446	49	30	,
fc165ff2-5a69-46db-a180-5b3b6f9bb5b0	90	446	52	30	192.12
047c8bf2-d64c-4225-84a0-f65283af073c	90	446	52	30	,
43ed5c0c-539d-447e-88bb-bf23ffac09bb	147	446	64	30	anointed
c6820707-441f-4669-bb53-d0751bf0317a	214	446	41	30	Prog
b69e6ee4-1394-439d-ac08-e40fa3c385e4	214	446	41	30	,
c1180fc5-ef61-42f8-be07-8138035563c7	259	446	47	30	443
0a5fc2fa-f47f-4ddd-aa60-ba98143cb295	259	446	47	30	-
8f124737-2ad5-4491-8710-339301a7423a	259	446	47	30	40
24446485-3da0-4d24-b794-6ea1965caedf	38	470	45	12	killed
a0d1b361-8a48-4b6e-bcb9-2c2e450d1a1b	38	470	45	12	,
2a62529d-88a9-43ee-822c-76dc84f26c5a	85	470	43	12	493
cb2a816a-92fc-4d75-b864-0a4073619f3c	85	470	43	12	-
3a0df0a0-f4d5-4785-9377-b58c09ae8270	85	470	43	12	5
94982295-fc30-4f94-b288-745b94f3decf	85	470	43	12	.
1631acb6-38a3-46a4-9178-c1b54e84806f	24	482	66	28	causes
27a60e1e-c8fd-4855-a586-8d74ccd84615	94	482	10	28	a
3a6ba88b-748e-48e4-aa0a-45d609a478ce	108	482	73	28	countess
5e0d25c3-2ba0-400c-a3eb-6a3a633c3449	185	482	14	28	8
18dc24e0-8663-43e2-901c-27be691aaa21	202	482	45	28	per
df529a6e-6cce-4315-aee0-ffdc49c92d8d	251	482	28	28	bed
779939ce-b5ab-4058-a694-2a99bbc15363	283	482	23	28	be
b8b1c1b8-909d-445e-b54d-2fa8c83ca8a0	283	482	23	28	.
376e9e6a-d1da-4ca0-ba0b-5ef2087768a2	38	496	44	12	cause
81c39132-f546-4b22-8802-52914500e018	254	494	52	18	hearts
4e0d2302-02be-4606-9933-ad4c327b5feb	254	494	52	18	,
2d989d15-fb2f-424e-86bc-7db08a9b00e1	42	506	42	12	519
c05ed8cc-03fd-4c25-94b7-6d6793c51b87	42	506	42	12	-
ba0d77df-1136-449b-8a51-bb8ab0683cc6	42	506	42	12	23
7db5dfb7-055c-4c84-8242-b7dc28595049	42	506	42	12	.
ffe52fbe-e946-4266-9aa4-09b60251bd3f	24	518	50	16	Jaron
6418319c-386c-4952-b0c2-2cce5ed0958c	24	518	50	16	,
afbe6f84-008f-4b90-9fa9-b3ab1f591531	24	530	54	16	Jarom
dc58865b-f631-453b-9870-73f2f774a8de	24	530	54	16	,
378e75b5-b329-406e-bdee-2e38d5ac7ef4	74	518	28	28	Bon
875a506d-0d3a-4a31-affa-a434995ac4c2	105	518	17	28	00
9f566925-08d6-4c95-bfe5-a8ab919d44f1	126	518	42	28	6001
ddfe97c1-b53b-4002-9141-50c2851e9fe7	126	518	42	28	:
1a29b42d-0b71-463a-8c97-071c04d4ea90	172	518	44	28	127
f443a440-5660-4b16-9995-d4424ed30936	172	518	44	28	-
e44e2996-eea5-4831-9033-04f623e6fcea	172	518	44	28	1
887507c6-c248-4922-87f3-bae1df134604	172	518	44	28	.
4187437a-5aa8-486e-9209-62384a3362dd	24	542	54	18	Jashon
a6a659e0-cbf3-44e0-a07f-bdcf1c938568	24	542	54	18	,
eff46fa7-1543-4fb4-90a5-7c106d72b6e6	146	544	48	12	462
c8fb9d75-6bc0-432d-ad4e-64013ba993a7	146	544	48	12	-
6c102d3d-333c-4b15-b962-ca46cda4044a	146	544	48	12	16
e1708fbb-08d0-4755-a46c-f897e6f7e239	146	544	48	12	.
f61562ad-15a2-47cf-be62-5a0943330606	38	568	80	16	Amalickiah
d383c22d-bc75-4a8a-8b36-c95f73b292ba	38	580	48	16	moron
9a193bc2-ce04-4933-b1a4-5f77ee564b8f	88	580	42	16	killed
d96beda6-acf8-4b85-8286-3f88d517cb00	132	580	42	16	with
71884888-1682-40ef-aeec-1e9400bba01d	132	580	42	16	,
f37f63cb-b0cc-47fd-82b9-5fd777a243e8	88	594	30	14	God
dde5e597-2f96-40aa-b212-93d61b5f09f1	119	594	23	14	is
164bb64f-6b4c-48b1-bb53-ce3a0dcae191	119	594	23	14	,
2645d469-1751-4b09-8ce1-d5bc65c22250	88	604	50	14	86
9767c3c4-ff9d-4df3-b9f3-98974a4b7f01	88	604	50	14	-
629e3df3-bc99-4aa4-89e9-738a631498ee	88	604	50	14	ch
68ac5546-c9e2-4726-af95-b82a20efba16	88	604	50	14	.
a6592769-2f95-4868-81fc-9962ad492bb4	140	594	46	10	157
76adbf8b-4be9-46b4-a660-2d465236d342	140	594	46	10	-
9765f2c4-d263-42a5-af3b-144390dd3d25	140	594	46	10	22
ac88c782-5d84-483a-9ef5-926c8d7322ac	188	594	56	16	161
43420abc-839a-4517-b292-7b2ab6a80cad	188	594	56	16	-
28d02414-6a3a-4bfa-926b-4355ec1ab4e5	188	594	56	16	13
6d83ceec-6da2-4611-b962-0354acc39c64	188	594	56	16	.
a56e917c-cc38-4031-a9d2-4d2d7b0ba8b2	136	604	40	16	22
9a1fa54d-4358-4958-94af-13267be0e9e6	136	604	40	16	:
af6086a0-f4ad-4e12-a764-6da1d6aae6c0	136	604	40	16	2
f6ff0d2c-3498-4d0f-8fb4-0881b9dd2425	136	604	40	16	,
25e06bcb-0c92-44bc-8904-55c69b29a3d2	178	604	50	16	522
3320ee64-a903-4ce7-b853-24285df56d7f	178	604	50	16	-
92509e3c-3b2c-4e29-b764-2b7075bc2596	178	604	50	16	34
c7955fdd-37a8-436e-84f3-f4ce1fc345ce	178	604	50	16	.
2a4be5cc-f654-42a0-b24f-04b6a598a0c7	20	590	70	45	eat
d989359b-7046-47d6-9e53-d3240f4ce848	20	590	70	45	,
ac5a2eb3-90be-4c9d-a0ce-442bc514fe8e	91	597	42	42	oak
2a70f88f-dcff-4c34-a3e3-9d5e0cd0ab8d	134	602	18	39	of
fd081a57-00aa-48fd-b27b-b53cf41a19b4	153	604	32	41	the
f8dd86b9-10a0-4a92-9be0-992d8458fbda	186	607	51	43	twelve
30995a38-db40-4e4b-b143-5dfc3eb885d3	238	613	70	45	discipien
674a5b7a-d78f-4c28-a142-51e34120c552	238	613	70	45	,
0da5dc9e-746b-49e7-8245-775d6f2fa314	36	630	44	14	437
7dddbb85-0635-45cb-86f0-e10329966b15	36	630	44	14	-
b5427bc6-dce3-4eb0-a868-7e9399010087	36	630	44	14	4
cbb09813-d570-4957-9dba-068fe8c201b6	36	630	44	14	.
5553f891-00c2-42e7-b696-901b04b5eec5	24	640	77	18	Jeremiah
70089fe5-8313-4708-8498-2e1fbc621910	24	640	76	18	,
42220fef-24df-4ee2-abcf-4fdc79911362	103	640	15	18	a
fca7cba6-b7f1-43fb-9f57-3845a8dc3780	120	641	64	18	prophet
188ffca0-b8fe-4fd9-9b4f-d164d57c688e	186	642	23	14	of
fc895198-972c-4dd8-88b7-2de7ef3752d4	210	642	52	14	Israel
00165c57-fbc9-48a7-a5d4-67662a8fb2c4	210	642	52	14	,
ca31969c-2df5-4ede-8184-162aa6cd36bc	186	665	46	17	12
436a6c5c-101b-469e-b7be-2f582112017b	186	665	46	17	-
ee2498b6-79e6-474e-ba67-e239cad65ea8	186	665	46	17	14
9fad1c2d-70b1-4829-8293-a465c951a94e	186	665	46	17	.
62b0f293-d5c8-4270-863e-13eba490856d	38	692	21	14	of
f88fce5b-26b8-4f62-83cc-be22f6319004	61	692	119	14	Anti
a36235f3-dd7f-41d4-bd9c-98052f8080fb	61	692	119	14	-
d5238828-f3b4-42f1-9003-1687df4cf8ef	61	692	119	14	Nephi
61b6b37d-48df-414f-8dd5-60d6cb6639c2	61	692	119	14	-
f4f05695-848d-484f-9030-fd7dd467175f	61	692	119	14	Lehi
e88dbee2-5ac1-496f-a33e-eb5a420ff65b	61	692	119	14	,
8f461ba2-9456-47cb-ac67-67dfdf4b3825	42	706	28	10	mon
6988cd77-bc73-4925-9f42-cc785f1d4dc4	42	706	28	10	,
40ae4e8a-f431-420e-83ab-c96daf707305	38	714	46	16	266
7a68cbd9-38f4-4915-8fc5-b8731362d067	38	714	46	16	-
e81f4713-1590-444d-b9a8-c46c42255ff8	38	714	46	16	3
901825d0-aa8a-477d-8911-fe90b808dcd9	38	714	46	16	;
5858643a-e33b-4fe0-80f4-b24096f96d2e	124	701	18	28	of
48181ee6-2269-4e58-992d-4f4f5bfdbb54	145	701	53	28	chech
05a6ecf7-dae2-4079-9acf-b07bc867e1ba	201	702	28	28	got
74799419-05d8-4d58-a9d4-5bf5f88dafd2	232	702	46	28	blimed
c1efefae-8623-4001-9ee5-b6a9e818b24a	281	703	19	28	in
c37ed365-bf36-4b8b-b29c-b0c551872459	40	726	56	15	Amulek
fd3a21f5-637c-4340-b882-b2333b49961e	98	727	47	15	enter
2f9be550-ef49-4ac9-8889-bce7b5f86c05	98	727	47	15	,
0bf8b001-7281-45f8-a7b4-951026023cc3	40	738	32	16	mon
42a0f8e4-79b5-4311-9d9c-54005f555ad5	74	738	48	16	depart
ac8f3c6d-96e2-4bc3-b7c9-5a0540781726	130	742	28	12	out
65d681cb-c7b3-4c75-b809-8bdfd936f9fc	270	730	34	12	Am
cebaba0d-b781-4cf2-8469-4b8d32bef6b2	270	730	34	12	-
f9f98286-b76e-4c86-bb2d-48600da16180	140	726	15	30	12
0bb255ed-c8e2-405e-b25c-c689d0f22e6c	159	726	22	30	01
6f4a0754-4bff-4a7c-9a32-66fbcd0e440d	159	726	22	30	.
2f489792-8484-4bd7-a36c-8d07bb3608ff	185	726	56	30	283
bdd9a36b-37ed-4bb1-b906-3cf5687e983f	185	726	56	30	:
6a08f4fc-c401-4883-80f0-1ea66b8572a0	185	726	56	30	991
574b4468-ef31-4620-9c13-e57582a8e857	245	726	26	30	Nep
bcbac199-5e88-4b12-92e7-f86669218265	275	726	31	30	Are
fa3b2bf3-0afa-453b-83b7-ff2cca55f756	275	726	31	30	:
21290473-f335-4372-b136-ecc6af326785	42	754	43	12	gather
44f89d26-0353-4ade-8c0c-8596b204cc52	87	754	49	12	armies
c7f439b1-e161-47b5-9693-aaa6719b237a	138	754	21	12	in
90bef86d-2f68-4f31-9470-cd33212964a5	138	754	21	12	,
0b7f4e7d-f6e6-42e0-9988-588cb9472747	161	754	41	12	301
ea65adda-1140-4e2e-b874-3d1c2f6b7c6e	161	754	41	12	-
26f97fe7-d5d1-45e8-9d92-3ad30bcdca8d	161	754	41	12	4
ddb99d19-00aa-4b81-a60e-35df71065d44	161	754	41	12	.
56ad9cc3-b3e2-4e66-b816-09986b958434	26	766	77	14	Jerusalem
833c8d8e-396e-4429-b986-092f1f70b742	26	766	77	14	,
2c763970-4a06-4630-9826-f956f2a84218	105	766	71	14	Lemanite
9088e22f-1750-4849-8989-b943781f7758	40	778	42	12	came
50790bea-5672-4444-8b28-83ed913f5ca0	84	778	22	12	to
bba1bd49-9834-4b32-a214-07e08e4ff9a1	107	778	35	12	city
81f881fa-c019-4907-9e0e-5db004633780	210	764	49	14	249
a5f96fe4-7ee3-4216-ac31-cc7bafa29bc1	210	764	49	14	-
aaf703d5-7742-4dc8-8092-997ec686cdc5	210	764	49	14	1
952954d2-fa66-4459-8907-4ee8e669bf42	210	764	49	14	;
701e34c0-88d8-4525-8a92-419bbeb8368c	261	764	43	14	Aaron
ac76d5b2-4db0-46fd-b2f9-c7d53bae5c16	142	776	26	18	of
ebc28c82-0166-4c10-bb07-e744a37c65f5	142	776	26	18	,
3897e512-0090-4fc5-9061-6ca864b49e48	170	766	49	30	24974
45840228-8387-43f8-8b5d-8c6fbb6a5c31	170	766	49	30	,
d703bc61-8793-44f8-8914-4da3a38cc1af	222	766	84	30	submerged
21aa1391-a14d-46f3-966c-a5d228d0732d	222	766	84	30	,
8be8a477-1d21-4e77-a095-5ba4bbecb7fb	198	802	86	14	destruction
46ecfde1-dae8-4dfa-a836-f5c0dcad716e	285	802	21	14	of
22bb7230-96e9-4e58-a863-0223aac6b1ac	285	802	21	14	,
c472caa5-3531-4121-bfec-21a1e44946ba	202	840	84	14	concerning
b9d30951-1f93-45a2-94bf-377383d944c5	202	840	84	14	,
b37a2200-8fb6-43be-8582-f3b3cf6a0404	288	840	18	14	to
4c31bc4f-8901-4d93-8025-31069532ed82	278	60	64	19	INDEX
aa20799c-569c-4cb1-b99d-c6c4ed712c1e	560	62	34	16	663
3d3fcfb0-5619-43d4-84f3-c634c7abf9d0	328	88	52	16	130
eeabcec0-56e9-4925-93b4-23ee31c10e3b	328	88	52	16	-
77667c18-a522-4ee0-8427-3603f0a09bc9	328	88	52	16	14
04ed0cb8-cedd-411b-9d8c-fcb80eb8923f	328	88	52	16	;
93f7fa13-8923-4e0b-a70b-53bce5c312d1	382	88	66	16	covenant
882d33bc-48c3-4dc2-8def-1e90f80bfeb0	450	88	50	16	people
136ba683-224f-4f5c-9bf6-5c1d6b069444	502	88	18	16	to
ca43d57d-fe7a-4a91-9685-6a506193b9ec	522	88	50	16	return
ab736000-e764-442e-976a-c05d47869cc0	574	88	22	16	to
5037bfe1-c195-4325-b290-34e80afc229a	574	88	22	16	,
51851d73-54bb-4ebe-b017-f9b1529f7ced	328	102	52	14	441
4426ec2f-73b4-4dad-bbc5-e6ad83cd656f	328	102	52	14	-
097c7933-6a28-46d8-aae6-18a5d4cadcf4	328	102	52	14	29
3c135812-6046-49a1-a6f2-c4c9d59e7cdf	328	102	52	14	;
c34cc59b-96e9-4abe-ae08-acc9eba72653	382	102	21	14	to
af42387f-af87-44db-8b37-329280847966	405	102	21	14	be
2af5958d-cf08-483c-9c5d-856010063890	498	102	54	12	441
847cf22b-2d97-4ecc-9361-fd954ca37777	498	102	54	12	-
1963ac68-c4d8-44a8-a9d5-665f11a8988d	498	102	54	12	34
3acb7390-5fec-4d58-9011-f41d88eaeeaf	498	102	54	12	.
be9a72b8-07d0-4f2a-b69e-ad8fdbef2999	316	104	75	26	Jerusalem
bb74e932-cc2d-4042-9f8b-548907ee9288	316	104	75	26	,
f2a4cb55-def2-4341-9886-6004a7becfa6	394	104	23	26	the
8a08877c-e6c8-4cf9-bf4d-c76c5c602466	420	104	36	26	New
125ea1c4-53d2-41dd-8e34-98ecc92bd2d0	420	104	36	26	,
a1565b7c-c2a1-4d3e-814a-03bacc3145cb	459	104	23	26	see
aff41b5a-004f-460f-9343-f69ea997e2f8	485	104	32	26	New
a0c7fbbd-4a7c-4bcd-bd43-50f619f3e051	521	104	73	26	Jerusalem
2963b511-fab5-4f82-be1e-870ae9575d4b	521	104	73	26	.
87ed6437-3b33-47ba-be99-0227b84b2171	316	126	42	26	Jenne
8f805239-25b9-44f6-b128-e1113e03f378	316	126	42	26	,
460f7366-a63e-42c1-b4dd-8304e0adba06	361	126	26	26	see
c1585e37-601b-4b31-ba4b-a1a54e882874	391	126	49	26	Christ
7b28bf2e-2985-40b0-91cf-2bd2fa28a117	324	138	32	16	esus
a38a1efc-0a85-4e05-8b9e-4ceb89a7c9c1	354	148	36	16	book
1727d66a-e056-4627-845d-d3e3af3c259f	392	148	64	16	proceeds
f50fca5e-12bf-4003-8106-b4ae98e123a2	458	148	36	16	from
d21a14b7-0d66-4506-9d03-fb33b6478825	496	148	50	16	mouth
4d186fee-ef19-42cc-8680-6a1818bafb51	548	148	20	16	of
ad3f087d-0165-4bdd-8ca5-d5d79975e5b4	548	148	20	16	,
7572fd95-99ee-4bde-8b1c-3990b3aec45a	570	148	26	16	23
933fa3dc-b1ac-42cc-80a6-1dd00ecf3378	570	148	26	16	-
cf09be8c-d82a-48cd-9a93-2e8ee1302511	436	190	44	12	plates
6ba9204a-1f0b-495a-ae35-5b440f40260e	328	238	44	12	23
89adb8e7-eeb3-4664-8a67-dfa166108202	328	238	44	12	-
9767a5d1-4ffd-493b-874b-0ecbc5ebdc91	328	238	44	12	23
cf039862-74da-41af-b286-59b723dd8c30	328	238	44	12	;
e2b66240-0fb9-4e00-b7a4-8996b97215e5	434	236	70	16	scourged
e3166d8f-81d2-450f-b127-ffbe85133c7c	434	236	70	16	,
744d566b-c194-479b-a4df-260aebcfa828	472	224	35	28	Bede
e4612a16-031b-4dbc-8147-d38eec368f95	510	224	46	28	do73
078a58a9-5cd0-4f1e-abd0-985c8b846d8e	510	224	46	28	.
61ddfcb1-d955-4ce0-a140-4ade6924e561	546	222	50	30	Nepal
d4c6cb21-cbe2-4699-965a-cbdcbcedee34	328	250	39	12	spoke
1b20a4c9-7880-477e-8116-405f53838cd9	369	250	24	12	to
0a40f2b3-dbd1-43c5-b5e2-3a6e892a40cb	369	250	24	12	,
4df72523-4aee-40db-b926-fdebb89e5de2	478	250	36	12	66
944a68e1-be69-4797-a26c-c2e7020b9a42	478	250	36	12	-
9ec0c01f-e5d6-4f64-8725-dd34822d5b6f	478	250	36	12	2
397733de-6708-42b1-ad19-9cb956fbf15e	478	250	36	12	;
b33adcce-1d9e-401d-99be-866ae9429939	516	250	78	12	understand
b2e665a1-2d1e-4927-aa30-ac754c720b56	388	250	19	26	5
c16f1783-b4e9-4da2-ba70-296ca2de41c9	388	250	19	26	,
1dcea11d-d0a1-4c26-a415-44925ad87ba1	411	250	36	26	85.3
47555147-17ba-4345-b29d-5ef1d43093de	411	250	36	26	,
a309ceb2-3aa5-4244-9815-6cf4f09e5e9a	450	250	19	26	to
c83e9ff4-2772-472a-b326-e7a105d5fc77	472	250	19	26	be
cff2df25-3efe-4011-b0aa-14f6d97c7528	495	250	71	26	scattered
f1dac185-443e-4ea7-b81a-51c39cad2f2a	495	250	71	26	,
4cc0f5b2-5936-42d9-89de-d31a0d963399	570	250	24	26	10
9d6b2171-b197-4282-a3a6-dcfb040a8b51	570	250	24	26	.
dadaa96d-3be7-40fa-9664-04eb91b76bf9	356	272	19	14	to
b5cde543-c1b3-4305-9e52-a5283db0eee1	377	272	54	14	become
70775525-fe70-4589-a80b-e3735b6e54c7	433	272	59	14	drunken
e3a56be6-952f-4c93-b70a-39d945359224	328	286	42	14	95
57415b13-4a01-4e22-836a-74e7d508bdb4	328	286	42	14	-
b4edef74-5a75-40f9-b27e-b64b7d7c165c	328	286	42	14	1
f5643555-6bf3-4c2c-bc3f-e09d4817c692	328	286	42	14	;
18816205-f1c7-4bfc-8680-1e7b949b420b	372	286	48	14	cursed
d5b865c7-cfbe-4198-b0b9-271c8426f894	498	274	32	12	with
04611fbb-c7f3-4279-9395-a7f11153bae4	458	286	58	12	Gentiles
916323fa-c9d2-45da-8e06-41040083095e	458	286	58	12	,
9196c8f9-cd93-405e-b5b0-30acd3467a5a	316	346	71	38	Jose
0d4c9c6a-34e4-4137-a052-713dadeb612c	316	346	71	38	,
2ef9e94e-053f-4c3d-80f9-6e37c2473407	392	346	47	38	82
9fb49743-21d9-4369-8e1a-2039cf03fad1	392	346	47	38	;
3efedb2b-a895-4f2e-9527-876201684183	444	346	43	38	mrite
9c2d7fe8-ed18-46d4-bf7f-38aac1054a4d	492	346	76	38	revelation
21f8d71a-403f-410d-a55c-10eb518ed74d	573	346	25	38	ed
1de4f35c-3c71-4515-aeb3-d35a0560be77	573	346	25	38	,
9db9e3d2-dd8a-4b13-9b2e-c27b81a397e7	318	384	43	12	Jonas
3ded1d48-4730-4361-992d-2ed45e1b75f6	318	384	43	12	,
a73faf18-7516-4a7f-befb-7a2bb453b894	363	384	27	12	one
2b0914fd-69e0-45d9-9142-5c192bb8b798	392	384	16	12	of
c1b2dd88-3bd4-4eef-a3f4-68f18d9675dc	410	384	26	12	the
db045f01-8ae1-4c76-b4e6-bb64829b1735	437	384	48	12	twelve
1db13544-b7a0-45b1-a470-9749a955f80c	486	384	65	12	disciples
b68f6515-0a2a-4c37-86d0-435f106199c4	486	384	65	12	,
fd05c44c-7023-499c-9f3e-39f563ca1866	552	384	40	12	437
095b10d8-49d1-48dc-9192-9392ef0fe9f4	552	384	40	12	-
ce96e1d7-4992-4c39-b9ab-2c4efde481f4	552	384	40	12	4
7df41dbb-5b10-4fe0-8769-bbf96d805d86	552	384	40	12	-
7fb03f56-7a75-4da6-abb0-59f1ed299bdc	318	396	58	14	Joneam
789493a0-eb43-47ac-a585-3b29326962ed	318	396	58	14	,
31fa02fa-036f-468e-aa2b-96518f572f81	377	396	56	14	Nephite
a9038a60-6066-4760-8176-646466a7d45f	435	396	49	14	leader
0cd868d0-892c-4460-90ad-c1694f0b578c	435	396	49	14	,
9f688f7d-e332-425a-bd8d-c8d2c556bbf5	486	396	45	14	killed
735b6e2a-09f2-4675-b79f-0e334d8268cb	486	396	45	14	,
f452cf55-cabd-4c99-a975-c67dbee0d216	533	396	51	14	470
4daae2d1-3d8c-42ff-94c7-112f7bfe7fdf	533	396	51	14	-
abac6d02-62b5-4676-8c1c-51c4ff5792f3	533	396	51	14	14
e3901a8d-a2ea-4ccd-aea8-6c02923f4e6d	533	396	51	14	.
600a1c5a-9e3e-48aa-b09c-a88aa54f2d10	316	408	56	16	Jordan
3d76c895-342b-4f66-b8a5-854ea7798f25	316	408	56	16	,
a1de8186-2c83-44b5-ae78-cbe4e1ab0bd3	374	406	31	18	city
d9bb3a91-f9ef-4319-a02d-660564a90717	408	406	22	18	of
16ee478d-d8f0-4f13-9326-876882edfef1	408	406	22	18	,
016f2d9f-1424-40f2-94da-2040c8512322	433	406	74	18	Lamanites
2c5e441a-e3c1-4c75-9aa8-edd3bccb173a	509	406	63	18	repulsed
2b7b8b16-101e-49e5-8a7e-fccc573a461e	574	406	22	18	at
d7f17aa1-dc3d-4fe1-8fd6-0a0197a535f9	574	406	22	18	,
630db095-11ef-4871-8abc-4535bcfd7d54	326	420	42	14	467
e6643307-2e18-4dc6-a438-f3e086e1144d	326	420	42	14	-
681d4b70-063d-43c9-90ed-c8fca83e7b5a	326	420	42	14	3
d149260b-7afd-4c45-9e3d-aeac0a92b017	326	420	42	14	.
0121ee2f-238d-4539-a088-c5cceda0ad69	316	432	58	14	Joseph
28747d6a-d401-4346-b08b-88e50f671bf3	316	432	58	14	,
2aa5ff47-00ed-4266-a7da-d8cff0b8ae31	372	434	33	14	who
3ab29088-f5c5-4bb9-a792-43f1ef849dbf	407	434	31	14	was
02862c3d-7954-4127-8cfa-d4499ccff446	440	434	33	14	sold
40bd6c59-98fb-4277-b568-21ffaa34791f	475	434	33	14	into
ccd7d4a9-4f18-4e6d-a06f-43134984d1f4	510	434	51	14	Egypt
55ed4f63-e304-4975-9848-a5bae296d9aa	510	434	51	14	,
e294a076-c6ed-4d1e-af5c-74dc49c131e9	563	434	31	14	Leni
7e4acf03-4e8a-4a6f-b0b5-0a092597a0a7	432	446	39	14	55
180f67a7-5d4d-4eca-bdf3-7fd4ea0c9689	432	446	39	14	-
029b4d08-7cd0-421a-a0bb-4f36ae421b30	432	446	39	14	4
58a5ff63-d42b-42dd-85bd-07b534366887	432	446	39	14	;
86da5e2c-f98a-4261-bd12-a3764f2c4dda	472	446	35	14	seer
8f65744b-1d2f-4ef6-88b6-68628f9cc987	509	446	19	14	to
9dddd583-f00f-4236-bb9f-d833f6f13857	530	446	19	14	be
5cb81199-7ab5-4973-a40b-dee6a2b302f9	551	446	43	14	raised
2de0ff76-155e-43ff-9adc-77caba1b1a0e	328	456	20	16	up
b8452adc-a992-4b57-94d8-c34d08a4720c	350	456	38	16	from
5c14e8be-0edd-4d4e-bf01-24d9d967ae4d	350	456	38	16	,
b6f3b3a3-e077-4b0c-ad4d-3a21eb86a710	390	456	42	16	56
b241ee0d-a123-4a9f-a9cb-85abc0b6a18e	390	456	42	16	-
8ba4948e-ee80-46c0-ac8c-de84a3d79f6c	390	456	42	16	11
462d0670-4e0f-4c91-9cb3-bf51fe966c85	390	456	42	16	,
4e91bdd6-781a-4772-a9c8-b1b119fbf650	434	456	24	16	14
f9e722ec-acdc-40c7-931c-12fc6084b7b6	434	456	24	16	;
596a5c6d-b2f6-46aa-91e6-0a1ee683acc3	460	456	74	16	prophecies
1fd6e2bf-0483-48c4-ab3f-300d80634db1	536	456	20	16	of
9b514fdd-cf07-4f74-83fc-c53c4b5f86a2	536	456	20	16	,
2e53a053-f0bb-4c6a-a1bf-a393a54d57c8	558	456	38	16	57
ae17764a-f685-44d7-938f-0bef434f350a	558	456	38	16	-
fa274b77-fee4-4a17-af73-8e63ee1a74e8	558	456	38	16	1
e5da78a9-e21a-4938-8a2f-7c3849ad1ced	558	456	38	16	;
03b5eccc-d13a-477d-b9d6-2668ec1c8860	326	468	30	30	cold
c5ef0ece-1fe1-4c7a-9c3f-2bac5cf61b14	360	468	49	30	brand
b4b68b98-31ee-4845-8dee-96137ea8a6ea	412	468	37	30	ever
5d2a0cca-05d2-490c-aa29-2535a4cd022b	453	468	67	30	peril
03f37e82-9d91-484c-a028-3731648c5b9c	453	468	67	30	.
086fb4b5-a9eb-41ec-81e1-ee7d0729983b	453	468	67	30	21
ac122bec-9f05-473c-a65a-06003a6a6164	525	468	71	30	Arises
9a380e1d-423a-46b0-9db6-2c9b73797a5e	370	482	52	14	branch
16290d53-1e85-4d8a-b15c-860ccf632594	328	494	74	28	preserved
4b6e4798-dc79-4f7d-ab14-a3d9a9880dc3	328	494	74	28	,
01d29ddc-e092-49d3-93d4-0ba51bbaa683	405	494	56	28	311.24
525ee2f5-4024-4f45-9c49-0f675053ce6b	405	494	56	28	?
6b7b84ae-e714-4f80-bb6a-12fa1c2979fb	464	494	46	28	Lenie
a81c0dba-a1fa-4414-888a-526db8675c69	513	494	21	28	of
8f239c6a-daa3-4761-a0a6-a7f53658002e	538	493	35	28	coat
230a0add-cfe0-4c33-8b0d-99bbfefdcef3	576	493	18	28	of
c73cc4c0-75fa-4336-b9a0-3176e5fc4827	576	493	18	28	,
d345aa12-9d55-4cc2-9621-846e9cf03674	514	508	67	12	posterity
bcca3f20-5087-4732-b142-b91478f90896	583	508	11	12	a
a023eea0-1d2f-400e-aa53-88ab72ac8f20	326	518	24	28	Te
0f0756a4-9403-488e-82ec-44f4d5c72257	326	518	24	28	,
cec8b46f-1afe-4ab4-bc26-eb2bdb97eeee	354	518	42	28	son
e56ee81f-6d1f-4efb-9f3b-fa211b35965c	354	518	42	28	-
486e3bd8-58a3-4eac-a41e-a3f5cb663d48	354	518	42	28	6
5af9fb89-85d1-46e4-a962-863444fcfcf5	354	518	42	28	,
0d039640-6460-403c-9e4a-92a946ef536c	399	518	21	28	1th
6f0c5f18-7485-4ea2-b0a1-ec4643cbcea5	424	518	38	28	need
f4117fc4-2dd9-47b7-8b27-0a3f0c06a08e	466	518	21	28	of
62a5a17a-c332-4791-8b84-9841e7ed58c9	466	518	21	28	,
c92d03e8-6285-40ed-8dae-6c7adc2996e1	490	518	49	28	311
9afeae88-6c17-4b6e-b630-de589cc34361	490	518	49	28	-
4149abda-e731-4424-9e80-7458d93e1bb8	490	518	49	28	23
2aaf906e-20b1-4cea-9b99-c4500b5f7084	490	518	49	28	,
57a66c35-69fb-4be8-9910-0c3f966710ef	543	518	17	28	27
8872cd5d-2288-44d8-bd26-8327a9ec2b26	543	518	17	28	,
a0c7ba70-f838-4173-bb4a-f00a82276003	564	518	30	28	420
a982daf2-53fc-4809-80b1-c873f493fbf8	564	518	30	28	-
29a1ba0c-3207-4fdc-950c-0859dfa5d883	398	530	50	16	504
24740ac9-e914-4e3f-bc8a-18b2e72cd432	398	530	50	16	-
40a3e0f2-0e25-43bc-afd0-aa1132c8f2a4	398	530	50	16	10
08d73e13-1349-445c-a00d-b55e32f8ec6d	398	530	50	16	.
a8ca764a-f2da-4272-9ac3-9cdeee27ee0c	426	556	20	26	to
b42dc533-fd58-4d65-b6b9-03c1c3880835	449	556	66	27	Hearten
77d017ca-e131-40d4-ad44-b70f4a3cfd12	506	554	52	18	40
cacc28fd-4f9e-4736-84f2-a514eb2a7e90	506	554	52	18	-
a571c06a-55c8-4ed5-98da-d247cb5d6dde	506	554	52	18	19
93fff84e-ad5a-435e-aa19-97caf949f093	506	554	52	18	;
b5be6ad3-e2eb-4824-a5e6-b86bbc1efc31	560	554	36	18	Lehi
cfc3ad76-a490-460c-8cac-9c93f939c365	550	568	46	14	words
937e2b23-fc1e-47b9-9d93-aac4f15075c2	326	564	64	34	Benea
935c6006-6838-4118-b769-299360878f94	326	564	64	34	,
098c1063-c10e-41cf-8095-466d4a80321b	394	564	42	34	57
932024da-22ae-4329-8871-232394faea1b	394	564	42	34	-
7571715b-02ff-4b04-8f8f-da408960e1bd	394	564	42	34	is
3e42d85a-3ca5-456b-851c-555bd69a23d3	441	564	68	34	eaten
09e60da8-2321-48ff-8326-eaa416f08413	513	564	43	34	Me
c497f4d7-adce-4630-9af5-64ced80462c8	513	564	43	34	,
2aa9e9a5-5890-4a45-92c5-22d65c820edd	560	564	38	34	00.61
8e09f83c-fc84-4d36-bae4-28fab0c3e642	428	592	44	16	62
45884d8e-9036-4150-b7e2-ad842d0f24d8	428	592	44	16	-
212441dd-49b4-49b1-8c50-22326a5ef7f6	428	592	44	16	26
476220a3-3e6e-4f81-8c8e-232175d0fee5	428	592	44	16	,
f19ee1d3-b89d-41c3-bf56-2d7bb6f417fa	474	592	48	16	109
19dc12e1-c8d2-4105-9c46-5b3f14fd7404	474	592	48	16	-
2ce35bf3-2120-4aa2-aaf5-5dfbd01145dc	474	592	48	16	18
ef774527-cc23-44ea-85c4-dccc3569abca	474	592	48	16	.
5b6495b4-9e45-425c-ae85-e6b8eb0d4dc2	316	590	73	42	see
1da77c10-bf6d-49f9-ba8e-4dbd0173559b	395	590	79	42	dia
5673009d-2e76-4ad1-babc-f9b3447acd66	479	590	16	42	Of
74872a45-e895-4281-91d4-33b894afc39f	500	590	26	42	the
3e66472a-1c73-4716-a84e-4ba80f44881e	531	590	69	42	Nephies
df05cf9d-6507-490e-a2fd-48b0fccc5fff	531	590	69	42	,
0e5dc0f7-016d-4d8e-b566-8b2799250857	316	628	38	28	Josh
4653e72f-8973-40c2-ae7a-3dd9e668f669	316	628	38	28	,
4c60cf44-e3fb-431b-aea2-f50f99415c49	358	628	49	28	siteph
10447dc8-ffd4-49b5-8019-750e7980ae06	410	628	52	28	buread
33c5db87-1cc4-435c-92c0-d17a3e8ca58a	410	628	52	28	.
a5843203-281c-4bac-a393-abf49dba45b2	466	628	59	28	Billed
17389515-5c50-4474-a0cf-216df8f75947	466	628	59	28	,
452f4eeb-d927-4d04-b5a2-2f45bf174b2b	529	628	45	28	470.14
7913f48e-afa5-4eff-8ca2-fd80f5fa2469	529	628	45	28	.
afa59f72-fad6-4ac3-bdde-745d926b1c05	327	675	36	30	none
e9401064-f87f-49d5-8d52-12067b46cdbc	365	673	36	30	void
d3deb04c-080f-4a92-9702-023366f6ee2c	365	673	36	30	,
d596eae8-0e9d-46bc-85d8-ac1d4ca83090	404	671	47	30	282
592d31dd-acc8-4a2a-98e7-4e4f5e4ac303	404	671	47	30	-
8ffe45fa-5743-490e-a00c-3a6ddb1bf28c	404	671	47	30	13
c6b631af-dbc4-45e8-8b31-dc106862ce3e	404	671	47	30	,
a3c2bf3a-7860-4b53-b6cd-33806cd74547	453	668	47	30	401.25
94b33373-6a40-4bae-a8fa-c3e2d891f9fb	453	668	47	30	,
230ff01c-7167-400f-adb9-94b9416e6522	501	666	36	30	Chris
ff802b79-e37f-4852-94c3-f075a57de022	540	665	15	29	ta
2ccde8f2-816a-4012-b78f-0c1ebdf3899a	557	663	40	31	rans
819ec096-7e42-4381-890b-4ca2bf3859f9	316	692	64	34	Joe
0b434f9e-f2f9-4d7e-84c3-140b4c7acf6e	316	692	64	34	%,
c42f6a07-ed9a-42d9-9440-baabcdd30e1f	384	692	9	34	a
96a68f41-7348-4945-9f31-ffba6d258112	397	692	43	34	days
3fff723f-4f43-4c88-8d5c-afb4fd6c23d3	397	692	43	34	,
6ac44ce7-f096-4c02-933e-67ae956aff02	443	692	21	34	tor
d2dc0226-406e-4aea-acb0-131fafccf2bf	469	692	9	34	a
21fdb95c-bf83-4347-868a-74c5a4e980af	482	691	64	34	Nephite
3ac4e5ae-02d4-4a17-b0c1-92177f6f4ac3	482	691	64	34	,
a7cf9d9e-21f7-4ec5-a3f1-4467bbfe7116	550	691	46	34	254
7575b23e-5e7e-49c8-9b9c-0a6cfe789832	550	691	46	34	-
c41c0dcd-57cd-4139-af95-d9ab48b271bf	550	691	46	34	32
3c601192-a19e-4337-a1a1-9713ad474f5a	550	691	46	34	,
d919f321-92c2-401a-9c72-8bfd66d170cb	356	740	21	12	of
f413b5f1-130d-49e2-afca-f625ba676b98	379	740	74	12	righteous
82a5f704-5a32-4674-90b8-7264a2c6b0fd	454	740	39	12	shall
81182051-8291-4078-8db1-a4c2d5f9a1ff	494	740	24	12	be
e0ffbe82-3491-4f1a-8b92-0f0f327bd168	554	740	42	14	68
ed55ea18-433b-4b00-9272-9ada28f7ba49	554	740	42	14	-
eccea3f7-15cc-4c8c-a58e-e03cea2f4fce	554	740	42	14	18
b115eefa-672e-4eb0-a272-c02195837572	554	740	42	14	,
f28a3208-579d-44bb-98b5-d6e04069fad8	316	764	94	26	Suitorited
84a7f227-9dbc-4995-993e-952a381bf628	316	764	94	26	,
b3777872-7506-4632-b0c7-a854affd98b2	413	764	68	26	338
d2984607-1411-4652-82cf-af8db029d823	413	764	68	26	-
80d24da7-1b19-470b-8460-9bfa2ac6c438	413	764	68	26	leman
909bf079-5a28-4c09-a5b7-e7c56c018e13	485	764	52	26	arrives
bba54ad5-e25a-4890-9e80-dceee79bc443	540	764	19	26	at
cd81cd35-349f-4e23-8d9f-1c66621238a5	540	764	19	26	,
e07d871f-c792-4fd9-b6ed-063a875903e2	563	764	31	26	338
fe65f133-5962-40be-9815-e044aecebd5e	563	764	31	26	-
d0f5a1ce-eece-4776-a1c5-930e5d89455e	410	776	50	14	338
abd346b1-6319-477a-b856-cfc91feb8729	410	776	50	14	-
16baceea-fc33-4108-afeb-3c75abd31c7d	410	776	50	14	15
1ef65abb-48c3-4291-a06e-8639a739adf7	410	776	50	14	.
bb147e90-6fa7-4846-a60d-beba0edc8e36	316	790	46	16	Judge
eaaa8c5c-e79a-47d7-a4e5-1db981f69132	316	790	46	16	,
3f6473c2-c1bb-4a9f-a834-7db3dbe7fd89	364	790	38	16	Alma
28e9f2d2-b75e-4f82-86a9-e7254d0d8969	404	790	30	16	first
b484b8e8-91b8-4954-a2bc-04b88ee010b5	436	790	38	16	chief
86037efc-6218-4c85-8fb4-9569621a083d	436	790	38	16	,
c7b53056-a142-4e50-ae18-ac4113a9e402	476	790	52	16	194
e048a37d-50e2-4368-abd5-da465f68136f	476	790	52	16	:
2e070931-45bc-4246-96fc-0bb2c1050488	476	790	52	16	42
c9100bc7-6ee0-4d24-ad93-8a98bacfe6ad	476	790	52	16	;
72a6c191-9a9a-4952-a7a2-1241e3ad7aae	530	790	66	16	Nepniha
4df4d9f5-6065-4cf6-a28c-95799e8c415e	530	790	66	16	!
c786023d-64ab-4107-83cb-c74ed8613a30	328	802	52	12	second
67ed0cc9-701f-40f3-807d-4db312cecf05	330	814	40	12	after
6776112d-17ab-44d6-87bd-e187ced0b073	382	804	40	10	cale
9fa36c37-7331-4a9c-873d-740db0c5219c	382	804	40	10	.
e217ae68-5a98-4eb3-983a-8d5a8431d27c	370	814	40	14	order
2ac460b1-b4df-4680-bf78-1c88fdb938cc	490	816	52	12	232
15fcf0c1-0d98-4027-ae35-c37c3e52e069	490	816	52	12	-
08fe069b-3631-4877-beb2-912f6541099d	490	816	52	12	16
c65aaa1d-2b9d-40ad-a895-25644c4919d5	490	816	52	12	;
b7332628-19d3-41ff-bdec-2c7c97767733	550	816	46	12	smitca
31a1d472-ca04-4011-b7bb-084733fa2362	328	826	40	16	Alma
95438308-e888-42da-81ed-816c28802856	372	828	33	12	and
40d82064-caf4-45c5-8a18-dd33fca7e096	406	828	62	12	Amuick
3042f00e-f830-4091-909f-bc1b2a40a978	406	828	62	12	,
b35f77d3-3e76-42b1-bdff-d63fcb1efef2	530	825	44	14	killed
ccef68b1-fad0-44a2-ab71-432e17cc53be	574	827	22	13	by
4dc05723-f556-480a-ad81-1dcdef4fc574	66	862	26	14	for
b8a958a7-6ac9-4d32-a936-860d4df63e46	94	862	28	14	the
b1227d1f-ca5d-41fd-b6de-62cded63b71c	124	862	44	14	brass
ee7d231d-dba0-4318-ac72-6de516912550	148	888	76	16	destroyed
69405473-ba01-42bf-ac51-521c868ab59a	148	888	76	16	,
2c2e2f19-9419-48f2-a54f-a75830c8e10f	226	888	40	16	49
283102c7-b584-427e-9cf6-95d60f359baa	226	888	40	16	-
c3361bc5-0d1f-41bf-bae7-f96e32038409	226	888	40	16	4
dc712520-ac8b-4159-aab8-430fc0027578	226	888	40	16	,
a7edecb1-7aeb-41dc-953e-fe40c5fe3909	38	898	42	16	90
de88fc60-0140-4d3f-bc7a-f1a4a700564a	38	898	42	16	-
f7502d7c-c106-41d6-8095-822286706b82	38	898	42	16	10
06880768-4cc7-46f0-b920-f0c39eb848a3	38	898	42	16	;
3788fb02-218d-4b34-aa50-4b4f92686fa2	82	898	52	16	people
33fecc7e-16e9-45e9-a44d-8dc8e85a3041	130	897	20	15	of
adf8b0c8-c327-422a-853a-9157b9498894	151	898	74	16	Zarabemla
e9305212-0cd5-4139-bd0d-b692341b1d6b	226	900	39	15	came
c292818a-4346-4750-a5b8-cfd09059bc58	266	901	42	16	from
bb1e401c-ae20-4a5d-9fde-20c57307d8ff	266	901	42	16	,
fa577ce6-741e-4a9b-af25-16b30a6fd831	28	914	11	14	•
a76c16cd-8b4e-4e00-8b5f-96f3c556956a	40	914	18	14	36
f06c6ae4-edab-4820-a874-6a7ac2ec52e1	328	878	23	26	39
94f6a85b-c30f-4d84-8f62-718f9bc7ef41	328	878	23	26	;
869c2996-e99a-493d-8620-0b627ac3ad31	354	878	58	26	Pahoran
b7f559b0-1fb2-44f4-aa2f-c4148403f20a	416	878	29	26	Tae
e24fce6a-c643-4644-922d-39898f7b9b15	416	878	29	26	,
6319385c-ff26-442e-9c14-406e595d88b8	448	878	36	26	1123
1f31020f-cd58-4043-a0fc-28fbf0889f4b	448	878	36	26	,
4a9afc99-e3f6-4103-a53b-40619df99dac	487	878	42	26	359
450066d8-830a-4690-914d-69bfa52a9245	487	878	42	26	-
fd181226-231b-4144-aa76-8aafcb4faa0d	487	878	42	26	2
b0676374-9f54-46f1-8b3e-1c5a5da99156	487	878	42	26	,
b488a854-cc25-4146-9260-da08bb0e6545	533	878	63	26	Pahoran
8a0fb309-9b28-4ca6-92b1-18e38788d30d	533	878	63	26	,
d65d1971-2cbc-468f-98b9-040d1de06aa0	484	887	48	15	359
919e59d5-b633-4f0f-b8ef-d7b3f035cbca	484	887	48	14	-
e1fc1cc4-ae19-4fa9-bb63-8568cd27b1b9	484	887	48	14	2
f854469d-f18c-4dc1-8a3c-fd47c33e9b50	484	887	48	14	:
9a227ca3-aee5-446a-a9d7-a6da156ddf49	532	888	66	16	Pahoran
8b629b52-2659-4138-a06e-a041930847b7	532	888	66	16	,
cc3f0e60-49d2-4349-bbf7-b73a8a18e013	330	903	26	14	son
9ffeeb38-24b8-4c33-a3ad-ba131e9acdb3	358	903	19	14	of
25e697d3-b579-4f42-bf6f-1c3ee179c0f6	379	902	65	14	laboran
1f7cdb39-c598-4413-bafc-170018246687	379	902	65	14	,
22ed468e-565f-4881-8218-ed9a75b4fe3a	445	902	40	14	chief
ac597d55-b8a8-4029-8cb0-8ee11520e11a	445	902	40	14	,
5605f7ed-be3f-4242-9acd-7681d977550e	487	901	47	14	359
16d63dc3-c397-46d8-82e1-40e5d1ea929e	487	901	47	14	-
9d20b23a-e627-4fbe-aabc-d5e0019c328c	487	901	47	14	5
366b2bf3-1c86-49e0-8dd4-edc20c6dd689	487	901	47	14	;
28555ffc-629d-48bf-a571-5bc6d185542c	536	901	60	14	Pahoran
