ID	X	Y	Width	Height	Text
dece7a4f-953c-4198-bf66-e1b126f659e5	52	78	38	22	Jerus
e4608b4d-918e-46a5-8966-61de5218cfb1	93	78	44	22	Christ
78dbc7a2-dba4-4161-b96a-e5fa397c09f1	140	78	49	22	visited
f492a28b-8f62-4881-87dd-c057c9ca379f	192	78	25	22	the
b1fde1ee-5ea8-4706-8f89-f2d9753c069c	220	78	80	22	Nephter
eba72f76-2e7a-42eb-95ed-f043d06724cf	302	78	14	22	1
63095db8-81e5-4df1-9669-80f6848c22aa	302	78	14	22	.
f183979b-1d8c-4549-977b-4282a3757b67	54	90	43	12	421
19cdcbe5-71f2-4c0f-ab4f-b2c3ee1cbd93	54	90	43	12	-
bbf2888b-96aa-4d7b-8ab3-f8e6f4cdb851	54	90	43	12	8
ec3d9482-a3d1-4798-8277-acd304bc2106	54	90	43	12	;
0d2e73b3-c7e3-437f-8439-d88d0208344e	99	90	47	12	Spirit
f3ca10ca-046b-46a6-9636-95a1b69a3ca4	166	90	29	10	the
937b4b5d-eeac-473f-8271-8f606d6503ef	196	90	37	10	lord
43ea710e-44ee-477c-827e-e0b27987d656	235	90	67	10	manifest
a93ba4ee-2eda-42f4-acea-28ce452dce56	54	102	40	12	Nephi
546b2e59-915e-42ac-9068-1aec5a5919d1	96	102	18	12	in
86ff7585-8c59-461a-ac4e-2135d91e5ef9	116	102	36	12	form
8ec0836b-0b36-4174-8ea0-d3e83029b66f	153	102	16	12	of
a7bd4f22-6e9a-4241-917f-6804246e4aa3	171	102	14	12	a
21b79dd6-baf3-43cf-83cf-4d3cc2dbe8bd	171	102	14	12	,
d45551e4-0042-4489-93ec-23099df8e5cf	186	102	40	12	18
9c3f87fb-1b7f-49ec-a38e-6e3b556ea040	186	102	40	12	-
28f67ffb-914a-4adb-af38-8d53ebfeb86e	186	102	40	12	11
02702832-8e8e-436a-8b3e-fdb68f73fea3	186	102	40	12	.
6297690e-1d33-444e-9539-4d691f020c8d	42	114	70	16	Manasseh
50af6b94-18b5-480f-bfb7-82e7860af055	42	114	70	16	,
a038ecd8-1a69-4872-8953-efad8aa88662	114	114	60	16	Aminadi
5caa7016-f136-481c-8fd8-f56090af901e	176	114	8	16	a
4e37fe27-9131-4c34-a3b4-7bfa3571927d	186	114	80	16	descendant
a333094b-4136-4623-8d26-054bff012fe1	268	114	18	16	of
64ff0ebf-c671-4277-b8f9-b2091feffd3d	268	114	18	16	,
8280c8c2-29ea-414f-908e-5a0804d59416	288	114	32	16	219
80345b80-37e3-4803-9d5d-9df78e61abaf	288	114	32	16	-
a9fad33e-a64f-4f53-b1e0-d545ff30bf4e	40	126	26	30	Ma
73e94e1a-49e1-4c8a-912c-ae3a817d02eb	40	126	26	30	:
398f5643-0f58-44df-8859-feac5c926b87	70	126	34	30	Lind
119beded-ccc5-4ee1-8435-36bdb4716c95	70	126	34	30	,
24924be4-dc93-4ad1-8738-6860b4398d80	107	126	52	30	became
eec1161a-6ddc-4000-9daf-1f643f950f29	164	126	26	30	idan
27260e33-7de9-4189-b890-d1e881a78cb9	194	126	7	30	a
f58c1d2d-ad6a-442b-8bf0-7bf4037d2e2b	205	126	11	30	nd
a141f329-f3dc-4226-bc74-bb36a2c0f478	220	126	45	30	alien
12c995c3-cc10-47af-a3fb-f338eb4a17a3	220	126	45	30	.
98ece686-0e24-4962-a844-9597434bad79	269	126	51	30	226
e061ce33-55a0-4450-9a0c-efae0aef0e56	269	126	51	30	-
facfeec0-e63e-4682-a63c-0947197b1220	269	126	51	30	22
1394ff2b-6068-4df0-9610-40dce713c6d9	269	126	51	30	;
0a2fef6e-c460-4222-83d3-df2ec7c12531	56	154	42	14	Christ
7472c36d-a434-45d7-9203-b8478d25eeb4	100	154	37	14	shall
6423084c-3737-4c16-bfc4-ef69edf6d938	138	154	51	14	redeem
b6f60271-7887-4a36-a092-6d41774e4f25	191	154	24	14	all
630fcacb-2b8b-4b94-a257-a4511935552e	191	154	24	14	,
3961a498-59ec-46a9-a4df-95ff56098cd8	217	154	51	14	244
1acd0dd7-ce5d-4595-ad74-8e764f60bc2d	217	154	51	14	-
a8bd47fb-2489-41d5-ae4b-786fafe414a4	217	154	51	14	13
faa791a4-57db-4b4b-9665-4fa434b032f4	217	154	51	14	,
2cc54a1c-9c49-4904-a9c9-49f608105da2	269	154	47	14	394
fe9a0241-5ffe-4d08-bb62-088eae0c66db	269	154	47	14	-
529666ce-2964-4977-a05b-e60f0d9a1f61	269	154	47	14	16
9d53624f-5263-464e-a272-32bff05402e4	269	154	47	14	.
5f3ef7fa-212a-4958-ace8-17301a9d9f30	46	168	47	14	(
5a4c0431-d740-4ee8-b7bf-275c882c9c41	46	168	47	14	anna
f449e8f0-e551-427f-ac4a-6b5afe130fea	46	168	47	14	,
c2409ee7-7656-41ab-8900-b70f9b9eff3b	95	168	42	14	Israel
5c97981c-6102-4ae5-8b1c-7c4399932eea	139	168	24	14	fed
6c370005-f3f7-47d0-b492-ad350a2e3325	165	168	38	14	with
073cde26-130b-4365-8d0b-cff1979f19d7	165	168	38	14	,
a98075dd-8d69-4dfa-a741-67000cce5dd0	205	168	49	14	148
15fb6763-80a8-481d-821c-d875e5ebafd4	205	168	49	14	-
0e590ccd-5e61-4dd4-8700-8feeace0c181	205	168	49	14	19
e017e1a0-db44-407f-a201-793c3e71e53a	205	168	49	14	.
e0b7fa8b-02f9-4aa0-ac22-15a7a65aca8c	40	178	40	16	Mansi
3bb255e5-cf63-4914-aa7a-110e80a8f357	82	180	30	14	oms
33daaa56-0db4-463a-8766-4d04ad9d87e9	82	180	30	14	,
eba8c13c-b1cd-4441-b3d6-9a806317204a	113	180	17	14	of
0871dab4-0fd1-4d41-be0d-c3ee9b370118	133	180	26	14	the
5d6a61b9-23e6-4ff4-b144-37425632a0a2	161	180	54	14	Father
98311772-2f83-4178-911d-6ac7995132ea	161	180	54	14	,
f6801a07-40c3-4e82-8332-66f0a482522a	217	180	51	14	127
31d7f5d8-7323-4d40-9c13-2326ef2c39b8	217	180	51	14	-
6d4abacd-8215-414d-a1a3-2390444caa68	217	180	51	14	27
5e1a359a-19a6-4f81-846f-cb03eb25cfb2	217	180	51	14	,
288c080c-14a8-41a6-b950-19c7abb8e443	269	180	49	14	502
8d9f16f7-54f8-4387-a8c8-8a6a6fbcde0f	269	180	49	14	-
0c14b623-ea36-4d9d-a794-6b1c5221fc1a	269	180	49	14	32
064a8362-b3f5-4ce9-ab10-2ff5bbd7244f	269	180	49	14	,
24a6a469-9afd-4244-8af5-991e2da2c3bc	50	192	24	16	34
141b7fc0-d0a8-4937-8f61-10cc838de05c	50	192	24	16	,
cfce1f05-71c3-451f-9260-b2504525bd2a	76	192	26	16	37
f657caaa-b157-4001-b280-031f0ff2a7cc	76	192	26	16	.
e7a61176-3069-4342-b7ad-9e8a96bda691	42	204	47	18	Manti
9ac097d9-5a8b-4b92-9230-3c6c19f4aa61	42	204	47	18	,
ca553520-7339-48cc-ae88-dfc21106fd2d	91	204	32	18	hill
3c8c2e90-d524-4a81-99d2-5887e95d5b55	91	204	32	18	,
39e07d13-300a-4bc8-8332-24dd545d9f9d	125	204	47	18	Nehor
d401aef7-f650-4cae-af9d-a71f1db734fe	175	204	65	18	executed
4af3c223-f474-4d5e-8739-0117bf8454df	242	204	25	18	on
5f227355-99d6-451d-b341-3674ac2514d0	242	204	25	18	,
9d40947f-783a-4ca0-9d66-a6176045d685	269	204	53	18	196
0c211364-b8a2-44c4-85c0-c4e5c3eab9cf	269	204	53	18	-
17f2fd44-2309-40cf-8333-a19771c95fd3	269	204	53	18	15
6a76a218-678d-4cfd-a4b0-442da85a8123	269	204	53	18	.
adf8ad0f-f3cb-4752-905a-19b8df5fb902	152	246	54	12	343
0905a549-acdb-486f-9220-8829a60f7f49	152	246	54	12	-
3a4e07a1-03a1-46cd-90f4-f23b657acafc	152	246	54	12	22
c3a2fbd8-5ab4-4a2c-9fc8-b2ab96266c0a	152	246	54	12	;
c449b2fc-caf2-48e8-9581-a99adcdef596	208	246	45	12	taken
ef6ece73-bf0a-4ae7-9e6a-2a9d60d23c4b	254	246	22	12	by
c66b807f-0d5c-4eb7-b617-c730afcdbf27	278	246	40	12	strat
8ccd708e-6353-483a-aa0a-efeac554d4fa	278	246	40	12	-
46a321c1-0e09-4d80-977b-1a0e609f8048	44	270	38	14	Mark
56e2280c-d524-487f-a9e4-dcbd89d1d4ba	44	270	38	14	,
bd6a5768-a379-46b2-a7fa-4d85c593e1b3	84	270	23	14	set
3f23895e-f21a-4961-83ee-b87103a70911	109	270	21	14	by
c88b6b00-c469-4878-869e-bd4b92298e5a	131	270	28	14	God
89a7ed0c-65ed-4288-810d-1458787ecc1c	161	270	37	14	upon
ca8d3d40-d6b3-492a-b6e0-eb7a25762123	200	270	77	14	Lamanites
7a6c3435-8fd3-4b0f-a06f-0abd3b179a5a	200	270	77	14	,
1d24b0fa-12a5-425a-90da-5217ca64c206	278	270	40	14	201
5d5bbb0a-5856-40ca-b2b4-6567288881e3	278	270	40	14	-
385503fe-d2b5-408e-b19a-287af4519b7e	278	270	40	14	6
c7865f12-cada-4d38-9f4f-9cdb675947fd	278	270	40	14	,
88cf72e7-d61d-4f69-ad30-e475fb2e2590	54	282	48	24	202,15
62ce310c-6f10-4ee8-84a5-cec732f29044	54	282	48	24	;
c7b4fba6-09b8-481d-afec-2fe329187e85	105	282	30	24	red
3fd05b5e-9b51-41b2-925e-c47a3e08ffc0	105	282	30	24	,
dfba48c9-eb9b-4cf7-a93b-58470da2a787	138	282	18	24	on
52c9b1f5-eed1-4213-b7d7-33273e25b6b8	159	282	72	24	Amliciten
83180e0f-c4e7-42b6-b161-5956042e6de4	159	282	72	24	,
113c83b9-fb77-4cd8-8ecc-f1829b367a9e	234	282	24	24	201
649ee822-d613-4192-9021-9e7a7e5753e7	40	294	70	16	Marriage
9d173106-2225-4aed-95aa-f6772cd98789	40	294	70	16	,
9c6d6f2b-1da5-4612-96d8-b22ed589ac4b	112	294	16	16	of
7f634a50-4cf2-49dd-a737-bcf38c1c879e	130	294	34	16	sons
bfa72a6c-9cfc-4f9c-b439-f7ad8b2243d7	166	294	18	16	of
1e59ce1d-56af-4276-840e-c12341348bdd	186	294	38	16	Lehi
d5fcf479-6e73-472a-a26c-f7fdbbd652a6	186	294	38	16	,
931ad074-57ed-4fd6-a81f-78e306f5f91b	44	308	32	10	Mary
7cf688b7-a49a-475c-a6d7-b7d514a17183	92	308	54	12	mother
15e7e72c-d0f5-4426-b27a-301f942338a9	148	306	22	16	of
a4b5d16f-f2b9-4639-a713-cfb6d5eb0db3	52	318	54	16	211
84c9b658-1845-4608-af68-5181898da33b	52	318	54	16	-
a6ac94e5-8f42-4159-b6ac-5c10eb46726a	52	318	54	16	10
8837ad7f-8d98-4164-9741-a33af344caf0	52	318	54	16	.
3e93d4d1-e784-42eb-a98c-e724c3a5924d	114	318	26	14	See
02fe9cc4-1a97-4258-82e1-617c9d10e1ee	142	318	30	14	also
0593f4a9-b14e-4111-8894-508f11afd641	224	306	50	20	18
3093f1ee-c884-467d-9c53-1846cd1889af	224	306	50	20	-
8701c0a5-da0f-45ed-9147-d99d79078bcd	224	306	50	20	18
f9d943db-4553-46a0-8225-2331ed194145	224	306	50	20	,
733c54da-9023-4af8-949e-905955407a19	276	306	46	20	140
bb950a24-6ea4-49ad-ba18-90e1cf5c8297	276	306	46	20	-
87c18e07-b17a-4f82-8fd8-161afaaaed23	276	306	46	20	8
8847c588-189c-4ebf-821f-fb816bb49f59	276	306	46	20	,
2b73fa87-0780-449a-86ad-c4569a88778f	42	330	66	16	Mathont
4928f743-ba0b-4f0b-bc15-2a743c7dd218	42	330	66	16	,
f382b029-fdad-4fca-b204-f471a36b2579	110	330	32	16	one
d166e604-a63b-4fcf-8f80-8e210542ff51	144	330	22	16	of
e46c459f-ab44-4b66-89bc-067b029b410c	168	332	34	12	the
fbd9eb18-2bf9-4011-baab-dc1b2fbeecba	200	330	54	16	twelve
50274081-b9fb-4727-a5d0-f1e2fea3b147	256	330	66	16	disciples
e5a373d8-9805-40a5-9161-e8f3b197d4ab	256	330	66	16	,
4bc61757-46aa-4a6b-8906-580c4ef83c82	52	344	42	14	437
7849ffac-489b-4a08-b491-4adf9426519c	52	344	42	14	-
9a986f11-0f5a-49e5-be09-5f55c52082b8	52	344	42	14	4
cf66b343-3823-45eb-ab5e-81b247f496bd	52	344	42	14	.
86698fb9-3ad8-4b57-ab41-e01aef5693ad	42	356	86	16	Mathonihab
9700ab3c-d70e-4bb4-9d44-9b6d83d26d18	42	356	86	16	,
d74be9fd-493a-4d78-b169-c68bb058cfc7	130	356	28	16	one
abc7a8a6-1401-4851-94e8-7b4a995d086b	160	356	16	16	of
9f60888d-94fe-4bbe-97eb-3777f8bf7e52	178	356	26	16	the
5963684d-4c3a-4bb1-a9cc-7bb09c9b1b2c	206	356	48	16	twelve
755174f2-9074-4762-8432-225cd9d598f6	256	356	66	16	disciples
33a43301-1350-4c0a-91ea-42a6b5d5f4b9	256	356	66	16	,
cc637d57-ddc9-4bca-ad71-861dff55b012	50	370	44	14	437
fb8b1006-45ee-4528-a6ec-f546400b72ca	50	370	44	14	-
173eb55e-b8f2-4de5-84fa-63e12103d0df	50	370	44	14	4
fd2b0534-1a9f-4cc8-8afa-99c3ec3b6861	50	370	44	14	.
c02f85c6-fdde-42cb-a876-0039e0f611ed	42	370	68	26	Медие
3efc8bfd-2ff2-4854-a624-0661ec51050a	42	370	68	26	,
5d65d3f2-c078-4a22-b809-b9fd3f454448	113	370	19	26	of
a804275c-52c4-4319-b439-e675fee7e21e	136	370	55	26	толеу
10b3fb2f-9c47-41e5-87bd-745f4984a15a	195	370	52	26	among
f6252841-eb0a-440e-a55c-23a4b6c916c6	250	370	72	26	Nephites
b5a6569e-e9c7-4af1-9cb1-0d420b5e692e	250	370	72	26	,
dd49bcd4-a504-481a-a94e-b018a67158d6	50	394	48	14	222
06ba27c6-fd9a-49db-8a63-86be450bfb12	50	394	48	14	-
e9dc1dee-bd5b-4724-9bb0-50f4f848222b	50	394	48	14	4
6260844a-0ff3-40ce-a905-b6f3ffa3b71f	50	394	48	14	.
e3ecd963-a266-49c7-af3b-b552c606524b	42	406	72	16	Mediator
ba546306-f6c7-4661-8453-ac1a80add512	42	406	72	16	,
e0e022bc-6b47-436b-8216-687f28712342	116	406	30	16	the
99f3e04a-2413-473b-93a4-2c7e09ace2ec	148	406	48	16	greet
65d831d8-3b58-466d-8721-759b57d88c44	148	406	48	16	,
3a58d746-520c-4a3a-acc3-2e358ee01805	198	406	50	16	Christ
10fac57b-afd8-436c-84d9-54121440fef2	250	406	22	16	so
21d9126e-ddd5-4097-a003-96bee795a8e6	274	406	48	16	called
3304f1e4-9d25-4099-8a3c-10c11c0bf82e	274	406	48	16	,
2734e149-da13-4dd4-a262-dbc8839bbd07	54	418	44	12	55
331b1ad6-1a0c-4977-92ca-0d628721a362	54	418	44	12	-
4b2d7780-f85c-4d84-9fcc-5dd825fddae7	54	418	44	12	28
b8ad647b-52ae-46d9-917e-b40dcf09ef70	54	418	44	12	.
5d4453db-d4d5-41ff-9bd4-203e2c562712	44	430	36	12	Meek
8039ad31-86a3-4d00-82ad-95cf02a3a208	52	440	50	20	99
96bbea2d-e54b-429a-b5b0-6f4c440ed49c	52	440	50	20	-
3bc116f5-3bd2-4f39-92e6-c91a3eb328bf	52	440	50	20	13
fd67cde4-baef-457c-8614-3d1f250ab8fe	52	440	50	20	;
78bdf6fd-259c-45fe-a89a-2879cc724174	84	432	10	28	3
dfef9651-d911-4161-9662-c12d74d88a6a	84	432	10	28	.
66898277-0257-4565-a6a5-70503f756ffc	98	432	31	28	the
ef6291ec-e62f-455d-a64e-08144886558c	98	432	31	28	,
59457fd0-fbfe-4f05-8885-23489224bf4e	133	432	38	28	shall
b6535df0-8dea-48eb-81d5-52fb1fdef3e4	175	432	63	28	increase
869d0ffe-7b61-4edd-9304-cee5bf5249f1	175	432	63	28	,
e66fc48b-be25-4446-9d6c-9cd6dbb42964	241	432	45	28	93
b4cedc8b-8da8-4e3c-bbd9-eca8d13ee2c3	241	432	45	28	-
185be62b-f745-488d-9d4c-a1f8f339ae14	241	432	45	28	30
bf137bd3-1909-4015-a1e8-15cccadbd4dc	241	432	45	28	:
a07f0cbb-cc0a-4e50-9008-1008034d2da5	290	432	26	28	Goo
2847cb4b-d2a3-42a5-81e7-42576c34689f	134	441	40	14	shall
72b0ee0b-c2a6-4a6a-aaff-bfc742df40f1	174	443	68	16	increase
c7688f0e-50ac-4809-81b9-ce95eb9dffee	174	443	68	16	,
67e44228-8a5b-46f1-9f4d-3179a0bfe5b2	240	442	48	16	98
c9d91fba-442f-46e0-9308-2576d7c0d8bd	240	442	48	16	-
0d6db5e0-43a3-46ba-ab31-488b91704d16	240	442	48	16	30
909f2f7c-3d5e-453e-9df8-1ad64588e62b	240	442	48	16	;
042b3b8b-1a02-42a8-ad3a-8d06558d3a65	290	442	28	16	God
4750785b-4e38-4db7-a2d6-3c62bba1070c	52	456	52	26	291.33
99d9752e-33d7-4ab6-8a5d-b777399553dd	52	456	52	26	,
2cdf9a41-af4a-4e8d-bcf1-ef0fc0ffea89	107	456	29	26	she
c5dd0595-3069-4c5f-81b3-91e9195458ee	107	456	29	26	,
ba4b1ea2-2682-4ebc-8a4d-df5e9afe8dc2	140	456	55	26	bressed
541a92fc-0e0a-4620-b543-951617a7c598	140	456	55	26	,
33e18a15-e67f-48af-89db-fade10d24c27	198	456	44	26	424.5
acdf4200-0716-4235-80d8-1b80aba148af	198	456	44	26	.
7dea3077-6cc0-4d11-8e91-eea693c3e86d	52	468	52	16	291
6a54bafe-c38b-4088-ac8d-202d59ce19be	52	468	52	16	-
c6ff9468-af13-4b78-9a66-4610c511bfae	52	468	52	16	33
a49e5cb0-0033-4823-ac83-37e0cf1131fc	52	468	52	16	;
f6d6b79e-0040-4ca0-b63f-c9d420ce596a	106	468	32	16	the
63bd21c1-0d0c-436c-9631-f9cc10a16908	106	468	32	16	,
fb0ca787-b9b8-460c-9230-d72d524cbc80	188	456	48	12	103
21c39c0a-4a74-4456-afb8-da11d547c8e2	188	456	48	12	-
fe943217-18f8-4661-8165-bec7c586628e	188	456	48	12	9
09347e59-d5f6-4ff9-9bf4-fdec24e8fb76	188	456	48	12	;
bf1145af-cba9-45ee-a523-0b1082a506a0	238	456	40	12	teach
1c3d1ae2-e0c0-48d3-9348-5f059295287b	280	456	18	12	to
b36b53cc-ea32-4966-97a4-e3a57b910914	299	456	19	12	be
d8bb062b-8ef8-4ae0-8c47-f4c9a47b0d68	299	456	19	12	,
5970abee-40ef-48fd-97c0-635aad4802a1	42	478	90	16	Melchisedek
a8a31a0b-b7d9-4c38-b4e1-76b27a1e9df4	42	478	90	16	,
aa9e4e11-2d00-4da1-b43c-3f16e9d1a89f	134	480	50	10	229
85693720-7173-4b65-80f0-4705b1bc07d1	134	480	50	10	-
74d85cdf-565f-4370-9900-39b8cde76084	134	480	50	10	14
b7ea7c82-cae5-4e58-929d-3a1ceac510b6	134	480	50	10	.
b1ba0304-6322-49bc-9f10-670845fd5835	46	492	42	12	Meles
37ce7c01-e9d3-43da-a52b-853b524f7bb3	46	492	42	12	,
8ec78273-4853-4050-8808-9f5f212e9b8d	90	492	35	12	land
ebc3fb49-3495-4645-b626-769a17234a38	126	492	20	12	of
1c4fa51b-a37e-4728-bda4-e85bc4d2e4bc	126	492	20	12	,
b6c637f4-9fac-4766-bbcb-248bb0f24949	147	492	46	12	213
57a27f17-e437-4fe8-a485-46e9e0ee0d06	147	492	46	12	-
605a5539-d555-4115-b494-c03af8cf4047	147	492	46	12	3
5cae1c41-a637-4a42-bfa8-9b38d2014cef	147	492	46	12	;
2bc06772-907f-4aca-8fc1-a69d52a2838f	195	492	55	12	Amulck
c5eee1f6-00ed-4203-b73c-fa69606844b7	252	492	29	12	and
e830bb64-bc5d-45df-bee0-52f229b88dcb	282	492	38	12	Zeez
e25c1ae6-e902-4f1b-bb94-7b530f5b86a0	282	492	38	12	-
9f21228b-f4b2-4b6c-9891-452e53a82643	54	504	30	14	rom
8a033f89-981f-40ed-b067-7bf29dbb9148	85	504	21	14	at
98f9f6d5-6664-4563-b8e8-d3d59ecdc03d	85	504	21	14	,
c3510ac5-b997-4c0f-b1c9-33ecf755e91c	108	504	45	14	274
1f50278e-7484-41c7-b4f2-74069af50b69	108	504	45	14	-
fd3dcc35-1d24-4965-9bb9-8b127b87a0c7	108	504	45	14	6
a487dcbd-a2bf-4b26-b6e4-bcb34446aab3	108	504	45	14	;
754939ad-1b1e-4ce1-a4dc-3a35fe5e55fd	155	504	45	14	people
f0ab2fb6-7f25-4faf-9114-95da72c0b5d4	203	504	16	14	of
c8b0441b-be40-4355-b752-1b40b3361cde	220	504	58	14	Ammon
668e8696-2b05-485f-9847-51f56e40fe57	280	504	17	14	go
45a6e5d1-86e9-4291-8c7c-a3d1d2333da3	299	504	21	14	to
17d53f4a-f062-4be2-aea2-21e632107e4e	299	504	21	14	,
46546509-2f5d-4e31-be72-6d5476687272	52	516	52	17	285
5821446a-c505-4e51-a19f-6772ee284aa3	52	516	52	17	-
33962b02-87af-4c4f-b513-3021eeb368f6	52	516	52	17	13
5edc0811-8479-41b2-a3e4-e18545fd827d	52	516	52	17	.
f7cc59ac-4c52-4275-a91c-332c71978e5d	42	528	38	16	Man
706dd18a-490c-4f46-8e5f-d121ba3fc3e3	42	528	38	16	,
baa24649-57cc-4d93-8c77-4552ef6572e3	82	528	48	16	Christ
b0dc58f9-95be-474a-ad4e-253ada091eec	132	528	52	16	suffers
e4fa8a9e-d894-4f2a-bdf3-3ce84e9eab37	186	528	40	16	pains
e058c88c-70fe-4b6b-9e3b-811502cc5850	228	528	18	16	of
aabd5686-379b-4a61-b3bc-e23169fb64b4	248	528	26	16	all
b5965a06-0871-4e5f-ad52-249dd9ca0e59	248	528	26	16	,
02fc4f56-b9ab-4e3b-b875-ec57f5cd43a4	276	528	46	16	68
b1a116fb-5001-40d5-bf87-b85c60c5ffa7	276	528	46	16	-
b3a9f9d0-221a-47a7-b276-9792da5def58	276	528	46	16	21
f2ace671-9967-4fd7-be4e-a5e4bf0ffe8e	276	528	46	16	;
d36fc1eb-2e08-4eb1-b6ca-02125f6f51d2	54	540	68	16	becoming
419d064c-f43d-41d0-b174-c5d43d72f3a6	124	540	20	16	as
b3fb6b5d-1cbb-46c2-9f16-bf0fb2cb504a	146	540	40	16	Gods
907d6b63-9599-4506-aa5d-63942f3b0f35	146	540	40	16	,
6aa25141-ba2f-4a49-abf7-85f31a4da4cf	188	540	54	16	227
84aeb52b-afe9-4af9-8b11-15c17db772cf	188	540	54	16	-
527b2450-1e68-49c6-9c09-c65501360193	188	540	54	16	31
65732df4-eb1e-4d29-ab4c-114a45ba5dd6	188	540	54	16	.
1dd8923b-1720-49e2-87c0-c6ad2e02fe3c	42	553	80	14	Merchants
07d0d12c-f1e0-4c91-92e9-141493c8d6f8	42	553	80	14	,
e035617d-1326-48fc-9167-7a4adb54e2ce	120	554	54	12	411
0fadc727-57c6-4306-b32b-54605be83826	120	554	54	12	-
9ba7949c-e541-4600-9c2c-7e5b84a64c13	120	554	54	12	11
924a38f8-f110-492a-a85f-24f1bbd94a3d	120	554	54	12	.
1a4346cb-19c4-4ac1-b9a8-7e1876c452b2	40	566	37	30	Ме
36bd0b8b-1ba0-4638-bad0-cf4e0a6c2faa	81	566	30	30	ако
f50fc772-c180-47d6-9313-75802d170931	115	566	15	30	по
dfc1020a-0353-448c-b631-2120a6e20e19	134	566	41	30	саа
fd4931b9-2aa6-4538-8565-f4cc11cd0c6a	179	566	41	30	оти
4202cc17-ce36-4abc-b621-7b42f50c4616	224	566	64	30	ереал
2edef4ed-e92f-4002-8319-a09f4b79d70a	224	566	64	30	,
8ad14459-9639-4112-99a5-a6208e34996f	291	566	31	30	18
4443f33d-861a-4640-98f8-07c567a4bff4	291	566	31	30	:
fcfe3233-1e9d-4c9f-8f51-6ff5939d13a9	54	590	24	14	39
9dd00487-4c49-4231-bc2e-2589931565f4	54	590	24	14	:
e89a2f9a-de20-4127-bee9-687c87ed692a	80	590	19	14	he
cf0cd104-e181-4761-856c-80931e22cad7	101	590	31	14	who
1955057c-3bf8-477c-ab4a-ccea23550e4c	134	590	56	14	repents
aa7244e2-ad8b-4b6c-8268-2ddd3d68fd81	192	590	26	14	has
f42e56bf-b1ac-442e-ad16-1708d75e5927	220	590	40	14	claim
a30134ee-ea41-4ae2-b7a1-3aa1ed831905	262	590	24	14	on
073268f3-5d70-4bc2-b842-ef22168ba468	262	590	24	14	,
85872dd8-d3c5-41fd-9980-7d202dd2b1aa	288	590	32	14	227
e7fe584c-55e0-4648-a1f2-1180e8173a6a	288	590	32	14	-
57bedd6a-2ace-4c78-86c3-45ceea452c0f	288	48	64	18	INDEX
8f52fa3a-1477-41c1-9e55-09b8008ce9f0	574	48	32	18	557
af3efa60-c959-4a2e-a542-3231fec0389e	328	74	55	20	Money
ea251898-4189-4a6b-b343-1b842fbe02d5	328	74	55	20	,
5cbbbc75-c70c-4c81-b844-f0266c075334	386	74	20	20	of
bdd2921c-ac61-414f-b098-797f4836c2c9	408	74	28	20	the
bf8642a2-c7ba-4591-a9d9-6b31ebb31df3	438	74	68	20	Nephites
7f04a05c-60c7-4e22-a6d9-1849adc85679	438	74	68	20	,
76cad9e5-3393-4ed8-bf21-664c32eda14d	508	75	48	19	222
50e76302-ef9c-4301-9d79-45b4ca82edb0	508	75	48	19	-
4b62c4fb-ad2d-44cc-a343-45ba9ebb4a24	508	75	48	19	4
367e9dce-a472-4733-9235-904286cf5c8b	508	75	48	19	;
b7ec8cec-cc8f-4702-a01c-0bc99406103c	557	76	51	19	wicked
9921d4c3-29eb-4a54-9b77-e81f79382d91	342	88	82	14	unpunished
05714bd9-9ea7-4ce2-977c-1dcd14e3e459	426	88	56	14	because
c35cbaae-2a85-48b7-8df2-a18c0e92ab84	484	88	20	14	of
4e6152ad-1eef-402f-8a3e-a002630deadf	484	88	20	14	,
d7556b36-b2c8-4263-b6c1-f42d4f7e416b	502	90	50	12	under
791972ce-78bb-4069-ba82-6232864c9e69	552	90	58	12	Gadian
45e4c13d-1a5f-456f-85c2-378995b6c9de	552	90	58	12	-
c492296b-3079-4009-9e57-2215baf939ae	516	102	65	14	laborers
9319e9d2-4073-4c59-8d1b-4ec7935767b5	582	102	28	14	for
d7dcbec3-1245-4b84-8430-f9f716e18541	582	102	28	14	,
b2c9ac53-528c-46a6-8d3d-28998ccd11d4	340	102	37	30	that
f7624f35-8c3e-4450-8c71-d9d2e72d529e	381	102	45	30	perish
00f68771-1ee6-4f9f-9564-4ee6fa623c5d	381	102	45	30	,
c13939d6-49db-4982-8b0b-b98022289f8f	430	102	41	30	9P
c6e8fbbe-34a6-449b-ad3a-8f8310db4539	430	102	41	30	,
64d809bc-0c14-4562-ae4c-122e20d7fa91	475	102	79	30	forgivenes
7502f21e-1c2f-4683-a24b-76d9e5aa0b6b	557	102	19	30	of
c3abc777-eb07-43bc-b0b7-0e95a0536ce8	580	102	30	30	sins
de5dbcc1-caf7-446e-be67-a52ff5a77ea7	342	126	24	12	for
b3b68fb8-4402-4e25-bbfe-66ba27d402d1	342	126	24	12	,
526a833d-d493-4390-bd45-ca9df088ff3a	368	126	66	12	promised
5d426f71-4698-4fdc-9e28-15dffcf1141a	435	126	19	12	by
73a7fe6a-0397-4890-9d6f-5d97230bc02e	456	126	48	12	wicked
e5576914-e063-4121-a613-f6b48725fbfe	506	126	52	12	church
1312a26d-4a6f-419c-ad6c-dab72629fbe9	506	126	52	12	,
2b656444-2293-4f10-8c64-310f61658be4	558	126	52	14	474
e7a83e0e-a566-4496-97f9-82aaf71e1e19	558	126	52	14	-
99b0f058-eef3-448e-bffe-b227e42f7932	558	126	52	14	32
40363f48-e321-40c6-85a3-1bf9e94303fe	558	126	52	14	.
ccc46b38-c049-446d-8a77-4cc9da7e33b9	332	138	64	12	Monster
dfa30efc-6b21-45d9-b1be-2c5c371f038d	332	138	64	12	,
8f624f40-0a6a-444a-8a0a-58856de0a8bb	398	140	58	12	Ammon
7ab7ff48-39c2-402c-9362-251036c48185	458	140	43	12	called
efaff5fb-d800-4324-bb15-096833f6758f	503	140	16	12	8
d6d89479-e7e4-4b8b-87bd-3fdd980acbd7	503	140	16	12	,
31c6c63f-ec20-4952-b93f-adf0f529d352	521	140	59	12	246
98ed561a-e2cf-480d-88fd-0038c3613f2f	521	140	59	12	-
b82d4e70-5437-461e-9898-624de67a41ff	521	140	59	12	26
ac2857e2-9212-4a8e-b008-0eb63a52de81	521	140	59	12	.
f15e8586-5824-45f6-9161-fe0fc31d4ec6	580	138	30	14	See
98e3b65d-a33a-421d-82e0-618a789a6607	340	150	33	14	also
b4c8ab7d-e20b-4878-ad5b-312e1ea96373	375	150	39	14	Devil
d5327794-7b3d-499e-9b54-b464878cf3d5	375	150	39	14	.
682f97c4-7136-47b1-a211-652db8499df3	330	162	80	28	Morlenius
aab29321-a3e7-4dcd-965d-d46e583b0acf	330	162	80	28	,
a2a2f8cd-b977-4d0e-b421-2fdab20e3ea5	414	162	7	28	+
4de31b20-cf4d-4cdc-88de-063d9d876b00	424	162	36	28	1
03a8c2b4-c962-40a6-a0d1-a42d5880a5e0	424	162	36	28	-
2747b37f-c5a5-4dad-ad61-83a9f7502b07	424	162	36	28	m
3c1781dc-5664-450c-a135-b5432a6d1b44	424	164	75	14	temporary
68677528-ee68-4a70-9767-ff2852f8ba79	501	164	54	14	abiding
da359f41-9bd1-40ee-b628-d0eaf9d70bf1	557	164	37	14	place
685d2fdf-3a63-4d3e-a5af-2d557cd60327	595	164	15	14	of
546d9890-8cc5-45f6-9ff4-ae54b74d438c	332	186	76	16	Morianton
a4360a91-c87c-4514-a205-046adf2e6406	332	186	76	16	,
9fdfc942-567f-4562-8655-1a429fb0611a	410	186	66	16	proposes
2edaa727-6ad3-4d85-8972-b2632be18b72	478	186	20	16	to
cec79d49-6f5b-4eb0-b9cd-3138cf917d23	500	186	30	16	flee
c4f1e3b0-c268-4567-9a65-04f1d17635e4	532	186	78	16	northward
b4655fe9-0a6d-42aa-a9b9-8745f0302dcc	532	186	78	16	,
7a8e26f8-d8e2-4a85-be65-3160ef6526af	400	202	35	14	maid
a74c9b54-2eeb-410d-808a-c40547847d34	437	202	58	14	informs
88a61543-e00f-428a-a988-446a846e32da	496	202	54	14	Moroni
98132918-eac0-4a8e-9a59-c0b174eaeeb1	552	202	16	14	of
4251f341-d5f3-40a8-b851-96403d430c60	570	202	40	14	plans
73ca2474-5597-4810-9009-089394ff02f1	344	212	20	14	of
c16b6e3b-6630-4144-be14-61db9143d591	344	212	20	14	,
29823777-2dae-4c00-af0e-f878a42a503f	365	212	55	14	323
cc25aa3b-dc6a-4e7e-97c3-c8d09e3d8161	365	212	55	14	-
174cbfea-3f08-430c-b758-e9477d2aba07	365	212	55	14	31
1f6a6427-9a7c-4cdb-8c37-4de1803c5057	365	212	55	14	;
6263a618-90a3-47a3-9fa9-e09c71c934c7	422	214	42	12	slain
ee749c3e-d1e6-4aa2-97a8-4831a232d11c	422	214	42	12	,
a70c0e23-5fbe-48fd-a429-cdecadc161bf	466	214	50	12	323
ac043642-dad1-4f84-9124-cb8ea88cbbad	466	214	50	12	-
587e35bc-ac5f-45a1-b0f0-7c862da98b90	466	214	50	12	35
79bd905f-f9de-41e2-8e0a-cdb347af46dc	466	214	50	12	.
79730b3f-af96-4f66-8550-0bdcdee6778e	410	226	63	12	Jaredite
312b781b-8d59-4f46-bf00-13ad8b9b3192	410	226	63	12	,
22caebed-6491-478c-a2e3-09d2e9e2061e	475	226	81	12	descendant
1b21153a-1363-4010-baaf-a4594da9ccfc	557	226	18	12	of
9e3b2f51-21c8-4adc-bbea-8a0ab3be44c0	577	226	32	12	Rip
afef20a7-c1a2-46cf-8294-612aad4bb3b2	577	226	32	12	-
a41330f6-3a23-4c04-bf10-3473f58b10c9	329	224	63	31	Makish
4ff3df0d-de1e-4e2c-9ba8-87685bd29b48	329	224	63	30	,
35ce5fbe-d430-47ae-b2fe-9970f2150146	394	228	50	29	479.23
1d36116c-4c17-4bbb-ab58-7019ebb74a9c	394	228	50	29	;
aa6f0188-9bab-4850-b8af-a3e39c1642a3	445	231	63	30	becoraes
210e58b2-081a-4936-b149-ebe164b01d57	510	235	57	29	king
9fad5d9b-d836-4524-95a3-7cce19c51af6	510	235	57	29	,
de53c397-cf40-4b20-bde7-fddddb34f9c2	569	239	41	29	Ama
a6b1c6db-23db-4687-afc0-1e771f108486	569	239	41	29	-
6a20d430-1bf6-4889-ba03-d6df3f662b75	332	250	80	12	Morlaston
d02b3ef1-e707-4bef-8ef6-11f406cd5166	332	250	80	12	,
6552d706-d969-497d-9d9a-679e8d571d54	476	250	62	14	captured
03ef4c36-e03b-4327-90d0-4d9fd716789e	340	260	55	20	lickish
4a83bfc4-aabf-4211-a12a-0600a24ac01a	340	260	55	20	,
e0c3dbac-557e-4c38-a7ce-2f00226c315e	397	260	50	20	326
2961ee41-bb8e-45c4-92f8-db856a47df9d	397	260	50	20	-
6e4ace07-b7c3-4ff4-a9da-7284aab6911a	397	260	50	20	26
c2e438a0-1416-44a5-991e-9f423400f0ab	397	260	50	20	;
7b40fef3-beec-4459-8b58-8beb1bea882c	450	260	58	20	fortified
b71cca28-2a0a-49b4-ab55-d648bed814e6	510	260	20	20	by
3033fb0d-ce37-4eff-9cb3-49468a570b3b	533	260	79	20	Lamanites
32077da3-c52f-449b-88b9-35f16e1f3c48	533	260	79	20	,
efd86f43-ffb3-44b6-8c0f-c989dba8a623	342	274	48	16	337
ba2bee7b-8043-4259-906f-260011dbd03b	342	274	48	16	-
dfcf2007-51e8-4897-a8ee-08ae026db871	342	274	48	16	33
12c29acf-bc1e-4d7f-904d-eb2013049bd6	342	274	48	16	.
a6179455-24ef-4801-a7a5-5e7e057b925a	332	288	62	26	Morant
8fe906ba-edb0-460b-81e7-9845b00cc3f0	332	288	62	26	,
bf89cafe-b2d2-4b9f-8c0b-6686f3dee00a	397	288	36	26	Book
a6ee1789-4365-489f-bc0c-464ad0a7a3c4	436	288	22	26	of
bd0db9c4-af39-4bd8-81fa-8a8ea653fab6	436	288	22	26	,
ebfcc461-fae7-4fd3-b3c6-3dc412987a95	406	288	38	14	Tand
6934527a-912d-4fd6-9c7a-dd033c7ad26f	446	288	21	14	of
ba962983-5730-41f5-9356-af9245ed2d35	446	288	21	14	,
09bf4ed9-9e6a-48b5-b0b2-c56507aad29c	469	288	51	14	322
6e6cea38-2c01-44b4-946f-8f05e47efe17	469	288	51	14	-
33367a07-a98a-47c2-a040-626f980f3591	469	288	51	14	25
cd76f0b8-de86-4cc6-b6b8-5379805d415f	469	288	51	14	.
757b7053-845a-4865-b3c0-9f55a9ca3417	330	298	68	18	Mormon
9c78867d-1b07-4496-b030-0d3f8557460e	330	298	68	18	,
41c5af59-4167-44de-9fd8-46440c9c69c1	332	310	62	16	Mormon
701076b7-80cc-4532-8f88-a95571c2742e	332	310	62	16	,
ab44d7cb-391d-490c-88f1-dc12e657442c	398	312	47	14	father
623c0381-cf8d-45b9-af21-0c1a3308e2d0	447	312	19	14	of
10817ea9-56eb-40aa-8b8b-75e04571f1a3	468	312	66	14	Mormon
4177ce5d-cdb9-4e4a-8310-fb633ed3c11d	468	312	66	14	,
5b65931a-2f20-4517-9437-a0eb6338dc98	330	324	64	30	10
a38fd2ec-aa39-4525-8a3a-0c03876e1bce	330	324	64	30	-
fc8ba8b7-1f27-48bd-9fdf-48e7d82e01c9	330	324	64	30	12
20bd332d-4ccc-4dcb-9c99-1fd9103a97c0	330	324	64	30	,
818fb97b-6a27-4767-89d9-edf8f879e3bb	397	324	31	30	ast
37e3b439-be68-4e9d-8058-44478e41e14d	432	322	40	16	great
707e14f1-1344-4019-843b-5765646f550e	474	322	46	16	leader
55990afd-e2b3-4093-9613-f6967b93dc5a	522	322	20	16	of
560e05d7-6e1a-46cd-a2c0-724b4ead4f0c	544	322	66	16	Nephites
b32cb3e4-6a5e-4c9b-ad5c-0672e7155487	544	322	66	16	,
03460b07-e70c-4327-89ed-fd272fc473e2	460	338	88	12	incorporates
e5f6585c-489d-42c0-8ae7-ca896969cedd	344	339	41	23	plates
bf407c4e-1372-43dc-9cf6-ef2c50ed18ba	388	340	19	22	of
c0955bb8-2b33-49bc-9ed2-ac134cf890a2	410	340	44	22	Nepht
6ff63589-fb00-46ec-8094-cf17df8267be	457	340	36	22	with
1564f762-0f01-4854-b271-055e9f547d2c	495	340	25	22	his
9795ac34-4179-4094-85c8-cab1e21e1756	523	341	30	22	own
06067d4d-d6d3-435a-b494-d60e2f4ea4a5	556	341	54	23	abridg
99c305bb-b4eb-4652-a3d7-b0149682ea7c	556	341	54	23	-
1a33019b-00bb-4810-a910-9156287455b3	344	362	40	12	ment
3391350f-c9b7-4711-a3d7-edebb2ca0531	386	362	20	12	of
a52c8efa-9423-4ba8-b471-d20fb577bfca	407	362	29	12	the
bee98536-e506-4153-be50-fba561b7c479	436	362	48	16	larger
031ae00c-1817-4e7d-9305-d7f81365511c	486	362	50	16	plates
8af2452f-ad40-4942-bfc7-fcf3ff691c07	486	362	50	16	,
e3f9a667-6864-4e2c-ab88-bc16c63986aa	538	362	48	16	132
dce8a839-bd72-4410-a57d-69b87f532a0f	538	362	48	16	-
905d1858-e42b-4394-ab4f-f99d3d6d60e6	538	362	48	16	6
4ca45f9f-56d4-41a5-b29d-6c07a9f5f2cd	538	362	48	16	;
1dfc743f-5ef4-4f0b-b11c-170d85e9a8bd	588	362	22	16	in
8720397b-0d26-4386-8378-95da57f35446	588	362	22	16	-
55df722e-3dae-423c-b784-ae87e2f9eac9	344	374	62	12	structed
6f843969-e9a4-440f-833c-ea10d606ff13	344	388	58	14	records
bce57d4c-3914-4f51-a1c3-abbacf017ddd	344	388	58	14	,
a14f0ca9-5783-4f2b-a4f0-6d58dedafb6c	344	400	44	12	460
ba29700b-52d3-48c8-b0d1-0915ca3ce4fb	344	400	44	12	-
72d7cd8f-2d02-4b1c-bdae-9a7959b231c8	344	400	44	12	6
553da50d-b42e-4a4c-afb9-ab0e7514824b	344	400	44	12	;
633fad18-f138-4bf1-a315-e9528f8f9521	344	412	72	14	restrained
8f580fd5-5d76-404d-8c11-fd80ab284763	417	412	37	14	from
27050e26-8674-4ea3-8d3f-33f7e466e053	456	412	72	14	preaching
1cbbd948-e8c4-498a-830c-5bc873a7894e	456	412	72	14	,
6a046d7e-38ac-4525-8927-af1ad6411d1a	530	412	54	14	461
d2f653a8-50b8-4a71-afda-4a2acaec7b91	530	412	54	14	-
b23a1769-b724-4547-ade5-8faf9781b6c4	530	412	54	14	16
bd19c1dd-e575-44fa-9fda-31524b10d077	530	412	54	14	;
33e784cb-fa0f-4f39-b9a0-4e5dacae6706	586	412	24	14	ap
279b333f-caff-440c-aa2b-5414b19b7ac6	586	412	24	14	•
ef505f61-9523-4a0b-9e23-6b0e041d73b2	346	424	51	12	pointed
7c83babb-024a-42e1-885d-524e5c336ffe	398	424	59	12	military
9a015424-cf4d-4d50-8985-319122f0a7c9	459	424	47	12	leader
e5b7eb0b-36c2-4410-8e2b-fab238f15d5e	459	424	47	12	;
482d3d59-8598-418c-99e1-4e10a62933a4	507	424	46	12	461
860650c1-ce5a-4f51-b562-aece7b04e1c2	507	424	46	12	-
ff2d33d9-1a48-450d-909e-a25d73a317ec	507	424	46	12	1
9eddf04c-361f-4837-a4a0-9941bd54a4d6	507	424	46	12	;
bcca86ac-959b-4b4e-b75c-dfb935246dbc	555	424	55	12	retreats
0ef47995-6a24-467f-a8e3-3ec2e6adb90f	522	436	47	14	462
19849133-628d-438e-be39-b043230a7a4b	522	436	47	14	-
de9a40d0-bb46-4f76-9aca-187421b810e7	522	436	47	14	6
73d215f1-e1e1-4714-b497-6ca6a7636fba	522	436	47	14	;
4aa86fcd-54d4-4eb7-ac91-ecda8b0cf40e	571	436	39	14	takes
428c51d1-4d6a-4c62-a411-fe4e56db32a1	344	462	49	14	makes
31467b56-8e16-43de-9cde-b593c85e3cc5	395	462	47	14	treaty
664483b6-e30d-4771-81b0-f2d679bc701c	444	460	61	14	dividing
8d673328-fb6c-43ad-8a34-0f5b2e46462c	507	460	37	14	land
d2f147e6-161e-42f8-987a-a9400e75a444	545	460	37	14	with
06b580de-9179-442b-80ab-b0d5eb4c2ce8	584	460	28	14	La
576693f9-f002-4f02-8b03-66c02ecc2f86	584	460	28	14	-
8e7eb9b8-886b-4d5f-8585-d3a83c3bc15d	402	474	54	14	463
82e3f822-8f4f-4bc7-a159-53116cc699d3	402	474	54	14	-
986e0ac0-6904-4e0b-bcdf-94b229edc7b4	402	474	54	14	28
f2fa03f6-4a3e-4c9d-b157-ea49574645ab	402	474	54	14	;
7e1a9b1d-5b23-445e-a0df-aabcdadd8366	458	474	54	14	resigns
17631417-8dba-4d32-af77-6f737b6d57df	514	474	72	14	leadership
5bdfed5f-d51e-4964-963c-62ecc42f60a6	587	474	23	14	be
ed7c60b2-cd05-486a-8658-140c543e8ef5	587	474	23	14	-
65d851c0-de7c-442d-9ce0-80d8844dce90	342	474	42	28	cause
c260a2fe-f805-4044-8bd5-152b313441c5	387	474	14	28	of
23f389e9-113a-419a-90f9-1abe8a8537f2	405	474	73	28	wickedness
f3267a83-85fd-4843-a2c1-ffaed8bd3b01	482	474	17	28	or
ed599730-85d2-4116-b992-42c3d5644a65	503	474	21	28	the
f9c485d3-7f23-4592-ad4c-8a520862b174	527	474	49	28	people
99a39e9d-d152-4686-9660-726a25433512	527	474	49	28	,
03cf3c67-fce1-452c-8cbb-ce59af14cd5f	580	474	30	28	46c
dfabdd1c-4bef-4ab8-ace4-dcacf32322b4	580	474	30	28	-
b382b115-fab1-479d-8ed0-c0b65b74dfaf	344	500	25	12	1
a8833c21-60bd-4833-8c84-5b6f94248cb3	344	500	25	12	;
c7971a56-f1ce-4969-9980-34fedb6fe9b0	371	500	46	12	writes
1bc9442f-932d-45d2-83c9-e58c41c97890	419	500	23	12	for
3af71fe5-d287-4cc6-a698-7e4c1536262a	443	500	47	12	future
18ad6dd0-55f5-4afa-b47b-ac75678013e8	491	500	87	12	generations
cda653f1-96e3-4816-bc78-f7ad4c2d6904	491	500	87	12	,
5bd1903f-ee76-4884-bf82-c97b55a63129	580	500	31	12	465
c5acd12e-6596-4016-90e0-40a83b9c7594	580	500	31	12	-
5d422925-a41e-42d5-9cc3-be64a044dfd0	393	536	43	35	132.5
ba16f01f-00e6-46c8-87a6-fff7defc9fd0	434	526	50	36	nerved
fcc22ccd-7fa4-4966-9654-ff4cc2601f0a	482	517	49	36	rites
7b1c93fa-bac7-4c95-8f82-fc0ffc1252c1	528	524	84	14	abridgment
79d047ef-f52e-4019-9d8a-ab390682a58c	486	536	14	28	a
8b3e4d2c-6147-4dfa-a6e8-d5eb40bf1593	503	536	56	28	hintry
def8d8ed-04b0-4851-88a5-6a1860d55a87	563	536	21	28	or
add5f18b-fad9-45e9-8735-f9272005829c	587	536	25	28	hil
537677df-cff6-4f3d-bdf7-d98085e0365c	502	548	56	16	history
3fec2b9f-f92b-4a82-9a71-d2f7f2596905	452	572	40	16	hides
c45b1f8c-ad37-4c8e-911e-362dc036b0f8	500	574	58	12	records
2244fa09-436d-4f75-a902-494af8bc6315	560	574	16	12	in
c93f1678-5f45-4310-ac26-e7b34a7d6e4a	412	584	44	14	469
34401946-6454-47da-be59-fe69b2893530	412	584	44	14	-
5af5961f-5e9d-44e4-af3f-8a61902a8e78	412	584	44	14	6
ab27fef2-2f82-4c42-98af-6552e542d99a	412	584	44	14	;
8e70cc29-5124-4805-b2ac-5a1085cd7820	457	584	70	14	teachiogs
087ebb24-cdd0-410a-a950-f28e37bec295	529	584	19	14	of
3d7838ab-1442-4936-ac2f-92f12464052c	529	584	19	14	,
b843a7ec-9e2a-449f-a3e3-455961946655	550	584	21	14	on
e61663e5-955d-4f5b-8477-3aa5615e660b	573	584	37	14	faith
e63636b7-d32b-4e91-8817-cfab3cf01164	573	584	37	14	,
185e6318-1ef3-45d5-ac87-05b99c0f46b9	54	602	21	14	34
3f4a53a2-83d1-4b9a-95e1-eab6184f776f	54	602	21	14	,
e5f4fdd6-13e0-4fed-9c85-3241d47425bd	77	602	49	14	282
5bdc41ef-56a0-4ccf-8d9f-cad21206d610	77	602	49	14	-
9ac1bd27-f30c-4a00-b68d-01942e9ffbe6	77	602	49	14	15
7893bb16-57f3-4710-9d2f-2573d1d56fb3	77	602	49	14	.
c42c9de3-6b5c-4be8-93fe-6be4bdf5e50e	174	616	54	16	299
d24f6a70-3bf0-4988-a7fb-afbc4894f6ec	174	616	54	16	-
5f4828d4-95d3-4733-9fa3-517bdb1bcd20	174	616	54	16	22
1cdf0173-5e2f-48cd-935b-8421e8a1d972	174	616	54	16	.
5a3f3aa5-690c-498a-a826-a4754d62fcd2	504	622	58	16	Moroni
ac444559-aa59-47f9-a967-9bf2974627a2	504	622	58	16	,
b1330b9d-692c-4daf-b37e-f8ee768def75	566	622	46	16	518
7962c607-9d5e-4fcb-ae8c-3c90e7eff66b	566	622	46	16	-
e33e2eb2-b319-4f52-925d-0f813bc52373	566	622	46	16	1
000900ad-67a3-44bd-92ef-c9ad5b57af64	566	622	46	16	;
6f354140-dd3c-4212-b38c-108f487095ae	104	642	30	12	see
6eb5af04-3ad8-46b2-aebf-faf2473ff290	136	642	48	12	Christ
8992d368-3033-4d3f-872c-632985f5c5a6	136	642	48	12	,
c0cebe06-bf30-4633-b310-876924467305	344	646	42	14	472
c6287f8c-5281-4e15-bc73-7cc139818680	344	646	42	14	-
170c6028-b1e4-45ba-a970-cee99cfa5af2	344	646	42	14	3
2ce81f21-5a68-4dec-bbcf-63b1db2ad75d	344	646	42	14	.
2c2c1f54-c012-42d4-9ce7-24c57f20537d	162	654	46	29	241.2
7be448db-a889-4b8d-868d-6689954a8339	162	654	46	29	:
3e49598b-9ae7-486c-abf8-ce01710c4b05	211	653	51	29	498
7d883308-cadb-45b2-94be-d18e15d43ed2	211	653	51	29	-
5199bbf9-b889-4a21-a1ff-7dccae6b822b	211	653	51	29	23
57b09605-561d-49ea-8967-3c39de151df0	211	653	51	29	.
5e2b9b18-d758-4b0d-a7fc-0d008ab4c892	330	656	64	34	Moron
469e3c15-71cd-4f09-ae29-e986a347353c	330	656	64	34	,
57749331-4574-4f0d-b10a-503ff1290afe	398	656	30	34	fond
2cdb87e6-585a-40d2-bf3e-31324a3a19ec	432	656	21	34	t
158cb20f-a3dd-41f0-8255-53da1471219c	432	656	21	34	,
4deb5cf4-2f2c-484a-abe5-54c804d219eb	458	656	63	34	20570
72f07e38-c659-4879-b884-38019481f710	458	656	63	34	-
8b67bd63-06af-44b9-84c3-5108007aeaa6	458	656	63	34	30
0b406f70-5e61-4a34-a457-4567a03510ff	458	656	63	34	.
962a134d-de79-412d-b5bb-ddc17bc3ec00	82	688	28	16	and
e4b2da30-d7c0-443b-a1a0-68e2604c4da1	112	688	48	16	honey
01de1eee-0678-454a-b38f-e60551f0fef8	112	688	48	16	,
0e86f2fe-f4fe-498f-9f18-19db672aa60b	162	688	44	16	94
71645027-c6a5-4850-96cb-918888d2f5db	162	688	44	16	-
0c400122-f214-4ab6-81e3-140870f26ece	162	688	44	16	25
c4819ea2-f0f9-4117-adf2-9f04ccc9bf8b	162	688	44	16	;
088e9c2e-5192-46ff-a465-b56e0ca75ef2	208	688	36	16	wine
c3b3c169-0b99-4e80-b0bd-aae929620d99	246	688	30	16	and
7955cb2d-1e69-4941-8d0a-ccceac250b63	246	688	30	16	,
6b7177a1-1972-4d49-88a4-5a824b36fb27	278	688	52	16	70
a47592e0-617c-4abb-a116-73cf6159df31	278	688	52	16	-
a236507b-bdcd-446a-b653-948bd7fa1527	278	688	52	16	50.1
ca20c6f3-1995-4a9a-b51c-a0feca23ad4f	332	688	64	16	Mormon
decb77fc-d49f-4912-9c95-cff26c571f4c	332	688	64	16	,
d45f4556-c59e-4654-95de-e96a08273f83	398	688	50	16	waters
3ed9d2e6-e299-48e2-9c0d-b9a1db6782dd	450	688	20	16	of
b38b14cd-2452-4489-a68a-87e7e8f0f3cc	450	688	20	16	,
fda1594b-56fa-4082-a33d-f011b50a5081	472	688	42	16	163
b0a54a3e-41a9-4229-ac54-89b145d2e8f6	472	688	42	16	-
c37193e2-7f5e-49b7-9cd7-6090736b7470	472	688	42	16	3
c6c22a6c-83ca-440d-bbeb-dfb60731fa86	472	688	42	16	,
94b0300e-6bf7-48c6-88bf-c2b3d8caa9d9	516	688	50	16	183
702814cb-e636-4c05-9336-1a4d34093dd5	516	688	50	16	-
8e234f53-0ddb-44e7-ba64-d621c9e0e05c	516	688	50	16	18
c628fde4-e26b-41cc-b3dc-c5f3a638f893	516	688	50	16	,
bec5ef99-9d86-4074-acbc-db73f9c05726	568	688	42	16	205
604479ff-6005-4d55-8579-bda05ca70d64	568	688	42	16	-
142802bf-0da3-4022-a7fe-3617f050495d	568	688	42	16	3
6ef3982c-c01d-4a0b-b6e6-736219274ceb	568	688	42	16	.
e7ea4435-199b-47d5-922d-1139479b99ba	116	702	51	15	twelve
0a401064-faf3-4b19-a593-d2f29f566e12	168	702	22	14	to
e7da0b0d-4f64-42f8-8de5-4b9987ff5603	44	702	45	28	Main
f18dcbac-689f-4165-b0f6-4a73bca215ec	44	702	45	28	,
75957ebc-aaeb-4e3c-84ea-f8b757f3cbe2	93	702	31	28	and
bc4fe7ce-f23a-4c82-99dd-bd5d0920bce2	128	702	21	28	we
ab16bc11-3954-4176-b12c-77f85a581489	128	702	21	28	,
5b58297a-10c8-4ced-ae37-eaa32ccde58a	152	702	35	28	1992
dbee5190-d015-41fe-a543-0251beae334c	191	702	45	28	judge
18ade136-6b24-4419-b28e-8f7bdb565ee1	191	702	45	28	,
afb92b62-07d0-431b-ad5c-31dc04b898fe	240	702	42	28	21
c7531b75-3312-4813-a90f-9786dd2fde44	240	702	42	28	-
d8b67f7f-508f-490b-a54e-907c28d9ab89	240	702	42	28	10
21a000e2-5be6-4812-949a-38b7fc46ef8c	240	702	42	28	.
cfc854aa-bed7-4bb3-96c8-40c65746912c	52	752	49	28	Nepht
0fcc6a84-114a-43aa-8112-c39b6668a22a	52	752	49	28	,
a7dd87b5-26c9-4cf0-9beb-544cc0c24d0d	104	752	7	28	a
0d6c8ce4-5b8c-4cb9-befb-2de3486db0cf	115	752	14	28	00
d566b6c9-fec4-4fe5-9c97-1e9580901d95	132	752	17	28	of
8a2cb15c-1ff4-4c9d-9551-bbb648e0f011	153	752	67	28	Helaman
354138d7-e344-4d4a-ae1e-24f70b633ad9	153	752	67	28	,
65c40f09-a347-4a72-a409-2b569b123db2	284	752	38	14	98
3940e91a-354a-428d-8442-7c9f5e646cbd	284	752	38	14	-
65e9921d-6a61-42bb-a5f5-566533208919	284	752	38	14	6
7b521ca9-bbbf-4db7-9507-dc47d16d27c7	284	752	38	14	;
1aafa68f-f4a9-4806-aed9-48fdef654487	54	764	50	14	Nephi
bb1f37c8-999c-46fe-9846-71747df1118a	54	764	50	14	,
fe986021-bf9a-4cab-b09a-c6677d48d12b	224	764	50	16	works
d4eedba1-9083-48f6-8d00-e38701f4df6a	224	764	50	16	,
11142e2f-d9f6-457d-b318-21f96664276a	276	764	46	16	397
2cf3fa69-1da2-4e08-9570-15ab5d24b1d0	276	764	46	16	-
17b4fda0-7f20-4163-b7a6-f7cca30cb805	276	764	46	16	4
5c2c327d-c7af-4583-8dcb-3aac4aacf01d	276	764	46	16	;
71772e1a-75b2-4442-8ad2-a89bc01cc019	84	802	26	14	all
3d2bbb71-8732-4d88-ab02-3f44f2ec9367	112	802	56	14	manner
84910706-e3c1-4ec4-b33f-1c63477d774f	202	802	68	14	wrought
a0713f1c-8acb-496b-998c-d50b2b0b2f1e	166	802	30	24	God
8a3c142c-0267-462b-a65f-14f8ecb4e936	199	802	54	24	arouot
67ca6f60-c946-471e-bd40-668967f0f44f	256	802	45	24	teased
b9542b3f-ada4-433f-bf49-44dea681a5ae	304	802	18	24	to
d0d90656-48a2-4fcb-9e41-3d835088da94	184	826	28	16	day
2a0555e1-144c-4826-b2d9-64065a57973d	214	826	20	16	of
df8e041e-d960-4625-9288-8aef6c876aa0	214	826	20	16	,
e2746126-d8f2-45d6-8efc-16f49cdc73b6	236	826	48	16	514
2d6e06da-2c58-408a-8643-4104292cb836	236	826	48	16	-
c85c3f96-571f-4e8c-b00f-aecdf43a1b73	236	826	48	16	27
83f051f5-9d70-4e01-b787-eda7882fa673	236	826	48	16	,
1ec4a098-ea0e-42dc-9f39-3835233a1126	286	826	24	16	35
09cd475f-f72c-4150-bc95-426393c2543f	286	826	24	16	.
f7a80680-3430-4c80-8be9-afbca802db75	42	864	55	26	1516
6a8e8149-20b5-4a4b-963b-5d72cbf233d5	42	864	55	26	-
6838ed38-4c13-4a01-959c-6190f5239325	42	864	55	26	9
dfc1c77a-e841-45eb-b37e-cf9fdfbba13c	42	864	55	26	,
86c94b49-320a-4b99-91b4-7f406b3ec652	100	864	46	26	317
de9d9282-7ec5-445e-a8d6-3882b9582b66	100	864	46	26	-
80602a7a-6074-43a4-8d05-198e0d5d4f9e	100	864	46	26	03
c56e0c8d-fd59-4df7-8bba-11b6f92ddf4a	52	876	46	18	516
809cb499-de90-428d-ac69-f2bac76c2c29	52	876	46	18	-
7944c50a-d059-4670-b83e-3d033340ebb1	52	876	46	18	9
1e1e8296-186d-4720-a848-7366aeba9a5a	52	876	46	18	,
f9aac6cd-af55-4120-bcb0-f2d0322d89cd	114	866	62	10	baptism
4cb5f8fe-f02d-4e4b-a105-2076a2d0ed72	176	864	21	12	of
4a502a2e-578a-465e-82d4-0778e3a219f0	198	864	42	12	little
3ae70e0e-a8e8-4d3a-9778-ea0e6e4e7bc7	242	864	62	12	children
3eba1621-8c48-49c8-aae7-d1c6a5c8ccbe	305	864	13	12	a
1b6ad6bb-562d-4d57-9d55-92fbac0cb395	305	864	13	12	,
e1b39957-725a-4e7b-ba58-eac3da464980	38	888	60	20	Mocum
4d229dd8-2341-4b3d-ac95-14a5fd65821f	38	888	60	20	,
41004c04-d52a-4076-ba84-943096a22784	101	888	30	20	city
afe22a8d-1f90-4b7c-9002-bedbb7c2cdb4	133	888	20	20	of
fc240f1f-b5cb-474b-b78f-bc2396479fa9	133	888	20	20	,
dc4866a7-12c5-4b70-ab1f-d9cc3c259d83	156	888	73	20	destroyed
9a710050-760b-4541-be0f-b01d1cd59249	156	888	73	20	,
a7bc8163-4887-4de4-8f7c-035adf80bd3e	231	888	45	20	417
15f80648-f3cd-4c93-ae23-c24fc0fac038	231	888	45	20	-
ea97771e-f9fb-4770-bab6-f64d271a0d3b	231	888	45	20	7
64b81e09-7cf7-47d3-a8f8-0575bd4693f4	231	888	45	20	.
9c2f0cfc-f81a-4324-876e-42a6a180ce8e	330	725	62	17	Moroni
70104b0f-4963-4338-948a-7ccc343fcfd5	330	725	62	17	,
52d39472-8b36-4618-a6c7-66ca2ff9c863	396	726	64	16	Nephite
7668be1d-87f1-4e26-941a-f43b79bdf645	560	728	52	14	302
22d0d03d-c18f-448c-ab55-a9620b1de692	560	728	52	14	-
4dd2c490-b623-46b3-bab0-e160b58eab9a	560	728	52	14	16
6c763bbf-1766-4dd1-890b-1813ec9b724b	560	728	52	14	;
40ce3a63-eb0a-44b5-9221-893c3d4cf1f6	346	740	75	12	equipment
1cff2a0c-9fda-47e4-b568-1cf35486fd99	423	740	19	12	of
27544465-1391-457e-85df-ce26da889c37	444	740	43	12	army
3bfe4bf6-76de-4490-8552-548a03fde4c5	489	740	17	12	of
0bccc2ce-50f4-4d2d-9655-9604212c2dcb	489	740	17	12	,
45ea43bc-eb22-4b9e-9a42-bd698b633fce	346	750	34	16	spies
bf8f1ce0-0c1b-46d5-aa65-c351768f02ba	382	750	32	16	into
129b0711-dee4-45e0-9c92-4bd10a16f452	416	750	78	16	wilderness
9e544081-7ed3-4e20-b105-1924904f0005	416	750	78	16	,
b90ddb7b-7690-44f6-81e5-bc12d17a0e28	496	750	52	16	302
370c201b-156f-4efa-bc67-3aa1d553ca54	496	750	52	16	-
fea7db9f-1546-4f8d-848e-f35df3fbb3bf	496	750	52	16	23
c3f036f0-8ef2-4c44-861a-1e008ad5206f	496	750	52	16	;
55b3ca0f-97a5-4f6b-ab52-2e005f860502	550	750	60	16	marches
dbbb6877-5c63-44e2-b9a0-436e883e6029	556	766	21	15	01
00bc68df-4687-429f-840f-a25a337f58b8	556	766	21	15	,
7c0552a0-acf4-4d41-8e72-d6528f9cdbe4	579	765	34	15	303
9c1f49f4-6436-43a2-bf8a-536e25395f85	579	765	34	15	-
bc6e5d18-2f4d-4c2a-a3fb-a67533e89eda	340	764	22	30	in
8452c4e9-ca70-4507-bb83-f05bc57ce08a	340	764	22	30	;
076493cb-812b-4ed5-9e97-64c65132d40a	366	764	49	30	defeat
de96f47f-a677-4242-b748-6455806a2da9	419	764	75	30	annies
355846ad-1f51-4298-9a8d-8626eb0e97a1	419	764	75	30	,
d8ff8cb8-93e3-4c36-9aa3-76ac7f3504fd	497	764	22	30	so
2b44fd29-685c-4c60-ad8a-db3e7a25ac04	524	764	88	30	mand
9a0eb799-adca-447b-a5a0-00d8e623e355	342	790	28	28	sue
79126350-d594-4192-8efb-129441197ac2	373	790	63	28	condict
55c25f6e-74c7-469f-9584-3cd361d02c1f	373	790	63	28	,
60d5232b-9854-491a-a22b-c7711e532b75	440	790	56	28	507
25b05746-f5a0-4d14-a18d-797f2c674e25	440	790	56	28	-
fd4e8102-b9bf-4303-a3b5-721e8d7438f5	440	790	56	28	20
1c4d29cc-5efb-44cd-8612-89d4b2b9f287	499	790	49	28	30130
a493013f-957d-4e5b-b24a-e70bff5f7319	552	790	24	28	t
341a3a00-ff22-417a-85ce-c353df15af85	378	802	56	12	conflict
1677a23d-1763-43d6-ba28-17d698f89bba	378	802	56	12	,
ea54558c-6088-4f07-bece-c7b8e293c51e	444	802	54	14	307
6c3599db-a460-44eb-b1eb-3927f3d032f0	444	802	54	14	-
5f015ca8-2f37-4be9-8b7c-fd3924c41238	444	802	54	14	20
88702d29-5069-434a-b7ce-53eed00943c3	444	802	54	14	;
a02d8dca-80ee-4f97-ad2c-5b7e11cd7c33	554	802	34	13	title
07ca0816-f0ba-4fb0-b37a-6bd0534beaba	592	802	20	16	of
12c8bb58-7a4f-42c5-b5da-7dc8a409e939	344	814	54	16	liberty
5e8daed9-0689-44c6-a929-dbd8d952624a	344	814	54	16	,
f775a22b-7183-4814-bc8d-f93d202bcd07	400	814	54	16	310
d8c2cebb-af9e-4189-a0be-d1bf76dfe24d	400	814	54	16	-
4607ca1a-b222-41f2-8120-0a3a3368c9cd	400	814	54	16	13
2aa999c7-2aa1-42b3-ac5b-a9d1cc97be36	400	814	54	16	;
181be592-9bfd-423e-869d-cc011bce5d11	456	814	56	16	gathers
5f94eb94-1b5f-4942-af04-5c49e6d46bee	514	814	48	16	army
500bfd26-4be5-41a4-850c-0470491cdfcc	514	814	48	16	,
5956eba7-3ec0-49f2-85cf-f919ead781f9	558	814	54	18	311
88a2b3bc-7623-4d15-9605-a84eefd25ae2	558	814	54	18	-
eaded41f-9921-40a5-a3d8-79da2958da13	558	814	54	18	21
5ae25515-426c-4bca-ab4f-e96bace19510	558	814	54	18	,
20344ce1-fdd6-407b-ac5f-4751cb87817e	346	828	22	12	28
abd4d5cb-1745-4c7d-b780-979e4b9dd6b7	346	828	22	12	;
91f4d874-c2c1-40bc-9ec1-4127a4231d04	370	828	33	12	cuts
3f83f2f3-ef4d-493e-b232-00cd26689cb0	405	828	21	12	off
98b6f14c-90dc-49b8-ae23-5985aec8c668	427	828	50	12	armies
b0c9a5a2-fb9e-48c7-8179-626276be6759	478	828	16	12	of
ac4f87b7-c8c3-4a09-84d1-f669e2a31227	496	828	82	12	Amalickiah
29736b4c-fea9-4adb-96ea-efbf68c3d372	496	828	82	12	,
9b5ceac6-063f-4b04-8299-e99ad1b8f069	580	828	30	12	312
7054b25d-c11b-4f82-92cd-cbb10166cdf5	580	828	30	12	-
18ad3c81-32c9-46bf-9a1f-ef8769ad9248	343	831	23	24	32
fe8d2df4-393a-4cfa-bf70-d6d7035f9502	343	831	23	23	;
8cdbbfb6-e43c-477b-b7a0-57fdf021fc1e	368	832	81	26	establishes
8e05eb45-dcad-4dee-b803-16757bd9b8e4	450	836	51	24	liberty
4938946c-0670-4c63-93f4-cb37b49afda0	503	839	26	23	and
4b5c8566-ddb1-4303-b67d-10a1bc27a72b	530	840	83	27	peace
34e2b133-35ee-43f7-bedb-01c5073380bb	530	840	83	27	;
6e9be951-bf12-4e43-a35b-b2d977f154c9	530	840	83	27	16.8
4297a4f4-bd9f-4162-8619-df5624f593bb	530	840	83	27	;
e04606fd-1648-4be2-9adb-269ea5dfee61	380	852	84	14	strengthens
e81bbfa3-2d51-4ad4-afb7-c7b24ab19110	506	854	54	13	armies
2dfe2972-01f2-4126-8241-c2e2cc22bf6c	506	854	54	13	,
a85f2bb0-386b-4b1c-a74f-68eb6b28e88d	344	864	70	12	character
9370dad9-c69f-4d74-bba5-e0f74439955d	440	864	62	14	316
0b565068-3cc6-476f-9ae4-f23315770cfd	440	864	62	14	-
0238518d-bf6e-43d2-a746-e1ce5a383c42	440	864	62	14	11
3513fe4e-ef02-4fe3-8fff-caf8b4868611	440	864	62	14	;
3157e503-a2ca-4060-b2e3-df39c70e43c4	342	876	46	16	318
06308cbc-8daf-4f12-9e5b-6a6b45cfc2f3	342	876	46	16	-
cd82e1b0-0949-4292-8716-3ce1a0cc7d9a	342	876	46	16	8
b26935e8-d526-4944-9ec2-185924c081e8	342	876	46	16	;
c101c8d4-4493-4b8f-bf92-ebd141ade922	558	864	56	28	320.27
0abbc3b3-02cf-46b4-83ca-6e7b15aaf1f8	558	864	56	28	;
