ID	X	Y	Width	Height	Text
bf851186-aff6-4021-8de3-dc744e8af406	85	107	76	38	546
3caefdf3-e785-40a5-8514-f00af2828e8c	662	107	145	35	INDEX
c6d1a7ac-6e64-4c21-adf1-64351ba89e22	110	170	41	67	in
30b6e26c-efe3-4ba4-a47d-106ab64fb4f9	160	170	67	67	Chri
3a0c7973-a53a-4e42-aeb5-a6f2afcc8557	236	170	151	67	spritsi
f0a2e3e1-108b-48dd-b3c3-e0f169d7db6f	236	170	151	67	,
163310fc-951d-4ca5-b137-4a33dfb2e52b	395	170	117	67	murder
f8838c16-0f79-468b-93ff-b4a4f4b52c72	520	170	142	67	punished
5f01802a-22a7-4459-a266-d6fb5b554d19	671	170	77	67	by
6b318cbf-a0ce-4bf9-90bc-49a022378692	671	170	77	67	,
45e41b32-e6c2-48c1-8e5d-5495dd7f25de	85	231	129	56	Debtors
83573ff3-a971-4ddf-adec-7e5aa3ce4b5c	85	231	129	56	,
a47a014a-4789-4170-9231-5130cae86920	220	232	169	56	manites
f5ea69e5-7af1-4dfb-84c4-203f9a204e75	395	235	68	55	out
659b8c3c-1b73-44cd-b4e0-98233987c620	469	236	48	55	of
b15f732e-2230-4daf-ada2-10b996523d5d	523	236	206	57	strongholds
553ef86a-d425-42ea-b3d7-48ba79de08f9	523	236	206	57	,
4abb8eaa-5174-42a5-9afe-c9023b16c963	85	262	121	57	Decoys
db7d24d3-831a-4fe8-96f5-cc0583ad4c12	213	262	171	57	imbility
4f2db0f9-c700-4f40-962e-725b746ff3e6	391	262	50	57	0
371b3417-9087-4968-85c7-f267a030bc92	391	262	50	57	.
d8c50633-0eb6-4a1e-a18e-83a1dffbd735	448	262	88	57	3711
6dc28fa2-967f-4071-abc0-c759fc5e3722	88	316	116	32	Decree
b4f5992b-a6c9-4449-9919-065ad925ecf4	88	316	116	32	,
bf54fd51-ecd4-4117-bf6c-f56c175f6d2d	208	316	167	31	protecting
de0d7d09-174c-4965-a6c0-c2e4d235a0db	379	316	78	31	sons
db57f52a-10bc-43bc-8bf3-9c77539259ee	460	316	35	31	of
4811dfd1-f2b4-43ca-926b-f5a4d1c3af3c	499	316	128	31	Mosiah
40580234-0b82-4acf-b042-51e6ea852277	499	316	128	31	,
43044ea9-baf4-48e8-a6ff-7da78830a8a7	631	316	95	32	255
6cc860ee-3995-46f2-b88c-e8f7ceea66ba	631	316	95	32	-
e8d3a00b-7f81-40d1-8221-6152ed2f7851	631	316	95	32	2
a2ae0261-e4dd-44a7-a885-32d61b2c22b7	631	316	95	32	.
0e1bf73f-0be5-4908-994c-46db57d6eb60	779	174	43	38	of
da65a664-7677-44cc-860d-71a53f2c3faf	827	174	105	38	secret
0a2c3c77-a59d-465a-8328-d46e2c60c451	936	174	228	38	combinations
ed33b177-bf5a-4513-a42c-01920b6d714a	936	174	228	38	,
349a2cb2-b219-45aa-9ffc-8e1a94199d49	1169	174	105	38	94
0606d7c9-b4d2-4e73-97d3-d17d655f0fa4	1169	174	105	38	-
91af5ad5-1653-4891-993d-0388f80ef8c9	1169	174	105	38	22
ff87b419-5749-4152-b7b2-3a62317c5e02	1169	174	105	38	,
0c8e691c-f8ac-4c13-9d41-4e308019a0cc	1278	174	117	38	374
73cf318e-1c0e-471c-badf-e7dbbbfea467	1278	174	117	38	-
cb0ceb60-d0fc-471b-bcdb-1dade55262de	1278	174	117	38	26
c89c6b70-86a2-45e3-be4e-05989c25774b	1278	174	117	38	;
15287dd3-1846-443b-82a1-dc54090df0e6	782	202	40	32	to
203c7381-86ba-4031-8656-fa9e98fa2c1b	826	202	44	32	be
6aab2355-11c5-4e44-acbf-a710bcf928d0	874	202	100	32	shorn
12ba45d6-ecec-405d-90b7-3d999fcc5f43	978	202	36	32	of
11613610-6a03-438b-bcd6-a3f8581affcb	1018	202	112	32	power
ec423556-4814-4ded-9d0c-329749293dab	1018	202	112	32	,
bb527336-2dc7-49ea-a058-4fdf5df1fda0	1134	202	106	32	103
c40a6b47-2cf4-4a55-8fd5-1383e1a8f899	1134	202	106	32	-
7ddeb352-aba1-4b36-9bc1-2b29733159ef	1134	202	106	32	18
b7885dd9-8fe1-43b1-ba20-8d4cfeb2d0d8	781	223	135	70	Sherem
234c5345-58a8-4e3a-a60a-18a1b15fbeca	781	223	135	70	,
af9104ba-747d-4d17-bbf4-505ac91e7405	920	217	119	68	194
4d604c02-7984-47a6-ab85-ed74aea60a33	920	217	119	68	-
89ee5ad2-a818-4c99-9174-723c016fc5e8	920	217	119	68	18
663977a2-4c51-41be-88d2-9523f0a79040	920	217	119	68	;
262dc800-f094-444e-a21f-72ffe6650d4b	1044	213	73	66	cvil
5d09d6d8-539a-4a88-9441-6d983f6b824b	1122	207	96	67	comes
6ea7cc9a-1bdf-4b50-beec-4093f3d246b0	1222	198	175	72	frocie
4b0cff9c-8a30-4e51-97ca-986dfca44eeb	1222	198	175	71	!
fec41446-dbdb-4a1d-a6dd-b13194fd7633	782	256	49	66	i
2587ce5d-8e3c-4894-97fb-8c225a6544c3	782	256	49	66	:
1dbfc47e-a478-4945-bda0-63779614fdfd	840	256	182	66	captivation
f84477da-2fee-41fb-b41a-1e3dfbeecda0	1030	256	41	66	o
5306136f-43ba-454b-a88e-90934599694d	1079	256	116	66	2a5
36e184f8-ff1d-4941-88b0-9ba093373ce2	1079	256	116	66	,
9c0db9a2-a8be-4f72-8616-d680197d5f66	1203	256	41	66	of
e5541405-15e5-4f1f-9e17-604159f283f8	1252	256	145	66	sto
00f2b9a4-1915-4dd0-a552-32580b2c67f4	785	315	133	35	Korthor
a665c23c-97db-4973-b949-b4ef1c6e31bb	785	315	133	35	,
5677c54b-453c-48f8-a01d-635bad7c364d	934	315	108	30	273
fd859690-ce4f-46fd-8902-e73d34f434c6	934	315	108	30	-
fd713d57-d315-443f-9898-df3b2435482b	934	315	108	30	53
45b44441-9b8d-4ccf-96c9-6f03571dcd38	1063	319	105	28	takes
41359e77-a1dd-4dbf-8435-b354e87d6311	1171	319	185	28	possession
59e139e0-2dac-40c9-b66d-d6aa45b887a6	1360	319	34	28	ot
7aaf632c-f047-4a86-ab5e-9a5fe36ddea5	782	328	114	51	wicked
e7325517-6e30-46c2-966a-3f55ca3fb00d	782	328	114	51	,
71b969d7-5fed-4321-af50-1b11f8dec3dc	903	328	115	51	205
a0fb1a62-6cfe-4b23-877f-1f49430b8c27	903	328	115	51	-
0e0cc43d-a052-4645-8790-bd12b5bfbfce	903	328	115	51	13
d041e8a8-2aef-4e57-bcba-56eb1d8b025f	903	328	115	51	;
28f5ed54-5323-4601-ac23-36249f71839e	1024	328	153	51	destroyer
13b1931c-f542-4c0c-932c-3b9d8b85ab82	1184	328	38	51	of
03ed0960-06ab-496b-acbe-444301d5c775	1228	328	96	51	souls
38e5ede6-3021-49f5-a302-f4696191f916	1228	328	96	51	,
2cb5b22c-a2f5-4155-b234-2f0b58401108	1330	328	52	51	331
35887f49-7016-4fa1-97b1-707930b3c190	786	372	49	28	28
7ede3f39-f453-4e82-b262-1a6b79e53805	786	372	49	28	;
f31a4b0d-9b06-4357-b434-a455e49ad6d6	838	373	49	28	an
a4eb6a11-45f2-4676-884a-c9a701713d71	891	373	112	28	enemy
244c8873-ed6d-450a-8499-677bc50135e2	1006	373	38	28	of
b8c2e6d3-6c2a-42ed-8439-d30f91e727ff	1048	373	77	28	God
7eb7c213-e740-44db-a48d-64b1aa712585	1048	373	77	28	,
c79bcaa6-6ea9-4d49-a5f8-b2cc6f7704af	1129	372	117	28	513
9dd465b5-a600-4e59-850d-462fc5e4b9f5	1129	372	117	28	-
dab461da-b95b-4fed-88a3-90987c67ea1d	1129	372	117	28	12
227e9433-8fd1-42f7-81f5-9a1474c79484	1129	372	117	28	.
88eb9e4b-508b-4873-b926-96282e71c90b	114	401	77	28	land
4566f841-4eec-4e7c-9cbc-e20758d4026a	194	401	42	28	of
6d251c29-a1b3-4d5f-8284-64613514b849	240	401	143	28	promise
bfcfc947-f9a0-4680-9831-93a7f2ec7abb	240	401	143	28	,
22cca466-cf1d-4c41-a4d7-a3f7fe930381	387	401	108	28	481
47c68aa9-250b-48b0-9994-16d04497365c	387	401	108	28	-
157b6e62-9f5e-47bb-94f8-fc4e367bc48a	387	401	108	28	9
dad8760f-4f0a-47de-87f5-30884d9e760c	387	401	108	28	.
f24f37d4-d305-4dab-849d-ec0cc1956714	499	401	53	28	11
4cefad81-787a-440b-a92c-82df7807dd6e	499	401	53	28	.
89ed2cd6-3a25-4066-a892-2a26706d903f	753	397	85	63	Devil
d94b33d5-6889-4b5b-92be-1bb0446869d6	845	399	69	62	slo
ef538aab-6478-4ef5-a91a-f93d55bcdb5a	921	400	39	62	be
7a2c4f15-fd74-40a0-809a-c278f4231401	967	400	77	62	cast
be226790-f57b-4e13-b87a-e2d02d088ca5	1051	402	77	62	out
d3439243-9e88-40e0-8008-af83d99d466e	1051	402	77	62	,
94d5e590-8a33-4542-99e5-e182cde9875c	1134	403	100	62	140
1d0d10e2-ef45-4be8-889a-287b04f10c1a	1134	403	100	62	-
8da7db25-ae28-453e-b181-466ee096bcf7	1134	403	100	62	6
d5d8f343-758c-41dc-9e54-1eed34f514d3	1134	403	100	62	;
e721db18-24eb-452d-b0ff-607ecae726d2	1241	404	77	62	east
dbea56ce-635b-4cec-a5bc-3265b32c5f2f	1325	405	73	63	Ult
38e8911f-8e45-4701-a70f-dfbcfb9e944b	1325	405	73	63	.
e6629ac1-25e2-47cd-a81b-846b5720eb27	754	454	153	38	Dilemma
8b79f648-ada6-43f4-ad60-046b977a12f2	754	454	153	38	,
240f48e2-0134-4070-bab9-921c865bd6db	911	455	56	37	the
abd33760-b908-4a54-a837-ed7ea34f09a5	971	455	106	37	awful
be764e28-162e-4275-a9c7-3954f9f6e7a2	971	455	106	37	,
4190eff7-74d2-4823-a394-48c91f03562a	1082	455	37	37	of
6fc6e263-46a4-45d9-be24-a00ea4991687	1124	455	93	37	guilt
9c4c454f-6784-42c5-81fd-f1c2d512ddb4	1124	455	93	37	,
4104a153-be25-4968-8539-44bb1679ba44	1221	455	97	37	211
602bd3c4-278a-45c9-ae83-12923001829a	1221	455	97	37	-
e4781337-5557-4352-a7c7-5585e45dcc75	1221	455	97	37	3
326d35e6-b317-44be-98b7-11084eda3342	1221	455	97	37	,
d6aaed5c-a610-491f-8e4d-a828f6156590	1323	454	71	38	212
24864644-ce5b-4626-87c0-861cb6a33f9c	1323	454	71	38	-
caaf2e0d-bea8-49e7-8085-72b9670ea6ae	114	486	112	32	287
b8f40899-d8b3-4ea6-9372-eb82f93168c6	114	486	112	32	-
86c172a6-8f79-4c60-b007-912ae63a0201	114	486	112	32	15
bbd87395-8545-4cd2-a957-9b75349bf508	114	486	112	32	,
96ea9e90-577f-48ef-b9cc-5fddcc093f7f	230	486	124	32	300
cd940ded-5eaf-4935-a89d-50ace436416a	230	486	124	32	-
3950a7c6-be95-4fab-90b2-79ae7effb703	230	486	124	32	27
3b922dc3-caec-44ba-9605-8e0342774298	230	486	124	32	:
c5023ce4-1fbc-4017-a120-1ad3745cb742	358	486	76	32	evil
0e6a16fc-93f6-49c5-9b91-b6df95502e98	358	486	76	32	,
f87e6072-eb07-48d6-95a6-955a8d254ddc	438	486	114	32	391
e2a0662a-4cdf-44ac-aed5-f2d3392f05e0	438	486	114	32	-
3b1482f9-4d1e-43cb-ae5f-84c96d72dca8	438	486	114	32	26
0a471f05-2c61-4763-834e-2e273a146945	438	486	114	32	.
a16213ee-f67c-41e1-9678-13a2351fe2af	88	508	145	35	Defiance
5ab45f45-3f49-4883-8449-3b090ed6ce60	88	508	145	35	,
52564ce3-b40c-43da-8eb5-39d810b47465	237	509	47	34	to
f37debb4-0adc-402f-9316-bb169d352fa1	288	509	179	35	commands
26a2b31c-f3e2-49eb-a8dc-2e517376b1bd	471	511	47	34	of
394c4cf7-8484-4a46-87c7-1703a4d9d659	522	511	81	35	God
cb3d75d9-9f6f-4de9-ba43-eff14e57cfd1	522	511	81	35	,
1615ec3e-96ec-428d-be18-e8d7ec6c74f0	607	512	122	35	206
292a042b-ca87-4c3b-86c4-d43dc0210f02	607	512	122	35	-
e0f4c50e-8f9c-4ef0-aa66-023dec4f2a1d	607	512	122	35	18
7edf7cca-7503-4e39-b231-ec3a8b50820e	607	512	122	35	;
fd2ea47e-24da-40c6-b637-ad2b2ad24981	729	514	183	35	Diligence
d01bddeb-5e49-40e9-9c60-29093f280566	729	514	183	35	,
e0bddedb-35d4-47cd-a293-0ce6786beb81	916	515	81	34	wins
21253a92-a14b-433e-9333-8163427d2ac7	1001	515	93	34	prize
9376680b-cc90-432d-bb5e-5c82089b89cb	1001	515	93	34	,
d8173514-3e65-4ed6-9d29-70eb6c6fb562	1099	515	123	34	144
6b8c3c11-a127-453f-b2c2-7a75bfd7b776	1099	515	123	34	-
2dd0191d-9c40-4425-9749-cc507955bc76	1099	515	123	34	27
2b7a7b4d-1d33-42e7-b9f0-621f18d67954	1099	515	123	34	;
7b77acc6-6efb-4a64-8f6b-656755ae634c	1226	515	38	34	in
1d735961-54c8-4e91-bb09-d0f5a39e34f1	1269	514	126	35	keeping
56b96a47-1503-4d78-bed5-d0b269bdd0f5	110	546	46	25	to
8140c111-8ee3-4e2f-9c09-911da2362635	160	546	77	25	law
81db96f7-87db-4654-b6de-2edb9161b3ca	160	546	77	25	,
ad2a33ea-864f-4dfe-856c-39fa9ab4d284	233	542	123	29	413
e105e4ba-7824-4b40-a5f1-d9e5984ea543	233	542	123	29	-
d376ef7a-f5ca-4ce7-a43d-be9bba70edf6	233	542	123	29	30
f020554d-d3a3-4ea2-a8ab-4768d5845a01	233	542	123	29	.
017a1a46-0589-4bcb-bdbc-ab26bf29b6a3	779	536	257	42	commandments
8a7f8139-a254-4774-a340-52dd7b459b92	779	536	257	42	,
8a578ecf-58be-469f-8042-df9b77955372	1047	542	108	29	213
2127899e-69fc-46bc-a0f3-c75c7a4a9647	1047	542	108	29	-
e948d02e-f968-43ba-bfa9-feec779fc906	1047	542	108	29	23
9ad7294a-5a2e-480f-b113-22e6773d662c	88	568	118	35	Degree
b17e638c-5cf6-4c00-b387-a02b95b7fa97	88	568	118	35	,
c0b2359d-fa18-4717-b144-a6bb25bb75c9	211	568	35	35	of
84b3ae63-b3ee-4296-8def-0c23f7136b24	250	568	171	35	allowance
c65938e6-8945-4606-b93d-533e0de55c23	250	568	171	35	,
1e97c441-7d94-4ee4-bd76-04f2357d3e9d	425	568	83	35	none
6228591b-351d-458f-b418-42298b2c2c61	512	568	79	35	with
201c86e2-a1c0-426b-b025-ae1f33e91ba7	596	568	74	35	God
ef94d647-e4fe-42f8-adac-048df793dc45	596	568	74	35	,
6cd34a2a-7950-4522-980e-be9e505efd16	674	568	51	35	for
ad4a649e-10eb-466e-a663-1255ef347142	114	606	69	22	sil
22351fc1-91a9-4dad-b128-27b75816452a	114	606	69	22	,
dcf6f000-10e3-4cc4-80f8-88f724cd4a19	757	571	144	35	Dimmed
2d8d8dcb-5dea-4a65-ba8f-66fc92da1e39	757	571	144	35	,
455e8e5a-1c05-4844-a37d-813da62f9888	906	571	105	35	plates
cf648f02-f6f8-4da1-a701-cc3635bf04b9	1015	571	61	35	not
3ff1d51f-778f-4b8f-b83c-cf7788bf7727	1081	571	44	35	to
67dac138-0331-4649-9567-433e386d8d9b	1129	571	57	35	be
4d0eaf4c-8979-46fa-9f95-a4dcb59d8f8b	1129	571	57	35	,
187736ce-cd23-4e01-8380-d019ed0db622	1190	571	53	35	by
b0a93c5f-2348-4f49-85ae-bda24b47371d	1247	571	92	35	time
24b03d53-b7c5-40d4-859f-63ee70a9b405	1247	571	92	35	,
f66eff01-e280-4c26-9d83-4f5d98f2bdc9	1343	571	51	35	10
fe9b27c8-6197-47c4-b9f3-6f72e9665b40	1343	571	51	35	-
9d092cf8-909f-4e84-9107-9c60f0465add	179	601	117	29	308
b38037a5-f186-4884-bc4d-1382770f649e	179	601	117	29	-
b7b2c6a8-6def-49d8-98b2-21081b612b71	179	601	117	29	16
2336d9fd-355f-4401-b94d-85494c73fd1b	179	601	117	29	.
b9172498-fec3-44da-a147-984df0c85973	782	603	52	22	19
263ca67d-f45c-4a65-a958-abb4ff12156b	782	603	52	22	,
494c6562-05dc-48a5-b2a6-44b0fed87746	837	603	78	22	288
747c63b7-aedb-4a2c-ba21-82af3110d66b	837	603	78	22	-:
dd758134-1ecc-4b42-afdd-36cbbff8c12b	85	628	127	35	Delight
21182260-d3b1-4f99-9d6f-32b5605b9bff	85	628	127	35	,
5917731e-ffe0-434e-90b4-b7c001707c14	216	628	44	35	of
00b64a2c-8850-458c-92e2-81a0fd24232f	264	628	61	35	the
6c4066cb-2a9b-47eb-9a59-0c189baa176d	330	628	83	35	Lord
3d5c1d35-b01e-4732-9c98-e35356d91451	418	628	39	35	in
3f37cfc5-1407-4a41-9f2e-3ed944ced7bd	461	628	144	35	chastity
f151efff-c517-4454-a04b-99b814228a6b	461	628	144	35	,
ee43cd67-0271-41b5-8522-95bee8bd3a1b	610	628	116	35	111
d1f93c57-bcff-4d2a-8025-95e2a878cb66	610	628	116	35	-
f3405acb-2248-4185-b711-1d1d0a0e66a2	610	628	116	35	28
0c5b962d-df5e-43d2-8179-a2fc71ec0049	610	628	116	35	.
f5eacf4d-8322-40cd-94f9-79fb9335a35d	754	628	174	32	Directions
e6967978-79cf-4353-84e2-c96bfc1c046d	754	628	174	32	,
378afbaa-b2a0-466c-8c3d-adebc6f5ed42	85	656	208	35	Delightsome
b3ce7f9a-bd97-4dd0-900e-b0084ef70c5f	85	656	208	35	,
7d228748-ef02-4f25-8b4e-93a474a89e92	298	657	123	34	people
fa188453-8c51-4615-a22e-fd93bfb6a4db	298	657	123	34	,
d31e472a-9ef7-4c3a-bf49-7a8efd6f52e9	425	657	102	34	133
af4a0d2c-f2ff-4d2f-bf44-9a743059d3e8	425	657	102	34	-
2bd97ad7-d5f3-4591-87bb-f4b6400df29e	425	657	102	34	8
3f08fcbb-0288-42a6-b056-52eb9c8267c3	425	657	102	34	,
584508ea-a3a0-4557-bb45-f9e95fa21cbf	531	657	127	34	469
218e86a6-b501-491e-8cfd-b90b42d685b8	531	657	127	34	•
570becd3-d6a1-460a-86e8-1bb30a9da8c8	531	657	127	34	17
496c0282-b7ab-49e2-80b3-95c0294a8e57	531	657	127	34	;
6d287239-155a-4df0-bf02-5322c85d6592	663	656	59	35	fair
dc951604-1251-4a5c-b90e-5a6c4033f026	950	625	91	32	given
a978eba2-f83b-4367-a9a1-e61cabc52a27	1063	628	64	32	on
1e017d96-4d05-431b-ac3e-380ba877fd3e	1131	628	160	32	Liahona
6d459c2b-7896-45af-834b-6c74e6924070	1131	628	160	32	,
f752ec6b-2dd9-4c94-b1a9-da889abfbe7b	1295	628	99	32	33
07ec8cd2-a10a-41e5-9065-0f008efa7685	1295	628	99	32	-
f90165bd-380f-4f5e-98d0-3b5b221c1f01	1295	628	99	32	30
a7b23f28-9f42-42c3-853e-769dda367eed	1295	628	99	32	;
65034ff7-12db-4af8-891c-2253259307c4	779	656	93	32	given
06d256f5-4d5c-452e-8a41-cceee94a74f0	876	657	128	31	brother
d6ed48c6-7cff-449a-9cbf-ce425a608cb7	1008	657	43	31	of
775993a0-1eff-4cb0-80e6-a8729ea0565b	1054	657	101	31	Jared
91a61dc4-1b28-4acb-bb29-17fb2ce8cf3c	1054	657	101	31	,
db2c2d0b-6a72-4b52-884d-666eaab72818	1159	656	97	32	+
324b7507-3d3b-481c-a5fe-5efbc5ae6225	1159	656	97	32	80
734fb11d-b53a-4053-a085-5a7c223f73d8	1159	656	97	32	-
53632454-c2f8-4718-92b1-5b46d4707218	1159	656	97	32	5
0c9dad2f-2acd-4385-811b-b4231e7eb26d	1159	656	97	32	.
c9de91ae-b79a-4d43-bc1a-70d8905be1fb	754	685	144	32	Director
97909bf2-c277-442c-ad67-779bbbe1f203	754	685	144	32	,
8c0809a0-2e90-485b-a65a-c401e8a58ea1	902	685	56	32	see
c26a6316-a996-4a4c-a628-c8076a59b141	962	685	142	32	Liahona
12b549d7-e3b6-425f-81df-f710b8737587	962	685	142	32	.
0de64227-128e-422a-8168-3084e26903f2	754	713	79	32	Dirt
15eff122-91d2-48f9-8577-91ec9beaf46a	754	713	79	32	,
a8de8597-9b9e-46d8-9cfc-31faf21d1c35	827	713	110	38	cast
d866d96d-8690-4500-880e-235f1be2b7c9	941	713	62	38	up
0b787edd-e7e7-4885-83de-b7bce0bd9aed	1008	713	66	38	for
d8517c10-77b9-456b-96e6-322ef8cf74fe	1079	713	214	38	fortification
3df1a57a-9c69-4417-9bcf-cdcd31bea6ac	1079	713	214	38	,
ef0a9088-e0d1-4c76-9a45-82c3084f7534	1297	713	97	38	318
a242c7e5-d7ac-40cc-96aa-7e686515a596	1297	713	97	38	-
04194265-387c-4d1d-b976-597bd0cb42ab	1297	713	97	38	2
6b5e97fd-3126-49f9-b697-392cfafd8611	1297	713	97	38	.
adc8d0e4-0d75-4bec-a6b7-e5a27f7f001d	779	740	95	34	331.4
35f30744-6ecb-411e-951d-e92670334237	779	740	95	34	.
6c81033c-a347-489e-ab01-296b430e84ca	114	771	136	32	manites
cf21db40-ea7e-4546-b6f9-ad718705aeb7	114	771	136	32	,
48c05afd-b439-4856-8ddc-22bf272550ac	253	770	124	32	153
cf3efea2-d50f-425a-9d33-4538fab58f40	253	770	124	32	-
59095534-c0d6-46e6-8bb4-5c6b590f9638	253	770	124	32	17
939bed17-a8e0-48bb-9335-02bc36e970b8	253	770	124	32	;
6e40f087-e368-4f1d-8c2a-a28c8a672de1	381	770	85	31	from
b3886672-ccfb-4dce-9107-c114e3fcad6f	470	769	101	31	bands
a3295fd2-893f-4a88-b9a6-60eb24072b28	575	769	43	31	of
205f4612-3e83-4b43-87dc-342bcf03f7fc	621	769	105	32	death
8b8a5a37-2b00-4bd0-9a3e-1541743f50c1	621	769	105	32	,
1e6810b5-8895-490a-acd4-de9a3937240f	114	798	112	28	204
c132a470-f49b-4bf4-a9c5-879129ef06fe	114	798	112	28	-
1ddd0562-ba12-4add-b476-0a8c406c0c18	114	798	112	28	14
4309bd5a-3228-4cfd-9795-c7fc60cc7e79	114	798	112	28	;
c9dc5162-a252-4d75-b1fc-41402f4c90f3	229	799	80	28	from
163dfb83-c4ac-429c-b343-768fa7fc8976	313	799	77	28	foes
e3001033-e1b5-4fa5-9dbc-c35b0b1fa717	313	799	77	28	,
e9cdaaec-4562-4bba-a31d-31dc4cf51fe5	394	799	49	28	by
faa530db-4ee0-4502-af71-7dfdc1f0312d	446	799	59	28	the
ec864d44-71ac-4723-93be-6719f3e39535	509	799	91	28	Lord
b11ffe43-f857-44b3-bb5a-8f950995a1d4	509	799	91	28	,
e9f25f70-56a6-4bbe-a105-ea34cb9933a4	604	798	96	28	309
c448e128-1497-43c3-a4d4-b20c74b82439	604	798	96	28	-
d3484e5a-7f3b-4f7f-9264-efaea432278f	604	798	96	28	7
ecff9fe9-d09e-4216-8c2b-d8f6fa95e85e	604	798	96	28	.
eea6239f-78a6-401f-8610-af4ace2ee9ff	85	827	156	32	Demands
3684945a-5252-4a93-8535-ddc1b34324e3	85	827	156	32	,
faef1fb6-6577-48f6-9b4f-c37f3a2c3a60	245	827	44	32	of
ea2c8da5-f278-4ac0-a547-77c7e3cac84c	293	827	128	32	justice
c3332975-e01d-4099-bbc9-b806b43dbb7d	293	827	128	32	,
78b9b6d1-9522-4a9c-a0de-0637882bf295	425	827	120	32	139
15a97140-9eda-436b-b548-3bf3b6b9257c	425	827	120	32	-
f8a3aab8-b324-4c92-96da-b39e08d290f2	425	827	120	32	38
8ae9c88c-1970-456b-ba73-162c28e1dfc2	425	827	120	32	;
d8c734dc-3850-4a59-9286-a8a969c6f99d	549	827	173	32	atonement
ef86e44f-0a87-49a7-84a9-d5dab75cc691	107	855	138	38	satisfies
46e801e8-1e43-4be9-a8ca-c9e6ddfca6a7	107	855	138	38	,
7071306d-cc59-4732-9dc9-03fc4db47ce9	250	856	97	37	69.26
3811c947-5957-495c-a0cc-3094c5a56837	250	856	97	37	;
9e81adaa-c9d4-4f2f-9392-5dfcf3659e38	352	856	106	37	mercy
26db13eb-f06d-46d7-b536-f17658a53729	463	856	139	37	satisfies
6b09bf23-3361-4dc4-aba0-2858c4cf7aa5	463	856	139	37	,
55dc248a-9ff0-4d36-be22-835180c1f901	607	855	119	38	282
bf76dd6d-bf1b-4d0b-8848-f07632fb0200	607	855	119	38	-
09d91658-afdc-4139-b6eb-cda70694641d	607	855	119	38	16
1c42d577-0033-4289-a2af-8ceb6ef429d4	607	855	119	38	;
e3222796-c28a-42e5-82dd-40a873b0f4b5	114	890	46	26	to
a36deb60-0461-4569-b27d-4bbcc4dfb37d	163	890	140	26	appease
21dc652d-cdda-4d91-965b-4c32d83788fc	163	890	140	26	,
173d65bf-2310-431a-9ea3-b0580c8e0039	309	884	132	32	290
934b4df2-454f-406a-90b5-8bc657f2bd68	309	884	132	32	-
0d0ddcc4-6426-4d10-a97b-a30425cf1edf	309	884	132	32	15
c59b8a37-695e-4e4f-aecd-80cc2f92085e	309	884	132	32	;
e662139d-e6d8-477a-b4aa-847ff01cf37d	445	884	48	32	of
06ab089d-ef4f-4c7d-b178-689db143dc2b	497	884	36	32	a
73b86490-3781-4f9e-bc42-30c3bdf02236	537	884	132	32	robber
4c201046-ea0c-4880-b4dd-abbdc9d44815	537	884	132	32	,
211a790e-d666-4676-9b55-0ef941b86bb2	673	884	49	32	re
e28bef77-fae1-466c-a7a3-017dce10d192	673	884	49	32	-
6237d322-68ab-4b07-ad15-bdea607fe324	114	912	84	32	fused
f85d17be-1238-4d01-92d5-6b77039e94e2	202	912	52	32	hy
c5eb80a7-ff1d-46f8-89cf-d0ccedd2e859	258	912	180	32	Lachoncus
fe1de62a-5e38-4e57-9ff6-29ada85a76c8	258	912	180	32	,
8b623549-f757-4144-81c4-27e3838d3b06	442	912	116	32	404
d6e6ef78-2075-4970-bda6-fd7276412702	442	912	116	32	-
9f203582-1efc-4463-95b6-3f20062b2a36	442	912	116	32	12
902cc798-f3ef-4d60-b141-339525015f3b	442	912	116	32	.
be394e5b-ed10-44db-8772-061742c9b1a3	82	939	133	62	Demons
9b851c59-b33f-4648-bfd2-64055fd4bb8e	82	939	133	61	,
ae22f2ed-d5b3-4d8e-9cbb-904bf2b2b142	222	940	67	60	the
1451f15f-ed4a-4b07-85b5-081bfc8e8977	296	941	49	61	co
776f351b-0011-4a0f-b274-6698793919c9	233	969	64	32	the
2896316f-1a52-4890-bdfe-5c1ff8ee4e0c	301	969	188	32	cockatrice
d8957f5c-5563-4651-90ef-f15d0e637e3a	301	969	188	32	,
21b0a439-8045-441d-a644-acfe245f3698	493	969	100	32	85
d03d4935-9a97-4240-8411-5b5219603278	493	969	100	32	-
396df7c7-5763-44f2-a86a-69212684ae49	493	969	100	32	8
3033eaef-8c19-49e9-9e05-7d61549c3352	493	969	100	32	;
fec5eee9-aa22-4326-a499-374c52907ff3	597	969	52	32	of
18b0da09-2fe5-4e9d-a950-58a7a82ab29c	653	969	69	32	wild
e518ec05-9393-476b-a2da-3a1dce58f485	110	995	109	30	beasts
23d46793-77c0-413a-8619-3130dd37fb81	110	995	109	30	,
fe628ca9-c65c-443a-867e-ddf5d25828f6	223	996	87	30	three
354be0f1-faf0-490f-884c-26fb0711a884	313	997	142	30	disciples
0c8b7b39-e818-439a-bf3d-638e505656ce	458	998	69	30	cast
b1321c3b-c815-4038-933d-65f6c6d5e646	531	999	76	30	into
4e8db019-bf50-4408-a45c-74cab6ab946e	531	999	76	30	,
e22cff67-aac6-40bd-aca6-d4314716c4d0	610	999	115	30	453
31178d95-cec1-4486-8849-714f4e527224	610	999	115	30	-
d7befe91-a1f0-4187-9bc8-fa4cd5256dd9	610	999	115	30	22
6eef34ff-5f8c-49ce-9919-8c664ba363a7	610	999	115	30	,
4fdb026d-43ab-477b-9251-aabaf4851f6e	114	1029	98	22	458
61195f4d-de22-43a4-8acb-bcc5ead08681	114	1029	98	22	-
78d05d63-47c5-4ac4-95da-f00fceab6dc5	114	1029	98	22	33
e1b726ff-4c35-4172-b0ba-7f1e57b62326	82	1051	166	70	Depravity
abf1c59c-0f25-458c-a852-ce0dae171545	257	1051	79	70	hell
dffff1ce-383e-4396-a2df-5bf1009c1da6	345	1051	96	70	hits
ab853152-021c-408b-bb39-8daa6668c79a	450	1051	35	70	of
ff70227d-6df3-4c27-8823-e77f8c5c6bd8	493	1051	123	70	Trow
7ccd247e-d2f2-4ffb-a0bc-9b8ce308b72a	493	1051	123	70	,
ccd70d54-117d-41be-a52e-0ec1bc95ef9b	625	1051	101	70	32.25
78dcf664-9c98-44de-b9d5-3857d0657f07	625	1051	101	70	;
1939359e-cac2-451a-946c-96876da835f5	110	1113	36	29	of
3195a916-ab4e-44e1-a9ff-5c260fbbb519	150	1113	152	29	humility
5234d85a-af2a-4765-81e2-ddbbdbffde56	150	1113	152	29	,
21252357-53f7-453f-b65d-520f945c971b	306	1113	98	29	70
61e87b2f-59da-4906-a397-b9c23b47f0ae	306	1113	98	29	-
1e17c5b3-7a69-4b1c-9e43-03cb20b5baae	306	1113	98	29	42
43288689-f0bb-4ee8-a004-07591da98790	306	1113	98	29	,
e5292ae2-a6fb-40c7-b37f-a7f93183d412	401	1113	127	26	143
fe76cf02-92da-4a24-a352-789436a4f11e	401	1113	127	26	-
f36b4e3e-85c9-4672-9e85-77d23ebd3c7e	401	1113	127	26	11
920b55ac-c58b-4533-9ce5-70b5e749e0db	401	1113	127	26	,
43d46805-038d-447a-aad1-8eecf0efcaef	531	1113	120	26	357
85bffa4f-5fac-4135-bf5c-7574d5ea85a1	531	1113	120	26	-
8ae3b437-b6a2-485c-aa7a-b4ec7b03871f	531	1113	120	26	41
574cbdb7-f54e-4d57-88f3-c5d2a6473f5a	531	1113	120	26	,
163dd0e2-9ad9-40cc-95ad-70a1f0b635b5	654	1113	68	26	373
0c3aafcf-1763-4278-8b00-4b793ad16900	654	1113	68	26	-
b4d4af68-46b3-4350-bf86-f9f6aae39d87	114	1142	35	28	5
b702b4ee-30ea-4afa-a59e-e95d1d37b680	114	1142	35	28	;
1b22da22-5830-43b4-9b9a-8e1cd4c0ef37	152	1142	49	28	of
3c830b30-dcc4-4105-b96d-e2ec179ea6e3	205	1142	59	28	the
41b3be5b-3765-42ae-b4e7-b11cf4c521cb	268	1142	105	28	earth
8af3f366-277b-46bf-8208-3c664a491f01	268	1142	105	28	,
c51d0f8d-9ad7-4bad-ad4f-e198f7972bed	376	1142	87	28	93
e5c578cb-7e77-4b0c-b25e-9603ae2409c3	376	1142	87	28	-
fccfa2ea-ba26-48fa-9a7b-b7f7786032c1	376	1142	87	28	5
4b80d059-884a-4550-918a-d6e7e4b826e0	376	1142	87	28	,
269df550-abaa-4746-a158-96599b430e96	467	1142	112	28	417
08c75b2c-38ad-423b-b6b0-0f969fb26485	467	1142	112	28	-
c58c0284-7ff6-43aa-87ff-286fbad4a924	467	1142	112	28	6
437bead7-1acc-4792-a43d-0659d59af372	467	1142	112	28	;
c3ce725a-7768-4196-b4fe-d76c05bfaf2f	583	1142	45	28	ot
8ea08c99-26ec-47d8-854e-0f286f993f21	632	1142	90	28	God's
5749a802-358f-4340-9569-83701aea4b5d	110	1170	166	29	mysteries
3b24b803-9aca-4176-85a1-b93ccf81f63b	110	1170	166	29	,
2d606b83-c3d1-4b56-be2f-fd082bf31240	280	1170	101	29	114
c74f0e18-9c9c-4f41-a25e-8fc20b93d967	280	1170	101	29	-
d3c6ac41-af77-4889-8c57-43fbee965efd	280	1170	101	29	8
46e7e712-2463-45da-8c85-c61aa1a0cab1	280	1170	101	29	.
ce900079-c176-444d-806c-31a51e1dae0c	88	1199	220	28	Descendants
e27168cf-e0bb-4568-aa30-7264ae147a1f	88	1199	220	28	,
bf21de77-1050-471f-8aab-ef5f54de0ffa	312	1199	51	28	of
98f2eaae-f61f-423a-a2eb-a17e51ff0c79	372	1199	73	28	the
c4445ff6-74fc-4fdb-85f3-b4dd7629f6bf	449	1199	112	28	Jews
4c9cfe11-ae67-498a-b8f0-92563b86ccae	449	1199	112	28	,
e4f0a8c0-0343-4e22-8ab0-d46eaf355eb8	564	1199	119	28	102
d277610f-a661-4206-9711-e6ba6862a638	564	1199	119	28	-
9c16c656-adb9-49a9-a524-7b23569b90d2	564	1199	119	28	4
cd5952e9-f689-4826-b7a2-82d6b0bdca56	564	1199	119	28	;
88d229b9-45d4-40af-a96d-dcb0eb18e655	687	1199	39	28	of
1719e377-d90e-40a9-892a-199588aa8c39	754	770	140	35	Disciple
b22d66b3-91bf-409c-949e-280a89da48ad	754	770	140	35	,
b6b3d2b7-5178-4612-8b5b-9aeb415f7730	898	770	140	35	Mormon
fe866626-68ac-4859-8893-a386590b6bcf	1043	770	44	35	a
5b34b871-300a-442b-bb6b-08007d9edb5f	1043	770	44	35	,
d36551a1-7fec-468e-a3f4-3b432005d8b2	1091	770	111	35	409
b4ad22ca-8c8b-41df-95fa-9669bc6a32a7	1091	770	111	35	-
67952be0-f262-424d-bad5-dfe554ae4191	1091	770	111	35	13
06b7ca64-46dc-491a-b067-133c4214787c	1091	770	111	35	.
e12d1fe8-82ea-4a3a-aac4-5f05bd10ec1a	751	798	157	35	Disciples
13181c3e-7c10-4895-bcf0-ab8a9aebcdb0	751	798	157	35	,
21ebbc51-5c05-4406-b676-7d166f30d995	913	799	55	34	the
fb783cc3-c878-402c-afe7-6e2ac62910a4	972	799	119	34	twelve
6e7fd79c-fa3a-4173-b878-a287ee417bd2	972	799	119	34	,
fd49fa13-3cd8-4ada-9ab9-b52383a99fed	1095	799	136	34	foreseen
eec3cf40-7278-4582-be40-951116c6c3b1	1236	799	51	34	by
985246ff-5162-4a02-b6cf-6b58d41e9d7c	1291	798	104	35	Nephi
78a1100d-99cb-4139-bdbd-e6f1d54a67d4	1291	798	104	35	,
9e2b2291-910d-48ce-9e99-b43dc929a10b	779	827	79	35	20.8
c94bd1c6-3a89-4e6e-a42c-dc00670895ad	779	827	79	35	,
2e3838f3-5684-4cd0-a25b-9eb895084b2e	862	827	105	35	21
e6f30e96-12f7-4b19-b964-edf9128ab260	862	827	105	35	-
07c352a7-a1d2-40c5-b2a4-61619543dd68	862	827	105	35	10
d07a9652-8540-4a04-ae57-d9a9dcb726ce	862	827	105	35	;
b2d9a589-9572-4b69-a223-743b50690689	972	827	122	35	chosen
e3560d33-f529-4cc2-8091-5df37b0ca9ae	972	827	122	35	,
d6a9ee60-b80d-410d-9abd-3f3adc56f3fc	1098	827	110	35	422
651ba7a3-d83f-4f8c-9bd7-e0cda2681860	1098	827	110	35	-
6bc3a255-ce6c-4a4c-a59e-096016564219	1098	827	110	35	22
36bd1be5-8af4-4694-99d5-7862b857deb1	1098	827	110	35	,
03fa1a69-2d1f-4c2e-ba5e-dedf84848852	1205	830	13	26	,
6f5127c4-973e-41eb-935a-8ae52e5c795c	1221	830	101	26	423
7c6c8f11-d03c-45aa-a1db-62da7ed2ce0a	1221	830	101	26	-
05961788-699a-42a7-87a9-f7d7ac9bc158	1221	830	101	26	1
e4c143a8-e0e3-4ff0-b94a-792a97668475	1221	830	101	26	,
84e6d609-7cd4-4ef0-8202-4bc0e32b7325	1325	830	63	26	429
03a7c24f-a7a7-4144-bec8-9aba04c2e759	1325	830	63	26	-
dd860e6a-55b8-4618-a23e-4f62b4b692c8	782	858	59	25	1
44b5220b-ef3c-48af-9116-7b69991de469	782	858	59	25	-;
1ae3a588-23ea-4afd-be80-e61262e1c273	844	858	102	25	names
4430fd23-b66a-44f5-9a9e-1f2182ed48be	956	852	58	29	of
a3fd6ac6-86a1-4b25-be32-7e6f5382c6fd	956	852	58	29	.
35acb6dc-56b4-4f6c-a320-bc77f72969b2	1018	852	112	29	437
2bb74c2d-860e-4df8-b067-7f76bb33dc9f	1018	852	112	29	-
8ec6bce9-e794-4c93-9ea0-93c237cfcc49	1018	852	112	29	4
4ccf6d54-57f9-43ec-932a-46d70fee915b	1018	852	112	29	;
a4948122-91cf-48bc-a34d-f7e516e278ff	1134	852	101	29	teach
1203e60f-21fe-42a3-a4ab-b494b979a58c	1239	852	44	29	in
009d29d7-2e15-4e10-aeee-58c781e9911d	1286	852	105	29	twelve
9d12e4ab-86d6-487c-add5-bf84a65a7623	782	884	180	32	assemblies
80d3b8a6-638a-4b4d-99a3-d0f6108a6e85	782	884	180	32	,
436229e0-b115-4488-a827-1a07849fe563	966	884	104	32	437
69d7a026-29cd-4487-8f46-f3753295e3bf	966	884	104	32	-
50461e60-7341-45c5-9450-db1deedca2c3	966	884	104	32	5
0eef9d2b-2bae-4086-9e2b-faccec759aab	966	884	104	32	;
bd531c98-7ebf-44a6-aef3-00737b63f253	1074	884	132	32	promise
fd34481a-71e1-4bf7-ad98-39b87312ad69	1210	884	40	32	of
87bc31e9-ca62-4d46-b655-b424b90fd6b4	1254	884	92	32	Jesus
976bf684-79da-44f1-bf9e-9ab32b693fed	1350	884	44	32	to
bf68827c-3730-4aae-842a-c8e67e081aeb	1350	884	44	32	,
ca751a82-330f-47d8-a17e-192216ab6266	956	915	112	28	three
33cbdee6-28ab-4556-8cb9-6be95b6f1371	956	915	112	28	,
c6be0de5-62e5-4c14-be31-5d0178bce7fd	1071	916	70	28	not
5ba5192c-76a8-4b0b-a1c5-998e4e6a7551	1145	916	45	28	to
3fda6997-30a2-44a6-abe5-abdf134432f5	1194	916	94	28	taste
7ce0b1a1-2daf-4dcb-87a6-f6960360a920	1292	915	102	28	death
7821fe33-a42b-4c69-a51a-dda73b7bbc7a	1292	915	102	28	,
5429041d-236e-4f4e-8785-445075f21c1f	778	914	96	56	132.7
9e2f89c8-755c-447f-bf32-2e9b0f510647	778	914	96	56	;
eee9a46a-8aae-4665-bf0f-093992aedce4	879	916	96	56	tound
6393f727-1ccc-428f-bc9c-5734b4afa5cc	981	918	28	54	a
8813f279-ec95-4b90-873b-c5a602fb289f	1014	919	129	56	church
6b6090d2-028a-440e-bd0a-d580b85b0288	1014	919	129	56	,
ed415c0f-864d-4b9b-93c6-a0dfec700ff3	1149	921	102	56	156
79de0d82-4248-4a99-9893-1a937f57e892	1149	921	102	56	-
cb0c4707-8569-4ea9-8a92-e1066f7bf5ed	1149	921	102	56	1
b4d33f80-b770-44ce-9b24-0e6f477730ec	1149	921	102	56	;
286f83d9-a599-48e6-958c-016c8ac98f9a	1257	923	135	57	miracles
7b7bf63a-9c66-45fd-8f81-05f23a5f78cb	786	972	131	29	wrought
5754f483-9989-4514-b8e0-57680b03fc9e	920	972	62	29	by
fcfee165-5b0b-4d30-9418-a1d47d02cc92	920	972	62	29	,
3f9bee95-13f8-4c2a-824b-5dfe7f2d77ea	985	972	101	29	456
16f528b5-0477-49b5-b787-ba43fa1e7d1e	985	972	101	29	-
aa9b300b-290c-4483-b330-ba129b3ed2a5	985	972	101	29	5
8865160d-776f-40c4-a1b5-be18f303e2b8	985	972	101	29	,
cd7f421a-f660-42d5-aa2a-ffb12d1aeb4c	1091	972	123	29	458
049e654a-c20f-495b-bcde-6361ac388315	1091	972	123	29	-
16d4187e-1335-4263-b37b-a0b42058db72	1091	972	123	29	30
8927cafd-d21f-4642-83ea-968ce2a974f9	1091	972	123	29	;
71536949-d116-4c7c-951f-8b927ab94836	1217	972	174	29	imprisoned
2fcffbfd-9948-4070-bfb7-8b4510eb4e59	782	998	58	34	and
916874d0-50ea-4814-8e15-24a002cff54b	844	997	161	34	delivered
421f839e-804e-47c0-8a1f-764e70ac6617	844	997	161	34	.
44026245-36a5-4e99-b444-900e7a63f9a9	1009	997	124	34	458
ceb85ad4-cc68-40be-b6fe-792cb2e6acfd	1009	997	124	34	-
d064ac63-5df0-4501-ac5d-25f3568be6b4	1009	997	124	34	30
864be329-1469-4122-84aa-5855719967b8	1009	997	124	34	;
ac11c158-8ae9-4b1f-b256-80eb88fb0a0f	1137	997	41	33	in
26ef9f28-adf3-48ad-a384-11e4dc7ff716	1182	996	136	34	furnace
d69b7137-729c-4b9d-ac59-ee51189192c9	1182	996	136	34	.
dc49bde1-ad67-4b67-af78-b7f6331c7403	1323	996	69	34	458
9c9039f5-5466-41d3-9e8a-8403c4f47c87	1323	996	69	34	-
4f6fed34-b007-4523-8473-4abaaef18667	782	1022	60	31	32
f8b26544-ff6f-469a-9495-ded10f9d8ca0	782	1022	60	31	;
53f0ad34-b0a5-4b03-a215-68550f728135	846	1023	49	31	in
3f9391b9-6db9-4568-b7d2-9abbe4a0dae1	898	1024	87	31	dens
d85cc07a-b057-43f1-b858-b3e5f74bcab7	988	1025	45	31	of
95abb1ac-a99b-4690-974e-9a1b8e0148b8	1037	1026	124	32	beasts
61f9941b-2380-4e4c-891e-e6f96133f27e	1037	1026	124	32	,
87e178c4-1958-4794-ade7-c9315db8e8b6	1165	1027	132	32	458
acc70a13-c82f-4ddb-b61e-624e4cd4d768	1165	1027	132	32	-
3d02178d-560d-4532-aadf-076677586c36	1165	1027	132	32	33
fe6619b9-8e53-4e6c-9974-ffb93f4b49d4	1165	1027	132	32	;
a33cf6fd-1d70-410f-a07b-9ac26152efa5	1300	1029	92	31	taken
81a25b38-87f9-4c93-b701-a021261ad589	782	1055	93	31	away
15a5bdef-09c6-4422-83b8-f42464e268ee	782	1055	93	31	,
39855860-bda1-4828-ab81-564cc96629e2	879	1054	112	31	461
db0d448e-b126-4cb8-aa88-df8d154fbb75	879	1054	112	31	-
073d4714-9e74-44e9-adad-356e5b6ea069	879	1054	112	31	13
67355e79-ae81-42bc-8180-53b5004daa30	879	1054	112	31	,
9a0aeeda-e059-4b01-9f86-956cc3c32e04	995	1054	124	31	472
4956fd56-c538-47f1-8a06-8a169f41f1e3	995	1054	124	31	-
9d31e4ac-b036-40d0-8bcb-61987f51802e	995	1054	124	31	10
30d6d600-907d-480d-98c6-6c77d7fce498	995	1054	124	31	;
ca9a037e-506b-49df-b3bf-243990fcd9b3	1123	1054	78	31	seen
48207631-fe89-4105-99b7-7723f0590204	1205	1054	50	31	by
0c76a59d-7763-4656-a834-162bf3b1166d	1259	1053	132	31	Mormon
2a2746d2-09d3-480e-998f-cd39a9f267c5	782	1082	57	25	and
4bdeab6f-6013-4d99-9df4-a06a88b2f5d6	848	1079	133	36	Moroni
e46f64d1-8549-45c1-ab44-6cb33b95f9c7	848	1079	133	35	,
b4959be7-7d26-4cb3-ab60-c6b93411f579	984	1081	116	35	453
379894e5-ddd6-488e-8bbb-62a28a874b90	984	1081	116	35	-
d3ed70cf-4031-4d68-a407-50667d3ecc05	984	1081	116	35	26
f62d9d9b-7db8-4a9c-b8fa-3d582d38a804	984	1081	116	35	.
57c9e1ac-6fef-4e49-9aab-d42d7acd0c1b	1104	1084	121	35	472
536a7ef0-2612-4fd0-a25c-5bc96d9d31a0	1104	1084	121	35	-
4b48d574-4d99-43d0-841b-c289d1b8126a	1104	1084	121	35	11
bf56e7d1-467c-4259-96a0-cfe9f4e63c68	1104	1084	121	35	.
2fa0c1e3-3a23-49fc-9f65-4f52c2e7a264	757	1113	149	26	Diseases
e6e85c68-f5c5-469b-ac2f-46a083001d19	757	1113	149	26	,
6332779c-023d-469e-aba6-f959a9ffd669	910	1113	97	26	cures
a0ecdcc6-1b02-4278-a3ed-58b10d98576c	1010	1113	52	26	of
03efff11-1653-442c-83a8-2c0d2a5d1430	1010	1113	52	26	.
d34a8950-b48a-4efe-983a-6b7f2e9e90fd	1066	1113	55	26	by
e2be2b6e-1188-4515-adc6-d277a20b4944	1124	1113	107	26	Christ
5c21bb98-9878-4990-990f-e53e843cbcb6	1235	1113	160	26	predicted
c6ff64c6-ed00-4980-9333-08b9b3db5444	1235	1113	160	26	,
82b92203-fd05-42c5-ac02-08f290763ea7	782	1140	98	29	140
f905803a-f17b-4d29-979b-a73a1b43ec94	782	1140	98	29	-
2e9d85af-12c0-4e47-9d41-7a470ce2f517	782	1140	98	29	5
7096d173-6d1e-442e-9e8e-ef0093f18029	782	1140	98	29	;
4c8a987d-65ad-429c-a48b-db34ab877627	884	1139	140	29	effected
d7ce34a7-2d14-4407-ab5a-b28fd8e71a0e	884	1139	140	29	.
9d5eac6b-85a1-4a99-9dcb-d45afb8a3b45	1027	1139	105	29	432
95f46d33-1f6f-44d6-9d6c-84f75ec95fc1	1027	1139	105	29	-
09d17e81-f060-4144-87da-3152447a33a0	1027	1139	105	29	7
a00acc2f-376d-4588-b4cc-7a827c1faca1	1027	1139	105	29	;
71a2071e-73e2-445a-8d78-4d38dec850be	1136	1138	119	29	certain
d448aa46-a57c-47eb-a9f8-74f5930555d9	1258	1138	109	29	plants
8591b62d-c759-4ff0-91a5-d5e4f249300b	1370	1138	18	28	a
0715c95a-1669-4963-a54d-42e633d4f4c3	782	1170	119	29	remedy
191cb09b-6d8c-4d79-9e43-0629cefb842c	905	1170	62	29	for
efe101e2-e6a8-4fa7-8c3e-92362d191855	905	1170	62	29	,
f6af3b59-5a5b-41d3-be0d-b20091cae37f	970	1170	112	29	312
707bad38-484c-45cb-82a9-b27d42c4414d	971	1170	112	29	-
e1bffa31-7352-4974-b64b-17b95773cfb9	970	1170	112	29	40
68f6e5ab-8f45-4ddc-8424-135869f60c2e	971	1170	112	29	.
3cc0c797-4e47-4529-a4a3-320b96e10430	751	1195	153	35	Disguise
4a2aa9d3-2539-4ab8-bc3e-c54860e035fd	751	1195	153	35	,
89459bde-dd9d-444f-8f25-f3b1b200554b	909	1195	136	35	Abinadi
e830be9f-3461-4e80-a7ab-77a5d5b2d9b8	1049	1195	53	35	in
a9725027-d60a-4064-920c-f30161c61490	1049	1195	53	35	,
8c34b1e6-634b-4197-a3b2-5855c6f45e91	1105	1195	105	35	158
7f64e8a4-f945-4125-8443-11a2bf5be7f3	1105	1195	105	35	-
c734d7b3-3930-4f59-8566-5f185238cb4b	1105	1195	105	35	1
7e8424c6-2f5d-49e0-9fa3-ec48690b1649	1105	1195	105	35	;
58a69266-8747-4e91-9c7b-0baab3f4f074	1215	1195	44	35	of
96cade15-a084-46af-9b8a-3e30947d507f	1263	1195	128	35	Kishku
823a4157-71c1-4f09-90dd-882aff0341b4	1263	1195	128	35	-
eb732a29-8173-4db4-8ef1-559dd4a595a6	782	1224	85	32	men
89fc9eb9-8bb9-4257-9c5e-e23358d592e0	782	1224	85	32	.
92c7c316-d439-49a5-86b7-e146d219a244	871	1224	128	31	360
bb6b7cf9-4902-466c-9e3c-6501d152ed85	871	1224	128	31	-
1e23d2a8-e246-49b3-959a-cc1ead598daf	871	1224	128	31	12
6e600906-fc0e-4eec-bc4b-552e58a91602	871	1224	128	31	;
e13e8de1-eaf0-417f-ba36-39261f9340a2	1003	1224	47	31	of
4e590f2b-2130-43a8-9bb3-df7335b2ab54	1053	1224	127	32	servant
10a119f9-a9a6-4d37-9ed2-d67723521317	1177	1227	63	28	of
9563a44d-360d-46b3-b4b4-f4a82079b3e4	1243	1227	151	28	Helaman
3d2672ef-6626-474c-b890-17c634106a44	1243	1227	151	28	.
eedcc964-7954-46c1-84b3-d4bc82e86eb8	779	1255	95	30	302
38b83717-4989-457b-869e-2798d31d5c0d	779	1255	95	30	-
625a826d-1cff-4275-9c2b-cccd90e788a2	779	1255	95	30	6
84a36190-b912-48ee-83c5-06f8401ebc0e	779	1255	95	30	.
21cf1cee-801f-46c8-be77-ccde144f5c4f	110	1278	120	38	priests
f994b595-55e8-4f6d-be47-86a716e153b2	235	1278	51	37	of
acb452a5-6ca8-4405-ad4d-b28d54e11422	290	1278	111	37	Noah
46812337-df14-45f6-b5f9-99136d69bac1	290	1278	111	37	,
6ef3792e-fa1d-4113-8b72-f83e2f8493ad	406	1278	130	37	301
badbc1d8-e08d-440f-960a-f01e627593b2	406	1278	130	37	-
2130623e-9496-4636-ad26-6baf2693786a	406	1278	130	37	13
459ce044-f7c3-4448-afff-8450424795eb	406	1278	130	37	;
0e0a9761-94c6-4f81-be3c-42f704b8feb6	540	1278	55	37	of
89f8d0de-cc68-4b30-b893-029d0790a337	600	1278	125	38	Laman
b4a757f5-fbe1-409d-8612-c38c2f75fc49	600	1278	125	38	,
b9294384-12c1-48cf-a410-285350cb971d	110	1309	99	38	337
e758f518-6aa8-44a8-9e75-a8375bce114d	110	1309	99	38	-
00ab45a7-6857-466a-90ba-2ab180ae82a5	110	1309	99	38	3
07d2a16a-616c-45fb-9d4d-b165c1ea779e	110	1309	99	38	;
3998a707-9486-4cf0-9691-5c2dcebfa0ab	215	1309	43	38	of
c2e00473-3254-40ef-8900-d2fac65a189c	262	1309	180	38	Lamanites
aa4a9918-5876-4699-acf3-19f607c4fcaa	262	1309	180	38	,
240a2c04-e3e3-450e-b993-43e74d5a35a4	447	1309	119	38	386
54752ce9-fe11-4543-9756-8a5df730b889	447	1309	119	38	-
4d18436a-bded-43a8-b065-125445a446f7	447	1309	119	38	24
9007a69c-da2f-494a-acb5-ce86e969230e	447	1309	119	38	;
e4c1e133-4586-445d-a301-6d559d87d5c7	571	1309	43	38	of
2c43e596-e619-4df5-a24b-da886abf6448	618	1309	107	38	Jacob
672a03a5-6ae5-4490-802a-5a8ea4cff659	618	1309	107	38	,
9db4acc5-33db-4ed2-8bf2-a66a761bdc5f	107	1341	100	32	419
7ebe365f-e595-4d4b-9004-633655ee4151	107	1341	100	32	-
8b006fd0-dca0-4e48-a23a-bd4612575949	107	1341	100	32	4
71bf7b22-54e6-4ccc-8e81-21c300e1f199	107	1341	100	32	;
6669d2fc-fd6d-4f3c-817d-ccc05691130f	212	1341	39	31	of
20572316-2b0e-4165-b4fe-ceecdf119be7	254	1341	163	31	Riplakish
5627201a-43f5-4bcf-aa46-1cb5c5d61c8f	254	1341	163	31	,
823b72ab-3bb8-4f98-b30a-7cb2469be6ff	421	1341	106	32	496
83496fe1-5fc0-4665-89f4-2ca2477e472d	421	1341	106	32	-
02a052d0-7c15-4660-9114-47a8614fb4dd	421	1341	106	32	8
82b0ac92-38ca-40aa-b6ca-29f9676fb6a9	421	1341	106	32	.
61851b93-ff58-4023-8f51-dd149d68e0fc	88	1372	130	26	Deseret
cdbb55e3-d976-42b0-bd92-9500e46e793d	88	1372	130	26	,
e005e84c-eee2-419d-9ca9-974fdc8f2865	221	1372	107	26	honey
92ec5f71-acaf-49e4-a16c-fe3525676bb2	332	1372	71	26	bee
dcbdab59-8dd0-4d76-83b7-0a75a4261e18	332	1372	71	26	,
b27bec65-3379-4853-a53a-36ab154b3e44	406	1372	98	26	481
0d29cf0b-5865-47bb-82d0-0707948c6646	406	1372	98	26	-
e6813607-0d9d-4227-bb05-e365ccaf3a15	406	1372	98	26	3
c55402e7-3ab1-41bf-8dc5-38b53de94b3a	406	1372	98	26	.
bde62553-2876-401b-9d2f-fc21a615ff78	85	1398	174	32	Desolation
f3f76570-7d2a-4a29-b6e0-a7d55221cb55	85	1398	174	32	,
dc2f0d39-95d0-4563-8b1c-49d90fc6378d	263	1398	70	31	city
bc1fae81-3bcc-4210-aacc-02aeb348563d	337	1398	50	31	oi
598899a6-b4cc-4aba-b1aa-47b4b87e91dd	337	1398	50	31	.
2c78f4e2-b678-44d3-b796-9e518bcdb29c	391	1398	171	31	Lamanites
48d892b6-a186-4b3d-816d-e7329ca3f1d0	566	1398	109	31	march
04f835a4-e351-4009-920c-9ec2e8db5f5e	678	1398	48	32	to
8e015bbd-39fc-48f7-8db9-2e05185ae6c1	678	1398	48	32	,
071bd4d1-45e8-4507-9751-08ded36d8e88	110	1426	108	28	464
3bb5cfd1-b862-49cf-bac6-5cc857a17d07	110	1426	108	28	-
73a45236-7377-415b-b98c-3463dc6469d9	110	1426	108	28	7
d172fc00-acd3-43a1-a502-f72bc332151c	110	1426	108	28	;
c2442933-69a3-435d-b966-a27af75a1533	222	1426	178	28	Lamanites
f17a5569-8c08-4f4d-9127-2aef086a33b8	404	1426	84	28	take
a8539719-ecc0-4234-94b6-63f5aadbcea2	491	1426	182	28	possession
5059c9dc-20e6-48e6-b9d4-8af72b27f854	677	1426	45	28	of
648fcee6-1491-4018-b8e8-c3355ac78b7f	677	1426	45	28	,
dd023e5e-4eb5-4deb-939f-d38cb599c9d3	107	1455	98	32	465
cd236141-55b4-4f7b-b396-9ad2d62cb32d	107	1455	98	32	-
e366fce8-bc11-4261-ba70-42fa4e779c17	107	1455	98	32	2
c05a37d0-b5cb-4cac-ad5b-dba3db5df621	107	1455	98	32	,
10efa292-f97c-466d-a00c-e3f2bea598a5	224	1454	128	35	406
f20b03f6-f379-4c8b-8444-5c9407883614	224	1454	128	35	-
34bb901a-52cf-496c-93e2-98c4aa861e39	224	1454	128	35	13
0053e168-57a9-4f0b-b71f-e83fffe84e93	224	1454	128	35	;
b12b46f6-687e-4c58-843f-9292942219c7	356	1453	141	34	retaken
d20a69d1-60dc-40d5-9092-9338139cd733	500	1452	62	34	by
5dc46841-e48c-4d4b-84c7-04e8e703a342	566	1451	160	35	Nephites
d8173d7b-317f-4104-97de-1a93a4ce9c08	566	1451	160	34	,
35287218-fe57-4ba8-a2b6-be5a4a5d2c22	110	1483	91	25	466
f19b0525-a4d2-4d51-82f8-1d4582ed5202	110	1483	91	25	-
97baf561-4f9b-41c0-88df-60cdd182667b	110	1483	91	25	8
486844fd-ef44-4967-952e-f54187611fb0	110	1483	91	25	.
f772e1ee-64d2-4103-8a37-2bddef0cd39b	82	1508	165	66	Desolation
c44215d9-1f4a-4664-9e1f-0647b579baf7	255	1508	33	66	li
7103a446-80e6-4f1a-9968-ce6be53cf9c9	297	1508	33	66	it
94cbe733-f542-4b99-abc2-bb9afed25990	338	1508	41	66	of
19ad3126-37ab-4b84-9104-fc1483c43d34	387	1508	206	66	galleran
0a4fbba7-f64f-43cc-b30f-436db44ca098	602	1508	124	66	Bount
19c770c4-3023-4df1-a5b2-b1c7827834d9	602	1508	124	66	;
87577c26-089a-451e-bff1-3cc03367a685	82	1568	165	66	Desolation
6b27896d-d2de-4da7-b2aa-e788edb43a14	255	1568	41	66	of
bdc48ddd-4600-44f2-a188-fa08a70e9482	305	1568	132	66	Nehors
c81fe5e3-1093-4afb-b935-b8cfb8e1055c	305	1568	132	66	,
460ae39a-0aba-497f-a801-7710dfb2e9f7	445	1568	110	66	236
846e93a4-d9b2-444c-8ae4-8da50dcf67c1	445	1568	110	66	-
483cc28f-57c5-4a81-bbf0-134e1d32ae99	445	1568	110	66	11
3820f94f-20f8-4e7b-905d-27a3eb69e4d6	445	1568	110	66	.
af8304e4-ca97-43ed-b1d7-b71ae5db3c20	85	1625	128	32	Despair
9e5fdf2c-127a-49f4-bfb3-04a2ccb6cf55	85	1625	128	32	,
c6a27fd2-7286-4532-bca9-dff97683b9f8	217	1625	128	31	because
7f7fb082-a8b1-40b7-89ce-77d32f3014b9	349	1625	35	31	of
b40a190d-835b-458e-a1ee-02dd5efe5d49	387	1625	143	31	iniquity
2b60e622-800e-44c3-8e63-543b44f851e6	387	1625	143	31	,
48dade89-43da-49b4-a1c1-9bb38cbed708	535	1625	112	31	203
8a9541b5-6b17-416f-80b7-eca1349a3dd7	535	1625	112	31	-
777289e7-945a-4084-af6d-6cfb1dbbb3d9	535	1625	112	31	19
c3effe9f-6e56-4490-9adf-e90b5d6304be	535	1625	112	31	,
0054ecbd-4577-4018-8e09-21143077338a	651	1625	72	32	521
4698dff5-08b2-4735-a933-3e8724affc36	651	1625	72	32	-
c23070ef-4b02-4c5a-bb51-a03eaac03b02	82	1682	163	32	Despisers
16f28b40-5141-4168-8aab-7c1f00b6367a	82	1682	163	32	,
d58f50b5-947c-4e13-a0dc-3e68a12f86ce	249	1682	43	31	of
bddf5c35-56c5-4a30-b44b-0bfc0914de7b	295	1682	105	31	works
7c5e19fd-221f-4621-8828-9277e09f144f	404	1682	39	31	of
45ab410c-7a86-4f5e-b3ca-a339ccbc77ac	446	1682	74	31	God
51b456c0-53a7-4b12-9922-73f04d66713d	524	1682	85	31	shall
29b10609-7edd-44be-8e57-427b0b8505b6	613	1682	110	32	perish
0324cfe0-c204-4339-8652-f63811de01e1	613	1682	110	32	,
ccad4896-b14c-493d-8b9b-e0360cbab9c5	110	1710	104	25	477
c06b3a41-5efc-4a77-9890-6237da5fbdae	110	1710	104	25	-
6d946f23-be09-49da-a0b2-880ccb7cee01	110	1710	104	25	26
9911f223-2806-486e-aa8c-ee2930b68d81	110	1710	104	25	.
669e05b2-ebc3-4d0a-a363-e8b9728ed061	85	1742	194	32	Destruction
79ce33d9-176b-4ece-88b3-c82f64626e7d	85	1742	194	32	,
121e19cc-1101-414a-8638-976748dbeaf2	283	1742	39	31	of
f61d3249-a360-4ac4-86ab-62295a19203b	325	1742	147	31	Nephites
76ce2539-dc6d-4944-b509-17bf8c8dd835	476	1742	159	31	predicted
5bbe50e4-ffac-4743-a516-c520d3303443	476	1742	159	31	.
cc2f8568-2315-4560-9e45-674015af9021	639	1742	83	32	93
8390440f-c4a4-4d95-ab7d-de0d27f47e98	639	1742	83	32	-
f79671e6-d5b9-4816-a046-ad2ca45b2ee8	639	1742	83	32	6
27bffbb0-8c2c-4241-9d97-050c9f8836cf	639	1742	83	32	,
ed7def49-bed8-4372-a066-07473870fb3f	110	1770	116	32	127
dae1bbe2-632c-4525-a1a0-8a6732c982e4	110	1770	116	32	-
f44a2d6d-723c-4e31-ae9d-db8c078d5b39	110	1770	116	32	23
48fab219-ff61-48d3-a742-f436cca47fa6	110	1770	116	32	;
a274acfe-f953-4202-a54f-3f2d73e255cc	230	1770	44	32	at
28a660cc-cfa0-43bb-b946-4bda5d006933	278	1770	100	32	death
74be137c-22c2-40c0-8edb-4625dfebd5ab	382	1770	44	32	of
5debbd4e-02a4-4e6e-b5af-ef2eb6026501	430	1770	120	32	Christ
5e715093-f6d8-465d-b3fc-3ec296cb187c	430	1770	120	32	,
860fba39-82e1-41a2-bb4f-93fa5274666a	554	1770	108	32	+
99aa9574-a5b5-48d2-b87f-d588d6122463	554	1770	108	32	15
872613a6-75fd-42d3-8fe0-01e96ce75a33	554	1770	108	32	-
5e77f7a1-b4fe-451b-9193-bb3ae008560a	554	1770	108	32	5
a1d12017-9dfb-4aee-8692-e48b34836231	554	1770	108	32	;
433f3d4e-55be-4e6b-85f9-bcbda5de4e05	666	1770	53	32	be
d4e33647-497a-4a62-8468-ddea9a9e2ae4	666	1770	53	32	-
20ddb0f1-1b01-4e7d-adf4-018002c689f5	110	1798	90	29	cause
53e83a2a-4984-4ca6-9cef-26efffda8165	204	1798	43	29	of
cb931f47-b799-4385-9f08-1e02e4c9e332	251	1798	189	29	wickedness
b4f94f53-87a9-43f9-abd5-4b90aa654553	251	1798	189	29	,
400e927d-6535-4fac-a829-e504da402eda	443	1798	123	29	418
c5ba00bc-ff25-4280-8d00-0acae6594ee0	443	1798	123	29	-
1ee1d940-2329-4ea5-9d40-d33b25b57b4a	443	1798	123	29	12
21d84768-5172-40d0-b16b-ae53b063587b	443	1798	123	29	;
52b79e2f-5155-4e8f-9f46-5801de8a8fc7	570	1798	149	29	occurred
276027f9-5ae8-40ad-a014-b3b7ee49fee4	570	1798	149	29	,
1cc63867-5587-413d-b2d6-cfcc3298c829	110	1826	111	30	418
9365293b-05e6-4de1-be49-897067c1ed54	110	1826	111	30	-
6a02515e-0f60-4cfc-a1f6-ef8c5409d13d	110	1826	111	30	12
bc1d0d67-be36-4efe-822f-f0cd2518dba3	110	1826	111	30	,
ea483c4f-a62a-46f6-bea1-33f9c5ff0b24	240	1827	138	25	420
9b7db70f-7d17-4daa-95d4-a14f68e95ee8	240	1827	138	25	-
6021b86f-e2de-409a-b1c1-a1ffdc84be3b	240	1827	138	25	14
818c719d-b4a2-4bcd-8558-6fff8f503470	240	1827	138	25	;
691c7181-0c33-4371-b795-d6f64338ce26	381	1827	42	25	of
0143411d-6439-4df7-a1f8-5b64d3905bc0	442	1827	148	25	Moroni's
42cfbf8b-80de-46af-a2d4-2819f4e1c229	599	1833	123	25	people
3492708e-da49-4cd7-9907-2be8f81b5cee	599	1833	123	25	,
80d501ad-3bc8-4e6e-9133-5c5f678d5342	107	1855	96	35	172
0d284c84-e168-4cc7-93df-9a98205acef2	107	1855	96	35	-
db6499fb-8073-490f-84e6-a9b7dfe38700	107	1855	96	35	3
8ce6d624-2d65-40fe-917f-2794194a9274	107	1855	96	35	;
cd081639-628b-4c67-8c0c-a5cef3f101a4	208	1855	39	35	of
fe9a7af2-81b3-4429-a840-410eddf06b2b	251	1855	153	35	Jaredites
5da957c9-1a72-45bf-9755-a3c222632253	251	1855	153	35	,
ee924996-f7ab-4ca5-915b-83785f612a83	409	1855	114	35	490
97e07d56-ca56-4a7d-ae33-e1cb2ba36848	409	1855	114	35	-
fbdbfb1c-b898-4461-8e42-f875575b8e74	409	1855	114	35	23
a5edc0b7-ce20-4eb6-83c5-0fa36c021d8a	409	1855	114	35	,
73ac3e0c-1df3-4891-b30e-67c96f5672f9	527	1855	96	35	498
9d7c29ea-5a6f-4c7d-ac6e-e316e3aa2d55	527	1855	96	35	-
8922993d-8bc5-4e8b-bb64-6b1dfd8c7f6f	527	1855	96	35	1
4f8f642b-7643-44a4-9a2e-85e540ad30ca	527	1855	96	35	.
8178edd3-b3c7-4d3b-bf37-00e48ebc9c86	628	1855	85	35	503
9a64add4-0136-424d-9190-1cd0a7fc5673	628	1855	85	35	-
1e39f729-de84-4f22-afae-6e8fd3ebceff	628	1855	85	35	1
810cc731-4e19-4ef5-9ac8-815ba6d755d4	114	1884	55	32	514
5a1a5573-865e-4f77-ad0d-5af580adbbec	114	1884	55	32	.
15084c6c-d5e5-47f1-a95d-cc6f0ffd6693	172	1884	50	31	14
bf8859ee-41e6-4195-ba29-008f6173c786	172	1884	50	31	;
d6620b32-5a86-4257-8cd1-60655213230a	226	1884	112	31	caused
fcbd49d1-9310-4abf-b0d8-d0713f299968	343	1884	50	31	by
ab3559dd-4ad4-44de-989d-a1fc5f6be97b	397	1884	101	31	secret
e3597834-ec2e-405f-8aff-7bec21870749	502	1884	221	32	combinations
92da52e6-08c4-433e-89f0-f48926069218	502	1884	221	32	,
930324cf-874d-459f-b4ed-f37eb952b242	110	1912	110	25	1'2.21
ef75d146-d727-459c-a47b-251bd4305981	110	1912	110	25	.
eb0ed277-38e9-4909-9660-b947312a17bf	79	1939	98	36	Devil
b2e88156-f632-4b45-8b01-e7f709723015	79	1939	98	35	,
4ddaf844-8879-4ae3-af20-778aa5c3ab90	181	1941	124	36	founder
69c68674-c393-4840-ac52-1198f976c21b	308	1942	39	34	of
2f81a5de-8136-4d07-ba21-b07266a92763	351	1943	56	35	the
2a0ce7a2-4d68-4214-af84-88f11603f341	410	1943	183	36	abominable
aea2e348-2994-4644-b1ff-3a2d544f42c3	597	1946	126	36	church
9941ddfd-e562-4cd4-8152-6213f28d8b71	597	1946	126	36	.
5a444db9-ef63-4dd3-9e40-e93728ab7ca6	114	1972	76	32	22
c7dccc33-9678-4c34-852c-db9818a11745	114	1972	76	32	-
16ba90b2-a4cd-4821-87f7-0f40725aa690	114	1972	76	32	0
68e08033-9990-4087-863a-5d842cb27a6b	114	1972	76	32	.
dc3a952d-1869-427c-a1e1-6d89e23f7492	194	1972	84	32	25.3
eae6e615-d521-4966-ba52-1d729b085bf6	194	1972	84	32	;
ba044f92-112d-49ea-a1ec-7f117abb3a6f	282	1972	152	32	captivity
81b58203-ef14-43b5-a649-9c73b91808be	438	1972	56	32	by
780512aa-6bcb-4e5f-93a4-fcface77ccab	438	1972	56	32	,
32fe4a06-f6a7-4733-b1c8-1fbf5a63b531	498	1972	84	32	26
b6e0b1be-6440-430d-b610-fa8f5523f9e3	498	1972	84	32	-
a5c4d67c-67e3-4036-aade-0f399935e4b0	498	1972	84	32	7
4314726d-9f4b-45b0-8364-e1f547b3daee	498	1972	84	32	.
7eeacb70-494a-43fb-99bc-eb49f902cb59	586	1972	108	32	51
be2a2c70-8fdf-4fdb-a295-5b922a039929	586	1972	108	32	-
830ae188-492a-475a-9ecf-1cb6f0b1d9dd	586	1972	108	32	18
a09809a5-757a-4f43-8e56-7af4a1ca7aba	586	1972	108	32	;
0222ffae-3169-4ac5-8397-900f4af719a0	698	1972	21	32	a
b618a963-b58e-429a-961a-fb3535a02518	110	2000	90	31	fallen
b116ec40-39d6-4b1e-af98-188a469e2b5a	204	2001	101	31	angel
24f60d68-7450-4342-9dbe-0a9e3e4ccf1b	204	2001	101	31	.
790b2552-8adf-4853-abc9-32b9ee3ec439	309	2001	98	31	54
cf7441c7-16bf-4220-8b91-bbc57784a94d	309	2001	98	31	-
1ca67788-af32-45ff-bce0-08ed6f3fb2d1	309	2001	98	31	17
75450295-eca1-4fa8-8f0f-de216ba3e8c0	309	2001	98	31	,
495d2cd8-6b43-42f9-a80f-9079820a4153	410	2002	90	31	67
7d008367-f997-41fa-8c94-a5ff6bed3cfa	410	2002	90	31	-
da08004a-89d5-40bf-b451-1e4da51f5aa0	410	2002	90	31	8
84de499f-1aa9-4c3d-b30b-a60f22852c73	410	2002	90	31	;
cd6f144c-cdba-4cb1-b4c6-e7a464790436	504	2003	143	31	beguiled
77497b7c-d9fb-447b-b6b3-b23fb0fe3cc4	650	2004	69	31	first
d9f57ce7-ba99-4c01-8f8a-d38d98b808a9	110	2032	126	23	parents
de4caea7-734f-48a9-94f2-e47ee7727a43	110	2032	126	23	,
5ca75bcd-c7bc-4dd6-8b37-f7a8ad3da084	388	2032	174	22	transtorms
ac04e45a-d958-4ce7-94a7-ebe1e8c682f7	596	2032	123	25	himself
186230b3-a70c-4403-9bd8-34abbf556f97	596	2032	123	25	,
34f1342c-a1b1-40b0-a32a-8420dbf6041c	104	2052	88	39	r7
5f3783a1-c71d-422a-9c65-7cc3a5d3342a	104	2052	88	38	-
26e8fe5a-bb99-48ba-90cc-5792cc312cd7	104	2052	88	38	9
074b14b7-3239-46af-86a7-9b5fc496cc04	104	2052	88	38	;
ccc10430-5409-44de-90a2-7dbd536b7c2d	196	2053	75	38	and
420285b8-c781-42f7-bac9-b2ace5cdce50	275	2054	112	39	angels
ae072acd-9186-41be-aa21-096b8c301b67	390	2056	112	39	dilthy
2d56f220-e8b8-4e87-b7fd-697b979fb3b3	390	2056	112	39	,
8eed6755-da5f-4303-8ec6-f7fc5c4d6398	506	2058	107	39	68
6be5d949-00fd-4dce-a59e-a32ec942f874	506	2058	107	39	-
19ef3d11-007d-4faf-bb29-0da27b34efe8	506	2058	107	39	16
cd317c61-402a-4bc8-95a6-138dd58d2c56	506	2058	107	39	;
2c813526-4d1c-4182-8dce-4067423f994d	617	2060	103	39	father
617b5847-046e-48f0-9e14-afebbdba9be6	757	1284	178	28	Dispersion
d269867f-a692-48a7-9f94-1caa90e9e607	757	1284	178	28	,
6ce4dbac-6a20-40a5-a050-4e5fd87383f2	939	1284	59	28	see
da1a78b3-0578-4ab9-aafc-1a22917011a1	1002	1284	175	28	Scattering
5aa9d385-437d-4a46-9f40-592f66db5f32	1002	1284	175	28	.
53d5f83e-372a-4b32-b742-ce9d6ae2ab12	757	1313	193	29	Displeasure
f29ac390-c8b3-408b-ae41-c9a3181b2a11	757	1313	193	29	,
78b345f3-f5b9-43a0-b578-b7ebfd2a9018	953	1313	46	28	of
782a3e1a-d558-4350-bc97-de66e5fe27e7	1002	1312	81	28	God
e2f3f4c7-64bc-40f6-a7da-70cb11dbd8b8	1002	1312	81	28	,
64e1af09-c8fb-4acd-97db-0eb4fb68a469	1086	1312	72	29	51
671e84bc-a27b-4080-807c-24c49656bef4	1086	1312	72	28	-
3e4d473b-562c-4942-9e88-5fe3e290346b	1086	1312	72	28	2
432a9717-903a-4b93-98cc-aa5ca16683fd	1170	1312	21	29	,
fed94310-dcdb-4493-a0f8-56d8f6a623ad	1195	1312	114	29	135
b9836479-188f-4291-83ed-0f17975d018c	1195	1312	114	29	-
3160671b-2579-46c4-a963-11bcc60b0056	1195	1312	114	29	17
c88e7b8f-4fb9-4889-b521-660939789361	1195	1312	114	29	.
7b8910fb-f142-46d3-a13c-5d5465eac6cc	751	1341	189	32	Disposition
4d7b9586-9d29-4ccc-a664-047906a06297	751	1341	189	32	,
5ce0f7ec-36a0-4861-99dc-cde56a9bc707	959	1338	54	32	of
b1a1f2bf-a7a4-4e6c-a04d-6444f02f1948	1017	1338	101	31	King
00cc2edb-5e42-4009-811e-8f8d2a921897	1122	1338	175	32	Benjamin's
20ac68d5-91ec-43a3-8249-1bc13b2a603b	1322	1347	69	19	con
9134386f-067e-4731-b5e8-15f9bb4a4d07	1322	1347	69	19	-
ecc199ab-f33d-4128-91ae-86c897e10b05	782	1365	96	33	verts
df8f2d1d-20c6-4654-b144-217132be67e8	782	1365	96	33	,
27e4fc7c-b8be-4b4c-b18e-07f6460a21a7	882	1366	104	33	145
5f04c698-95a7-4aad-b740-b41931cdb459	882	1366	104	33	-
f14f22f2-e215-4a06-924d-7de4c1c6c06d	882	1366	104	33	2
8832ac7f-81ae-4f74-87f1-b3836f698d34	882	1366	104	33	;
49bf3bb9-9f68-40fa-b577-cfe0bf0c92eb	990	1367	44	32	of
fb38147c-c928-43ce-b53a-175d2a03d626	1038	1367	156	33	Lamanite
c84fd40f-05e6-40b0-8fae-f43d6ce6abf0	1198	1368	92	33	king
814ab769-c81f-4ead-ae25-fa7a4db5f4a6	1198	1368	92	33	.
7adec184-fec3-4227-8a78-a7eceba9a6cd	1294	1369	100	33	152
874dea80-164e-45af-99b4-ba0ed540a9c1	1294	1369	100	33	-
4b6b75a7-31c7-49c4-b04b-6712f073b69f	1294	1369	100	33	5
fbd171d0-00c1-453b-8e99-2ed9958e621a	1294	1369	100	33	;
a63590ee-63cb-4fe6-a8be-3917fae0c76c	776	1398	43	32	of
f09844ea-eb45-4e48-b369-2366032d60f8	823	1398	190	31	Amalekites
6936a573-9508-45e7-b2c1-d52c595f4b5b	823	1398	190	31	,
14d57356-fa1d-4409-9814-371d1e67a603	1016	1398	94	32	301
cc6bb927-747e-479c-9537-b23eab19e99c	1016	1398	94	32	-
4212c4e9-3551-43fa-90f6-d70b67e9fccc	1016	1398	94	32	6
3a81c5a4-faca-4788-9ca1-1b4aa3b2bfaa	1016	1398	94	32	.
4f29eb45-54ba-4f3e-a7d1-4a05600913d0	962	1423	170	35	forbidden
bc185fb5-6018-4b32-927b-765c49d3720c	1137	1423	57	35	by
e4ab2379-bf4d-4314-affe-3bb196d6f116	1198	1423	118	35	Christ
0599ee59-5d05-4700-9c18-26e5233afd93	1198	1423	118	35	,
6a3ccc35-a7aa-42d8-9290-93d4ce0d11fb	1321	1423	67	35	422
3d110201-0a09-4b9e-bb49-6b8370a96719	1321	1423	67	35	-
90aa263d-fa3b-4dc0-92d3-39e03a822206	751	1426	203	60	Disputations
0d7bdeb8-1795-4861-85e4-3c34b0d4cf6c	961	1426	45	60	31
f5381add-d16e-4302-b67a-656b48d2ab8d	961	1426	45	60	;
368010db-cfb7-4bd2-a1f9-19df3257b773	1013	1426	172	60	concerning
80b171a2-a79c-41db-9d07-a98767940cb8	1193	1426	97	60	name
becf16e0-084f-406d-8dcb-ae55bc44366e	1298	1426	30	60	or
66c2cde1-3134-4bbe-998e-f31ee2121428	1336	1426	55	60	te
cc22e55f-7cf0-49a8-bf4b-ff6fa835ceff	776	1480	118	63	church
a270a447-0c49-4ab5-8d87-d08afb0fcc2d	902	1480	110	63	d7.3
7defde60-9bc9-46fc-8205-1cae37968865	902	1480	110	63	;
04e367d7-d642-4465-a006-f5818beb7fcf	1020	1480	63	63	son
cf959f49-46db-4f2a-ab36-b0c81a3d5c42	1091	1480	220	63	contentiont
6fd742a3-e753-450f-a843-d9e406b5c3c1	1319	1480	75	63	bap
e9ad5443-65fa-4fe2-b23d-07b8b7b7a346	1319	1480	75	63	.
2a411efa-eb9a-4d38-a5d1-28a86a3be195	751	1536	176	64	Dissentien
fae79b1e-350b-4442-92fd-62bb0a404c2b	935	1536	32	64	a
d4e8d4c8-7195-4242-a508-e836dd12f54f	975	1536	80	64	saed
ff0a1cbf-43cf-49b3-9a2d-d15542bd4554	1063	1536	48	64	by
54c6af62-f284-4a54-bd53-7155ed5bfc03	1119	1536	104	64	Alma
e8295552-a715-403b-b86c-52a9d8fd503c	1119	1536	104	64	,
19b6d3c0-7f3a-470c-a881-61021f69af92	1231	1536	104	64	1879
3408ce1d-7a8b-4f25-b449-0c307c8b5b80	1231	1536	104	64	;
0088b568-574b-4cff-9be3-cfa0d83fa4a5	1343	1536	48	64	by
7185a317-9ed4-4765-ad3a-9c141267c8e1	751	1593	197	35	Dissensions
bca3556f-710e-4fc3-a330-6e826cccc595	751	1593	197	35	,
ac05122c-883b-4ccd-842c-b0288d5f1917	952	1593	35	35	in
531685bf-f451-49b9-9997-de83d02d744d	992	1593	144	35	Mosiah's
8ad4d30e-974f-4d94-ae9e-c8b22389a03f	1140	1593	83	35	time
2380baeb-4db0-4666-b4ec-e9858ab2bcca	1140	1593	83	35	,
2af79afb-c0fe-443e-b8b7-306a35250dfc	1228	1593	101	35	184
7446e2c6-8180-4994-82f7-fc7ed1ca0049	1228	1593	101	35	-
fbcce5f4-9752-4c5c-a588-65e1bb9317ed	1228	1593	101	35	5
243209a6-26fc-46a4-9a1b-9b08841084fe	1228	1593	101	35	;
881a3268-d9e0-41c4-96cc-081d0e5ad962	1333	1593	58	35	fol
8549934c-2076-484c-9197-1dc3c0b052df	1333	1593	58	35	.
9c26b569-f4d6-4099-8d63-86e2829911bf	776	1625	98	28	lowed
4f8743a6-cab8-4d5b-8afb-4762b1a77ecf	877	1625	49	28	by
3af40c81-fe9f-46f5-a73e-b2e1338c7e4d	930	1625	192	28	wickedness
087c4870-857b-4357-ae31-5c567f16895b	930	1625	192	28	,
cae88fee-55fb-4b3b-bade-02e22d5ac246	1126	1625	114	28	315
71aa70c9-d132-42d2-8993-f895dac0d6e0	1126	1625	114	28	-
82bae267-65f1-4529-8921-73e6e3f5f5bd	1126	1625	114	28	36
76d0a13e-0daf-4ace-adda-5146f99ba79e	1126	1625	114	28	.
d95f18f3-5316-4e15-9f03-6b18f43cfdc4	751	1653	167	29	Dissenter
8f21dd35-ead5-473c-be0e-63dc4bc9a591	751	1653	167	29	,
dcbd6047-2450-4c16-8e1c-19d23203774a	921	1653	192	29	Coriantumr
6ff148cd-d1c9-40ca-bbb9-ea63e42aed8d	1117	1653	40	29	a
aa21dab8-9b10-4081-83da-fce8d58d9625	1117	1653	40	29	.
d26be7f2-6eea-4ca5-b18c-9644e50459c3	1161	1653	117	29	360
aa31f3f7-d75a-4537-b832-5b69d5b31614	1161	1653	117	29	-
237c3907-f89d-4b99-8e20-f95c4c86a7d5	1161	1653	117	29	15
a02d1b96-2d4b-4131-bc1c-3b52bde39dcb	1161	1653	117	29	.
941c8529-c255-4ad5-8697-724fbd153507	754	1687	185	31	Dissenters
7d8f506c-10e4-4f45-b58b-839d00771790	754	1687	185	31	,
611dabd9-3876-400d-a9c7-447176419a56	942	1686	116	30	names
0fa90bee-6eb6-422e-8d13-b0ca0c2a2e65	1062	1685	127	30	blotted
d8599ab0-a3b5-4920-b6e4-ed920eb391a0	1192	1684	70	30	out
1ef36c4b-390b-4b5f-bf60-984e7199722b	1192	1684	70	30	,
c048cd13-3a51-4bdd-a111-b8fe7af776bc	1259	1684	133	27	197.24
a0aefa14-93f5-41df-a889-ab9c993f6c1d	1259	1684	133	27	;
db8c4037-8acd-4114-9f9d-c24f933f7db4	779	1720	54	19	nat
514eca92-b453-48fc-9601-2cb9f9d724ab	849	1713	178	29	converted
ae8db76f-878a-4cf7-91b3-7b4e3bfb3413	849	1713	178	29	.
dfe51a4f-43be-40e9-b90a-767a0a3a3f60	1030	1713	127	29	259
75f71f58-0387-49d6-8ba8-8d7edea166ec	1030	1713	127	29	-
a63fa249-3fac-440d-9f13-c61d4ed61093	1030	1713	127	29	29
b5879bda-7068-4d1b-b79c-802b5ee08ce6	1030	1713	127	29	;
c85c1d1d-968a-46ba-ad97-3a337d9ab6f9	1161	1713	167	29	persecute
95f514c8-bd23-4133-99ae-aa1b8cbfe38a	1331	1713	57	29	La
4b2c2333-288b-4ef0-938b-1f0c1ee17cf4	1331	1713	57	29	-
46d0a597-bf1d-4763-8a5a-619abb84c196	779	1744	144	30	manites
a85a2727-6074-4c24-84b0-15dc2ce07828	779	1744	144	30	,
015a80be-ba74-4d47-958b-b683675cd0d9	926	1744	112	29	259
249a3690-03b5-40e8-b5b4-5e5f20ab041c	926	1744	112	29	-
9de94f75-e191-44b2-b070-25ed7389c7a5	926	1744	112	29	5
cbbb4422-2305-4fdc-bfa8-fff58d583d5d	926	1744	112	29	;
4d1711bd-9808-4feb-b52b-90ce0f824a4c	1042	1743	126	29	hunted
e78322c2-5c67-4c24-96fb-f6abaa663ed6	1171	1742	98	29	down
0851fec9-8c12-4b9d-a127-d52a21c83565	1273	1742	56	28	by
eb1f5a8b-7e1b-43e7-93ca-7da370f8ce35	1332	1741	56	29	La
cbeb09d5-8f5d-4b50-bc61-c7549375b761	1332	1741	56	29	-
8720679b-343b-44e6-8bcb-4b1b95bc54f3	776	1770	144	32	manites
8072230f-2a2f-4026-9e68-cab79469cd01	776	1770	144	32	,
12268d5a-e7d5-4461-837f-b125da677912	924	1770	108	32	259
68e9a4cf-aeb0-49bf-acae-5a12bd93b8d0	924	1770	108	32	-
f596c4af-c642-4c66-9fab-a8b9ac5f36ed	924	1770	108	32	8
d2ab8aa3-07b3-40c6-a488-a937e564aa8c	924	1770	108	32	;
f8ee0065-2500-4c84-a847-db1d195f965c	1036	1770	64	32	the
2a56a2e2-203c-45a8-9fa7-d4d578a8ae7d	1104	1770	184	32	Zoramites
e08c8905-1c77-441d-b883-2d335029a1b6	1104	1770	184	32	,
16ef6080-4320-43fe-9964-5c9099d7368c	1292	1770	90	32	274
f127bcf7-93eb-4aa0-be74-1fa6eb6d3847	1292	1770	90	32	-
d35f4f27-b8b2-42bf-8e77-83b8ec84b373	1292	1770	90	32	8
36558b32-380f-4e4d-abf3-0103d00643ed	779	1802	69	25	join
c7c0379d-df47-4831-bbda-609277b1c19c	851	1802	171	25	Lamanites
69c91c5d-4958-48c8-b043-41dcf49bda42	851	1802	171	25	,
bbde23f7-b513-41b6-aa82-af2fa58b90b2	1028	1798	123	29	301
6c95649c-a779-4db2-bd3f-df579817e5f4	1028	1798	123	29	-
065809b9-33e0-462b-b046-a56dbdf4ce9b	1028	1798	123	29	13
b99217b0-75a1-456a-8b05-803b6574eace	1028	1798	123	29	.
6b71a6e5-4859-439c-93f1-ae8728d99edc	1155	1798	116	29	315
6401b857-5dd1-428f-80f0-65757cd9e1d9	1155	1798	116	29	-
c7f87c04-2ffd-4bf7-b9f4-63e2c8084556	1155	1798	116	29	35
ed2a5af5-7392-45bd-9760-40b6f0c0649c	1155	1798	116	29	.
b4bed0e9-e130-4cd0-93d5-33c4a0e6e736	1274	1798	117	29	386
2d3bfe4c-e5cf-4ff7-89db-f3cb8563240c	1275	1798	117	29	-
cfd1a3fe-0c67-4c80-ab06-0bca30c2508d	1274	1798	117	29	24
5201e6ff-a07b-420d-ac55-4472b1a30a52	1275	1798	117	29	;
57ac6051-70cc-41d1-9bf5-e678b5c9e78b	779	1824	31	32	a
be73e27f-d9d8-406f-800d-5cdd46f526bd	814	1824	132	31	menace
051c86fe-8898-4f69-a08c-2d26b3abad9f	950	1824	50	31	to
83519854-dcf0-42fb-8bb3-8dee2662983c	1004	1824	141	32	Nephites
7d657b3b-12e6-4252-be6f-7608b47c018a	1170	1827	129	28	318
da2db202-dcab-4666-8257-fc3741a47718	1170	1827	129	28	-
0f2c9b77-79e8-4362-bb63-e40f2981e238	1170	1827	129	28	24
aa2f8471-07aa-4465-b690-b9253f8bed3c	1170	1827	129	28	;
c7029dec-dbc2-40f7-b912-420cc3fea8f6	1303	1827	85	28	king
90be779d-983e-4942-9c2c-76f00c526bbb	1303	1827	85	28	-
648b5d22-a4ed-40ac-857d-bf6c7cfebe7a	779	1855	76	32	men
8737e338-b78f-4d92-861a-1993464c6a5b	779	1855	76	32	,
759e21c9-4f92-4935-af5e-55b4855994fa	859	1855	108	32	refuse
0a84161f-e65d-4e4e-8ace-d7a2e54f7935	971	1855	40	32	to
a60ed618-f9af-4208-8f20-d2fb83d23f71	1015	1855	88	32	fight
a892aac5-0171-4af7-bae1-bf2706e70c06	1015	1855	88	32	,
9e1ff3a5-025d-4aec-9c27-6939068159b6	1107	1855	116	32	325
150bda76-8985-4a6c-8f58-90f21363f3f7	1107	1855	116	32	-
758b4719-410b-475b-b6fa-1996d4efdb58	1107	1855	116	32	15
68f41212-8978-456f-9a85-c81aea9cba5e	1107	1855	116	32	,
4eedb340-813d-4c39-8879-b63e953ce7ee	1227	1855	100	32	354
5a7de4a8-c501-4a58-bd39-e6d3adb6b39b	1227	1855	100	32	•
7c1bc710-a341-4f1d-b64b-f5d31635c8ec	1227	1855	100	32	6
73e48031-e3f6-4823-9f09-d3fbfc4afb91	1227	1855	100	32	;
76d78ea1-7ec2-4d1f-96d3-cf3b5a2af5cf	1331	1855	60	32	one
e720da44-974d-4497-88c9-74a310ae65ff	776	1887	168	28	converted
0e1cb223-ea55-4e2f-9765-1772701b2126	776	1887	168	28	.
f258956d-1e91-473e-afe8-dc79a13c905d	947	1887	122	28	371
ef0f5655-30c7-4680-ad2e-ac2043683566	947	1887	122	28	-
33d8da95-542b-4318-9abc-72b35babd591	947	1887	122	28	35
9acc95b4-4755-4a05-925a-3718a18c7abb	947	1887	122	28	;
a4ccdf71-96f0-4078-a235-ba0a8537fd9b	1073	1887	98	28	Jacob
27eb7a30-ea9b-4683-9920-44fe8a450cff	1175	1887	63	28	and
b25a3596-9a7c-47fc-9073-9dad1beb34bf	1241	1887	150	28	conspira
b9b81154-85af-4212-8e86-b530f94c224b	1241	1887	150	28	-
f5587284-04fa-4ef0-aeac-98b3a3059d96	779	1915	76	29	tors
226c6645-ddb8-4307-951f-07f9a2d22eaf	779	1915	76	29	,
9e2bde74-ee36-440f-b6be-50dc591b78aa	859	1915	116	29	+
4c471b57-f754-4164-a7f9-b847e4e1ba0d	859	1915	116	29	13
9bbc25fc-77a5-4f63-a36a-24a4dcfb5f6d	859	1915	116	29	-
c4254f37-cf12-455c-9af6-620b2228573e	859	1915	116	29	12
598e748e-b859-428c-b3ba-690e3ba59fc1	859	1915	116	29	.
85612c68-2145-4466-b2c2-2f68a20b277b	748	1941	141	66	Division
b928413a-12d3-4b9e-9a9c-1b5713bb0aa2	748	1941	141	66	,
cee9b18d-fda4-4944-87a1-91abec31db1c	897	1941	140	66	ngong
f62f5b39-fde9-4533-a632-a3a3c6a96375	1045	1941	83	66	op
76ff18d2-14d8-42cd-9255-e9e31992fd80	1136	1941	148	66	ophesis
3ce86273-6ff0-4c99-90af-10dd901cf9a8	1293	1941	102	66	02
c2215d7a-0655-41af-835b-b52addf2f288	1293	1941	102	66	:
2adca093-9f31-4232-9667-80a79a63911d	776	2001	133	28	between
e923a5f7-c06d-4e7e-b606-78232bca460c	912	2001	133	28	freemen
45ac87a1-af78-4cc6-8f92-03a28da1bc3a	1049	2001	66	28	and
72f84537-dddc-4c17-b53b-749c412466a9	1119	2001	168	28	king
4efb2c13-07e2-4a03-aa9b-247bbf1dfcf2	1119	2001	168	28	-
f5db7bf0-ea46-4f81-a21a-1271cc1daf46	1119	2001	168	28	men
b251adfd-ff5c-4e11-b8c1-94d661e3a5a4	1119	2001	168	28	.
04520258-3605-47b1-a10f-4f6b821655af	1290	2001	101	28	324
e29301f7-5ef7-4c68-a935-2b9c4b1403dd	1290	2001	101	28	-
6a893d40-dba3-4c7c-b355-248c0a57034e	1290	2001	101	28	4
0f9c24a8-c158-46e2-b658-e25a125e1242	1290	2001	101	28	;
a05b6797-b7ca-4d16-a8be-0e95e405c9ce	779	2029	147	28	following
16c5338a-8d95-4b93-98d7-4fe74c120f69	929	2029	98	28	death
1949f56b-8ba8-4143-b7bd-e79366970295	1031	2029	42	28	of
7285a63c-56ff-4691-9baa-67db34e7f905	1076	2029	147	28	Pahoran
518c523a-6f34-433e-a251-2f0cbfec0a82	1076	2029	147	28	.
d01ba1bd-2e79-4091-b043-aa8e461e5066	1227	2029	105	28	350
48587862-7f7e-4c44-b612-e916aa1790c9	1227	2029	105	28	-
3e558d47-4a74-4e58-9a59-ce5ef83ccf55	1227	2029	105	28	4
84ba34ec-5441-4e1f-a8bb-3a1b142f7c7e	1227	2029	105	28	;
5d65e2e2-171d-4b83-b822-204d52700556	1335	2029	53	28	be
478ed414-eea8-455c-a5a7-496881486b74	1335	2029	53	28	-
274db04c-2e2b-4003-b596-a2b29b31c5bd	776	2057	100	32	tween
9c43d4bf-b10f-43f9-9c52-beacfc8042b1	880	2057	120	32	church
7c84c089-8ca8-4ba2-a7bf-73aa393054d5	1004	2057	68	32	and
e72b0fc8-29cf-476d-a076-ec9e99c2f07a	1076	2057	196	32	unbelievers
ffebd64b-582e-4204-b871-532630a4ca8b	1076	2057	196	32	,
0e002a5b-fcf5-427c-b535-328b0d92087c	1276	2057	115	32	458
5d44e837-0797-49c0-8480-206151fdfb8b	1276	2057	115	32	-
64f19a7d-7b78-4fe1-b625-bd576dec1a7b	1276	2057	115	32	35
ab0bb374-a7c1-4bbd-98a4-3c00d954d2d3	1276	2057	115	32	.
