ID	X	Y	Width	Height	Text
35abfabb-8330-486a-a44a-c74ef043b8c3	101	237	128	60	controle
fea3aade-ea95-4438-9b82-fdbac4ca805b	236	237	157	60	dudement
d64caac5-c49c-497c-936c-7bf92773dab4	401	237	75	60	ere
3877fc75-d315-4290-a382-adf83c4de979	401	237	75	60	-
82bdc156-d169-417f-a6e3-d1a4c0c392ea	287	265	123	35	385
ef580607-1ac7-41c5-b188-26b39c6e3010	287	265	123	35	-
ed2ac656-949f-4826-9d4d-2a846f762eaa	287	265	123	35	10
37554608-265b-4699-85e9-9ddd9e2813cf	287	265	123	35	;
50065bcc-d375-45a1-9ea6-c69dc163a767	410	251	243	43	re
512a2cab-474a-49f1-a9f6-a1a9f36005cd	410	251	243	43	-
1c47a33d-bc04-40c7-8f0a-1ebced64ec24	410	251	243	43	established
bf312673-2dfe-4521-b014-e3331de97a3e	104	293	178	28	mountains
c96044ec-a5ed-4c81-938a-0e8037cbef23	104	293	178	28	,
45510caa-b70f-428b-86ef-42fca79bd72b	286	294	126	28	401
578beefe-2039-46e3-90c5-3a5b55e60fc2	286	294	126	28	-
46c2061f-70f2-467e-829d-f70f2fcfe83f	286	294	126	28	27
6485544f-78ef-49d4-81dd-edd8081028ac	286	294	126	28	;
107ba365-4103-4666-b074-268ab5db924b	415	294	119	28	among
ada3157b-ac34-4985-a0e3-65eb740e0632	538	293	175	28	Lamanites
f0b28d1c-8ac8-4bda-9a97-eb38b5decab4	538	293	175	28	,
70fe67f0-af84-4cda-b3b3-b19d3239d3cd	104	323	111	35	401
9ab3cc69-d5fc-47f3-acf3-db230006ffcd	104	323	111	35	--":
2dfdaa3d-6684-4929-b939-a052a6074d9e	219	322	119	35	461
0c967bcd-384a-4742-9419-e9b7a737ecd1	219	322	119	35	-
cfaadbbe-539f-4d0d-87f3-e2836b61dc7f	219	322	119	35	18
c2c826d1-68f9-4708-add3-256e7768133b	219	322	119	35	;
a4f3eed4-2f61-422b-8189-584de7a74368	342	321	124	35	become
2015a714-80f1-4c56-81b4-84abf3f18367	469	319	170	36	numerous
8f9f08aa-7377-46c3-9e38-b414643bcbca	469	319	170	36	,
94e6de71-88df-4573-84d9-1ead97172a22	644	318	70	35	402
e31c2dc4-4df5-4eb7-91b8-a69d3917a742	644	318	70	35	-
41fc80a2-c481-45d7-878d-b9a19a5cc5f0	107	353	49	28	11
cc2a4ec7-409c-4683-bd50-1598201d5f1a	107	353	49	28	:
389d7270-d5fb-492a-b8cd-5369aa17590d	159	354	77	28	gam
87b991f7-a0e9-4a14-b1d8-ab88f0ccfe07	240	354	178	28	advantage
1393a796-1ec8-4265-9e0b-5f61223589da	240	354	178	28	,
b3844c00-46b6-4ada-aa79-0dec33a1a9d3	422	353	111	28	403
df06b1dc-729e-48b4-a5e0-6dbe5b99567d	422	353	111	28	-
9d42c4c4-0449-4c7b-be4e-6b11cb0eef8f	422	353	111	28	18
e010b514-b03d-474a-aeb2-cc72a12259f3	422	353	111	28	.
bc0347f9-73c7-4a37-8185-adbd490daed3	82	382	182	28	Gadiomnah
c4f6a6bd-eefc-40b6-b231-8557d397b9aa	82	382	182	28	,
0f663edd-c3fd-4ce3-bd71-7eb9644ad2b8	267	382	77	28	city
15dbc742-30fe-4c67-9658-ec684d8701d7	348	382	49	28	of
faf698f7-3052-470b-8b24-24bb59c38235	348	382	49	28	,
c2a77c21-5ab8-4320-9b8b-60128bfd3473	174	404	158	35	churches
4f2ae685-6dd3-4e35-9270-cac8c50de6c6	336	404	88	35	built
a3c33dac-288f-4e12-8a47-5f493038054c	428	404	70	35	for
61e84999-a5fe-4ecf-8d96-126b86a14cd1	428	404	70	35	,
eb1d34be-bc44-4666-891b-8d6744a186a6	502	404	109	35	48
316aa209-5e9b-44da-b15b-bcc7e762f24f	502	404	109	35	-
e71599a0-6ff1-4e90-a2cc-3cc1bf783445	502	404	109	35	23
666ffac8-7611-4c89-b490-e177a93e421b	502	404	109	35	,
35c993b7-993a-4630-b853-d454ca122b69	616	404	100	35	94
30a38630-7971-4a61-a851-87d713cc5ae6	616	404	100	35	-
a903566a-9d64-433e-86b4-96cab72a027e	616	404	100	35	20
bf146ee8-d182-41c9-9dc7-78a8d10af3ab	616	404	100	35	,
c6d780cc-b177-47fd-8fb3-79eb73217065	202	435	136	32	458
bedbf107-b9aa-418f-b6ef-eed4ae08ee47	202	435	136	32	-
241bac94-290a-44b6-b442-59ddafff6156	202	435	136	32	26
ae013036-6921-4745-ab81-aee19c057ef4	202	435	136	32	,
f4f14d9c-f002-462b-8428-91a08ae8ac90	342	436	132	31	474
da6a8692-4450-4553-a9a7-7ebf2bcf4694	342	436	132	31	-
148fc145-d255-4aac-bdb4-181750338aac	342	436	132	31	33
7441a16f-6d11-4559-af96-505eb4e195a7	342	436	132	31	;
75b5ffd6-1463-4c2d-954a-9b5cae06d8e8	477	435	103	32	object
fa7e9782-eef7-4a5d-b2bb-c28da74e1b18	107	467	82	22	phite
96eb6c8a-ce7f-481b-ad89-9906a8757980	192	467	140	22	lawyers
25ebf193-e47f-42fe-aaed-87ad3dd99147	192	467	140	22	.
f043f47f-6bfd-4735-90fc-3237b3a50476	335	467	119	22	221
31fa2b3a-7788-4f3f-aac8-84efb012e7df	335	467	119	22	-
8a1f1ba6-9fc6-438b-9b40-9dda5103004d	335	467	119	22	32
77ccca45-e6d2-4c82-be82-833119a865b3	335	467	119	22	,
065ec182-1175-48be-a6fd-90cf42ff537b	457	461	122	28	222
9e0ad437-4b8c-4506-974c-9c1403661d50	457	461	122	28	-
57b9f0de-8e07-4290-b2b9-2311c770b639	457	461	122	28	20
e796b3cd-418a-4ae1-b0b1-b0ecc9ad327c	457	461	122	28	;
08c869c6-e16b-40ee-b887-48b40434d779	583	461	130	28	through
d48e9290-f828-43da-bcbf-23e931408522	107	494	130	29	plunder
20535e20-deb6-4ce4-a02a-aec516c9c3f3	107	494	130	29	,
9e7b91a0-bbae-44be-b467-0bc0fbe6cfe6	240	491	124	28	374
390e7fc7-fe07-46c6-8a56-80c06d6840e4	240	491	124	28	-
f6734e33-f7bd-410b-8e2c-4ac92915dfde	240	491	124	28	17
5f6ae20c-7b83-4782-a224-597160705992	240	491	124	28	;
c48ada72-e36f-4bcb-8903-c857d29d6278	367	489	104	28	plates
7b4257c6-8bd4-44bd-9e10-5ccb7d621617	474	488	62	27	not
0b0f2f9a-64ca-403c-87c9-b51c0266dd98	539	487	43	27	to
309bfa22-82ef-430c-8f18-76498d8e219d	584	486	49	27	be
cb5decd0-9a61-4d74-a533-88eced92839b	636	485	74	28	used
f23af9ef-bcae-4253-afcf-0cc643edce7a	107	518	55	35	for
b8d5d576-18b9-4a33-ae4e-6990aaca1cc4	107	518	55	35	,
ae3650f2-a018-4023-8ec9-62f82c95d269	167	518	123	34	473
e93a0100-ca50-439b-a23f-ffd7793baa0e	167	518	123	34	-
188961ed-394b-4769-96c6-d453308483a5	167	518	123	34	14
ab42426c-c86d-4916-a22f-6a97473a7a44	167	518	123	34	;
29384a9d-d10e-4819-abbc-5b589e0eb884	294	518	140	34	through
1964e2d6-70ce-4293-91d7-91404458c47b	439	518	111	34	traffic
9e3bb16b-7bd1-4b44-bbcc-e545ee4203e1	439	518	111	34	,
42f918eb-90a4-4fa9-b557-3b7b96708939	553	518	116	35	497
2bda6c3b-e380-4011-9fe7-92581a5fb3e4	553	518	116	35	-
f4fe873d-0d8c-4de8-b7ce-ab7c36c5b62f	553	518	116	35	22
6e95c7ae-ee70-49b2-af30-31bd1a6b9662	553	518	116	35	.
345869ed-9edf-406a-ba07-3ffead029f5b	79	546	72	32	Gall
18f6af68-4cb0-43b1-bd02-e4405b827d2a	155	546	40	32	of
f7cebd1d-7c2c-4fcd-a722-c1dc4eb347b2	199	546	176	32	bitterness
856aa135-ade1-4556-af2d-ceef30d62f4a	199	546	176	32	,
4694b2c6-c29b-43ef-a71c-4242a34272b6	379	546	80	32	soul
a2254b0c-d14d-4761-82f6-a6a60166c24e	463	546	160	32	redeemed
e50705d8-e673-4797-9c4b-4623c5f07d73	627	546	89	32	from
cdf6d8bb-d013-4b9a-8cc6-da8477aa8200	627	546	89	32	,
8d1a4a12-3f37-404b-bbef-b2622648d55f	104	576	117	34	188
63918585-20af-4b01-9e0d-a030a43dc554	104	576	117	34	-
c90a4a42-63e2-42df-aaac-740b24d1b153	104	576	117	34	29
22291a0b-f906-4349-b70b-bb3613af0593	104	576	117	34	;
a27d20a3-677c-4129-b825-d66512932c3d	79	574	88	88	came
8889cc1f-8e75-4992-aeaf-997f1bdbccfa	178	575	220	88	stricted
f1b7f137-728d-43e2-a4cf-adbad326f187	409	575	110	88	a
7110f4d6-3b8d-456b-9599-707cb5fcef0a	530	575	132	88	deserted
cfd5148e-9e9d-4383-8b42-c8693f7f98fe	673	574	40	88	by
4e7ae01b-811e-4662-a35f-f2320185880a	539	573	125	37	wicked
daad87ca-0ad1-41bc-8bbc-81868e37495c	667	571	50	34	in
8c6fb210-0bc5-4415-bbea-f5b79276dbb0	667	571	50	33	,
941cb63b-24bc-487d-8912-6398810ccdbc	110	661	149	34	Nephites
f2fc3484-dc44-4cb8-9b44-53b03d73687b	110	661	149	34	,
b7bc2eca-ed16-4320-b0e5-1778d570d6c3	263	662	120	33	406
06f9c4a0-0e45-4b5d-bdd6-bb074ab69e97	263	662	120	33	-
ab64bcb4-96c8-4b06-b033-b708f49ab9be	263	662	120	33	2
419345fa-c47e-4198-b280-2685344dbd29	263	662	120	33	;
cad2a6e3-c808-4259-baa3-e243635829e6	387	662	144	33	scarcity
620d22f9-91be-44bd-8a3f-50030da73488	535	663	54	33	of
33a49113-a8f0-455b-b209-4ffbc81a35a7	535	663	54	33	,
77e12762-a1c8-4998-b835-5731b1dd83e6	593	663	120	34	hinders
08d74c56-a343-4f8e-a418-96a10e02dc71	101	692	140	32	robbers
f789fa7a-6749-43d2-b613-a4debebd6c6a	101	692	140	32	,
e2dba0e8-8bce-4960-9943-fca826956b21	233	690	136	36	407
667e57d0-9c9d-4548-b900-fc884707678a	233	690	136	36	:
d6b54b64-ddd1-4366-9625-da6c61da97ed	233	690	136	36	20
325a427d-4c71-4557-aa7f-52f904d39a02	233	690	136	36	;
16ea36e2-4ce0-48f6-8e0a-19b80d82da69	373	689	180	36	wilderness
caaaebd3-6804-49cb-b4e6-966b505430df	557	688	159	37	preserved
53a89b77-143e-42ec-983b-f55783f51c2c	101	719	61	35	for
11f1731a-ec49-4038-9b20-2a0441dc4e1b	101	719	61	35	,
7cdcad45-1313-411e-b977-9304d32ac6a8	167	720	53	35	by
3fd10969-0131-4b3c-aa12-5f3c2b920a47	224	720	157	35	Jaredites
0561cfa3-7061-4823-ba78-d2627196561c	224	720	157	35	,
be57a5ee-2699-4331-b7b1-2c1367ba2163	385	719	116	35	497
14c255c3-a840-4cb8-9874-88c2622b995d	385	719	116	35	-
de2167f0-39a4-42d5-85bc-e1aef53ed512	385	719	116	35	21
74d2553e-3253-4fc4-b876-ecaa964fa67c	385	719	116	35	.
3f97bc63-d381-479b-8bcb-52f55e26f1a9	208	747	60	35	of
feba2c08-11e4-4c15-86ab-39c87052c5fb	272	748	94	35	Eden
6f4e4ca3-418a-4a7e-a683-158532a3e10c	272	748	94	35	,
26d1c7e9-5ba9-4ffd-a1b2-f12075922628	79	748	113	60	Garden
fd185ea4-2b31-4a1c-a118-985283926a77	79	748	113	60	,
05ad4b4d-d45f-4e22-a18e-1aac53aba115	199	748	90	60	5
e6827ca4-4025-4b5e-9e23-ffd959d064fc	199	748	90	60	+-
01cb9b74-09ed-4315-bf60-33fa540f4a15	199	748	90	60	19
e0ebbd74-01c0-4eb0-8b9d-0163e911b535	199	748	90	60	,
a508097b-a430-4641-bc6d-234c9501756e	296	748	105	60	2032
70250601-c860-44f2-be8d-4ff542ee75c5	296	748	105	60	;
dc158a86-b664-4a50-a3b9-62379b949977	409	748	37	60	of
3262e045-9500-4b07-be07-506165412df7	454	748	97	60	car
243ca538-d224-4843-b504-33052ccdac96	454	748	97	60	,
9d795ca1-4609-4d09-9b7c-e377017af62b	559	748	154	60	multitude
dff19e8b-26c9-4c4c-ab30-2939bdee6686	79	802	142	63	Garment
9c3bcfe1-e984-4df5-98c7-50c62bd44997	79	802	142	63	,
fd125726-17be-4b86-901f-2d559161a9e9	229	802	87	63	deo
0ab0f1c8-dc62-490e-a794-8ac1b78ff8fa	323	802	87	63	17ng
96dd2bce-379c-408d-8dfa-b90490bf9e0b	418	802	87	63	Noah
3fb10afd-9c57-46c6-ad2f-565d1987d186	512	802	150	63	compared
914bc0ae-3834-454c-886f-f7d2040a6d2d	670	802	46	63	to
3e691775-37a9-4e2d-817f-be9c4f0a740d	670	802	46	63	,
6ea4e59d-24ce-4535-9193-11b69486dee7	73	887	167	38	Garments
d8923fa0-075e-4e3f-93d5-e0250ad40b1b	73	887	167	38	,
8f4c5676-04c1-414a-8587-9e597d094b6a	244	887	33	38	of
2530a253-d8bd-4b4d-8e65-b3b14a915748	282	887	100	38	Laban
c65af5ff-f7f6-459a-8087-dc3d55ebae5c	386	887	86	38	worn
140abe5e-61fe-4fcf-a545-f5ed6b68bcf9	477	887	43	38	by
01a05077-a33a-4728-8d46-f9ed37da9e2d	524	887	105	38	Nephi
39db7c49-e38f-4d6a-af6f-2746a7cf6a73	524	887	105	38	,
4d15ada4-dd30-4890-a1f5-eb8d1d0dd6ee	634	887	76	38	8
4ce769e4-152f-4b6b-aa63-4e4533fb9b61	634	887	76	38	-
0a521d0e-b366-4301-911c-6e90d5ccb768	633	887	76	38	19
55a5e222-9d57-46e5-bfa4-0e813cb0987c	104	915	38	35	of
a78b7f98-a7d6-403f-a9eb-de4f57545cda	147	916	60	34	the
2f6b1a5e-1cd6-45b4-a271-d5d61b8e684f	210	916	110	34	twelve
182786ad-dc4c-4b70-a657-589e66e506be	325	916	153	34	disciples
b185e627-cf39-4788-9b7d-87e018800bae	325	916	153	34	,
f01accba-7c88-491d-aec3-28362f1e85fb	482	916	98	34	white
c639ffa7-bfce-4e52-85ed-6346e0cb6195	584	916	42	34	in
fcb9a54c-05db-4904-9edc-29e9630c2d83	631	915	82	35	blood
000c3d96-9dfe-4d92-a96d-0fd6301e7708	104	947	44	32	of
db23c91f-3c62-40d5-8b25-6067e8d68a1c	152	947	113	32	Christ
c3ca4fcb-3227-4cfa-8e63-c13aae4a619b	152	947	113	32	,
1e7d5781-974f-44d6-b3d2-9e215abfffa9	274	946	112	29	21
5d8f55b8-d9e8-4d79-a911-abea98ffa36b	274	946	112	29	-
1260aea0-d80f-481c-8bfb-9bd9ac685c7a	274	946	112	29	10
13facb1c-e8ad-467f-8ad3-081e70c987dd	274	946	112	29	;
9218386b-4268-4ef3-92d1-cdfb673980bc	390	947	52	29	to
b2b6ae52-0d49-4a53-9e0f-3abbf95d9feb	435	947	60	32	be
6978eeef-187e-4f7e-8436-d9fd16e3a4b9	499	947	84	32	kept
ed9c7208-9737-46df-a033-ccf46d3d01bb	587	947	129	32	spotless
7534d76e-e60e-4fb5-979a-b60294709016	104	975	200	35	(
8afa5d3c-d649-4078-9d39-f62902de86e9	104	975	200	35	gurative
5947fe5b-22c5-4722-9f48-d1de5a5552ce	104	975	200	35	),
3d4acb50-0b3f-4a84-9839-1989820421be	308	975	102	35	109
ca4f5061-00c5-4801-a420-f6e1ec614893	308	975	102	35	-
ceda2ae1-6d58-468d-9ced-17e1a9e5a907	308	975	102	35	19
6494f05e-4ab0-4043-909c-f7f510150f28	407	976	20	32	,
77585459-b12f-4243-9be6-cf532041f057	430	975	39	31	2
9232842e-392a-4ff8-a601-459af45e6470	430	975	39	31	,
143da299-07ff-484a-89fb-549ce5a5eb89	473	974	121	33	138
d174c4c1-4184-44c6-84ae-81ea84430e31	473	974	121	32	-
f7ada6c0-cb49-405a-8ec0-6dae3dad6673	473	974	121	33	28
4f1943eb-83ed-4d1f-b77d-0098fa549e80	473	974	121	32	,
b90e39ac-2dc6-4ddd-96e3-60db7f99cef0	593	975	123	29	206
e446c0f4-c19e-454c-95ee-4c8749920055	593	975	123	29	-
f609a189-4bf7-4bdc-8d39-517086f816c1	593	975	123	29	21
63612083-6124-43e0-b0de-48277eb000f1	593	975	123	29	;
4aeb606d-c5d9-405b-ac17-9a459f664eeb	75	1034	99	30	Gate
0de746d5-1263-46b2-b6ca-8ef5c1612066	75	1034	99	30	,
ca55bb2b-5b95-4db9-9403-502b4d295439	104	997	34	69	at
091083a3-9d9f-4c33-a4c2-90fe8a62fad0	147	998	86	69	sins
caf538e9-4123-4567-a573-5261b7e7d9dc	242	998	129	69	man
2bcfefb5-1ab3-4c6d-9f19-1a3834a4eedd	380	998	121	69	Taman
701edcf5-af65-4c01-8657-f1c747e93380	509	998	52	69	to
b4741a90-f737-4d1e-9fd9-5ad788383e80	570	998	43	69	3
4c94a3d1-3379-47f9-8ab2-a8395f639e1f	570	998	43	69	,
406caa60-80c9-4511-8627-c668f9cd4ac9	621	997	88	69	9049
3d50ea3e-7fd0-44fa-b9e8-219cd1e5d45b	347	1060	114	29	428
2efcaa47-34ca-481f-8775-ec8408b4d602	347	1060	114	29	-
b959b7c5-a3d8-48f8-9fa0-9c955b9de61f	347	1060	114	29	13
1917106f-27b3-4f95-aac0-bbbe178929a9	79	1088	166	63	Gathering
4d88fd10-ef8a-487a-9fcc-76742424a9b0	79	1088	166	63	,
5e6b7d55-77ac-4779-8418-ca5fa83a77ca	252	1088	47	63	ol
85b627e7-ea70-49f3-93d1-b30dbd108167	307	1088	102	63	trad
fa75e9f9-8e59-4bf4-8d34-e72174b38698	307	1088	102	63	,
52e85c72-f66a-4959-b692-b053cc03ef96	418	1088	102	63	431
db927b44-9d6c-45cc-8f2c-27d8b89587d1	418	1088	102	63	-
d2b400b1-71b0-4140-990b-6c97da860530	418	1088	102	63	3
b8723d3b-e771-4b72-bc08-984669f842e9	418	1088	102	63	,
af12a3a8-48e9-4553-b681-bd816001b829	528	1088	119	63	412.13
e6b64f59-c438-4944-b756-0eff8d16c507	293	1117	123	35	Israel
22765458-ae78-4867-8df4-1bdfbe0d8050	293	1117	123	35	,
54d6c300-3487-4222-9455-63cff976c7af	421	1117	102	34	431
4d3ce3e7-0f09-438c-9020-1751e970a178	421	1117	102	34	-
93ee012f-71ff-4239-975c-5d6522e39abd	421	1117	102	34	5
8adc4e9d-90ba-41cf-a10f-107e29a20022	421	1117	102	34	,
68d55d9c-0d85-4d40-83c8-30ce33be6827	527	1117	98	35	442
be7c1cc4-e2f3-4817-b533-773edbda161e	527	1117	98	35	-
0c3d1ec5-d352-4065-b560-e930c81788d5	527	1117	98	35	1
76b96e0e-bee1-496e-afb1-910f97cabd0c	527	1117	98	35	.
5c8fecf5-be3e-4a32-837e-36d9153ee941	76	1145	145	33	Gazelem
eda92fd1-b850-47b7-8cce-d9744bef62bd	76	1145	145	33	,
f1e53948-b5de-4bb3-a41c-006e2937ea17	230	1145	111	32	290
d8fa4f10-13da-43dc-b2dd-d4122178775c	230	1145	111	32	-
7abed312-315b-4d21-9141-f65cbcb0ec11	230	1145	111	32	23
0997bfc7-0d00-4550-8532-894da54a5d89	230	1145	111	32	.
fdf7b500-8559-44ae-a0b5-eb3a44cdfc8d	76	1173	92	32	Geba
4519d694-d12d-475f-b6d9-1c2fa5c307a8	76	1173	92	32	,
3ee75c09-6f62-41df-ae08-af90a7ec2e31	172	1173	99	32	84
ce09f31b-726d-45f7-80f3-fb548c1574b8	172	1173	99	32	-
7434cd9e-3495-4e9d-8e6d-d1c8c4c24fda	172	1173	99	32	29
a4b1f835-1496-4f59-9627-f7bb3a2c404c	172	1173	99	32	.
6c559a12-a46e-497e-bc36-a94e4b93bd90	76	1202	114	35	Gebim
23cedf9b-b895-4a9e-a403-b323c55751f7	76	1202	114	35	,
51fda3c6-03af-4648-9b68-348498589f1c	194	1202	102	35	84
4b55e58c-c4db-4ae4-85a1-dc2a63daa820	194	1202	102	35	-
fe3c7e4e-3be0-45b8-92df-f72784de393d	194	1202	102	35	31
91a09680-b1aa-4269-bd18-7f594f8d02da	194	1202	102	35	.
efec0c19-008a-40b1-a50a-7141ee2ce40e	265	1230	48	32	of
3167424f-7603-491a-8c87-95c00de04d9b	317	1230	92	32	Lehi
a1410097-be36-4025-964d-e32d8c2a660f	317	1230	92	32	,
2c4f805c-ba13-429e-b5b9-3af760d12fdd	413	1230	73	32	5
64866b93-71f2-4ebb-bd1a-e36cf4d285c2	413	1230	73	32	-
50558d53-a35c-47e4-8ac9-a4614bd46b2a	413	1230	73	32	3
cb77f8d5-a1f0-4720-b90e-2bd5593a145b	413	1230	73	32	,
c404d620-e098-4908-8cd5-69ff331a8d8a	552	1233	114	26	10
9a800942-c940-4985-afb3-1ad223958c99	552	1233	114	26	-
b417f4bf-64b8-4a2a-9e02-564f00b3045e	552	1233	114	26	14
bfd68e6c-8706-49cf-b918-d7dd10513e79	552	1233	114	26	,
385fd101-745c-45ae-94e9-489f172f0672	669	1233	50	26	16
5aa10814-3357-4a06-b0db-545eab911b3c	669	1233	50	26	,
34a788bf-a5c8-46de-8e64-01d41a3de5e1	80	1228	127	62	Geneal
b4737df5-d55a-4535-9302-df25f5657fe3	80	1228	127	62	,
497cf73c-90ac-4855-8891-1f742eca6982	210	1235	44	57	Vi
1b324611-f67c-44f9-ae06-281ec9b4fecf	258	1238	188	65	Zarahemla
ff0a2e33-e887-4235-be99-e2d76e911caa	258	1238	188	65	,
371c5d59-8f6c-4ae6-bbaa-d6f41ad59e47	450	1248	127	62	130
9f8dda84-a514-4f72-a117-5b43d67db1c8	450	1248	127	62	-
a97fe721-414a-4775-bb70-40103bf8668f	450	1248	127	62	18
e88d87ab-4349-490e-b579-76a0e199ffa9	450	1248	127	62	;
f17ffd1a-8f64-4400-a5e5-2e5dd8d544a9	581	1255	44	57	of
6916b290-4eed-499d-a749-7fc0e8abf712	629	1258	88	60	Jare
5c2b6a40-3916-48ae-8669-1ccd167c47f6	629	1258	88	60	-
00f8897c-05e1-42c5-bba5-3e247e1648d0	104	1287	70	35	dite
ff36bf35-a6ce-4f41-af70-183dbfbb9fc3	178	1287	105	35	kings
9c147810-51cd-4fb8-bd97-0ff02e282b80	178	1287	105	35	,
6f39e707-7a77-446d-b8aa-5ca68f572c5a	288	1287	100	35	478
9a3dfb39-cc20-4fea-838b-f085e2fa11b7	288	1287	100	35	-
b339f2e6-782e-4b16-a7ec-fd4e36eba816	288	1287	100	35	6
85755b09-20ff-477e-ab7c-e8f85b97705f	288	1287	100	35	.
8afc96d4-2d8c-48b6-9ca4-62c6401311c7	82	1317	180	26	Generation
074e07c4-c72d-4236-a0d9-70c6da6fd72c	82	1317	180	26	,
2e5214ed-f92e-4fc8-9909-c3f0d5367f51	356	1312	119	29	fourth
26e091bb-e2f9-4603-9393-edcb6ff935c0	479	1312	94	29	from
9d534b52-28c2-4ae9-8533-15a152e3bb8e	577	1312	101	29	birth
edbcb98a-3e7c-4fb4-977a-6e596c52696d	682	1312	37	29	of
954fedc6-2cb1-4a61-af8e-8a116b0b3ce9	104	1341	109	38	Christ
676f9a66-527e-469a-b39a-bba490fb03ca	104	1341	109	38	,
da8a6554-d6a8-484f-bfb6-bc08c2e7044c	218	1341	105	38	21
48a220a3-7286-4361-9bd7-189279a3cea9	218	1341	105	38	-
232d670b-3ac6-45e7-be72-a2889073ca9f	218	1341	105	38	13
e83bee25-f148-4d1e-b175-600d9a66fe85	218	1341	105	38	;
5926feeb-c371-439d-851e-61c0cf5be6a1	327	1341	81	38	93
0c22c921-2039-48ed-8281-5d9731f85798	327	1341	81	38	-
549133d5-744f-4d18-8f0d-ad49d51f0d1d	327	1341	81	38	9
86b55b36-a480-462d-8a8d-88bfd5e4beaf	327	1341	81	38	,
ab892509-025a-42de-bed9-bc293ad6d79a	413	1341	114	38	308
d0048c99-9468-483b-a214-1be392cb15e8	413	1341	114	38	-
e326f347-2d6e-4b5e-9efe-03f0e5e92575	413	1341	114	38	12
96ec71f1-a7ec-469f-a843-786ea7c4d585	413	1341	114	38	,
61b9f267-d106-4c9b-8b2a-a767f91202d5	532	1341	114	38	390
d9e30fe0-c71a-46fb-b5de-636d8c6cb9b9	532	1341	114	38	-
80aa893d-ab1a-4ec8-8267-179710010d9a	532	1341	114	38	10
7d9ee8a3-bc96-4013-a74f-df347502111c	532	1341	114	38	,
e9b65b40-fb4e-43b6-850a-30051db63837	650	1341	69	38	451
44d94d9f-b066-432a-b154-d3545a92ca70	650	1341	69	38	-
437c6878-b649-4398-99db-6791d763c638	107	1369	47	38	32
5b06b8e7-d0c0-4eaa-a52b-8ac1e57f9d50	107	1369	47	38	:
abfad2ba-f539-45cd-a33f-ae99cbd467eb	159	1369	128	38	visiting
ea239f23-1eae-434f-8498-8a8facc86b08	292	1369	67	38	sins
f3dbf9b7-de03-4982-ad20-be493a0bdd6b	364	1369	81	38	until
dc234c5c-bb58-485a-9fdf-dbead995ed76	449	1369	85	38	third
28ed7a4a-0fc6-4818-9189-6353394847f7	539	1369	62	38	and
7e7b7b54-1fd4-4198-b4ab-404fd632defa	606	1369	114	38	fourth
b6d47a86-a449-4d38-88b3-7676330fe923	606	1369	114	38	,
f3634510-ccc2-4f91-bd1f-a1fb75897283	101	1398	129	69	140
ce972f81-4079-4970-ae27-fc61a37a12f3	101	1398	129	69	-
372a0579-fcda-41aa-8306-721aaa116580	101	1398	129	69	13
4c9a4698-0792-465f-b7f3-74d664411100	101	1398	129	69	;
708a33bd-cd05-4320-857d-1bbe3b93504c	360	1401	85	35	and
02896a7e-450d-44d6-8a92-66812585b6de	449	1401	166	34	perverse
72d19867-379e-4d27-978c-ac047cac50e7	449	1401	166	34	,
ef565d47-cf11-4db1-b374-7a433c026ad6	619	1401	100	35	216
fc5434eb-c3e3-426b-b6b5-af2b033ca8d5	619	1401	100	35	-
58f7ef8e-1311-4e64-a81a-e787ed4e79eb	619	1401	100	35	8
a2c30cec-1fc0-4289-b5bb-aa4e5b132e5e	619	1401	100	35	,
997d4a49-b2a1-42fb-8cc7-a893f029999b	218	1429	132	35	221
f5bd30a0-951e-4fa9-9055-aaf82f9d04d5	218	1429	132	35	-
e5db24f5-4e12-4e1f-994f-1208338d2fa1	218	1429	132	35	25
01a9d225-a16e-410c-badf-ece61d3bf7c4	218	1429	132	35	,
bdcc7eaf-7ee4-4b97-93d3-e44453b69565	354	1429	116	35	392
4fcaae6c-74df-4b38-b879-10f63a60fc2b	354	1429	116	35	-
3c3a2241-b4cd-45a6-a29a-c438c5d0cf13	354	1429	116	35	29
d9ee016c-2399-404c-b0b7-303ef23c0457	354	1429	116	35	.
515dcddc-54d0-465f-a4f9-6e2526df509a	79	1458	199	38	Generations
fc410816-6e0d-4a46-af40-0ed6b52a6b33	79	1458	199	38	,
ad89c46d-ca85-4676-ae9c-361d4818b7a5	283	1458	106	37	three
18b0481c-76c2-4cee-9143-c2d3aeb8b5b7	283	1458	106	37	,
3ced64d6-fbf7-4dfe-ab2b-268643a6ff05	393	1458	83	37	from
559ab5f0-6e15-4a05-b4fe-b1d6fb6910c1	481	1458	83	37	time
9f646664-bd79-474c-8c00-290c6f0bfa4a	569	1458	42	37	of
8cd33f04-cac0-4119-a58e-b4e6d9315196	615	1458	104	38	Christ
644a5edb-968f-4307-8f3a-53de886ca4e5	262	1489	230	28	righteousness
1a4baa1e-3388-4b6b-907a-f3122a08d1e3	262	1489	230	28	,
2a1f6a00-10ee-4c6d-bb61-109b66eb3159	514	1488	102	34	21
ba6558ac-8b90-4897-afd7-32e71b9530f3	514	1488	102	34	-
6b66bc2e-ca8b-49ed-bc06-0080ec070db6	514	1488	102	34	11
925afa78-b368-4cb5-82b9-78f066273a7e	514	1488	102	34	,
1d072f17-ee43-4076-9f25-694f755abd65	107	1489	156	63	Waites
e3ee6e27-4635-480c-bc03-614f669cd456	273	1489	176	63	oncoming
23d7455e-0167-45fe-8d79-2490bfc47f6b	460	1489	118	63	nate
e6c2aa0e-27df-47f6-9b86-a45c118d5edd	460	1489	118	63	,
f8c295db-09ee-4cd4-a975-87fb4565aa64	587	1489	132	63	5722
5a77628a-53b3-4968-85d6-f36f1711bf8c	110	1549	45	28	53
e3235b31-5b4a-4e3c-978a-d943dc3ac692	110	1549	45	28	,
f4e8a7eb-8c9a-48db-b459-58c825bc95ea	159	1549	115	28	289
49d0d1f9-3b60-447d-b8ca-d9e3d05159f4	159	1549	115	28	-
fccf91d0-fae9-44af-9aef-fbde31adf561	159	1549	115	28	14
aeae4989-1d19-4f2e-b2e9-0a0bb2d095d5	159	1549	115	28	,
bd5924dd-94fe-44e5-bb08-9dc62a02279b	278	1549	97	28	448
ab7eee2b-76fc-4f70-856e-e691f491bc0d	278	1549	97	28	-
ab0359b7-a895-45d0-8802-3e82391d303b	278	1549	97	28	2
15190c75-fc21-490e-ad5a-adf0a302359d	278	1549	97	28	.
ed2d2a16-a07c-4fa2-a3b5-343a7bb495d0	82	1577	149	29	Gentiles
993fc3c6-e2d7-43f5-ac51-58782b284d0e	82	1577	149	29	,
86a07e2e-a577-438d-946e-2693169cf850	234	1577	40	29	a
7380683d-da58-4e60-a2e3-1af35d73d968	278	1577	72	29	man
3b391edf-bc18-42bf-89e0-661ca93b3804	369	1580	131	33	among
e2ac6995-a361-45e0-828d-9e37d98c3922	369	1580	131	33	,
f6f32d3d-d669-432e-a338-61e4ee90eee4	503	1579	52	31	to
8d122e55-2979-4884-841e-9883120466ef	557	1575	102	32	cross
29c373d8-b602-465c-86f8-0ab2908560d2	662	1574	58	31	the
41a6ccb8-452c-449a-a631-d76a312d1c5b	110	1606	85	32	great
b7dc082d-81fd-4c8c-8b60-1d03d057bb72	199	1606	120	31	waters
607f216f-d452-41f3-bd86-9e81abf9d912	199	1606	120	31	,
bf1ef4bc-15a6-4729-8863-a6926d24c54b	323	1606	101	31	22
67569613-53ce-45b5-aa75-63637967c784	323	1606	101	31	-
a06660d7-e713-43be-b0cc-e2a7db51530a	323	1606	101	31	12
cde54e12-61d1-42cb-9300-f7970bfa1986	323	1606	101	31	;
6ef17ca8-ad9d-428b-8bff-d871cf0e3a69	428	1606	109	31	record
3b088aa9-4540-4da6-85f7-8c87513d12ef	540	1606	122	32	among
77bb9e07-f340-46fa-bed5-a041baea26a2	540	1606	122	32	,
67f76597-996f-4687-acda-132087b78baa	659	1606	60	22	25
2031f402-9305-40ae-9c5b-a3d8973c4117	659	1606	60	22	-
0f7b35fe-71da-4e8a-928b-a979a27a9c4b	110	1634	65	29	40
40cb344e-fe4b-47f1-a625-77884a9706cf	110	1634	65	29	;
ba5a291c-1e3c-4ac8-944d-2bee1cddd3fc	179	1634	121	29	mighty
680c20a0-227c-4e00-88e9-11025710721f	322	1638	104	22	nation
0a9bc167-2217-4331-bdd2-e4716b054a8c	110	1666	167	22	marvelous
48f87331-fe5b-4eb6-ada2-a1fd7c7ff65c	281	1666	85	25	work
b15328a7-6cad-40cc-9244-48c2eadf1009	379	1631	50	66	in
11f1dbd7-b70f-44c2-ad38-cd35332b6f10	437	1631	66	66	1m
bddf19fa-15f4-40f3-9960-ee7939f8f35a	511	1631	66	66	77s
2731face-64ce-4bc4-8b78-2a4dc986efad	585	1631	137	66	4737323
7af14b7c-3156-4ceb-84dc-a02de71ba069	585	1631	137	66	;
1f603598-9a6d-43cf-9a36-2d777c0c6df6	110	1691	140	25	remnant
c1cdbe79-b1c1-40ba-b004-64b0e4312e51	254	1691	47	25	of
d004d9e9-ec23-400e-bacf-11020b32a47b	304	1691	91	25	Jacob
104294c6-b5ec-4646-890a-8b760ebc3960	397	1691	134	29	among
5aca79a3-ed9d-4865-b74b-9a75342a52dc	397	1691	134	29	.
3fc82a73-00f9-4fad-8157-9f8b54be0858	535	1691	127	29	443
81c25799-ddf0-4ca3-a36a-f64bc992d447	535	1691	127	29	-
ecaf76c6-72f9-4ca5-ab70-3bd7bc8d9704	535	1691	127	29	12
adf35bf4-0b33-4923-a472-405dd4dac259	535	1691	127	29	;
92b08452-f9c2-4514-bef4-0e31b792e67b	665	1691	54	29	the
30aad401-c105-45a7-853f-47a2e91fdcfc	110	1720	81	32	1hree
caa69450-7386-4b6e-bb85-cfc31bae4360	195	1720	143	31	disciples
579db091-4dba-4909-8fa2-315ba5771346	343	1720	120	31	among
7ff4aca8-f5a6-49c8-a94d-8997fdab632b	343	1720	120	31	,
bac9bb71-8450-43f7-8f72-e390fbbafcfd	467	1720	124	31	453
360060a7-27a5-4cd6-b1b8-a55bdf5069fa	467	1720	124	31	-
abfb180c-640e-49a6-996b-a92d60ada0f2	467	1720	124	31	27
2836dcf9-cb5d-4d74-905c-73c636f42bc1	467	1720	124	31	;
42e9a58f-c3f2-4a3e-b62c-d71f0f0d0275	594	1720	39	31	to
be14fc6c-3203-4e1e-ad1e-44f07b1804a4	637	1720	82	32	scat
6fa56f6c-139c-43dd-9829-88577b1647a4	637	1720	82	32	-
af78fd30-2442-4b40-85b9-637e9f02abd4	110	1748	56	28	ter
9077eeb9-0ab4-4156-9f9b-bb948da59645	169	1748	140	28	remnant
2d4b0513-9fd6-47ed-8663-eb2a5e7d93aa	313	1748	42	28	of
26ab84f7-81d2-46d7-8275-1f94a4a41a55	358	1748	105	28	house
5ad85ce8-1e6f-4c06-9f35-08938ef061ce	467	1748	38	28	of
78a77ea7-47c8-468a-b4f6-835c286228d8	509	1748	112	28	Israel
e0043114-4f67-40fd-a5e0-df7a2eec0753	509	1748	112	28	,
854cdc1a-4483-4c3e-adeb-91dfff71f1a2	624	1748	98	28	29
5038dd03-6a32-4ac1-a774-d348730f1938	624	1748	98	28	-
5dbd34db-26f8-43f0-b5ad-3212afa6f641	624	1748	98	28	17
1eed09fc-64e3-4468-a280-51a6e7bc99b2	624	1748	98	28	,
a9b23687-947f-4598-a363-2de687c089cf	110	1776	104	32	93
719cb3e6-372f-44b5-996e-5db94f820fb1	110	1776	104	32	-
f7602ce5-6ec0-4e5d-b9fc-59c61942e006	110	1776	104	32	15
a1397cc7-b6d4-474a-bfbe-1e38016b7d8e	110	1776	104	32	;
e99724b2-f29f-4418-b1cc-4bff59f53a93	218	1776	44	32	to
8995ea9d-acba-4bd7-aa41-47e5a14d1bc6	266	1776	100	32	nurse
11b79521-600c-49e6-89eb-378688ed67c0	370	1776	100	32	house
f33c7465-5cea-4953-b351-87d45cd2ee33	474	1776	44	32	of
fa98f79e-eec9-4e4a-bb87-87b99dccc9ea	522	1776	108	32	Israel
874dac56-1bc4-459e-91fa-487d23b48db5	522	1776	108	32	,
7e55ab0e-abe1-47fe-bc4c-d7687b1f74aa	634	1776	88	32	47
c5599288-9046-4082-a8cd-f30d412bfc08	634	1776	88	32	-
4526df30-22c2-43ee-919f-4944a7f3a8a2	634	1776	88	32	6
10cffa2b-5542-484f-b082-1effabd4b348	634	1776	88	32	;
d076d226-ad20-48c1-af9e-b5a38a90036b	114	1808	54	25	to
cddb0a93-67bb-40ce-a843-932a08fedb17	170	1808	88	25	bring
91f6db12-e34e-44ad-89fa-a554ec76b4ea	284	1808	82	25	forth
059db937-8e4b-4c99-b963-ed6e8bdf5882	391	1805	104	32	book
baabb81b-4e36-4227-a857-5740bedd6f75	391	1805	104	32	,
40204b0f-f090-47ab-820d-d9e1177f7fa9	500	1805	112	31	24
72653cbd-66cc-43a7-bd67-5b1716e222c5	500	1805	112	31	-
dd7e3d4a-0263-415c-9376-110b54a4049e	500	1805	112	31	38
a2b0315a-6d8c-409c-9509-715f0c478e8e	500	1805	112	31	,
5baaafb4-61ef-4624-98e3-993c540769db	616	1805	107	32	471
3ee53371-6a43-4b69-acbd-5272aae79136	616	1805	107	32	-
bb1dfcd4-9106-45b4-bb3c-1bb3445ce2ca	616	1805	107	32	8
e4d1bd71-ebfd-41fa-a3b7-b7df724c879c	616	1805	107	32	;
98431087-596d-43a9-9876-24725ea2dfab	114	1833	104	32	gospel
37311669-515e-402e-a7ad-f7ce5849f6e2	222	1833	44	32	to
3f46e5e5-a9d4-4dfe-8802-d7065722924d	270	1833	92	32	come
ebfd3036-7334-431e-9e99-588d593ea004	366	1833	148	32	through
ad7e7a67-6b79-4589-aeda-f7dd8a95ab92	366	1833	148	32	,
ac85c7fd-face-483b-8892-77c1b058b46f	518	1833	100	32	28
3dc89ba9-feda-4cdc-8c46-483bd0945164	518	1833	100	32	-
131101f3-f46c-4334-966b-b713d2d53e61	518	1833	100	32	13
66fdb03a-64d1-472e-8f2d-855c062f5fd9	518	1833	100	32	,
f9745da8-8e21-45de-8fa9-1c1ccd70a3aa	622	1833	100	32	442
e61ee04a-07ef-4ea5-a9a1-a249895bbce9	622	1833	100	32	-
148f72ef-4101-4084-92c3-e5550d70653e	622	1833	100	32	5
c4f63856-8cac-447c-a87f-f02e7befbbdd	622	1833	100	32	,
a5922f6d-ef34-4e56-9c41-551b4c67da3a	110	1862	94	28	448
9eec1ca9-05b6-4fee-88aa-3d186314e4ae	110	1862	94	28	-
099c40a0-6b89-41f2-8a7d-20db9b85cfde	110	1862	94	28	8
860b1a1c-e54f-4999-90c9-8b9c5fcb0977	110	1862	94	28	.
ceea5e2e-4b28-4ccc-b405-54479f955516	208	1862	112	28	468
a18b24c8-6a61-4e6a-a170-c16b44f108b4	208	1862	112	28	-
86291696-339b-4496-9d42-aa3d5dfa067f	208	1862	112	28	15
62cfdecc-c8c9-421a-ab93-6656bd0f511f	208	1862	112	28	.
2fd8bf4d-1fc4-45c3-9759-3d4806a46ee0	323	1862	108	28	471
0b368782-52e9-44c9-95c1-7f703260d7f7	323	1862	108	28	-
7e544fc8-b16d-40ed-b475-ba608952b244	323	1862	108	28	8
246eda44-38dc-4a78-9771-cf6d90a7de43	323	1862	108	28	;
360f471b-91b1-4a38-9c96-7f7d8ee13024	435	1862	91	28	great
d959525b-bf3b-42e1-9274-7a87c79a25ed	530	1862	115	28	church
3e0a5ce1-e10b-4a56-8609-7067905c7387	649	1862	70	28	seen
82d9377b-318f-435b-a5be-cd54f57afa17	110	1900	132	19	110ng
b154d6cf-b11c-4753-9b62-b500d40b39b6	110	1900	132	19	.
dfe0ba37-78b7-410c-b8e2-4264ec430bf5	243	1890	109	28	22
f52a5106-842b-41be-ba7e-c30707d33bd0	243	1890	109	28	-
3b76c212-88fd-478e-8096-b9429fdbeef7	243	1890	109	28	4
5c747460-3385-4663-bb08-2d5b79be7bb1	243	1890	109	28	;
cfe712a8-2b51-432c-a0e7-095d7a1840e9	355	1890	118	28	receive
a2946f39-7b6e-40aa-8099-569bf4b9fe1d	498	1896	161	22	scriptures
a7736630-ad2d-4ae3-aab0-f6dc6e3f68dd	681	1893	38	28	in
c444affa-794c-401b-a2d5-3fda02732a45	107	1918	102	30	purity
a99f4ddb-a371-45cb-a148-1173095230ef	212	1918	80	29	from
f7dac865-7e29-4a64-bdeb-b397d8700d54	296	1919	91	29	Jews
e8a31a00-3843-4033-818c-933f066d7e96	296	1919	91	29	;
037b5f61-e6a8-4465-9053-3094edff1f92	390	1919	156	30	corrupted
7fb833f6-db63-44d3-aa43-7c067c7762bd	549	1920	170	30	scriptures
53e0fdc9-f59b-4f79-9c65-a95b4cbb97b8	549	1920	170	30	,
a9bcf789-bb47-4694-acd7-c208044d26c3	114	1950	104	25	23
2e7692a2-da58-495b-9f1a-e3ddb8a5ce0f	114	1950	104	25	-
1c70ccfd-a07f-4579-b38a-05c991582ca2	114	1950	104	25	29
e2281ebc-c1f4-4bbc-982e-4ce64074ab73	114	1950	104	25	:
257873fd-1f53-4e86-b2f1-5e6201554097	220	1950	44	25	1o
c8b45d8d-4257-4fb7-a347-0fd6b6896961	267	1950	103	25	afflict
afd4f426-511a-4e2d-ad03-97084f8a20e9	373	1950	81	25	seed
ebe7114b-5b67-42df-8d79-82f1542abdde	458	1950	34	25	of
d0283c12-821d-4b12-b2d7-a415e7cbdd94	498	1950	116	32	Nephi
ca788de4-d18f-4217-8fc7-08b73b65a5c4	498	1950	116	32	.
056692e3-85a8-4c8b-b940-78931c9d6a90	618	1950	104	32	72
aa968b44-bde0-421d-a138-783c5e8cc8f6	618	1950	104	32	-
b731e882-bf69-448a-a388-65a98d5808b5	618	1950	104	32	18
4e57633d-ab39-4470-9698-a7ee4acd9d91	618	1950	104	32	;
87e45261-23c1-4699-bfdf-3b847d1dcdfe	110	1978	39	29	to
3221c0d2-fe4e-4ab1-8824-bbf7f4a336e3	154	1978	98	29	smite
d4a2625c-6fbc-40a2-bfd9-dd35183ed67d	255	1978	192	29	unbelievers
b7b8acd2-30c0-4f71-8806-1dab4ab0dc41	255	1978	192	29	,
79f8af09-b83b-4670-9fdf-9469c9d23b9d	451	1978	105	29	94
9220941e-0766-4141-96f0-11223296665b	451	1978	105	29	-
96a93163-98ee-4675-854b-a854eb032ff4	451	1978	105	29	19
281bc6ae-a33b-4159-8155-2f7507e952dc	451	1978	105	29	;
d5cf13f8-b83f-477a-b320-9758a79980d7	560	1978	83	29	shall
877a5d9a-e3fa-4b00-be7b-bff153b566b9	646	1978	76	29	say
10c80e53-6c4b-4eba-aefe-4b85a2bcb5d5	647	1978	76	29	:
35e5b6b9-5d86-45c4-ba2c-bf157fa93c77	114	2004	39	28	A
a233d0b5-ae65-460b-93e6-facd1a766ce8	156	2004	105	28	Bible
b5be518f-c10f-46e6-9c3c-1e739e74371b	156	2004	105	28	!
88328a5a-ff77-4337-86e0-5cfa796d88a2	264	2004	73	28	and
9fdea713-f5cd-4a7f-8b2e-350c4cd5219a	341	2004	94	28	reject
1c73dadc-592c-4ba1-a8d2-b58b66e66b49	448	2007	100	25	other
8fed1294-ebd3-496a-a81f-176ce59cac34	551	2007	171	25	scriptures
6da99d1a-28d3-410b-a415-a192baeb8bab	551	2007	171	25	.
d9deb77b-3a2e-4de3-8d7a-7be9e6123bb9	114	2035	102	29	101
b0cfae15-0c3c-4579-b132-fc588dca450c	114	2035	102	29	-
0fcc13ea-65dc-4456-90e3-bbb0bab077d1	114	2035	102	29	3
0e891fb6-0120-4df5-9580-389eb0eb1d91	114	2035	102	29	:
58385762-13f4-489b-a09d-efa068614f91	219	2035	51	29	to
ca89d6b6-d29f-4123-95f0-fab6c63a995b	274	2035	51	29	be
2587a94d-597f-4196-bcda-e077de855b74	328	2035	116	29	shown
8531d1c8-7c37-4d20-a844-665de91da7c6	448	2035	116	29	mercy
1b53ab77-5287-4e29-958d-d9b4e4e7663f	448	2035	116	29	,
07d960b3-9b1c-46b5-af51-0f1587658444	567	2035	112	29	24
748bd9e3-8772-4f07-8400-186753c2fdb2	567	2035	112	29	-
f4f94e07-9cf2-4f91-bca0-fc5b97a864d1	567	2035	112	29	32
49c89fc3-f704-4cd5-ba43-11ba483bf32c	567	2035	112	29	;
cb0b8052-22b7-4a5c-9c16-430710340ffe	683	2035	36	29	to
ecfbf570-c82e-4570-894c-ec927d1e84ff	110	2061	64	38	get
724b8157-e878-4060-bff2-e321698ddf4d	179	2061	139	37	Nephite
12b9409a-c7bf-4800-ac3a-83ed946e0341	323	2061	125	37	record
deca1b32-4a81-4442-a182-ca0b439c259e	323	2061	125	37	,
509a3d73-ce2d-4fd2-9605-07bf7089446c	452	2061	106	37	24
a4f4250d-c1ff-4281-85ca-7993ae355c65	452	2061	106	37	-
65b264be-062d-42a6-9525-e50598899bc0	452	2061	106	37	35
b323496f-647e-4c93-81dc-76c8bf1b5f28	452	2061	106	37	,
7c1dcd43-ac26-4ae8-8525-7f87033caaa3	563	2061	109	38	102
bd8560cd-5977-40a0-8896-304bd18195cd	563	2061	109	38	-
005dcee4-beaf-47bd-bce3-5ed6db709c7e	563	2061	109	38	3
27b137cf-1a10-496e-b417-497905c7e500	563	2061	109	38	;
dc74b657-d30f-4f8b-b640-a2032cda552d	672	2067	50	19	to
919061b3-0243-4a9c-9fe8-e44a1ed94ffb	647	110	146	39	INDEX
c53e059d-8408-4cf3-93f6-1dc620665ce9	767	174	113	41	receive
3f0014e9-31cb-496d-a635-bdeab6a9e04a	885	174	225	41	manifestation
7cb9e06b-26bd-408d-9dbb-d57c6cbe21f9	1116	174	41	41	of
b6be8488-0e2d-45fc-af99-a181078a1063	1162	174	113	41	Christ
ae0325a7-9210-47f5-82db-3ca14d055f39	1162	174	113	41	,
9a8825c5-28e1-4d5f-9d94-a65272c972af	1279	174	102	41	25
6b8e2471-99c6-4826-b926-759020ffcb78	1280	174	102	41	-
05df9a74-dd7e-41a6-aa49-5c962e06fdb2	1279	174	102	41	42
5402f3a4-9894-47e9-a5b8-df286d2b7e73	1280	174	102	41	;
0d739747-11e0-497f-8d81-3e166292e059	767	205	36	57	to
734f4574-62a2-453a-9dc3-ad9d737a23dd	810	205	86	57	have
ec049df0-0fd9-4d4f-ad8f-fc8c342ca7c0	902	205	192	57	gospromised
cc97dfeb-aa57-4ee0-9460-ee88dca05aa8	1102	205	178	57	japromises
45532b73-33d6-4fcd-9c4c-26c0b578411d	1287	205	95	57	antoi
0411d3cb-680a-4205-8a2e-98bc77552aba	770	234	98	35	72
c6a32360-afe9-4bf7-a773-09e0d288f918	770	234	98	35	-
055bfcc9-74fc-4b82-b68d-0b61edb83d1f	770	234	98	35	9
40ad9a8b-d5ce-496f-b5b6-9835f7967068	770	234	98	35	;
a519edab-28cb-42d5-a137-6643d57d186c	872	234	72	34	the
e8c4431f-e0b0-4665-8633-fd5ff30f8409	948	234	146	35	promised
2c02cd8d-dccd-4c5a-aa55-87cb79492c11	994	262	127	35	72
465626e9-aa2e-413e-8ed3-f9a3c835307d	994	262	127	35	-
4a1d18ba-4bc2-4ba1-a915-3849ac8ba85d	994	262	127	35	11
70e2abd3-16b9-46f8-b83a-92ae3bf271d2	994	262	127	35	;
b25b29fb-baa5-4ab3-b47c-d4913ba03314	1125	262	115	35	prayed
3771c33a-5f0f-43fe-a9c2-5c2e8c1a5102	1249	262	84	28	for
bc0e4417-ceab-4658-9e58-3271f05828f5	1336	262	42	28	by
b9672697-b6e3-4770-861c-a9e166edb1ff	770	287	128	41	Moroni
98f8ffc4-9b83-45f9-ae4e-409ec1931958	770	287	128	41	,
c0cec130-3b81-4162-8190-c69664304743	903	287	118	41	502
1496855b-bd43-4746-8961-737fbf971173	903	287	118	41	-
4edc2343-6d1b-4b12-87b8-d9807b44230a	903	287	118	41	36
628cffaf-6af6-46e5-87f7-a34255f5007a	903	287	118	41	;
aba5465b-f6aa-4f7d-b131-b4755d08a2e3	1026	287	174	41	prosperity
7c15f426-69c1-4f5e-8435-58a69fbb524c	1206	287	46	41	of
36448726-1d71-40d8-a687-ede9d54b7a50	1206	287	46	41	,
ee72d051-a7f0-4816-bfb7-2780e4100c6a	1257	287	82	41	seen
4e580786-8047-477b-a7bc-eb7cc5e06d75	1344	287	38	41	in
6de285d3-77b7-499e-98d3-9abdfd3e3a2e	773	319	101	32	vision
75c24719-0ca3-4c05-ba83-c4cd1357698f	878	319	43	31	of
3e42559f-177f-4b10-b018-506b9490d660	924	319	112	31	Nephi
7bfba415-b811-461d-8c99-d9d843b77c3a	924	319	112	31	,
b15d48b0-9c10-4f7b-8d7a-d1c27abd0958	1040	319	109	31	22
99487f04-0c72-465a-b038-a36f2ad19bb2	1040	319	109	31	-
1bdec4d8-fda8-4f39-aa41-698442752ddb	1040	319	109	31	15
25ae1f59-56d8-44c4-9dc1-3478f4e26442	1040	319	109	31	;
6ae17276-8db0-4972-a24d-ff4ef2033544	1153	319	47	31	to
2a481d56-18ef-4deb-ba27-b910db289eff	1203	319	105	31	mock
7350528b-8d32-44a1-a98e-bc8e2e010cd1	1203	319	105	31	,
3ae4471e-c7c6-41cd-969a-74e889435ede	1312	319	70	32	501
205fdc83-31e0-40e7-b090-0676e6a92c5b	1312	319	70	32	-
c10a36f9-43e4-45a5-a9bb-b7302c9b8664	767	347	53	38	23
3b672c4a-9703-49fc-a4cd-5b0dd7920676	767	347	53	38	;
5727bad0-e83e-4561-9559-8460ee2e53fb	824	347	123	38	written
79ccfceb-2f01-4d36-8327-0dbc96cd89b3	952	347	38	38	to
a3437c72-eb63-4a97-b21b-e15f65064a4b	995	347	47	38	by
5c9a99bb-9fdc-47ee-bc7a-d9e825317589	1047	347	123	38	Moroni
4a3b302e-c8d6-4b19-9e36-c99ea9a786ed	1047	347	123	38	,
05303b6d-df3f-464c-bf71-3a991c5b740c	1176	347	115	38	465
b11096ef-bb6e-420c-8193-eade9a0281ea	1176	347	115	38	-
81b371aa-7713-4284-b320-eca2565e5734	1176	347	115	38	17
34eda86b-6879-4a46-8a9c-b81da9b80146	1176	347	115	38	.
ac473f1c-ba6f-40a2-b4a4-50fb6a064e5b	741	379	65	35	Gid
566cbd93-a780-4097-ad4f-7f90c865923d	741	379	65	35	,
22e7d857-18ca-4928-9f9a-d687e9126755	811	379	70	35	city
3e0d7edd-0c88-4e8a-a08d-fc1c2d0b1cbe	885	379	44	35	of
0558d74b-13d7-4ced-8e6a-ba800455cc59	885	379	44	35	,
3cf64775-52a1-4b17-b0d4-03d11ba3a8fb	934	379	144	35	captured
0c657c1d-85cd-424d-9790-8f33d0b75503	1082	379	44	35	by
7ad1b92e-8293-4108-9361-6687efa5a5c3	1130	379	179	35	Lamanites
ec551cf2-c5a7-4efa-a76a-e35ac8d5dd8c	1130	379	179	35	,
b7f62c64-9e75-4d38-a01d-bd7bd20ba780	1314	379	68	35	326
45a045d3-d13f-4c07-982c-7f8772d0ea08	1314	379	68	35	-
447bd8e0-d143-4541-9e3c-9ab9562a60cf	767	410	56	32	26
d88f2c63-368c-4509-b3e7-257edc3fb8fb	767	410	56	32	;
53676602-1ebd-4b71-8ad7-753f432a38cd	827	410	124	32	retaken
5e4ad3df-9f6e-4815-830e-fb09c1ba5da4	955	410	52	32	by
630f68bd-adab-432b-927e-55c3a045b8ef	1011	410	152	32	Nephites
92c00946-2124-4e57-b93f-21398d9e8ce0	1011	410	152	32	,
5deaab25-36e6-478a-9ab3-93ed90e1e82c	1167	410	100	32	335
57ff26ef-7470-4295-80d0-040a64c16711	1167	410	100	32	-
776754f5-c3dc-448c-895e-9650251c984f	1167	410	100	32	7
3a34456e-d967-4e1f-b617-0edecf128851	1167	410	100	32	,
b35d6cca-e71b-4a02-be27-4d74b12e8f56	1271	410	114	32	336
a297dd81-4901-425b-a681-8dd8e1c5663b	1271	410	114	32	-
8c516c1d-47da-45de-80e1-4eec507acc2a	1271	410	114	32	16
0d169594-cb50-4287-b8d6-8d2f027efa8e	1271	410	114	32	,
6c0844af-d7ac-438c-ba02-2a588786b780	767	439	55	32	23
a85c6525-5f8c-4810-ad77-923e9b2d1b2b	767	439	55	32	;
6ba82ae1-ee13-41fd-94e1-d605bdbac636	825	439	143	31	strongly
2f3b40dd-4347-4178-8dac-4d899ddf0995	972	439	143	31	fortified
e7be69ad-2804-4013-8747-3cb55cf92729	972	439	143	31	,
8960b178-0612-443c-8969-42e0127ff1e0	1120	439	114	32	336
e4bd93d4-db78-4383-bba7-49538ce6771e	1120	439	114	32	-
8f66d29a-bac1-435f-aaf9-e226e250aaec	1120	439	114	32	25
d863cc1d-1ad6-46b6-b0b5-74bb9410a98b	1120	439	114	32	.
36069ce3-0d21-4584-9c16-58670fa97330	773	552	116	29	session
136e344f-8e07-4632-9e87-efe14c7317e5	893	552	47	29	of
38a52a0c-6212-4001-a447-418bacb7b95a	943	552	109	29	Manti
07a78607-7795-4f30-a5eb-ad25ba690c3a	943	552	109	29	,
b26f0e2c-0b05-48d6-a225-0004c6b4d3c2	1056	552	115	29	346
c7fc836b-8a37-443d-a9f6-cf212ebfbddd	1056	552	115	29	-
94292015-e9e0-48d0-ad24-7f19f22070a8	1056	552	115	29	21
d99247fc-effc-4e08-b88f-2b50680be256	1056	552	115	29	.
8345057d-2972-4e2c-8c6d-563ca381a2c6	770	640	139	29	soldiers
53cd148e-a544-44cc-bdd0-c26aa59bf6ae	1192	639	66	36	of
2fb5d95c-c325-4475-8315-8a8956585c29	1192	639	66	36	,
2977fecd-11d2-4148-a264-681346f6a841	1262	637	123	37	slaugh
a9f8088b-dc99-4439-970e-15189d356183	1262	637	123	36	-
38bdbe41-759f-4356-a59c-7184677d33a4	770	669	98	29	tered
03779cc7-ab0e-4269-b555-e60d7be3bc72	770	669	98	29	,
a99f40fb-7d09-42e0-ac01-ebcb33fe0288	872	669	123	29	407
6989b77b-34c5-4cdf-8046-79ecc24a6f6d	872	669	123	29	-
95f77d47-c08c-4bf2-84af-6bcf964902dd	872	669	123	29	11
533b978c-a5f7-4d95-bbfe-edb3560f89d2	872	669	123	29	;
025a3d60-59bd-4251-8433-ef16dbccab65	998	669	123	29	beaten
65e6a518-d2d7-4305-a4f5-fe10b25c542d	998	669	123	29	,
928c5ee4-a56a-4cb5-8be1-c8d873a39952	1125	669	105	29	407
e6e91d55-56a1-4e49-a893-4be799e23ae0	1125	669	105	29	-
06d29dc0-e36f-418e-9eaa-935a684f495b	1125	669	105	29	12
cb4f637e-b30b-477a-88d3-ebe65b80abc2	738	697	166	38	Giddonah
187bb5fd-f133-4671-8c8b-30830c4fe480	738	697	166	38	,
ad61e6d4-7b08-45a3-9e22-97d241e1839f	909	698	109	38	father
e8b0bbd4-878e-4ed2-980b-a1cb1ffc314b	1023	698	43	38	of
95657b09-43f3-42d7-b578-7b27ad5454a6	1071	698	138	38	Amulek
fce6f98d-9df1-4675-a86e-67be4ba6ceaf	1071	698	138	38	,
93b9ba01-13b6-49c6-9436-d213039ee863	1213	697	99	38	219
04186a00-0377-447b-b83e-5223942651b3	1213	697	99	38	-
02acfe87-9a3a-4283-a89b-7384e11cd1eb	1213	697	99	38	2
10d7a73d-7a00-46af-be78-3e2ba576e38b	1213	697	99	38	.
eca988a9-eaff-431d-88a1-c5ae3e23ecc9	741	729	161	38	Giddonah
e45a146a-9c2f-4fa9-96c5-2d2a4d5f67aa	741	729	161	38	,
1f0b3d0a-5d43-45c0-adb2-753c55e029dd	907	729	81	38	high
287bbc5d-d25b-4049-910e-277408f4f347	993	729	100	38	priest
9fea7d22-81b9-44bf-a5f5-5db756474e95	1097	729	38	38	in
c01742e5-3f96-4dce-ace2-e11df951ee2b	1140	729	76	38	land
51176f5e-a1a6-4053-a52b-f370e2004a90	1221	729	38	38	of
c3779183-09fc-4708-9f1b-735901d81bf7	1263	729	125	38	Gideon
19328572-e84f-48b1-b8f4-b0d5a3ec97c4	1264	729	125	38	,
b049b1c1-5939-49bc-b2b4-3d72f8fa7435	773	760	128	32	270
f9a90a34-efce-4eea-b1dd-5baa8e1415bc	773	760	128	32	-
f3aaa7b5-a260-4385-b54f-dc17907146a8	773	760	128	32	23
0427fcc0-a4ab-44d8-8900-65be7ae5d82d	773	760	128	32	;
1b2082e1-b948-42e5-a3a6-d2c0d4b79d54	905	761	108	31	sends
3773efe5-b4d2-4fa1-803b-e4f0aea23cfd	1017	761	147	31	Korihor
729ed4f5-caac-4fd9-8ad2-3926f6136e96	1168	761	54	31	to
07a49de8-0b95-4183-bdbd-62f3764e6d65	1226	761	105	31	Alma
fb76db3d-fca8-4eec-a754-dd91fd928b50	1335	760	50	32	for
c0b943a5-35be-426b-8cd7-bf4ac5bfacc9	770	789	162	35	judgment
e97c2052-2e5e-4e6c-904b-eaeeaedfe71d	770	789	162	35	,
0e1f8801-0ece-44d4-b306-7c8d3b6e5315	936	789	117	35	271
7b13e190-cd9a-4791-9e0e-005e65151933	936	789	117	35	-
3e42f8f4-21b1-4075-9c01-47f7f311c785	936	789	117	35	29
02f0ebfc-83fb-467d-bc9c-6966d6eaa6b3	936	789	117	35	.
a7b83eb2-8f09-4134-b9b9-45a981bfcd08	770	893	38	76	is
9e710571-e339-469f-9d81-eb0607de86b0	818	893	67	76	and
6a16544c-e471-4ee7-94eb-b693493d9273	894	893	66	76	dies
019735a0-c040-41c6-8afb-9d8e3a94a811	970	893	95	76	named
3b81ac15-628a-4c05-bf1c-fa550a4375d4	1074	893	95	76	aner
6976f0b4-d677-457e-830d-c0a861706e30	1074	893	95	76	,
35425ce4-f36f-42be-8766-2c5d88906d12	1179	893	114	76	11920
f12d8adc-53da-4e4f-b111-11b39d3dd48b	1179	893	114	76	,
5b64dc9e-86dd-4df7-9d3b-33bb766620a2	1302	893	89	76	50.1
8f9bbcda-f51a-4ecf-b0aa-f24ce38f3a98	745	966	129	38	Gideon
2911bdd7-f6f5-405b-9525-c4d64c0fe5f4	745	966	129	38	,
a017b7da-8db3-4f25-8af1-aa748c3cbe0c	878	966	76	38	city
2d879c22-ea1f-4601-baf3-33b4d4857db5	959	966	48	38	of
d67bbe3a-97ce-4cf7-8bc7-d8663565027a	959	966	48	38	,
283996a5-6e31-44f1-a9b0-54e082ee0c73	1011	966	103	38	210
0766ab5a-f94d-4ebd-8664-245c22bc5d9d	1011	966	103	38	-
ec7c89b6-7368-45f3-84ac-97188feca201	1011	966	103	38	7
f7d93d05-7ef0-40fa-8974-fb0e5b058d7c	1011	966	103	38	.
4fdce92b-9a02-4eef-841d-ddf7d42eaa2b	741	994	117	67	Gideond
edaae787-a8da-4a39-8b44-955b6e6d6e2b	867	994	50	67	la
6fb23fc3-23be-4488-89f1-e3367355d8d9	867	994	50	67	,
71d92601-7bc7-4b79-a16d-1a0515a00a3a	925	994	50	67	Ero
849c07ce-0853-4e42-b16e-45b6a5384fd9	984	994	50	67	of
54a8c8f5-a6c8-4f7c-b48c-02cce6a27c82	984	994	50	67	,
c2d375f0-49c6-4738-827c-ea2c2ff5970e	1043	994	109	67	199
e887e4bf-abb6-403a-930d-bfbac9b78333	1043	994	109	67	-
63e0f3f9-49c0-4f28-a1b6-777f065a8126	1043	994	109	67	20
5d5ec8a3-d363-4be1-a395-f40b7a104bd4	1043	994	109	67	;
1c51e7be-a421-4f45-a3fa-cd3a750235a0	1160	994	117	67	church
3ecc2593-6dd8-4a01-9eb4-86d8654c183d	1285	994	100	67	estab
a5555db8-72e7-4e47-aaf1-56b51e3156d8	1285	994	100	67	.
9aa0ab4c-53a2-4350-9ae1-dff104ea2006	741	1057	222	38	Gidgiddonah
ea55c720-6a57-4115-a335-8dfc94ec7614	741	1057	222	38	,
167889f7-1406-4a49-9a62-3490aed0f0ed	968	1058	134	37	Nephite
748ac990-c530-456d-b56d-cfe4e2dc6ef8	1106	1058	203	37	commander
7efafdef-1bc7-4e5b-ac15-4c53369a1bfc	1106	1058	203	37	,
132ac7ec-3716-4bfb-a9a7-0ba18a9796c4	1314	1057	74	38	470
c66c81ae-ead8-4e96-b10f-a19cf42db138	1315	1057	74	38	-
a3a82644-31be-4bb3-bcdc-57099d9b525a	943	1113	109	35	chief
52a441fa-242c-4c06-936b-faf9c6117634	1057	1113	140	35	captain
70b2bd60-9308-42cd-841c-0c42794788b8	1201	1113	53	35	of
49838211-af82-47bd-b2dc-ff0ae9264a5c	1258	1113	130	35	Nephite
0d2da15e-6521-46d5-8271-dc748394a66b	748	1120	143	57	Carmies
213aa8ed-b6c5-41ba-9555-f97ee5a8fdab	748	1120	143	57	,
14909030-23a5-4ce4-a9a7-28f0e559b76f	898	1120	121	57	405
050fd316-5677-4d85-ba5f-4ac7e46a4d26	898	1120	121	57	-
27f7c830-6560-4ad2-b728-ed257e2ad384	898	1120	121	57	15
3b33db75-ba17-473b-a206-164ac2daaa3b	898	1120	121	57	;
64eed948-f80e-43a9-a34a-2e4c4c5ca2e6	1026	1120	21	57	a
abe9a4b7-9ee1-4e36-b3dd-651ee1a4da00	1054	1120	143	57	propiet
6c64d934-a45f-4e3f-a360-5f979615f565	1054	1120	143	57	,
9da907ec-f542-498c-89fc-4ba4d49b5f0a	1204	1120	121	57	405
40dc0661-88b5-4a8c-8dab-8780a735f445	1204	1120	121	57	-
ee042864-60a8-4ea0-b995-82be1e5ccf03	1204	1120	121	57	19
72dbeee1-17ac-46e3-9e77-1dad2d139e36	1204	1120	121	57	;
841f5cd3-d87f-4a8e-8989-9d6538d3f017	1332	1120	53	57	de
2a39f147-03d5-4dfb-b6c7-6ae1eaf3a9c1	1332	1120	53	57	-
75cf48c0-4465-4a54-9ad5-8bc6c89bc3f9	773	1173	80	32	feats
346a7867-b3f0-4283-a98e-7f71f27ede2b	857	1173	164	32	Gadianton
e279c73e-6b34-4350-b181-8544adf1fdc3	1025	1173	136	32	robbers
05726b92-20da-4c96-8589-538b5de5028d	1025	1173	136	32	,
30415eef-1b4b-4b34-8b5f-f0d5b752361e	1165	1173	116	32	407
b5e19c3c-4deb-49ed-8ec0-972bee652e85	1165	1173	116	32	-
b398429c-2edf-42f7-8c70-3eb5e9ba3bc9	1165	1173	116	32	14
670ca404-11a4-4537-8a42-b092a663e8e9	1165	1173	116	32	;
8bf76d83-d036-449d-b2ee-be81bfe0057f	1285	1173	100	32	estab
350df162-e0b6-4218-b895-745867a399c1	1285	1173	100	32	-
9b802216-8d30-4b77-86d7-81e02ed8f98c	773	1205	96	35	lishes
4b95e5d8-402c-40cd-bc60-0713a53f1ec8	874	1205	105	35	peace
ca9fef4b-7491-4197-ad3e-8898ba3d4197	874	1205	105	35	,
bf684256-68f7-4a13-8cc9-db67bcc3b481	983	1205	99	35	411
96a8c41d-04c3-4c22-8d71-ac24ffca0bd7	983	1205	99	35	-
76e8e200-d5f6-460d-88ff-ae6749f6b776	983	1205	99	35	6
35e0e3f4-30e5-41bf-91c9-dae13b9b18ec	983	1205	99	35	.
8263f037-174a-42b4-86f1-a868f87e4b0a	744	1232	77	37	Gift
ab249822-73d8-4125-805b-ff233f80570f	744	1232	77	37	,
8f2177f2-988c-441b-807f-caaf2cf830ff	825	1231	54	36	lay
c1652db1-481c-4e37-a3f7-4d1e59988a05	884	1230	72	37	hold
ff497628-9f2d-4ca0-b15b-4d2f39e92566	960	1230	50	36	on
3fbe7152-ac47-46a6-83a2-2c160f673cdc	1014	1229	59	37	the
c9bede49-c841-4463-9c06-2840293625b7	1077	1229	86	37	good
65f67cbf-3963-41ef-8530-c85a81eccec8	1077	1229	86	37	,
d12e0040-7fe4-4b02-8a27-9685a6a03e95	1167	1228	99	37	touch
602ccbd2-5caf-4897-b8ab-a0df1bdbced0	1271	1227	59	37	not
ab1c27b0-93e6-482d-9556-371b04d9be8f	1334	1227	55	37	the
cbacca7d-93db-4616-97a0-407c173f0486	773	1344	44	35	of
c594df2e-cd50-4019-94c0-2642a5a003f1	821	1344	131	35	eternal
bbff4d16-e415-46be-8caa-6a22501bf8f0	957	1344	79	35	life
101595c8-4cbd-4cec-85b0-ae6aa3bd45fb	957	1344	79	35	,
5f968319-6e3d-496f-a58b-cd4b885fa120	1040	1344	114	35	369
4acbe6d7-968c-460f-a176-4bb24cb04751	1040	1344	114	35	-
ffea2ed3-ccb2-44cc-a649-245737c45d26	1040	1344	114	35	8
13929ec2-069a-449d-b2d5-9d9f54a2d7bd	1040	1344	114	35	;
ceef8bb2-75ff-4ea1-b1bc-6ada278e987a	1158	1344	70	35	the
ac34dc5b-cbed-4d0a-9316-82ef0f5cdec9	1232	1344	159	35	heavenly
37fe188e-c0b5-400c-8661-b47bee8db7f1	1232	1344	159	35	,
9fc91832-dd2d-4ff5-93e7-982cfa10a533	773	1366	92	41	456
6c267df2-b295-4002-8696-c15a21f3f549	773	1366	92	41	-
a446d36d-a9e9-4698-81a8-6ea704d59763	773	1366	92	41	3
ba02f08d-5ecc-4112-bd0b-634866c6d993	773	1366	92	41	,
933dd513-0bd0-4dcd-8c57-2db5286d48d0	870	1366	103	41	500
8c4476e2-6e69-4cc7-b43f-f699baa1a29b	870	1366	103	41	-
6e15b5e7-c944-4222-8bce-415aa91a2eee	870	1366	103	41	8
68f7d3fe-8b06-4fa8-aa15-5c4d0184f1dc	870	1366	103	41	;
69abc051-ab05-44c7-a161-c11e6f6680f6	978	1366	51	41	see
5bdf1f1c-e933-4616-9558-15a1588f9790	1034	1366	67	41	also
5a7b9584-c5c5-4f63-bb52-367056650f34	1106	1366	97	41	Gifts
7d4c239b-eb80-4df3-8fd5-5403baf529ff	1106	1366	97	41	;
255d602e-565e-4381-9799-048e8cc84054	1209	1366	36	41	of
64b45d76-2fc4-4db1-9f92-84e5cda1706e	1250	1366	56	41	the
61957d54-75ec-48a2-add2-d7c0b18a2cb1	1311	1366	77	41	Holy
3d597638-ab84-442e-b964-96b0e27ccd85	773	1404	109	32	Ghost
9602f708-aee2-46f5-80df-fb65e7746581	773	1404	109	32	,
4ec83b9b-6313-43a5-9569-af8441408488	885	1404	62	31	see
9df01edd-6798-4808-ad4b-d5d6fff70c2d	951	1404	85	31	Holy
7dae0c97-4b1c-44ef-b34b-0cc424044f4c	1040	1404	108	32	Ghost
a405a4c6-b184-4799-a9fd-8ee613672098	1040	1404	108	32	.
7c08b033-9ca9-45bb-9e24-516ef03ec697	1142	1489	126	32	217
fa6dfc84-4c69-459d-9b2a-bdd0b7fbece9	1142	1489	126	32	-
d0547a69-5379-4f9c-a200-73515d139bdb	1142	1489	126	32	21
ff994ac8-c92d-48fb-9777-7c049ab2d7a0	1142	1489	126	32	;
4f095a15-1dd4-420f-8605-1e30db100ac8	1284	1486	104	29	varied
476abf04-3534-406e-9746-045f7b8344f3	773	1518	248	32	manifestations
6d848fe1-57e3-4a09-b1c9-8f50234a57e0	1025	1518	50	31	of
374e672b-7bc7-4d17-bcb2-9c39458bdd38	1025	1518	50	31	,
d69ec6fd-8b1d-4166-8ce6-141d508f0023	1079	1518	112	31	520
25c406d4-80af-4879-b185-e5db55428493	1079	1518	112	31	-
8a865b17-a608-49ec-9605-84cb932ec8f2	1079	1518	112	31	8
e93b43b0-c4c9-4045-9951-0da48351642b	1079	1518	112	31	;
be81d9b6-9c57-445d-b610-d8fda5f57ab2	1195	1518	95	32	taken
a1755698-72ea-424b-8b5a-622f8f0c76cd	773	1546	112	32	people
143627de-749d-43ce-a73c-88365574e6ff	889	1546	139	31	through
2a52e42f-0efa-4396-ba34-a9f4c4841c6a	1033	1546	138	32	unbelief
fe840e89-d8c9-4289-8ef8-d4127ba70575	1033	1546	138	32	,
0257cd01-8f94-49ae-b6f3-af7d1389542b	1170	1542	128	34	521
8d2b48cb-7f46-46cf-bab1-68876adc51f0	1170	1542	128	34	-
a8f1d927-ea2e-40ef-9338-9bd4321af97a	1170	1542	128	34	24
1f5d81cd-d7a2-4d96-84ca-5e2104a17048	1170	1542	128	34	.
c9bbc969-d8a8-4656-b497-0646bd54c226	745	1574	119	38	Gilgah
5535b2ba-96c0-43da-b506-f1e768b2af57	745	1574	119	38	,
71919c79-28cb-4c9f-9457-cf33f999d27e	869	1574	66	38	son
a5b0f0b3-465c-4360-a492-e752bd922a8a	940	1574	38	38	of
cae6293f-6cdb-4f0f-a6d5-d473cbea3d27	982	1574	90	38	Jared
31ad8479-8798-4667-a929-8a47fcf554f1	1066	1575	18	35	*
74bceb58-1e27-4692-a8b0-8ac0f3adfcc1	1087	1574	118	37	488
a25ac5b5-2002-44b7-b651-662f2e30b8cc	1087	1574	118	36	-
1caa40f4-2692-4943-95c0-a11e25caa00e	1087	1574	118	37	14
edac257b-acc3-47f5-825c-014925ef9327	1087	1574	118	36	.
71febf5e-fe04-4a05-b81b-7aa443eb9de7	745	1600	113	41	Gilgal
15e58107-fd62-45b3-acde-4b4372ced383	745	1600	113	41	,
824b5863-57ca-4f54-adf5-4bddeca98a31	863	1600	31	41	a
7dd4900d-ba35-4862-b930-abb37cd891dc	899	1600	138	41	Nephite
a2cfff0f-cf05-49e5-801d-2d6d0dfa5f29	1042	1600	154	41	chieftain
8a8af808-f497-4ec9-8fde-e7c9c51ef7b8	1042	1600	154	41	,
b78565e4-52ae-44c4-9595-9dd7c56f5576	1201	1600	113	41	killed
53070caf-b838-42aa-821f-48699ca33f21	1201	1600	113	41	,
513b5151-a668-4f1a-9528-45d6307feb5f	1319	1600	72	41	470
493856b7-e890-4929-a81e-175ede02457a	1319	1600	72	41	-
ce627bcb-f5bc-496e-a181-37bd8450b710	751	1666	109	32	Gilgal
10b9e4bb-f63f-4a73-a97e-de240cdd669b	751	1666	109	32	,
c2be117b-5987-4a92-bb90-62d7d04e0944	863	1666	74	31	city
74a26726-e225-458f-a3b1-4d5079a87ea5	941	1666	50	32	of
293a2d89-08d6-4f93-807f-762f5f17994b	941	1666	50	32	,
5e96a739-ac8a-4c4f-a6af-75c5bc5d3c5b	748	1693	109	32	Gilgal
42ef12a9-5082-48d9-af40-05c133b38d6c	748	1693	109	32	,
30d2f0ca-efad-4ffa-a101-da0f6b61c74f	860	1692	105	32	valley
1ad08d6e-8f79-4884-8f7a-0002c47a03c1	968	1692	47	31	of
1058a24d-1334-4273-93b7-35d5da194ac2	968	1692	47	31	,
05056045-9686-4ee1-82a7-069a16245859	1019	1691	120	32	505
cff1b3bf-cf98-4cca-919b-477c162eab28	1019	1691	120	32	-
3de28b64-7ef9-401d-bd9b-9fe99152fec7	1019	1691	120	32	27
0494aa42-31dc-4549-9a2a-a766c67146d7	1019	1691	120	32	;
07ef0eaf-255e-4a4f-a0d2-30b8d7fce68b	1143	1690	186	32	Coriantumr
c2e412a5-47b1-4595-8de3-87de1e45ffb0	1333	1689	55	32	de
b6807a10-6032-401b-87fa-01695b472ccf	1333	1689	55	32	-
722a1410-5049-4d41-8e99-f8e935bd650a	776	1720	91	28	feats
33470c66-b35a-4cf1-956e-b956ae353f0e	870	1720	119	28	Shared
93c39608-12e2-46fb-afb6-15d0885cb1bd	993	1720	56	28	in
bda0b3be-b43f-4803-9e47-961262b353eb	993	1720	56	28	,
5bea0d55-51b5-4023-9fb5-32da12ee7575	1052	1720	129	28	505
c5c9ccc1-3055-4c82-8331-e6ba5916cc3a	1052	1720	129	28	-
8392fd61-9fe4-4cb1-b76e-b112298e8fb0	1052	1720	129	28	28
99e4df24-bb85-4de5-b195-8be7f80a2f3b	1052	1720	129	28	;
94e6b7ad-77a3-400d-a86e-1ae66612efe0	1185	1720	122	28	Shared
2ee4ae47-ee47-4021-af15-9529a76f35ac	1311	1720	73	28	Slamm
5dbb24ef-9700-4517-905d-6768e9df38c6	748	1773	114	38	Gilead
da3471e0-5f42-49c7-80d7-a9800f993489	748	1773	114	38	,
f9e0ecf5-56a7-4bfe-861c-e01c955b80c3	867	1773	128	38	brother
d35b5aee-b008-4c4b-9de8-ebf601d8eece	1000	1773	43	38	of
b5b5f2b5-7c3f-4fa9-aa83-825780983537	1047	1773	128	38	Shared
3451fa5e-b553-41b8-9a9c-368fa21464da	1047	1773	128	38	,
2365122e-f74b-4af0-b595-7168d512ebab	1180	1773	105	38	506
93702c6b-6da5-4286-836b-99847d6408af	1180	1773	105	38	-
b1666eb0-41ee-4bed-a936-09d091f4d7dd	1180	1773	105	38	8
c4b209fa-08b6-48ff-960e-34d9adaf51c9	1180	1773	105	38	;
e17656f7-3796-4b95-9e16-3a5888d1f189	1289	1773	99	38	fights
73df23e6-0ce3-494b-a0d4-a118c279eeb0	773	1805	196	32	Coriantumr
6810d63c-215b-41d7-9b24-bae042447794	773	1805	196	32	,
323cf4bc-0126-4b52-814c-0d716b2019cd	989	1798	108	39	505
2afd00e1-395d-4dda-a007-60f5aad4bb66	989	1798	108	39	-
d533a918-1132-4edc-9759-223ed0cea26d	989	1798	108	39	3
a0598476-60af-419c-a9b1-c7f64cd91595	989	1798	108	39	;
8b620c94-b339-4861-b481-562b01346397	1123	1802	123	29	ascends
30250d68-5c3a-4001-8aec-06a2d24c6eb8	1271	1803	122	31	throne
8df5ca12-ee9e-4655-8fe7-d138e4076302	1271	1803	122	31	,
cebbb3b0-852e-4e99-ad42-916ff89ac357	776	1827	104	38	506
01003778-0b17-4fd3-b5d6-880447786cd8	776	1827	104	38	-
f133e8bb-4788-40ce-a12e-6bdaff5b2198	776	1827	104	38	6
526de429-f29f-43bc-a8d1-054cfaf2362c	776	1827	104	38	;
3588542a-c488-443e-9c0a-efb15a54f2d1	885	1827	171	38	murdered
fa9d062c-d481-4054-9579-b4af1c08f3a0	1061	1827	57	38	by
2615bff8-1959-4c14-af14-c85d77fdc040	1123	1827	62	38	his
b4d47a03-518e-4e52-9a71-33352fd61e13	1189	1827	90	38	high
8ec89430-a590-497b-8928-37a6b22042c0	1284	1827	110	38	priest
1bca5265-5fa8-4221-a1e8-a01f1c37fbfc	1284	1827	110	38	,
c213ac3e-08da-4025-a990-95fef0b836db	776	1862	82	28	506
17e3c6c9-6cfe-4a20-9ea2-8f4069cd748a	776	1862	82	28	-
03936425-b801-47ad-90ba-367d57549318	776	1862	82	28	9
1b598b06-4a63-470f-aaf9-709fa3df36e7	748	1887	175	41	Gimgimno
b873732d-92f9-4fff-b9f1-80e324be2397	748	1887	175	41	,
35abb0c2-9579-4520-a328-1ff42b21740e	927	1887	77	41	city
405029b2-8af0-430c-af58-b518d5b347a5	1009	1887	46	41	of
8c33acb0-6d9f-4d35-8934-563951986f27	1009	1887	46	41	,
89558012-36d5-4e4f-b81d-1185c9c7fada	1061	1887	97	41	sunk
fcde1e22-a054-4e02-aa06-e7696a2af0d9	1061	1887	97	41	,
5da62241-b10e-4288-940c-747ab46a6ace	1163	1887	99	41	417
86b9ef84-6967-438f-aee0-10fe2c22052f	1163	1887	99	41	-
dcae0361-b3ec-450b-b5de-af5f6b771b21	1163	1887	99	41	8
4dbb56a1-c191-40c1-903d-b6b5da3411cf	1163	1887	99	41	.
4b0d5f0e-1a9c-41c8-a693-0902e8145c8d	748	1922	101	32	Glass
b7839522-a112-4c10-b81b-b339493295ac	748	1922	101	32	,
c2506a19-2731-4d5a-abf0-f3662732c232	858	1928	44	19	as
e2a4cbbb-47c5-4fa5-84ba-630cdc3e04d7	915	1922	82	28	clear
a0e01a95-3e9c-4b14-9320-47b94df0f6c1	1000	1918	69	29	as
fb93c044-ac60-4700-b445-90e72fdce95c	1000	1918	69	29	,
d6f67f11-7c1f-4a54-bd63-cee2381a4726	1073	1918	127	29	molten
52b89bc3-78b9-4c82-8f10-31d63959bce8	1203	1918	109	29	stones
9c9152a3-bc09-43b7-9a7c-323d47e324ee	1319	1922	73	22	pre
f3fbcbdd-61b4-4176-9b95-8fa195be0aea	1319	1922	73	22	-
a585c3fa-84b7-42d5-8356-505c8c23f818	880	2003	133	35	208
4c110fde-0d69-4302-8709-c8302d6792f2	880	2003	133	35	-
ff61905a-2ad7-4cb1-9851-536eb1cc1aa7	880	2003	133	35	50
3e29dc9a-17a5-4614-9724-7adcfb5d8023	880	2003	133	35	,
c0dbb266-0051-43f7-98e9-4af03140dead	1022	2003	124	37	218
2ccdbb28-9faa-45d2-8472-8b72dfd9ebd6	1022	2003	124	37	-
db17bd2b-faff-4649-8708-2ba109ada614	1022	2003	124	37	26
bb8b3d2f-5ca0-403c-9c0c-a4d89996009f	1022	2003	124	37	,
530a5ab2-7fa4-49f0-b426-7267e71ef5a7	1145	2004	126	35	230
6a286cce-7962-489f-842e-3cb58f8d054a	1145	2004	126	35	-
a8a36c9f-37a5-4b95-b3e2-a6615e49c38a	1145	2004	126	35	24
8eada40e-79b1-4a8d-95c3-3aac936fb20c	1145	2004	126	35	:
4ca16d21-29fa-479b-8667-dbfc225d2548	1281	2000	111	32	448
c274dd66-9986-4508-acc8-b33e35d319e3	1281	2000	111	32	-
28008e4d-01ea-4ef1-b409-47dd90b2ac0a	1281	2000	111	32	3
0453c213-5696-4386-8a67-9f991715c922	1281	2000	111	32	;
45a99690-7379-42df-894d-d5cf316d0138	776	2029	144	35	rendered
053802e3-b679-464d-b0ea-79b8694e6c80	925	2029	87	35	unto
bc1fdf60-9ae7-4eb2-a65f-5ac612c00d16	1017	2029	101	35	Jesus
733525e0-bf14-4a64-8d7e-746f7b188f76	1122	2029	44	35	at
06a8ea76-d720-42bb-bb71-7cf4c01fcc23	1170	2029	61	35	his
a26e5f02-879d-49fd-8b2b-83730921bf55	1235	2029	153	35	visitation
77f3a6f6-2a1b-422d-880c-43334f135fb9	776	2061	41	41	to
ab15148d-aed9-4649-ab8c-ed8676c7f6e5	822	2061	62	41	the
73afdc38-e955-4c87-9271-685474281540	889	2061	159	41	Nephites
6d171ffb-c92e-4861-b818-f515acd8e17e	889	2061	159	41	,
7bce1a58-9926-4bef-82e7-4dd3239a0fe6	1053	2061	102	41	439
0a5e5c30-3be8-4d29-80fc-def0ba4bc0b0	1053	2061	102	41	-
59ca3664-56d3-447c-894a-8c6d225c2b1c	1053	2061	102	41	9
9ceb33ac-6f3b-4cca-a233-f0ea40dd8490	1053	2061	102	41	,
05c801a2-cb3e-4768-9468-cf5cc76b9e9b	1160	2061	54	41	10
2ff23f07-2990-4429-88bc-1a1c0247c7c4	1160	2061	54	41	.
