ID	X	Y	Width	Height	Text
9613f783-6269-405c-914b-03e8a190f411	73	95	73	35	556
37341072-421e-473d-85e8-3844be2932ed	646	91	149	40	INDEX
2ef808e2-2c68-410c-8112-2f34e3b88ba5	101	158	90	38	army
3ac62c76-ff98-446f-83f8-baecdc753c1c	196	158	38	38	of
c9a19de3-507d-4ae7-9347-6b8026f821fe	239	158	105	38	Jacob
e49576c9-13fb-4a80-99c5-ae81b84aaf27	239	158	105	38	,
0cfef31f-8c80-4399-b21d-12599a7a1513	348	158	119	38	330
9c45cf23-ec16-488d-ad8b-ea9567e6940b	348	158	119	38	-
31d9e5f6-d789-4858-b8c0-5d4077539873	348	158	119	38	36
356590bd-ae4b-43f3-bb86-818ef7fbbe39	348	158	119	38	;
0d5c28f8-4835-451d-82af-4a420f7a5aa7	472	158	38	38	in
fac81076-6cda-445f-bac7-cb0615538d19	514	158	157	38	command
dbecbde9-6bcf-4dc1-a3ae-f8e45508a851	676	158	44	38	at
80cf3cfc-9497-42f6-8003-6f5ca601ad43	101	189	117	32	Mulek
c81d20ef-877f-438a-974f-f10f0d116e68	101	189	117	32	,
1f47293c-3677-487d-ba56-6ae515a47dd1	338	186	186	28	Lamanites
d5e6a90d-5873-4801-ad04-7368d1205b02	549	186	74	32	flee
0ddf6d8f-ce8c-47aa-83ac-6f9faefd040e	626	186	87	32	from
a74fa9ce-779f-44b7-9a44-ab51e8171192	626	186	87	32	,
8a0d3571-8833-481d-9f29-946338c0cd61	101	186	113	62	Mulch
441c2e5c-d877-4fdf-8ae1-642949bf6e26	101	186	113	62	:
5f9b15d7-9c1e-458e-a310-4cd20a3caf07	221	188	158	63	intercepts
c7fa7ba5-0390-4261-8275-9ca5b9e658f4	385	191	113	62	enemy
9dda9936-5871-4614-b3c1-c7de961b95ec	385	191	113	62	,
b8293ddb-0d93-4d22-b19d-20d6526c78ae	505	192	128	62	protects
44493e63-ec2f-4445-b29c-a518565bf40d	640	195	73	61	land
60588bd9-6c3a-4d56-954d-ba000a9d5c37	104	246	160	32	Bountiful
a81fe80b-d2eb-4b59-b5f4-4c732d3989ec	104	246	160	32	,
db4f77e4-74f8-4d63-8204-0a53a63c8e36	268	246	117	32	361
7faa909c-329b-4e2a-a56b-ba2e91ff5d75	268	246	117	32	-
fa417427-cb7e-4e78-8480-4ef736bceb21	268	246	117	32	28
eec5c7f0-947d-4010-b283-3609fb17c3b8	268	246	117	32	.
30f78d4e-2c64-4613-8edd-9aab206774d0	71	277	66	59	Led
df8bd5e7-232d-4b0e-b016-0d36aa4a741d	144	279	167	61	Nephites
1912fc00-3e99-42e8-b80c-a5d3fdc5b7b8	144	279	167	61	,
cedae042-4a07-4b2c-b121-6494479b9665	164	278	70	32	son
3a572814-7736-4698-beb2-61bdc5b6bcda	238	278	43	31	of
c3e8c457-30d1-4b2b-a0cc-67e6046909ea	284	278	159	31	Helaman
df312ba0-40a1-4db8-b880-6d4c5e34d17d	284	278	159	31	,
0f0eb4dd-81b0-4231-821c-995d7bf5ef99	447	278	120	31	365
8871fef1-c27c-4627-ac03-64cf252f1da8	447	278	120	31	-
7af83a10-c1dd-4147-b3fa-bbedac026c73	447	278	120	31	21
dbf9df7a-f16a-4eca-a006-eb255745565f	447	278	120	31	;
801c4f5a-6d10-4e31-acf4-de1243538292	571	278	142	32	preaches
10fb3f73-4a3f-40bc-9761-ca0fed222a73	312	306	130	29	367
cbe0a12b-490c-4528-aea3-b672ebdc6c97	312	306	130	29	-
7bada770-1a2e-4399-9f93-2071f2aeeb39	312	306	130	29	14
d7c1c06e-873c-44f8-b234-04f7da173dfb	312	306	130	29	;
83ac544b-6002-47b1-92a0-b7c713b47278	446	306	149	29	preaches
9327d726-8e12-4b02-abb7-217c5aed9ca6	598	306	51	29	to
12d30efb-8a80-4b3d-8e80-bc1af28aafb3	653	306	60	29	La
4ce01e2c-795f-4b2d-ae92-56811c8ec0f0	653	306	60	29	-
db6f34c6-86c5-4e83-b3f3-70906cefab52	101	331	133	38	manites
74561747-2e8f-4b8b-b515-dcceed157bee	101	331	133	38	,
68f03130-e199-48ff-a4a9-b239db91855f	239	331	119	38	370
fbd115d4-5140-4cac-af9b-ac653e6536fe	239	331	119	38	-
031a0ec3-92ea-446e-a50e-dbe52805e697	239	331	119	38	18
6bce970b-0117-4195-b9df-2895947e06a7	239	331	119	38	;
54f4ef83-60ae-44c6-b6b9-73904da08bca	362	331	76	38	goes
3109152a-99db-4c0f-ab2b-bf9c9b1d4aad	443	331	38	38	to
0f408b16-dc39-42a2-94d4-b011f3414a48	486	331	76	38	land
a6b8e580-e19c-4c5b-84dd-6e1fe8fa3297	567	331	38	38	of
3c227730-8a5c-4f97-814a-a102d5ffe8d7	609	331	104	38	Nephi
252740a9-5daf-401f-a71d-37cc05ff7dbb	609	331	104	38	,
af4f2dfd-0fa6-4d28-a4b6-9c66c6716151	101	360	114	57	37o
b71204c4-8fa7-4acb-85bc-e6c9b39fb22a	101	360	114	57	.
d507d362-e77a-4a18-a2cb-b0e40011efc7	101	360	114	57	20
8b9fee56-b9a4-4925-8cc4-07bf052cce6e	101	360	114	57	;
41fd635c-c38c-4abf-b246-710226c8473c	222	360	78	57	cast
287eab59-4b75-4f86-b8c4-fe47e20155ce	308	360	71	57	lato
3a86e0ff-f9d5-4cfd-970e-1a0171ef8a09	386	360	135	57	Prison
df4ca8ec-61ed-4390-a432-0012d770a6eb	520	363	129	32	370
3fbd24c5-2e36-41f5-bf15-750b31df46b9	520	363	129	32	-
a487065e-4d0e-4ee7-867d-5c6af6b2f5a2	520	363	129	32	21
5fc241cd-f8fa-4dc5-9018-788011d48619	520	363	129	32	;
0711dde1-6154-4233-89a5-b4194bc16cce	508	391	81	35	fire
54adee52-183f-4913-9c32-688d7acef073	508	391	81	35	,
92ef4bf6-efc0-464c-998b-25772587b904	593	391	117	35	370
bd3a29dd-2d5f-47ce-9095-2d7f822f4473	593	391	117	35	-
5eeed47f-8658-4cb5-b03b-b54c954700d6	593	391	117	35	23
78ee7b4b-1596-4050-b649-be7d73579563	593	391	117	35	:
1998711d-1654-4c7d-b0c5-ae176ae5c9d4	104	420	67	29	face
e2eb9949-d233-4363-920a-1f044ec072f0	174	420	49	28	of
dd983624-32e1-4c97-8697-196d5f655d28	174	420	49	28	,
66e20419-3700-439a-9c8c-a29fec4e9f14	227	420	119	28	shines
ff319ded-7ba3-4a32-b3a3-a495a55fc077	227	420	119	28	,
965d2e0b-b056-4a89-a2e9-8b429b2391a8	349	419	126	28	371
9f4158ce-f2d8-45af-ab3a-39003571cddd	349	419	126	28	-
27f2b101-ba11-4933-9044-578b9092cb85	349	419	126	28	36
e5195b34-8e6e-41fc-8691-9244823b210e	349	419	126	28	;
0fe5a842-9c28-4f8c-a83e-ad90ea6b1f90	479	419	81	28	goes
6efeaa2c-b4f1-4bcd-a629-7bb19f125423	563	419	74	28	into
677bfa78-603b-459c-8a0b-04a19c2bd2ef	640	419	70	29	land
acccb9b6-6ad5-48f3-9f69-bce0478765a9	98	445	181	38	northward
c392f94e-fae0-46aa-acb5-84e2ba9b6280	98	445	181	38	,
8034d2f6-ba5a-4a4a-8e14-ae1cbcd0535d	283	445	98	38	373
fc0aed32-4f1a-475e-bdc8-e1d5c9314ca3	283	445	98	38	-
9fd47723-3dc7-4a9e-b312-e3535154283a	283	445	98	38	6
22473bab-f552-4b5f-8bcd-826cee623d07	283	445	98	38	.
5abfe0bf-201c-46e0-846a-31883f5ef29a	69	470	87	70	Lehi
dafd9558-5e89-473f-8347-ccff248199d4	69	470	87	70	,
17ec2466-0fa9-4ef0-869e-3a890cbdfac1	165	470	61	70	city
bd4b26cf-e697-4dfd-8ba8-7acdd531190e	235	470	35	70	el
486ebfe2-5e5a-47a3-89bb-f9a8b46f6096	279	470	123	70	26
32f71de5-9fbf-4297-bbd8-7734dfee325e	279	470	123	70	-
7137c075-7031-480f-ad51-42d1d8758f86	279	470	123	70	245
536fb0ee-0efa-4d8e-8a90-5ad2f392e2e4	410	470	140	70	appled
c6862222-3c89-47e5-b69d-aefb9bf1c5bb	559	470	157	70	Pama
e9b7f06c-dfe1-4d5b-a94c-6a006b2f0895	103	504	54	28	for
33dd4c81-d960-4bbb-ab03-6b944c516123	159	507	116	30	battle
592650bf-0031-4cbe-86b9-6c1821e3cf25	159	507	116	30	,
ba5b397b-fd02-4f2f-837a-8e2a9571b9b8	98	533	124	32	lickiah
3352f991-e7e1-44a5-a5bd-d972e98c1064	98	533	124	32	,
6da2dd55-5cee-4d66-a9f9-89dbf201ec1d	226	533	115	32	326
1380bcc7-7240-415b-822f-6d7fc33f022c	226	533	115	32	-
7b317a1c-a7e2-4790-a90d-354e0b150d65	226	533	115	32	26
6a8408d2-cd2c-4fdf-9147-89356e676de9	226	533	115	32	.
8c63e15e-67b0-4278-917a-8f2235998f10	69	565	83	35	Lehi
ffcbbcfa-6d13-48bc-8964-ef6d93030289	69	565	83	35	,
75bec1f0-5cfc-4f50-adb1-93a9ade1cd6a	157	565	79	35	land
7bf1cb68-5925-4fc6-a93a-d866a87a4673	240	565	44	35	of
3a6f26a2-5e6e-4ec2-8cbc-bbea51f908c3	240	565	44	35	,
c419d867-16ee-438c-8e48-fb930a13eaa8	288	565	118	35	322
685817ec-5532-4dfb-a6bf-32753f6c5992	288	565	118	35	-
a7cde5cd-dc67-4193-a97d-3660cd6a5f62	288	565	118	35	25
afc09e95-5217-4b56-8e34-100af4e505b3	288	565	118	35	;
9ce2ee43-9fc7-4d41-96d7-f50a163392b3	410	565	105	35	people
a4a04e1a-a3d5-4dc1-8059-3cfcc36b3031	520	565	39	35	in
6158f2db-af79-4184-a79b-b0bbec2cdbce	563	565	105	35	appeal
c124f0bc-9f10-4650-bd92-6d7cafed875c	673	565	37	35	to
369ab581-063f-42c6-b8c3-9e0741522190	98	593	132	32	Moroni
18cf53fd-4913-459a-8c03-fe4f3c2e4b60	98	593	132	32	,
774bd14d-eee5-44af-89ad-9363a749fb24	234	593	120	32	323
67bf7aa8-13ef-4045-a16d-db6f049c3fe7	234	593	120	32	-
5a7fdf5d-638e-4514-8883-cacf30f5ab24	234	593	120	32	27
e1b0583f-88ae-426e-b636-09b70f39581c	234	593	120	32	.
f7315c88-34fc-4c10-b9ec-ffb05b0daacd	69	622	192	35	Lehi
1243b967-2536-4232-836a-a3980b1d6d1b	69	622	192	35	-
c4872aca-5b41-4e77-9c6a-f9d82e86398d	69	622	192	35	Nephi
aedb3b4f-ecd3-4de0-8283-4e843d0e8852	69	622	192	35	,
203e2956-4a69-46b3-8fa1-3d0c07a36618	266	622	79	35	Jand
5e9255dd-e051-4c0f-a43d-12b20761cd32	349	622	48	35	of
7895b5d6-24e8-4657-a11d-c7b1e91f065a	349	622	48	35	,
c77ac48a-d13b-4d83-9c96-5ae4ae17e04e	401	622	100	35	147
f163829b-0f0e-43d6-973c-d71b7a3e1c9b	402	622	100	35	-
6f2d728c-c07c-43dc-b25d-4ecf9aaec7ea	402	622	100	35	1
9eeb60db-6717-4600-a6ae-1eaca4001b8e	402	622	100	35	.
e9d5f021-b28f-4723-b009-d31feb27d3c6	69	653	85	38	Lehi
16d7e1b1-1540-4002-941b-e1065bcf23ee	69	653	85	38	,
f3f5093e-54d7-4b0d-967a-eff1e92e828b	159	653	81	38	land
95efc8ed-2c70-4c1f-8304-3630ab60eba6	245	653	176	38	southward
8d672b94-a38a-45cd-a01c-1b30ac94ad6f	425	653	109	38	called
b4bdae54-e59c-4603-9f80-ddad2c68188c	425	653	109	38	,
ff1c93d9-4ca0-46d1-8d06-72cfc0c75743	539	653	114	38	373
7bac1095-fb28-46dd-9007-aa50326a5666	539	653	114	38	-
c6dae817-c611-4316-9c0d-532a396a205c	539	653	114	38	10
c08a89c1-443b-4c82-836e-41753c751e34	539	653	114	38	.
7b233696-5829-47cf-ab32-a8629a6e766f	69	685	142	38	Lehonti
91247fbd-b289-4e03-80b7-930837b638f3	69	685	142	38	,
1f6f1514-2a67-484c-b1eb-dde855ed454b	216	685	119	38	leader
7f076de8-a75c-44f8-8212-99ce2a13d53e	340	685	47	38	of
9dd48526-3ed1-40c7-bac0-ac9cd326bf3e	392	685	185	38	Lamanites
020b07fa-1b01-4774-a000-fb0d5995e5e9	392	685	185	38	,
b25387b6-de27-4c8c-8119-1e3f1b9a908a	95	688	143	60	poisoned
56904fa3-9f83-4555-82fb-b766bac61e5e	245	688	45	60	at
1d304c15-ef58-4557-ae32-bde0bf037523	297	688	157	60	command
3789e22f-f5c8-4715-b917-6efe94acbb2f	462	688	45	60	on
3ea4a7f0-fa7e-4587-a10b-94dfd543d491	515	688	198	60	tamalician
8679fd7e-abbb-4349-8ec7-d4f4bfe33fe2	515	688	198	60	;
55cff92d-ef40-4330-b986-614c515dc779	94	744	117	34	314
399920f6-6fd0-49ae-8914-48836a4da906	94	744	117	34	-
d0c978d5-69a0-47fc-be0d-f5b4f90139b1	94	744	117	34	18
951c0d67-8ef6-4354-9f67-eb37d7462d73	94	744	117	34	.
9fbf5ecf-dbd3-4ae8-9396-393ef2dde70e	69	773	137	38	Lemuel
1221526a-8d65-479d-8b47-14d7f0a21430	69	773	137	38	,
181774c4-58d7-4c7f-ae36-0f6de103f3ef	212	773	124	38	second
c0640756-c6c5-44bf-b74c-6e0bd5085218	340	773	71	38	son
b20f64b2-52ec-4ea6-bccd-b96d611848b3	416	773	48	38	of
c1974f32-1c81-4245-ac65-91cdacbee2fb	468	773	95	38	Lehi
e18cb722-6eb7-4751-b0b6-f3ce8bdc4e1a	468	773	95	38	,
6d8ec39c-40b5-4fa6-af7d-d5c00bf836fc	568	773	142	38	rebuked
60547659-3e96-4b22-8ecd-cb9d7581bb6c	568	773	142	38	,
5ca42e70-ec15-4aa4-8554-e74805afb213	94	803	89	31	4
67067cb4-9fd5-4a59-bccb-a5f890ae4803	94	803	89	31	-
9a86c2d5-60ef-41d7-bac9-9cc88a4ecc2c	94	803	89	31	14
ccc06721-0a6a-4168-be6a-7918ab969781	94	803	89	31	;
4a15f8de-03d8-49cd-99ef-3701c8d483f3	180	805	210	41	threatened
9e21e095-926b-46ac-a465-c55a477d4a49	395	805	102	41	with
3c29749c-9537-49ba-ba0d-5e8b7dc254a9	503	805	113	41	curse
f7b8495d-5047-4e65-97bb-ed0973d3b87e	503	805	113	41	,
1285f837-e3db-4fd0-b91b-5d91c92e631e	621	805	86	41	4
cfca1dcb-4ab1-4534-b20d-05908154db53	621	805	86	41	-
e8611416-fb70-4bc9-a38d-307b2377a5b1	621	805	86	41	21
075e36e2-8a3d-4534-80f9-676eb3d92c12	621	805	86	41	;
d514359e-0e44-4edd-9caf-f04e1b3622b3	94	826	133	41	rebels
a60bf227-6392-4e7f-b443-1e9a6e69d224	94	826	133	40	,
a6c078e2-1d0d-46b6-af5e-f9e1f6a717bf	230	833	96	39	11
3c70fc57-9d54-4103-90ae-5f2e81d32229	230	833	96	39	-
7073fd3e-ce2b-4043-9498-9b215c23c6d6	230	833	96	39	6
71b2f3ee-6979-436b-b5c5-d910a8ef3c30	230	833	96	39	;
118b9eae-a465-4f57-9870-17a2af2ecfd7	95	833	112	64	against
3b679d2b-2871-4d4a-873b-cb3ca81696e0	215	833	96	64	lives
75bf08ba-66ff-4c33-a515-4bc1eccf3465	319	833	40	64	of
fbacd2a0-82fb-43de-9afc-be77d0fe5afb	367	833	80	64	her
e5d51221-9d3c-4167-a105-9eef2b77a717	455	833	64	64	and
e7144a81-278d-4f16-8651-e7bec780255b	527	833	120	64	Nephi
f46e93ad-4e0e-4b77-b11b-f751f1374c59	527	833	120	64	?
55c7e335-c40c-43ed-8bfd-90443e4df988	655	833	52	64	ots
b529beb9-ec8c-4b7a-adaf-b0bfa1c49b5b	599	890	110	32	39
60cb628a-347a-4487-a7ce-a88693f9e94f	599	890	110	32	-
17b5fa7e-1d54-4e28-b6d7-6845f6139414	599	890	110	32	11
9898dfdf-1dd6-441b-9be8-86c06bf6b4d2	599	890	110	32	;
6d33c680-a5a6-4b8e-a3a4-8046b82331d1	95	884	75	66	Rehi
d93ae0ab-cccf-4093-9ce4-446b5756878c	178	884	66	66	be
af3fc610-7457-4515-a2ba-16584da36dcf	252	884	50	66	Is
e09c59cf-9371-402f-8a93-669ff4c1c7a0	310	884	58	66	son
8e6d9838-3bcd-4c18-9b8e-08f992d161cf	376	884	99	66	sand
3a0ef954-edc4-4911-af87-24c4c4218084	483	884	116	66	daught
974c5f1c-e07d-44e3-bf5f-56abc36fb3a3	607	884	106	66	33
e426c8da-c75f-49f8-8955-5532b5aeedcb	607	884	106	66	-
c6b2a611-e185-44ad-9953-3a9c08dbcbef	607	884	106	66	0
955dfb84-495e-4246-b4db-b82d1e47ab92	607	884	106	66	.
680adfc8-1568-466d-b96a-39686e2b5a2b	94	944	86	37	58
d56c2c0d-b276-4a84-ab82-b689deac3ea4	94	944	86	36	-
93a8f50f-6794-47c3-aeae-303d0a882e43	94	944	86	36	9
f3613c19-cbc3-4b98-a59b-ede3eaa7a17d	94	944	86	36	;
b88d3bed-cf50-4bb8-ac3a-661bbbf2042e	183	946	113	37	angry
589802c6-67ca-4891-9bf9-e23ef15927cd	184	946	113	37	,
a711ca83-f8a8-4bcf-a5ae-bf9ac9774ab5	297	944	110	38	58
220ec354-54f6-4ed1-ad3c-94590bcaab87	297	944	110	38	-
fd5c3e42-e110-46ff-a38b-ddcdb5fc8fe8	297	944	110	38	13
245ec899-ea4b-4dbe-8126-4df166170b9b	297	944	110	38	;
39eb83a4-4438-4cbc-ac8b-e1c83206a0e1	411	944	100	38	mark
86769eae-7693-4395-bdab-c6b09281ca8b	516	944	105	38	placed
8bad9d92-1381-486c-82c8-8d300a0c4e1a	625	944	82	38	upon
d164ecbf-3f51-4f96-b3a0-2c88e3d87dc2	95	972	76	38	seed
f1d6dda1-35fe-4387-bc1b-a1e78d3ffba1	176	972	52	38	of
1680fe5a-0486-4465-8800-9175c45d494b	176	972	52	38	,
e3f155c0-1bd8-44be-a938-2dbacb775a50	233	972	108	38	201
8a282761-2326-4837-ab53-36f4d1615fe8	233	972	108	38	-
2ddc632f-2483-4fa9-b327-babda8e1f6b9	233	972	108	38	7
1bb96ad0-6453-45f1-ab27-8930e6c3f301	233	972	108	38	.
fd7dc516-23cc-4591-be8f-f624539084b1	66	1000	133	41	Lemuel
9469403c-c186-45fc-b5e3-578aafdf0572	66	1000	133	41	,
4f5431fb-19fb-4c4e-bb9d-d74fed435b26	204	1001	108	41	valley
2cbd05bb-4c99-4f56-af6e-904777280eac	317	1001	46	41	of
1faef5b0-56e2-4a5d-98cd-10206c5e7837	317	1001	46	41	,
20d397c4-a490-4cae-8cce-7d8ee242f461	368	1001	87	41	4
9fd93e2b-13ef-4a0b-9f9b-906e25def10d	368	1001	87	41	-
4a023810-415b-448f-9181-258bb458ea01	368	1001	87	41	14
3d711ec8-91e1-45c2-b80d-6ae6504d71af	368	1001	87	41	;
215f8d8a-e4e5-4ca8-8b6f-2ebad149571c	461	1001	82	41	Lehi
487272f6-cad7-4731-8176-d8549bbe4273	548	1001	108	41	dwells
faa1de5a-2398-41dc-95b8-e2423fa178b2	660	1000	49	41	in
e3efa519-835a-412f-9884-74d27b162a0c	661	1000	49	41	,
6dec6657-d2b1-49e3-b773-8722c29551fa	66	1060	187	35	Lemuelites
b04a203e-c7b9-4f3d-8f07-59af80ae4f68	66	1060	187	35	,
e91b8eac-88af-441c-99ce-2ce7881ef3c3	257	1061	26	34	a
9a6f6e04-d55f-4a9a-972a-6c7890750eeb	287	1061	132	34	division
bac6304f-5f9d-402f-8ad0-831c8f080616	423	1061	43	34	of
4303bc0e-6620-4621-81e7-2299ee5f30b6	470	1061	59	34	the
72e6c7af-6e58-4928-bc56-49056f7a393e	533	1060	176	35	Lamanites
332e0251-3ba2-4d95-9947-66b212620f18	534	1060	176	35	,
db6c26c3-19b8-49ae-8f80-f9e86abd5ca3	91	1088	122	35	108
6a032ca0-9d30-4d1b-8fb3-f249d293f4a2	91	1088	122	35	-
33d0c917-6ac8-40dd-8528-3342d72001c8	91	1088	122	35	13
e222896b-8be0-4b4a-bcb3-83472d29df4a	91	1088	122	35	;
7c1aa593-3df6-44fe-be6f-ac45a9481b02	218	1088	101	35	reject
c9119ac5-9902-48ca-9e5d-bbbbc05aa9b1	323	1088	118	35	gospel
eea0839d-cdd2-443b-b3f4-6bd287eeb5dd	323	1088	118	35	,
33c6eea4-c5a8-4551-93aa-4aeba66197ab	445	1088	110	35	459
0f9a42aa-d735-4606-a2a6-484ad08a13fd	445	1088	110	35	-
fcd4ef1b-cfbb-4de8-9d26-35e286835f9d	445	1088	110	35	38
05049c48-9144-43bd-ba0a-a4112e117cfa	66	1117	139	38	Leopard
cffa83e0-4519-4c44-88ae-2b320965e01d	66	1117	139	38	,
29d9bbd1-5eb7-47dd-9a51-ce3cedb44550	209	1117	37	37	to
9d8fe162-c12a-4510-a27f-67cc16e4c1b3	251	1117	42	37	lie
9e9b50e5-eb03-49ba-91af-9beefbe3362c	297	1117	88	37	down
168209a8-b8a7-48d6-9212-024c84a7f119	390	1117	74	37	with
83d527f1-ee99-41f4-b1a6-1ab761e9a03f	468	1117	55	37	the
fdc12fe8-8e7d-4f85-9765-80bd6c1ac4ea	529	1117	65	37	kid
b6e42624-3c43-483b-94d5-453ee28627e6	529	1117	65	37	,
f7b16028-c1ac-42c7-b91e-091a9e78b3b0	598	1117	109	38	103
9523b7d2-2580-42cd-bfd5-2d3fafe81536	598	1117	109	38	-
25b57985-b492-4750-8cec-ee3b02a069eb	598	1117	109	38	12
cfcd8b61-3b33-4638-818b-100b18939d3a	598	1117	109	38	.
1dd75d0b-2e86-48a5-83bb-cb9900c0a24e	66	1145	96	35	Levi
901398d3-ffe6-4e3f-928c-5a9f2f659e4e	66	1145	96	35	,
7b19c1c0-6d6f-4a6c-86bc-9ad5738491a5	167	1145	35	35	a
48cb8011-8436-4d10-b891-1ffa2983bbfc	206	1145	153	35	Jaredite
5f57fe2d-879d-4ee1-b33f-db3ad5bd9b09	206	1145	153	35	,
7bf4d2cc-b1d3-4247-aee4-55230dd9aa95	364	1145	70	35	son
a847fb15-3862-4fa1-a16f-99323a90da68	438	1145	48	35	of
eacedb9f-f6af-43a8-affb-7545e004c855	490	1145	92	35	Kim
0c01ebfe-0a6a-4fd7-8300-f11295f8b784	490	1145	92	35	,
3e0ea841-5bcd-4529-a5be-3383495f21e5	587	1145	120	35	479
6dc01864-fd00-4537-96db-04b79e511e4a	587	1145	120	35	-
6459a1ae-1161-41c2-bff5-54b2d69e62a4	587	1145	120	35	21
18900c61-c39e-47bd-8579-4b14802d0c10	587	1145	120	35	;
2fe06f07-f915-4e28-9010-cbeb88dd68ac	98	1173	101	35	serves
0bfb0953-167d-48a6-bff2-aefd06dd5def	203	1173	35	35	in
66688c10-40cc-4fe7-a47d-aedd9c7ccaa6	242	1173	158	35	captivity
d50f01a8-9e4b-4c7b-aab8-8428de8cbe09	242	1173	158	35	,
7eac64a5-ee89-47fc-9f86-e516caa77715	404	1173	74	35	then
090b3a0b-c5a3-4ebb-ad06-d9f4da2f7f97	483	1173	136	35	becomes
9b92e404-3999-48d3-80a0-e9e72732d271	623	1173	87	35	king
10f4411f-52d1-43f4-b009-3ee91d3c1459	623	1173	87	35	,
7aa37bbf-91d0-42b8-9105-eb113b9f0766	63	1230	147	38	Liahona
19bf0a94-5f46-474b-ba03-f13a473b79aa	63	1230	147	38	,
582205eb-2a55-4485-84b1-be97b51deee7	215	1230	81	38	Lehi
455382af-7ba2-453d-b2cb-874f55d376db	301	1230	95	38	finds
1dca3a94-bb17-4e4e-bad9-77f03140a28b	301	1230	95	38	,
44533135-5b4d-4181-94de-e64ed5b13587	400	1230	105	38	31
8a103d36-1415-4484-8a8b-d24191195f3b	400	1230	105	38	-
0dbb9b32-b2ce-4867-ac01-b839a7e98e68	400	1230	105	38	10
6b78bac5-6605-4047-9cb0-23713727f8a3	400	1230	105	38	;
554bda77-b7da-4fed-aca3-20b15296c1d2	509	1230	197	38	instructions
369337f2-9441-4fae-99c0-4c2e3382f3e4	202	1259	132	35	32
9be1dc5c-8ab6-4155-8c8e-cd65c6493c49	202	1259	132	35	-
d98574ec-d0a5-443c-8b9a-cafc44e641c8	202	1259	132	35	27
24c2f99b-ea3a-4e9d-8bd0-2a5a149be0a9	202	1259	132	35	;
4b097ef8-fbc6-4821-a10e-26927748932a	338	1259	119	35	worked
cb27a146-ef07-4f96-8ff4-380b249e21eb	486	1259	158	35	according
b36e8039-f0ce-4425-86be-966900f0f396	95	1290	87	29	faith
9c0f1889-538c-4bec-9bcb-26305a172b29	95	1290	87	29	,
52976d49-e986-403b-8f9f-24c951c4e77b	186	1290	105	29	32
8d3c5f13-7d8c-4bfd-82a5-d01654482cd3	186	1290	105	29	-
850f9d3f-8118-42a9-9dc3-3c52a26105ba	186	1290	105	29	28
62d3eb5b-a3cb-433d-8e7a-201039108361	186	1290	105	29	;
e2cf6d16-e454-4627-a83f-c04c4a717370	294	1290	105	29	ceases
af7b30de-1cff-447a-8121-ada8eb5a6ea6	403	1290	43	29	to
5988971d-dccc-4fbf-8f11-eb59f987aac2	450	1290	87	29	work
78b2a7c9-e3bb-4df0-a46a-ca3d52115757	541	1290	131	29	because
5735f92d-5610-4827-9e83-aec59658e357	675	1290	35	29	of
faf9bc0a-d6ea-4c30-a13e-634d8a32818e	767	158	149	44	provided
609687cf-c930-4423-8a78-e05e1242f2fb	921	158	66	44	for
3e0755a8-12b1-4868-960e-37ffd749af5f	993	158	143	44	Jaredite
50f2bc0d-b96f-4a7c-8ce7-e3f42d76b1ec	1141	158	132	44	barges
d929a547-d6f7-4fe4-b23f-a276a0bf582d	1141	158	132	44	,
65de0f49-26b3-45c9-85df-56dd01cd6a7f	1278	158	103	44	483
dcf7dad5-110c-43cd-b11c-1b6758d38a05	1279	158	103	44	-
37c33ae6-e0c1-4473-bc52-4b0bd5c80d2a	1279	158	103	44	4
a4b32cab-f6e4-4e9e-b15a-6ecec5060cc7	1279	158	103	44	,
4789da42-4cd9-4595-ba24-b938a5f06787	770	189	116	32	487
2a3aab1d-a83a-4f20-b893-3532c0ced53e	770	189	116	32	-
83da49c7-9ba2-4a0c-9d41-67c160c09950	770	189	116	32	ch
88467635-6684-46cb-aaee-85fdbe74382c	770	189	116	32	.
41984880-7e6f-4e6b-aa88-d9e8dde54ec9	890	189	66	32	6
377a3008-daa1-4b81-822a-c82b46e6db6e	890	189	66	32	:
686789c5-9acb-41de-a737-656fa3f8c5d8	890	189	66	32	2
01001df5-ee33-48a1-9681-6877909c63e5	890	189	66	32	.
01d4c645-2e9b-4622-bf2f-64b2e7a2450a	773	252	101	22	Vision
32c6ce1b-ef52-4d3d-9d5a-a90f51ec1bb7	924	246	136	32	Nephi
6e8384a2-d7a4-47c7-8e65-f93902075f1a	924	246	136	32	,
9d3867fe-fdf1-403b-862a-76ee00e2d1ab	767	275	97	32	Israel
ad83c87c-4e50-40fc-a86e-fab8f1eba938	868	275	85	31	with
791c1dde-3ad5-4ed6-98d0-bfb91e5b708a	868	275	85	31	,
1dba0c3b-1220-4d89-a3ae-90bc23cbdebb	957	275	101	31	42
7fa467e2-da04-4985-8b8b-6156467a7a21	957	275	101	31	-
5fe2b861-e7e1-4b9f-ba66-f2bb89a42b63	957	275	101	31	11
1239e840-59b7-4b93-a321-d1bd1a3570ff	957	275	101	31	;
a85c43a2-dbf1-4c1b-83cb-40a0b71b2e88	1062	275	116	31	wicked
575ff9b4-fba9-4c99-859f-a0ae9ce80c70	1182	275	39	31	to
b70e63f6-633b-4b8b-8998-4439d5a03bc5	1224	275	43	31	be
2fe7f0d4-f977-4de8-b6cb-b7d9626f23de	1271	275	105	32	visited
c1caeb19-488d-4c30-8b76-26be06a7c2cb	767	306	84	35	with
fa95ce64-09bd-46ee-a19a-c2e19b40ecf9	767	306	84	35	,
d26e2f66-e906-4baf-b816-c54732becaa1	855	306	87	35	93
8965a9ff-18d8-485e-890e-e95e192306e2	855	306	87	35	-
e1dd00c5-0bde-4e50-ba9b-88b2875ee6d1	855	306	87	35	6
5e4ad137-fb18-4f85-b4f8-b8bbeced4ea7	855	306	87	35	;
9a2f7090-54f6-4893-bc12-3f090b88c3f6	946	306	44	35	at
34286777-7745-413b-93ba-f5a40e713611	994	306	96	35	death
b8138df7-abac-4a2f-97a4-86da3489d079	1095	306	39	35	of
75fd1cf5-e79d-449c-8c34-2461ec78001d	1139	306	114	35	Christ
57414501-1722-4638-a5df-cb30af3bf81f	1139	306	114	35	,
5ad3ecab-119b-415d-9e99-a5d2d26d133f	1257	306	96	35	415
28a5bda7-9e05-4dee-a5cc-257f3ea42e54	1257	306	96	35	-
ac2adb1c-931c-49c8-87fc-dbe0e188c1e5	1257	306	96	35	7
a45a27d5-8f12-4560-b0e8-1dea40f5af23	1257	306	96	35	.
c339d316-bb7c-40ca-8492-2eae3594949f	738	334	138	41	Limnah
2fb98642-266f-49b1-a880-eb0bd0b3fb27	738	334	138	41	,
c426598f-cacc-4c07-b961-3b61ab2099a8	882	335	31	41	a
733d8e63-23a0-4ccd-9993-d92a685217ef	917	335	128	41	Nephite
20f5e3dc-d075-4887-afc1-c3f8b25318a6	1051	335	154	41	chieftain
49094f20-90ac-4a9e-b8dd-fddf817275e3	1051	335	154	41	,
bea2c61a-027d-4651-a288-a3e7f8574c0a	1210	335	97	41	slain
9be9d3f2-0c22-4da4-9f72-486b93b90913	1210	335	97	41	,
fc289c38-adcf-4df5-884c-3f13f0dc3fd5	1312	334	70	41	470
84382aa6-3542-4eea-9d96-f7467faa0cfb	1312	334	70	41	-
12ebb19b-f825-4f9d-9c9b-98d9ce7dc7d6	738	394	138	38	Limnah
ecd4f7e7-50a3-42c3-8783-1f5a27d204ea	738	394	138	38	,
6cecdfb1-bc2d-4ff9-8004-c9d6bc108462	881	395	29	38	a
696b6f51-c232-4068-a136-15857fe59e05	914	395	76	38	gold
c13ff3f8-ca4a-4148-a2f1-b52a9cba320e	994	395	86	38	coin
14415bc4-0323-480c-9f05-58618bdff3d4	994	395	86	38	,
16d87245-588b-46f4-b7eb-8432f33782a9	1085	394	98	38	222
d9fd465e-8e8c-4eef-a9ac-e7d9cabf42e5	1085	394	98	38	-
8fa246ad-32f6-4e1b-ae9f-85b51f9e75f9	1085	394	98	38	5
014b5477-02e5-422c-9568-2fef6805ec38	1085	394	98	38	.
10be7a4a-2214-4003-ade2-625a5d46687f	741	426	133	38	Limher
ed20c6aa-dbe7-43b3-a28b-4f80956c0687	741	426	133	38	,
9d861007-a9f0-4634-8393-dda71d9d99ee	879	426	28	38	a
d668afd2-a399-4050-b2c2-7712bf8769d9	912	426	133	38	Nephite
268725bd-b4b3-4b5c-9b57-7511dc18f4f4	1050	426	123	38	soldier
a255001f-93ca-427e-807b-150872febae5	1050	426	123	38	,
0ac28307-840c-4f34-826c-b5ebb5a16faa	1178	426	119	38	199
e413a2b5-d6e6-4f27-879f-7021eac9f9aa	1178	426	119	38	-
9e89c762-c45c-43b1-8296-ef171ea1d204	1178	426	119	38	22
3a03e3a4-da56-49f7-a50d-4495b5807436	1178	426	119	38	.
f9e4bc86-2600-4230-abbe-02201b3f303f	937	456	73	35	of
8531953e-9190-4f7a-befb-2676db0d3efa	1013	455	107	36	Noah
d6787e9e-fc26-483e-9886-2c1cb49622ee	1013	455	107	35	,
32274bc8-8a31-4ad5-ad02-275dd7c5f183	1126	458	120	32	meets
b6174a43-2116-405c-9d6b-a7bd9bf0b8b3	1250	458	132	32	Ammon
4e13ca78-8245-491a-9e96-c4d0d1d4a941	1250	458	132	32	,
a82f592d-6cd9-4bdd-8d8f-76323b38feb5	741	458	126	63	Limb
aeac7748-0c96-4cca-92b8-3293e13332ab	741	458	126	63	,
c97636a4-1444-4323-a95f-13007d646ebb	875	458	87	63	sends
be188981-0197-4934-9f4c-164141faf054	969	458	205	63	proclamation
f33d83d6-7f86-48a7-bd0f-54cbd9b75fc9	1182	458	47	63	to
19984b38-f589-4989-a975-1f5d67ff064b	1237	458	102	63	people
22b0ceba-2f19-4f98-af65-a3fc7a6a266c	1347	458	31	63	no
b0b8484b-de45-4850-a4c8-b58a09ec7a4a	1227	628	151	28	explorers
74b9df56-0da1-4368-a1ad-d55ced7ae2aa	773	688	67	29	27
021b0271-ec5b-4ea8-9fee-68cc3723aceb	773	688	67	29	;
d3636a6e-3665-41fd-8708-dfa0a52d781b	843	688	77	28	and
0dd44935-5fe6-477d-a2d2-c3fd05a77c76	923	688	123	28	people
437b72df-2937-4bc9-a9f3-3d4547c575e4	1049	687	123	28	escape
6b7e9b8d-cea5-4aca-8ddb-a71323dfa150	1175	687	87	29	with
22da6f28-0092-44c6-836d-df377a17dfbe	769	707	132	38	Ammon
4a593534-7bf1-4ad9-8721-8ff8c8f6f832	769	707	132	37	,
97528551-8923-49da-ad3c-2e8179b5eaf4	905	709	119	37	177
2ea5a569-e53f-4238-bf64-61a3408640bd	905	709	119	37	-
9c17a3c6-101d-4cfc-931a-2c4aea8a451c	905	709	119	37	11
7b624412-4790-4604-8a84-69fa68f1768c	905	709	119	37	;
3b291b3a-8ad4-4a5e-b746-5cff194e4b6b	1027	711	101	37	arrive
3cbf9909-6510-4260-866a-4f985610c2a1	1132	713	36	36	at
7b4dbedc-a9c9-4b72-8db0-15499ed4a092	1172	714	75	36	land
afd57a64-8872-47fe-95e6-2b2c1e391eac	1251	715	36	36	of
e5f55869-0526-4f60-a633-37c89a46abe1	1290	716	89	37	Zara
dfeb2654-853a-4e6c-b265-183bca1f3729	1290	716	89	37	.
d10ad31c-23b2-4ee5-a3f5-efacf23e28f8	763	742	113	35	hemla
6e81a7ea-f4c4-4d0d-8b6a-8ffacda38c83	763	742	113	35	,
a6df0373-e93a-4ac0-934d-220204b5d547	881	742	113	35	177
870887f2-b4a4-4931-a9b8-a785961348a3	881	742	113	35	-
b4817220-8537-4fce-b7d1-29994c6f967d	881	742	113	35	13
2b1fe4e7-be8f-454b-ab91-06d35a3472e5	881	742	113	35	.
4f408fec-1dca-46c2-802c-742c8a018ba7	738	773	144	64	1139
162bd157-a634-4ff1-af23-92675ae5b6df	738	773	144	64	-
443f46a5-242b-4d84-9df7-e6520844270b	738	773	144	64	13
125163d9-0a3d-4d35-8ce6-151033de0b2a	738	773	144	64	,
9505b4c6-d99a-4858-8cfd-8ef3c124539f	890	773	160	64	40tined
e60f95e8-94ff-4c14-b895-ed365f6f5c33	890	773	160	64	,
ec8c07e4-5dee-4ad3-8033-89023104894a	1058	773	88	64	22
b4816961-0688-4488-93fb-83f378dacd49	1058	773	88	64	-
9688254d-8ee7-416c-b4a6-3c78bf3eb269	1058	773	88	64	8
937c8e1d-a0fe-4248-a70a-a86135c7c9e9	1058	773	88	64	,
95f15d58-9d0a-4749-bd4c-8e932cab4c37	1154	773	120	64	197
cbc8b342-03f9-4890-bdac-2cfc8664df4c	1154	773	120	64	-
7b8a8e4f-8881-4e1d-aaff-1869984b3b62	1154	773	120	64	29
261ad536-3dfa-443e-9fa2-7cd3a401acdc	1154	773	120	64	,
021454e9-9c57-4589-bc86-d00cd9ff3e95	1282	773	100	64	203
9d8fe090-30db-46fa-8dcd-1df8e2840f27	1282	773	100	64	-
2b156a9c-59c3-434f-a6fc-7b3a73a8b624	1282	773	100	64	6
d876805e-0b6e-4c21-bf8d-40c4b77855fd	1282	773	100	64	,
054cfc54-ffe3-4393-aac2-412a1e6a17aa	738	827	87	70	Lion
439d0d23-4739-4957-9ee9-1ada4958d7c7	738	827	87	70	,
b1280884-6ea3-4b75-a725-52c9397bb9ae	834	827	96	70	some
bffd6a23-025c-4053-bb58-76566b0ef015	834	827	96	70	,
4c6c9403-83df-4d0c-b74b-e8efe8eff3e9	939	827	105	70	popC
0ce2e263-dcdc-40b1-b631-5171140d1565	939	827	105	70	,
db1da595-7f51-49a0-9a90-ef3f040347aa	1053	827	175	70	Lamanites
96e637b0-c91b-4d08-880f-5941233829f2	1237	827	35	70	a
519a7fbb-8015-4b3f-a8ef-2ec29d33808e	1237	827	35	70	,
c8f5f4b2-8967-4842-a089-0bb9340ed93d	1280	827	104	70	21
67823ba8-3f84-43b5-8f50-ca788f08ac71	1281	827	104	70	-
16a06d14-c501-4928-9b0a-d72115141783	1280	827	104	70	23
46a9640e-b4bd-4533-a22c-78ae0384a973	1281	827	104	70	,
b00e4ecb-c04a-42cb-8621-47caa5e0dfd5	763	887	100	35	61
d2281554-e8da-440b-a77c-9aec77cd1f18	763	887	100	35	-
083531c4-fcfc-461d-9cec-75994446a1f3	763	887	100	35	22
6efaaa85-9d22-4902-98e1-2567f8e3ca20	763	887	100	35	,
b6eccc8d-c85d-4206-9642-67b613ac40be	868	887	123	35	468
35642486-4808-4763-abb5-7b72fd846b4e	868	887	123	35	-
796a93df-b9eb-45c7-9314-0c0f540b41e8	868	887	123	35	15
6b498a3e-5215-47ef-8140-c3c3e7019049	868	887	123	35	,
b8032253-4ab3-4e27-aec0-24cb18bffb2d	735	915	149	35	Looking
ab9a0301-d050-40c9-92fb-f08cc37c88d1	735	915	149	35	,
30658f45-2544-4e82-801d-69858dde23d2	888	916	106	34	awful
618060e4-6014-403a-8231-0fd854f97727	888	916	106	34	,
4cc7db84-079c-4d95-a900-98bf7edbc5b6	999	916	128	34	fearful
7cad1b79-0e97-4c74-9a4e-0ee8c51aac99	999	916	128	34	,
3c64579f-0412-48a9-b26b-d470eae7b713	1130	916	89	34	state
8c6bac8f-a421-4d2a-9cf0-9bd093548b38	1224	916	43	34	of
2c5cda77-884b-44b2-a6a9-6ecd93314439	1271	915	108	35	wicked
565b12c4-80ef-4511-8934-3225a9771531	767	944	144	32	awaiting
317578b6-5b90-4a56-89ea-1284f7645e6c	915	944	212	32	resurrection
e5efb3a0-25e2-42c2-a5ae-397f2878e85e	915	944	212	32	,
9503e16b-71ca-481c-8c09-04c42b665b68	1131	944	115	32	296
895a48b4-13cd-4991-a1c1-4d12f7e63ccd	1131	944	115	32	-
b24224a8-055b-4090-9ea8-4b3006e8c4a1	1131	944	115	32	14
2d800e9e-a7c9-40c9-9cad-d00fb9298afb	1131	944	115	32	.
b8074985-c243-4f0e-8a7d-ea99290ee7e6	766	1138	95	70	Spirit
bff85093-7694-4b08-8464-2f5f767b338f	868	1137	44	69	o
56b33c0c-1377-47d0-9015-bd01c0d941bf	868	1137	44	69	,
a101f6a4-251a-4c1b-8bfe-9a7dddf393ad	919	1135	120	70	noted
e66b629e-53fb-4fcc-9993-5f15a438a328	1046	1133	120	70	wainst
c8b0b65c-89d9-43f8-a2e8-66c34a255a61	1174	1131	120	70	wicked
c11aa7d7-1a1d-4327-a590-4a90b19820e1	1174	1131	120	70	,
fb13c27c-f8a6-48bb-b346-3c6cf5a5eb37	1301	1130	78	70	93.64
cd3e50fc-a9cb-4422-877f-b2ff2db52558	767	1202	88	35	man
25d0f933-6ab2-4b2e-a0c4-9663f647939e	767	1202	88	35	,
b34d4a1c-6a58-4845-8dbc-531059277f16	859	1202	114	35	93
aa04b3f9-6f4b-4468-aafe-f35ad6b69f96	859	1202	114	35	-
b999dd37-d546-4010-8479-fe2d4ce9ed03	859	1202	114	35	11
0af27633-a64e-4961-a9c3-04f1efe11cd2	859	1202	114	35	;
ee3c72d0-f8cf-48fc-88cd-6711a678f7b8	977	1202	74	35	the
b797f713-3dc2-465e-84e6-9b496343da84	977	1202	74	35	,
a0f9dd87-6af9-46d1-8931-4c16aa34b93c	1056	1202	79	35	and
a7ed1782-f72e-45b8-be1a-b80337efcb5c	1139	1202	66	35	the
ccae8794-951a-4c2e-8938-ccc5c6ccddab	1209	1202	173	35	Redeemer
b925d90f-f626-4205-85bc-cde6e2450da1	1209	1202	173	35	,
ca2f779f-1731-4aea-9fe0-4de1097def6c	763	1227	115	66	284
90e6a821-3931-4c83-a59f-1fffb37d9a27	763	1227	115	66	-
e79ac47b-3acb-4cc7-87b2-2c4b99bac234	763	1227	115	66	36
ecd282fb-a151-4db5-a482-13bfcbd88760	887	1227	107	66	ellesh
d76c3e5c-eb86-499e-98a0-51d212e9a401	1002	1227	66	66	wot
c442b012-75d0-4486-8e23-58070827c240	1077	1227	33	66	b
d87496b9-9e8c-4072-b97d-bbd323be1646	1118	1227	99	66	unher
fcf9801a-fc69-4603-b712-0cf3cbf02a43	1225	1227	160	66	thared
95298dc3-7f8c-4b8b-8596-28973fce4e8e	1225	1227	160	66	,
5c01ffcd-eed3-4c19-9a80-113b3243bf45	763	1287	113	35	481
bc59e746-51b2-4dc3-98fe-6fb8b85affba	763	1287	113	35	-
616a4c27-8179-4d09-86b5-a991ed207e71	763	1287	113	35	14
cc37cf82-946f-45f4-af9b-0c0c8ece6976	763	1287	113	35	,
75a325f7-90a3-4868-a36b-db5e4368f6f0	881	1287	119	35	482
1a1b8284-fd1e-438d-b236-9fbca1726b7c	881	1287	119	35	-
e6b7a913-21ed-4158-9d3d-743de55ca540	881	1287	119	35	20
d3ad6710-c327-4eff-8798-08fa8cff771a	881	1287	119	35	.
878666b4-0a9f-44f3-81e3-adc5e6f17b49	1006	1287	78	35	See
803df3a8-0b4e-4944-a92a-34bfde9a8d31	1089	1287	74	35	also
3d9b7ec8-afbf-4bc7-b7ee-b59c76d82921	1168	1287	113	35	Christ
e5958ed9-cfd6-4bfb-8dd3-d834cdff5a1b	1168	1287	113	35	.
3097181e-38a6-43d0-a740-8949425b14ad	735	1312	79	70	Lost
5b63ba6c-d31f-4a9b-989d-5495a7079071	823	1312	114	70	rivase
43a9d32f-846c-4b93-a6af-d4d9ec2002f3	945	1312	26	70	or
d63fb273-8a02-456f-a04f-08853b4d1c95	980	1312	105	70	stall
2fc7322d-79d4-492d-8b33-f9c4148ff6b4	980	1312	105	70	,
85681196-9606-4cc8-816c-86d27197d380	1094	1312	114	70	429.15
51cf639a-d898-4cbf-aad2-d3d6f70dbc58	1094	1312	114	70	,
8bd15261-15e3-491d-a716-3f89edb33137	1216	1312	93	70	432.4
667b3dc0-d576-48b0-9eb5-0ec27c0b0f87	1216	1312	93	70	.
4b92b9c1-a5c7-4846-a11e-3506ea6ae7d6	91	1372	100	67	30
b4228c71-6eef-45e0-bb31-f3d65a72789e	91	1372	100	67	-
0907ac6c-ffdf-4530-b8bf-4c2467de83ed	91	1372	100	67	10
3276cac1-56d7-4549-9cb1-92fef87a0899	91	1372	100	67	:
33283054-ff14-45b5-a0a7-7d6635623ce2	200	1372	92	67	3210
65a24454-6a5b-4b1e-bddc-d01cfe94a610	200	1372	92	67	,
3651122b-df88-40e2-9df5-f32860c52ef3	300	1372	25	67	00
a7ce16eb-ce7e-4bac-b1d2-9a07a79ae239	334	1372	59	67	12
21e271c4-83dd-43bd-a91a-604065b010b6	334	1372	59	67	,
3061469c-7ede-41be-9f6f-4994b38abf89	401	1372	92	67	balled
0f38a11c-1b4d-48a6-88c8-b3f4314663ea	501	1372	59	67	also
457830dd-7aeb-4bb0-a36e-5a133ab08dc1	568	1372	145	67	comes
a7c372ea-5e1f-44fe-8524-e57c783cb827	568	1372	145	67	,
56c9f400-6f47-40ca-afba-cfef9a1f47ce	735	1372	95	38	Love
691e9d6d-5abc-4dcb-a1c7-1938798dd8e5	735	1372	95	38	,
1d2461e5-2e96-4f10-a30e-e306cc8640ea	835	1372	95	38	arms
66eb6acf-4e9a-4790-a363-1367ff1b7d70	935	1372	43	38	of
9b763b6c-c140-41b1-8c6b-0f5fc911e249	982	1372	105	38	God's
93569c90-0486-445a-874e-5f8edee50d13	982	1372	105	38	,
9bb66e01-8b98-4374-8ce5-bf18e242e824	1091	1372	109	38	51
3d96092a-6003-4dee-ac1f-51dcab013b51	1091	1372	109	38	-
74856801-d95e-4d15-b32c-67f766ae36a8	1091	1372	109	38	15
61c6cf17-1d2d-4e01-aa06-f2e432e580d6	1091	1372	109	38	;
452b751d-36bb-4281-b62e-2e8ddeac9cc5	1205	1372	124	38	charity
64896bbe-fdc3-44c6-b772-25fb450c9037	1334	1372	45	38	is
669fd2bd-1e69-4f4a-92e7-ff84d2c5805a	1334	1372	45	38	,
d4d7c46d-0715-4f53-ab4b-6c6401d34a05	95	1432	114	35	135
abfd49b5-5016-4ce5-ae29-8aaf6430dd8b	95	1432	114	35	-
2a6563b0-236a-4d1f-89eb-847f30d11ad0	95	1432	114	35	16
cf0f60d3-6233-4469-bd75-990f4d8ae886	95	1432	114	35	,
4a77b4b8-049d-453f-9dcc-6dd049b63b63	213	1432	123	35	291
4c56996c-ca34-4103-aa34-84ef431a8ed3	213	1432	123	35	-
17dbbe18-e075-47e4-86e8-7f6aff2e9b68	213	1432	123	35	38
17cf3779-c4fe-4f75-a68c-ad8aaa3a1f7a	213	1432	123	35	,
45548994-4aee-4e75-8158-d8377d292430	340	1432	66	35	45
8b4c1754-3510-4d4b-98d8-bd52d0516fc1	340	1432	66	35	;
4c9f0edf-146d-4057-968b-7f4873140b53	410	1432	101	35	name
6855a015-9d6c-41ac-9fc4-65a533980b89	515	1432	83	35	thus
109b9509-f54f-45ab-a3db-5b63cefc4703	602	1432	107	35	called
da7d2074-3b93-4770-b99b-3194722f0579	603	1432	107	35	,
adbf5471-ebfb-4fe4-8ac0-71ffba4d30d5	735	1429	114	38	Lucre
82765446-1ed2-4110-b2fa-32c9a0947b6a	735	1429	114	38	,
b58d3819-ec62-4447-a6f7-3fc355ef818d	854	1429	142	38	corrupts
4cd4b606-46a1-48c6-8aab-7d2320bca012	1001	1429	71	38	the
f0366190-dd67-4d9e-9c64-7bda6db0db90	1077	1429	86	38	soul
1780fdf5-f6f6-405d-afa0-7bd3fec63571	1077	1429	86	38	,
ee3975ac-2a57-4be3-a449-91a57d681446	1167	1429	123	38	194
6b8e4d97-8b93-4fea-8b10-c04596253270	1167	1429	123	38	-
fdb74bea-fea5-411c-a2ea-62fe676532f4	1167	1429	123	38	40
77715581-f575-4760-a59f-29c0548d801f	1167	1429	123	38	;
fd849a06-7cab-4f07-8a9e-e9b2f43917de	1296	1429	83	38	love
ad38378d-23fe-4cbe-b064-2afdb121705c	1296	1429	83	38	,
5abd1883-729c-49d5-acf1-69b664f4eb3e	763	1454	87	41	more
ed3235c4-c692-426e-83e3-a17ccc77ee15	855	1454	82	41	than
6d88bb8d-1b29-4885-b43b-c38cf436090a	942	1454	82	41	God
8311aa4c-0943-4515-bd26-167ab95e097f	942	1454	82	41	,
3959cfe5-6250-407c-9713-e4e3f4ccb89d	1030	1454	116	41	222
2059e878-bd0c-4113-8ade-93cd5ba8bd5d	1030	1454	116	41	-
cb76303d-5d0a-4a2d-bcbe-48c0523cc51a	1030	1454	116	41	24
552e622f-97be-4443-9bd0-f8ccdade205b	1030	1454	116	41	.
6a89c17c-00dc-4aff-9043-992317d0ff4e	63	1486	74	66	Liar
c3e9ad96-08a9-4a78-a507-2957cdd4af53	146	1486	107	66	throt
a3e0661f-7728-49b3-9543-ab43ce64a9f3	261	1486	83	66	dow
f68c2afe-8d8e-4d34-a08f-cc08d4d91494	261	1486	83	66	,
a012a533-aa52-45a8-a9bb-175f37fd9b49	352	1486	49	66	479
a7f17df0-bca2-43e8-a39f-646d8167bc0e	410	1486	58	66	1s
be334dbc-4b25-488c-8cd7-3dea00b86260	475	1486	132	66	becomes
4937fc3c-3f9f-40de-b90e-0503cb09e52e	616	1486	97	66	king
c4f3e66d-c7ec-46bc-a42a-e07d97cef32a	616	1486	97	66	,
e3d743ee-c8e0-41de-b81d-1fee55c18703	735	1486	123	41	Luram
24925832-ad5d-428e-aa1f-de4e1c797a41	735	1486	123	41	,
78643880-35fe-4a5b-a3d7-35087ccbf147	863	1486	26	41	a
bbff8085-cdf6-4d8f-be00-3826260d0ebe	894	1486	128	41	Nephite
87c259df-3c38-4e81-86ed-6a20cb997bf1	1027	1486	123	41	soldier
ff9f765a-b11c-4d33-b0eb-4fc6acd14af9	1027	1486	123	41	,
ab303ed6-b0f5-4a3a-8294-5ecf8a7a3839	1155	1486	92	41	slain
65269d71-1b18-47b7-8caf-97a33bb55bc1	1155	1486	92	41	,
067fef6c-ddf7-4477-8827-34a1992e1329	1253	1486	94	41	518
11d40fcf-ffb5-48ef-85fd-19bfde9133a7	1253	1486	94	41	-
fe979634-242c-4772-8267-135fdd3a1ad5	1253	1486	94	41	2
7ff409c1-0afc-482d-91e2-baaaf5c83dda	1253	1486	94	41	,
f242d97c-2b2f-47b0-8e4f-5ff62f991cb1	63	1540	129	69	Liberty
5944fb8b-5450-414e-89df-6e611a1375a8	63	1540	129	69	,
3be442f4-fefb-4035-bc89-c7e6a0d43287	201	1540	138	69	promised
a7e3bc5d-5e8b-4b5c-9dc6-12301984895b	348	1540	69	69	land
da4848f8-d9b1-46cc-aaf4-1cf4530b0328	425	1540	26	69	a
31dbcd59-1c64-4b60-b36e-63ef17d67d33	460	1540	69	69	and
4798bc46-cca5-497f-b821-59d22fc4c400	537	1540	59	69	of
94c13c51-b0f6-45e0-afe0-4254b98ebe7b	574	1574	92	32	50
080eb2f0-db76-4b3f-a4ba-c1ab9aca98c8	574	1574	92	32	-
1878d593-a542-49f8-bbb2-2f6cf82feb23	574	1574	92	32	7
a91b618a-b1fd-4263-8f86-ff8acad06893	574	1574	92	32	;
7b593480-f9a8-4c0e-8ecc-7c25380d1226	670	1574	37	32	of
fffad0cc-1c8b-4b4a-820c-f7162b84de3c	763	1571	145	35	consume
3dd18182-3fe0-4ddb-82cf-28da48aedf4c	912	1571	55	34	on
865bbe54-b5fe-47c9-8033-acdad1cccf8d	912	1571	55	34	,
81d55b6c-a3c7-4054-a272-1713e711ca29	972	1572	111	35	477
64646ba3-0a37-4fac-bc96-45219de66a26	972	1572	111	35	-
8d9a77e2-3b84-442d-a5bd-e57b2b6fb5b0	972	1572	111	35	28
619de732-02f8-491c-a92f-faebff5d3779	972	1572	111	35	.
e4a5c89b-078d-45e9-92b8-cd3e76a9f6dc	91	1596	90	36	belief
e5f38878-d110-430b-b718-84d3508ca31e	185	1598	69	35	and
209b2ca6-24cc-449d-83cf-dd5d8a1853a9	257	1599	137	36	worship
cf28ff27-d39b-4199-969c-ab1efffe4dd1	257	1599	137	36	,
565a616d-88cb-4a5c-81ce-667346b8ddb0	397	1601	115	36	196
0ffa9ab1-1f2f-43d6-b704-6745999cd207	397	1601	115	36	-
b559406b-8aeb-4c53-896d-806ae06edf01	397	1601	115	36	17
50bfdad3-dcdd-48cf-97e0-d0f3fb7cd08c	397	1601	115	36	,
cfde96df-5771-48ca-9352-55c9b952c19b	516	1603	115	36	251
5e5339f1-36ee-45ab-9c03-b672fc5f4a69	516	1603	115	36	-
f0eecd30-d84a-4368-a803-a6ef138233c0	516	1603	115	36	22
359a18d6-dacf-4ceb-81f4-0a27033a250c	516	1603	115	36	,
c01df2f7-929e-4ace-a0f8-e8c2bf60e91c	635	1605	72	36	269
dd79b42a-f388-40f3-b4fe-9a796cab2d42	635	1605	72	36	-
6d052ea5-3d05-45a6-b2d3-b4d6308cbd9c	91	1634	40	32	?:
68c5ef16-fa21-4538-a017-2728c8f74d0b	135	1634	144	32	Nephites
505da38f-a398-4509-b2fe-1617ed52ab01	283	1634	104	32	desire
75a8036f-e510-4826-9c40-8bcd024f7f74	391	1634	40	32	to
21981b88-b295-45fb-9571-627efcc1f871	435	1634	152	32	preserve
e0d2ec52-63cb-4674-8da3-1733552324bd	435	1634	152	32	,
6c00cfd0-698f-40dd-9e4e-eed57c5a80df	591	1634	112	32	303
eeb3275d-fc18-4d05-a84d-9eff20b39ab6	591	1634	112	32	-
450739ce-f161-43b5-b0a0-b1babbc0d9c5	591	1634	112	32	30
d59c0d62-0bbb-4913-a0da-4743f1d5e2b0	591	1634	112	32	;
d95b5c9f-3b74-467f-ac62-5f65d8611cbf	94	1653	158	39	Moroni's
3b9157cc-ff8f-4e6f-affc-9ecfb260b5d9	256	1656	91	38	title
dbf12733-cecc-4e14-98af-dd4769248e65	351	1658	68	37	of
5768ae9c-0f62-44f6-a49b-31eebf302adb	351	1658	68	37	,
4367cdf4-9c4d-48fa-9e74-8b85531b69f3	423	1659	121	38	310
b30d4550-b550-4663-8490-cfedf3b59f55	423	1659	121	38	-
d9a752af-a750-40c0-aa01-daa226fe7bd4	423	1659	121	38	13
a37e462a-e4e8-4792-b049-4f539e7a8393	423	1659	121	38	;
913b5d30-0e01-4fad-8b19-4edb0c96cc04	568	1656	91	26	title
1b731beb-c8e7-46d1-9ef2-25b00abfd7d3	662	1657	39	25	of
822332f6-71a7-4075-8b9f-568a5da59d5d	91	1667	117	51	hoisted
535a8d5d-f421-4341-b59c-ae18db3bc341	214	1669	44	50	on
cf9e6d2f-d8a8-4f9d-9de8-48213c0e0842	263	1670	93	50	every
194cd0bc-c94f-4411-933c-e934640cbfc8	361	1671	105	50	tower
663f3e4e-4c7c-48df-8570-891d83575789	361	1671	105	50	,
e1d94d53-afc3-4abb-a2fa-547bd1a0ea24	471	1672	111	50	312'36
7d877f6d-3f08-4587-a8ae-5d6d6c17dd68	471	1672	111	50	;
c6f24ec5-0f52-45a4-b163-22cb594f7c93	587	1674	120	51	Moroni
852e4c2e-134a-4228-8958-34a4298f7ea6	95	1713	120	32	planted
693081dd-facc-4ea7-a600-2fd3495f8758	219	1713	148	32	standard
466b308f-a02b-4435-ba6f-99ff3a7721e7	371	1713	55	32	of
a6f8f415-64aa-44b4-a933-558dab220038	371	1713	55	32	,
5c8a51b7-b53e-43bc-874b-b74674d400e3	423	1716	123	35	312
5cc0d3f1-73e1-4220-8d1b-21f8281683ff	423	1716	123	35	-
f7b18260-75de-4f0e-9b8a-389883d54651	423	1716	123	35	36
80b07138-0fac-4746-8e0c-e503b69e3980	423	1716	123	35	;
582afd65-c018-4407-88ec-b52458cd8dff	550	1716	83	35	king
45c1ee13-c615-48a5-a6f1-41d69f9368fc	637	1716	66	35	men
cb65480c-e7da-4e78-a395-84f831d41141	95	1745	116	28	forced
c86b3145-7d9e-42a6-af61-51d302c4a61b	214	1745	56	28	to
30b94fd3-cdf1-4b87-921c-db62fb2c8ed1	273	1745	209	28	acknowledge
8f83ce64-3305-4d66-8e8b-dccc1aff9d95	95	1748	107	57	300
e3be40ea-26fb-45ba-a5cc-dbc8943e3b8f	95	1748	107	57	-
563456bc-b9f7-401e-b843-cd42f437c146	95	1748	107	57	20
8aa43000-fd59-49ce-b91a-b5b69c0dec59	95	1748	107	57	:
9ab1884d-aa96-473f-8e9c-a091376971e2	209	1748	150	57	Youthl
b762ab1f-5c05-4093-9cc2-60e0cf4d0518	366	1748	185	57	Ammonites
c3092d0e-a201-4876-a91f-9aaa5c9c071d	558	1748	149	57	covenant
7e2f1379-8ba9-4442-b914-6ea3fcfadba0	63	1802	74	66	Life
ee8c3492-48e9-44ba-80d7-340a37981334	146	1802	124	66	eternal
e2dd6731-2ebb-4ea5-971c-dc25dfed5436	146	1802	124	66	,
f1145ec0-df51-4185-a703-53df231c9eb0	278	1802	25	66	to
170836ce-37ef-4ac5-83ad-a054c7113bd5	311	1802	41	66	he
1c65231b-0447-4417-8116-d758f5400cf8	360	1802	173	66	spiritually
836acaeb-b600-4765-bb98-14dcf07da147	542	1802	116	66	minded
600627b4-b866-46de-8e02-46d11b7f13a5	665	1802	41	66	is
e9a48a3b-6df7-4c69-b869-3ec08b2c9876	665	1802	41	66	,
80fa5ac0-0133-401a-ad73-318fc5762a6c	738	1716	185	38	Madmenah
37353f64-6253-45bb-b837-982ae5ae4b1e	738	1716	185	38	,
1736aad2-1def-49db-83a1-8b8c153e7bf1	928	1716	24	38	a
025b8523-6c1a-47b7-b5cf-ef29790dddc3	957	1716	114	38	village
05ce52d6-ddfa-4eb0-9c16-1055731b0a48	1075	1716	38	38	in
dc929784-a421-4704-b84c-7e6b459166fb	1118	1716	157	38	Palestine
693a17ab-0917-4daf-9fd0-b8aafb79cf5d	1118	1716	157	38	,
4951d593-1414-4c28-91e5-099b7fc29f09	1279	1716	96	38	84
43d4ebc1-2aa0-4e7a-8367-2cc28866a7cd	1280	1716	96	38	-
fcc6c77d-b037-44f4-be70-528e569ec044	1279	1716	96	38	31
59e24604-bdf0-4504-9563-e82dbd819378	1280	1716	96	38	.
8b10e2b1-39b5-46a6-b764-ef3f94a0538c	738	1745	123	35	Mahah
aae49e17-4116-47ed-9211-f19bab1d3411	738	1745	123	35	,
87b4be60-178d-4507-bfff-93708fb466b6	866	1745	68	34	son
ed60a630-7e16-4f89-b299-308725668af7	938	1745	47	34	of
c848239c-ba1d-4d54-82be-09d9f3fc3379	989	1745	106	34	Jared
be45a1d2-0c1f-4d55-b63b-7b6b4584f909	989	1745	106	34	,
87c01c62-e92f-4f7b-abbf-7cab56b1220c	1099	1744	115	35	488
315915a8-f7ac-44ea-852e-b2f8cb2ab3cb	1099	1744	115	35	-
04bfa438-9850-4b92-9b6e-42ed69894b8d	1099	1744	115	35	14
6f782206-6d3b-48d3-8861-ee5ead78387a	1099	1744	115	35	.
21b66fa6-ed39-4985-8220-7f1828c562a8	735	1773	144	35	Majesty
5da2e0c5-f7dd-454c-b038-9a0894b86347	735	1773	144	35	,
6178f801-1465-4082-b861-3c4686b81d0a	884	1773	39	35	of
aef26f13-1fa5-4f38-99e4-337ddeeea668	927	1773	74	35	God
360dae37-3154-4373-ae0b-d7a99ddc95e0	927	1773	74	35	,
d5684529-3717-48a6-9d28-f20ecfec1b88	1006	1773	96	35	74
9fc75d2d-6f19-40e2-ba37-702bcfd77f61	1006	1773	96	35	-
9403a072-68b1-4638-a2ca-5e9af156de19	1006	1773	96	35	10
c70d10d2-944a-46db-938c-4328841b9b94	1006	1773	96	35	,
a7b9c230-7e4c-4ecc-bf82-6d76e4d8fd4c	1107	1773	101	35	75
fd114673-305f-485d-8e5d-e433c874ba42	1107	1773	101	35	-
3184a190-40b9-459d-9cf0-c63e1b9523a8	1107	1773	101	35	19
2837b136-928d-4218-8ef4-179ebe713ff9	1107	1773	101	35	,
c53f8f11-e490-469a-9468-5a56b9d9e675	1212	1773	48	35	21
1883b4ce-5634-49c0-a4a1-f34214aaf05e	1212	1773	48	35	,
58d7989c-2d58-4cd7-a9ad-c1017dcb9c8d	1264	1773	111	35	208
920b703b-c199-49a0-aff1-646d25065d7b	1264	1773	111	35	-
5af02382-8fd6-46bd-8537-84e44979f4e8	1264	1773	111	35	50
8d1749f3-018b-4c03-82d0-99564fc064a0	1264	1773	111	35	,
0f5f93f4-96ea-40f5-b1dc-fd57d5333a43	763	1808	114	29	225
a3069e03-c572-4c22-b965-2e807000564b	763	1808	114	29	-
d5d286bd-e8a0-447f-a4a3-41a5668c88ef	763	1808	114	29	15
11e3d0ec-ce42-4a47-b6af-3830be0a51e1	763	1808	114	29	.
c17aae79-a0ea-4b02-bb26-2e318e7a1aa6	95	1862	102	35	69
b9d21c5d-979d-4286-9da0-6f9cdecea389	95	1862	102	35	-
c77394a7-bad3-4a2f-99eb-68c2b17b4afc	95	1862	102	35	39
5dd5e3de-69b9-480b-a2a5-44ed3ed867d1	95	1862	102	35	;
d5c949d1-db5c-4421-9f54-75ec921fa417	201	1862	81	34	hope
c09f4654-82bb-40d1-b679-d637b8a0e1ab	286	1862	43	34	to
81350025-2443-4e30-a564-9bc7c8293521	333	1862	42	34	be
eb1c3105-b4bc-401a-beef-28e150f283cb	380	1862	106	34	raised
3c1f7ffb-83c2-4100-af4c-d07a776ad2c2	490	1862	47	34	up
2920fd0c-6e51-46ba-b134-c7ec6bdd34a2	541	1862	89	34	unto
154a7c91-bf9a-41a2-bb4a-77ca8f2379d0	541	1862	89	34	,
96c171ba-ee4a-4dbc-8efc-df74306b3b15	635	1862	72	35	515
73fc8a2f-228f-40d7-a58c-97a4810a3bce	635	1862	72	35	-
dcf5e228-0592-4320-8f53-efc94bfeb9a3	63	1918	105	35	Light
b452cddf-2457-42a4-a865-3e744bb953fc	63	1918	105	35	,
46c019de-f4bd-40b2-91ef-2126b1d3f41b	172	1918	179	35	throughout
c56ae9c4-b68a-468c-a344-efa7547fb0bd	356	1918	101	35	night
d4b3b034-96b6-417c-aa1c-ce3a0612b7ba	356	1918	101	35	,
f1c3f27d-29ff-4eff-91af-c4ec609c47e9	461	1918	70	35	sign
f97edb9f-7d80-4ee1-bb32-40e06cd6e21d	536	1918	39	35	of
aee376a8-fa00-4a4f-9170-50b02153fafc	579	1918	124	35	Christ's
7264def3-07b9-4aac-af1f-8d2318770312	95	1947	92	35	birth
7ea02b8d-a1c0-4cd3-8d23-4c2722a0a176	95	1947	92	35	,
8a92fd19-91b7-46f2-bb48-126d4e81df65	191	1947	101	35	393
03ea7fe7-8b7c-4bd7-96b3-5a2293753d82	191	1947	101	35	-
e9153824-dc19-41e5-8876-2ac73f25590a	191	1947	101	35	3
ca617518-26c8-4cdf-8006-e8f767adc87a	191	1947	101	35	,
d71f50a4-8e37-4c75-a681-14c5796b9507	296	1947	101	35	399
949d527e-a134-49cc-b62f-2f5e7030e1af	296	1947	101	35	-
3eff2754-01c4-4e36-98e5-bae9b2c7eb2d	296	1947	101	35	8
065e54e1-aabf-4808-87fe-7fd34059d27c	296	1947	101	35	,
7bb86734-6915-41b9-ad16-85e147649f51	401	1947	123	35	400
60edf5c3-212d-4567-ab5f-4b53234e729d	401	1947	123	35	-
1aee57a4-713c-4b30-bf25-c19ae2f242e7	401	1947	123	35	15
6b7260c9-57af-4a95-bd98-de15fcf1aff7	401	1947	123	35	;
373b27fb-8217-4ef1-887f-b08d8ab58695	528	1947	44	35	in
8d5d3c11-a2f1-4bd7-9182-35669a9c9ead	576	1947	61	35	the
3cec0e4a-780c-4292-a29e-0540a7f34174	642	1947	65	35	wil
2636be9f-8f0e-42ba-b93b-32d9ba5ea7c0	642	1947	65	35	-
2c9ad43f-2199-4aee-9f23-e1aa4d4fab29	98	1975	144	32	derness
23b2dece-b06c-4898-9b39-4814b3404c00	98	1975	144	32	,
1fbd9cdf-9be3-40ca-9d9b-d68ec8c865b2	246	1975	96	32	Lord
14bea686-6e87-48e5-9600-0cf24a490383	346	1975	52	32	to
187cf7ab-72f5-40e1-acd9-1b17c2656f41	402	1975	68	32	be
f5d0c472-7e1b-4e7c-8006-12fc72d70774	402	1975	68	32	,
47315213-c917-4f2f-aa6a-7b3d9583bd2f	474	1975	116	32	34
ff526fcb-a494-468a-9d10-63b39953c051	474	1975	116	32	-
18272dec-f281-4603-be00-1612883ef481	474	1975	116	32	13
7c284076-521f-4d3a-9144-611c2df9fed7	474	1975	116	32	;
39bf7386-5918-4364-8671-8771abd69589	594	1975	109	32	choose
ce4806e3-45e8-4f17-90b1-35310c800239	98	2007	151	28	darkness
b6ddc302-9be8-4b65-b77a-00b8be9c215d	252	2007	119	28	rather
4871767a-481e-473b-9463-40ef8f5f2f64	374	2007	98	28	than
27dabbd7-10cf-4870-838e-0a24167b17a4	374	2007	98	28	,
d76314ff-b2f8-4127-ba16-7310fc374d3b	476	2007	115	28	93
16d22e13-9a40-4f31-8dab-e2610b6aa3f3	476	2007	115	28	-
8f426606-8831-4687-bec2-b5ce49252992	476	2007	115	28	10
df4c8201-f1a7-4335-a21f-89914bacbeb4	476	2007	115	28	;
2f942d65-b5fc-4a1a-8d13-28476f379fde	595	2007	112	28	priest
fc75a29f-8191-4840-bdf8-f05e0e0322bf	595	2007	112	28	-
8e99c402-51a2-462b-a36d-0fb4daa1db45	98	2035	88	32	crait
cc1a9261-ba9d-4e26-9693-b432ca80cfd0	190	2035	64	32	set
67b03887-7dd3-4646-8bd2-54bc3bbfb797	258	2035	56	32	up
09bb48e7-d56f-44f0-b5fd-23e654a4167b	318	2035	60	32	as
8b246ece-3fb6-4a72-9e87-1704a889086e	318	2035	60	32	,
d2a468d8-df48-4ac7-8094-097768851556	382	2035	112	32	95
3275f296-2dbc-4029-8365-1e8a84dfbcd1	382	2035	112	32	-
1c6d7077-b4d6-4b4c-9b8b-3204d7b45036	382	2035	112	32	39
29333c31-1636-440a-bfc5-b37643a2d33d	382	2035	112	32	;
008c563e-5b9e-4c4b-ac18-92965c8f1335	498	2035	205	32	miraculously
8298125f-c272-439d-b806-6282aad0343f	735	1918	128	38	Malice
8ec00cdd-364e-4784-99b0-ddc80b58e1b9	735	1918	128	38	,
fa8dc467-32b4-456d-9d43-f853eb4a180f	868	1918	123	38	caused
27f5fb04-e0db-4bcb-953b-c7d55be06e48	996	1918	62	38	by
93a18372-f72f-47a4-b1b3-2afa25c510dd	1063	1918	157	38	opposing
4d0ade51-1acf-4b16-851e-0aec6fbcab55	1224	1918	154	38	churches
1841348c-bb7c-4738-bb7e-ab7312b219de	1224	1918	154	38	,
78a1a4b7-0a95-4b3f-a2fe-cf0727b25690	760	1947	109	35	94
14eb2dcb-3ded-44c1-9205-85395926d6d8	760	1947	109	35	-
5cd6a111-4bbd-440e-98ed-f9bcbd57754b	760	1947	109	35	21
ce2ef7fb-4634-4fa5-ae74-28793c4537c5	760	1947	109	35	;
db555b66-5360-459b-9517-8129fd664204	874	1947	171	35	forbidden
5708e266-8b18-43f9-87d3-2b5ce194d45e	874	1947	171	35	.
fca98783-b38d-41cc-8b47-ffd00cb727ce	1049	1947	103	35	95
08919530-9231-45aa-83fb-fccd3d25312c	1049	1947	103	35	-
98ec1b6c-2ced-4d58-880e-1355cf121a08	1049	1947	103	35	32
12952dc1-5fdf-4129-92ec-a1019fe2c1f2	1049	1947	103	35	.
6510d521-575b-4b5a-8d71-de478f6e6820	735	1975	85	38	Man
a9c82b96-7dac-4a8d-99da-1881d5edc7af	735	1975	85	38	,
2bf5935b-ff97-4f18-ba22-158f6a731800	825	1975	86	38	angel
69adba4b-92d2-47f5-8df0-10786cafa52b	916	1975	52	38	as
930e2251-501b-4a5f-8022-4e4c57fb1e6b	916	1975	52	38	,
c61512c3-2000-419e-a736-e219eaecb0e1	973	1975	86	38	13
da679e5a-8201-4eec-9898-55912d3fb484	973	1975	86	38	-
6d5c0eba-8c91-43a0-804e-abfb6164692b	973	1975	86	38	5
6d078e09-c996-46e7-b432-561081c17359	973	1975	86	38	;
aae3d4c9-ad51-4637-93a5-61b66c5d9196	1063	1975	62	38	Son
04d16eba-c0e5-456e-899c-1b5741e35c06	1129	1975	38	38	of
49f1b377-b57e-4b23-a888-5a2b0642206b	1172	1975	67	38	God
ec47c3d2-3bf3-48b5-bcd4-6cea2372bbfd	1243	1975	47	38	as
96d46856-f89b-413d-92a1-3c6a3a3e2570	1243	1975	47	38	,
154285d7-4394-4fe0-b35a-3c780006d7e1	1295	1975	80	38	18
3f2663a8-80d0-4f7f-9f03-92c477c928f4	1296	1975	80	38	-
602d794a-62a7-4fab-a357-b14463b760b2	1296	1975	80	38	7
e5ede63e-5346-40ea-b20d-b14320efc8e7	1296	1975	80	38	;
b83eabcd-fead-49d4-a364-908241fcd65d	763	2007	108	28	Jesus
c39fc165-785c-4b90-9d4d-d2d0b5cbe7f5	875	2007	115	28	Christ
84018198-6752-4959-b1b4-e7cc59e24df4	994	2007	116	28	showed
f1b5eaf4-110b-430c-b639-fdcef5c66bf3	1114	2004	150	25	himself
9eefad6f-2595-4dc6-a501-0fc2667bc6be	1267	2004	53	25	to
3e102098-1b91-407d-bde3-ac43455285f1	1323	2004	52	25	the
df8e692e-0bca-4485-9471-7376a9e3c998	763	2032	123	38	brother
2ea07245-81d4-436d-ad09-a54e7c013ea4	891	2032	43	38	of
5195cb8b-6553-49e8-bb50-06b935234d44	939	2032	90	38	Jared
26540f66-0e51-4913-aafc-1428ed02d8af	1034	2032	43	38	in
03a2b5e5-f894-42fd-80a8-79164bc0dee5	1081	2032	86	38	form
c05b329f-f2b7-4275-86b9-0e4a94b6dd4b	1172	2032	38	38	of
ad9c8437-c061-4f83-acee-d2a5a2e44bd9	1214	2032	38	38	a
713b78da-ee44-4a11-a0ba-3f12f09abe63	1214	2032	38	38	,
bc7921ed-20ae-4f66-913a-620e5faf7ee8	1257	2032	122	38	484
98440bbb-edf8-4524-a929-94a0ae955b04	1257	2032	122	38	-
c0c6dd69-e8e3-4c4d-8e84-ae8826fb14db	1257	2032	122	38	15
48c7d01e-193c-4957-9cba-012a38997c28	1257	2032	122	38	;
