ID	X	Y	Width	Height	Text
6b0828b9-ef5e-472d-a3e1-7287d18a0e6d	73	73	69	32	558
5989742f-1f7b-4b15-8579-17c94e976ed2	656	63	145	38	INDEX
b9728ea9-47c0-49f2-aa6e-cc81143e892c	104	129	126	67	Victory
41b72eb5-f4af-411b-9ed5-9bc6cfa90e9e	104	129	126	67	,
e856ac02-fd54-459a-af4a-70ad205e1599	238	129	75	67	with
af2a90f5-8a3a-4595-a47d-8b9a17256cb1	322	129	34	67	i
51548eb0-d943-4523-8cc1-e8e712946c63	364	129	84	67	seems
056bda80-569b-4b03-bef5-abb74abd6fe2	456	129	260	67	renoments
d3d4e4b4-f06b-40e4-9cae-aa8113fc87f8	724	129	84	67	Mon
4212e0e6-b1d5-4ff3-a978-f1eb205bc2f6	816	129	50	67	ah
2602840c-367d-483f-ac42-3e7b9fd43716	816	129	50	67	,
1e491bfe-9dd9-465d-a102-27c6920b168a	874	129	25	67	5
0586ab91-e967-41d6-889f-7aeb2a4b6d26	908	129	33	67	St
b746099f-7353-4f44-a102-247bb923d62e	950	129	126	67	namin
83bc4bb7-5b8c-4ce9-8870-2065e756c95c	1084	129	67	67	134
ade68bc6-89f4-4bdc-b334-6cb347f67d92	1159	129	159	67	Nemates
02a81c1c-fc80-4ed5-973c-726722d19dc3	1159	129	159	67	,
b5021af3-b3b1-49db-a93c-f93e2a808c0c	1327	129	61	67	in
08962e53-1885-4960-851d-83d52283a8e7	1327	129	61	67	.
6b961757-676e-47c0-8a87-458d7460d78d	107	160	123	36	victory
b318a48d-b968-4944-8049-f0a259220b50	107	160	123	36	,
550a7ca5-08e3-4b2f-a526-08773fdf55fe	234	159	123	36	326
da053c66-a18a-4cc5-9c1f-f38c485bbe55	234	159	123	36	-
31e671bd-9a06-4901-9cc6-3ef7b331dc60	234	159	123	36	19
831f7afe-b0a9-419f-ab11-25c7d1571b0f	234	159	123	36	;
dc5adda9-6a6f-4bf7-8aad-b88e337d4c5b	361	158	97	36	sends
2314de90-b002-408f-af5e-8904c2c27157	461	157	255	37	re
2c51e973-acfe-42d4-aca5-d23a1aa8ab8a	461	157	255	37	-
1eec3b66-b64b-4cb9-a0e7-4d39400eb781	461	157	255	37	enforcements
ac8b6c61-f4c2-4d84-8d2b-a61a54162520	107	186	43	35	to
2dab0736-7814-4c65-87b5-0aa64f8c9193	155	186	162	35	Teaneum
562f2279-ac5c-4bbd-b8ca-7c6b07d2c298	155	186	162	35	,
6e3732dc-52a4-45e7-9cd8-44b8e88e6582	321	186	109	35	328
1b6dda3d-eca8-4115-a08b-7a904df28d58	321	186	109	35	-
e796bc66-ffdb-46ca-a39e-137f51b47ca2	321	186	109	35	7
576b5bc9-a993-4398-85c4-ef329187f129	321	186	109	35	;
f0f8b7fb-2334-40b0-aae7-f021d333959f	435	186	114	35	enters
0f920966-377b-42b1-930f-8918469cef8b	553	186	166	35	Bountiful
6b291b6d-061b-4a48-8c2d-4bf70399930e	553	186	166	35	,
db9633f6-971c-431e-8533-2eadb3a32719	104	218	108	28	329
269aebd2-f78f-46fb-afa5-55603ca1e867	104	218	108	28	-
da2f2da3-12d3-45e8-a9a7-4b5755b7e732	104	218	108	28	18
3da7937b-23a6-4fcb-a84a-702181e57ce9	104	218	108	28	;
d1862bc8-fcd1-4f2a-8d30-0b615c1b8d42	216	218	80	28	joins
c97cb4bf-6744-4208-8e32-e6fa2d9eab7e	300	218	150	28	Teancum
9aa0733e-f0a4-4f85-b434-17a3f8636639	300	218	150	28	,
48162737-5bde-42fe-b813-2ec9d04e9853	454	218	115	28	329
59c63215-5fbc-4986-a527-e047f07b0a46	454	218	115	28	-
398d4180-f915-4fd3-b0ae-4aa06f8a9f84	454	218	115	28	19
3a3a2870-3695-4879-a43c-5924cb54e54e	454	218	115	28	;
6bd52169-dbd4-4498-b80c-bfb38b032b3f	573	218	146	28	wounded
b5c96a49-818a-4e29-bc1b-3ffd6680e82c	573	218	146	28	,
1a0c7b73-581c-4348-9631-0257c0569224	1000	221	108	28	182
fe5272a6-b72a-4446-bcd8-482ffe874a64	1000	221	108	28	-
f49d9e4c-a6e4-40c1-9190-f1b1a246d7e2	1000	221	108	28	5
4c3d79ab-bdd7-4333-9971-a6b24b27f307	1000	221	108	28	;
825f60d3-f04d-4366-a386-6af749888eb7	1112	221	101	28	reads
2ae99067-958f-4f02-9380-b5f905cc6f2e	1217	221	133	28	account
1c7353a5-eb3d-4a9e-b464-401f267652fe	1353	221	35	28	of
3ade7ab3-53d3-4134-9f13-dc2761e7a3f3	107	243	118	35	330
95447e7f-6bd6-4245-bb15-82cd73bd9837	107	243	118	35	-
10b97631-0617-499e-9953-a458a76efcbc	107	243	118	35	35
51cffc14-1711-49d9-bdc0-a92bcf4db610	107	243	118	35	;
e9a4a544-f496-4cea-8604-5a586acc2bc0	230	243	140	35	fortifies
d7fd206e-d687-4c20-8b5e-6795cdf4eb67	374	243	166	35	Bountiful
e7c19eec-d6f6-4b95-9cda-4cf2bf80cafb	374	243	166	35	,
a45052a6-43f4-4163-8566-24c08c14b201	545	243	109	35	331
2b3c4569-d7c3-4362-9dd9-5afb72480590	545	243	109	35	-
89c33dbc-149b-4626-ac8a-da0e04174f75	545	243	109	35	4
f2d12aec-ee11-46cb-aeb0-5ab3b1f7d04e	545	243	109	35	;
81000b44-a039-49c2-8071-aafefd0decf1	658	243	58	35	has
f3a1d215-e5a8-4a74-b18b-05f900ab5e70	776	246	98	29	Alma
a0872630-fdc7-463f-aaed-a5dc25fb2214	776	246	98	29	,
c00cf8b7-e0f7-41ad-ac63-977805748f2e	877	246	105	29	182
e0c7dffd-ada4-447e-8283-16478762d058	877	246	105	29	-
2bf0e9fc-53ca-4aeb-9bf4-7cfc127baa05	877	246	105	29	6
56316765-f404-41db-8b68-e7f89dbfcd53	877	246	105	29	;
c6e81043-1204-4bde-8fd3-5b591bed02f2	986	246	192	29	dissensions
b5c63dc5-faee-4a36-b269-75acbad32db5	1182	246	116	29	during
c55058be-d5f8-4696-9646-d358b126a510	1302	246	83	29	reign
08297fd3-fcf8-44a1-84f4-5e5f9963294d	110	279	240	36	correspondence
3fa36818-466e-4b34-903e-62ddb19c499e	354	277	84	33	with
e92ba0a5-9897-4d88-a445-761ff333213d	442	275	176	35	Ammoron
93ddef5c-578b-473c-ba31-9eb19793139a	442	275	176	35	,
69ae99da-5d53-4460-b297-21a4a1618f41	622	273	97	34	333
fff7b0c1-77c0-4eec-aca9-6dff00288bdb	622	273	97	33	-
87d91d2c-7512-44a5-9a48-b35e6456d309	622	273	97	33	4
c8ea5f69-e380-4aec-b77a-e1049df723ab	622	273	97	33	,
0f37ae88-757f-4125-bae7-3cd244a7d3e9	773	272	49	31	of
316620bd-9ea4-40c9-aeef-f75b11cfc77f	773	272	49	31	,
be62e7aa-baee-4bc2-92e2-74fa8bb0b098	825	273	109	31	184
eab6fbac-f956-416e-98d5-17eb1a778620	825	273	109	31	-
eba7901c-784d-4c4d-985d-4e8ee52de4d1	825	273	109	31	5
ec3c077f-a0d1-40cb-8f50-1c96ad6cf833	825	273	109	31	;
7c072fdc-c85f-4ee3-9305-cf9a90d5e129	938	274	180	32	discourses
2a3ca8d9-d51e-4b4a-849a-c40d9f60262b	1121	276	90	31	upon
fd716ab4-d3e2-4414-adc6-ae1e7617ae89	1215	277	173	32	king
23392ef3-3d35-470f-a032-41b9f0b53ecd	1215	277	173	32	-
3110033d-f561-4ea4-b075-0f1ffd6800f5	1215	277	173	32	craft
bb63bd23-02ec-47a5-850f-7c7a3c1c012e	1215	277	173	32	,
5a76eb15-1b4a-4e4b-8e4d-c56fe5165fdf	110	306	116	31	334
a6e9eb07-317b-4c41-8f33-e03a07034c11	110	306	116	31	-
44cfd41d-c811-49e3-ad85-5060e2f60a43	110	306	116	31	15
e9ab536a-6fd1-486a-a27e-b9d8b008bf49	110	306	116	31	;
7ef71326-bb8c-485e-892d-43645cbc5259	229	304	98	30	sends
edaf62bd-0aec-43bd-9ffe-7a1022c6353f	331	302	116	30	Laman
b6e276af-b13b-4a94-8cf9-21d0dab1b141	450	301	77	29	with
1d8244d3-0fde-419c-ab14-1c2d7aa722fc	530	299	81	29	wine
338792fe-ddb4-419b-baea-7de516e13391	614	298	42	29	to
34070fa8-1d7d-4cc3-94e2-0a079f2ec3dc	659	297	60	30	La
7406fea6-a248-4685-ae86-7ec2b88aa3a0	659	297	60	29	-
43eea372-b182-4f16-8be6-404cb30bf124	107	331	136	32	manites
f3b69eb4-ad59-43a9-980a-d2f2298be34b	107	331	136	32	,
cf728b71-99c4-4960-94fb-6702b7ffb96d	247	331	104	32	335
c442fdf9-a8c3-4a55-880f-c32179827a1f	247	331	104	32	-
ffb7176e-03eb-42eb-8f3a-9ff4861abdfd	247	331	104	32	6
d8679f3b-a784-49cb-ae83-df774d9ce18e	247	331	104	32	;
4627d15e-3511-4ba9-b414-b0a669f59fe4	355	331	92	32	arms
a3a8dc37-4512-44e1-ad17-5bb29ea11388	451	331	152	32	prisoners
51777c5c-1863-4154-91c4-c08ebbe7ab9c	607	331	40	32	in
db36b3b4-a628-4b48-a955-f09d225ecd03	651	331	71	32	Gid
cae54ee0-2997-4bce-90c4-d4c029f82df7	651	331	71	32	,
3d2d154a-aba3-498a-bb24-0a2b2d9a0080	770	306	93	57	ment
f3645d1d-3d41-4772-bdf9-052dbf775b52	870	306	128	57	instead
fd162095-6659-4c26-9624-400f6103ed48	1005	306	242	57	opresentative
f13cf3bf-011e-4716-b9a6-aeeaa56d7186	1254	306	134	57	900.25
ebf3a331-2c22-4b36-863b-f284568cd6b9	1255	306	134	57	:
f6c3e398-3625-457d-9725-3d231805824a	1262	337	127	33	193
886b9c77-88d4-48c7-8f46-b5313e6f182d	1262	337	127	33	-
0bcca88f-e75a-4291-8ae5-3919c3eb56a1	1262	337	127	33	25
40cacb69-f6f0-46b7-9a24-7fdfb2646e76	1262	337	127	33	;
f8f652e3-743a-4aba-89d3-e39641d7dec7	110	360	115	28	336
a5f48538-0708-4c94-9042-4873350f0206	110	360	115	28	-
83edc0c2-4162-4732-9091-307ae86190ae	110	360	115	28	16
9fc36049-a296-492a-b632-c5fd08744132	110	360	115	28	;
ef7afe5e-9c6b-44cb-8d6c-2a078d3fa1cf	229	360	133	28	receives
2363196f-fcff-4ad2-aaed-c29ec911177d	365	360	112	28	epistle
3012908b-48ae-4852-96dd-5c584f8d337f	481	360	87	28	from
f2eee538-ce26-49f4-ab00-220d9bc2df98	572	360	147	28	Melaman
d158f724-7464-4029-826e-117f6d8d077e	572	360	147	28	,
ec29f840-f3ea-4995-ae08-3b46dcff7a6f	776	357	103	33	causes
ea88c5de-56b4-4455-833b-97859d15bd08	883	357	124	33	election
d03f05fe-7b0c-4f72-a339-718d7bcc4552	1011	357	37	33	of
5ff8e81b-a895-42a9-848f-4a4e81059bb3	1052	357	116	33	judges
6745b134-d27c-42bf-b155-65cca1793b74	1052	357	116	33	,
a4c02fb4-6438-4e5e-9524-094f973e21d5	1172	357	111	33	194
ff64bd44-fc4e-46cf-8221-a70900cbdddc	1172	357	111	33	-
cc8bbc2e-5557-4a4b-95b6-c446777d51e2	1172	357	111	33	39
de7ad145-99cd-45a3-8aa9-9acf14d713f5	1172	357	111	33	;
43359333-69ce-4b1f-986c-d49ac124a26d	1288	357	98	33	trans
f31b066b-7df2-4301-a3ca-4685e20a3a29	1288	357	98	33	-
e8cf20a5-52ff-4fa1-ade9-5d54a7a05a02	110	388	97	29	337
df11e3b6-9f52-46f0-93fb-83a6574caeac	110	388	97	29	-
e87fe858-02fe-466e-ab10-902ed7a5173d	110	388	97	29	1
33e5bde4-3b36-4ff7-8882-b5246a33868b	110	388	97	29	;
cdcaa7bd-e040-4f64-8291-7ca611787d1d	212	388	109	29	writes
d51b8820-a5f4-47bd-b442-5a92be098def	324	388	44	29	to
058b4106-fd73-4392-a2fd-c693971a6635	371	388	145	29	Pahoran
98536623-b36e-4ca8-aaeb-d04c7125e255	371	388	145	29	,
9e403189-398a-4386-8aa5-c42cd344754f	520	388	101	29	348
aa34318c-4366-4180-b2a1-36826dd39251	520	388	101	29	-
f91e334c-cf0b-464f-a9e6-e8189b3d33cf	520	388	101	29	3
2b5c900a-84e1-423d-b282-772d6cb96f5b	520	388	101	29	,
e0d782c6-8b3c-475b-9459-c4285c277f48	625	388	40	29	1
ff987059-d614-49af-bdde-5a06f1569dfd	625	388	40	29	;
fba1738b-a793-47fa-952f-c6393791d098	668	388	48	29	re
15c2598f-e918-4ed6-bf46-b28844d59922	668	388	48	29	-
ea0f93a6-95eb-4c90-b556-41894eb44de8	770	391	76	67	lates
7f49e0a6-f50d-4e8c-b1d6-287eeca0b73d	854	391	67	67	301
58ab4221-dfd6-4022-9e73-8eabe7c3724b	929	391	100	67	Kearn
01fd2413-3d7d-4be1-a437-63f799a46343	1038	391	126	67	gaeli
685b10d2-be7c-4a6a-9937-bc89c8b7c067	1172	391	109	67	cast
5f697463-fc30-403e-a4c2-b7499a985b42	1289	391	34	67	of
dccb116c-c325-4f0a-be21-2fe54421746a	1331	391	60	67	the
3ee72bc2-8ed3-4606-8ff7-547f6c0cc0bc	773	448	127	35	Nephite
fdf12a80-1686-4c5f-94c5-8b4f88fe9536	904	448	101	35	kings
050cf62b-bf85-488c-a297-354fb1cabd42	904	448	101	35	,
fa212376-3b19-45ff-8164-0944667d84a2	1009	448	118	35	194
2341973a-8ad5-4081-b91b-b8054d4b3279	1009	448	118	35	-
d453f351-ceb2-44b2-9211-70602953cfd6	1009	448	118	35	47
78fb7f14-521c-4284-b150-9216cad0f6d0	1009	448	118	35	;
27a2c1be-e67b-4965-8f3b-8b8d898d4d3c	1132	448	74	35	laws
05a7038c-6565-4405-b5df-bf11a603f51d	1211	448	178	35	established
5c5d3f6d-7161-40cb-ab6f-c3bb8f4fb944	776	483	59	25	by
9b9e7805-074c-4c3d-bce6-dedd0fcff6af	776	483	59	25	.
45525eb2-88a0-42c5-b9ac-196632ec1c1b	838	483	106	25	195
c62db20d-510c-4765-a183-1561af0d54c1	838	483	106	25	-
b46471c6-02a4-4579-bc56-0cd53a5dd468	838	483	106	25	1
3954fb4a-db7f-43f3-a57b-3bd194818b80	838	483	106	25	,
354f069c-33b6-4426-a661-215c3e636a3e	948	483	125	25	196
19451df4-d55d-4793-bee0-8f074831747f	948	483	125	25	-
de29fedb-522c-4336-8c95-eb0fbb86cf20	948	483	125	25	14
05222526-1b45-47d7-b0c1-93eab35a8243	948	483	125	25	.
575015a2-e904-48f2-8546-19037e04dc0b	1076	483	116	25	368
a0c517b6-7121-4149-a4c6-a0b216007f6c	1076	483	116	25	-
1b7dd4c3-611f-4194-bcdb-8bcfb8a27437	1076	483	116	25	22
ca0ce317-c13d-4163-9311-6617b8dc4192	1076	483	116	25	.
3921358a-5750-40a3-9570-48cd6c73d258	107	502	84	28	turns
29e08a51-e0dc-4c7f-9871-e3972329e7f3	194	502	38	28	to
11067bab-8fee-483d-9459-bcf68505b070	236	502	182	28	Zarahemla
1038e369-3de3-46a0-85d7-95e5027358c0	236	502	182	28	,
e7da6df1-1f64-41a0-b77b-f29d8722a676	422	502	119	28	357
af16041a-58e0-4802-b161-5a56c6d3c9fb	422	502	119	28	-
65dc1519-8ed3-4a6e-b73e-51ff522a366a	422	502	119	28	42
af233609-c233-4710-902c-d4cdebb2d924	422	502	119	28	;
d36c288a-3cdb-450e-b0ae-aa47f332b709	544	502	77	28	dies
09e3c8e9-58b0-4bdc-bf7f-a71033dc492e	544	502	77	28	,
2d8ce5d2-d8fc-41f2-999e-abc667308b21	625	502	94	28	358
16526d16-50c1-480f-9cb3-54e07e7218a3	625	502	94	28	-
07e752ad-059c-4367-877d-297af234d117	625	502	94	28	3
2e32956b-fdfe-44a2-95ca-e2798865c253	625	502	94	28	.
f0828325-d9a4-40e1-b571-d3036bfa1add	79	533	154	57	Moronies
cfc5ba62-27a2-4361-83f5-1554305e804a	240	534	105	56	record
1bb96091-62fe-4a13-89c3-eae419e725e1	352	534	56	56	or
54b9a0ca-6bb7-42c2-8938-c5b1ec9cdab9	415	534	63	56	is
e7918d18-8937-419f-8a19-8b3db94acc77	485	534	126	56	father
658b5464-5952-4bc9-b425-46683feb46d3	485	534	126	56	,
0df1643d-aa79-41e6-a5b4-98b065c8681c	618	533	101	57	472
d4f1dd94-86a1-4041-90bf-5edbbfade858	618	533	101	57	-
15bdd4b0-fc35-4992-8da2-00f42b999876	618	533	101	57	1
6622e960-f188-45dc-b1a4-5556589135bd	618	533	101	57	;
7921649e-624e-4716-be23-69dd22f59c12	107	562	131	25	hmishes
4e331f9d-c346-40cc-84dd-9cf04354f324	241	562	122	25	record
00463465-d0c6-4934-b531-a980d9232c09	366	562	53	25	of
1b0290ae-9e97-4dc0-b8e2-c69d5dd3ee03	423	562	51	25	his
b7934da8-0179-4bb2-9af9-b189fbbbc6d2	104	587	127	29	testifies
d21554d9-49b5-4ba4-a311-a2ea54f37811	235	587	44	29	of
18d3db24-8152-42ea-9030-2eedf905726f	282	587	58	29	the
a87707da-1200-4003-bf8b-93f965d75c3a	343	587	94	29	three
a8566e80-feb1-461e-a81a-e43f95376d3a	441	587	131	29	Nephite
09dfd5ad-fe5e-43fd-a20c-03c624f13b7e	575	587	144	29	disciples
31636766-7d1c-41a7-9362-15c04deac37c	575	587	144	29	,
25884bc7-1591-4a5a-bca2-2e53990c2f68	104	618	122	28	472
c22a8ea9-fda7-4b32-bf3f-e0dde3933862	104	618	122	28	-
68484a15-c372-490d-a176-0b4bbca57f18	104	618	122	28	10
2e97cebe-efda-4966-92a2-4c137748d311	104	618	122	28	;
c936dab9-3c0a-47b3-bb37-27017e08ed39	230	619	59	28	on
243ac7de-6aea-4ab7-8348-1b648b29f9f2	293	619	66	28	the
a6355b99-087d-49e5-89bd-0bdd194a52cd	363	618	142	28	bringing
ba881103-d2d1-4736-a9a5-6496af9cd62d	107	646	128	32	records
bc6d8f87-a87f-44fd-a5bb-a359a95148f1	107	646	128	32	,
a1de6708-a0f9-4b08-9a08-0718e2883d95	239	646	128	31	473
fdd1364d-ecd2-4858-95ff-403070581a38	239	646	128	31	-
07ba1345-3d72-4660-ba6d-959220bfbbb7	239	646	128	31	12
11d6a0c8-6da0-4e5d-989c-9e390a63f03d	239	646	128	31	;
abadc4fc-cf13-4c86-8663-cecd878bcce3	371	647	112	31	makes
2d571617-e2ed-496a-b829-c34fe56ea58b	487	647	194	32	abridgment
eb451bc1-ca7b-42f1-88f1-20ddd5f62ef5	685	648	35	32	of
8e84eb7d-5d36-47d3-a022-842961aeaba2	104	675	128	32	Jaredite
5198be55-0d73-40f3-913e-bdb18a9ffd97	236	676	116	31	record
da2d12ec-65bf-4595-8a60-d4064a4a88f0	236	676	116	31	,
8c5a519e-efb0-45fa-b05a-72d5ed36325b	356	676	101	31	478
159ecbca-7fb8-4e85-8a72-189b4f70d964	356	676	101	31	-
881ddc87-4b16-4bd6-a384-f2f413677d8c	356	676	101	31	1
7ecb5179-2637-4c1b-afa0-9bcaafd55cba	356	676	101	31	;
f34d1031-1650-4084-aca1-5d770c0700ad	461	676	85	31	seals
7e3e6408-83dc-49eb-89d4-f9325b494b3e	550	676	105	31	record
e73523ae-10a6-4c14-8c26-4d22c7375ae2	658	675	61	32	and
05942280-57b7-48fa-98f3-e15b1d73e67e	101	704	210	35	interpreters
6ff33f28-ff2f-4848-ade3-c7e9eccca277	101	704	210	35	,
6b38d6d6-3d9f-4858-9c0a-e62849bbd64d	315	704	118	35	485
aa32cb57-4ace-424a-9c61-81a51593a481	315	704	118	35	-
1e41d60e-7a23-468d-a302-1160b8c21bef	315	704	118	35	5
5d7e87a9-76c3-466b-8164-ee4124b1a1c1	315	704	118	35	;
c1ef7323-fff0-4b77-9e57-8e8f4f951b81	438	704	127	35	speaks
241f4f65-7037-47e3-b1af-7bd22d956b4e	569	704	61	35	on
b7e978b1-9916-4c46-9bd8-13a567503d3b	635	704	88	35	faith
a410b51e-c1ba-4f69-863c-58bdf5bc9dbb	635	704	88	35	,
47f6a073-eb0e-46da-9cd5-9dd492084243	104	735	112	32	500
465592c8-af12-4d5e-baf2-da430fdfb225	104	735	112	32	-
a76dba72-f4c5-4c03-8dd2-b31f10096228	104	735	112	32	6
93abc864-5f1e-4d27-bf1f-d0c2f077eca6	104	735	112	32	;
27174b8c-a98c-4411-8a8d-81b1dd9616ec	220	735	73	32	will
99c5f556-932a-40fb-8e07-fbed540137fe	220	735	73	32	.
0914d27e-8d8b-4ad8-8afd-a0cf692a00cc	290	732	78	32	not
6986d478-bf6d-4139-85ce-4869d9b1291d	372	732	83	32	deny
da42b983-1461-4f9c-9280-ada3bb50592b	473	735	112	25	Christ
39bd946e-c647-4307-b54d-f6f08a7a3e47	589	736	94	25	even
489f3c1c-a3e4-402d-bd4b-078649a4e54d	685	735	34	25	to
dbb0ef69-2144-479d-8aed-d1151430974d	107	760	104	38	escape
791c0e56-6c75-4397-ae43-9046bc78bc07	216	761	100	38	death
0fda65e9-f3d3-486e-8720-9e4ab8dfcd01	216	761	100	38	,
154f1dc2-7acf-47f8-8f72-074744c914f1	321	761	119	38	510
60857c41-d27c-4520-82e5-3db5b33f8dab	321	761	119	38	-
827acb8e-175f-4184-9c01-ddc62e6de142	321	761	119	38	ch
b62c9a82-90f0-4a91-80db-ec433262960c	321	761	119	38	.
048ae197-29f2-4f5c-a8d3-4c2541c7dfae	444	761	67	38	1
c257a113-9031-478e-aa22-07febd95899d	444	761	67	38	:
26986db3-5e10-412b-aa5d-7ec8633acbaa	444	761	67	38	3
4c8e4ea1-fc2c-4f3e-9d1e-97c3af200a62	444	761	67	38	;
63e0278f-bfbb-4c63-98d5-df870dede350	516	761	119	38	records
e98b496d-f722-4822-ad7c-dcebbaa95a8a	639	760	83	38	mode
a6f44910-e539-4d9f-b6e4-7151fba9c5b9	107	789	32	32	of
17de467b-d720-4418-9445-1c4c42b7b21b	143	789	224	32	administering
31fb3412-3002-410f-8b57-a090796ed58e	371	789	180	32	ordinances
6642f2ce-3c9e-49cc-a618-31b5780d6434	371	789	180	32	,
91960cb0-6c07-4afe-9efc-97d88aa02109	555	789	164	32	conferring
025dc345-90f4-4fa6-92fb-d86e0129980a	104	820	66	32	the
04e8d35c-9731-4e59-a849-31380d77a174	174	821	93	31	Holy
d16931be-49c8-4821-bcbc-0a70b0f8f84e	271	820	108	32	Ghost
255bbca8-f4d6-4c68-b36f-beb9aa7281a0	271	820	108	32	,
aff11d6b-adaf-4d15-b8e8-3779c67b3379	372	816	130	30	510
0ff23a71-1c30-442e-967f-c8379668d706	372	816	130	30	-
fc4b0de8-235a-418d-9d64-c92ab4862c28	372	816	130	30	ch
334df012-296b-4533-8f2b-59d875db19ee	372	816	130	30	.
92c243f9-e495-4a6f-8d0e-cdab07d22508	565	820	155	33	ordaiting
ce30d192-93cf-459a-83d4-de3a109260a0	107	852	129	25	priests
c81d34a8-3754-4f8c-b754-b937d7e975e6	233	846	76	32	and
75db5a59-f558-4af1-9f81-a199b30374f8	313	846	156	32	teachers
7c539a65-678b-41eb-b168-db08eaa6890d	313	846	156	32	,
af262e66-4be3-469a-9f39-31f74fc2c2ab	473	846	142	32	510
b0a08039-721d-4697-94fb-15e1d1fbfe65	473	846	142	32	-
741046a9-9dd2-4ebb-abe2-d31465000466	473	846	142	32	ch
eaa20511-18ed-47d0-aa6e-7580fc97ddf7	473	846	142	32	.
3a83ab19-ce0e-4273-9684-be6f583e0c21	107	874	88	64	minis
2f985aad-4a0b-449b-b87d-2bc1ee7332db	203	874	104	64	sric
3f1da157-da51-41a9-a5ca-5621d9752477	315	874	168	64	sacrament
b3a73c75-66c5-4dcd-a4e3-5af56e670122	491	874	149	64	baptised
0493542b-9fe3-43e5-b5dd-4b671b967e02	388	905	55	30	5
08bbb28a-2e29-4a95-bcfd-501a58722bbc	388	905	55	30	;
6ec042ea-a3b6-4f58-b55c-2b7851e068cc	446	903	62	30	on
43c952d3-4a34-4462-93ee-a5a9f33d1c4e	511	900	146	32	baptism
6ef5448e-2ff6-4e52-b78f-561e29422341	659	899	63	30	and
a202e1b7-b653-408f-a715-ab237562e7b6	107	931	114	38	church
d42a7504-efd7-44bb-9944-b6b9d8c9477f	226	931	161	38	discipline
2d65a279-57a5-4d7d-bbb0-1a06fc76ffc2	226	931	161	38	,
099465e2-112c-43f2-837f-c7413effa9e3	392	931	119	38	511
e4fbd6f3-51d4-40d8-b9e3-48d8e0e4aeb3	392	931	119	38	-
3395aa9b-cf67-4946-b56e-a4dab1b421a2	392	931	119	38	ch
8f05baeb-1e96-433a-9cd3-2d1ca1146a4e	392	931	119	38	.
a2f35127-bdae-46e0-bccc-672bcca63e17	516	931	38	38	6
a6b99cac-bd3b-4b12-99ec-e82d282d93f7	516	931	38	38	;
c5c82f56-01b3-4126-96b4-38d3fc1a70e9	558	931	109	38	quotes
843453a5-2dca-4f31-9a04-422636a474de	672	931	50	38	his
b27d1260-0d5b-4a74-913a-78fc509517dc	107	959	97	32	father
2b790ddd-56c9-4210-9439-25fd12cac2a2	208	960	43	31	on
e65e5262-68d0-413e-99e7-dfd13373e84e	254	960	85	31	faith
dcbcb3c7-d42e-4d2c-bb89-49aa4aa08150	254	960	85	31	,
56535794-904d-495e-9278-5e2462f52c1a	343	960	81	31	hope
917e7639-1164-4d79-977b-5ee1688bc167	429	960	58	31	and
242de264-006d-471d-99aa-f08a42709466	491	960	128	31	charity
165c00b9-8461-48c6-802e-edc76ced0891	491	960	128	31	,
e779d64c-c934-4cf2-9878-49574be59328	622	959	100	32	512
9efa9f34-959c-4044-809f-587d214b99af	622	959	100	32	-
bb4cae98-0cce-4787-ac77-604e68ff1594	622	959	100	32	1
64269614-32cc-4298-b2c4-06b9ee1843f7	622	959	100	32	;
682707bc-fbe4-45ab-8e7c-522a1578ecab	110	990	116	25	letters
be31ed08-1d15-4c23-80eb-0c957102afaf	228	992	55	23	of
777efd7b-432b-4bc0-832d-f06448b10ba9	286	993	152	25	Mormon
b781006c-3f3b-4238-964d-c68e440cedec	440	996	52	24	to
00053d95-2f2f-4aff-aca1-40c456cc1c5d	440	996	52	24	,
f1b37e69-7565-4ec2-bf83-817e4f9bc0d0	502	991	98	22	515
e3a97700-cd7e-43d0-8640-b80239302329	502	991	98	22	-
fc411de9-63c1-4916-ac5d-3e25fe3a0dca	502	991	98	22	1
fa3a79ad-d616-47a9-9f05-bd081c8f390d	502	991	98	22	.
0cc050f2-cf00-488a-b94d-add4a3504b1c	615	987	108	37	518
3fdea2de-d514-4cab-840a-37e1511aee83	615	987	108	37	-
2e00dee0-0567-4387-80b6-265a1e020fe4	615	987	108	37	1
43f6be62-a62d-4133-8642-93d6ff2b3cac	615	987	108	37	;
9879cf55-d15c-4a22-bc19-8c7f36728743	114	1019	109	28	writes
e895a16d-013d-4356-af52-ba170d854210	226	1020	49	28	to
8bbf1024-7c65-4074-9f85-348daddf0d35	278	1019	182	28	Lamanites
213695d5-bda4-4f9e-8d97-ba899771c41d	278	1019	182	28	,
28237c6f-737b-4037-94e6-52dc10892e9e	114	1019	93	57	write
999b7e82-c6cc-4296-802e-06dbb6ffcc1e	214	1020	171	57	promisman
efbed1fc-10ae-466b-ac4b-88e88544ee8c	392	1020	57	57	the
bb81dae3-e7b5-4d67-be3e-b30a0418f5b0	456	1020	114	57	faithl
aa291060-87ed-4fb3-96e3-0c5d6dd7e1bd	577	1020	107	57	reader
df7a66ac-3885-4ffe-ab4e-b778df807ff1	691	1019	31	57	or
1a554f2c-cce8-49b3-90ea-04dd6c4c7789	577	1046	110	28	reader
4610a05d-7473-41f9-9dcf-75cc19b3c30f	689	1049	33	26	of
08bb3a02-0e56-471d-b1c2-56e610dcb3af	110	1076	62	32	the
c77d2e8a-524f-4675-8195-995025b4f6aa	176	1077	124	31	record
ab2f9b64-bac4-446e-865b-865fa1067817	176	1077	124	31	,
03f68436-ccfc-46f3-b477-cbd3e6414145	304	1077	116	31	520
905de015-420c-44d0-8530-31393beff4b2	304	1077	116	31	-
3d5208c2-8165-4214-bef2-e975993afe45	304	1077	116	31	3
b82bf75b-04d9-40ca-837b-08a2d4880a8d	304	1077	116	31	;
42610cd5-f43e-4741-b20d-f1a1c1b05da3	424	1076	43	32	on
7ba52dde-da39-4478-939f-178e7a5849b4	486	1076	147	28	spiritual
6a5295eb-e30d-4aa3-b71f-71c014e66b74	636	1076	86	28	gilts
6d0c7676-3276-4769-b801-e75332a77bb4	636	1076	86	28	,
b010106f-d7d0-4ffa-b433-0ebd2b9c3bd8	113	1106	121	28	520
53416a88-daae-4b1f-8969-c6d2236ecf7c	113	1106	121	28	-
2401eeae-1a1d-4fb4-96b9-6bc0c1b34570	113	1106	121	28	8
991b2402-6f8d-401b-aad3-11f401808083	113	1106	121	28	;
ad7a8308-67f6-486f-b61c-7af25e3bac9f	237	1108	164	28	commends
46c443ae-c3e8-44e6-9d0f-065cdef229ca	429	1104	95	35	faith
a8c7198a-330e-4fad-a4ba-27e6aba30ad2	429	1104	95	35	,
e9cb2178-c0d3-47a4-9e5a-cf20507377fb	541	1103	98	35	hope
b81720fd-df29-4fbd-bb00-841a9f69076c	541	1103	98	35	,
a9370e1a-b1db-4a42-818c-a4f1df1c9d84	656	1104	66	25	and
04e67db7-a8d8-45f7-8e0a-f68446d6e4e7	107	1132	131	35	charity
9019a39b-f313-4cb3-b135-05207487902c	107	1132	131	35	,
833e9592-c6e2-42db-aa6b-ca7f0cc53900	243	1132	131	35	521
3423781e-acea-4cdf-aa14-d13cb11d1ae5	243	1132	131	35	-
3680dc2a-06ba-4b62-8027-223ae2578ad3	243	1132	131	35	20
77e01096-5c57-4325-9bc0-cd0b1322d176	243	1132	131	35	;
5074c181-7f83-47f9-8409-b2f6c5af065d	378	1132	61	35	his
cc9d201c-9764-4e05-a0d0-8532d15bca86	444	1132	174	35	concluding
efa05663-0f39-40d5-a164-505469ba1d54	634	1135	85	23	testi
13fcc739-3ab6-4f2c-99c3-73732409f9d3	634	1135	85	23	-
a1926c88-7ff1-4029-8678-4b0cbb0e284f	110	1161	100	32	mony
1074dc34-12a3-4c95-b7be-766c32f3169e	110	1161	100	32	,
ef91512e-b9e5-4f87-82c4-973ef68a70fc	215	1161	128	31	522
72609a24-e860-4ba7-b085-3d9b86bc659f	215	1161	128	31	-
60306405-f916-4780-adc9-349341d19ddb	215	1161	128	31	34
070e63f1-7083-4d77-a4de-fceb86370734	215	1161	128	31	;
c8196fc5-61b8-4aa1-8043-ee7b8bcf21e4	346	1161	89	31	seals
c7805cf1-63f9-4a46-b6e8-7193d4667d75	439	1161	70	31	and
52ecf4e3-d3c0-4639-be38-05c57d131437	513	1161	93	31	hides
a25672d6-cc1b-47bb-b4e2-bf2eb78402db	610	1161	54	31	up
bd4bd905-d7a7-48b0-b826-5a6e2e58202f	668	1161	54	32	the
2da85246-81d3-437b-b3b7-a3e899b6ae2e	107	1192	131	35	records
d81b88da-02f2-4974-864a-fde2617446d3	107	1192	131	35	,
322c981c-0f24-405a-b32d-6397c7131bff	243	1192	114	35	473
9b3c7f86-e43a-40c5-bda0-e84af8db9a47	243	1192	114	35	-
70f0a38b-635d-486a-8f43-9ec19adc2d76	243	1192	114	35	14
0b3e8164-4d1f-4cbe-989e-08ce7d9f02ff	243	1192	114	35	,
f7a5097b-7d4d-4ab8-8619-7120225f159f	361	1192	100	35	520
e8f58f76-4a42-45b5-a294-c18ddf9f143d	361	1192	100	35	-
65570bd1-519f-41cd-a752-c031e52f595f	361	1192	100	35	2
69aefac0-9aaa-43e9-8dc5-0c808ca905c0	361	1192	100	35	.
f48e60be-971a-47dc-83fc-09f85565412e	79	1218	126	63	Moroni
2a6cd079-e4d3-4608-9933-bb800881aec9	79	1218	126	63	,
53bbb0e4-e403-4e32-be74-383c1d21b5c1	213	1218	63	63	city
d521f1a0-160b-44e3-a13a-e7265bab4e8c	284	1218	47	63	or
3df177dd-64d8-4cb4-ac64-d83033529f41	339	1218	126	63	3183
df232a71-2862-47f1-a150-404d475343eb	339	1218	126	63	;,
048d0157-2c2c-4061-947c-9b7c61c790fc	473	1218	150	63	sstroyed
2aa74dcf-f4b1-4d20-86d6-2d622f37daa2	473	1218	150	63	,
fe8513c2-860b-416a-be3e-bef5df6df6df	630	1218	95	63	415
bf748978-6f42-4552-8322-c2be14472ba6	630	1218	95	63	-
d3207989-fbca-4dec-89f7-2b8284f55c3e	630	1218	95	63	9
3e9d3ef4-ded8-4bf0-9415-fc4ff3592fd9	630	1218	95	63	.
ce0013e7-54f3-418e-b486-86aa83ef4833	85	1252	114	24	Moroni
5f093fc3-187c-4cc1-8013-31aae9dd64d2	85	1252	114	24	,
41e65457-86e1-45f7-9160-664f5db64cad	205	1249	87	29	land
8b84bff0-5dea-45db-9aaa-88129804a0e8	296	1249	45	29	of
1c6280be-d824-47f5-aee5-2544fb09bcf9	296	1249	45	29	,
d1e64e1e-26d8-49ff-a3c5-fb273993b73c	464	1246	120	32	355
6d474d46-ace9-46c6-89eb-6a3c61e97bd4	464	1246	120	32	-
9c3e43fa-9b38-4f35-8c89-9f5263ec698f	464	1246	120	32	25
b4b91d4e-5428-4da7-b60b-45115caaeaf9	464	1246	120	32	.
c146a62e-52c3-409b-b5ae-dd575c2aae9f	88	1279	175	29	Moronihah
985bcd89-8c3d-4d9e-ae80-25f0fde931cb	88	1279	175	29	,
56d4386c-7eae-47b5-a166-200a303e9337	267	1278	200	29	commander
87113e0d-202a-4841-8a43-08c1f13567da	267	1278	200	29	,
af19d107-a0e5-42eb-8681-4ff7fafd8114	470	1278	67	28	son
4ad80a84-8311-4979-b8eb-70bf3d014e1b	540	1277	39	28	of
3d0c2d89-2b9f-4596-8a17-06340d29fef5	582	1277	70	28	and
00d15b5d-3183-4009-81a9-943699239243	655	1277	67	29	suc
07222e1b-88ef-4c9b-8c53-e59165a99896	655	1277	67	28	-
5a1edd41-aba8-41b2-a3d0-3913d7caaf92	117	1309	100	25	cessor
ca55a2ad-0017-4e15-8e4f-d1c31f763a16	220	1309	44	25	to
b5538323-7ae1-4ca5-b12d-7cf5d6105ca2	267	1309	128	25	Moroni
9d6ee452-70db-4a57-a0ad-0a0fcfced850	267	1309	128	25	,
030f61fb-f35e-4ec5-b05a-1ff4e766f957	398	1309	122	25	357
d632dd64-ad77-438b-81b6-8d732e904a92	398	1309	122	25	-
75b62dad-ba14-4abf-8d26-25c6471d502b	398	1309	122	25	43
358b8aec-d775-4875-a916-db000196a968	398	1309	122	25	;
520ed322-aa8b-4b78-a450-4250864177a7	523	1309	156	25	surprised
3efcb617-9f8d-459e-a907-c0689664fb93	683	1309	37	25	by
63240fe1-cc72-4429-9e04-a88d17d331b8	110	1334	144	64	Capranite
5a353e33-483b-43d0-a3df-75d90e0aa3cf	262	1334	136	64	invasion
91a5bb5e-f695-421f-99d3-1cd05c150340	406	1334	112	64	62
c3bb1f31-e644-4290-ac2e-37f5f4e341c5	406	1334	112	64	-
3eb53e49-d2f5-4f92-892b-3f32a3ae3e52	406	1334	112	64	30
e68d424e-fa65-4f88-9af0-c2835749ef30	406	1334	112	64	,
a7dbcf0f-a913-493d-9964-250ff7b44704	526	1334	128	64	drivets
91e9747d-ace4-46dd-a91d-0da1b31e6696	662	1334	64	64	and
03afa389-86fd-4c4d-b67d-d0b2bba5aff0	110	1391	78	35	land
000cb275-0051-4d83-af65-0326bf2a677b	193	1391	166	35	Bountiful
5c7ffba0-e066-48b3-ab63-0dd2782e0abc	193	1391	166	35	,
5d828af4-b752-4bd7-97d8-9db95bcb5b09	364	1391	109	35	367
3b988577-2a36-49f2-998c-4f7f071de902	364	1391	109	35	-
f9f75459-c6c9-4912-b962-2e461248f8e5	364	1391	109	35	6
57a24876-eb23-477c-9ede-8463a1977583	364	1391	109	35	;
d71ef724-505c-4e8d-8a77-313dff25c0fd	478	1391	131	35	regains
2522217f-28a1-4f2a-aa1c-2392669f7355	613	1391	74	35	half
2d7ed921-c450-4ebb-b669-cbaddbf5cc18	692	1391	34	35	of
4f1aa7b7-376a-42c8-95c2-c57dcfc3cc4d	110	1428	68	32	lost
6da94b78-a35b-4c8d-8cfc-353727b97f88	181	1424	207	34	possessions
b14b80d5-78a9-40c0-8777-917154450c26	181	1424	207	34	,
f3538604-b069-417a-a1f0-31b231bee0e6	391	1422	111	32	367
b5164314-56b0-4ba6-a69b-c15f622545ba	391	1422	111	32	-
225dbedf-8f5c-459a-9cb8-6ad34013eec2	391	1422	111	32	10
276dcd5f-5bd6-4afd-91f8-0325ce08c5c6	391	1422	111	32	.
46e5af68-2e8d-4231-9157-381e202a9099	88	1451	183	35	Moronihah
57ba02a7-e4b3-4ff2-ac06-edaa0f040305	88	1451	183	35	,
0378b4fd-5bbf-4a41-96b0-53ba0a260d0b	276	1451	144	35	Nephite
ba1f670c-04b4-4a70-909d-d1edaea393af	425	1451	162	35	chieftain
4704afae-8cd9-4a4f-9fef-f3927948a484	425	1451	162	35	,
842805a4-bc26-4b35-bcfb-811344557b65	591	1451	92	35	slain
3ef1c1db-5f11-40b2-bfc8-7dd52268c682	687	1451	38	35	at
87ca300c-1c2b-4d6d-b0ce-76cd5d0a3022	110	1483	158	32	Cumorah
cb8e6934-38a0-4c5f-ae1c-79981def6c76	110	1483	158	32	,
b2d5ca77-7a2d-4e26-a622-45151b6075c0	273	1483	115	32	470
f43b5a6a-5721-4dc8-b273-4e96d508bf8e	273	1483	115	32	-
1baf3bbb-a0a2-4e06-957f-a21acc2ba123	273	1483	115	32	14
20f90b86-9698-4513-a496-59753774f5a3	273	1483	115	32	.
81fc706f-97a8-4cbf-a446-d59795c7ca34	530	1511	124	34	.
c3e4be4a-a860-4875-90d7-148b0cbaa37e	530	1511	124	34	416
b4aac421-c5de-4c4c-a2e8-6b4c4841efd8	530	1511	124	34	-
fe68ba19-cf85-4e95-ab47-297b37a2a05c	530	1511	124	34	10
c5fadbf4-c639-4ad6-be30-be3cf7adc1e9	530	1511	124	34	.
ec3e5537-f697-40c8-b04e-1d6ee198c836	85	1508	157	66	Moraily
3f86ed37-ede9-4f2c-89bc-63e80e80d002	85	1508	157	66	,
aa248379-1100-4e46-8a67-a6babd2f3726	250	1508	33	66	to
1f3a9d72-a5d1-48e0-8c19-8ae63bd991a0	291	1508	41	66	te
901f0832-0428-475f-a5e3-a8d3c9bda98f	341	1508	173	66	oloward
90437caf-7eb6-4fec-b9de-c7aaa3fad4ae	522	1508	206	66	immortality
3724b429-bfbf-485e-afdd-0d6b3bcb625d	522	1508	206	66	,
2c14d289-a103-40c6-ac07-eac113108120	114	1568	119	35	225
e59103ca-3ec2-4ca8-bda9-e0f684664533	114	1568	119	35	-
c6a4ae5e-48e7-4440-9548-8e19124df096	114	1568	119	35	12
ef9899a3-82a2-4d1a-9d60-8c38d460159e	114	1568	119	35	,
6ac79ab0-a7b5-4e9e-b65b-bfd9a4a9a645	237	1568	114	35	297
f94a00b6-ba39-416b-a7f7-2d97e14681e7	237	1568	114	35	-
20849f7e-9a5e-4d12-a898-536109171372	237	1568	114	35	4
661c5bb5-442e-4d0b-87ea-4da7010a59f1	237	1568	114	35	,
27980fa9-b996-4033-b8ec-98ec744b3228	355	1568	114	35	452
11af9dfe-d52f-4bcd-b7ea-60d2c87f14d7	355	1568	114	35	-
697db10b-b73a-4907-82ab-e38565c73ae6	355	1568	114	35	8
743da77b-fbeb-477a-ba4b-1ed688a7eff0	355	1568	114	35	,
9ae04334-ba79-49bc-beb2-7b28456b3b32	473	1568	136	35	454
8bf4362c-3790-4561-addf-f55fb2fb7219	473	1568	136	35	-
c9c661a1-3c2b-4383-b0b8-5f460a75a25c	473	1568	136	35	36
061718e1-b9fe-4d07-b028-2605145ecb17	473	1568	136	35	,
7061b6d5-9b6f-4b0b-8a75-45207332038c	613	1568	116	35	127
e6247022-a2df-476e-8164-013a1d2807be	613	1568	116	35	-
85040e02-46b8-4b4e-bb2c-0f69de0cdda6	613	1568	116	35	27
1d7a8385-8fbd-40da-a4e9-e7cd51d50b0b	613	1568	116	35	,
1c886495-b509-4645-8fe2-b6fb370cbc44	110	1598	111	32	166
6c329e6d-3ce8-43bd-8897-dda671d00a1e	110	1598	111	32	-
4406f4a0-9ca7-4b90-aebc-25c549af19a5	110	1598	111	32	10
ec159ee7-7f04-424e-a8f5-bcac1c5e330d	110	1598	111	32	.
1550f721-a931-4db1-bb27-3f3a009e322c	88	1625	108	32	Moses
960d120e-2697-40d9-ab94-19acad3e6e2e	88	1625	108	32	,
89218d6f-b92d-4bfa-91d8-64db59a5739c	200	1625	198	31	commanded
e4d318eb-3365-4136-8af0-258f9611a380	402	1625	43	31	to
ecc0a177-a3f2-4e9e-98cb-36c91bb687b0	448	1625	46	31	do
84ffbf07-6ae7-4626-965e-1cda5db1da6c	499	1625	35	31	a
cab9b689-d93f-4db6-9d65-3ca089b6aaa6	538	1625	97	31	great
cd0fc55b-f397-449e-94c4-6293badf4f05	638	1625	90	32	work
08065acc-b384-4bbb-939b-c63504517cad	638	1625	90	32	,
28dad7ec-b3e8-4fdf-90f6-b0508a3466e3	120	1649	94	34	36
ac069fd0-7367-44f1-a3a6-c907d0b1e6aa	120	1649	94	33	-
7c271e1a-c802-4ff2-b075-63896c624cec	120	1649	94	34	26
90c90b4e-5cc2-4ad6-a6ac-5e766b1e0df8	120	1649	94	33	:
3032b89a-5910-44cd-b760-adee642af820	216	1650	32	32	a
4ab54d11-cd93-45ba-bd65-b7edc73e181e	251	1651	128	33	prophet
e12e9bcd-1628-4b87-a1fd-509a0122818f	383	1654	70	32	like
7100f916-b2c5-4e56-9e20-05e873f74e06	457	1655	90	33	unto
575f4276-5ec3-40e6-b5ac-04f3a60b1ec2	457	1655	90	33	,
402c7e96-3f40-415d-b214-96678e9dbbc7	550	1657	101	33	48
a30a8788-05a1-4ada-a18a-b714c1331c60	550	1657	101	33	-
52bd6aaf-3467-4e0b-9131-ebb9fa8f43ec	550	1657	101	33	20
de89319f-4ddd-48ce-bc30-7a898f86b1fe	550	1657	101	33	,
08472358-bd4b-4d94-9fac-9628ec0609fe	654	1659	72	33	440
2edd73dc-490b-40d8-9ec3-24e5fc458919	654	1659	72	33	-
f2899c35-5c1d-4b20-9f89-3658fc61d940	114	1688	57	25	23
4f408a31-71c5-4fd1-8740-df9882000630	114	1688	57	25	;
e64a2a1e-4faa-46fa-8ef8-607556ac4e59	173	1688	78	25	God
48e61179-cc75-4f9f-a5e4-9f664c23516e	255	1688	84	25	gave
7c310742-c0b6-43c9-a60e-6dccc4c0b9e6	342	1688	109	25	power
ce347acb-e9be-4691-8095-12c376fc64b5	455	1688	88	25	unto
6534e979-4f1c-4766-82af-35d7b8a195a6	455	1688	88	25	,
750066e5-b68c-4ab8-9ac5-b6189999b886	545	1681	110	33	56
2cdd7c88-6f93-47cc-b50b-2e5e2777d030	545	1681	110	33	-
66c0fa07-dbc3-4731-9bb4-62bf369d3321	545	1681	110	33	17
cecbc2d0-2aac-4d3c-8cf0-3c5e87a4cf4c	545	1681	110	33	,
66116db7-6ac7-42e4-bbcd-023279e3c672	657	1686	69	32	379
9af1bbeb-3454-4283-b40e-f093bdf2b890	657	1686	69	32	-
3b7af4a5-179a-4a7d-a5d8-3e66914b7dd3	117	1713	51	29	11
b8c5fd3c-4b6b-4200-a4b4-11f280639b7a	117	1713	51	29	;
b6b04c24-adb7-44fb-8340-795512515e78	171	1713	105	29	Christ
6d244cec-553b-47fc-92a8-dd9131b31e46	280	1713	62	29	the
77f1addb-40c3-4519-bce7-0260d4ceaf0a	345	1713	127	29	prophet
f046362f-5bcd-4b72-b4c8-8e206e3697cc	476	1713	40	29	of
6c80726a-1719-4e4b-90a2-709994f3397a	519	1713	101	29	whom
c23bf11e-8cdd-4df3-9043-d93bdb1dec2e	625	1713	101	29	Moses
7231df69-92f3-4d30-8d6b-fc5090f0f945	88	1745	112	60	Moses
591c2e52-0c6b-4921-be62-e2c84343b973	88	1745	112	60	,
3b089515-092f-48f6-bc75-6ff4f948a559	208	1745	97	60	books
b04247c1-76fb-4192-860c-67872e675e7c	313	1745	52	60	of
a8550045-244a-4652-acf0-3c1fb245974d	313	1745	52	60	,
c5f73e63-c5d0-44a5-9b45-cf1b522b2350	373	1745	52	60	the
50ec8e10-c339-47ad-82ed-b24f85dcee56	433	1745	82	60	five
7cf5b3cb-c605-42ab-87ad-4806458e2ef0	433	1745	82	60	,
87572935-1ee4-4ce3-a78c-f47692167b00	523	1745	45	60	on
86285dc0-32d8-4d89-bcd3-c7304da7a3c5	575	1745	112	60	plates
640c01c1-6d65-42e6-8447-8548822936af	695	1745	33	60	of
18bf4ffc-3eb6-47e5-8aba-3de2cf20c4ba	110	1802	102	35	brass
999389e4-4757-4aaf-adc7-0bc315961591	110	1802	102	35	,
9f52c516-2570-4029-9823-173e492240ec	216	1802	106	34	10
957f6239-47be-4843-b1ac-6d8abc839924	216	1802	106	34	-
bcfb6f62-d8d4-487c-bf25-4f8ec660557e	216	1802	106	34	11
f9973ceb-44a2-4f2d-b923-214b32830e0f	216	1802	106	34	;
5c078937-182b-44c0-a204-638371d03b05	327	1802	102	34	Nephi
1906fd8b-6ebe-4c8a-bf8e-ff597efb24a0	433	1802	59	34	did
fc660b0e-d995-4bbf-8760-66a7ff36d49a	497	1802	89	34	read
ed6f1671-0e8c-4144-b0c5-398bc96c993f	497	1802	89	34	,
eb4b9063-9890-48de-889a-18d8546ec15d	590	1802	101	35	43
864482fb-e4eb-4458-a721-cbdc6a9c66e4	590	1802	101	35	-
ea7749a5-e47e-4f80-83f0-7922648e550a	590	1802	101	35	23
d0bb738c-5139-4062-863a-1fddd5713a07	590	1802	101	35	.
26c844eb-304e-477c-a079-631f2cde3ab9	88	1830	118	35	Moses
8ae55434-c733-472c-9afa-fcc780c8fd37	88	1830	118	35	,
346cd5a4-b0f1-4f4d-9cc7-7741cf45105a	211	1830	74	35	law
9c9ff1f3-5d66-4e12-b354-009355655396	289	1830	52	35	of
d6a9ba4f-4aa2-4b43-aa6b-3e35fe93d460	289	1830	52	35	,
b8b20b33-606b-482e-aef1-a45fe236fcbc	346	1830	166	35	engraven
f4dac81c-0fba-43ee-a84e-c29ba7295b4d	517	1830	53	35	on
2376be90-5e32-4be8-ad7e-2a525fcf0c81	574	1830	105	35	plates
7e8fabdf-ee39-472d-a468-af3d49fe5cf0	685	1830	47	28	of
b47ff1d8-40c9-4211-b7c9-f86d74f5be77	113	1861	99	35	hrass
f23b132a-500a-4157-b0bd-03dd3b3856bd	113	1861	99	35	,
145dbc40-a5cd-4a08-8b5a-e77faf5eff07	216	1860	91	34	8
2383c554-2ea5-4c12-858d-7a0109e5837f	216	1860	91	34	-
d4966b37-c704-4a0c-bf58-3a2c2d201578	216	1860	91	34	16
176dd70e-d427-46da-a98f-2031b3f1d5cf	216	1860	91	34	;
13622458-7e01-4a8d-8f02-8404c1ac1260	311	1857	260	36	commandments
f9e185dc-37c6-46a6-99ad-3037342ec4b7	575	1855	154	35	according
cebc3f7e-1c32-42a0-aec0-e9ae64cb0a7d	164	1890	114	29	35
f3e21670-e2c5-45fc-925f-6aba9e0d4030	164	1890	114	29	-
8162a04f-cb1c-413d-bee2-7115a768414d	164	1890	114	29	22
9140e9b8-44af-4d21-adaa-4c7a84a5cec7	164	1890	114	29	,
f57e75db-36c9-4441-8ee5-9c611d8d9088	293	1890	118	35	60
76689cfa-b2d1-46d8-a231-2e930b36c3da	293	1890	118	35	-
f2e8ba6e-7b3b-435e-885b-f559649523d6	293	1890	118	35	10
cb1cb0fb-7a41-4ea2-b87e-9e799aa110fa	293	1890	118	35	,
6c6d8afd-0786-4fab-92ad-84b99d3c7456	416	1890	102	35	136
ad3282cd-4851-4812-96e5-af7d95a9a883	416	1890	102	35	-
3fe8fe6b-4498-4128-8c98-1481457e3343	416	1890	102	35	3
5766c2fa-70cb-4433-8271-c5a5d65ee125	416	1890	102	35	;
e78b70cd-4799-4385-b573-c629fef3e113	536	1887	119	35	128
faac96a2-9502-46b8-825d-348272770c45	536	1887	119	35	-
f3cf8b1f-9c0d-4d1f-baa6-e4b4f9b68031	536	1887	119	35	5
f4ddc780-5407-4d75-a604-1b8a7d9342fc	536	1887	119	35	;
72c99607-84d3-4137-abe2-20f3553a0da6	659	1886	69	35	why
b168ceac-e8cc-474a-bccb-39e4b3a092fe	114	1915	101	35	given
8f6d54ea-9a6a-4f2b-9aa6-55fb8e86b438	114	1915	101	35	,
3d147005-a8b8-4af1-804e-a801c612bca5	219	1915	92	35	73
d7f080e8-6eaf-4231-a5c2-d52880af3421	219	1915	92	35	-
730b15b3-1952-463c-b5ec-24cdbaa45fd2	219	1915	92	35	4
a25fc236-fe46-4318-8efd-8fa66a4bc1cc	219	1915	92	35	;
f6057062-3323-48f3-afdf-d03536c1f7fa	315	1915	149	35	observed
f6a688a9-2122-4c2b-98e7-4953106d8901	468	1915	88	35	until
0cc6d8df-0370-4f8b-be39-24eb8b5999d7	560	1915	131	35	fulfilled
0dddb71a-f8a6-4a32-a3e2-161e0be46242	696	1915	33	35	in
1154e350-96cf-499a-8202-83b7872e0b9e	114	1947	114	35	Christ
40fcadfe-341a-4381-a0cc-29b6899be2c4	114	1947	114	35	,
4c01f9ba-614c-4642-b1c3-e15d35bc6776	232	1947	99	35	92
04d3c9d5-326f-4dc5-976a-ee0ea91cd510	232	1947	99	35	-
c70effb3-d89e-4616-9114-b8f3cba6410d	232	1947	99	35	24
e85766fa-9b7a-4a75-ab81-8c12f6c0c097	232	1947	99	35	.
0f77a563-793c-4433-901f-7575ddb4c856	85	1972	128	41	Mosiah
d60927c0-582f-4336-b0ab-dfeef30706f1	85	1972	128	41	,
e604c64c-6e1a-4ebb-ae34-2fae0aa24a45	218	1972	82	41	king
5fe7ff83-5122-4250-82ad-1c83898b04dc	305	1972	36	41	of
cd5c941d-55d2-490f-9986-8ec590da4c19	346	1972	190	41	Zarahemla
613b586f-939c-4aae-8f0b-7d5c07debc62	346	1972	190	41	,
0e2e536f-20cd-417e-95b1-2234aca752ac	541	1972	113	41	130
126451a6-425d-4a92-8b83-7395822dadaf	541	1972	113	41	-
79039234-5d21-438b-a0fa-94701a831a4f	541	1972	113	41	12
3e0dc8db-8ef6-4014-ae63-486db9b0a6ab	541	1972	113	41	,
e5de069b-0673-443b-8af0-4f9540a63855	659	1972	73	41	131
f54b0a5d-a23b-4761-a9a7-0d226c70da6b	659	1972	73	41	-
c05b41f2-914a-417e-affb-198408f48404	748	508	120	32	Mosiah
64d6648d-afad-4dc3-ac07-d0ce315a7791	748	508	120	32	,
6a31bbb8-3154-41c2-8f61-fb0484402ea7	872	508	76	32	sons
87839e6f-4ea5-46bd-8f53-9a3569bed2c8	952	508	44	32	of
c59d760d-5bff-4379-8293-56b70709a8e1	952	508	44	32	,
40012b09-e1bf-43f2-a542-9c9f1fa38de6	1000	508	116	32	189
5a8f235b-734e-404e-acc7-35cd057cb02e	1000	508	116	32	-
2fa6c9ab-8275-49a1-94f4-c6edcf69990b	1000	508	116	32	34
7056a29c-d02b-4806-aaef-5fdc50fccd49	1000	508	116	32	;
e7775352-5e66-4e5a-baa4-b6418696d30e	1120	508	160	32	numbered
2779d9fd-15c1-49f3-addd-d4a95659f3bb	1284	508	101	32	among
c3d47f03-afb5-4563-869e-075c92086e03	776	536	190	29	unbelievers
8b4e3648-44b7-44cf-bd51-de2f16ee1d46	776	536	190	29	,
3a9a1104-eed8-4079-a5c7-5600deecb9b5	984	539	119	36	187
d03dd5ec-14ac-448b-aefe-c0b6416e726b	984	539	119	35	-
b8f2db40-ab7e-4b3c-9cf3-ba8420fdfbeb	984	539	119	35	8
21b5cac2-793e-4166-95e9-ca2341e3794b	984	539	119	35	;
2cce1424-4e59-41be-ab59-21655dbe04c7	1107	540	79	35	seek
b4546998-97f3-4726-9d3a-b2b4099ad3c4	1205	546	41	19	to
cc148152-c3a8-4fad-9abf-756852e01faf	1249	539	139	35	destroy
49bd11c5-5726-46c9-8141-eac8cb7f7a92	905	568	144	32	187
e53c1635-ce6a-438f-806b-8542b5a9a8b5	905	568	144	32	-
844c7ad1-9e63-447f-ad5f-dd581b33c069	905	568	144	32	10
0ea50bad-641c-4a94-8e71-680ad5242331	905	568	144	32	;
7d91dbab-2967-4537-80df-cf5b712141f6	1053	568	72	32	are
73dc79c5-7a06-4350-93a7-cb9701d05189	1129	568	148	32	rebuked
51d7490c-0f87-4e09-bf1b-133ca1d0802c	1281	568	60	32	by
eec815fd-2bf0-45c2-9ad9-29480a13f719	1345	568	46	32	an
f2f46893-cbcb-4b64-a266-fe791edcd2d6	770	565	120	59	church
b56c810b-f8e8-4380-803a-d451d2c19a0f	894	572	120	59	187
39fb6cfd-41ea-4c9c-9113-023d2195c867	894	572	120	59	-
59f26949-2d2f-4342-af40-f67e78bc5b0c	894	572	120	59	11
2c89ee75-97d7-44f4-847a-4b5abefeebfb	894	572	120	59	;
3daf57a7-484c-4177-876b-36afed442f65	1017	579	185	62	converted
1fb9a66b-f579-4cbd-8e49-d5c83785be94	1017	579	185	62	,
ee37169d-13c5-40ea-af6c-8e479874d0e9	1205	590	87	57	they
8754c2c1-2267-4d53-802c-408c1e14c447	1296	595	97	58	labor
eed7afcb-8e58-43cb-8e6f-797f3b12633e	779	600	98	25	angel
cc0a74dd-240e-472c-9706-c1db520cc519	779	600	98	25	,
c6210c9d-e5ff-479a-8f9b-5db162200ffc	1060	628	134	29	189
550621cb-e1d0-4ccd-9b01-3c7de76cf45e	1060	628	134	29	-
066fc87a-4132-4592-b64a-8fda5794c322	1060	628	134	29	32
b1c86f71-cb07-4ffb-91d9-0d67cce3d6e1	1060	628	134	29	;
653d4402-fe12-4e50-a9e9-55e31702f7fd	1198	628	58	29	go
9dac1e16-d698-4cb3-a1f3-9f90218dc32b	1259	628	54	29	on
a035f011-a6f1-44bd-8915-955cee13d2d7	1317	628	74	29	mis
fbe30ae7-b50d-4e78-a1d3-dadc0321de41	1317	628	74	29	-
4a2be3fe-0234-46f8-b500-2ea1353f3ef8	776	622	82	66	sit
cb29212f-ec0b-40e6-bdc7-2dd565b33752	776	622	82	66	,
02781fb3-147c-445f-829b-22fde707d2eb	867	622	17	66	a
55280158-8691-412b-9bf1-cf8b4a977db1	892	622	157	66	min
957651c7-70c7-4bc2-b5fd-f7eae0c5feeb	892	622	157	66	,
5f1f5d7c-abae-4ce4-979b-8ceeeffc09ca	892	622	157	66	50
c85023dc-2e99-4cdd-9f75-2374b25cf38c	1057	622	74	66	78a
90f32551-1179-4be5-9df8-6fa6f20fc00b	1139	622	107	66	record
5ab16eeb-4348-4057-8fa5-3d410e6912ee	1255	622	50	66	of
15b5ad6c-49fb-4b56-9a4c-9d7d30e49e89	1312	622	79	66	their
a019e0c9-3546-4d22-8d43-18879e24e3d8	772	672	149	40	ministry
495f2106-5c48-4975-bf40-cf721650a39c	925	675	122	39	among
1aee698d-9bcc-4c6b-b9d1-19d4e3f21da3	1051	678	68	37	the
1a3d39bf-64e0-45af-b55e-d1935e165aed	1123	679	190	40	Lamanites
91e6dbbd-63c3-42c8-9b14-8a5b8e85d2a3	1123	679	190	40	,
308428a9-13c9-44ba-8335-ef65e52f25c2	1317	683	78	38	237
14eaa043-3ffd-48a9-885c-83dea5a83a09	1317	683	78	38	;
07616c6d-8d6b-4c4c-b7b0-ccd68a4d4a7b	773	710	92	35	meet
4a9901c5-694b-4fb8-b291-f90c44bdd9c4	869	710	109	35	Alma
0e7be4dc-9008-4cbc-9dae-8c0243f84fd1	869	710	109	35	,
58fde708-4a4d-4648-9766-b942d261a179	983	710	118	35	237
6a4552e7-c742-49d0-9f04-00649acd0db2	983	710	118	35	-
0f00f53c-aefa-4bd5-877d-4cdab575f611	983	710	118	35	1
fd555ee8-9e14-40f2-a2fd-edb5c2486482	983	710	118	35	;
7d68606d-1982-4e16-b255-08c60919673b	1106	710	236	35	commissioned
725ab08a-a657-478d-adeb-45520aece8f5	1346	710	45	35	by
5066461a-4c60-44c2-9ca1-94cf2cb534a4	770	738	67	38	the
2e2cf640-5f2c-4dfb-93b3-5aef42db639f	841	739	100	38	Lord
6c3967a0-aa40-41c2-a0d6-02ef4a28d457	841	739	100	38	,
d60ad6f6-4113-45e4-ab9e-7c72405f6904	946	739	128	38	238
b44d960b-6c35-4731-b48a-35762c2d861b	946	739	128	38	-
1cb60a9d-e706-47f8-b654-2ea110517610	946	739	128	38	10
817af57f-7c2e-425b-b377-1e8710113ac8	946	739	128	38	;
73855105-6fba-41c7-b8eb-b6165f8799f4	1079	739	152	38	establish
c5011aa2-6173-425a-8d80-5779bc65b116	1235	738	159	38	churches
91844255-c70f-49eb-a292-f01da33d5340	1236	738	159	38	,
b56281c0-940d-4745-8242-cb3d05e8c4b6	773	764	104	38	255
44baf7d1-57e2-45ab-bf92-164684ffd6ca	773	764	104	37	-
bee76e85-fcab-4fc7-a97e-2d0f25bd5a70	773	764	104	37	4
8646cb17-824a-4c07-bae3-883984dc4dbf	773	764	104	37	;
10fcb8b5-b0ee-42ef-b338-b33d2abb13e5	881	766	189	38	accompany
3a67a365-ec05-40d2-9810-caa6eb911df2	1074	768	95	37	Alma
6923a649-94aa-4bc1-a367-818e5b1d021c	1173	769	41	36	to
006643a5-5892-4b05-8678-b5b4e3169428	1218	770	177	38	Zoramites
9ab32446-2ea7-458c-8920-5b4044979c99	1218	770	177	38	,
d82ffad9-bbed-486a-a116-8db2db44b15b	773	798	105	38	274
e53ad7f9-e9a6-42e0-a27e-b11e6d24a476	773	798	105	38	-
83fbaeb8-5afe-402b-9042-b3e1c56496de	773	798	105	38	6
b9a43bfe-ba3b-48d9-b9d9-b4ab9e4082e3	773	798	105	38	;
6c8bcc73-9bc2-4e4a-9158-ec7349e7ce64	882	799	86	38	were
3cb92bd4-7911-4e11-8a4b-e9985ea9e5b1	973	799	81	38	men
c979eaa0-4bce-4306-bdbb-57b058886bf1	1058	799	43	38	of
76d1186b-4176-4c69-8155-c68aa492f939	1106	799	86	38	God
26d83c80-63d7-448d-8564-5b4024c5d200	1106	799	86	38	,
9790c373-2cfc-4927-b068-f5d45d361276	1196	798	110	38	317
8ce4e674-64e7-4424-99d2-9bf69b9a360c	1196	798	110	38	-
fb67db94-6edb-4955-a688-05635bc24b13	1196	798	110	38	18
f6c13f8b-5682-43b8-b2b9-92bcb010599b	1196	798	110	38	.
1163654a-3cd2-4352-99ea-d85aa334b956	751	824	149	66	Mountains
7edcbae3-d816-45d8-959b-3cd3b3014e9d	908	824	107	66	sim
759cf842-7c31-4029-a0e1-aa6c656c2039	908	824	107	66	,
55af3075-170e-4fce-ab9f-83fb569f7ed1	1023	824	66	66	in
b880809a-f333-449c-9127-837e47f19be4	1098	824	41	66	to
1b38dfd6-cbb5-4e46-9ff9-7ce4ee4624bd	1147	824	58	66	pie
b9b29d9c-f9a1-4da7-8906-8fb6525f22c5	1213	824	116	66	earried
6cf6a63d-ff90-4a12-9ef9-25ffbf26b52e	1337	824	61	66	ip
1d77877f-0356-4da7-8a9b-692fb0a812e1	1337	824	61	66	,
cc952cf7-df25-4278-a297-678e2141fdd2	779	887	94	29	42
4a699fe2-1cf9-4d81-954e-70eebd720e91	779	887	94	29	-
61497cda-8e13-4fe2-b64f-80c1452c04a5	779	887	94	29	11
a72d0304-b503-4482-866e-f545fb222f56	779	887	94	29	,
c07635f8-c0d7-4900-8696-bd0ca2e5d3f6	877	887	127	29	416
dd8de0db-be4a-44d8-ad13-f068a1b20824	877	887	127	29	-
3a614979-bf04-4b7b-aef2-3bb92077e151	877	887	127	29	10
18979a62-d487-4378-8b29-92840ecb706a	877	887	127	29	;
1321a125-a824-46f5-8e0f-3c6b64de2472	1007	887	87	29	shall
30655a00-2f08-40ab-9ca6-e60fc56247bc	1098	887	98	29	cover
52f17293-d610-4be9-bed1-d870d26f5cc7	1199	887	195	29	persecutors
84fddacb-323d-41bd-b955-ddee4c58aafa	1200	887	195	29	,
13adb4b9-3e03-484e-a578-fc71ef2d2e69	773	912	86	37	93
bc6d1fe9-5c96-493c-afae-81b961123b1c	773	912	86	37	-
373cf36a-8e34-4dbb-8cc3-a8d4f93044e5	773	912	86	37	5
0d09e391-a997-43fe-8983-9a0d765b007f	773	912	86	37	;
bcdec42d-4201-4e84-b6d1-77218d8902e3	863	912	90	36	holy
e69fa2f0-fa3d-47f4-8bb9-39fd47aebb16	863	912	90	36	,
01892ca2-3753-4d45-92c7-7796ea99206b	957	911	41	36	of
51fe4613-1f81-4540-a49e-5ec46e6c3530	1002	911	63	36	the
0f13a9f4-bbf9-4696-8fcb-4acb977c5ee1	1070	911	90	36	Lord
f2002057-d1fd-4e5b-b0ff-30e3c5984346	1070	911	90	36	,
3237d54e-f59c-4496-8dbe-1fc69cdf7145	1164	911	122	36	103
6c600480-6e5d-4f53-94d7-8f0df3ee2914	1164	911	122	36	-
c3c38722-bc8a-4c4a-a696-3abf9c9b77c1	1164	911	122	36	15
215ee979-725f-46ed-9688-10831126d8e9	1164	911	122	36	;
8bacbdc8-04ec-4c65-9101-587095055489	1290	911	45	36	of
98bc6c57-f3ec-464e-be74-576872e9be53	1340	911	52	37	the
fefaba31-d7c2-4fd2-bfe1-02e0329b9085	779	944	108	32	Lord's
a612e092-5f02-45aa-b924-3d3fb3af3bf8	891	944	112	32	house
bd6f1754-a8d6-415a-9755-d18f69af7348	891	944	112	32	,
82b19ee1-e49a-475d-82b3-ffd5d2deebcb	1007	944	92	32	74
b139b739-ccc8-4860-b235-00d7398ebff1	1007	944	92	32	-
0921441e-cd03-4db7-9dd4-19faa3feb476	1007	944	92	32	2
4f6a784e-5da0-4ff0-b40d-eb79f9986069	1007	944	92	32	;
14b0c676-2ff3-4d01-9dc8-fdd7733eed25	1103	944	88	32	obey
462eddc9-f6e2-45d7-8369-0924b71c6ca0	1195	944	160	32	command
26205655-b94b-4c9f-92ab-abbac87c365f	1359	944	35	32	in
0105348d-9579-47fb-8b26-e5ed9d58f4c3	776	967	57	32	the
bfd8f0ef-a567-4ea8-8250-84044c6db350	836	968	94	32	name
b7042368-5f68-4dcc-9459-2e292723ab68	933	970	38	31	of
a08bd01e-fd49-4acf-ba99-75555e15474e	974	971	102	32	Jesus
949afade-33a5-4bb2-8ab6-04a83a10b315	974	971	102	32	,
a04480e4-c633-4d4d-8b08-f1896f55e22e	1079	973	98	33	113
d0ca2226-b477-45bc-9bad-778b7471e119	1079	973	98	33	-
f58c87fa-68cc-42e0-8146-beb1fe353a06	1079	973	98	33	6
57920945-00f9-49e4-aaf4-f008ceed50e0	1079	973	98	33	.
2fd4362e-4002-4834-8ed8-1ba4aa8e7b80	748	1000	110	38	Mount
094a3b09-832d-42cd-b349-26f123dcebc0	862	1001	90	38	Zion
1604c261-d2e2-4bb6-9928-23152a4d3d4c	862	1001	90	38	,
26c743a4-224f-45a7-8b6d-828ae30d7b7b	957	1001	123	38	nations
1acf3a2c-0d4a-4cbc-ae9b-0e5def38de0f	1085	1001	85	38	fight
e29b24af-d30f-4ecc-a9e9-9e85d90ff3a8	1176	1001	138	38	against
80141167-ab1f-4341-abcb-42db8828ddee	1176	1001	138	38	,
413d9e93-339c-40df-89dd-6ea754e984e7	1318	1000	80	38	95
2eaedb4f-86a4-477a-be90-e2a3e7dd9fa5	1318	1000	80	38	-
6e67f974-8d36-422c-8c3c-b05d7af26815	1318	1000	80	38	3
47a3bbd9-2ca7-4593-addd-7e5044e1913a	1318	1000	80	38	.
97a60525-4875-485c-8707-6a0bea46a730	748	1032	167	38	Mourning
de48cdd8-bf43-476f-b645-f1ba266a2967	748	1032	167	38	,
f8adf75c-05a5-4064-803f-c9b7b5b5b4c3	919	1032	114	38	among
a9f41752-8c62-4c37-9ab8-afa7658f0253	1038	1032	105	38	people
74a1fde0-5345-4c2f-8d1e-53ed600d5bd7	1147	1032	38	38	of
6aaf4505-7bd5-4e4a-a88e-9a14c2011129	1190	1032	105	38	Nephi
02d4aa6e-5b00-49c5-a76f-28634e0f81de	1190	1032	105	38	,
cc7ef7da-8181-4020-9cf5-d1ca88f7b70c	1299	1032	99	38	266
4e33edc4-de4e-4cbd-b9dc-391105bfcead	1299	1032	99	38	-
9f2e6ac6-eead-4d93-9675-ff4353cb87f5	1299	1032	99	38	4
fe30cfea-5d3a-4b43-8109-2727ad884115	1299	1032	99	38	,
ad5421e6-e4c3-4118-96e9-8ded1f05824d	776	1063	111	29	416
37025024-8ae6-4150-b7e8-03650a94f001	776	1063	111	29	-
10aaa059-1c1d-4918-ace3-965a10b0e5fb	776	1063	111	29	23
88e30937-12da-4ace-b007-5447a83423bc	776	1063	111	29	.
53022adf-9def-4eb0-ad69-adcdaf227fea	748	1085	112	69	Mouth
dad66e34-c75b-47e2-8430-6727e0838f30	869	1086	43	69	on
506fe39d-b0e0-460e-947f-3c1f8fa892e7	921	1086	60	69	win
4c9f05c5-cda7-49ad-b6f5-b01ba494306b	990	1086	103	69	zodi
44177f76-f3df-4155-95a5-5e49cb8f26a1	990	1086	103	69	,
ecbddcb3-dee1-4a26-b056-7781e62e9128	1102	1086	34	69	b
3f0d1e3e-a545-4488-808d-d662cf061213	1145	1086	52	69	why
62a08298-03ca-4dc1-a160-e1344343f587	1205	1086	112	69	heart
ad214451-3266-4b16-9c3a-e5517f972188	1326	1085	72	69	rom
6dde2d11-9f7e-4d60-86cf-864e1393dded	773	1145	62	38	the
4c929d2f-10b9-4e79-a3e9-d39df29dc76c	840	1145	123	38	Lord's
ec27b735-eb63-410a-845a-e42c21e45b26	840	1145	123	38	,
0c671d29-6451-49d8-b458-21c52fa25fd6	968	1145	86	38	100
35815af4-52f0-4a53-8302-a01a6f032eee	968	1145	86	38	-
10198733-1012-4bf8-ae89-c258a96abff6	968	1145	86	38	2
94913510-480a-40dc-9e25-a922ce42fc9a	748	1177	119	35	Mulek
dad2e476-3cc7-4737-aa16-0fb61cf32fe9	748	1177	119	35	,
e4ba8459-5634-447c-ace6-38abf2e8ae76	871	1177	64	34	son
de110869-333e-4457-91f6-0ea329cceb92	939	1177	42	34	of
d4840b6a-80f6-45ff-a5fe-199aee94c07a	986	1177	161	34	Zedekiah
0d9e1fbb-efc8-44f4-89c8-0971104c0d13	986	1177	161	34	,
a6440e84-5980-4ebf-975f-4b7fb26ddb28	1152	1177	136	34	brought
cd386836-906a-413a-8d0e-977dc106db02	1292	1177	42	34	to
b5b943f9-63c6-4423-b9cb-d9b569040551	1339	1177	59	35	the
ea2ec744-41fb-430a-b6c0-1f99052c5706	770	1205	79	35	land
6759eea7-83db-4676-a2c0-ec57a2f0f916	853	1205	44	35	of
4b0f20e6-fcf4-4453-87c3-029918026282	901	1205	140	35	promise
446e6dee-d93b-4249-96ed-802eca2cb66c	901	1205	140	35	,
ef92f847-59a7-4f72-a3ee-c96b2ddedb18	1046	1205	122	35	373
51394ab3-0d48-4f6e-a3c2-2d6ad1830a3d	1046	1205	122	35	-
9fac038b-9f05-40cf-a971-eef99c7867ad	1046	1205	122	35	10
8005b05c-ecfd-4549-b3b5-0aa69a32e70c	1046	1205	122	35	;
fa6080fa-9ab1-40dc-a1b6-bfe42ce71ac3	1173	1205	48	35	all
97ee9782-68ef-489e-82b4-e6deb7381860	1225	1205	169	35	Zedekiah's
56bf9582-ebe0-404c-a5c5-a3051942e248	779	1237	77	28	sons
fb295986-5402-4164-8a7c-18bdd7da19fe	859	1237	87	28	slain
967e1852-889b-47b5-bcc4-7f88b72300e9	950	1237	119	28	except
ace1de8f-e2e4-4267-8b3d-10995c3f822d	950	1237	119	28	,
2f77e72a-62ea-4885-8135-e07b184a991b	1073	1237	113	28	380
03d59b62-9c36-45f3-a37c-1911de04e50c	1073	1237	113	28	-
7e24c27b-5bf8-4c80-96e3-c3161e34f3cf	1073	1237	113	28	21
1dde9cad-5d29-40b7-9f56-013e23eb366e	1073	1237	113	28	.
1ed80e4a-c173-48a1-b188-d19eb41b50f7	751	1265	109	38	Mulek
6ecfdea1-cdb5-43a7-8e30-b8e566862959	751	1265	109	38	,
a7011475-85a8-4e19-86f0-a77ea25088a6	865	1265	67	38	city
3ece0a13-50ce-47de-a701-6ab6864ce3a6	936	1265	43	38	of
907aebdd-68b7-4abd-ab13-814c1df52687	936	1265	43	38	,
126803f1-c3f2-4725-9f69-8be6400a887c	984	1265	152	38	captured
dad12fe6-269f-41dc-ab53-0d3df5c6991e	984	1265	152	38	,
2ce95925-deea-47c5-b76c-2b80fd2abbd5	1141	1265	119	38	326
3845de3e-073a-4758-a12e-7c7d9444c70d	1141	1265	119	38	-
6b81a66d-8760-40f5-b7f0-a68a8069e3c0	1141	1265	119	38	26
b1fdab54-0911-44dc-8d1c-6748a3d3eca9	1141	1265	119	38	;
a00bb488-34ee-461a-bd13-271fc73334f6	1264	1265	137	38	retaken
a90f107b-c85f-407d-be3e-c9b70f3675de	1264	1265	137	38	,
f6228666-7655-4be1-bf18-c152bc6c3736	776	1294	117	35	329
57b6390e-32b9-4c8b-b65d-7761a033915e	776	1294	117	35	-
c475d9d0-c96b-4b5c-9b67-d40b13f04db8	776	1294	117	35	26
2878f55a-b510-4ec7-b2f7-7d0a79d5dfec	776	1294	117	35	.
655eafff-2b58-4b79-9b66-8ef70184795b	748	1325	118	41	Mulek
2f6e4cf4-9967-480c-a502-656fe34e3c11	748	1325	118	41	,
336d1c77-3deb-47ef-8eb0-2e596d5bba62	871	1325	72	41	land
387963c0-8eab-4a4c-88c5-05bc7bce62ca	948	1325	174	41	northward
afeaa6ae-52fe-4719-9370-49517fba577c	1127	1325	108	41	called
63f349f0-806c-4209-bdc8-13edf2ef0904	1127	1325	108	41	,
d3f8e8c1-0d93-4f9e-9981-ed352d022d38	1240	1325	117	41	373
192ae97a-3d6c-40e3-80a7-6a12f8958a84	1240	1325	117	41	-
410ff033-c014-4ea4-b04e-a93f2ac54b6d	1240	1325	117	41	10
183cf65b-28bf-4daa-b825-28ac9c4e76c3	1240	1325	117	41	.
fd06e55b-4e1c-4e46-81ac-a6ed61f0ea5a	751	1357	125	38	Muloki
d3fc7c63-13ba-4287-ae06-9e05b8950bda	751	1357	125	38	,
c97cf90b-ed2f-4074-a09b-04bee51305a4	881	1357	46	37	in
84c4619e-9b37-4f5d-a1b7-762169db7462	931	1357	116	37	prison
6cea1039-db5e-4d12-8dfc-04a2c8fa0f26	931	1357	116	37	,
ec901671-7915-450c-9139-1b8106431b97	1052	1357	111	37	247
c518f120-ea7f-468e-b6c0-0c63a3505cdd	1052	1357	111	37	-
300117ff-2519-42f1-b0e1-5ce1add049b7	1052	1357	111	37	2
f3dc78ea-d7ed-47c4-a32f-426b5a752619	1052	1357	111	37	;
415547e0-45b8-4c1f-9d2d-3d9364cc993e	1167	1357	153	37	preaches
1ebee067-a7c7-4f11-a36d-56c14158e702	1167	1357	153	37	,
e303d603-f47b-47f0-984f-b72628a7f7c2	1324	1357	73	38	250
8fe8726c-dc44-4b1d-a013-fc630fdac67c	1325	1357	73	38	-
6213c1f3-e6a4-4566-ac52-94d4bc684785	751	1420	176	38	Multitude
92a3e8ad-8db1-4780-9838-ba7fedd145f1	751	1420	176	38	,
848d73c2-3819-4da3-b3ff-26ff5438f574	932	1420	62	38	fell
89cc0452-dc64-4fc1-9a40-e80d3e8ca242	998	1420	43	38	to
a9963a34-de5f-4a3d-b469-b3bd7431bdd3	1046	1420	100	38	earth
bcc9ff34-d373-4da6-a4fd-b631e848b97e	1150	1420	47	38	at
d393b960-7fce-41c5-9263-849f260ac5e0	1202	1420	133	38	Christ's
c719fd92-0975-4495-b5d4-83109d693631	1340	1420	58	38	ap
abac73cf-71e7-4952-b10f-0a5a4159c66e	1340	1420	58	38	-
09615662-08bc-4fc8-9dfa-8b4b293cf405	779	1458	120	25	Pearing
4a4747f2-0efc-4dac-a7b0-0ccb14ca2b57	931	1448	136	35	421
7df9139e-24e8-47b0-80d1-f5a77f7c55c4	931	1448	136	35	-
0c858184-eb10-4f57-bb48-b7e1be31f71e	931	1448	136	35	12
b29e8651-2024-4aad-bba1-65982d7a1892	931	1448	136	35	;
da6b2cd8-8c9e-4726-8652-2deb0b4d7267	1071	1448	171	35	overcome
387e5d17-f340-49b2-b1d3-ecadff7ef73e	1246	1448	92	35	with
ecdaed07-3b31-498d-8fbd-c69194174fc8	1342	1448	55	35	joy
d4d5e5ab-dc81-4f35-ba55-aed58d97bd78	779	1476	89	42	when
630809ae-6972-4b1e-87d6-f31c86ccdee1	874	1476	110	42	Christ
d7b83982-37f2-49ab-b1ba-ed3cf616fe03	989	1476	105	42	prays
414bb488-6da2-408a-8449-235a683935b8	989	1476	105	42	,
1ec514d1-ae3e-4d0b-9495-ffd2d0a4243e	1099	1476	115	42	433
67fb3f0a-9669-4d05-81eb-387e340ad9e1	1099	1476	115	42	-
36226bbe-e435-479b-8e76-65c8add08879	1099	1476	115	42	18
c07ac0c6-be87-4064-b234-1f7ded9d242c	1099	1476	115	42	.
1ff55277-4428-4b0a-8d82-22ccb84eb083	751	1511	147	98	Murer
1b2d6c96-b303-41e2-a0ff-399714ae2093	910	1511	257	98	mine
2ad539d5-1be3-489e-959b-22ea38b682af	1180	1511	159	98	destroyed
6c9c03f1-1819-4c51-80e2-dcdd5b870788	1351	1511	49	98	is
45106d93-a3ac-4365-86ac-2cc3ea5f72a2	776	1603	62	32	32
80ec147f-2a6c-4649-b6ec-33537b657387	776	1603	62	32	;
407d0db3-5d79-4ca3-a018-f11c7ec3cb5b	842	1603	50	31	by
17fbd099-c3d8-40d4-8949-4afcc930df33	896	1603	182	31	degenerate
52cfe2fd-d9e4-476d-bc1a-6231c6a4f8d4	1082	1603	159	31	Nephites
b57a96b3-e7f0-4f59-92f6-22adbaa906af	1082	1603	159	31	,
3d3801d1-5e9b-4045-9fa3-8cf130788a46	1245	1603	112	32	518
d1c87945-3464-41e8-a4d2-0bac8cde7403	1245	1603	112	32	-
9bfdc2d2-b89a-4226-8b99-aa916783eb9b	1245	1603	112	32	10
9975360b-2406-4372-9d2f-b3f92ebe6b16	1245	1603	112	32	.
6ac4e6fe-5f0e-4efe-b329-f2054f02f815	754	1660	128	41	Nahom
2ec42e4d-ad2f-40d3-89f4-a36d53c18c0d	754	1660	128	41	,
34ec3412-2e4b-4b04-a4ef-2c79af805a5c	887	1660	31	41	a
ca5e739f-2f39-4e65-afe3-5c54a5857a94	923	1660	97	41	place
410a9326-c074-4f24-b25e-be47fd223403	1026	1660	46	41	in
d9ad99db-3719-494b-adca-384eba2ffe7e	1077	1660	128	41	Arabia
61065426-130e-447a-81b6-09a9b6768a66	1077	1660	128	41	,
15267894-fca3-40a0-ab14-6ce03a179761	1210	1660	191	41	burial
4fde39b3-3651-49cb-8dee-d625a553310c	1210	1660	191	41	-
3937ec00-c1ae-4fdf-b0e6-cd394520b02d	1210	1660	191	41	place
6518a859-fb94-4df5-8ef3-48c72d1fc9f5	779	1691	43	38	of
8fa7fcf2-d339-4d62-b78f-cc3929eb49ea	827	1691	147	38	Ishmael
c39425df-ecc3-4554-a1a8-c3b602ecc7f0	827	1691	147	38	,
5380db3b-1372-4e44-a63b-2b879680c9f0	979	1691	97	38	33
28170cd3-c862-4acc-b6f5-b73a9f3dd3bd	979	1691	97	38	-
5fbd36d8-a14b-4f7f-861d-7d7630a997a7	979	1691	97	38	34
0791d2ce-9fb9-427f-95a5-b4b8cdd612cb	979	1691	97	38	.
375bc5c8-7347-44d4-b446-df1892b80afd	754	1724	104	38	Nails
bba3a66a-3356-45a7-b768-9d16001a2ead	754	1724	104	38	,
9292ce46-f608-4ab0-8ea4-34bc41d314a4	862	1723	109	38	prints
0dc4cf56-be07-49b0-b2cc-3e71b21c953b	974	1722	46	37	of
7a5239fa-1925-4c25-a13f-a16a0a7a9dbc	1024	1721	50	37	in
a1759489-545f-4361-9d79-381f19d46f7f	1078	1719	145	38	Savior's
49e851d5-08c5-4780-bdbc-44250c76ddda	1226	1718	109	38	hands
65d284ea-c214-4789-8d11-ce290158b406	1339	1717	63	37	and
d5be4e21-6b1f-488a-a6b3-da957f547213	779	1753	79	39	feet
57b31716-d2fd-4a3a-ab1a-5f21b96e2e28	779	1753	79	38	,
d63e21c2-c297-48c0-b43c-6e39f1abca1c	862	1754	119	40	421
06feb6c5-3e02-4986-9e7b-21b42a8865fe	862	1754	119	40	-
ad649c47-1514-46ba-82e3-96b32d868597	862	1754	119	40	14
8ea76d5f-2fdf-4ebc-8d67-ab996e8128b7	862	1754	119	40	.
d31f827b-ab4e-48c2-bee4-77a228ab9a89	1265	1789	97	26	pass
7e8da23e-61bc-4d46-b79d-91b00425a8ca	1365	1788	36	26	or
cad1362b-19e3-4d43-aa3e-917f64c91fe4	754	1783	164	69	Nanse
a217e1b9-feee-4dea-9123-e992f400dbf7	754	1783	164	69	.
d41c3175-5242-4343-a99f-bc1dbf253bd1	927	1783	60	69	s
151113f4-7432-4538-9974-bfb2ef4620e1	996	1783	52	69	34
202d1994-e561-4101-9379-9e2c66533581	996	1783	52	69	,
1cf78c9e-3a57-46c1-b062-1cde4504c481	1056	1783	104	69	328
eb37d696-be50-4571-abfc-680cc15a1c16	1056	1783	104	69	,
6af379e2-4bd8-4c34-851c-aa26aa03627f	1168	1783	129	69	46329
a85b4941-4ae1-4281-8b79-cb51d0e1ec0e	1168	1783	129	69	.
e0f988e6-23a9-46d1-8786-b6b84f8ce70c	1306	1783	98	69	407.5
476d6bfe-8d04-486d-bf58-e510a24e5e7b	1306	1783	98	69	.
5489fbc8-28b8-4270-8f12-692b7940ce5a	779	1817	149	35	passage
2b5142be-ac05-4bbe-8f89-a53e1efc685e	779	1817	149	35	,
ca2fe4e4-4f8d-40b6-b322-0b57dc057b1f	932	1817	125	35	323
0e7902d0-0bbb-42a3-93dd-2208e08e1466	932	1817	125	35	-
83d29c0c-a3ee-4cff-81c7-958ecf856432	932	1817	125	35	34
c588ec74-133e-4937-9b69-125c16f4af1b	932	1817	125	35	,
85c4ca51-65f8-4d12-86e5-7b056e7a0f20	757	1846	123	38	Nature
2ad09240-fb5f-4f43-9552-2364db63904e	757	1846	123	38	,
64d747e9-1a64-4129-b19b-14c9a341a637	885	1846	62	38	the
bf8eba7d-1ffa-4855-8edb-c0d392aeac48	952	1846	67	38	God
6a4f09e7-e7ee-48a8-a6f9-4724d7cc85a9	1023	1846	47	38	of
e872e07c-caec-4b97-8aae-a59156cdcd1d	1023	1846	47	38	,
6b8f9127-24bd-4b2e-a935-682a1857bb03	1075	1846	123	38	suffers
bc6978f5-5958-41a1-8912-4c689ced9ed1	1075	1846	123	38	,
1eeb5c56-3fbb-4184-a7f4-2542721b2982	1203	1846	99	38	42.12
74f3ceff-cd59-4e54-a718-b4dc25fc07bd	1204	1846	99	38	.
0fcb4072-820a-42c3-8690-5dd3472c3256	754	1877	159	41	Nazareth
52b8fe8b-159a-43b5-9712-97834af319fa	754	1877	159	41	,
d02c4f04-8b13-4560-bcd5-44e8eadf00bc	918	1877	67	41	city
0267aab0-2ffd-414d-bec4-3e930e4d6235	990	1877	46	41	of
eb1a628a-3a34-4fbd-b79a-3b7f2b5c32dd	990	1877	46	41	,
66e9f9ed-003d-42bb-8b72-fcdedeaa3c98	1041	1877	77	41	seen
2c445419-e113-4902-90d7-e9706890d0c4	1123	1877	36	41	in
9466f1c0-4855-4f8d-bec1-3e0a50792ccd	1164	1877	123	41	Nephi's
e6ad73ae-4caa-4e8d-9db6-eb7cd49ea7e1	1292	1877	112	41	vision
12ecef1a-25ef-4cce-bdbb-1c388cc15a75	1292	1877	112	41	,
7cc2d87f-f422-478a-8780-134bf2795d41	782	1911	95	33	18
2f336588-28a8-42ea-91dd-b81b70a102ea	782	1911	95	33	-
0dbaefeb-9b10-402d-bcc9-c33ad716200f	782	1911	95	33	13
b808efee-2a3c-471b-a787-ee0be2f4f709	782	1911	95	33	.
52ca697b-ed2b-4260-9eb0-2b5f3733e997	760	1941	92	38	Neas
1a5f0530-444c-4d34-aa9a-b02283f81164	760	1941	92	38	,
3581d960-aaf2-47d9-8513-6772307215f4	857	1941	134	37	planted
f7f22dcd-ddec-455d-ae70-901bfd2b9275	857	1941	134	37	,
5ffce6de-3860-44cf-9799-cd63a192b80b	996	1941	99	38	152
e98eb001-5516-4afe-a212-e670ce6755ef	996	1941	99	38	-
187dba5f-54a1-4113-8107-8ad678d1b44a	996	1941	99	38	9
dc46073c-1195-4563-9981-48a29b88ac85	996	1941	99	38	.
d52a6be8-6366-4659-8987-becd3e519f4e	760	1978	81	30	Neck
89fa053b-7194-4277-9475-9adc3e209e3d	844	1977	35	28	of
6236d6c8-7a49-482d-9c80-d90adcf5b404	883	1976	84	29	land
dc392420-a351-4a24-9b68-b8617c5bd6a3	883	1976	84	29	,
f2394e0e-ac7b-4768-8e9c-e79e512999bd	970	1975	126	29	narrow
5fbcecdf-2a35-49f5-9f61-4471b3db6e19	970	1975	126	29	,
7f5311c6-20b4-4d12-b60d-7b05be709193	1100	1974	119	29	joining
c6206d1e-2693-4e32-b864-9db18ecbb2da	1222	1973	74	29	land
29c57694-1aa6-4ac9-b5ac-e789cc26bf13	1299	1972	99	30	north
10945ac0-9ff8-4392-8916-2fc9816211ba	1299	1972	99	29	.
5c1b13ee-1969-46a3-9962-1fa587c0fdf2	789	2004	84	28	ward
1fd01026-f481-4ea8-ba77-0cd373c9d4c4	876	2004	42	28	to
44c6be13-3d17-48b4-9a30-7ef86632c600	922	2004	80	28	land
92d26f73-cb9b-46c4-b448-b292823d532a	1006	2004	178	28	southward
b39abc79-6269-4a34-b78e-369734a54375	1006	2004	178	28	,
4d8dc7dc-63ba-452c-a2fe-aaac03535ffe	1188	2004	126	28	254
b5ec5204-4bde-48ce-a8a0-adc64a3573f7	1188	2004	126	28	-
67233281-756f-4fb0-8188-9372503705c6	1188	2004	126	28	32
903b11c9-c93a-4d0a-afa5-cf3893cac716	1188	2004	126	28	;
00e0f883-9292-4f01-8a85-8b24a96d5154	1317	2004	83	28	ships
