ID	X	Y	Width	Height	Text
518a3e50-b547-4676-af46-dd36c3a64058	69	63	73	38	564
0c171167-a3ed-40f6-a902-dfc49ffde382	75	132	119	61	_cause
f5df474d-4d92-4b14-a7df-11a720e5deab	201	132	30	59	of
d49acfed-0532-4980-a957-d32970ddbdb6	238	130	148	61	iniquity
75577949-a2f0-4deb-acbe-a56ab25dd048	238	130	148	61	,
48a12e46-221d-402f-b4db-94af8a03678a	393	128	119	61	96
7d3934d3-37ad-4201-9d73-cf1ca3201b39	393	128	119	61	-
5d23474a-a311-43fb-b225-a886018d4078	393	128	119	61	5
3b532497-4c7e-4104-9125-b1e859b08036	393	128	119	61	.;
84c2182b-510f-437c-99db-fbe85d381a99	518	126	134	61	covered
a6dea3a6-dc14-4cc5-b258-656f64248e3d	658	125	59	61	be
7881535b-c52a-4d94-8efb-c3688af2b56d	658	125	59	60	-
1baea09c-8df6-4c6f-84fd-34f9069038cd	101	154	97	32	cause
b3b77df6-1027-4f92-9145-4daa97b79b5a	202	154	41	32	of
1c9455dc-9456-4548-a56d-8150a922861d	79	187	162	30	Seezoram
69d20054-65f0-4768-81d6-e55d3c3be54d	79	187	162	30	,
747f81b3-c7ee-46e3-9a2b-dbfda54adc80	244	186	88	28	chief
a788832c-7033-4341-8097-ee41c1769587	335	184	105	29	judge
af424da1-13da-4e6c-a4be-138b0e08178d	335	184	105	29	,
ffdf7fd4-255a-4dbf-8330-2f1b9c53a22a	443	182	162	29	murdered
8af195df-d7a2-430a-bc65-2462714c3cd5	608	181	54	28	by
f53b547c-1a47-4b4f-a00d-97438c878dac	666	180	51	28	his
e277d123-950d-4684-8af7-0dd9a7b13fc7	101	215	136	32	brother
8272ffd7-e209-456f-a9a4-e1ac8d5bfad8	101	215	136	32	,
64362c3a-7022-4b1c-966e-b80611c8dbf3	230	211	123	32	382
09b9df91-419d-4424-9b3e-796b3f059ea2	230	211	123	32	-
0d5a5b60-1acd-4be9-aa9d-2a86206c01fa	230	211	123	32	23
3fcc70e4-f914-41bc-ada2-f16ffa6f477e	230	211	123	32	.
2b1b9ac7-0f17-40f6-b1ff-17d3f1e19c83	72	239	125	39	Senine
2142e1e0-957b-4487-ab6c-f262a09144c6	72	239	125	38	,
405b075c-9366-4e3d-ba44-3094a6f4712d	202	240	79	39	gold
16861741-eeca-4468-9f29-b5de955afca4	281	240	101	35	coin
eb20d770-79b2-49e0-976d-4c3ef97b729b	281	240	101	35	,
6a74ef0b-93c6-4b3b-be66-6114eecbf6a8	423	237	98	35	day's
4cfba2eb-410a-45fd-a321-58940294ddb5	525	237	98	34	wage
953ed4d5-570d-4b84-a6f8-6d77304a5881	627	237	59	34	for
36da38e1-4d7a-49e3-ab5d-94070694f3dc	691	237	25	35	a
4b49e289-86e4-4aaa-b20b-2e8057624bca	100	250	100	64	judge
ca614d71-6f91-4ad3-958b-2d47fe786d31	100	250	100	64	,
5cac85d6-6422-46a4-af6b-c2908af5954a	204	254	108	65	221
a9ee09a0-7978-46d4-9c1e-8eb3e8492ee2	204	254	108	65	-
332a04bb-3eec-4069-a22a-676c63239af4	204	254	108	65	3
eefeaed2-a4cc-45b6-a548-53dd6382468e	204	254	108	65	,
15a75ce0-9e76-4a10-b5b4-b439b973ecd8	317	259	100	64	223.5
6f823214-9af0-4666-b2e6-589d2ed6da9a	317	259	100	64	,
939bef4d-6813-4fcb-83c3-3aaaf68127e4	422	264	18	61	7
1ee69439-32cf-4abb-bb25-2f48af493d32	444	265	100	64	value
f0989603-af2d-40bc-ae48-b5b0617514db	549	270	55	62	of
947dd15b-56d4-4af0-afad-63c6dabbfde0	549	270	55	62	,
55c13954-b98d-47c1-bf1f-2af77937a675	609	272	112	65	221
a06e44b3-b9e7-43bb-877e-1b8845511e6b	609	272	112	65	-
d770d2a0-dfc6-44a1-bfca-9266dc48b704	609	272	112	65	3
7cdee580-dcec-49b3-be43-37302aedc84a	609	272	112	65	,
dce9cb14-170a-4270-a92a-3baa9a3d99c7	73	297	142	60	Senum
af31ebf8-eb5e-4d42-8969-3f5b0515b3f8	73	297	142	60	.
9efbb1d1-c6cf-4f4e-91b0-db22545b1625	205	293	125	39	silver
83c27880-c903-4694-86e3-a6dc2d1a8f0f	334	292	82	39	coin
677b4726-6961-4b5f-9b06-51015b84d70d	334	292	82	38	,
5f90b5bd-2fae-4754-9e44-4d597f68cf4b	76	357	164	28	Sepulchre
dbf02bea-1536-4e89-a4ee-e12dd98f6224	76	357	164	28	,
40481f97-5025-4f36-8816-5f9207dffae2	246	351	122	41	Christ
3774c2af-25c9-4822-a574-79e2b8a61f08	373	350	74	40	laid
709e528a-d59c-4386-9f5f-c6ca0c2cbc6a	451	349	54	40	in
8da4be42-eae6-44c5-8f4d-920ebb373fb1	509	348	44	40	a
4bd69ed0-e4f0-4028-b89a-2ac8d7bafea9	509	348	44	40	,
fa79ee25-e291-46ea-b710-474e7f7daaf1	558	347	64	40	for
8c398ab2-e7b7-4239-b313-6598fdeb77ca	626	346	90	41	three
22feae35-0e60-4963-a4db-2092bcb1024b	104	385	88	27	days
c14a562c-c388-4398-9519-39ca86e4ac62	104	385	88	27	,
1994a022-0c28-4631-bd27-7c685c89767c	195	383	96	27	90
4276a506-4684-4404-9336-00cb96fe202a	195	383	96	27	-
d7e0ad93-e6f5-41a2-9e89-5bef573823e4	195	383	96	27	13
7e81c1b7-09ba-468e-bd00-2e21b6c53126	195	383	96	27	.
0dc9d48e-bd38-4382-bfc8-456a92ae262f	66	411	139	61	Sermon
aee115c5-6d41-47ee-a816-adefa0a82763	66	411	139	61	,
74ce9c0b-0cdc-4855-93e6-f221159fe94d	211	409	74	59	4h9
09692d4f-d495-4530-8087-9c016c6046da	211	409	74	59	,
9ce2e7fa-d172-44af-a944-326d5697648f	290	408	52	59	on
db416d4e-71e7-42c2-8bda-b83e9d08b5c9	348	406	66	59	the
bb61e052-bbad-4b74-aa7b-1375878e1c5d	421	403	132	61	mount
42316ade-9bd1-4eb1-b2b2-e46ed2ba5827	421	403	132	61	,
2ec34d9c-afe0-4f85-92f3-dbb1086b3d0a	559	400	155	61	repeated
f7be6cbe-dcfb-4e59-a4d3-0c8315803019	559	400	155	61	,
a1380961-2f3b-4a6b-b8bf-b1df3d0d2c4d	73	464	136	35	Serpent
176fd430-a06d-418b-855a-1c68efcd6752	73	464	136	35	,
b0b9cea6-dc58-4e6b-b05a-a944970924fc	213	464	105	35	raised
8d6d3bb4-5582-4003-929d-c31ed841db0d	322	464	48	35	by
31a041a1-7c67-48b3-a085-bcd6fc011923	375	464	118	35	Moses
00e3cf12-7317-4ac1-a171-09d497e78654	375	464	118	35	,
f2a98b0b-4003-42d1-a5a8-359ec330c35e	497	464	101	35	91
04d93ddf-89b7-4e94-b8ca-13bfa8541ec3	497	464	101	35	-
1160a81d-e83b-4b3e-a930-0016d81f78c6	497	464	101	35	20
a7a64b86-61f5-4f48-b5e9-1e94008f7d1d	497	464	101	35	,
cc478148-5869-44c7-875e-ef89086f9ec0	602	464	114	35	379
9e7587d0-7392-4ad8-9c0c-38aa3fd4576d	602	464	114	35	-
956b6662-5b3e-4104-b11f-f665aaf48982	602	464	114	35	14
486b2cda-90c0-451b-93a4-65ad89513ff2	602	464	114	35	.
adc3a080-1310-4f17-ac9b-d7211bccdc8c	104	499	61	22	See
b3277520-0213-4afe-ab61-723b015c2e35	167	499	77	22	also
808cd9ea-3246-41aa-9a8e-9b7350191e95	247	498	97	22	Devil
1f662c02-eae9-4fc7-8c43-d6f10fc25e3f	247	498	97	22	.
48bfe6cf-c589-45f4-84a3-3e1d15ba5129	73	518	150	60	Serpents
e10a588d-bdc1-4600-af07-75ae9713d329	73	518	150	60	,
b0d57c2e-762f-45a2-8d14-bc975bc59eca	230	518	82	60	fero
98259fa9-c35a-4464-93ec-5b5bc0a5acbb	320	518	112	60	dying
f6721b53-4b40-419f-a00e-9d01cad2a09e	320	518	112	60	,
9b57c80c-be4a-463f-bbf5-bc16334faab7	440	518	172	60	assure
09dd5877-190e-43bf-a133-7dffe10c2cde	440	518	172	60	,
235da40d-74d3-4359-b0c5-4518bcec9da6	620	518	22	60	3
ba0eeae8-7e5c-4127-b797-59c43b7921d2	650	518	66	60	Ale
5ded7d8b-07fc-4073-ad62-66c74f12696a	221	551	171	37	poisonous
06f58f20-23d4-4dc1-be44-a49c154b8051	221	551	171	37	,
d277f528-ab20-4b09-8b6a-ee2418376910	454	552	129	32	scourge
ec83b0b8-3432-4b66-b54b-9e32a4e48cf2	98	574	159	41	Jaredítes
e3a5a992-12a7-4e64-8b11-7eaf46af5f7e	98	574	159	41	,
5a8cfd66-6813-4a51-a5c4-e0fa8778ab42	262	575	118	41	495
214e22ea-7bfa-4af5-9e75-ef3d0a955bd1	262	575	118	41	-
5ccfe647-4fcd-4bf7-947e-ccbaee7d930e	262	575	118	41	31
dd46c1d0-c74d-46b8-9836-f123fc0b599c	262	575	118	41	;
86eacbfa-e27e-4af4-8989-b6989ebd953e	385	574	164	41	destroyed
b82d8ccf-48c8-4d82-a300-4a4c845c77c9	558	574	120	36	497
535be53e-e7f2-4722-acab-b974dad1411f	558	574	120	36	-
912f1720-8ce3-4ac0-90c9-6b72834ab0b1	558	574	120	36	19
4812691e-9447-4a6e-8fae-3a8cfbe54d43	558	574	120	36	.
30741617-2f86-4aaf-80d5-d04f20549669	72	605	136	35	Servant
a9d02e77-60dc-4fb2-b537-2ccc2753ccf3	72	605	136	35	,
8fe3849b-d40a-426d-8686-24e3ff4eb5b8	213	605	38	34	of
b58e55ea-2cd7-441d-a035-61c05355d56b	255	605	111	34	Laban
746810e8-1472-47da-b42e-8998cd7e42fb	255	605	111	34	,
32ee78bc-2759-4133-8be1-0e4453686551	370	606	115	34	Zoram
eff6f44d-69a6-45cd-8ca0-df656dda6320	370	606	115	34	,
ef627812-8c0a-4721-841b-dc22d06a98a7	489	606	89	34	8
09d498d4-a660-4558-9f19-4be9794864fc	489	606	89	34	-
c88b524f-8581-46d3-990b-50b3f69589c8	489	606	89	34	20
106b5a21-b1a4-4e5d-b3c7-3cf958a9476e	489	606	89	34	;
d86d4861-23dd-492c-bfc7-70d9e61d6631	582	607	134	35	Ammon
8d4cd557-f68f-445d-b54a-7e3659f23f9a	582	607	134	35	,
b9f42c29-bd6d-4efb-bb60-39f5fcf8f3c0	101	637	31	32	a
589d80c6-ab1d-444d-bda9-3e578cda8ea6	101	637	31	32	,
ce0b188f-42db-4a26-a965-2ed89719fd1f	136	638	39	31	to
f015fbfa-74da-48ba-b6ae-855c44b57cee	179	638	81	31	king
bbfb2a0a-fe9e-40d8-bc80-b7d16215d1b0	264	638	128	31	Lamoni
7ca31d98-8942-4fc1-a32c-5e082512cd8f	264	638	128	31	,
a51b09e9-674e-407e-b319-1dc313d4518c	396	638	120	31	239
6ebb770e-4852-44e1-be4f-753767e48356	396	638	120	31	-
54440e43-9648-4318-a8b2-5288acd4b3a8	396	638	120	31	25
ca25f8f9-12e2-4818-9757-ecfc552942c9	396	638	120	31	;
73610e3f-1a11-4fb4-963c-3c0fda6956c4	520	638	39	31	of
c03e1062-f9dd-4247-bc5e-546fb48c5513	562	637	154	32	Teancum
d4480be4-44ac-45af-85fc-d9f123111c5b	562	637	154	32	,
b51e0aab-6899-4fe1-bfc5-89afd5901d1f	101	663	119	38	327
5ad70ee9-52b8-4186-8f16-3cf5ff1821cb	101	663	119	38	-
8925f8b8-1295-4e73-9d80-ec4f7b4cd213	101	663	119	38	33
57e3d591-56ce-415e-81b4-2b9b0f07455e	101	663	119	38	;
219aa804-fbad-4b03-b7fd-ab4218317f86	225	663	43	38	of
b2b03852-b9d7-4081-8cc7-d64d18886773	272	663	62	38	the
d54f20d5-afe3-45f3-85bb-ae5f306aea8c	339	663	95	38	devil
5d260571-a669-4320-96fa-6b658d7d182b	339	663	95	38	,
5b95620d-bead-4a2b-a966-1ff1ee831faf	438	663	117	38	512
ec7d1306-c272-4f72-becb-ab95102a03cb	438	663	117	38	-
1f4461ca-ab4b-413c-934e-755e7e93954d	438	663	117	38	11
2e86dfa5-15bc-4f42-b2ef-599cfbbe4bfa	438	663	117	38	.
17e3ff2d-3a25-446a-b0c4-20db1cab4b2f	69	691	153	35	Servants
7a21a2fb-5f76-4047-8558-0db3141a18b4	69	691	153	35	,
affffe51-d01e-42cb-bf40-5d780dfccef4	227	691	201	35	unprofitable
d6b0c27f-96b4-43d7-bd84-5415bea1dbd2	227	691	201	35	,
cf7a48ee-e80b-43c7-918e-ba63f0c8e0f4	432	691	118	35	137
995ee188-492b-46ee-b89c-8fb47d295b12	432	691	118	35	-
3e7362d4-7bc9-4ebd-9351-31eea289526e	432	691	118	35	21
a51eb358-3365-4794-9080-2cfed30945d4	432	691	118	35	;
a2e60b4c-3a5e-4e6a-96a6-a195d0ff0c0f	555	691	39	35	of
1fb72be1-4416-445c-b303-0d9bd0270b7c	598	691	118	35	Lamoni
13201611-a7a9-4bc1-9fe9-cbf73f178909	73	716	83	66	Seth
352e8100-642b-41f1-80cf-7930c31dada5	73	716	83	66	,
93fc1b2e-527b-4079-92a8-f36946d10e56	164	717	82	66	teal
8f4102b5-0e64-4cad-93cc-29a6069d5b5f	254	717	83	66	edite
d59c4767-4da2-420f-aed1-72ece2e66b79	254	717	83	66	,
348da4bc-0cf4-401a-8377-5c2249490a80	345	717	66	66	man
0fb8ecc4-785e-46ed-a56f-1833ac70d2b3	420	717	33	66	it
992f9be8-3efd-422c-8ee6-8caa5a6dcacc	461	717	132	66	shilon
4e7b5eed-7255-4407-ba32-dc1aec7cb06c	461	717	132	66	,
5df758ee-27ba-4a39-863b-524c2878fc17	601	716	118	66	479
ab18ee86-bf3a-49c5-ac8a-94e851624b59	601	716	118	66	-
6f8f7022-a869-4cfc-a822-d7ae44a4cda0	601	716	118	66	11
15c5541f-b941-48ad-a44e-3bf43519d83c	601	716	118	66	;
5f74c9bd-0342-4a3a-a4af-759e5f566bf1	101	779	130	33	brought
47690856-d727-4b33-af61-b512ef24f7b8	237	776	85	35	into
6a0de83a-7890-4997-96a8-70e2e9e13266	326	777	162	34	captivity
a2d65d79-aa98-4929-be3c-19ad9c7aeeaa	326	777	162	34	,
defbc845-0e26-4872-a432-a8396507d985	492	776	101	35	499
7a293f5a-ab83-4cee-a9f2-ca2487ebb232	492	776	101	35	-
59a1b0e4-c402-4f2c-84e1-0f5505a12656	492	776	101	35	9
4ad62ab1-9b92-45c5-ab7d-5da0a98a9802	492	776	101	35	.
8140a433-cc25-45ca-8144-9590ec8883e8	76	805	116	32	Shame
df08582a-a37f-4ca8-806e-b6540883e357	76	805	116	32	,
2a62a476-fba7-4a31-a4a7-d2844fb0b277	196	805	48	32	of
2bb92de9-046f-436b-9c2a-04e2e6ae126f	248	805	124	32	sinners
7f01a8be-6b93-4f27-b89b-066e70a34d49	376	805	52	32	on
322d1bcd-e727-4c71-a4eb-8145e420b51f	432	805	68	32	day
3e239ac8-4e4a-45c8-b1fb-6b17cff9e9a0	504	805	44	32	of
e4589079-50ef-454f-b835-444810b41005	552	805	167	32	judgment
428d43be-6480-40c0-a634-70e500c060a3	552	805	167	32	,
1768c46d-08b3-4b8b-86b9-aa133240e4f7	101	835	120	33	225
1fbcae58-273d-4e00-90ea-18842f04a0f5	101	835	120	33	•
ff1105f4-4811-4404-8842-56a9368e03b7	101	835	120	33	15
c32da4c1-239a-427e-99fc-84b9949f85b7	101	835	120	33	;
cdd4a53a-8b50-4529-9df2-2b19c0706239	225	835	48	32	to
e3a89397-a412-4fc9-bed3-d6c78c2892ec	277	835	48	32	be
c1acdbee-40bd-47be-8f82-aabfb1869da2	329	833	164	33	forgotten
966143d2-6802-4494-bb9f-374a9b0556c3	329	833	164	33	,
4f94657e-0ae3-4a60-80e9-8d31e000c373	497	833	100	33	444.4
7d39f3fd-a6fa-4dc0-a540-b3c075e41a39	497	833	100	33	.
c3aaba57-aa15-42f0-afc2-15c07b8b0159	69	858	128	38	Shared
48502c44-bb91-4c8a-8e01-f1d63fd8b481	69	858	128	38	,
1d0c0238-7a73-48d4-95cc-3eb542e3fd5e	202	859	28	38	a
e29221ad-9de2-45ce-8aee-354d118fa36d	235	859	143	38	Jaredite
42ed4eed-ce3d-46b3-b2e4-84982c201ac9	235	859	143	38	,
22bd316a-6ddc-402d-8b2a-86bb071c39ad	383	859	119	38	battles
9b2455fa-df49-4a36-abb2-7ad8fa680c70	506	859	85	38	with
9d3979a5-063b-4e60-8d4b-9d3daba1bed7	596	858	120	38	Corian
c1d06d43-f67b-4e33-a670-895c33f00acf	596	858	120	38	-
260bee77-dafb-424b-ae0e-c7d8ccae605c	98	890	95	38	tumr
ea6aaa12-d183-438d-afb1-666fab22800a	98	890	95	38	,
e8278c25-09ec-4814-8908-6517b912909b	198	890	124	38	505
baed56fa-ba03-46ed-ab31-66021901f7f8	198	890	124	38	-
77a281d0-639d-4a8e-9e5f-4822374cd787	198	890	124	38	23
3b882c75-fc99-496c-a674-e5eb0a758918	198	890	124	38	;
f19d32bf-1247-4d86-b788-ad8f03c091c2	326	890	84	38	slain
17047dc8-4d26-413b-a0e7-f5cae39acb74	73	918	91	66	Shaze
c7f96fc1-3370-40da-b1f9-77de0dcb7a67	172	918	96	66	3315
affcdc81-4759-427d-bfb6-9c033ded8252	172	918	96	66	.
e533dfba-accd-470b-b041-800733746f97	230	890	141	63	camping
35710839-0856-4b17-9125-bb0d66389869	380	890	79	63	place
4f4ab006-037a-42b0-bee4-d0d13a08147d	466	890	63	63	10
cfa1f834-41df-44f7-baaa-fa4e3739988d	466	890	63	63	%
5e18568d-ac53-43ec-ba3c-1b33ae6a6fe3	537	890	94	63	Ichi's
5b74b819-a19e-4305-bb54-14c9d3ceef33	639	890	77	63	peo
42187dfc-5ce5-4626-b1f2-539be56504bd	639	890	77	63	-
c6175ccc-3680-4c03-9bf9-a40b682041d6	69	977	146	37	Sheaves
efa4ed90-cf1b-4f0c-a21d-a25318e910f9	69	977	146	37	,
15694538-8b57-475d-ab2c-5b55235d6722	217	974	182	36	symbolical
2870eb3c-0fcb-4714-9a2e-bb14e48b8bfa	403	974	42	34	of
a39832c6-39ec-4079-b670-89fe48516d11	448	972	120	35	reward
3648a3f4-47fd-4e15-9cb2-b0e3d695a8e2	572	971	46	34	of
29ebff45-f920-45d9-9f32-3b0e866d9679	621	969	86	35	labor
ed97e901-c0d8-4e14-a2c7-4490fb9a8ad7	100	1006	99	44	261
fc8b27d5-52a9-48c0-b79c-074a3f69bbc4	100	1006	99	44	-
5f96e9c4-faa9-48bb-8231-75f56560fe8b	100	1006	99	44	5
e8bfc564-c7f3-4168-98af-76aedaabba90	100	1006	99	44	;
95e2a8a3-b2bd-4e48-98cb-63057681190c	203	1004	58	43	the
529e669f-bd54-4b90-ad86-bc339098c83d	264	1001	109	44	Lord's
6957dbbf-ad6b-4c94-acf0-131ad0907832	377	997	104	44	people
2ca4c47e-d0ae-41d2-9852-fa404610ef03	484	996	37	42	to
971d9d9b-b1b8-4be8-943b-c004d623ed9e	525	995	42	42	be
da2d6267-4d52-474d-ba44-ad79755cc8c1	571	990	146	45	gathered
3f120093-9e85-494e-a72d-6cc68900c52e	101	1037	51	30	as
aaa9f287-6666-40a2-8c40-ee8a8ae2934d	101	1037	51	30	,
4b90272b-6310-4685-91d2-8daa943d0dbb	155	1037	116	30	440
72e684a1-f5ee-4f64-a302-21fe37bb2f6e	155	1037	116	30	•
4bdc1b02-bac8-4f2a-b745-0bde1e324355	155	1037	116	30	18
0de336e2-ab32-4f7d-8e92-f58450505622	155	1037	116	30	.
a34dd7ac-575b-4a07-9c15-e0b8bc96e321	68	1061	117	39	Sheep
9513fa38-f014-42be-895d-422c474c1e8d	68	1061	117	39	,
0f18bb8a-2b7b-4375-9316-7d78166c1a77	101	1088	119	38	396
6268d97c-3ef5-4e4a-bad0-64bc12a4d1bf	101	1088	119	38	-
8b5d111a-18f7-4327-9abd-bf67b0ed6294	101	1088	119	38	13
16f2d559-201b-44c9-8d13-bfd9d0221b37	101	1088	119	38	;
5c787022-9fca-45d7-af2e-0c1517dab124	225	1088	195	38	disobedient
9e11d257-a6a4-483a-922a-0385efb3c34d	98	1117	56	38	38
42e1327b-c23d-4bb1-b29d-004bd2173526	98	1117	56	38	;
074a0722-5da4-4a06-8dd6-22d3e484a795	158	1117	37	37	of
ed519ec8-9498-4d5d-b0d3-bdb0fe7a5f8a	200	1117	93	37	other
a75268fc-f9d9-483b-977d-9db5f025db80	297	1117	93	37	folds
a21c5afa-c95b-4a00-ab38-193c9c2b68e9	297	1117	93	37	,
a913f3a5-7d98-4a80-97c8-dbc4f327911a	394	1117	42	37	of
97d0ed69-4535-40e0-9291-68c4cfac364f	440	1117	116	37	Christ
eebb3b53-9c44-4bc1-bea1-077b4f7e5e64	440	1117	116	37	,
5fecdfe8-1dc0-4a07-98b8-90a3adf634b8	561	1117	116	37	430
c349bf51-1204-4002-ab0a-3426221857b2	561	1117	116	37	-
986abecd-a46c-4e40-8319-e632ae5c8d0e	561	1117	116	37	17
71633f30-454a-4cfa-bd78-b1dfcd261f85	561	1117	116	37	,
10ff7271-5aef-48b8-bec1-ab3ee1f288a6	681	1117	32	38	1
ab4dd467-a504-4b58-ae59-89ebd491fe8b	681	1117	32	38	.
b4557e7d-a8ed-40de-b0b4-7fec8aedf5ca	69	1150	139	32	Shelem
acf49489-7ad6-4cf7-9536-0d3bf434d6e3	69	1150	139	32	,
291ca714-02f3-447e-9faa-6e3f52d11e98	211	1150	23	31	a
c10531b4-d688-4352-ad4a-abec5ff741ca	243	1150	127	28	mount
45048966-43f2-47c8-b600-79fd26a9ac07	243	1150	127	28	,
8f4f3804-2a2f-4ea1-8a11-9af9d26312bc	385	1145	98	28	place
4ab6c7a0-e5e8-4c0b-a7e3-246805942919	486	1145	45	28	of
0de0c97c-8d5c-488e-8cc1-c5a60057cbc1	535	1145	58	28	the
08fe8435-c3a5-43e0-bae4-b40e7d218cd8	602	1141	111	30	Lord's
778cf501-aeae-4093-a4b8-2a01aab0e9a0	98	1170	220	32	manifestation
198e2918-b697-4dd1-88e3-4db3d1942b56	322	1170	44	32	to
08d80e04-3f02-4bc7-a470-c3f99f57a50b	370	1170	64	32	the
aa8bb884-b9e8-454b-bcea-041881a697d8	438	1170	128	32	brother
262fa542-2911-4e11-8c50-55713acc2d87	570	1170	40	32	of
44318cc9-4a4d-4a75-a586-a1b0163eeaa0	614	1170	102	32	Jared
27c9a2a9-59a8-4884-a08a-08e95777ee98	614	1170	102	32	,
9e749e3d-269b-4c9b-9c77-a4c000073e45	97	1204	95	34	482
664974db-1a35-4c49-b61a-6a01c0c62414	97	1204	95	34	-
d0132e7b-7cee-45ba-80f7-4d2c3d154346	97	1204	95	34	1
68a99d04-5506-40a2-9965-44013490f4cd	97	1204	95	34	.
378ac270-cf39-45e5-ba1a-9d241f475e9c	69	1230	104	38	Shem
f856bbc9-b6aa-4f45-a885-a44195e3dabc	69	1230	104	38	,
8bf2ceb1-74c5-4542-87e8-ec31cf6c5a08	178	1230	76	38	land
3cba6d9b-f2f2-402b-88ca-88cd984d40d1	259	1230	48	38	of
d19f2609-9249-4f0f-aed5-803a5d637440	259	1230	48	38	,
05fea667-95bf-47a0-bac9-02a511aaacce	311	1230	115	38	463
7880e536-bc64-4bdb-8cf0-367259be232c	311	1230	115	38	-
59b9b688-efd9-4808-8a50-f84088f88010	311	1230	115	38	20
0d6d8698-cb8d-46c4-bf38-41872eddf829	311	1230	115	38	.
b2ca9a24-1fd7-4275-86b6-c6b6978637f7	68	1261	105	37	Shem
702fd972-49a8-4bfd-9c8f-523120b5e884	68	1261	105	37	,
4d097b5d-9972-4138-8e85-47f3e93b07f6	196	1269	41	19	a
67a22af1-9ed0-42f8-9cf6-cc3d2d9d5af1	233	1259	136	32	Nephite
751d6bee-9cf7-41cc-a4c8-10a27bfe050d	394	1255	171	38	chieftain
9843a399-5ba4-4865-8e63-6b3862b51872	394	1255	171	38	,
6dee6c62-d2e4-4bfd-a1e3-14b6114f9294	570	1255	100	38	slain
a18c1bcf-cc4c-429a-a4e9-d5ff89b9f8ef	674	1255	39	38	at
31dfd59e-aae6-4fd4-9d3d-e737507d2679	101	1293	156	26	Cumorah
a91cecd4-c69a-40a7-ad52-a3efc7ea0ca3	101	1293	156	26	,
bfa914d3-de15-4719-adde-37f3e82f97f0	260	1293	115	26	470
e8fb3f22-9eb5-4701-a65e-107e1fe0801a	260	1293	115	26	-
327f8ea1-5e51-4578-82d9-54fd4ec26216	260	1293	115	26	14
8befdec8-eeac-4c32-ab8c-f78706bfe582	260	1293	115	26	.
70925334-db9e-4bcb-b0d1-90799355eebf	73	1312	149	70	Shemlon
6aac78f9-ab90-47bc-89a3-3f396cbed4c0	73	1312	149	70	,
887bf36e-ff1c-444d-9fdc-805e3ea894f4	231	1312	70	70	and
315d341b-274b-4475-b925-70150c5cd948	309	1312	44	70	of
c9bc7352-5787-424d-961e-e8314b2efa14	362	1312	61	70	14
1e4d159b-f091-49c4-b92c-b1af71112616	432	1312	123	70	7Wd
6a0cb6f8-409b-455b-beea-fab735630277	563	1312	153	70	disciples
c098b40b-b64c-4569-88ab-ad7cbf117d8c	563	1312	153	70	,
c69649ea-4da0-43b8-acb1-0b6b38f3eef4	69	1401	161	38	Shepherd
744f81d3-22c7-4b0a-9c9e-21f6185c32af	69	1401	161	38	,
449e655d-da6c-4bbb-a8f6-7dbc11fca0f1	235	1401	71	38	one
48722981-b3ca-40f3-aad2-d37bd729b29d	311	1401	71	38	God
4120b085-26e1-4bd3-aded-363f2f772da9	387	1401	71	38	and
0c9f6eab-335f-4d9e-be39-d577b0c5c8ee	463	1401	76	38	one
fc47a200-c72f-4637-9d0d-eec39ac91774	463	1401	76	38	,
170350de-05f8-43d4-ab9b-11261b785b0d	544	1401	105	38	25
7d53143a-e79f-449c-a198-2c8621dc1b26	544	1401	105	38	-
9452909d-88c4-47f7-bcd7-d39acf5c7ade	544	1401	105	38	41
044a8491-f318-44e7-be06-e505fa839d58	544	1401	105	38	;
9b19d682-98ab-444b-a76c-e0258420ca25	653	1401	60	38	one
4848231e-6776-4830-8fe6-869c8b44d42d	98	1426	66	66	had
361463ee-97f9-40f5-ae7f-f348cbe69b38	172	1426	107	66	ago
5f123ea1-911e-43a3-8d13-b23e74551518	172	1426	107	66	,
fb412b9a-c950-408b-a974-14c4c7725358	288	1426	124	66	207
5ea36ca0-c3be-4ab2-ba90-3319e08f56f5	288	1426	124	66	-
64b61226-e01e-4039-9d11-436be0034390	288	1426	124	66	375
20ab80c3-7f6f-45f7-be6d-c2ec4135e194	420	1426	124	66	christ
3e666406-f3e2-44aa-abce-e6bbe417b5a0	420	1426	124	66	,
74425db6-9848-4546-8a96-052ac9e44432	552	1426	58	66	is
8dceb3e3-feb0-4414-b130-8874f1a4eb9d	618	1426	95	66	shoe
0b5d43ce-a2b6-4a17-9814-deaa931782ea	618	1426	95	66	,
7d53334b-7323-4b8e-a113-f6fd7a891150	101	1489	114	38	207
32e30d2c-8dcf-4f79-a637-c31143eb2c7a	101	1489	114	38	-
11010798-7753-43ae-b59a-9883be9f8269	101	1489	114	38	38
d82a0933-8a9d-40c2-958d-4c106fd3a1ba	101	1489	114	38	,
2ff878c9-9a8c-491f-a541-c6fdf3cef460	220	1489	57	38	39
2f3495fa-6c68-4b24-8a23-9943eb403345	220	1489	57	38	,
97d856fb-976e-4eb3-a53d-291f7bae3ba0	282	1489	122	38	208
26d20c6f-84a2-4791-90d5-3ec40f31bbe6	282	1489	122	38	-
624487d0-858a-4a99-8ff7-c183d5127cc5	282	1489	122	38	41
c04b23e0-b567-402d-b6a7-3d58f6972ee0	282	1489	122	38	,
9156e1f6-2789-4d84-a705-8f408bea84a9	98	1518	62	32	the
06bda1de-ee3c-4e36-94b4-67a9fdbec0b9	164	1518	93	31	devil
7c084c20-4af0-47d7-a7e7-9cd09877288d	261	1518	39	31	a
70a65cb7-e3f1-483e-b084-8e597379faf8	261	1518	39	31	,
7131541d-e48b-47bb-8530-2cc268b10fc4	303	1518	116	32	207
c856cb96-ccf0-44de-b110-f4f0974f9ae0	303	1518	116	32	-
2e30f5f4-852d-4abb-8336-9f2335e4689b	303	1518	116	32	39
fd385540-9772-47a8-a25a-6c41c2ea10c3	303	1518	116	32	.
a2b71aae-2ae6-4cb8-bcff-33e8de60f6bd	402	1474	126	60	209
47d8763c-f623-4ce1-b695-b255f550ebea	402	1474	126	60	-
a4c3dcec-a135-4c8e-ae35-204adbb42fba	402	1474	126	60	57
3dd83b8c-4e3d-4a30-bf1d-72702e9344fb	402	1474	126	60	,
039b7615-5384-4dce-8b6b-23bc872cc449	530	1469	59	53	60
66168546-4998-4289-ab2c-836524745ff9	530	1469	59	53	,
ab7dda5b-d924-4b05-8945-62af0bf71135	591	1459	120	59	377.18
9229e4ce-a401-48dd-9499-825c0c30abfc	591	1459	120	58	:
47f8afe1-5f9c-4f90-a71b-5c35f08ffe57	69	1544	134	38	Sherem
a3bd6656-6899-4408-922f-90a93df5adc8	69	1544	134	38	,
3f7550f0-4a31-4c20-9f35-f9937e01e329	208	1543	111	38	denies
24a3fae1-38f0-43da-a2e3-626005a96179	324	1542	125	38	Christ
dda7705c-bfd6-415f-9085-79d447dbe682	324	1542	125	38	,
01ebefcd-1b87-4952-ad1f-a950c3f951fc	453	1541	111	38	123
7282984d-711f-46dd-acac-7270e74f817d	453	1541	111	38	-
ae9002d7-eb99-4c11-b873-873a2da05f8e	453	1541	111	38	1
8c0d34a0-1c81-471d-ae87-5e64410faad3	453	1541	111	38	;
04214776-0576-4271-b031-90964a047bc1	569	1540	145	38	demands
fe591595-b8df-4807-9351-20cc4014063c	129	1571	96	35	sign
95a1aaa3-b789-4df9-aafc-c7a3ef5420e2	129	1571	96	35	,
257fe2d4-1e7c-4223-a75a-e04a52bfde6b	230	1571	127	35	124
063f3f7c-f250-449d-9e2e-768c32fb79a8	230	1571	127	35	-
a7d86b04-903d-45ed-b5dc-c66096a889ef	230	1571	127	35	13
dfd16a04-dcab-48c9-893e-0edff8e43531	230	1571	127	35	;
420ddecd-247a-43c1-862e-8e8ca593214d	361	1571	44	35	is
808cd160-53e3-407f-8665-741727d59abf	409	1571	144	35	stricken
48e99db7-7124-40b4-958c-09a55154e287	558	1571	74	35	and
59f3f178-2891-400a-877e-028734424e59	636	1571	76	35	dies
2021891a-6a64-40d2-8f12-93e30d8f3d14	637	1571	76	35	,
70db8401-c219-4daa-b5d5-7fe869813399	98	1603	115	35	124
1329cff5-8ab5-49ca-bc66-25e23a5369dd	98	1603	115	35	•
ed2acc45-43e8-420c-92ec-d3dd2ff7a364	98	1603	115	35	15
93032509-1740-4353-9d30-00f3306e3448	98	1603	115	35	,
b3585074-c867-45af-9db2-6f484cc415f1	217	1603	58	35	20
b62bca7c-eca9-4eec-86b1-3421633636cb	217	1603	58	35	.
08fa8a44-9a48-44dc-ae57-42ac33955215	66	1628	82	66	Shey
cbbc7753-bf8e-479e-be63-b24aab859068	157	1628	25	66	a
56de03d9-6d0b-47bb-a7d3-f37982b305bd	190	1628	25	66	a
a5566d3b-477c-442b-bd51-39acd1ecf7ae	223	1628	107	66	reviet
08c90b97-7849-48d5-bc8b-f3677533f534	338	1628	50	66	on
9f66f800-32c5-491a-9456-becd022cd3fb	396	1628	239	66	fosd
fcae6484-1c33-4a15-ba60-a7f4fa084d9d	396	1628	239	66	-
242719dd-43f6-45df-882a-42aa9e52e4c1	396	1628	239	66	portrell
ed037bf8-a70b-4ce9-a4df-b28911ebbad2	396	1628	239	66	,
4ff0ba83-607b-40b8-b968-4c4adcc812d7	644	1628	69	66	479
29218bd7-f972-4d4a-9a63-9d264a72070b	644	1628	69	66	.
b5fcd6b4-fcd1-444d-8001-48f440824a14	101	1691	62	29	25
f8495aba-d901-47a5-a4d4-ba94f94bf021	101	1691	62	29	;
16b3e89d-f0fd-44a1-a671-c52edce673da	166	1691	146	29	attempts
07035eab-e6ec-4a78-8dae-ecc9eaa70f54	328	1688	56	28	to
15b31427-3d9d-46f8-bfb9-fbcb5928a851	387	1688	133	28	restore
097dd270-5210-46a9-a2f4-c492b7404fd8	524	1688	70	28	the
33d19d98-85d5-4647-9d21-d9fb5daeef3a	597	1688	115	28	broken
ec3fc3eb-57f4-4fc3-a7ca-b8eda16f6697	94	1720	114	37	nation
97d004d2-d47d-4df2-b82f-32b7d8169912	94	1720	114	37	,
8856bffa-c4b8-4e84-8546-728483845fc6	212	1719	105	36	496
af9e755f-5627-49cb-8c64-3688fe3e74d0	212	1719	105	36	-
829ac195-472b-4dac-9d8d-56da8f77c070	212	1719	105	36	1
692d7abe-40cb-4165-b5b5-34666c7c4c57	212	1719	105	36	;
b77fd735-cca3-4932-88c1-3b675e5ae926	322	1718	97	36	death
aecb09b2-902c-4383-8ea6-9aebed9757f0	422	1717	49	36	of
720e885b-4eb2-4cb7-9068-f9b7a308d432	422	1717	49	36	.
89dfb372-bec0-4802-81b3-13752f254c2d	475	1716	103	37	496
bcaafb0f-8b54-4dbd-8598-5e082d8d97d9	475	1716	103	36	-
c1ca4a94-744b-4f17-ac58-b392211d3c66	475	1716	103	36	4
a8766121-f699-49b2-b01c-eeb1054417f3	475	1716	103	36	.
4d91371d-27f4-4eae-87c7-409ca989212c	69	1747	142	37	Shiblom
9e67cb46-e88e-4667-946b-a67f04ba45ee	69	1747	142	37	,
42393284-06e0-4bbc-9049-32ec92449c68	218	1745	43	38	a
3f5b6fa5-e205-4102-b9cf-5a9e42d319a2	266	1745	138	38	Nephite
4825cf2b-197c-4f5a-94f2-79a99840c2ba	408	1745	162	38	chieftain
f8889533-ac92-4822-8a54-949282f7fc43	408	1745	162	38	,
888a742d-3104-4058-890d-dd36d1b18e41	574	1745	95	38	slain
7786eec9-a6e7-485d-9918-75520de115df	674	1745	39	38	at
16c11603-ba70-4c1a-a428-97c976893ce7	95	1776	162	35	Cumoah
5c5e4a21-4cd8-457a-ba20-261b4fae1f97	95	1776	162	35	,
cc770956-b6ce-4fa4-abb1-9b3276c5af63	261	1776	114	35	470
de87c19e-e450-4b3e-9604-67986d80c2a8	261	1776	114	35	-
cb4d3102-9173-46c8-a7d9-7625dd5096a8	261	1776	114	35	14
a02c76b4-3522-427f-aeba-8238a8176368	261	1776	114	35	.
8a6dfa50-45df-48ba-b3b5-08b47697e0eb	69	1805	122	35	Shiblon
aa35b163-46f8-456f-a2b1-b7f7b2e80105	196	1805	44	35	or
7832b2ab-dd8d-4407-837e-c7c88af12d54	244	1805	140	35	Shiblom
140c5e24-ceb5-42dc-b852-9492bc5da990	244	1805	140	35	,
d5f819ca-60f5-4f5e-ab9b-5f0309b040b6	388	1805	31	35	a
6353b612-8d43-4d22-9bab-c7161412dd0a	423	1805	131	35	Jaredite
381a4651-073e-4bc4-bd2a-970a63169248	559	1805	87	35	king
860292af-5e02-4234-934a-d42ee2cdf7fd	559	1805	87	35	,
4b2ffafa-b49d-42c7-a17b-19f83095c25e	651	1805	59	35	son
52afedea-b36c-4582-a617-b7fe99f39994	644	54	148	38	INDEX
33529c39-1335-40c5-a7d7-1bbdd5cc1817	773	120	118	41	charge
a8c39970-234e-4a8d-bfb5-9b94331a04d3	896	120	51	41	of
aece3cac-5208-44f3-b21f-4c84c6c170d6	952	120	72	41	the
aa5b657d-2495-4f2a-87a4-6f0ecf97ecaa	1029	120	118	41	sacred
b479bd42-94e5-4b9b-ba6a-199cbb1c6fab	1152	120	128	41	things
b29aba73-31aa-4517-8723-31b9108a9fbc	1152	120	128	41	,
77cac3db-28bb-4f50-8aed-6bed2b699154	1286	120	103	41	358
77c37a88-5a86-4415-b203-81bb2dd17f42	1286	120	103	41	-
0857b95e-56fe-4b7f-8ba7-da36647d9dcb	1286	120	103	41	1
8156f237-d42d-461d-8483-fa9651ce0d6a	1286	120	103	41	;
6debda60-0424-4891-b0f0-1fce2b47861d	773	155	84	28	dies
7b680856-3e3b-4b72-b24e-07e1314c1ab6	773	155	84	28	,
05720ccf-08ab-47c9-82db-c7035b57ce3e	860	155	111	28	350
3890bff7-cd0e-45fe-b76a-f2246d9b6372	860	155	111	28	-
4ce70d12-8fa4-43cf-8fbe-2ff25eb5bb92	860	155	111	28	10
fee75701-607e-465e-b907-5e59b4de9758	860	155	111	28	.
6986df37-ac63-417e-a1fb-47537044984b	745	180	136	32	Shiblon
3bcb13fc-0b2f-4607-a9b1-05f2cc4dfd06	745	180	136	32	,
2ec576ac-9687-4991-8a59-a3bb8f14b704	885	180	32	32	a
1c135ec0-6f76-4353-88bf-5e659646a7b4	921	180	84	32	coin
9a5cbb7f-904e-4bab-a77e-27b6dc7219ee	921	180	84	32	,
9dcb8fc0-bd79-4a5c-b9ac-735c7b708af0	1009	180	114	32	222
ec03cf7e-32cd-4f2b-8784-cc8f1708ed69	1009	180	114	32	-
3ff4ec9f-4be2-4041-902e-855d36c3b8c3	1009	180	114	32	15
0c1bd2bb-d564-486d-af19-bacc76d024ca	1009	180	114	32	.
ed485d6e-3853-453b-8d64-0193e185bb9a	743	231	133	42	Shilom
a6f83522-8b2d-4b4e-8d82-999a321f4a41	743	231	133	42	,
55be2d74-4d1c-4df7-81fc-4fe8f4b5e064	745	205	120	60	Shibam
37d184e3-ab4f-43d8-9aeb-ab62d9c6e56d	745	205	120	60	,
0e2ea4ea-1b60-4979-9094-f429cfe49d30	872	205	67	60	city
e401950e-7c6c-462d-83c5-7dd35de7d67a	947	205	60	60	on
528190aa-8f87-45fe-873a-bbc063d7d84e	947	205	60	60	,
cd390b0f-4884-4a4e-829e-d27a0427d59c	1015	205	112	60	143
652cae5f-d6f9-493a-b1ae-e4bf7e99b2bc	1015	205	112	60	-
4ae5279f-2ef1-4c67-a250-4b75e107ffb4	1015	205	112	60	26
18e14885-9218-4c9a-9637-35a1fdb4762e	1015	205	112	60	,
f9f8e9df-9ea4-4e71-a78a-170cbee8cb90	1135	205	83	60	152
8b515268-e9e1-4003-ac28-7002bcd67e44	1135	205	83	60	-
865155fe-905d-4fc8-b8d4-00e0e563c0aa	1135	205	83	60	8
0286fb7a-c717-424c-a3f1-fc5a5ada34e6	867	231	82	39	city
e1f9a037-1ca3-48ab-9236-e8f08c9caacc	952	235	53	37	of
81a89c86-4567-49a3-b942-3cb8b0e643ba	952	235	53	37	,
78bb5db0-f5f3-4456-a5ab-ae48624ed2bd	1003	236	126	32	149
3054e69c-07ea-475e-aba1-1cda702c24ab	1003	236	126	32	-
5b375948-3830-4c64-8126-3476bc11225a	1003	236	126	32	21
5b68d57e-48bc-43e7-915f-f1690c099bb8	1003	236	126	32	,
7ec3906b-9137-4080-a2a7-17d0ad67a906	744	255	183	74	SmiliNgs
3fa01175-c42d-4105-8a9d-042f8e3fda13	933	252	122	72	erected
6a5a40ed-875b-4cd0-a035-6e4008d713bd	1063	250	53	70	ch
e52ae8b6-09f4-444a-9f86-e1c9828d8f34	1123	249	62	70	75
98d8cc05-d068-4e7d-b552-b1dd359c9c3a	1123	249	62	70	,
7edc8b8f-ba43-406f-ab3e-2c002309d9ab	1192	246	96	71	14.8
a119048c-ac45-4e35-acb5-e8d84d9c0295	1192	246	96	71	;
ddd4aec8-5c7c-4e3f-b25a-495ad94ec58d	1296	244	94	72	many
ad12c974-292f-449c-ac60-6d1d1495c835	1066	289	60	36	in
3652a710-3865-4ecb-b40f-f627e5c76eb3	1130	290	60	35	by
84a74ca7-d48b-4b6c-8c69-5825c415e3fb	1193	291	79	36	king
155f9c13-b994-40b9-b6f4-36e531a9b291	1284	290	107	38	Noah
55292739-db2b-4921-aad9-b9f4b7b3f97f	1284	290	107	38	,
f4ac0e7c-0c0f-4031-a93d-da4eaf17b681	773	322	114	32	156
fa7fe2a3-d366-4de6-a418-f304b5abb0c0	773	322	114	32	-
525cbbd7-b0f9-4698-82ed-f33fa56657ae	773	322	114	32	13
38e627ac-9ec8-407f-ad85-0801b2201159	773	322	114	32	.
f835825c-e204-4126-adee-3fd3f7cd540c	741	347	104	38	Shim
b63d0071-2fa6-4a91-b1ec-8f8764f3e57c	741	347	104	38	,
df9166ad-baa4-4cbd-8cde-1423b65e40dc	850	347	71	38	hill
e29b58cc-d539-4be1-b546-08f5f3e20a88	850	347	71	38	,
0a41c2e3-2f51-4dda-a9bc-15d89501ceff	926	347	138	38	wherein
1f90b7fd-7f6a-4e40-b252-a2cf5ec38f35	1069	347	161	38	Ammaron
22530b92-fabd-4c29-83b8-65ac0985f96e	1235	347	153	38	deposited
bfddb5f7-c0f2-4e40-a266-16e7a29a1594	773	376	68	35	the
b4ea5ae2-90a1-4e48-a0ce-f4a09ff8f687	845	376	115	34	sacred
1a11f96c-6258-4f92-b4de-c41d3223c21f	964	376	195	34	engravings
83758f51-54d4-4c00-8b88-f8fca30ee8fa	964	376	195	34	,
dd3604c1-3e0c-4d67-8dcb-d9702afbcb0f	1164	376	115	34	460
d94ee81d-0475-43fb-80ce-582b59e83356	1164	376	115	34	-
1e59c5fb-6480-4c5f-abd2-43686a245b41	1164	376	115	34	3
3ff501ee-a5a3-4faf-ae61-2cc70b09e015	1164	376	115	34	;
5c3cc084-ddd0-4c39-bd35-9d04e7a1ffba	1283	376	105	35	sacred
c3c31f01-3356-4aef-83f4-e97ce7862e41	773	404	127	35	records
740ae786-07f4-4ef3-9878-fd4e2f7ee51c	904	404	101	35	taken
3792a206-9246-43e5-a2d4-adb8afdaad2f	1009	404	87	35	from
55b15f3b-ca83-4b48-a696-60add95b582c	1101	404	44	35	by
c4c4aff4-8179-455e-bae3-b3751a23a45a	1145	404	169	33	Mormon
8fc76c8a-abb9-4519-828a-2c96533298ee	1145	404	169	33	,
14060fa3-1f10-4819-b706-1f1a62000ebd	772	434	61	61	493
1d1e4ae9-5599-45b0-b4b0-396c4a12838f	838	429	171	63	mentioned
7bff89e1-3615-4d56-9e4c-46e179fd2e7b	1015	428	38	60	in
4729af55-793f-408d-b631-9e629c2fed6d	1059	425	112	62	record
51554114-e351-4280-8e40-55b0a1f91b26	1177	424	46	60	of
4d45ccd5-50d8-42a8-b6d2-dbe01289954c	1229	420	163	63	Jaredites
b8f7fdf2-3c3e-45e3-8c90-f013e163cd3a	1229	420	163	63	,
0b6ce74d-0421-43c5-b245-b3e42f4f67f6	830	489	105	35	Nephi
10bc63c9-7ec3-419d-be2d-d57e6a9c2d84	939	489	188	35	commanded
067200cf-2ceb-48cc-9de0-dbad0e9d7552	1132	489	44	35	to
115821df-98e5-4dc3-84a8-f922c0434293	1180	489	83	35	build
5ff892e8-ecba-43f8-9dcf-8dacfca9cb58	1268	489	35	35	a
93da5ccb-103e-4b49-95f6-797a781b9301	1268	489	35	35	,
3ef95e29-e08e-4bad-a41a-78363e829a85	1307	489	81	35	34
bc92712b-c34a-426d-a5c5-1dec6f17f1c6	1307	489	81	35	-
da78b3c7-65d1-4b93-b466-298d62fae405	1307	489	81	35	8
5049292a-e68a-4d73-a750-340eed90afcd	1307	489	81	35	;
b9e208fc-23f6-47eb-adc6-410b440d99aa	745	489	103	63	Shichi
1592ba99-ae9c-4d37-9d69-1c4d2e9a0bda	856	489	69	63	and
9e2a1622-487a-45fa-bad8-d35a0b755cbb	934	489	60	63	cos
8dec6427-81b8-4d26-8d19-5945968bf748	1002	489	111	63	can
5027512d-f00b-4bf5-aba0-d3abbc5d8fe3	1122	489	51	63	to
86ee8d3b-7a1d-4e40-b181-3156d78159c0	1182	489	77	63	word
5b79c38f-ca0d-4551-9fa1-11b8ee3fdc94	1268	489	51	63	to
1db67818-0fa9-49cf-9473-d9ebcceeaf35	1328	489	60	63	se
7aa4587a-1082-43ca-9459-4de680e636d0	770	545	51	35	in
cf36e6fa-2d27-4f0e-acb1-49653cc47bf6	770	545	51	35	,
6dcdfb77-2e2b-4a4c-9926-16c98105f77e	825	546	74	35	39
e7532b62-cca6-476f-8e3b-10a0d484d1ae	825	546	74	35	-
176478b2-9214-4c72-9451-96513208b97d	825	546	74	35	8
8432eddd-b309-4ea1-90e4-34f75354d588	825	546	74	35	.
0e903054-d18c-4b69-b7f1-cf64d0ac5081	745	571	67	67	Ship
714612bf-d18f-4339-bd52-68485c7f1cbb	820	571	25	67	1
8442044d-8d76-48a0-ac0c-89c2e9093c6d	820	571	25	67	,
b009563f-2afc-4c3c-8403-9f7f430efc6c	854	571	42	67	hi
98c482f0-e7d2-4508-9cf4-281800e5e595	904	571	84	67	teện
b4fe15db-fac1-4aef-ade9-db25b1de81c5	996	571	75	67	Ha
9a4fb61b-0c5e-4876-869f-ff35006220b7	996	571	75	67	,
82b0ac0f-7c51-4078-99d0-b122039ffa4d	1080	571	59	67	th
9d66ba8c-ed0f-4017-8790-51d9b1058843	1147	571	101	67	358
85eb543c-a22c-4f2a-af0f-196b23da6926	1147	571	101	67	-
f5a4c85f-b10a-4409-bc38-a04ea804a923	1147	571	101	67	5
cae72d91-37f5-4709-8436-8ad4612247a3	1147	571	101	67	;
f418ffa2-b2f5-46fe-a415-80ee3560a965	1256	571	135	67	thought
367716fd-077d-4cf0-aaf4-a8af1519d5a8	770	603	43	38	to
076ec11c-c4f8-4798-a224-29c7adc31c64	818	603	86	38	have
bbf815eb-4841-4d34-9c1e-69b3c9b74feb	908	603	81	38	been
7d0781e7-b983-44d5-95cc-975f9756f0a0	993	603	82	38	lost
ae0da99e-ee24-4291-8075-69c5e5112b10	993	603	82	38	,
f38cca86-5534-405e-9572-f9e5d3c8a463	773	773	108	32	490
59b3ecfa-b3c6-4bf4-a5ad-a341fbe21d50	773	773	108	32	-
7227aa24-4fcd-4b04-8563-30fe3d3c4a34	773	773	108	32	9
9cec2273-84eb-4830-a60b-57289023bf90	773	773	108	32	;
0fb99f33-f531-484d-8873-79c1eec1b8f7	885	773	116	32	reigns
c392666b-b3f0-4411-ac5b-72ed6129f550	1005	773	52	32	as
061621ac-c7e1-475c-94e1-24fb081b472b	1061	773	92	32	king
fa2ae329-11ea-4971-bd98-98002ed87b63	1061	773	92	32	,
01ecdbb9-eb5a-4566-b4c6-9879478fb0f4	1157	773	128	32	490
610dad9b-1cce-4291-9e3d-86de598ddf77	1157	773	128	32	-
2d88da18-67e7-4fe6-8b72-615c3392a9c7	1157	773	128	32	10
f698a8cb-3912-4b23-a053-4f913479663d	1157	773	128	32	;
8aec8b06-7f20-481e-9646-bc93417484dd	1289	773	96	32	right
6f17ae6d-9886-40e7-9129-398f830ab113	1289	773	96	32	-
adaf671d-0c19-41a3-b2fb-b6891c353e04	773	802	144	35	cousness
45f636ce-dd3f-49a9-87ba-3e0c84efd477	922	802	44	35	of
577cbd1f-184b-4db5-8ecc-6dbbb9164d45	922	802	44	35	,
1111fdd2-5967-412f-aeb6-dee4f33f6861	970	802	118	35	490
eb96ec9b-48a2-4b13-a65b-6b216afc3b0a	970	802	118	35	-
62cfbb37-8f6f-4d28-a150-82a96b322500	970	802	118	35	11
1032ca1c-2ba2-4e4d-9900-48ee2b542a31	970	802	118	35	;
c57d629d-76be-4eee-aafb-c41b9cdc9863	1092	802	149	35	captured
1601244f-dac1-43fc-be9c-643a2d49b251	1246	802	44	35	by
63b4e937-4e0b-4471-9687-661dfbc1dde3	1294	802	98	35	Noah
0430e0d9-cbbb-4593-a3bd-90d5f37848d4	1294	802	98	35	,
cf409471-5cf6-4886-963d-b9f15be125ec	776	833	120	26	490
775e47b2-5556-401f-bb6a-d566f06f079f	776	833	120	26	-
bc40c4d0-05ff-4c07-8951-cf7e4b6e3027	776	833	120	26	17
d08cb8e7-7fb5-411e-9ed9-d9af8b37a8af	776	833	120	26	;
37da1091-a664-43f7-8098-a9f1404afc35	899	833	127	26	regains
e0dbb386-75c4-451e-905f-8ae0d0a5f8ef	1029	833	156	26	kingdom
050ae517-09ce-4eb4-95e1-b616a1066d22	1029	833	156	26	,
61a5897a-d7fb-4d2a-b837-d133135a3e9b	1189	833	127	26	490
4476555c-7bbf-42a6-b467-2c257853b4e1	1189	833	127	26	-
3bd14928-e3a9-45ce-a320-7bc8dc3ac2e5	1189	833	127	26	18
233cb569-94b5-49c2-9074-e67ced61c9e1	1189	833	127	26	;
4ebbedbe-3e21-4891-a0a3-0c10b14642f2	1319	833	66	26	pro
d0bc36a3-780a-483b-a1dd-9710a7281571	1319	833	66	26	-
28557c4c-38bc-42ec-8a36-64e3880ed01b	745	855	108	66	Suet
84733cb8-49f3-467a-a440-8e1afb7b6330	745	855	108	66	,
24590538-a3de-44f4-b067-64b2f5b0e6c5	860	856	17	66	a
3b492b4f-544c-43b6-a5bf-889fbf0392b1	885	856	83	66	cop
2ab92132-e35f-4042-8145-c14b9b87dd38	885	856	83	66	,
c5a76f21-36ca-44b0-895a-244505b4d555	976	856	116	66	phets
6dd888af-5c32-47b9-a440-0b731c35e501	976	856	116	66	,
e3ab0123-e31a-4c63-9f18-60ca6067fdf3	1100	855	115	66	490
057de452-0cd5-4e2d-8c61-e1dc3726c926	1100	855	115	66	-
b4254534-4bbf-4d57-b41a-de30e139ea80	1100	855	115	66	24
a94c818d-b093-4426-ab86-582a1815d81b	1100	855	115	66	.
a87c804b-368c-4671-9a6c-fe99fe0da26b	745	909	142	69	5307728
a95d928a-ec58-4c06-a30d-1c28236a8999	745	909	142	69	.
b53b3c69-15a6-4d01-9767-e2fb47d4477f	858	915	116	38	valley
467ca1d4-fdf0-477e-a496-c04b36e43a68	978	916	56	37	of
7b5b53bb-62ba-48f2-9311-cc355aaf90a1	978	916	56	37	,
7173827f-1694-4610-8a10-8f35e0d3b0e3	1038	916	102	37	camp
7625470a-1381-4519-9ead-40a3610ae35e	1145	916	46	37	of
9bedb3f7-8c58-4209-90a1-7ef96da74b08	1196	915	196	38	Coriantumr
21f7ff1f-9885-476c-a26f-8391f5dc554b	1196	915	196	38	,
fc6bf600-5f98-40e5-9d5f-6700994955b5	745	972	114	35	Sidom
7ffcd0d5-b9b4-40b3-841b-8856ffb187bf	745	972	114	35	,
b8931e95-8b90-4778-ac2d-bc8d97d9fad6	863	972	79	35	land
a91d9286-1697-45d1-88c5-5ab9a780f6b8	946	972	48	35	of
9aabed9c-2b9d-4519-8c48-0f43d3f0dd17	946	972	48	35	,
db653b35-51a7-446c-a995-3939056a09fa	999	972	99	35	233
297c6ab4-00ce-4101-8462-4fad6dad1b18	999	972	99	35	-
cbacb77f-40f5-4b19-83b9-08c576d6deba	999	972	99	35	1
c3c9d8c1-46cf-446f-a36d-201ca64147e4	999	972	99	35	.
d2079faa-dbd6-4a6a-8d2a-f77782397521	745	1007	101	28	Sidon
3577e8e9-9d9c-483d-a1a5-ad449220691c	745	1007	101	28	,
7c1296e0-774b-47f6-9bdd-a17c09bda458	849	1003	102	28	river
13d9deb8-7760-4b11-9f31-3519f56465fa	849	1003	102	28	,
7d60b803-c9cf-4ca0-bd63-bcd9c3a96b07	954	1004	49	28	or
a74d41db-66d5-4bec-a847-3b073b176f35	1006	1004	119	28	waters
a19be483-3951-4735-a4dd-26f45e727867	1129	1004	49	28	of
9b94e371-92ec-4101-924b-3cf4d0271619	1129	1004	49	28	,
77381f46-3629-4dbd-8555-73e3960e500c	1181	1004	129	28	460
f9774051-8a78-4d44-b52d-71047f1d8c4d	1181	1004	129	28	-
d1a1d1c2-c2a3-45f6-ae2c-6f27241b643e	1181	1004	129	28	10
16b0bc1e-2e8f-4819-8a31-9b9e6ebfa4ca	1181	1004	129	28	;
e85d88ed-505e-4996-b2a0-1513b47a764f	1314	1003	70	28	bap
1077b416-75e9-426a-9101-26641f92a085	1314	1003	70	28	-
31a47eb4-ccab-4d31-90a8-4891207c8daa	773	1029	92	35	tisms
4df9aea5-507b-4248-9d2d-6b846d69aa12	869	1029	48	35	in
741471e8-8e8f-47ce-b724-4dfa763f916b	869	1029	48	35	,
2970a19a-0e6c-47cd-a768-b698ec0bd2cf	922	1029	105	35	203
10fe012c-380f-42af-9d07-11279ff64b55	922	1029	105	35	-
5b41275e-8b96-4e17-8cf4-908b90d0b841	922	1029	105	35	4
710b25c9-1d3d-4f8c-854d-90b77a050a5e	922	1029	105	35	;
3d5229a8-89a9-4b28-add4-2fb72a2640dd	1031	1029	175	35	wilderness
7cb37cc0-8b30-4d5a-97e4-a6420a035c72	1211	1029	44	35	at
7df7ce48-29b9-4466-ade1-5bfcd902a58d	1259	1029	83	35	head
581c9f33-2e48-445a-b475-995ac813f4d2	1346	1029	42	35	of
ee9669b1-5c35-4829-8aaf-3793e2bdcedd	1346	1029	42	35	,
0b2f70ba-3102-4155-8974-1ed5e06e0439	773	1060	101	27	254
3ef7adee-d894-4acb-adff-cd7b636359f9	773	1060	101	27	-
a76296b5-0443-40b6-b61c-127eb216dfb4	773	1060	101	27	29
c4cb8b07-7d00-4eb1-80d8-a446e5fdbcce	741	1079	97	41	Siege
6d0dd517-6b39-4623-ad1b-916eb640523a	741	1079	97	41	,
ba25d215-bd1c-45b8-aaf6-4e294d493862	844	1080	36	41	of
70e60f89-23fb-4be1-bb88-1259bfafe94e	885	1080	123	41	robbers
9038b553-828d-4823-96cc-3798f0cbde07	1013	1080	118	41	against
86a1bb0d-f45b-4d14-957c-8ad2620712c2	1136	1080	103	41	people
2cfbdac2-bed0-4ce4-8ce7-ee39a1b1a1fe	1243	1080	36	41	of
79c64780-508a-4382-bf1c-bc856de0c599	1284	1079	104	41	Nephi
64e6cc27-5c4c-4789-8772-6d11c325994f	1284	1079	104	41	,
c2e094a8-1721-4836-9aee-d9a1a8ee7363	773	1110	114	35	407
72671ca0-11a8-4533-a1a3-5ccdc9645834	773	1110	114	35	-
fdc3c715-8dc8-4fca-a9cc-b4aebe4cd276	773	1110	114	35	16
50ebd365-0cc2-4225-afc5-97c0f6be5b41	773	1110	114	35	;
9406f873-a0b8-4f8a-ad4a-7f974da72643	891	1110	44	35	of
162aed94-0993-41b5-a926-187afba8cee1	939	1110	184	35	Coriantumr
42e9b36f-3deb-43c5-9788-5017a0c87ffc	1127	1110	127	35	against
d39710b8-4a60-44bf-b963-1eaaa260c6f1	1259	1110	87	35	army
5da386f6-a4a0-46c2-af64-5cf516a218e3	1350	1110	34	35	in
5cc7babd-4d6f-45a0-a09c-5276d6767a61	773	1142	179	35	wilderness
a7b498af-8cdc-4ff5-babc-4bf86aa07048	773	1142	179	35	,
24223749-6995-4a22-bd26-0ba6248e306e	957	1142	100	35	505
4e4d28bb-b9cc-4d64-9d5e-bc7c54fbbcde	957	1142	100	35	-
debd10db-2777-4485-b5fc-c029a008e44a	957	1142	100	35	5
4e151cdf-96f3-45ce-956d-33d766f0202b	957	1142	100	35	.
f9d6885b-2dfa-4657-bbdc-b395a241448a	741	1170	105	35	Signs
8ec8693e-0cbd-4939-9b32-8411e906d616	741	1170	105	35	,
bc4f7f71-0a04-4b6d-a60a-24b22f84dd96	850	1170	39	35	of
f17e3b34-b0a2-48ff-9641-e70800fe5a9b	894	1170	127	35	Christ's
b4d4f669-63c6-4ee3-8bd1-511299733a8f	1025	1170	96	35	birth
9f55bcc1-e279-4293-b216-0450640da18d	1025	1170	96	35	,
3a0734ea-8332-4a49-ae14-6edb198c1b90	1126	1170	83	35	92
c0f3174e-9cac-4a0d-9b48-cc981304ace0	1126	1170	83	35	-
1ca72ead-c3a8-4e20-bf00-fb185d7ac89f	1126	1170	83	35	3
5ba0b21a-3070-428a-a963-72c5f9a2b4a5	1126	1170	83	35	,
56d1b954-6c42-4233-9eeb-34ce4fc26d89	1214	1170	101	35	393
c143f5eb-780b-4111-8012-77fef415806a	1214	1170	101	35	-
c63dd7a9-7dc1-40bd-8621-65d9571076fe	1214	1170	101	35	3
7c35873e-38a8-4e32-860c-637faf01a7ff	1214	1170	101	35	,
900436c3-e5ee-43a7-846f-6ed63947003d	1318	1170	70	35	400
94c60eb8-e415-4c09-b51e-1471f99901bd	1319	1170	70	35	-
9172ea06-ae43-4f4d-9303-958c24a07b32	839	1199	54	32	of
2ca15f7b-00ff-4e68-8bd5-41f5012e60a3	897	1199	140	31	Christ's
eee2e369-686a-4501-82b9-ccfd58532ca7	1041	1199	112	31	death
6b68744f-788d-4831-937d-8154f530f4c2	1041	1199	112	31	,
837e2994-7850-470a-96b5-97f8e01b83b3	1157	1199	105	32	41
fc87cb07-27fa-42e8-bd5d-aea2a232d3ad	1157	1199	105	32	-
04569240-c0d1-4616-b18d-db21ff9be70d	1157	1199	105	32	10
b336eb41-8d61-451e-9307-7eb0aef90dd1	1157	1199	105	32	,
8a79a1f5-9783-49c5-9e09-fe9297ea3894	1268	1199	120	32	394
7f8d769b-662a-49b8-b07e-8556903f32ea	1268	1199	120	32	-
d3165db7-8b73-473a-bb33-0146aa3dabcc	1268	1199	120	32	20
76bd6960-7c8c-489d-8f10-8153b3d0170d	1268	1199	120	32	,
4175eab2-6ec9-4fb1-bbe5-51e5388f00fe	769	1210	93	49	415
82eb049e-dbf4-4c8b-9f0d-83156f69bc56	769	1210	93	49	-
ab92d7b8-c65b-42f8-9d5a-3343ace705d5	769	1210	93	49	3
21fe055d-a57e-4718-b375-313451c9616b	769	1210	93	49	,
6d49a168-223c-4ec9-b2fd-86a177e59519	867	1213	122	50	416
747688a6-7b2f-4d06-8b72-8797823b8387	867	1213	122	50	-
78272170-0c30-4c52-8967-74dc88116372	867	1213	122	50	20
86745319-9ede-4561-bd6a-c0edf3a76233	867	1213	122	50	;
747143a9-407b-4760-8c10-744ef5930e56	993	1217	36	47	a
6dfeb7e5-a9eb-46bc-8ad9-1dac6295a694	993	1217	36	47	,
270e40f7-a0ab-4b16-abc8-52576cefb20b	1033	1219	168	51	demanded
d6653a2d-7dd5-4ed6-ba98-9175f3b16cdb	1206	1224	47	47	by
1a2df9f8-ab42-4276-9748-9eed1ab65544	1257	1226	132	51	Sherem
9f7bf42c-504f-48cc-90be-6efaa8a00197	1257	1226	132	51	,
875cdd8b-442f-4bbc-8a2b-6bce30bc9548	770	1252	133	38	124
1fb7ca42-3c72-412d-9ca8-385e85760d14	770	1252	133	38	-
5a5cdc1a-ba26-4597-8558-d428e31d8113	770	1252	133	38	13
56c90535-2410-432d-82f7-e37c321f8341	770	1252	133	38	;
ee767dd4-64f0-4e13-80d3-0de105c8da16	908	1252	52	38	of
5fc5ac1e-afe7-4b97-8126-7ac911e09b43	965	1252	76	38	the
a423a718-2c6b-4a0b-b6d6-12e38d08e945	1046	1252	166	38	gathering
666adf7d-a15f-418c-b938-29a131df93b4	1217	1252	57	38	of
3d5b40fc-8a48-4af1-b2ca-7b2479bdfc1e	1278	1252	110	38	Israel
69ad97a4-a2e9-4b34-aff8-f5ac6b437ac8	1278	1252	110	38	,
4eabb74b-105e-4144-bd6f-a260c9867ea0	770	1281	103	41	442
76ffcf1a-1d5a-4ade-8c7c-90bcedb22bbf	770	1281	103	41	-
56350549-3154-45fa-99e4-c408429f6a41	770	1281	103	41	1
e59ae725-3309-4eac-a232-fac29760c26a	770	1281	103	41	;
cbdb7748-b3a6-4d63-9ee6-ab5138a3f1aa	878	1281	113	41	secret
f871faa6-c73c-4a2c-b2db-739c5544a396	878	1281	113	41	,
c400de9f-bca2-4488-ab2d-d9a304c664c2	996	1281	138	41	received
6dad8629-6912-4544-b7ae-15514936cf10	1139	1281	51	41	by
9f4be033-da6b-460b-bbb0-1e8f99e235fa	1195	1281	193	41	Kishkumen
b14e1259-bac0-462d-ad86-19d51e55feba	1195	1281	193	41	,
7edb273f-4f22-49f7-8255-1455e728e6ab	770	1316	98	32	362
45d7be67-4766-468f-9e3a-f255a1067d37	770	1316	98	32	-
64da3f6b-df53-4b82-98c4-1aa4b9c2762e	770	1316	98	32	7
854af62a-393e-41aa-ac63-46dd159af51b	770	1316	98	32	.
e19fad99-0ad0-48fc-acc4-ed44094b4a08	741	1341	107	66	Signs
23b87330-7354-44a1-90b8-a6d8f1c85ca0	741	1341	107	66	,
bdca29ee-4d84-493a-a863-a2c93af88e97	857	1341	107	66	sert
67f7d8c5-1a9e-48a7-a87c-50c86ea6b556	857	1341	107	66	,
cb762157-9795-4eb2-a86c-0f2bde7a7583	972	1341	83	66	lised
70514e29-f1b1-4c36-a95a-c4b6aee78fcc	1063	1341	41	66	to
c0482ac7-bcf7-402a-9c3a-ac792e9d79ea	1112	1341	140	66	promote
74853281-fef4-4d1c-b5b1-d31435ef77f3	1261	1341	127	66	wicked
95223b27-34a3-4f0a-a893-65752dea43f9	1261	1341	127	66	.
8dcf088a-17f4-4337-af82-7529f25b6882	744	1401	93	32	Silks
ccae6143-1ce9-40f9-ae4d-6cfd4476d581	744	1401	93	32	,
a6c15299-4815-4d40-be02-9cf675df5a7a	841	1400	74	32	22
0ea084e3-e8e7-425d-a127-71056ea293f3	841	1400	74	32	-
63b6cc09-9b71-4d1e-b48f-b08d8f8c6535	841	1400	74	32	7
ba476ec3-7c8c-4681-8abb-b0259ffee91d	841	1400	74	32	.
70f079cf-282b-4525-8363-c2f604aaa0df	921	1398	110	35	203
699d20fa-9866-4c06-ab41-73e14c09dabe	921	1398	110	35	-
557831ee-1f36-49cc-8311-6088ba46f901	921	1398	110	35	6
b19eee00-a739-4c71-9075-458da032d4cb	921	1398	110	35	,
377de3f3-919a-4c5c-8c68-6c15686a6b39	1036	1398	119	34	494
41728545-d26f-42fd-8a17-7b7f0bdb3c5c	1036	1398	119	34	-
6b265c1d-ad3f-43ca-91c0-6c00b99d6f7b	1036	1398	119	34	17
ab1b278c-47bc-45e9-9c0a-78b548daa74a	1036	1398	119	34	,
7389f53f-9b16-4633-8489-28e6adb4fff6	1159	1398	115	35	498
f00915da-516d-4e7d-8bcc-63676be83fab	1159	1398	115	35	-
6e587ea7-b905-4e82-aa3e-c502c293021d	1159	1398	115	35	24
9b636c8d-c108-4ba8-bbbb-fd8eda1241f3	1159	1398	115	35	.
6a024b39-9576-4939-8f97-86781f988cc8	745	1423	108	66	Silvers
938d3d52-ea79-4b81-9900-8704dbf4b281	860	1423	17	66	2
694d91fa-7a43-4d02-93e9-95bafc196c4f	885	1423	165	66	workmand
12463660-0727-4b71-91ae-323422adad2a	1059	1423	50	66	op
6ea222fd-303f-41c9-9d0f-1c956fbba5a6	1116	1423	74	66	and
636f0f09-97c2-47c6-bbbd-5ee8eab13fb2	1199	1423	41	66	of
e3664dc1-4f05-4cb2-8c4a-3ca23c4cc9c1	1248	1423	146	66	promise
57602047-4fce-4813-b7b2-70d7865bb0bc	1248	1423	146	66	:
111a133d-6c77-42c4-844e-bd72db877b15	766	1452	100	68	poites
d9a5c921-4067-4723-9a5a-66b1e76444a4	873	1453	133	68	ricark
8dca92d4-e016-438b-974b-0a3b4b18a6f5	873	1453	133	68	,
cb60b7e4-eecb-4f59-aeda-335b30051009	1014	1455	92	67	125
3dcd5c14-4bf7-4af1-967b-af47df364118	1014	1455	92	67	-
b76e0d00-1143-41a0-bf83-5f2764ecd09d	1014	1455	92	67	5
05050a5d-e9c3-46c6-961a-f85fd285ba6f	1014	1455	92	67	,
f1677168-afba-4313-83b9-a11c96a9c59b	1113	1456	112	68	197
c983ce5b-7758-4b81-9faa-2401b4889c37	1113	1456	112	68	:
6890ae54-60fa-4c7a-8ff0-61a078859f94	1113	1456	112	68	29
5bcffb8a-d376-4ce3-9c6c-fc1e8650fc82	1113	1456	112	68	.
0ef3bcbb-6602-406d-acd6-57d92865e772	1192	1451	125	39	61
44e2e226-61ff-4d98-94f5-4b5745684e72	1192	1451	125	39	-
8b0225e9-03bb-4ad6-b8df-e400fc995757	1192	1451	125	39	15
1b15218f-8063-4ec9-8e2e-3f500f76cdc7	1192	1451	125	39	;
7f81d627-a515-4340-9800-e671dedfdb66	1322	1451	66	38	Ne
971bc7fd-26da-4e9c-b2ef-850bda558000	1322	1451	66	38	-
7b085c08-02a2-4ecc-b5e1-b657da50f7d7	741	1514	75	60	Sim
16e68715-69a3-4c01-ab12-07d45a33d4fd	741	1514	75	60	,
1fcd6090-81f5-4048-a348-248ff796e780	823	1514	90	60	Lord
30f45ca9-3ece-4a3e-8f9b-fc6f27383872	921	1514	120	60	cannot
21b81bd5-af1a-48f2-96dd-7e0a4687a5af	1048	1514	75	60	look
25742235-02e0-4663-b000-89b066b774e5	1131	1514	97	60	upon
e1d0936e-2fe7-4366-93a3-0c5bc41ad70d	1236	1514	82	60	With
8a7a8e86-c2ba-49fa-9bfd-2e5c4a7528bd	1326	1514	59	60	the
251d059c-d7bd-47d0-a5fb-599bfbb79694	918	1540	128	25	cannot
08146120-88f0-432f-8328-fce215eac8d0	1049	1540	88	25	look
7d9a1dcf-7da9-4b9f-93af-a99f200fd048	1140	1540	97	25	upon
0aa9796b-c4cd-4dce-80fd-446597a0022c	1240	1540	72	25	with
6feb8531-bce1-4081-b579-059d7d1584e8	770	1571	87	29	least
1aa6705e-86e9-4423-afc9-3b8eb95afee9	861	1571	165	29	allowance
aa5c4538-4f84-4f42-ae3e-9515cc1205fa	861	1571	165	29	,
3805c9e7-3ce3-4fe3-99b5-d10e40a02d15	1025	1568	135	35	308
997c82a8-cfbd-4754-a1cc-8429cb04862f	1025	1568	135	35	-
e06660f3-f13e-47ef-af19-b3b1c443228c	1025	1568	135	35	16
99a22aca-c1f3-4ad2-831f-e45d45588a5a	1025	1568	135	35	;
9d1caa6a-298d-44dd-beba-bf265f37f67a	1165	1568	223	35	unpardonable
907ba1fa-92e2-46e5-8bfa-0c1943d5797e	1165	1568	223	35	,
64f169f1-375c-4b18-a4e9-c627cd439f7a	770	1596	67	41	the
0699afca-2041-4348-af89-a918d32df94c	770	1596	67	41	,
9d0cfd37-9edf-4156-804d-a775f4ec627d	842	1596	118	41	124
ebc54103-d4f9-40eb-8135-63fdbed1a290	842	1596	118	41	-
662b0a75-523f-4c6c-9835-c46b2eb28a58	842	1596	118	41	19
5d8b7a6a-1e3b-446d-9117-438d5fd75f5d	842	1596	118	41	,
5b3061fd-0739-434e-9462-87e377c49ffe	965	1596	102	41	293
065e378a-86e3-4c90-8f81-fc200acbd2c2	965	1596	102	41	-
77341f05-7a1d-4fc5-9cf5-61c4a77f7a09	965	1596	102	41	6
67776dc9-9ee1-4fce-bd9b-edd75207b355	965	1596	102	41	.
0bcf06de-d1c2-456c-afb2-4dea1ebbf609	738	1626	94	42	Sins
397cdcf6-50bb-4e23-b2d8-431764ac65bd	738	1626	94	42	,
ecb899b3-dc8c-42fa-a633-baa5d2e43aa6	767	1625	44	69	ins
18389469-1ff9-4cc0-a7f2-d69dd8c2b53f	819	1625	69	69	sion
54a05c3d-5309-46b5-8fb6-e65a131fc8a0	896	1625	43	69	i
118063be-c0a0-4376-b13d-4bb215ad2880	896	1625	43	69	,
075493c9-c355-4f43-acfb-5cb7c39ade50	948	1625	103	69	5220
53972d28-35cf-43c0-a9d1-bfdad0f2070d	948	1625	103	69	,
3558f9e1-800d-428f-b474-a5d3c3982106	1060	1625	52	69	1
ce2dc3c9-9f2c-4648-8ef6-985d83327530	1060	1625	52	69	.
7b70bf7f-5f33-409f-822b-dc8ef7cdbbb8	1121	1625	34	69	52
9f1e230e-2d29-4813-9c99-2932d4c39574	1164	1625	52	69	see
125291ce-14a8-40a4-a62d-8d43c8e96961	1224	1625	164	69	Remission
67b28ca8-9f62-4659-aec0-5ec19b62d026	811	1685	100	38	sins
bb8e9e09-de03-4aef-8ab8-0169eaf51c1d	811	1685	100	38	;
aa9f27ff-2ea6-41c7-ba4a-116102728937	916	1685	47	38	of
923ad74f-31fa-4038-9f09-66b86a8f3253	968	1685	67	38	the
ce99a919-0c88-4fe4-afbc-ab40c932a1be	1039	1685	114	38	world
74726ebf-fa6b-419d-a5e3-e567821080d1	1039	1685	114	38	,
d3131645-9ee8-47ff-b7bd-901c42a85778	1158	1685	105	38	Lamb
bfe0272d-725f-4bcb-871b-d098de54952d	1267	1685	47	38	of
81b50cd8-b20e-40b0-aac6-7e93698050a8	1319	1685	66	38	God
24b048be-2fba-4db1-9424-7fc7ed948a82	766	1716	108	30	taketh
afff780d-1d69-469e-aa17-1bc8a729a419	899	1723	98	22	away
be2c11af-3a54-4125-a09d-912845efd2f7	899	1723	98	22	,
189fbcd4-65ef-4585-bbf8-7946ac2335d7	1016	1713	143	38	212
1aa64b6a-3ca0-4674-bc8e-52abdd8c3601	1016	1713	143	38	-
c7840f99-69f6-4c1b-a014-d7a516aca1ab	1016	1713	143	38	14
02357bd6-d47b-41ef-882a-566642def028	1016	1713	143	38	;
057cc20a-d048-4d7e-8881-2fad077fc268	1163	1713	114	38	Jesus
86b7c625-6545-4eb6-a4c5-614e928226eb	1282	1713	103	38	Christ
6d5ab586-1f2f-48f0-ab5c-96cbcf96f3d6	738	1742	103	69	Siron
bebe26b5-f43d-4474-b0f1-1de657796d41	738	1742	103	69	,
48a9f66e-e858-4d86-8bfc-b108faed8599	850	1742	69	69	fand
95477684-76c1-412e-a3e7-b505167d6f85	928	1742	43	69	on
e6a19ca4-b7c0-4cd0-b0e1-0f0bedfa4799	928	1742	43	69	,
fe01aaa8-ac62-4dd0-8b91-2a2e0ba9d412	979	1742	103	69	293
c3b2979b-07b7-4a26-9a75-3c6956af0b28	980	1742	103	69	-
a665b3c3-1e0a-4359-a2f4-26425e17f993	980	1742	103	69	3
74d31524-9ddb-4f42-8d39-390364803234	980	1742	103	69	.
4e24b101-e4ce-4bbe-b4b6-2a882a3ffad0	69	1890	137	38	Shiblon
56d83e27-88f5-49dd-93b3-4680df31fd38	69	1890	137	38	,
e6765c3a-5bfc-445b-91d0-02bcda3d2c82	212	1890	38	38	a
907757d7-48cf-4319-b265-c475ffa19225	254	1890	76	38	son
f50040f5-af28-476b-8488-e5e210621f27	335	1890	47	38	of
c4480c58-69fd-433f-881d-dfbe96bb79c6	387	1890	89	38	Alma
ce22dfa6-46f0-491a-8949-875854055b90	97	1897	97	60	274
66f90c23-034e-4bf8-a794-d59266453acb	97	1897	97	60	•
389b09b0-b451-4b5f-834c-b0a89465b2c8	97	1897	97	60	7
4761d274-1136-4030-b8bc-5d385b628248	97	1897	97	60	,
4a26c983-8448-4911-8912-dab17ce3867a	200	1896	97	60	292.13
8ea657ec-2e32-49a8-bf0c-544e1e81a393	304	1895	74	60	goes
b08927ee-1e38-4002-a27e-77ead282f897	385	1894	45	60	on
38d5a7a1-ae3e-4c92-8dd9-5188f4e8abff	436	1893	126	61	mission
e085ffeb-319d-415b-8125-07502240e85a	569	1892	38	59	to
c2e1fb6b-7918-4c95-9695-c4261da184ae	613	1891	100	60	gra
43abe04f-756e-4424-9321-8c08737b3a9d	94	1948	104	38	mites
1a9841bc-2dc9-4d00-a12f-fb8643b4a312	94	1948	104	38	,
b3578a2e-0c07-4ae7-9a15-84b0bd33264b	202	1947	108	37	274
5da30816-f046-428b-a977-b557741d4775	202	1947	108	37	-
3fcc79a8-ba09-41f8-aedd-a9290703bf27	202	1947	108	37	7
7b2cb78b-e6eb-49a7-8226-1b5b962ccd47	202	1947	108	37	;
a002fbb2-ca46-4543-879a-3b125b78592d	315	1943	257	39	commandments
4b9943e0-3863-4616-abb8-c8206d70d773	576	1943	45	37	of
bb6064ef-bdc9-4c26-bd2d-ca9a001e9be5	625	1942	85	38	Alma
a9a9f072-7839-4aba-b6d4-4bae365a288b	94	1980	46	34	to
35549927-66f0-4cf0-9566-9f435de235d5	94	1980	46	34	,
bfcae8db-bf10-4f03-9236-2a88326bc878	144	1979	103	34	292
f7955397-ba31-4259-bedc-d48d3cc95921	144	1979	103	34	-
d1d84e0d-12de-437e-b861-98db9a10d1a2	144	1979	103	34	1
0f83d435-be10-4470-8492-61cfd9899328	144	1979	103	34	;
9786edd4-c0c5-48d8-b357-ae80c523f8cc	251	1978	79	34	with
686b36b1-75e2-4d57-913e-72f8bf21a5b2	334	1977	54	34	his
d29ddcb8-6648-4c29-b181-8cd7d1378a36	391	1976	141	35	brothers
070b62ad-5fa4-410c-a8e4-6be1c9b7326f	536	1975	37	33	is
9cceaf7f-2301-4c87-b9ac-f1d34a2349d9	577	1974	133	35	success
f06240d1-f4f2-47f7-bf5a-87bd66825e8f	577	1974	133	34	-
d92bb72f-c9ab-44b9-a79f-c1d49b1170f1	95	2007	62	41	ful
ce089050-75cb-4d7c-90bf-3f799133852f	162	2007	56	41	in
fb7fb98d-16ae-4a0e-805e-d6133693d27b	223	2007	77	41	the
c08bd460-1f11-4893-b6a7-1f3ceff13213	305	2007	169	41	ministry
13908f7a-8e8a-43b6-8f60-25c53cc3a354	305	2007	169	41	,
46f3ad2a-da0b-4d44-8938-6c96b59a7c7c	479	2007	133	41	320
c8315bea-c1b1-43ee-9b8b-f7baea39a5fd	479	2007	133	41	-
8c6cf7ca-a0f6-4db4-b6b6-08f42b663f59	479	2007	133	41	30
f4677591-94ea-4b90-8f41-0ada19dca99e	479	2007	133	41	;
72c316ce-6a80-4ad7-b212-d1ec0fca3aa2	618	2007	92	41	takes
6acfaf91-9d3b-4e38-a560-4bc04f6b0a6e	767	1890	114	32	403
ffb80f77-fb32-40f1-8cd6-71792352b35d	767	1890	114	32	-
d881c543-959a-4c13-86d1-fe53bba0c63d	767	1890	114	32	15
6b5fd2ee-907c-4a7a-91a8-274bd9cdc519	767	1890	114	32	.
c4c5fb45-34bd-4af5-a4f5-0473236de0f8	739	1894	185	68	Slaughter
f146e3e3-b0e3-471d-9327-33b897178e6c	739	1894	185	68	,
5303ec62-3399-441b-b12c-26b8945c29c0	928	1907	67	60	of
4a49c6e7-ef0c-438b-9523-1cb33320260f	998	1911	245	72	Amliciter
31f612d1-63ee-4a63-8dca-4e590aa9a553	998	1911	245	72	-
f235957b-a4b2-44cf-9cfc-bd9a28120d2d	998	1911	245	72	11
d73e461a-f917-4305-b7e4-9899e7788d55	998	1911	245	72	;
d81b133f-cf1d-4f9d-9653-7096b136e8e3	1334	1915	50	32	_of
03a2e911-c640-4f0a-a68a-53e6c18ee61e	770	1950	161	28	Gadianton
8d8ce020-47c3-42e7-ba0e-fc2310748714	949	1947	142	35	robbers
57f8392d-89f0-476b-878d-796067c3e7e3	949	1947	142	35	,
8dd0cd9c-22b0-4dca-926e-bdd662d00b95	1199	1915	114	57	199.18
a3b6c07f-2e84-453e-b662-ef2ac5b256ab	1199	1915	114	57	;
bf2cd184-8270-4ee2-a5b0-a552b18cf6de	1320	1915	65	57	Net
e20cd673-dc9b-418b-9f0c-710372f40f90	1252	1944	50	32	of
2817aa38-a7ed-4ddd-94fe-e960ae79f380	769	1980	119	38	phites
fe878113-dcd8-474e-b984-aa9bfd36764d	769	1980	119	38	,
868e6089-abc1-48a5-a0b6-968387999d3b	892	1977	132	37	467
58ed9491-3e86-4045-8d1a-3ebe9404547c	892	1977	132	37	-
349c3f74-1f9e-48da-988c-1b841c8c9259	892	1977	132	37	21
dc57b534-792e-4f1e-a1a8-2747e48786c3	892	1977	132	37	,
817ce6fd-b133-49ff-a0d3-1e3a2c52dcd9	1027	1975	136	37	470
e3f14828-668d-4f68-9d76-4df98a80ec92	1027	1975	136	37	-
a442c946-1490-43a6-a798-4772bb829c41	1027	1975	136	37	10
1fdb9cdb-62e9-434a-b3a9-3460ca27fd4e	1027	1975	136	37	;
f1fddf2e-394d-43f2-92b1-0905bc591af2	1167	1974	57	36	of
b9386545-f863-4d3d-8e43-1918cc5bb1c9	1229	1971	157	38	Jaredites
0698e308-d47a-453f-91e5-b06a83d12208	1229	1971	157	38	,
1c4ba7f5-b011-4247-a0c5-7d2859fd09f3	769	2006	111	37	508
93378fc4-16bf-4655-8ba8-fba7f537b355	769	2006	111	37	-
de989bc7-9ace-4a52-a9f2-ebc6c7606f2f	769	2006	111	37	15
1d1339ae-d923-4a47-8ba5-ab56c3f0a669	769	2006	111	37	.
