ID	X	Y	Width	Height	Text
501b66c5-2557-4410-99c9-c3cd53c1aadd	280	62	66	16	INDEX
3e80be80-e426-4eef-b287-d91f5bf9649b	568	62	32	18	539
4d790852-fc09-44e3-ae83-d945291a3573	48	90	57	12	children
1c475670-a5c9-4b05-b831-6fd8fb8bc1f0	107	90	18	12	in
0da555b5-e271-4d78-80e8-54d2bb51e18d	126	90	63	12	presence
8c82d2f9-4445-4f55-97bd-6bc88066282d	191	90	18	12	of
4f22db34-b455-4015-9432-61d341dd83c3	210	90	50	12	Christ
1656ae78-8e0f-45d7-a6c3-a73ee6e05f13	210	90	50	12	,
673a4dd8-6c19-4ee7-b259-9aab0a37265d	258	88	64	19	433
82d9ad19-e12f-44de-9a92-eb1ee6b23f50	258	88	64	19	-
c3e8b611-567a-4e7f-8324-8958da2c52c4	258	88	64	19	24
17291cea-3eeb-4c8b-aa97-4b9501116224	258	88	64	19	;|
566ae6cd-cbf2-40a4-a846-eab33f80befc	48	104	58	10	minister
092fe8e7-da39-4f27-a420-88428956eff3	322	90	46	14	Armor
5f5d2ef4-462f-44e7-bac6-a8d0abf11163	110	102	20	14	to
e1daf281-ebea-4993-a02a-57a88f85d432	131	102	27	15	the
18e044d9-6078-4317-b965-099fcf6a36e5	160	102	51	12	twelve
35cb2a3f-f900-404b-ac85-1e51f3145810	213	102	65	12	disciples
7bde566e-1f16-443c-985a-65be0b223319	213	102	65	12	,
8bff4774-b446-4fd3-9461-b86929fcc30f	282	102	32	12	437
fd637323-8525-4bea-8fb9-1804ded59241	282	102	32	12	-
a2433096-62e3-4ce8-a849-4a6ae3511ef3	334	92	42	26	2015
38046bfd-fc9c-4eb4-8361-80ce5ab79d9a	334	92	42	26	,
4a430a49-9b09-4f65-b2f3-02223fc2a10d	379	92	117	26	302.89teousness
8adfe822-9d55-4a48-a9e6-16f445727ef5	379	92	117	26	,
a8be0684-a1f7-4338-ab02-f5f604274982	500	92	45	26	51
caf30a71-5e45-45d7-95de-5684c0c3c288	500	92	45	26	-
3eda5d1e-af8c-4541-a16d-47daa2533fc8	500	92	45	26	20
2bbe5f6c-f577-40c4-b26d-c10076365a76	500	92	45	26	;
9a9158f4-df66-4bf1-9d5c-eee47c049066	548	92	16	26	of
fd37ec9c-414c-420f-8177-8b456ffb0e36	568	92	34	26	war
a8ff65fc-a2bb-487b-b4c1-0dfda65723a4	568	92	34	26	,
76ae2eec-8187-4bcd-850a-9a2e2ec2cb92	48	114	20	12	14
e6473490-2a74-46be-a0e6-d3fe8c70c7bf	48	114	20	12	;
bf3bb1f4-2354-4e0d-adb8-e0f1ac823e5a	74	114	28	12	the
c7c4df8a-f839-4372-9e9b-96846596123f	110	114	42	12	three
6a8d56ac-7e5a-4ece-a378-f948fe394175	154	114	66	14	disciples
e46d0d52-4d7d-43fc-8570-a8ec211a7ec5	222	114	40	14	like
bef2dc27-9990-4ebc-ab5a-34ed62317f1a	222	114	40	14	,
49dea69b-9592-4866-a227-ceca04493bb5	260	114	52	15	454
663a4184-52d7-4350-baa1-d6b41ed3171d	260	114	52	15	-
592ce1bf-d0e9-484d-98bb-a7f6c7863b23	260	114	52	15	30
774eda59-89b5-42b6-811c-3a96b3b493d1	260	114	52	15	;
162a175b-eddb-40f5-926e-7d1f2e76af5d	326	116	68	14	Ascension
2216a07d-1c93-4766-9b9d-1e7c2a33ac15	326	116	68	14	,
e8621354-ac13-4115-aef7-17c639fb4dd8	48	126	37	12	office
8095af7d-c601-4cb6-97d7-0865ae8c4405	87	126	21	12	of
9d0c2a81-fbf1-4347-9290-d675ec272986	87	126	21	12	.
7fe1af9b-744f-4464-930f-aea06eaedbc6	108	126	54	14	514
1e25c27e-4de4-44f9-9cd6-975686433633	108	126	54	14	-
f1da2b23-7ad7-4962-a67a-fa1e49cccf01	108	126	54	14	29
6027c3b1-54eb-4ac7-a4a7-4e1710ee55f6	108	126	54	14	.
71f014cf-ee2e-4ca4-a185-6c64dbb0fb4a	468	128	51	14	Christ
fb222e3e-6bc8-4cfa-a698-a77c0c117721	468	128	51	14	,
f44fb267-0f06-43ad-8c5f-e8ea8a4b3691	520	128	44	14	429
cd160a15-6b77-4559-bb6f-0882928b2eb6	520	128	44	14	-
da60e1af-6b99-42f1-b679-8ba2f420281b	520	128	44	14	1
f19cfd6e-2b1c-4d3b-b7d8-ee0fb6e7b99d	520	128	44	14	;
602b2993-cc07-4e89-b369-2e824ca299af	566	128	34	14	aiter
78d3fef6-4e58-481d-b2e3-7870399c81b3	88	140	24	14	of
48336296-9966-4576-8b8b-febb98f76ade	114	140	50	14	Laman
6d0ade79-01ac-4092-84b2-ec02a7e61436	270	140	44	14	58
29430f40-8812-4876-afde-75f408ddb79e	270	140	44	14	-
3024b3a7-6b90-4071-a034-200c9dd91c21	270	140	44	14	13
d10b2756-259f-4e1e-8838-4003f581f9a1	270	140	44	14	,
38274382-4519-448b-a462-44c7044177f5	336	141	66	13	visitation
55c0ffbf-1cf1-416c-b2af-b907dc752daa	336	154	50	12	436
f44a438d-4942-463d-a1be-55c3d90d3dd8	336	154	50	12	-
b404c21a-fea5-4ec5-8add-9a21891a5b03	336	154	50	12	39
28871db5-1e17-48b6-9c2d-e2504397136a	336	154	50	12	,
8a407fd7-b82f-400e-92c6-8d1c4ce5576c	386	152	52	14	449
7b5a99b8-d91f-4b9a-9715-5b1f35a7a75f	386	152	52	14	-
4bd963ec-5167-401a-bfa9-404a90fc7b76	386	152	52	14	15
2d9bc033-a773-4274-9ede-958c82878e20	386	152	52	14	.
4fa684a5-dba9-491c-9afb-29b069d02ac6	46	160	38	18	devil
d076296e-f742-4fb9-8412-f22a3da74200	46	160	38	18	,
88eeee28-c8d7-4e8d-aa7a-5957c4818db9	88	166	49	12	99
580d5b73-4a06-487e-bc32-77980dff5e72	88	166	49	12	-
5e78838f-e096-4c94-b4ea-3056c9d97edd	88	166	49	12	20
91553c81-4515-4f1e-9bd3-e1beafe91813	88	166	49	12	;
70d8db0e-9823-4da8-8ec6-43dd6cbc71c2	139	166	61	12	Jaredite
0b355763-7459-4022-89d8-00a56f62692d	202	166	52	12	armies
0c287861-0734-4212-b750-a55933af4768	252	164	60	14	drunken
a92dfca6-c48b-4b08-9553-7e5b84cc0963	324	166	34	16	Asp
9983e0e5-55d3-440c-bccd-8a0ea11fd964	324	166	34	16	,
245f9741-9a40-47cf-9a2b-2eea8e1cebe5	358	166	18	12	to
4a78289b-a7bd-4b6b-aee1-59bd31169cdd	374	166	58	14	become
52bf5eea-380d-48a0-9a8b-3530dd770a3d	433	166	68	14	harmless
01e32fe5-1177-4982-a704-8a230fac0d37	433	166	68	14	,
3893f928-19ab-407d-9ccf-7406459c7798	503	166	51	14	103
cd872db7-54e9-422f-90fe-601ab00926e6	503	166	51	14	-
64ed7feb-e71a-417e-b36f-3d8ffdbbd768	503	166	51	14	14
10c7bb3c-7dc9-40e3-bef0-1e13c657140b	503	166	51	14	.
a6332bf4-6056-4863-ba27-ae7b1ef53c94	46	178	38	12	with
1df6b04f-0d7e-46a9-b5b5-c4a8d7607d13	46	178	38	12	,
ab597f31-2dc1-4897-be8c-f92d63669cc0	86	178	52	14	509
2152ecb8-33f5-4aac-a369-61c5516c1ab2	86	178	52	14	-
d8b0d4e8-3e22-4117-80cb-e9f992669471	86	178	52	14	22
98694efa-e682-4648-a91c-197f1b4eb396	86	178	52	14	;
7fc8a3e0-a85c-4c98-828b-244624ba04d5	140	178	19	14	of
3dc10dd5-59f5-488d-bf2d-8d86741677a9	161	178	68	14	Nephites
399b59d6-e0c3-4d47-81ab-7375645a8530	161	178	68	14	,
c4f27e25-7542-4dad-b91c-078d3dd751d7	231	178	41	14	518
f23e445b-106f-4d7c-bc4b-f0a9bee80cd2	231	178	41	14	-
90f2b78b-c991-4e26-9ad5-291a2a00601f	231	178	41	14	5
e0765437-e9c6-411c-9a45-ef58df63527c	231	178	41	14	.
44a15c2b-ae11-4f22-84c0-80b96f69971a	326	178	29	18	Ass
6f571d63-d0c0-4386-bf1f-2a1e35258ccc	326	178	29	18	,
fa8780b9-813b-41ad-aac4-aee74502d319	358	178	18	18	in
b588f7e9-b214-4e35-b1dc-5fd7c0a93d5b	378	178	34	18	land
d613cf33-0b2b-4b9d-9ebb-25ee1c2330ef	414	178	18	18	of
7533d63d-a99b-4892-992a-98cfa0e79a42	434	178	62	18	promise
62a99f48-c8ee-432f-94ca-8df02ca687f6	434	178	62	18	,
560d662a-06aa-435b-b891-6bb6382257b9	496	180	44	14	40
1df4bdf9-65c4-4387-bd13-cc4b219c8edb	496	180	44	14	-
7039406a-69e5-4b25-9e9e-85dec7fb7fe8	496	180	44	14	25
73aafe37-4d7e-49dc-acf7-e115f9a428c6	496	180	44	14	.
a152f1ee-6a9b-40c7-98e9-5b9dcb0d3f60	36	190	51	14	Angola
5c90ce2c-aa68-4351-85af-6f55529a7c55	36	190	51	14	,
87e4b764-4918-456d-bb1e-994a9ce1f60f	88	190	30	14	city
dda5d378-f41d-48fd-afcf-58d20600e65f	120	190	19	14	of
2c6c1613-c8e9-4906-a64b-953795f47e1c	120	190	19	14	,
05620af9-48f2-4f59-ab58-d5efa5f71b19	141	190	61	14	fortified
bd0f5f59-b5f5-447b-91cd-8186afb513e0	141	190	61	14	,
fdf48a06-1eeb-4a2e-b94e-72136192ac75	204	190	44	14	461
5d8a2cf2-948b-4dc6-a42c-289d674e5108	204	190	44	14	-
cd70a30e-0eb4-4266-b00d-8ad256cbd712	204	190	44	14	4
620a40e8-97f7-4f16-879d-8e46a893ad46	204	190	44	14	;
91128e70-a859-48aa-8bd7-f29e4e88f6c0	249	190	61	14	Nephites
8598b3be-c16e-412e-9326-4dc4b972a3d2	326	192	76	16	Atonement
b551eb18-4eb6-463f-bae6-b00a3a7296f2	326	192	76	16	,
89783151-c3c9-4b65-bbd7-44894d142323	404	192	28	16	the
b9197858-7170-4c81-9f33-1161d550c4ba	404	192	28	16	,
06510d17-2038-47f9-bbbb-fffcb58e8dca	434	192	56	16	infinite
d00bc326-f175-444a-9693-4f407bbb9eb1	434	192	56	16	,
3818ae0a-b3ed-4548-8914-45f2233c0097	492	192	34	16	67
764d7baf-00f9-4d26-bd2b-c1fc62364138	492	192	34	16	-
7a0ac9b5-9ee7-4c9c-b711-72236f4c6cc2	492	192	34	16	7
effa84db-d6e0-409c-9715-2bf6149c0a52	492	192	34	16	,
5659471e-63c0-4309-87f1-1ad0eb70c2e8	528	192	42	16	91
b4ab33bc-8af0-4028-bcb8-d2183cea5b18	528	192	42	16	-
30044675-d272-4d18-a101-7d22ecd8b2df	528	192	42	16	16
94f26fbc-cf53-4ee6-8892-796c13d12bb3	528	192	42	16	;
aab37805-c245-4969-a8a7-93c4ddbe1bc9	572	192	26	16	sat
65f12adf-4f9e-40a5-bfbe-a6d472958018	572	192	26	16	-
dc5e0bfb-a894-4075-930f-498ca7cc8545	44	202	47	14	driven
095e8618-fa4c-46b5-bc61-a6e7f8f9d42e	93	202	38	14	from
bd265576-9220-404d-8338-ccbebc8c9ebb	93	202	38	14	,
b0587557-a8b3-43ef-bbd1-c4194aad1497	133	202	43	14	461
182750ef-8225-4e94-a1fe-07bbabc78c2f	133	202	43	14	-
29a971f2-7540-4b68-a7c0-7b8745f9a5c0	133	202	43	14	4
d4c20490-8dec-49fc-984c-070475ee5590	133	202	43	14	.
f27947f8-f20a-4e13-aa6a-90f02b721f45	334	204	38	12	isfies
1a25cff8-af93-450d-a997-bbd774f0a4e9	382	206	52	12	justice
930388c2-06bc-47e9-99a4-e4c5beea4fd2	382	206	52	12	,
fcfcb848-9706-4ab7-9d49-8778ff1ee049	444	206	42	12	69
05cbe71e-0d99-4d16-8929-bd966a81ea0c	444	206	42	12	-
90e2e795-e5f2-45c2-9377-7621f4ed1b5e	444	206	42	12	26
92f35844-bcca-4ef5-93d1-c420ba9ce6cc	444	206	42	12	;
c2211871-7d37-4947-9779-a3e7ab2abfa1	496	206	26	12	law
473e41af-0235-45c9-9c32-4eca1d87e379	34	216	32	26	115
57558887-81ac-47d4-9835-696d20e7be45	34	216	32	26	,
598adcf0-ddb6-4360-8c67-f39e590b0d8c	70	216	45	26	191.8
3252d305-c245-4403-9a9f-28d0e1c1fe75	70	216	45	26	,
e217ccdb-54b8-45d9-befa-c8d1ad430053	118	216	46	26	400.16
9746ed1b-5f4f-46e0-a1bf-3c39856bd9cb	118	216	46	26	.
ee7fba1b-8618-4e03-9f6a-5d839eaf93ef	152	216	45	20	37
e3237caf-b65a-4fe2-8958-4397e8eae345	152	216	45	20	-
0906343b-a862-4e55-be21-0dd584a7e833	152	216	45	20	47
669caef4-e770-4932-bb29-cd277b4311a5	152	216	45	20	,
97487dca-df6c-4b39-836e-47442dea08c0	200	216	35	20	93
6f12ed7f-5b24-4eff-80b8-4a7eb62fea4a	200	216	35	20	-
2d4191c8-f0f8-4b5c-bae0-026c4df1a132	200	216	35	20	7
95cf7e4d-81fd-4db3-bc80-a345261eb5e0	200	216	35	20	,
0cd311d2-fd5a-40f3-a2cd-3076da08e9f9	237	216	40	20	190
ec7237bd-88c4-4d6e-8cbc-c67b546aaea4	237	216	40	20	•
02e75d45-e18d-4113-b72c-1e7eaf7975a7	237	216	40	20	4
e4d1b314-1fa2-46c9-a30c-d4f435853569	237	216	40	20	,
f94542a4-143c-4070-968c-7237a7f8eaac	280	216	34	20	214
9832ce85-b73a-44d5-a2b3-298afba7e019	280	216	34	20	-
b2ee9310-5ff6-45df-938e-247ed3dd946b	532	204	23	12	of
76aa1795-f558-4e99-9dc4-94d79c31e2e5	556	204	44	12	Moses
36148a52-6104-4336-ba7a-068283386a10	336	216	70	14	worthless
1ba9bffa-e243-41b0-b20f-6083e600f241	412	217	58	14	without
cddcbacc-bf30-4e43-b615-f8f9303556c3	412	217	58	14	,
025da99c-3470-40fa-83b7-4353ef0892e8	476	216	54	14	141
91b644af-4417-49a6-9f94-f77109f7c65c	476	216	54	14	-
d215f570-7484-42f9-83fb-061a19595bb9	476	216	54	14	15
c1160250-1653-4ec5-80ae-eabe79555299	476	216	54	14	;
95992918-848e-41d4-bbd9-1ca173ce654b	532	216	52	14	people
d05165cc-096a-4211-9eaa-13410957f0d6	336	228	32	14	king
0787b73f-d1d4-47cd-b986-11651cbad586	376	230	66	12	Benjamin
090d5c3c-050b-43ad-912e-f8c5ce3ae184	452	230	70	12	convinced
a0a75fb3-4896-420a-b033-a94c1a2d96c1	586	218	18	12	ot
dc8b6a11-dbb2-499b-b3df-b79572ec7fc9	556	230	46	16	142
4e560388-3ffd-408d-ac3f-081b5baf7fb3	556	230	46	16	-
fe849b97-9d58-44b6-a29a-49e119ca80be	556	230	46	16	2
5f68327a-70d6-4364-a439-8893623b8a2d	556	230	46	16	:
0c69d13e-1df1-4992-849e-772a6a872692	334	243	64	12	prepared
9d5fbdb0-aa77-4375-8e39-a438b11a7c35	399	241	38	14	from
f112e54d-e69a-4b8f-a55e-0b0ec31b0c40	266	266	48	18	40
243906d0-d13d-4b4f-9eda-2f199fbc03b0	266	266	48	18	-
8225f8e9-83ac-4529-8cfd-985fdc032dfe	266	266	48	18	25
9b0f1248-f721-4c0d-82d4-ae97c0bd6bd8	266	266	48	18	;
89279125-c6af-400b-bb22-6b6076088e26	42	278	50	16	raised
d64bea0a-6e6d-4171-8d86-2dd24582ebb3	44	292	21	12	to
97dbd844-df1f-4433-a703-0f88384b3146	67	292	56	12	become
81859c52-2ffc-42db-b7a8-b6902d0d7be6	44	302	70	31	Jaredites
463e784b-2409-41a0-ad84-3c5569fb3384	44	302	70	31	,
6296d6ad-d732-456f-8940-69e3da73b904	110	293	55	30	437
18520e66-9b1a-48fe-894a-9adabc47fdde	110	293	55	30	-
af4b9f9e-eb3b-4846-82f8-4f0bc2def20e	110	293	55	30	ch
e64cf172-db31-490d-9871-94395021f17a	110	293	55	30	.
e079a48e-6bcc-4541-a404-50e90c43b231	168	293	26	29	6
f33ae8e6-65f4-4ddc-80c0-2f7fc5b50545	168	293	26	29	:
3bdc1fb9-90f2-44e9-9147-2c32b9fd19f6	168	293	26	29	4
6b6be675-9d89-49c4-8c5c-5beb37b055fa	168	293	26	29	;
0354dc59-8546-40ca-aec6-996e509c0c6f	197	294	91	30	domesticated
d0293f56-fac4-49b7-8a89-557f42d40f76	291	295	19	30	by
79f54f3e-c6d7-4695-bc85-0260fd447602	118	316	48	12	494
004d043d-5a08-4222-bc9c-5e5a9e98dc13	118	316	48	12	-
75ace6b9-13e1-4125-9aa9-c51c25625f3e	118	316	48	12	18
83e4edf5-bec4-40bb-9e1a-58c98156a6a2	118	316	48	12	.
fc772557-f0cb-4d48-b94e-085e11a0dca4	276	328	36	16	195
b698e0d6-bc9c-4711-90f9-dcc0f7214b53	276	328	36	16	-
bea0d4f3-5bdf-4131-8359-3bff64a65401	102	346	58	20	270
e2732599-1a6d-4ef9-aa6a-f2e4b74054c3	102	346	58	20	-
5878a07a-94c2-45a2-b070-8fd55136a630	102	346	58	20	19
83ec1c74-ee70-482e-abe9-81da6b993bb5	102	346	58	20	;
a26ac4f2-80cb-41a4-b21f-30fe05dd0491	162	346	14	20	in
112b0fe0-06ca-4645-99ab-c1f975d306ee	292	340	20	16	in
9eb8708e-b8a0-4e25-9d12-82a87ef3af9f	182	352	54	14	Gideon
67b9a896-e714-4ccd-b1ed-2c85accf4c8f	182	352	54	14	,
897a9cfa-2693-4117-b90e-a7bdfa41429e	238	352	52	14	270
d2f293fb-4b6c-4c6b-a534-b29c6718ef6f	238	352	52	14	-
ff3dbfeb-c106-4156-b01b-3ff306eac8a1	238	352	52	14	21
b4d67dfa-9f8c-4229-a48c-ecd69e620bc2	238	352	52	14	.
f651557e-2815-4a1e-97ac-948df35dc235	226	366	47	12	256
c103360b-7ff4-4cf0-b84a-aebe4a26ee3c	226	366	47	12	-
961d2bc8-e5cd-4243-a00e-04d4d2173f99	226	366	47	12	3
6406f885-c116-41e2-87ab-9083de0ea76f	226	366	47	12	;
1e8d9e2c-e501-49ce-a50b-755cc9c816fd	274	366	36	12	holds
f4d1b5a9-3fe1-49cf-aaea-cbc66cb946ef	100	378	34	10	with
7e1e7a29-7dee-47b7-a44c-27f00f257352	135	378	55	10	Ammon
894443b5-44c4-4826-ae48-e2dd07746703	191	378	27	10	and
c8174f68-4672-45ec-9d22-29dbfbc0ff55	46	388	16	14	5
69e362b9-e6f2-4d6c-8e08-6e13674d8393	46	388	16	14	:
48cbf8d3-326b-49f7-aca2-a46eed571332	63	388	53	14	forbids
7105be49-a663-4d7e-9131-59d5defd8cb1	154	390	40	12	257
bd42f4ee-c9b4-42f4-812d-043b1f4c5c28	154	390	40	12	-
15c25dcd-3f9c-4934-8fd3-987e64542ddc	154	390	40	12	6
1c0a144b-1d67-4b32-87bc-4c8a0142d98d	154	390	40	12	.
71cf79a0-e94d-45cf-b309-6dfc01c2b970	32	392	136	26	Anti
df361ee3-df10-4f90-8774-9bbce0e0a62d	32	392	136	26	-
b75b1b88-9be3-49cd-afcc-d67d95da033e	32	392	136	26	Naphi
318835fd-6b35-494d-8f71-b223c5cc7c27	32	392	136	26	-
5d5ef4a5-ac29-49f5-85ed-2d6806ee7e8d	32	392	136	26	Labies
892bb874-8146-42b8-a088-012d55068d31	32	392	136	26	,
b1da2fee-96fc-4372-b9c5-44e21392efa5	172	392	26	26	see
7a7c2a16-71d2-404b-9a7e-5a68fcef3ff1	201	392	62	26	Ammon
725fc7ac-476d-43ae-b125-5e7e95a02222	201	392	62	26	,
7b22d5e8-394a-482f-b910-bc8cbb76851e	266	392	46	26	peoplo
1fcebc87-7120-4dad-829e-362bd7e2ce4a	32	424	52	30	Anton
6f3f8585-28c4-44b0-8550-142180522a02	32	424	52	30	,
14819074-befc-47fd-8ce0-87f4c69e1b00	88	424	15	30	o
8b0db886-e556-4796-b77b-6ecb0e0c54e7	88	424	15	30	,
b81324c0-929e-4305-be0f-6c71f0c8ed45	107	424	30	30	king
447810db-404b-4da8-90a2-f7e63006c38b	141	424	34	30	of
122b054f-d5a6-492c-bc85-deb79eeb0c6a	141	424	34	30	.
ecd02b28-6f96-4eac-b0f4-4b33c4fdbe86	178	424	49	30	22o
05c315ea-6ba0-4406-a7ba-7f1488ee420b	178	424	49	30	,
d2ddbc63-8e8f-4e94-9f33-93778f4d91c6	231	424	39	30	247.4
720627a2-88be-46ef-821e-10deaa8d6c6c	231	424	39	30	.
c53b46a1-4da3-4b00-bbab-44c54a59d1f2	140	440	38	12	coin
ab74a15a-34ce-4c4b-8d81-0c05ca08a61b	140	440	38	12	,
2da5038f-3ed5-4450-9789-e703b95262f2	34	450	68	14	Antionah
d077a491-a323-4a16-bb7c-b1d12afbd9ac	34	450	68	14	,
0d520717-8322-40e6-b6c1-958249aa0286	104	450	10	14	a
597a7ebb-71ce-44ad-a39a-d8e5227a5a65	116	450	37	14	ruler
4887fa1c-03b0-4d9f-9b99-017bf9c118a6	155	450	16	14	in
9f921038-d5f2-4b54-b05d-62c19150dece	172	450	87	14	Ammonihah
1368dc82-03d3-4009-bcdb-f5caae856f34	172	450	87	14	,
747969fa-9718-4a89-98e5-c765f6fa866c	261	450	49	14	226
36fbdd4f-ae1e-482d-b352-a99d16cdaa2b	261	450	49	14	-
225e905f-f162-4906-a231-58452ae71363	261	450	49	14	20
dbae3725-b93f-4564-91ba-99e3abb2decd	261	450	49	14	.
be70c8bd-c484-44cc-ac30-bd62d99b0427	32	462	74	22	Aztionem
32a4e27c-02d1-4fb5-8635-6e76461c7569	32	462	74	22	,
a7f6c708-1beb-4bd0-9130-326ce4e150da	109	462	30	22	land
f7e8cd54-c306-49e1-8715-546c0dbf2fcd	142	462	19	22	of
0db54970-60b1-487e-8c2d-a4ec4c5be791	142	462	19	22	,
522b9ff1-ebd4-405a-b749-36445b72785b	164	462	47	22	settled
ced8e1c5-7a24-4e4a-9fa2-d6871eb85a7a	213	462	19	22	by
12994748-5fce-4b1d-8fce-4990baa0ce5f	235	461	75	22	Zoramites
f17e793c-74c7-431a-9964-acd0a1759e7c	235	461	75	22	,
25deebfc-e0ec-4a06-b41c-985d49a6f026	98	474	66	16	amenites
dbd14881-3be6-4208-b889-c449be4cdfff	166	474	42	16	enter
d613b6ce-2f5f-4a2d-81b6-bc2caa470ebb	166	474	42	16	,
081551c1-66a8-4675-9370-a20d08ae567d	210	474	44	16	301
de556b25-f74d-4ffb-b806-dd5748433d52	210	474	44	16	-
7003bb49-3789-465a-bfed-b1b95aad3956	210	474	44	16	5
1e631dd3-085d-40a9-b5aa-9cba1154571b	210	474	44	16	;
6d282437-c7b5-4b83-9559-f0af45023e9d	256	474	54	16	Laman
fe899bdc-0403-4435-9bde-8ca666c499dd	256	474	54	16	.
7d4fb482-dc08-4f56-b2e4-016783d2ae64	82	488	38	12	etire
92d8be99-bf40-413c-b0f4-fe12ea0abe37	108	486	7	30	•
b5dbc1a7-8d36-4bc2-88f2-c44a6b186f3d	119	486	45	30	iron
1190a0dd-9d1c-452f-8b69-925a3ab9acf4	119	486	45	30	.
01fbe1f0-6f89-4971-95b4-fe57180e3bfc	168	486	22	30	2
d68df459-b17e-4e77-9626-5f001c1164d7	194	486	75	30	chieftain
de0e1521-5e54-48fa-99a7-7ba15ef1e317	194	486	75	30	,
01b77e2d-0ccd-47a0-84ec-d10381ac62db	273	486	39	30	slain
96560d9f-ad8a-4c9e-90c4-c84dac623495	273	486	39	30	,
122127e9-cdd0-4daa-8cfe-d7404a41d83e	336	254	26	12	out
9e0b89be-6f94-4eef-bdaf-4e4b0335e251	366	254	16	14	it
4d9e831b-f67a-4c2b-b553-15810a94ab53	388	254	44	12	there
519dfb81-aa50-4c83-a18a-753366e9425a	434	242	42	28	bern
e72a63d0-cdd1-484c-9347-d7e4f9c730ff	479	242	77	28	iration
d309da1a-64ae-499d-a596-cbdef34ffe68	479	242	77	28	,
a1c23adb-9912-4a39-9bb5-b5433697fc5f	560	242	40	28	142
7dfefe46-c0bf-465d-b45e-2b4ad5a08c18	560	242	40	28	-
347f4053-5a6b-4fa8-9f98-447ba3ad824a	560	242	40	28	8
b9641af9-9bdf-4468-b65f-45893b539100	560	242	40	28	:
0347f027-e82a-4aee-b35f-422fd91023a5	558	254	44	14	142
2447b509-da14-496e-8896-8930ea63ab1f	558	254	44	14	-
70ba179f-6446-4e6c-8e54-ad704164b3e7	558	254	44	14	8
25dd40f7-6d1a-4f87-acac-cc5c15c4a3cf	558	254	44	14	;
7710dbf6-4a65-44d2-ab36-6ba3b5100f2d	334	266	23	26	1a
eaa8f904-95f0-4b84-800a-e412b335953e	334	266	23	26	;
2ca5bc32-5727-4d16-ac9d-9ac9e9826dcb	360	266	19	26	by
66f37d38-5b0f-4d9d-a9d2-923b4b9ab083	383	266	58	26	brick
198e6e99-2f29-467a-9dca-5f421050cf13	383	266	58	26	,
e69e7abe-9fdb-42a2-b8d7-69c94e371f94	444	266	45	26	220
2a84a1fd-bb81-43d2-b4a2-b9abcfc1e20e	444	266	45	26	;
8c61b730-4798-4be5-8814-d5168e910433	493	266	75	26	oron
06f51a2d-b79d-476f-9dc1-3a4313258707	493	266	75	26	,
355585f9-42a1-4567-8b01-29179cb88bd8	571	266	29	26	381
95daaad9-de47-4837-a38d-07eb9c7fa61e	571	266	29	26	:
0f1718f7-9846-47e7-8bd2-db327a6009df	336	278	22	12	22
0e3661c7-c8d9-4651-beb4-d1c7986c9a5c	336	278	22	12	:
e569fcb1-60b0-4373-9a55-c921dbf8d2a7	360	278	23	12	by
864e1eb7-ca8a-4d01-b01e-31995b8f00fc	384	278	59	12	Amulek
f495c76c-5003-486f-8089-5f822dbcb1c6	384	278	59	12	,
7d07e3e0-6e72-4f57-9ced-811e7a2baff5	444	278	45	12	282
55e84565-fd94-4f15-96cc-616b0515b545	444	278	45	12	-
ef70a74f-94c2-4b59-8659-99d1a4219091	444	278	45	12	9
2a4fb2b8-dac3-4e51-b749-e2bffbf8a68c	444	278	45	12	:
2c8710f1-602c-484a-8e2f-283af8f6b80d	491	278	28	12	by
a0d45b5f-5325-4135-8aa9-2bfd285ad99a	491	278	28	12	.
5cbe4178-f647-4712-87bf-988ba9254214	336	292	24	12	41
7f8fc1d0-69cb-4213-8d8e-82dc58ed9f49	336	292	24	12	;
86fd69af-27d6-436c-84cc-ef03cd75478d	362	292	19	12	no
f705a8d6-0280-4bfb-87e1-227f8f7e0869	383	292	66	12	salvation
d9162bec-19c2-4b08-b7e4-9621b6e88adf	450	292	57	12	without
89ccf484-426c-4eb1-9728-0d373808ce8e	450	292	57	12	,
3ff85028-20a4-499c-99e8-503d88441bc3	509	292	45	12	282
eebeac99-842f-4487-81e1-366ee3b671c1	509	292	45	12	-
0f82a6df-1e15-498c-aee6-c4cc932ffba8	509	292	45	12	9
f15f2f20-ecf8-4d8f-958e-09bbbb9a105c	509	292	45	12	;
034e4449-c348-4cbd-861e-50f9053cca69	555	292	45	12	brings
139ea560-9757-495f-9bd2-9c7b00266b72	454	304	92	14	resurrection
5dbfc7e0-df87-4e1c-8dc8-ee6e3c2b9e7a	454	304	92	14	,
da9560b0-50cd-4c2e-9313-035372b7459f	334	302	26	26	woe
12530ad5-d87a-4d46-b823-9b77120a794c	362	303	60	26	Children
c41acb67-3dd2-4bef-a3b1-8ca27256be0b	424	304	57	26	without
39018832-470f-49b2-b849-c7d832d42775	484	305	66	26	baption
ede016bf-c82d-4a64-9f2d-f1ba3f86cb29	484	305	66	26	,
2d9d3614-204b-4fdc-a563-d58fa99376e4	553	307	46	26	517
72d4ae05-ca89-4377-b6a0-1805e408bc67	553	307	46	26	-
771b64da-9b82-4cce-bf6e-8374592320df	553	307	46	26	20
8f9232e3-ef64-4207-b2be-3b90be627d5c	490	326	56	16	baptism
4bbe87bf-3414-4012-866f-f9c542f33b31	324	328	63	28	*
f60360a1-2c3b-4ca2-8af2-04771bc4007a	324	328	63	28	through
d32e59e0-2339-429a-9b70-37b2ba44b725	390	328	32	28	lack
562cdefe-dbf9-412b-8a88-128d6c949ce8	425	328	21	28	of
c0cfbca8-342f-4f15-b9ef-abb439c04b61	425	328	21	28	,
1c0028a7-0748-46b0-8bfb-0aeeacc214be	450	328	46	28	176
dd69ec79-a72e-459e-b692-976272d3db1c	450	328	46	28	-
d1035e97-c7ca-4ab2-85f9-4f69da3bad12	450	328	46	28	33
cf6a68fa-11a2-40f3-bfd4-c048593e175a	450	328	46	28	;
6cbcf45b-166a-49ac-9c08-8bb3c75d1a09	499	328	32	28	sons
4426f596-2f26-4d6c-b75c-fdf96d94476f	534	327	14	28	of
926d3e79-888c-43b2-8df5-e40beef415a2	551	327	49	28	dosied
366ec1e0-f98a-4b4c-8195-16cdb370355e	334	352	51	14	taught
291151f6-55c6-4bd8-8195-03b6090cedfd	386	352	38	14	with
e6e9e667-84d6-461e-9d4c-0976eec0c51a	386	352	38	14	,
e1bf6c25-2772-461b-8be2-e2902631bf9c	326	364	24	16	As
03ea9832-a0c6-4750-a9f8-32f273f4973e	326	364	24	16	,
11e6bd5f-75c4-4e35-b934-36048aa8f87f	352	364	16	16	at
545697e2-99ba-4b38-bf42-d3d0a0fcfa5e	370	364	32	16	root
083c6d74-1de6-4da3-8b28-af8937e63991	404	364	16	16	of
68619965-07db-47e9-a69a-4932322f7612	422	364	34	16	tree
d0055b3c-0485-41f1-ad56-7bc7441cb508	422	364	34	16	,
d838e765-7273-4955-b150-5c211113c004	458	364	50	16	209
20382858-969c-4e88-9583-0935e3510efe	458	364	50	16	-
bd3b4173-2240-4da5-b094-582c7ee7af1a	458	364	50	16	52
3989396c-3f5e-4a77-936f-63e6153846f5	458	364	50	16	.
45a837fc-6428-4811-9029-84a26b70a701	326	390	48	12	Babes
851efed4-e618-4be5-ba75-c1a6092a7db5	326	390	48	12	,
f6df4870-51a3-480c-87d5-a98ab424f8f0	376	390	37	12	utter
15a5f80a-7674-4e67-aa11-c76109f73344	420	388	74	16	marvelous
0a53bdb5-979a-48af-817e-4c27b2f070bd	496	388	54	16	things
81f5f151-03b5-4566-8fc7-3b3e00a919cb	496	388	54	16	,
c1827642-247e-4732-8d64-d797309f615a	552	388	50	16	449
cd9f70d1-f294-470d-b6cd-2bacf10406e9	552	388	50	16	-
ee6171d3-f273-4bb5-b96d-3fce7d5964b5	552	388	50	16	16
4a29e1a2-ed31-4e33-b6b5-41fdfd75bc33	552	388	50	16	.
85424c31-d43b-45a1-908f-2086f8df8fa7	324	400	73	14	Babblings
89cebb74-2154-42ed-b948-ace4c44b8ecf	324	400	73	14	,
89048e72-b295-4815-aff7-b7e8101c4a86	399	400	17	14	of
43006991-713b-490c-8e55-e7abefff263f	418	400	80	14	non
6b5efe8d-6867-41e3-8921-a80c2ea22f79	418	400	80	14	-
10b8a3b2-9e96-42a9-bee2-14b72592d8f9	418	400	80	14	church
8ef9c694-c1ac-42f0-b1c8-da8de962f251	501	400	68	14	members
d0b8e4e4-8910-478c-bd0c-a540fa873734	501	400	68	14	,
aea4ed06-6158-40fd-b3e9-b379dd554aec	571	400	29	14	197
e75b65d2-f34e-4b2e-ba97-fc6ea65e9714	571	400	29	14	-
271d1c66-a3aa-4b11-b70a-a40c1ffea86f	324	424	61	18	Babylon
0d1c6e55-b255-4b0a-b6e8-f36ef13e3d22	324	424	61	18	,
ab13a072-c049-47c5-beb0-18243c88dedf	387	424	50	18	Jewish
4c5da682-2a6c-46ef-98d4-f30a61043c7a	439	424	58	18	captives
dee4e966-d954-4846-a647-be229f9fcb28	500	424	41	18	taken
77e4ab11-987a-4a33-9f73-05327c3de588	542	424	22	18	to
f6b012dd-9aca-4a20-9b6f-49bca0ac8dce	542	424	22	18	,
06a19b12-3666-480b-b7e0-182681f4a910	567	424	37	18	16
8e0a3ac1-1978-40b7-83c9-e96c5805627c	567	424	37	18	-
2590dda6-77d5-4c47-98c0-0e46cbdbb59c	567	424	37	18	3
47681247-db5f-4ffb-ab20-54f61f9591b8	567	424	37	18	,
faf8a627-d5ad-4b7c-86b7-a404c76b00a6	322	438	33	26	Ball
71bedc97-6df0-4c0e-8f3f-260192c98feb	358	438	13	26	of
532bf221-0a88-4539-9bd2-509f4222366c	374	438	46	26	Brob
d867d290-2e26-4096-bed9-5a465a83ba2d	374	438	46	26	,
cef0e86a-e9bf-4271-9980-09c696041c20	423	438	23	26	see
8f4db080-0885-4140-8dd3-6377dff88608	449	438	27	26	Lo
35b28eb8-40f2-4308-9b82-001744d314f9	388	440	19	14	to
909ccaac-b610-49f2-afb2-cf8518937af6	409	440	19	14	be
852ec08a-1776-4602-8641-886a6d073184	430	440	73	14	destroyed
6adbbdd6-084f-41b8-820c-d4f75f461e52	430	440	73	14	,
0518b732-099a-4686-b9cb-a162443a0a2e	505	440	43	14	90
5939f70c-4741-4139-b175-95b3e0f063bf	505	440	43	14	-
df22e6fd-4ff4-46d0-aca4-1bad54662fbd	505	440	43	14	15
bdac902a-4945-4d69-8897-d641bfdbc3c1	505	440	43	14	.
d3a76c72-31eb-4c83-8702-54152ed102cf	324	459	62	27	Baptiea
5b88550b-0977-44da-8d4c-0828cde54ff7	324	459	62	27	,
ad87d28b-703e-4e2e-b6c7-73668f19e711	389	460	17	26	a
9f783b09-9ad7-407d-8f3e-0bfdbd9e6062	408	460	62	27	propheci
2a0afe62-6ae4-42c1-b769-194688cb514a	556	486	46	18	19
b8bd38be-d1be-4e8b-8a53-5bbecaa336d1	556	486	46	18	-
7bc06311-7910-48fe-8a74-0c78724bcf93	556	486	46	18	27
b3cab51b-6f44-47eb-abb3-af62565b745f	556	486	46	18	;
6705ccb2-ebf5-4666-b4c8-f273298403c8	336	498	86	12	commanded
9e115d5d-2fdd-4801-b60b-496f7036b635	336	498	86	12	,
39ef5307-ec35-46ba-a67a-a4bef1b97664	560	500	16	12	to
0889e5f9-0b7a-46a7-b6ab-c6447ef60112	578	500	22	12	ac
ab31bfb1-b826-498d-a5c3-a5d6b171f468	578	500	22	12	-
d85fa2e7-4a97-4038-86c9-b48f9177c5f3	489	510	36	30	oh
9eff9085-456a-4e1d-8512-e090a4e6c74e	489	510	36	30	.
58a9779d-4263-4cae-b3b5-32a8caf5f0bd	529	509	77	30	1049120t
a29c430f-83ae-4652-b7f7-269e8c532448	369	493	53	40	10s
31d031e1-1ba4-409a-86c9-7a37c1bcbdc3	369	493	53	39	:
a43f359c-75ee-418b-b731-45e8dc7957b2	421	501	49	39	host
950a80b6-97bf-4dd9-8592-cfa66000908a	468	509	60	41	010704
7d4bb2c6-3862-450e-b5ad-9a8efdd2751c	468	509	60	41	:
89d94192-56a8-4b51-bd1c-ca4659975ecc	527	519	25	35	19
e33b2a56-031e-4b65-8a60-43c19fd6784c	527	519	25	35	,
a49853be-755b-4ed7-b328-7623dd5d761b	551	523	56	41	23
d89dbdd2-615e-4af1-8276-bff70385224f	551	523	56	41	-
51eea771-0a99-47d3-8f9a-a4638e192157	551	523	56	41	350
e9bde2ee-374c-4bf9-a728-7818e62f5322	364	534	32	16	and
5c90f70e-1970-4d9c-9b95-fe9cbfb5e9ff	334	546	44	16	423
e294ab81-39d7-463b-9448-623b49dfdc24	334	546	44	16	-
b14f2902-c929-466f-a725-b5d8fceaa61a	334	546	44	16	1
8fe307e3-aeb0-47fc-84a0-7e34f31216d8	334	546	44	16	,
cff8097f-e257-43a7-a097-02766d3de7ef	376	548	50	12	437
d0413c60-e8ed-4bb3-87fa-63650fb9b000	376	548	50	12	-
93d8cf88-8397-4013-8f3c-ace67f092b5b	376	548	50	12	13
ac3e75b8-62f3-4afd-9b4b-166d3dcd8516	376	548	50	12	,
0faea98e-cc39-4104-a9d4-b33546ca60f9	446	536	46	12	Ghost
a98dbff9-1815-44c7-ab2e-e726395bff6a	446	536	46	12	,
5661c8f9-505c-4154-a31f-50c3cbb90161	112	560	54	14	mount
aca55f86-a572-4516-a63a-5c2a1252827d	112	560	54	14	,
d2e0aa29-8dc6-4c58-afa6-9b878422b76c	168	560	80	14	Lamanites
77019713-2db9-406f-a3ed-e4d00b47bfe4	246	560	66	17	assemble
3bf3890f-520b-420d-a4f2-c64248788fb7	88	584	6	16	•
fa9112dd-1f53-4bc1-a3bf-fb2985468e8a	96	584	64	16	Helaman
d910f81c-f89f-4f72-ad19-470e633d0325	162	584	34	16	goes
23316564-b919-4c7d-9e4c-3b9c5bdec440	198	584	18	16	to
329ab4d3-6207-4a76-8804-05d30ba9f561	218	584	48	16	assist
9114b105-2f33-4518-8ef7-239621538778	218	584	48	16	,
99714354-8803-49e5-9ed9-fe8d6dce087d	268	584	44	16	338
5edc90e4-5006-4191-a7ac-2e4c8276959d	268	584	44	16	-
e4eb7f07-a198-46d7-bcf8-ed3eb85e1526	268	584	44	16	9
e5bae46e-6d4f-4791-808e-000b0a606d83	268	584	44	16	;
28a1330b-34f9-4920-bfe0-d05e4e067520	184	596	56	14	339
e720f2c2-c597-41e6-a96d-6c65aad48133	184	596	56	14	-
35f7e307-ffa2-43d8-8f85-68eed936d9d4	184	596	56	14	33
f815c334-128c-443c-b683-e9668383bb46	184	596	56	14	;
23486dff-fa5e-471c-aa86-8f3d0b3d843c	242	596	70	16	overtakes
7c40dd8c-032f-468d-8511-b6e48748aded	48	596	72	27	Larsanites
e6a72293-2911-41b0-9d55-c381dd322527	48	596	72	27	,
fc3494cd-6271-495a-aa04-58b69b6184d9	123	597	52	27	34049
0ab35d97-d7e4-4df0-897d-2171b12c3142	123	597	52	27	%
fde59e24-f4b3-43f8-8ffa-3c69afcaafc9	178	598	39	27	blain
f509ea07-e75e-4405-8b9b-10143686af22	178	598	39	27	,
dc986dd6-8162-4fc3-9659-edb5fa78564a	220	599	49	27	340
c25abeb5-36c6-4b3d-be1a-ce13738d5f61	220	599	49	27	-
3ff7ed49-b554-4efe-a392-c2b2b9397417	220	599	49	27	51
c2132163-99ce-4d69-bc15-5fc18050fb8f	220	599	49	27	,
08dbe69f-a87b-4b4a-bd1a-de628ce58004	272	599	38	27	Fiela
5a0f5e61-ec85-48e6-b015-920cffa885a4	272	599	38	27	-
e2554252-74a9-4c32-8251-112098bc3193	84	624	51	10	rescues
7b247f01-5234-49f3-85d3-896cc4e68167	137	624	38	10	army
f279df36-2280-4000-a692-aabd2111e3be	92	632	36	14	land
d5bad458-dd4b-45c8-8b54-04846bf85a41	120	644	42	16	460
f3d28053-636d-44db-975a-c3c6fdd95b2d	120	644	42	16	-
a928a500-41e9-478c-8d06-6243050b02eb	120	644	42	16	3
a1163be0-b03b-4848-9daf-b50de1afb643	120	644	42	16	.
89bfcd08-ff30-4c22-b1a9-2658c4b4243a	158	622	45	30	"
a04b62e2-a9ff-4bbc-98c2-89a48de5e91b	158	622	45	30	Parce
7b6686b4-662e-4759-99cc-232be117c915	207	622	53	30	hidden
922505bd-f848-405f-b97e-84dd2e613c11	263	622	23	30	in
3b212435-cd84-47ce-9718-c06175db288f	263	622	23	30	,
9c5d1890-07a0-4074-b2cd-e953dc522d8a	289	622	23	30	br
81aa042f-0e10-4537-a350-1b564bf155ea	38	668	49	30	sportie
a869503b-f57d-4175-9bdf-6b3cc7b31d03	90	668	16	30	cf
272196c9-fa4e-48b5-9811-8b7f9f2ab3ad	94	657	33	26	rena
0ae89a72-4df9-49c5-8023-a2eae4d5efcf	130	658	17	26	by
dcce123f-e436-4f5c-841d-9f5de67f6b57	149	658	46	26	world
4df2b8c7-c9b5-487c-ac78-bbfd4c9697ef	149	658	46	26	,
ae912f96-25af-4025-b59b-42bfa9fbe815	198	658	42	26	27
a6185de8-3247-4fb8-a208-de6d45cb02da	198	658	42	26	-
7be59c7c-e1b5-4b27-93dc-4195cf25b186	198	658	42	26	22
2f2fbc01-1331-4a70-be6e-246d6ab69979	198	658	42	26	,
0c75581b-f561-4bcb-bad0-58a0aff3e700	200	658	39	26	27
5858fb1a-874b-4a4c-8c62-61258a1db1f0	200	658	39	26	-
272c9551-6feb-4234-ba26-4e325856fdb3	200	658	39	26	22
e4130a6d-1712-470e-90a3-78657971d776	200	658	39	26	,
c212f764-42d4-4903-a829-50b256c3d884	242	658	6	26	2
2d078131-30fc-4bf2-8e6e-1139a0dd8515	252	658	39	26	John
fa214549-94d0-4c24-a0bc-ea906b76623c	252	658	39	26	,
9728ca4d-d6e0-404e-bb23-e20ea78900e1	294	658	20	26	to
ac197c89-8488-48e5-abd9-5aa83254389b	220	694	50	16	19
85dab0d6-a0ac-4330-82e8-57a8c9b2ddbb	220	694	50	16	-
cbb465ff-1e32-40e4-8b98-0809617b9aae	220	694	50	16	29
964debce-309f-4b71-a7f9-4eac6acce6fc	220	694	50	16	;
71d1a0bc-3077-4d7e-890e-a95f01e51373	336	562	40	10	enter
66462da6-ae69-464b-8c8d-0d3e8ac351dd	336	562	40	10	,
9b87adc5-8013-4278-9783-218e168bc049	380	558	46	14	105
2d65b255-25e7-4532-b7a5-fe1350c85e49	380	558	46	14	-
fe58a30e-8f4b-4db1-a63d-6852e2814c71	380	558	46	14	17
b3a9eb03-4314-4f49-aa12-61e05df6b2b8	432	558	48	18	511
033dde57-f3c4-4c6f-a738-b871974464a6	432	558	48	18	-
6f2a6757-184d-4ac6-8aa1-3ea7a842eff8	432	558	48	18	4
8d59aacd-7cba-4314-a981-50c19e7c3764	432	558	48	18	;
17e7a8d9-f8da-440b-8d0e-4372de8cb216	336	574	66	10	covenant
029d38dd-98c1-425c-9442-4924769280be	568	560	21	14	of
c5518679-ab57-4dcb-a04d-f65a5cf0ef77	591	560	11	14	a
d9af5e20-2bc3-402b-b6e0-cc5e7787409f	440	572	30	14	the
4a2d6763-7a8e-4928-9ce0-71cf373c7e70	510	560	60	12	witness
a09a82a9-045d-4d1c-836c-dde8961e8280	518	572	56	14	168
03ff68a1-8d22-4cd7-ab78-319d1c05d11a	518	572	56	14	-
3385238b-e318-4a3b-be17-706405941141	518	572	56	14	10
ee325c26-3381-4bf7-adb4-f8e7bb05b060	518	572	56	14	;
518af9f7-02f1-4f41-bdfc-a0494b6f3454	576	574	24	12	ad
58b0fe74-86b5-4467-be25-d8cfd1af64b4	576	574	24	12	-
a96b236a-e301-4a2c-ae31-9a14775153e1	436	584	46	16	Alma
efed01ac-1bcc-4392-8f8b-bc9aad6bbd1e	436	584	46	16	,
07ff4b57-8b53-4594-9cb7-de240e32e4a0	484	574	28	10	ord
341518b2-a500-4100-9709-8e07ec9d80e5	484	574	28	10	,
84b84332-ce64-410a-91e8-74738293c683	482	584	52	16	168
7d6d39c8-8496-4f85-ba09-9519a80edb3e	482	584	52	16	-
a3756242-2671-4b36-9001-061d9b3569c1	482	584	52	16	13
9cb9c3ab-d253-4c20-8700-10e023fffe92	482	584	52	16	,
ebc68c42-ed65-461c-94f4-d97f2249d603	536	584	50	16	214
eea5e7da-1ba6-458e-98e7-1bc091b60ca0	536	584	50	16	-
ef58f975-01d9-4ee3-9e51-7aaba745a45c	536	584	50	16	5
e6d3c867-e1ed-4304-81b9-38a7f66cf0da	536	584	50	16	;
e5dde546-e538-4848-bb82-ff1180a75815	584	584	20	16	of
87a45df4-79a1-454e-9269-d4a6678b2852	456	595	21	14	at
418366a5-79e1-496e-9e67-49e3ae11654d	479	596	49	15	Sidom
64f57f8e-86d0-495b-8598-3c47aae1e179	479	596	49	15	,
a28c0acc-5a1e-43c8-8259-f80f242fe994	526	596	56	16	234
5696905f-daab-4b2f-9f17-123233863ce6	526	596	56	16	-
91c41092-f42c-4184-902d-55afddf2d3f3	526	596	56	16	14
d8ce20ec-c128-4521-8109-bdcb0cf090b4	526	596	56	16	;
11b49015-26a9-4308-92ac-4e38214ba5a2	334	610	36	26	Bons
5150c6a9-622f-4827-a2aa-c04edb055e78	373	610	16	26	of
67ba85bf-b908-467d-ad72-7c81f12dc77a	392	610	70	26	Helman
40d017cd-c9fe-44b2-98d6-5243714c76c5	392	610	70	26	,
90e399fd-fa76-47ae-87d8-b0e92d81961d	456	608	48	13	370
959ee3b8-40f7-4dd1-8f7f-784f918df98b	456	608	48	13	-
20c77f60-24a6-4f47-bc66-50c2abb22338	456	608	48	13	19
5e4a34d6-25ae-4008-8ed3-16804e047189	336	634	42	12	cipies
7a45bf88-e998-467f-af08-f569a313ee1b	462	610	51	24	370
3df45797-b3f8-4e32-a79f-26cf0a8c3f8a	462	610	51	24	-
326cb50a-031c-46d6-87d2-54b0a24742cd	462	610	51	24	11
73158cdd-ba29-42a5-b6c4-60f47ff58d1f	462	610	51	24	;
2e556a0f-7e67-43c6-b069-92ae8df1efa5	516	610	62	24	Preeche
3b366c0d-ad61-4aa5-92d5-b75297e7c70a	586	598	16	12	of
fbe57cd2-88d8-41da-8580-57c920a340ec	578	610	22	14	by
69a2783f-6b63-4e71-a58f-cd120259a54f	572	620	30	16	dis
554e8c72-ff53-444d-8731-6998b03c5163	572	620	30	16	-
53d0c3f8-8d8f-44c7-8f99-52eb4d151b7f	462	632	21	14	to
4d23805b-898b-4e3b-9fcc-f4ee8f8ed7b1	485	631	57	15	pertorm
7833f152-529f-449e-b15f-a5b91dbeefa3	485	631	57	15	,
144a8c66-879a-47e1-8056-c7d41f64eb1b	520	622	24	28	1
881f19f7-5265-44b8-aee0-8b32aa3e5b9f	520	622	24	28	,
6b0e8ec7-0133-479c-a85a-a36d3af50014	548	622	54	28	422.22
9a3b585a-c801-4c10-8356-5d8c39587209	548	622	54	28	;
5d6ce921-0f79-4e6a-8177-d6f37eec2852	336	646	43	12	423
9ab03a80-736a-4028-8131-b32c0227912a	336	646	43	12	-
24326dc3-4c7d-443c-b011-dec41839d125	336	646	43	12	1
f93fea10-300a-41ad-ae08-cf25b0a64c81	336	646	43	12	;
55469f95-b1be-43cc-b045-534ae476041f	381	646	35	12	form
de750554-eb61-4f13-9bfb-89fc6f8369f3	570	646	30	14	422
1679f453-1cb6-4bc3-97bc-f102fd23b55b	570	646	30	14	-
231710bf-bd8a-4f22-98b3-823f939c22ec	336	656	24	14	25
8f27ad2f-e4fc-4753-8817-7db956695400	336	656	24	14	;
762d2681-2dcd-466f-ae97-3140eb1e4d95	362	656	17	14	of
7490aa3f-361c-4c0b-807c-66d27b0f971d	381	656	45	14	Nephi
f1dd11c3-f03c-417d-883a-d97c4c047172	381	656	45	14	,
52215008-1ff9-4aad-bc06-3c47c96b42de	336	672	18	14	DY
89ddd0b1-df3b-405d-831f-7f3e15092a90	416	642	11	30	i
793c21ac-28f5-458d-897f-169ee0c50403	431	642	26	30	od
9f54ef98-30fc-4d41-96c7-8a17cdb0df1c	461	642	15	30	of
a44f2306-d9d3-4e3c-b01d-e1743ce862e2	480	642	67	30	Heapan
da2f5b1f-02c3-492a-89c9-d7345cf4882b	480	642	67	30	,
8b328d95-3420-4635-97cf-483167ff3f62	551	642	19	30	4
c2f496de-1a69-4793-b926-28f0cddbfaf2	551	642	19	30	,
d9dfbcbd-a021-4da6-9af6-e5c41816b996	573	642	29	30	277
74877db3-eb16-4ef4-b6ee-a6fd6b16bc04	573	642	29	30	:
63b0b570-44ec-4506-a5f6-82706319f5f8	356	670	48	16	Nephi
3a4833f7-19c6-4bb7-b011-b655cb7cf2f9	356	670	48	16	,
44915549-4fe6-4fe9-afcf-ba17cddefa99	338	682	30	12	tion
0bc00577-6100-49d9-9bdf-c334ce970249	338	682	30	12	,
e89ed650-aa30-44a3-8c1b-89f13b3fbe4e	408	668	52	14	437
76d41c4e-603b-4cf7-94a9-2dc5c46cc4a8	408	668	52	14	-
0bfa3f37-c0f8-4172-a079-ba928229e09d	408	668	52	14	12
d5e94b94-5cd3-4086-8e74-ed360987cc96	408	668	52	14	;
17ab1942-fc29-4717-a00a-816e8ed53ab4	462	672	68	12	necesar
a6594791-d586-495d-b5b4-9a76c8fdd652	554	670	48	16	salva
ea9c5460-ce89-4bd0-aa0c-b6db0bfb94f8	554	670	48	16	-
ce31827d-2f3b-4b68-ac09-249eb872a2e3	434	682	56	10	486
f9a09777-e1ad-4850-941e-fbb8dc3c8988	434	682	56	10	-
bb9af9ca-6be2-4f31-8555-9edd8f0ee9ce	434	682	56	10	18
69c90287-8d0b-4c8f-ac63-428f09223ea3	434	682	56	10	:
a570efb3-d21c-4877-8074-a327e79e04b6	520	682	50	12	twelve
a01cc9bc-1c98-49d8-b343-fe40f221076e	572	680	30	14	dis
464c8d08-60ef-4274-a84b-bc8ee3c9d083	572	680	30	14	-
0b832f90-f062-4711-b5ea-381fb4d1e133	334	706	52	14	511
9fe21519-9f8a-4b1e-882c-392958fc8c3c	334	706	52	14	-
7dd4777b-2294-4d7f-8544-aa4110f60202	334	706	52	14	ch
83ff7cd3-e290-47c7-b05d-3743beb2c29f	334	706	52	14	.
be69e08f-27e9-46a4-a412-3c31da6f3557	552	708	50	14	wrong
2646aada-b62b-4585-965e-6049b7d0ad73	552	708	50	14	,
da2afdec-8804-4136-af52-75f32b4eb5e3	44	718	20	16	of
cbbba3d2-4ff3-41f3-a79a-c98df5fb2172	64	718	46	16	Israel
1612e524-b1c2-42cd-b8ca-d027f5019613	64	718	46	16	,
41b62dfd-8720-45b0-8d2f-3a29ef24c027	92	741	53	31	cool
10c56ba2-be1a-444f-9623-08fb25072d2a	148	742	38	30	wor
b158469c-3fe0-40da-b53d-7353efdc944c	44	766	84	28	206
ea64acbc-8f33-44da-a338-7397f14f4f6c	44	766	84	28	-
60c673b6-0048-4175-90f5-b9b648b4f68d	44	766	84	28	zeness
5b0ab7ca-58a8-44de-930a-e847c71b4ca1	106	756	42	28	we
1cd30383-ae5f-4aef-a399-c623ad3d1603	106	756	42	28	,
b4d97f9c-8b69-421c-940e-5429c04fbd0d	151	756	45	28	cause
ff8c5832-f692-45b1-8718-89048d9dd5b0	200	756	21	28	of
963cd09f-4e32-4ad3-8c8a-8c2de2efea88	225	756	87	28	persecution
a675a286-ef9f-4102-a96d-b726602d3602	225	756	87	28	,
24283f18-82ae-417f-bd15-65bc6f150c32	32	790	82	18	Archeantus
950fc237-3b7c-4272-a022-f23bf8a6ccf6	32	790	82	18	,
9e9bea50-3298-4ec8-a346-333c92e43d1a	90	790	45	28	4373.2
ba22f41e-716f-48af-b687-af681ec602fa	90	790	45	28	.
f092b59d-68b0-4467-a7d8-47543b7d9722	139	790	52	28	Nephite
e67ff334-b08f-4ffd-9591-a83718fed323	195	790	52	28	offcer
bf201040-a34b-41da-83dd-fd22adce98dd	195	790	52	28	,
4fdf1c9a-548e-4572-9775-d8cb13b039f6	251	790	35	28	slain
b3203f1e-f46a-4844-91bf-d8b655ee1291	289	790	23	28	by
c0fb8b15-e360-446d-829b-5e4d10c964c8	152	818	52	22	199025
3703195d-6c74-4548-aed3-be92e8108b8b	152	818	52	22	,
262f6255-759f-4c7f-ba1f-82d75017a7b6	207	818	52	22	165
be82df9d-d9f6-4f9e-9dee-d18cab9073b5	207	818	52	22	-
e3b6627b-a3b0-4aa3-9c24-97d7fc6bc11a	207	818	52	22	31
c4b203c5-af6f-425c-833c-8594a7423ae7	207	818	52	22	.
9a3f76a1-4bf8-46e9-9327-6df08d8e2ff9	262	818	48	22	241
aae17e28-284e-4557-9341-f1fef9a853c7	262	818	48	22	-
afe1555c-e6c2-44c9-8b47-37d2697b3718	262	818	48	22	35
c666f1e4-6d4c-4e4a-a583-0262bb080a2c	210	828	46	12	165
2e4b3bdf-54eb-4c26-ae5b-867ee4452ccc	210	828	46	12	-
f18ccf4a-daa5-473e-bb7a-427b57ed45bd	210	828	46	12	31
66deb370-46e7-473d-9430-c244df9cf281	210	828	46	12	,
df287017-b823-4e8a-bac1-a697c3c82219	258	828	54	12	441
34698acd-d827-4a08-bc6f-bdbba36cc5e3	258	828	54	12	-
2ea53bb4-6d4e-4a5d-8c28-75c099a7ea01	258	828	54	12	35
b085921e-ffd9-4118-a95a-6f13fcf7134e	258	828	54	12	:
a44b1620-0c85-408a-9b12-2dc7fe0fd0f6	114	838	39	29	Come
1fdc222b-7743-4113-8288-d6193bc31815	156	839	22	28	co
9b83a5c2-0c92-4469-bd00-6f55f2e70eb5	156	839	22	28	,
e8902aa2-a1e1-47a9-90b7-8e1da5ab4baf	180	840	43	29	122
2b8e3cfb-aa5b-43c0-9049-64daf5aab165	180	840	43	29	-
3156f930-bf35-4cfc-aecc-2381b5635eca	180	840	43	29	5
c04cdf0c-8431-4bd0-9987-38b9fb4110ab	180	840	43	29	,
73d280a6-6066-476b-8e9e-3a902c6e80b2	226	841	57	29	418
5948e0f7-e04a-4107-9a50-9a8a55e66e4e	226	841	57	29	-
ff95605b-cb3d-471f-a419-61806e8cc307	226	841	57	29	14
0514a190-bddf-4d05-af11-f05788024347	226	841	57	29	.
b873a0e9-7ce5-4447-aef5-1aab044f0b31	282	840	30	16	See
87f2c420-6002-4f2f-994f-4ff9690df877	266	878	44	14	mercy
9bac9cf0-0483-46b1-a859-08655e1cd55e	334	718	45	14	516
c04e88ee-421b-48c7-92da-b67810b0967d	334	718	45	14	-
8c831d6a-1415-414c-9570-6c03fbfe68d6	334	718	45	14	9
c91e7810-eea6-40e7-8501-7ef0d60e72f1	334	718	45	14	;
01a1eeba-8fa3-48c9-8706-6e192bcba6c9	381	718	17	14	to
57898035-55c0-4326-812d-34959ebe53f8	400	718	17	14	be
9714c7f2-3720-41d9-ae3d-8fba2bd22b0e	420	718	89	14	administered
db32522b-4b27-470c-82d8-c78412d7dafc	511	718	19	14	to
03735520-2b6f-4219-bb0c-2fa5ae31af5e	532	718	38	14	those
16efceba-c0bc-42a3-b0e6-b9b3276361ee	572	718	28	14	who
5cdac252-799a-4780-ba6f-cd8d3e27a347	320	728	34	46	Bic
ce396b13-30ac-4012-9d93-e864c88c0417	360	728	23	46	60
c7130628-ab08-4a11-a721-9c7bbd3ffafd	360	728	23	46	,
7ee39d7c-82b5-4841-ba6d-0dd63eb4ce5c	389	728	23	46	36
72d10da9-b15d-4528-bc1e-f93aeb26fc88	418	728	29	46	2
7c0dc202-1428-4b0e-987e-b5474c35c02a	418	728	29	46	,
1d601472-6895-4a36-a21f-38b977ae3306	452	728	17	46	2
a1211ba9-aa38-4746-8b17-5acb132397a3	475	728	21	46	2
6e40fe29-753a-417d-935b-cf3b9aa709a6	475	728	21	46	,
3077e402-0027-44cd-900b-7089728f2f24	452	730	50	17	516
5d282d52-6c41-412a-8691-a67730bf0faf	452	730	50	17	-
d9ff9dbe-4348-4ecf-ac35-203563fc7df2	452	730	50	17	10
fb1623ba-357e-4d50-830e-9e7a5de38f03	452	730	50	17	.
aed8683a-5a86-47a3-8c1d-2efdca3d7f91	476	744	16	26	4
4997b1a3-d1a0-46f1-9a6b-4f4c124f89a6	476	744	16	26	,
ab1b6813-fb3d-4db5-bd41-31af84a5adc9	495	744	50	26	225
771877ba-c37b-44bb-a19f-b76ffd18abe9	495	744	51	26	-
f56ea427-6787-442e-9f9a-a6a691f6ab2a	495	744	50	26	12
4306e3e4-9e11-46e0-ae9f-70036c5599d3	495	744	51	26	,
b452ba28-7dc9-4a15-be74-b6560a4b44ad	502	742	45	26	225
89bc9b69-b54d-4253-b495-f934a9464e93	502	742	45	26	-
24f0de9f-8778-4182-918f-883a20870f7c	502	742	45	26	12
7d2877a4-86f0-42b8-9ca1-e773c34a9f1f	502	742	45	26	,
48959537-52ba-4283-a477-62508b93bce1	551	742	51	26	478.13
4ed0a443-a470-435c-b2d3-6499141e9d20	551	742	51	26	;
8f23ae37-71ad-4701-a719-9a8f39467417	332	766	50	16	522
1bd59ad4-01bc-40ca-8025-975e5dd1a3b5	332	766	50	16	-
47d6b0cb-1be3-4a80-b36f-0e3b360f5819	332	766	50	16	34
765b43f7-4a0d-4222-80dc-78b118267aa1	332	766	50	16	.
b08506d3-a35c-443b-8da9-43c263446179	322	778	56	18	Bargee
b9b1f1c0-bb81-4b5b-b03d-8d4c9fbbd6db	322	778	56	18	,
c3c675fe-c78f-450f-9121-a51b2d213770	380	780	40	14	built
28fec08c-4c6b-4aea-b38f-9f1f3c6ad0d4	422	780	23	14	by
4f7cb133-a24e-4c9a-9a50-abc60acdae41	446	780	45	14	Jared
3cd25d52-10c5-4072-a633-1aeee64cc6de	446	780	45	14	,
2f53f7fe-1199-4f9b-a133-0b973afe0c8b	494	780	49	14	480
a099b6c1-4143-4f36-a910-cc9a872f7030	494	780	49	14	-
eb88563d-956e-4d74-ad2c-bb155946a38f	494	780	49	14	6
415f46c0-637a-4707-89a2-1fb338d9a272	494	780	49	14	;
d431eebe-ec75-42a4-bdfc-9536ecf2e32c	544	780	56	14	descrip
28973b1b-592e-4988-b054-464043b8b155	336	804	23	26	pia
b723a9dd-3e71-401c-96b5-560d03258fc9	362	804	13	26	d
11a3316b-da19-4225-a01a-74f991d7ed34	362	804	13	26	,
4fbe8da9-d5b6-434e-8f88-c952b9ea6b2a	378	804	19	26	487
0567fbc3-ea67-4ff8-8cb0-4489d2bb589e	401	804	26	26	Ch
b25085ed-d9b2-4ce0-9d5a-39634ac64514	401	804	26	26	.
02aa1779-3428-4934-a642-0e6991f14fe1	430	804	22	26	6.5
56850245-16c4-42aa-8490-52cc46b2d2ca	416	802	54	18	487
8ee2249e-2d84-438b-ba58-1ecd3186beb0	416	802	54	18	-
411ee0c8-665d-4f6c-96e3-cc2ef6eec6c4	416	802	54	18	ch
82b1cf02-0b09-4ab9-94e3-7100594ab0fa	416	802	54	18	.
2711eb85-8992-4ee3-85be-c8df09e94fb7	472	802	32	18	6
93696cf0-8a49-4fef-8d79-2fc8834f1d8f	472	802	32	18	:
2da46bd9-6b85-4f7c-9666-af9a4b123932	472	802	32	18	4
0c620e03-6adb-495c-a362-bc0a83713dba	472	802	32	18	;
095f6a30-5c8e-4006-adcb-bfa2dcc543ab	506	802	52	18	driven
cfdc2431-da4e-4ed6-90ba-a7d5c30314c6	386	832	44	10	31008
9bcc2425-82f9-4605-834b-cdf80c936d44	514	828	65	14	foreaeen
75e96549-9060-429a-a752-ca68d8113bab	580	828	20	14	by
e51c540c-20ae-458c-a971-14d00ef16b58	110	888	52	14	207
481f0099-3694-4dd3-b981-97c3985c7d0f	110	888	52	14	-
d6b347d5-45bd-4562-9fcf-59c8072b61d3	110	888	52	14	33
a1e33a06-91fd-4449-a17c-d514280c3f5c	110	888	52	14	.
68a34daf-a6ac-4e6f-8aa3-5ebc845b3e80	324	890	54	18	Beasts
5f023d80-0284-4cdb-af16-8d293605e00d	324	890	54	18	,
6c6d86ae-65a4-43cb-a9e2-5b5fcac4e5ca	380	890	38	18	wild
fb4aaa5d-6794-4871-ab28-905aec18abb4	380	890	38	18	,
0e8e7383-2030-4a93-89af-9c9051500780	334	902	48	14	33
1a4e9b37-3d81-47da-af6c-75a7aa246e04	334	902	48	14	-
b335b87f-e2a6-45e5-8b31-f4083c6f6f64	334	902	48	14	31
3ec649ed-4dd1-42c7-8175-b4a13e918aff	334	902	48	14	;
56876976-8290-42a4-bdcb-420deca5f587	384	902	24	14	in
61d962ed-b154-4fe2-8a3b-fa523338cf1e	414	900	38	16	land
511c6cf5-91cf-45ed-89bc-075ebb21c653	418	888	38	28	alain
ebfabf06-d14c-4c32-b570-30c39ae6360f	460	888	24	28	for
1fa928b3-895d-4530-99ff-99b434da31d0	488	888	35	28	food
970439ec-061f-450a-9b5c-27713c2be7e8	526	888	21	28	by
7c66d8db-3c35-4b19-a4e5-78bf7f8dc9f2	551	888	51	28	40
58739ddc-f0b5-497e-a7c8-9bf8b8af49c4	551	888	51	28	-
d081c371-fff3-46f3-98fc-b6fe9164994d	551	888	51	28	2
9a2543a4-70a1-4e43-865d-bb0a843acb23	551	888	51	28	,
d6915b5d-211b-4f17-b1bb-46da7f041fbf	484	904	64	14	promise
0ad29a98-fe20-4308-baa8-64d6a1b2a930	484	904	64	14	,
2b92a8ff-65fb-478e-b144-717251152aa9	556	902	46	14	40
c589517a-9a6d-4013-9530-56cee51f741b	556	902	46	14	-
e2045f99-a6a7-4de4-991f-cf88bcc49e94	556	902	46	14	25
ca6436c2-2384-4134-8a2a-fb7be98f9d53	556	902	46	14	;
