ID	X	Y	Width	Height	Text
e0f28968-d758-4d12-a4a0-4aed10a1f390	294	66	66	16	INDEX
566ab3e6-484d-455e-af56-de11cf2bdf7d	580	64	32	18	549
59076882-8c3f-4864-bd78-52597be5ff3d	46	94	42	28	Fleec
32e734aa-5eb6-4c23-a52a-0c214a422afe	46	94	42	28	,
d9ed1815-da56-4d96-ae29-369c0fb5a00b	91	94	28	28	luet
0fe6596e-e427-49b2-a8a7-789279d981a6	123	94	14	28	of
faa835cd-5276-47b3-aa30-01ace7cac89e	140	94	28	28	the
a74b4607-3c56-4dd5-bd53-37829f1ad0aa	140	94	28	28	,
205c07b5-9c34-468b-82ed-4f8f73dcb551	172	94	49	28	163
59a19496-4e9f-4bc7-bc5b-900f36625d81	172	94	49	28	-
eb769603-a7f4-42e9-af45-f154c45669e8	172	94	49	28	3
8b67f320-2a39-4738-9375-4482e5ec561b	172	94	49	28	,
e24c7721-4c84-444f-97c9-fd43a170b16b	224	94	31	28	and
c7fa802c-482e-4c1e-bc8f-46f64e17b0cd	259	94	38	28	blood
09828a8c-f359-4cd4-ae29-678b8a6b2779	301	94	24	28	on
a1b2bc1f-0687-443e-bd7e-feb04142e470	329	94	59	28	316
1d476129-4a4b-4937-b65b-8c187fa192e1	329	94	59	28	-
be4512c2-9199-4aee-8c76-932f74488804	329	94	59	28	3
d5b67c07-eacc-4722-b387-cf3a6175e9b5	329	94	59	28	,
323f99bb-99bf-4d00-8019-e2180c2d9844	392	94	38	28	390
1dd72a4c-f3c4-4955-8041-20ae6ce8a144	57	105	60	19	because
76fbe91d-d43d-4f17-8b65-f078e04227eb	57	105	60	19	,
1ee9bf18-22ca-47a8-8514-0db5bd492976	138	104	35	22	the
87fcc610-9d07-440f-8b7f-6aefc725bfc9	138	104	35	22	,
c5f9bbcf-507e-4e43-80dc-5c73ebc4c128	110	120	33	12	how
111e300a-aa6e-4721-bc91-ea61281768da	145	120	96	12	administered
cf957a8e-56bd-4873-ac4b-4260de6900a2	145	120	96	12	,
6df6cc0e-0a89-4157-9d1b-1156767f14fe	242	120	53	12	511
25e55270-06d1-4c8c-8cda-0b7ce908c211	242	120	53	12	-
c5e8d607-67a7-41dd-a396-e39c6945a778	242	120	53	12	ch
14cfbc36-b9d0-4c7a-9efb-3ab801fd80b4	242	120	53	12	.
4aeb14df-ab16-48d6-865f-f9d4127ee108	296	120	24	12	+
de7c805e-c399-43ec-8a77-e6cb9649c0a5	296	120	24	12	a
b52cf137-9e43-4c54-94a0-d8619cba20b4	396	94	49	26	319
c6603da2-63d6-40a7-b026-91523ffd57e0	396	94	49	26	-
44dfed66-708c-4907-b479-98a30171974e	396	94	49	26	13
24df7532-d676-4f4e-92e5-5be3ef818942	396	94	49	26	,
60368ef4-cb99-4dea-9452-6527aeb28728	448	94	58	26	527
7ccb57a0-1507-4393-b74b-acf97372ff7a	448	94	58	26	-
15aa3164-f9ff-4771-a420-7320eeabd496	448	94	58	26	10
42a96f85-55ea-4605-b99d-be9348be4223	448	94	58	26	,
1f2ba716-f36f-4220-92ae-9d768bc6a252	510	94	24	26	331
10007ad9-ed5d-4e1d-9946-9fa910aaf4b8	548	94	66	13	Nephites
e25c7cbe-c9cd-4381-8aa7-c447b75954c2	548	94	66	13	,
190d3efd-2265-4fe7-8aec-93e2ba066638	512	106	46	16	331
df2c0e49-277a-4a61-8010-7f094eb5d2ce	512	106	46	16	-
618f091f-e0fc-4dbd-ad42-e8c7a44acee1	512	106	46	16	7
1cf2ec79-6268-43b3-839d-c0eba57c991a	512	106	46	16	,
c750191c-ce8a-44e3-bcfb-36fbfab61365	562	105	52	14	404
e191a379-28e6-4371-b5cd-d282f34c9519	562	105	52	14	-
64e6801c-2ff5-4f61-a04b-8f6ccd3e61a5	562	105	52	14	14
b6d6e92b-1a3b-4e5d-a413-6322f87e2b17	562	105	52	14	:
10a499f0-a906-4315-9ddc-66517a4a0bc7	346	118	42	15	taken
022fe64b-c82d-487f-bcfa-6ddd7d4054a3	390	118	22	14	by
64400af4-aab2-4dff-b4cc-f14f60c32193	494	118	52	12	326
d7f1658b-d684-487e-87fd-b7a26f8b8674	494	118	52	12	-
c4fd6079-6e76-4caf-b737-89d05b6567f9	494	118	52	12	23
5f534164-6d83-4a42-8fe2-6aaf05b1d69b	494	118	52	12	:
abc121b8-96d8-4f96-aed6-305081415e3f	548	118	64	12	prisoners
13f317d0-0b92-4bab-8dfb-57fe9ba5727e	58	132	22	12	ch
74c93ee2-aa0b-4807-8719-91d4389b872b	58	132	22	12	.
f06a290a-1b26-4c13-967d-357b61617f08	82	132	36	12	5
8c31beb2-b2f4-4a2d-8173-e13de73b0c41	82	132	36	12	:
4bbf454d-74ac-4524-b940-13e16796109f	82	132	36	12	1
de6306be-7b1c-44b2-95f8-202164f4db83	82	132	36	12	;
57595b2f-eb3c-4773-8579-db962923af30	116	133	60	12	human
a9e2e154-dfdc-4329-b58f-cdf164674f89	116	133	60	12	,
da1a1afa-200f-46d8-91ac-841d44b340bd	56	142	63	18	children
1eed1296-1feb-4cf6-a394-19c13754505f	56	142	63	18	,
9c5d714b-ba17-4099-a14a-82952fcf79d7	121	142	43	18	518
713b6cc4-d4f9-48f7-a03e-1f2070d0068e	121	142	43	18	-
9bcbfe1a-542b-41b3-a4d1-c3e40c9d3867	121	142	43	18	8
58136eb6-b1bc-471a-9037-95920b536247	121	142	43	18	.
2973c256-2990-49f4-abd6-e4eb265886f9	180	132	31	10	fed
5fa753d5-2ba7-421f-8b9b-ddb11e5e3dfa	213	132	24	10	to
4ea38b2f-59d3-4ef5-b6bd-5995964645b6	238	132	56	10	women
321d58f4-4eeb-44fe-b8da-1fc3d758fb9f	295	132	27	10	and
4ad901f0-1bbf-415c-97af-b583af71a00d	346	118	37	30	tre
e673853a-365a-4997-a2f2-dc2dde135d12	387	118	22	30	b
0f441ac0-8140-4f99-99f2-cb56c14da25f	387	118	22	30	,
2fcf8cc0-a8f4-42f2-93b8-a7d31d59f9b0	413	118	45	30	336
007095ca-4d93-46ff-a3e2-0a6c35ae3bb0	413	118	45	30	-
75236f36-c1eb-43b2-8204-4faa02f16c49	413	118	45	30	257
3d6f578d-1269-40fa-baa5-69cd318f0ad6	462	118	19	30	00
8e0f4863-8215-4f1e-8fa8-8678d5e8b4f7	485	118	41	30	801
dfaab5e1-94fc-499d-8cee-959ca2fd0c79	530	118	15	30	a
1777a639-9948-480e-8a65-c3ccf57ee800	548	118	68	30	uner
ca11a692-355c-4ce7-825c-865f76959090	548	118	68	30	.
2888f8bb-04bd-44da-ad4b-1fb4aa062e4b	44	154	50	16	Flight
698bcf89-66b1-4e07-9d3a-70e1e36beb82	44	154	50	16	,
da538d44-a5f2-4c12-8b70-394c8cf5906a	96	154	18	16	of
03707e8f-404a-4239-9d26-25165f791d1e	116	154	34	16	Lehi
9f36c1b3-493f-4727-b025-dcc7b6bed2ad	152	154	38	16	from
c88879a3-5439-40c8-bd43-db92cc7aa632	348	142	40	12	461
b571b828-c4a5-4f13-8b52-80a13e2f1e44	348	142	40	12	-
28be6ad9-ad58-42e8-981f-24b0b0569c6c	348	142	40	12	4
72ad69d8-6192-4859-b198-61a0cc543693	348	142	40	12	.
f14fa732-0a61-48b4-9490-a8d7650e2177	58	168	74	14	Lamanites
10ebc857-6f31-4f08-beeb-f87b75c0a2b6	56	182	26	14	12
1bd5832a-eefd-4629-b695-08c1eb5f3f45	56	182	26	14	;
f97301ee-b492-4195-b5f2-6767d6d2c3df	0	0	0	0	 
8e3e3b53-a31d-42df-9059-0be987eeebb8	84	182	22	14	0
7b665a9d-5cc0-452e-bd4e-c14bfd0272b7	84	182	22	14	?
f86d0ebd-d5dc-428b-98c2-7ab34b401af4	136	168	46	14	before
fc7cd1ae-4cf9-4b00-9df7-e122b2738f78	104	182	82	14	Morianton
ae2fa2b5-5a28-43f4-a3a7-92c6a6ac4f50	104	182	82	14	,
91f39e3b-d8d0-4d3b-9304-9497fe96243a	184	182	58	14	323
443af43c-12d0-4b51-848a-8e90a16336f1	184	182	58	14	-
2a70142d-31c7-4d2b-9c0b-f72dadee4477	184	182	58	14	33
cb8e526b-e184-441f-aca9-af958739ff5d	184	182	58	14	;
39c7dbc4-a197-443e-8167-c0d5088afacb	243	182	23	14	of
a6a4cc41-7db3-4849-860d-a008954af3bf	186	194	72	12	Gadianton
83c6cd87-6a15-444b-816d-f225891af6f5	346	156	52	38	500
2ba68a87-155a-4ad5-af48-e85e8ab79bc5	346	156	52	38	-
b64cbdb9-ea88-4c7e-9568-bef18fed4c8c	346	156	52	38	3
18ca1d84-7080-4526-9c58-204d8fdc4d9c	346	156	52	38	:
7ce5cb7f-0e13-4d7f-b773-f70a62f6a29a	403	156	81	38	7,4423
8ac358f9-712e-4473-8513-fbe58f1b33e8	489	156	125	38	grant
1eee65a2-51e7-4be7-b5bb-e742b0f7e252	348	180	50	14	100
e8163797-5733-4522-8213-809f9241a6fc	348	180	50	14	-
194bd701-734b-430e-bc8d-9a38db8af5f6	348	180	50	14	28
35200583-2b26-4658-b701-8355bda52e53	348	180	50	14	,
94310858-1c00-4bf0-b0a7-9997d10fb821	568	180	46	14	Christ
e8acbefc-7c57-43f3-8a8e-176edce1cba7	58	196	32	10	men
33945778-a4fe-43e2-980d-280104bc625c	58	196	32	10	,
8947ca4a-0648-4a22-a099-56eca96c91f8	56	206	58	14	363
c04a137e-1075-409b-abd3-9dd66b9e6833	56	206	58	14	-
f9100e03-a55c-4433-a08d-e1d5b435722c	56	206	58	14	11
0c43975c-6338-46a7-963a-d26979ba4b81	56	206	58	14	;
84654f83-01a3-4a68-8135-7060705af684	266	196	54	10	rObbers
89ca4faf-f1be-4fc1-b804-d9f7f981a2c9	266	196	54	10	.
86c500b2-6b44-4bbe-acb3-558d9738a196	100	196	12	24	;
d9c4c41a-4621-44f6-8412-b25b1553a4f4	115	196	24	24	of
ed3211f5-8945-4c84-b1d0-2ba464c8bb0b	142	196	42	24	king
64bd999a-a217-4f4b-8627-b8ced36d5293	187	196	51	24	Jacob
7886df1c-ae4f-4c1a-ac38-6ba89482b33b	187	196	51	24	,
83df6e3d-2a1e-4836-96d2-a8ac5733bde4	241	196	60	24	413
5e6c173e-a114-4d4d-a338-0921cacd5f20	241	196	60	24	-
5f139c98-d2c6-422c-9524-42fafbaa7979	241	196	60	24	12
1f4a1ede-b57f-41ff-8f85-c3b31af7cff5	241	196	60	24	;
67a349be-2050-4ce7-bc94-627b5ba38458	304	196	20	24	0
6c4f6766-da88-4a0b-a2ed-c06a9b5dd77e	304	196	20	24	.
3f91b9c0-cafb-47d0-bfa2-1b1d772b087a	348	194	28	12	the
cac31c90-d3e8-4145-90a9-7b30e7f6ea7a	378	194	30	12	one
459a56cd-1709-490c-b07b-25feb89c9cfc	56	218	64	16	Mormon
23fcf061-78bc-4d7f-8210-22e9f95edbe1	56	218	64	16	,
c1fb2de7-a880-4f01-b7de-907120a30275	122	218	42	16	468
6d333779-a0b3-4cae-a6f0-0371cee85c39	122	218	42	16	-
0fcad036-ef60-4b03-9372-cd59e1685de2	122	218	42	16	7
da4d19c9-9f3e-4efe-80d5-988e3e5089dc	122	218	42	16	.
373a5097-0b7a-44af-83c7-9c0fb3d3ed7b	346	190	24	28	dee
3b2556ea-b74e-4c06-8823-7c4795646c74	374	190	56	28	ruction
77b76287-85d5-4cbb-9ef7-dbcd67e9287b	374	190	56	28	,
104ce7b7-5135-4145-845e-a7320fca7626	433	190	45	28	2212e
538fcd5e-58dd-4d57-afa9-a005bbb6ed90	433	190	45	28	,
698710cd-c111-4fc7-8800-08bb77a2f389	482	190	52	28	114
6478e1d0-5a4d-49ae-ade9-3ffaaec8b5dd	482	190	52	28	-
398a8d55-a9cf-483e-b529-4ff11194bd07	482	190	52	28	15
b9bf96c7-aecd-4fc6-9d78-782905aaea83	482	190	52	28	,
7d45b826-7fc3-4e78-bfde-d9fb0744679d	538	190	56	28	369
0bb55579-5b00-444c-9321-7754e664ff07	538	190	56	28	-
bc626002-5db3-492e-97af-0f2745fb1efd	538	190	56	28	12
44fd7a7c-17a5-427d-873a-47ea1ad4dc9e	538	190	56	28	;
87f4edb8-6dc2-4c8a-8007-d096556593e4	598	190	16	28	of
386ef0b0-1bb5-4eae-8a7d-ff6a87248ffa	338	218	60	12	Founder
f51c6599-d498-48c2-a6e1-e7c0b9d7362a	338	218	60	12	,
2ae222f0-4cb6-47a3-81d5-713a8b515a9d	400	218	16	12	of
35ec8570-e837-4c51-9bc3-94db4ad31076	418	218	43	12	peace
5e7e178e-66f1-4b33-a767-7e15c7723aa8	418	218	43	12	,
b436c624-08e5-4b58-90f5-cfeb27ece01b	46	230	54	16	Flocks
93baf4f8-5e0c-4f36-a30f-500c4d1b1381	46	230	54	16	,
ea1b99cc-62f4-43fc-8e00-80c7547b21ec	102	230	20	16	in
72e3f6a1-cbee-4389-8182-9108a4ee7638	126	232	42	12	time
537d3853-8bb8-4cc6-9bc2-713129bb2a9f	170	232	24	12	of
9b07695c-2a79-4b50-bb7b-39702bdcbb15	195	232	37	12	Enos
a67e0fb8-37f0-47af-95cd-707202a81655	195	232	37	12	,
da36d79a-d591-497b-8c42-2bbd3a927af1	58	242	48	16	fleeing
a5b893ef-fab7-4b76-a058-184d7bed2dc4	108	242	40	16	from
347cd413-a5b9-4937-bb00-a693110dccd6	146	232	71	26	shepherd
d02411ab-ef6e-46a6-a4ca-ef7d7a817686	146	232	71	26	,
e0e4040f-9b10-45c1-a791-4f7cfcca417c	221	232	52	26	132
1a9c6fe6-ae44-4d8e-a95a-7581aacc20e0	221	232	52	26	-
1b29a75c-2af7-4c84-bd86-9f1ce6c358f2	221	232	52	26	21
ffc1ab24-26ff-4dfb-a9eb-faa9021999db	221	232	52	26	;
aadd70b7-4275-4d58-89b0-67e3d8100e22	276	232	16	26	oi
04e75cae-cd42-45d9-95a2-50e7cb901ad1	295	232	27	26	Ne
da1819ee-8d79-47ab-8cf8-e14cf4169ee0	460	216	54	16	164
e869d443-517f-4cf4-bb90-ef563145352d	460	216	54	16	-
1b970626-e474-41db-99cd-7df63e72c2bd	460	216	54	16	18
8980b90e-7abb-417d-a8a1-40496d8ca2d7	460	216	54	16	;
b0929c1b-1794-497f-bac9-93d2695d1d45	516	216	16	16	of
a7c1999d-b6e3-4d60-855a-62c1d1162ed8	534	216	24	16	the
5b7efc62-a375-4833-9acf-b1f7f61af0c4	560	216	56	16	church
82d7942f-8163-4103-8687-2d58ac1a7f3a	560	216	56	16	,
514caa54-89ae-4fc1-bde9-703e1558b826	392	230	52	14	179
b56994d7-2ade-4079-bb72-64b1d374aaa9	392	230	52	14	-
b79240f2-dfb2-42e1-8791-2265c7b889a4	392	230	52	14	16
ef405b21-c275-452a-8101-ad0a5d9082c3	392	230	52	14	,
6a5a3874-1613-44b7-a4e2-a8fbf84f5e74	448	228	44	12	194
246046ef-165a-423e-9e74-8740d7d4bb08	448	228	44	12	-
fcc5682c-21e4-4902-b59e-4cc0139c4551	448	228	44	12	47
94617dd3-9232-4c87-8426-477b8fd72d2c	58	256	44	14	phites
4d64b44d-d660-4e1c-b7e6-5de7ae3bde4e	56	266	60	30	grayded
ac786f71-bed0-49db-b1c4-8793b550ea0c	122	270	32	10	irom
7e332e9e-8bbd-4d28-b891-b6ede4edcb28	188	258	74	22	natanite
a9ced998-40a2-43e9-9a14-255b1ef810cc	265	258	31	22	3
a7f7f038-140d-4591-88f7-db8f372243c6	265	258	31	22	-
08a69f19-1fa6-428a-9cf8-9dee36f69735	265	258	31	22	2
f82a315b-7346-4d37-ab05-d5084259cd2b	265	258	31	22	:
b7847b13-1689-4a0d-bd4c-db7196e4b5f3	270	256	54	17	153
319bfa3c-3cec-4b07-8c7c-b69a88089222	270	256	54	17	-
88859a28-0cc8-4871-bb26-2fa25e4c90cd	270	256	54	17	12
608f8b60-c3bb-4658-935e-92dd9f6e6d38	270	256	54	17	;
3c250ed2-3582-4287-a4e2-8d37a22edc53	348	254	20	12	of
2dc2f94c-e3c3-49a3-b663-72435ca3d651	369	254	33	12	iron
3e975c03-3c53-4434-978a-2dd805bdce29	546	254	49	14	19
a9101d8b-b127-42df-806e-ea14118b3134	546	254	49	14	-
e48af011-dd88-42e9-b105-035916157c61	546	254	49	14	25
aba85f57-d57a-4b08-b9a2-039297b01c69	546	254	49	14	;
9dd01c56-7d27-49cc-aa6d-d0be3ebce6be	597	254	17	14	at
4c44d314-6579-47a6-926a-5b5faf965c4d	143	281	49	13	beasts
f0bba678-78de-40e8-85b1-8795a632f2f4	143	281	49	13	,
36e77e7f-b241-4982-a937-b2029b096063	60	294	42	12	would
eba61023-1542-4fc5-85ec-5c997aaa6e1a	104	294	54	12	protect
396f1c31-c53e-42e5-87d0-7475bc391f86	159	294	35	12	from
3e993481-4286-499c-bf5b-6ea02134d509	162	267	31	36	Lam
f46139df-ad08-451b-9e82-9f3284ca76ee	196	269	57	37	0
7f4a6aa4-47bf-4c07-b6ba-e9d85c7be0eb	196	269	57	37	:
cba49776-9b40-4409-855d-f7f6e30db164	256	272	56	37	099330
92e9c34b-b034-4449-bc21-2e8bc70b451f	258	274	62	22	shepherd
3424154f-9051-4afb-9949-79abd417bf7c	192	294	60	12	wolves
5df552e4-f053-4858-8574-7cd3ef9fa9d3	192	294	60	12	,
b2c91026-a431-4a50-838f-91f6244eebd6	347	263	50	26	Mormo
4dec315f-2031-4fb7-b807-97f55475892c	398	267	56	26	302.28
7b309d98-ad4c-4a7f-9034-21bce40021a9	398	267	56	26	;
ab6404db-874c-45b8-99a1-0552f7b7cd2d	456	270	13	24	a
4c30c981-9932-43df-9961-7e921344b9f3	470	271	47	26	bitter
0a26189c-bd76-4afc-9231-6e4d10234cb7	470	271	47	26	,
bab0755a-6efd-4c73-b0de-3a0cdcf960f0	519	274	53	26	cannot
c912ce66-51e3-4466-829d-ad952b71502c	573	278	41	26	bring
3a6d8c0f-a0b0-4787-9798-d57cbe0fc9a6	348	277	52	15	493
8b0b6c56-bc70-49e6-add5-980e4931a57d	348	277	52	15	-
2aa69f96-234f-4d0a-bdf6-f0f658e80ed4	348	277	52	15	26
37bddd09-de3f-4a59-9787-083037e97938	348	277	52	15	,
6aaa185a-4327-4556-8686-e7c2c50ad79e	348	288	34	16	good
791db270-b062-403d-b3a6-92a1447aa3bb	384	288	46	16	water
389fd012-3c99-48f9-8d0f-4f0f1a1eebd4	384	288	46	16	,
9621e747-4db7-407f-9c00-99895bddd030	432	288	48	16	512
c88caf50-e1a9-444b-b5ee-ac119b2b7c8d	432	288	48	16	-
feb15faf-3d7b-4145-8ccd-b39050d50bcc	432	288	48	16	11
f4d092bd-70d8-47ab-bfb8-84d5d68340b3	432	288	48	16	.
d08bed33-50b5-4930-87c8-a469817fc0c7	60	306	50	10	Lamoni
29fa718d-3fd3-46f7-8796-27c91dc76af4	112	306	73	14	preserved
73711958-5036-4f42-8f77-edd5ab0d5677	187	306	23	14	by
2d12d450-a14a-41c4-b0a2-87af3881291a	212	306	61	14	Ammon
b2b81c4a-91cb-458b-8949-41c33e30a57c	212	306	61	14	,
525c370a-a2aa-4632-95a9-9e19b548a56c	275	306	51	14	239
2b12abe8-c356-469a-bd51-992aa502bdf0	275	306	51	14	-
2efdb7d2-7a37-4f0b-b537-fcec869a85d7	275	306	51	14	25
75df35cc-3fa8-431d-9bde-ed2810d61bf2	275	306	51	14	,
cfd787c0-dbae-49e7-a465-cfeead036671	336	302	80	14	Fragments
9cad0e85-9c0c-4460-a60c-7e7dbede0786	336	302	80	14	,
517b403f-a686-4f02-b1e6-bbfd44c61f8f	418	302	40	14	rocks
4d4e3c68-9cf7-4610-9ce1-3a938747d196	460	302	49	14	broken
7874d869-0415-4c02-ad6d-e2c34b25f095	511	302	31	14	into
43358618-9f3c-4bc0-b75f-3c7e2acb755b	544	302	17	14	at
a9866d86-89a7-42a8-aa2e-94732c1d6dc4	563	302	33	14	time
3fad3a68-645d-46ac-a419-15147c4fbe73	598	302	18	14	of
b0ce0585-326d-4eec-8390-9d7c94e837ed	58	317	44	13	240
b20a5098-cc32-4425-adc1-bb6e44237103	58	317	44	13	-
3de881c8-90c2-41ab-b24b-0f6e12b3b3dc	58	317	44	13	2
a02e63be-b882-4480-8e57-2df2ec8f9b1c	58	317	44	13	;
5f358d63-d58e-4fbd-b707-7efc8a09b5e4	276	318	48	12	406
a9c6b1ec-b0ed-4044-8b94-984b4220a15b	276	318	48	12	-
9d9d624a-f3d0-45f5-ae7c-86765675fdb4	276	318	48	12	4
f8019bae-0e44-4bbb-ac67-f03fc0061bc4	276	318	48	12	;
1654f75c-2779-4ffb-b69f-0596e78273cb	56	318	14	28	i
88e98da2-a6b7-43a9-be2a-12d317cae57c	73	318	56	28	brother
844e576a-e63d-4208-87c0-34da8b89473e	133	318	17	28	of
3ae0b84f-e088-4ec5-abe7-9d765a65fb79	154	318	45	28	Jared
b4211fc9-265e-4dfb-9e16-01a30edb2a27	154	318	45	28	,
728d37fd-94bb-4e88-8801-81b24a61d189	203	318	52	28	480
e382e8f2-b557-4808-a82c-dbb489dbe98c	203	318	52	28	-
8a6d6fe8-ab5e-490f-a9fe-811232502a68	203	318	52	28	41
44ff2611-768b-42b8-8d23-6a5eb434aa94	203	318	52	28	;
eafcc6f5-fa36-4c8d-ba60-23feca508af0	259	318	65	28	Jaredited
6fd25bf9-1824-48ec-a2bf-c21bb52a8ee4	348	314	78	16	crucifixion
a249a23f-22fd-4033-bbbd-792ed61ddc25	348	314	78	16	,
627d0897-e6cf-4681-a584-42463f80c145	428	314	48	16	394
22d2f0ba-547e-4cf8-bd2f-b92ac706147a	428	314	48	16	-
81ef97c6-9aeb-4af9-9295-b70ca1dda060	428	314	48	16	22
a23515b1-4686-4759-a49f-ae6a25956da8	428	314	48	16	,
6703a181-b17c-450d-8d70-8de1cd3a1e34	478	314	48	16	416
6ec146ea-a8fb-484a-866c-6aba59b3b205	478	314	48	16	-
ce3dea5d-238a-4a29-8627-330260a6052c	478	314	48	16	18
94af5790-18c2-40cf-b5f9-59a38d663284	478	314	48	16	.
7fadb673-3a0f-41e5-9feb-f49f640d635f	46	354	42	12	Flood
affbc88c-989e-4334-86f6-eaaf98ab83a6	46	354	42	12	,
de947f89-b239-41f8-b9c5-0769c564241e	56	342	35	28	tood
6fa109f6-899c-4bd6-8af2-474833dd7455	56	342	35	28	,
1052fbc9-8361-4315-ada2-001244393d5a	94	342	84	28	destruction
e05ece0b-214c-45f7-8cab-cd2521e95fd0	182	342	14	28	of
095b1d86-7f85-4071-842e-f857ce06d876	199	342	71	28	Nephites
c4f1a981-1edc-4aa0-b14a-37802a2ef7cb	336	326	50	16	Fraud
78af506b-c212-4e42-8096-43a4e8499a05	336	326	50	16	,
65dbd4e0-d964-4534-b9d5-a5e93ac180cb	388	326	18	16	of
c52754d6-65fb-4eb8-8310-b26842cce0a8	408	326	86	16	Amalickiah
06a45011-6cbd-46fb-848b-d5ce400a4061	408	326	86	16	,
017d2817-56a2-4d38-bd6c-fe8c254857f9	496	326	46	16	313
83bcf1be-939a-483e-aa68-4b2f0df8b84e	496	326	46	16	-
daa1ff5c-08a1-46f2-8dc1-7bbebbe5eaf5	496	326	46	16	4
77c194c1-4be3-4261-a645-c3da22481466	496	326	46	16	,
3e60f4e6-f2a4-4e7a-b618-f288acd72160	544	326	52	16	315
5a486506-26ed-4fef-a445-4662ec5b108e	544	326	52	16	-
c2a5dd5f-a17d-4ea7-ac6d-9ded8f9234d5	544	326	52	16	30
c2aed2b9-1280-40a5-9ee4-e608067a4784	544	326	52	16	.
aeef344a-cde2-4a72-844a-b0d618b225f6	334	342	66	16	Freedom
1202ed90-052d-44ee-a86a-6bf1cf7c5d1a	334	342	66	16	,
6e100116-bbf0-487a-9d33-a863bcc49c38	446	342	72	16	captivity
a8dd4be1-639a-4035-bf73-04fd612f21f5	446	342	72	16	,
1f3f215f-7acb-42d4-b857-1ec55e725633	520	342	28	16	for
626aee60-6a6d-4a2a-bd56-64776b4fa163	550	342	44	16	house
eab19161-5050-401d-95eb-51f5d642ad92	56	365	58	17	220
ef4f78e0-0a7c-4c8b-97c8-8d1f5b2e5a07	56	365	58	17	-
d2c407b0-522d-4332-b157-38bdbe9c517a	56	365	58	17	22
61f9162a-10bf-4fde-a5b2-7c5d61c06a4b	56	365	58	17	;.
72db0cb5-3409-4c04-b302-f33cf388bc55	112	366	42	14	Jared
0a8c65a9-a4ac-4e4d-bd61-3d6a80472114	160	354	26	30	and
dcce2154-0be4-4321-be4b-59b45c5ad5ae	190	354	26	30	his
3286a59e-0117-4463-b27f-9bfae315d88b	220	354	49	30	people
8561d962-1140-4550-8502-8128a32ed2d7	272	354	23	30	not
75de40cb-f0ff-4cb8-a2b6-3068c3b43b78	299	354	27	30	%
05e36111-69e8-4cb7-8140-9e71ca131002	58	378	44	16	perish
f1863fbb-e257-4ff3-b432-51730aae3f12	104	378	22	16	in
af52d402-6183-4d45-a986-efffe4d5e53b	104	378	22	16	,
ddfa0b7d-f7b7-4d42-ae3f-366b76fa3ec6	128	378	50	16	482
58487bf3-780a-4d76-98ea-93aefbdfb517	128	378	50	16	-
38d30ffe-5b9a-4a3e-92ec-8499b7a48911	128	378	50	16	20
55539053-773d-4a81-b308-12f9d1a38145	128	378	50	16	.
81ce782f-66a3-4e0e-9738-a9e2e3aba26d	506	377	56	17	Moroni
e43781fd-a062-47c5-8898-eeabc9e57f5b	506	377	56	17	,
1b158815-f0e2-4bcc-b8dd-240dd6db7ab1	532	366	27	30	a
fee65ac2-3ad1-46fc-bd68-b1b6ad871450	562	366	56	30	905
b2601095-11cb-40cc-b2cc-28aaed15fc21	562	366	56	30	-
081582c6-3c47-410e-8805-87c5a20546bd	562	366	56	30	11
f0113ea0-a0a1-4e25-9d2a-4399aae110cb	562	366	56	30	:
f4a53de0-7142-4cd2-8346-9ba241825763	44	390	38	16	Fold
d1ab3189-fc56-4ed6-84c0-8aeb6e2562de	44	390	38	16	.
775dd837-09e3-4013-a036-facf1892049d	134	390	26	14	and
d312da92-06d5-49be-b398-910f8c40f920	170	394	28	12	one
28572c07-d896-46ba-910b-3871a291376a	92	394	8	22	;
dd2e3aa9-4a25-4c4a-be79-eb7b72a8b3a1	103	394	16	22	of
9dca570c-59cf-4a8c-b80f-d7a5ddbe82dd	122	394	30	22	God
60e7aa04-203a-4d4a-8127-f6b4e5d041ec	122	394	30	22	,
c099a384-ac65-4826-8287-b341916de42e	155	394	36	22	66
4d343f57-2bde-4a83-815d-8be608e9a841	155	394	36	22	-
38a3c5bc-6238-45b4-b4b4-0a876fe90f10	155	394	36	22	2
66c3f2df-9ea7-4592-89d8-898ab58177fe	155	394	36	22	,
5f5d2454-c3b5-47b7-a145-b92ee9313399	194	394	40	22	261
ab692a1e-739b-4ff7-98c9-18a4850fc207	194	394	40	22	-
c3666933-acb0-4e9f-8850-7ac0ec09b9b2	194	394	40	22	4
ad1a510b-aad0-442c-a99d-192c4c71b0db	562	404	52	14	348
97fa6ad9-7a8e-4367-acb1-9fb8951dde4d	562	404	52	14	-
a5d3b4dc-bd42-47ca-9978-a35f4f03360b	562	404	52	14	13
deb0dcc9-bd42-44b5-9a16-031927e8ffce	562	404	52	14	:
f7bcf588-1a94-4c07-a744-1d8e3432572d	58	414	50	16	207
4d251c79-b83e-4f36-94ed-6fc00b48e8f0	58	414	50	16	-
d9a6a8d5-33bc-4699-a144-74d697d567a2	58	414	50	16	39
fb8ab455-0237-4419-a990-68b173442114	58	414	50	16	;
3cf02db0-f57a-441d-a7c9-0e6cfe737b79	110	414	40	16	other
b9248416-0d90-4813-9389-a5af89c0239d	152	414	40	16	sheep
665bb446-d268-4826-8744-37a2b1aebcaa	194	414	26	16	not
47522d64-3329-417b-b404-6263066a056f	222	414	16	16	of
6fe8663d-c409-40f2-9dc0-9da521ef9c8a	240	414	32	16	this
395ff97a-8503-46da-8437-9258e1092b24	240	414	32	16	,
c7159377-b1e1-4110-b992-9452c9126d5b	274	414	52	16	430
b2e17588-7753-45bb-b8b9-a83d5eac69b6	274	414	52	16	-
fb635f8b-bb02-47fe-8f0d-683cdf9393ed	274	414	52	16	17
a1b9acc6-46ff-4e1c-ad81-ce1ad3215655	274	414	52	16	,
8c550987-bb8e-4da2-a7d5-bf18859a11a6	58	426	42	14	430
bfa6ec11-7d00-48cf-b244-077bffd3ffe3	58	426	42	14	-
41692cb1-84f0-4e15-9ff7-8fa4ee764498	58	426	42	14	1
34a3ec23-7cc2-4bf2-a6a6-b590d91ed450	58	426	42	14	.
20445ddd-471b-4520-9cbe-3d6cb5c3dd46	44	438	35	40	Fadi
f5a81486-bed8-42de-9c77-43bd648c63d4	84	438	15	40	i
31345067-d2cf-4743-b3fd-2541d2879c8f	104	438	36	40	don
e4e6d0df-38a2-4f14-9efc-bf5ca094a848	122	438	20	16	of
00942548-db5d-4ec0-bb3a-0a1f620db97f	144	438	52	16	Christ
3fe03016-0c1c-4d39-a824-da31dd7001a3	144	438	52	16	,
e36481f9-6ef4-42f1-a026-d3ef57675288	196	440	47	18	99
8bf883ee-faf0-4257-a99f-629b1a3b9a9e	196	440	47	18	-
1a9e2612-0b8c-4faa-8eaf-3d049449fe5c	196	440	47	18	14
08ce8b69-cbab-4265-9e39-ca71227d2821	196	440	47	18	,
9215305e-d233-4188-bdcf-5bb399ad61d9	246	440	45	18	512
eed23ff8-2d24-4597-9a83-85ea70167cbe	246	440	45	18	-
b5d616d2-316c-4510-bdac-10d436d16e07	246	440	45	18	3
25496600-f7f4-47e4-a0e2-3600250faed7	246	440	45	18	,
a3f1c395-b4ba-424f-ab2a-0858b2934491	293	440	33	18	515
30b3edeb-cfa8-47a1-952f-8b66ef6b97ad	293	440	33	18	-
f3e66e40-89b2-4233-b817-f504c8eed64b	138	452	52	15	204
29cecf83-a428-4bdc-9f27-a68a99cdb591	138	452	52	15	-
d339d2ac-055b-44fb-91c1-5fab325f2ddf	138	452	52	15	15
ce2620f7-6fba-46c5-899c-0c49010e74b1	138	452	52	15	,
37c89ea9-b34e-43d9-b2e0-dc6ba1f163e1	190	452	44	12	373
0c1b2d18-3b0d-45ab-925c-ccf0e10c0c04	190	452	44	12	-
4270a721-3cac-46c3-9539-a81b091ed149	190	452	44	12	5
7bad8a6b-f89e-41cb-8408-e1054889ba63	190	452	44	12	.
71a2fa0c-257c-4e84-81e7-87207830c0da	496	416	46	16	352
2584e334-d13a-446e-b653-f1f6fd3a31f6	496	416	46	16	-
63983f67-a4ff-4fa6-a225-34143889184b	496	416	46	16	6
f467101b-9b13-4d2d-b050-0285d460d2d3	496	416	46	16	,
6e50ef7b-883a-4d80-895c-e35dc47cc6e4	346	426	48	18	fended
565f35e7-d00c-4005-b303-3a45079a2b2c	474	428	70	14	Gadianton
80b2fbdf-6047-4a0e-80ad-5b8cdf113af8	346	440	51	14	402
9fc2e174-4da5-46e3-80ca-c801f6459f01	346	440	51	14	-
41e46889-dc6b-421d-aa78-a7f280931f3b	346	440	51	14	12
ab4c7d5f-df47-42b0-8b38-93a554027350	346	440	51	14	;
d42187df-1231-49e1-8b54-a68d21c11672	398	440	44	14	secret
4ed2d53e-b4d4-4f9a-921c-bb34ab2a93ed	444	440	91	14	combinations
a4b2f250-cf6d-48c2-9978-6f972c426298	537	440	59	14	thresten
a7d56d33-228a-4300-b87a-7bc919954133	598	440	16	14	to
340372f7-eef6-4a64-af9c-934d9fd7b9ad	346	452	78	16	overthrow
380874c2-4430-4186-b4ba-617a41a0b8c8	346	452	78	16	,
1048058a-5e0c-436a-9dc7-05b2094c4b9f	426	452	50	16	493
6fcc666a-392e-4483-a927-341bc0f01d0e	426	452	50	16	-
589d72b2-6438-4644-8c4f-4c402f527a2e	426	452	50	16	25
7444fcb1-b1e5-492e-bea3-dee646f9a3bb	426	452	50	16	.
74e5380f-bc07-4f43-8200-bdfc90fb3f95	60	464	62	26	withap
13240c38-92fb-40f4-9ef9-3ff38fde9357	125	464	36	26	iron
8a963cc0-89d3-4cac-9fdf-4b5ff58c74cd	164	464	42	26	any
1ca2dcca-c9a4-469a-85a6-ef93a22fa0e8	209	464	29	26	And
99aa7358-e206-4cc1-87f9-ce062ee6d6bf	242	464	82	26	emulen
734a3fa6-067d-45b0-83c9-bcf53496bdf2	168	476	46	14	Alma
dee0609c-4456-4719-8730-0af283baa9e6	212	476	33	14	and
05057304-8468-4843-9094-f62f47f05161	247	476	58	14	Amulek
9613ce9c-e807-4b16-81a9-368052f237f7	306	476	18	14	in
ab8b7f43-87eb-4ea9-8441-89f1c081e2fc	60	492	48	10	prison
86677e5f-87e2-41a4-a88a-4e3b63480189	60	492	48	10	,
ced0a130-1958-430b-b46c-13f197bd813b	116	489	56	13	232
ff50f2f4-9f90-4ad1-b216-e19c675dafba	116	489	56	13	-
86da42de-f23e-4846-86d1-0bb6a9aff3d7	116	489	56	13	22
1bb97b4d-6222-4356-b52a-cade29aed700	116	489	56	13	;
68e1cfaa-a68b-4b69-9b20-3ec87ea6cceb	176	488	54	16	begged
16b84554-d9a7-4f80-a3b2-97435273b120	264	489	62	15	Korihor
623afa26-7a5a-4e79-8097-3f857ff5bcc0	264	489	62	15	,
02d57f31-2ea9-43c7-881b-343012fc128d	60	501	54	13	273
f575e39f-f0ac-4073-bfa5-cc67ffc0f0f7	60	501	54	13	-
8e88206a-ad65-49ca-b1f7-8cdacc0df61a	60	501	54	13	56
498be145-a43d-4465-b708-ca70f07cf231	60	501	54	13	;
0f5c7d4d-228c-4b5a-975e-1afada32cb05	115	502	65	13	Helaman
c1b8aba5-598d-4258-9b6b-61241d30bbde	181	503	11	12	s
ffcd250f-f18f-46c9-8fe8-00ae583245aa	246	502	52	12	suffers
ea3c6164-39ac-4225-aa3c-cd76167ca40e	346	490	42	16	354
5cecd1ca-7d78-4fb9-8b5f-1a2857a4a023	346	490	42	16	-
2877abe6-ac54-45f0-8f95-0b4d2d283ca8	346	490	42	16	6
5f7c738a-8cd8-4f88-9a8a-e7a16c945827	346	490	42	16	.
aff61e8e-af11-4a3f-aaba-4c026f741ce6	338	506	43	12	Frult
6751d489-ddfc-4326-a4d1-d5fb904bae94	338	506	43	12	,
874584ef-04bc-4def-9daa-733585ff6d15	383	506	71	12	desirable
8639576b-ac62-40c9-92ad-faa42b1d34fd	383	506	71	12	,
aecef2df-4622-45bd-8748-6dc5c02267d5	452	504	40	14	seen
e44751fc-1db8-45c4-9a8e-c4ab11012237	494	504	21	14	in
8ecc96cb-b4ff-4dfa-ba1d-72a4d0bca3e7	517	504	49	14	Lehi's
8c768205-4269-44fb-a833-5e107a61ff4d	566	506	50	15	vision
31d69721-4ea5-491a-9ea3-6d1d57b6ae30	566	506	50	15	,
7f2afd41-51ac-4891-bd96-657f37cfa248	348	516	45	12	13
8f59d2d2-23a9-468f-8377-9d9f7cef7338	348	516	45	12	-
9d36b498-ad7b-4222-84aa-51677bbd2e4d	348	516	45	12	10
878d4027-901f-47aa-acd2-e766d1244e44	348	516	45	12	:
c42532de-de7d-4311-bbd2-922f5b6304af	395	516	33	12	evil
db7ffbce-0b19-4457-b689-a2b36e7216c4	395	516	33	12	,
8e79a8cf-a73d-4aaf-96ef-93e8977430b3	426	519	24	24	15
0a5cbf51-174b-48a8-b54e-a53ab177dc93	426	519	24	24	.
ac4bda81-b5ad-47b8-a970-408e2c7029ad	453	518	54	25	142
d326bf58-8639-438b-bd27-928f99dceea7	453	518	54	25	-
02a32b17-0c27-4f4a-a63f-de6b2b84fc6f	453	518	54	25	26
6f77782f-dda7-4716-b993-d045d2c33ac2	453	518	54	25	,
7410c270-8797-47bd-9cb0-747d7597e4ea	510	517	58	25	226
0d08636a-e1df-48bf-91a3-e28f312069de	510	517	58	25	-
204fe802-b19d-4795-8092-3369f4632178	510	517	58	25	8.1
c01a4d99-b27e-4bd3-8d70-05f7bbd74301	530	518	52	14	428
104d4f1a-ac69-4dff-8f30-8b2793172c4e	530	518	52	14	-
5afd2468-5599-4bba-8db6-d83c1dcdc684	530	518	52	14	17
0d489469-a724-4d9a-97dd-d54136997beb	530	518	52	14	;
e8a65a87-0eee-45df-a0ab-7f0c1ba207aa	584	518	30	14	f0r
c03bded1-6cbc-483c-8b2f-72edc4dfdc18	584	518	30	14	-
34f5e44b-cf8a-441b-adb6-76c9356f0bf3	56	538	60	30	Withou
82aa8777-2434-403d-b063-c569449a71be	56	538	60	30	,
ca60f59a-eae4-4e38-b5a2-1b2bb95c5e28	120	538	49	30	378.22
063794c7-49a5-4c79-9073-a4cf4c5a55e1	120	538	49	30	,
3ad222f3-5be0-4f61-b2b5-85986a992fe8	172	538	11	30	of
fb2df5d6-8423-4356-a5eb-d2597017db82	187	538	64	30	Nephite
343b1912-31db-4ef1-a6b2-18a872cb98a8	255	538	30	30	Kept
2b01c3d5-dc9f-48d2-8499-4efacfe4b4dd	288	538	34	30	tro
480ee519-a1c2-48c4-8dfb-1934eee0e378	58	537	58	16	354
fe985e95-8d24-4091-8d37-a91d8dddc3ee	58	537	58	16	-
460411ed-556c-4bc4-bcee-d7c998d6bd3b	58	537	58	16	13
64676835-c6d3-469f-b708-4ba6ecc757b0	58	537	58	16	;
252956a0-99ed-4eee-b2db-31446bb50215	350	530	45	24	117
f6d75041-1bd6-4364-b559-90feb03582a0	350	530	45	24	-
654fc90a-0355-4ff1-a390-01fc56b98b52	350	530	45	24	28
f9a1c1b2-f101-4a7b-bdd0-262bc67a76b3	350	530	45	24	,
654e4446-5f79-4e45-ad67-897ba71be707	398	530	51	24	207
710b783a-2b92-4133-8931-b1707ad69549	398	530	51	24	-
31445b29-2255-48cc-96c5-05c6e38c347f	398	530	51	24	36
622f453b-ec7b-4ff4-b6ba-dcb1f3f7135e	398	530	51	24	;
f076b977-c66a-4f97-ba58-8e1031f631cb	452	530	54	24	428
7d2e0c19-1e5d-4ac6-a1cd-e9b352df84f3	452	530	54	24	-
3fdff79d-4bbb-480b-b509-927c4e0fac4f	452	530	54	24	25
46860ec4-814c-47e9-9f47-ee5da678ef21	452	530	54	24	,
8b305b66-9430-426f-ac03-c39164cc7ca4	509	530	33	24	1d
2372090f-99d3-46e6-b919-a04b565acbdd	509	530	33	24	.
eac39813-d3e6-4d10-9a19-94f4a29f7307	348	542	52	14	117
cdfd97df-4533-4493-a356-71a20e17fd6a	348	542	52	14	-
c869923c-3e57-40b7-a1e9-b0144fa07307	348	542	52	14	26
9b96b4fe-e75d-4b29-8d39-ee1d975e61af	348	542	52	14	,
d5236726-b9f4-44f4-9398-c678e0da3780	458	530	48	12	142
ff0c7702-0676-4496-b713-9a48c819a342	458	530	48	12	-
6a76c7da-1ddc-40c0-9ee4-afcb61064e91	458	530	48	12	26
ac14e0fb-1f65-4c84-974f-4d417b13f6a1	458	530	48	12	,
ad65ae09-1c89-4e74-8f71-90dfe74a062d	576	530	38	14	good
99ff3868-a2c2-481a-b4dd-36fac70e85dc	576	530	38	14	,
e956f362-4e0b-49d2-8430-ab64b77fed50	542	542	30	14	and
f03c9df0-5941-41eb-a689-176193f13051	573	542	40	14	tame
86d3aa77-e585-4bc7-b119-b60d81cc3ba6	573	542	40	14	,
4308943e-49b0-4f74-a0ef-9519781a2dbd	122	562	44	14	406
e5fef3f5-7b2d-49aa-8d66-576b0e955bef	122	562	44	14	-
407cabf4-449b-4a4c-b3d6-4fa08b6a7136	122	562	44	14	3
9009acb4-293b-453d-a363-7c86ad2b4ebe	122	562	44	14	;
f4f0e2f3-29c4-45a8-9b8c-e8a49e64e8a3	346	554	50	16	116
c2320c44-2515-4992-bc72-a44b6690733e	346	554	50	16	-
80a5661b-656b-4ce5-bb05-afc90e530a7d	346	554	50	16	18
cb8a3e37-aaa3-4c4d-a7e9-c043d1305ee8	346	554	50	16	,
cdd127a4-26ea-44a6-a495-4503d22104eb	456	554	24	12	of
6c1d976c-fe9c-47b6-9578-c9a9a4ae6d67	478	554	37	14	tree
ed07432c-5480-481b-8758-55734b6132fc	516	554	17	14	of
6eaf5038-581b-479e-8f3c-0efaf6909532	536	554	33	14	life
c3870ac9-81e6-4663-8504-fd868c58d46f	536	554	33	14	,
df771355-97a5-433f-a448-ece2c0d91e21	571	554	45	14	30
c214f0c3-a0df-48d3-b50a-1c0e62973df0	571	554	45	14	-
19123c36-c4bf-4e30-9339-174a9a373853	571	554	45	14	36
11346c64-5358-40ea-8d40-3783ed7d9bc2	571	554	45	14	,
ae888111-ded1-4c64-a9c0-5028c3fa584d	172	564	58	12	animals
0d01d704-c742-48da-881d-71831546e6db	56	562	67	30	Jaredites
5ae719fe-17eb-410d-94e2-12efb78f207f	56	562	67	30	,
a16fd0f2-0632-4b33-accc-20a1cfa13ade	127	562	56	30	1
a479a65d-ae8b-4004-8017-3331d8c48e6d	127	562	56	30	-
bd10501a-b0af-4a24-bc40-a0ce45c0a73b	127	562	56	30	418
1bf3b22a-c81f-4265-8942-05ccc3b770f2	127	562	56	30	,
92886ebd-dabf-4b2c-9054-11ba0c8ede82	187	562	41	30	is
a9ddf2fa-e6f5-46c5-adec-f8d4a5188b10	232	562	37	30	ter
342516a0-b898-407c-8671-57817269868e	273	562	51	30	people
f20fabbe-7f8a-4e3b-99c1-69b03331d15f	273	562	51	30	,
e0e1042d-8a31-428b-ad0b-22541bb5501d	450	566	50	16	119
2dbf82c9-e9a3-45e0-b990-f096268a2d7b	450	566	50	16	-
dae9e6a3-d3b8-4490-ab68-7876f686954c	450	566	50	16	52
6d9dcecd-ec5c-4115-9fa9-2f5e6c555133	450	566	50	16	.
1805ea60-dff6-479b-9cd7-fe11d78d7602	56	586	50	16	497
eb659c41-de00-495b-b1e4-aadfea85db1d	56	586	50	16	-
146605cd-0cc9-4dca-ab02-b5060c721a70	56	586	50	16	19
56a70865-5fcc-4b9a-a96f-884a6d0c475f	56	586	50	16	.
b78957ed-fc3b-4d33-bd98-f5d38bf02c51	44	598	42	16	Fool
0003c80a-cb4f-42d1-8f53-7c22b38c27e3	44	598	42	16	,
b5271d54-90a3-4838-a4b9-f4b564a7b970	202	598	48	16	35
664c6ca2-1a51-428b-b3b2-59b40810ed0d	202	598	48	16	-
9ff20bf8-a8be-464e-8b74-305ad091d9f6	202	598	48	16	17
e46f93ae-be7d-4e37-9cd6-3712e0f55fd1	202	598	48	16	;
4b5f53a3-b473-4298-b528-193a4ae08fc9	252	598	72	16	misunder
d7af4050-b9fe-40e3-804b-de537abc9690	252	598	72	16	-
14a3c648-3a87-4e68-8855-e04504e8283f	430	578	19	26	of
278a7065-6ce8-49f2-a318-91eddcb2363c	451	578	26	26	the
1afedadb-d032-4f91-858f-794bb990cc7a	480	579	16	25	re
d8cf68d2-3ef9-4a11-9245-a0490e7254ba	498	579	79	27	repentance
30c293c4-f095-4689-ac9c-6bb8b02e23d4	498	579	79	27	,
90904dc6-96d3-44a5-8854-f9e65536fb77	579	581	33	26	517
50dfa17e-37f3-44e1-8dc1-528a2b830010	580	581	33	26	:
4cd4cf5c-f7a3-4ea3-b4f9-c2974c5f823e	58	612	63	12	standing
af72b7cb-30bf-487f-9ffb-76d330c3897e	123	612	42	12	Bible
a6e04a45-6e45-423d-b4af-0aa416ed0c16	123	612	42	12	,
7b88bf26-8f42-4a71-b3bc-22f11697a6d3	84	598	34	30	Ner
1b6d9627-6c8e-4eae-a2d8-027a4c89be10	121	598	45	30	Balle
267d2e5a-f2e6-4795-9885-385f7ee409c2	170	598	41	30	1016
699b446e-0e2e-445e-98fe-471bc31fefbf	170	598	41	30	,
00758df7-3709-4a8e-aefe-b165da859fdc	215	598	45	30	cling
7a88f802-2f64-4358-9861-46623cc5517b	264	598	62	30	border
bca8bc56-3db5-4c4e-be07-d2df3e5e3a10	264	598	62	30	,
fa71d380-fe3b-4a94-b8f1-5efa1101cace	520	603	58	17	296
04f593e1-12d6-4dd5-87b1-307e3dd19b54	520	603	58	17	-
23cb2841-4747-489c-a81c-ef3f230a0b64	520	603	58	17	26
f7b22ea6-6c2d-4ee1-bd74-89300f5e06da	520	603	58	17	;
91068a66-5bd3-4324-8410-542ba7f8c505	580	604	34	16	men
24ff1cc9-f4da-45b1-9f5b-f6fcb10a8d43	58	622	70	14	forbidden
03b9f9b1-4d0b-4901-a751-3933d0ef101b	58	622	70	14	,
a6051e59-9a9a-415e-b3d4-7ff4de47387e	130	622	48	14	425
a2169cef-fc90-4b8f-940a-4a7cdd5438ee	130	622	48	14	-
e22902de-eac9-4a3a-9329-e0e9b10e9a88	130	622	48	14	22
876e0af8-4716-4ce5-8372-9caf1e5b39ad	130	622	48	14	.
e2000ea4-9030-4458-85e4-3854f6fa674c	44	634	90	18	Foollabnees
e704074b-3e14-4c0b-a1af-5078b8ecf440	44	634	90	18	,
4e08c362-0752-4d77-8cf7-41cde7b5f7b8	136	634	20	18	of
12ecb7ca-19cc-411d-be25-9e55d51cfe87	154	638	40	12	men
b4d4d378-c66a-45bf-b1bb-44c869050c0b	154	638	40	12	,
bc680b4c-b037-40e8-8509-b6fa0a48d634	196	638	46	12	69
370664a4-29b5-4935-a604-717dcd636ee2	196	638	46	12	-
15bebe51-252e-48ff-998e-9dc6f7e2d6c5	196	638	46	12	28
a04ad245-206f-471a-a700-4a067e369532	196	638	46	12	,
74d9b9dd-c729-45aa-a4a0-a468790159a1	240	636	46	12	93
34396145-7a5c-498c-822e-f9cb5ea495d2	240	636	46	12	-
2dd7fc6d-4eb1-4d0f-a274-58f0e9abd6a6	240	636	46	12	10
d6c2ec49-b169-4e39-9904-4623f8db7067	240	636	46	12	.
9491efa2-6678-4b0b-9657-82e39e3bd2ca	86	651	5	12	,
7c08d313-55ee-4c78-9ec2-dc09fab36ca9	92	650	18	12	to
f7e34e98-5898-43e2-a339-ac2885cd2e1f	111	650	60	13	consider
1b89b53a-2585-4c8c-b842-ad7fca1865fc	173	650	45	12	selves
0a591cb6-51e6-4236-8674-997296f1c406	219	649	23	12	as
c9a0a477-cca9-4a9d-8430-c9b1958950ca	219	649	23	12	,
49d90305-f6a7-4fb7-9cfe-d8153bb0d4d3	240	650	51	12	before
15d7b11f-d160-44bb-8721-06750017cf82	293	650	37	12	God
8fef2b31-df92-4745-9a43-b431ce8d9905	293	650	37	12	,
c82cc496-dcd5-4056-b966-6c14acd345a0	336	632	71	26	Gentles
f983ffc1-cd3c-4086-bfb5-036abab1ab4a	336	632	71	26	,
1da062fe-2c17-44eb-a2f9-f1515ffa5d26	411	632	42	26	28.19
dd7bc06f-07f6-40fe-889f-4ce2eb36422d	411	632	42	26	,
8147761e-7983-472d-94a7-3bd6521140ad	456	632	45	26	430
64734f31-ad28-4404-b3a3-c66541a4a8a5	456	632	45	26	-
b7017462-c144-4a51-bab4-06b9510e4432	456	632	45	26	4
7b1a667c-8f7d-4580-afdc-44726a9d47cf	456	632	45	26	;
76a97799-726a-4954-9f07-80edfe9647ed	505	632	16	26	of
01ae5bc4-9361-4c6c-bea4-52b50bb4ad24	524	632	23	26	the
cf838b28-5d6e-4e15-a238-e59c87a44899	550	632	42	26	wrath
da545270-7ffb-4012-8532-c72670eb3f7c	596	632	16	26	oe
a3843226-6f7c-49b0-8c21-993eecdb929a	60	660	43	12	70
e5dea4db-a92d-4bb9-9967-f29a679844f3	60	660	43	12	-
e0a0e530-24b2-4702-bb63-c801a26011f6	60	660	43	12	42
9b3cff75-1af9-4726-a853-a2f090133494	60	660	43	12	;
f073a4c7-e531-44db-a82b-8e5644396d52	105	660	51	12	wicked
35b70fa3-80a8-4999-bcd9-55b5095e661d	158	660	61	12	Nephites
10812b42-c6da-479d-ae41-e5cc5525b660	224	662	47	12	called
80a31178-c6b2-4b4f-91fd-801a1cd9d90d	224	662	47	12	,
2f0bd0ce-a066-4cec-b97f-504efa0e0763	272	662	52	12	382
d240a94b-3ed3-49a1-b74c-242952c60fac	272	662	52	12	-
bedb4d08-6e58-4888-892b-9fac900a1fb1	272	662	52	12	21
6f33eb9e-3f56-45b0-a3bb-86199d5c887e	272	662	52	12	;
43ece081-3724-42a5-80f9-95771b3d1301	58	674	64	12	mocking
ff8df5a4-3ac3-4fbb-a393-96be372c822c	58	674	64	12	,
76f490be-934b-435d-b770-4065ad1cabcf	124	674	36	12	shall
8b3b2136-492f-4410-bc9c-7cc5b94f85ea	162	674	52	12	mourn
2c2302f2-39bb-495e-bcc1-3f98cb0a49cb	162	674	52	12	,
84869e1f-c031-4253-b892-98b6c522aad4	216	674	48	12	502
7a2b0387-9752-4fd0-a45d-614a15eccb41	216	674	48	12	-
9ecdfbee-f5c7-46ba-92cb-684fec629411	216	674	48	12	26
9213d500-a2f6-458c-90d5-be4ee54ebb73	216	674	48	12	.
5ce015b6-bdc5-45e6-a882-3651d6d8be64	44	684	86	16	Forefathers
59eed8c2-493f-4311-9589-9eca84389611	44	684	86	16	,
bb1530ff-e893-4106-b7f5-d3ab939ac0d5	140	684	46	16	Lebi's
a9be5c15-d744-4b2a-b101-c7fdec5db8d0	140	684	46	16	,
f55068dc-0a9d-447c-82b6-5418246852a3	198	686	68	14	genealogy
45c110b7-fd81-4630-b499-6c74ce5b3b9e	276	684	26	16	of
0da72e7e-3a30-49a7-a9f4-753e345211e1	276	684	26	16	,
96f92334-5918-436d-a8fc-18c7b9e7c474	304	684	20	16	on
edf9f494-4861-4af3-b05a-0bfb9b41da6c	58	696	40	16	brass
96497756-08d2-4b87-8ed9-dfbb308027fb	100	696	48	16	plates
43ca0e3d-0622-4f12-9060-2f27c4430bb5	100	696	48	16	,
99479a41-b7e3-4cde-ae61-08dce5f39a2f	150	696	28	16	5
bd35279c-3366-4995-a34a-00876aeb5cb8	150	696	28	16	-
a4b037a0-c1d5-443f-852d-b7dd9043ffac	150	696	28	16	3
ead745f9-bb1d-4bb7-9c5a-86ad5f95b5fa	150	696	28	16	,
c96440d4-06c1-4790-a8aa-9d816659849b	180	696	46	16	288
1c80e1ef-5022-4d9c-b36e-df65fb01e361	180	696	46	16	-
8f1e5a8e-07d1-419c-8096-a3a2edc26d7c	180	696	46	16	3
1d264ab4-fd34-4574-b208-3a1192fdef31	180	696	46	16	;
7bdc6ad3-ab4a-45f9-92a9-8edbb04a884f	228	696	74	16	knowledge
cc37793a-509c-4b34-9351-03fda34bfe96	304	696	20	16	of
f47f4960-f791-47bf-852c-695ec45cc789	304	696	20	16	,
7444d415-aa20-405d-947a-f56d745711c5	58	710	42	13	28
560efb0e-36e1-4463-a246-8d10963bcbe1	58	710	42	13	-
36982c7b-2840-4da4-9925-18a2fc0edb3a	58	710	42	13	14
bc04c40d-f377-48d0-b524-087e0d30ab06	58	710	42	13	.
cd6b41b8-f1a5-4c44-9ff6-040f1ef943cf	40	720	86	16	'
494dc06d-974c-4d39-858d-dcdc05409142	40	720	86	16	Forsheads
21c7d65b-3df3-4f2c-b784-88be81808b06	40	720	86	16	,
2682da36-4616-41e6-b3a1-b0a8a5e32413	128	720	62	16	marked
8d004655-cdba-4058-935a-57de847b178a	192	720	30	16	red
7c2fbde3-152b-41d1-9987-8e0d694b638d	224	720	26	16	by
b7b70945-a04a-435f-ae0b-a1eef6b1ebd1	252	720	72	16	Amlicites
01bac29f-c013-4c60-b341-5d9b0596de67	252	720	72	16	,
3356beb7-a45c-4d67-9a8c-8785ad39d1c5	58	734	42	12	201
7b05e850-6fe9-4422-b874-a2d178924b9a	58	734	42	12	-
401dc96f-661c-47a4-a323-2a156f2367c2	58	734	42	12	4
0dc12e93-2e52-4605-bb3e-00dd9f6f1643	58	734	42	12	.
0e992842-e04b-408b-b96e-9b824d53b462	46	744	108	18	Foreknowledge
4f2ec874-d478-4959-8211-8d131313057b	46	744	108	17	,
3797eac1-eb5d-46b8-8711-a3d70061eef8	156	745	16	16	of
889cf944-9625-4e16-bfb2-05dfcc4fc6b2	174	746	34	16	God
df1f0583-e2e5-4ef4-9171-3cbb15580c8e	174	746	34	16	,
c97e62d7-0052-4b5c-9464-5d80f42ebf0a	210	746	32	17	men
c6a4a2d4-6911-4e77-9be2-63e280d21567	246	748	50	10	chosen
8e54ecf1-b5ea-4c14-b404-5c7f63dffc26	297	748	25	10	and
78f35747-4815-4458-88d9-172ef00d6142	58	758	60	14	ordained
4d236b50-eb75-4fdc-a9db-4e0fa1113dc9	119	758	70	14	according
f0302d13-7660-4787-bacd-c3ab8ae37739	191	758	21	14	to
b195034c-4677-4feb-ba31-c6d11559b3ee	191	758	21	14	,
32646a3b-676a-4f12-aa02-14d1d42b2245	214	758	46	14	228
9b82dd88-7442-4586-87b3-4c7a615006da	214	758	46	14	-
15e156d3-13c4-400a-957d-c8c6fd1194ea	214	758	46	14	3
5afaba62-7dc2-4d63-883d-8dce5721ec68	214	758	46	14	;
88f094a3-b809-407a-b604-10998774cc5a	261	757	46	14	God's
59f05a6a-85c0-4042-833b-1140d65afb19	261	757	46	14	,
80356c99-f20b-4df5-bec8-a55adf0585bc	308	757	16	14	of
e06d993d-4582-4aee-9544-61410f7b9423	58	769	21	14	all
5afdd00e-0394-42ff-80d4-6a456b292b42	81	770	58	15	things
1a169d86-59ca-4e28-ba3f-6a0d3e93f6b3	81	770	58	15	,
ae24aaa1-b6e3-4dc9-9866-e50457e53afc	134	770	42	14	228
014484e2-7b70-49b7-9fd9-913741ca7242	134	770	42	14	-
ab94d031-c60b-4c9a-ad0d-9def76c4bdfa	134	770	42	14	7
106a227a-f052-41ee-9e0e-2016e80a9979	134	770	42	14	.
07a72293-f048-4a38-857f-0361e83128a5	58	796	34	12	sins
d156fbea-e3f0-4c7b-a318-fa896e90498a	58	796	34	12	,
f4fd9a20-3bf1-4042-bb89-35afaacb899e	132	782	24	28	a
b1c49a01-f7ef-4214-8015-1b94a3deeef5	160	782	66	28	beard
510e1069-c5ea-4c15-b227-594ab9fd5a9d	230	782	45	28	don
a8dbf28d-ece3-4c14-b003-e2590de33466	230	782	45	28	,
d44f4d71-27ba-40d2-a055-154e925170c3	279	782	45	28	2938
fad96a4e-a05f-451a-82d5-8d72025890b4	279	782	45	28	.
166cb7f2-f33a-4290-b051-53234fb27e11	142	796	26	14	not
8e65f84f-a215-42d9-94b2-bdba5a53b956	170	796	35	14	easy
16e98306-08ce-44e2-8a97-37f0b7f5d871	207	796	19	14	to
09f3e52d-afd1-4eb7-b305-7e15ef421075	228	796	52	14	obtain
bfdd2c48-8e64-4082-b256-c512b49c55b3	228	796	52	14	,
b3e7e98d-feab-4cf3-b648-b726102ce3db	56	839	53	33	adore
b9c3c7f2-8fba-4765-8ce1-1f659a565940	56	839	53	33	,
8fa2c9d6-0603-4973-a208-8f897aae594d	112	840	41	33	Holy
a87416e3-17bd-4989-90c0-642cfe10b158	58	882	70	12	godliness
961a4376-d6c4-4db1-ae81-9d28862d5970	58	882	70	12	,
2f6a83bf-f65c-44f9-8e84-fac8d544c457	134	892	84	14	condemned
9b857c01-a4e4-415c-a2f9-3a33c61bf7ce	134	892	84	14	,
6d0dcd26-10ba-449d-99e3-060a60979cb3	43	889	42	31	Foole
6f007b24-66de-4cb5-b32a-778088098da4	88	890	42	31	stand
d3804c65-fdd1-4163-895b-5edbf4bf8dab	133	891	38	31	conde
86de9db1-7086-4404-841b-d2529d6abc33	175	892	23	30	not
1dce5286-8ad2-4fcc-ba79-1444ef4a8410	201	893	57	31	divorce
8e939870-5beb-4db7-84a2-125d72a786a7	201	893	57	31	,
80ddcd5e-f91b-475b-9599-89861d1383ce	261	894	52	31	425
788a19cf-5bcb-4f70-bed0-39f10da8a3d9	261	894	52	31	-
e68a0c87-2bbc-440c-bd4a-116d528f6011	261	894	52	31	32
b580eeb8-1246-4a19-8886-9e74fb2a76ee	261	894	52	31	.
ec9492cb-8f5c-4ac5-8c4b-b1d2d03c8669	268	892	58	18	380
e05c2779-9682-47ab-83af-1beb91dcb50f	268	892	58	18	-
0af8baaf-fda9-4252-8332-2dcd87db6082	268	892	58	18	26
5b2e9d05-c2cc-4edf-adc2-6862d1d02741	268	892	58	18	;
82d83713-47ef-487d-96e8-24806f3c7063	348	706	42	12	Noah
e7da1a7e-7191-4c50-84a0-6abd5e748e63	348	718	65	14	disciples
f404229c-a3c0-433c-8d1c-f206351eced2	414	718	34	14	cast
335a7306-aa98-48ae-ba4f-8cce67c88e1d	450	718	34	16	into
6680c80a-2176-4a43-9210-f41b61353311	486	718	20	16	a
87221182-5a54-4c9d-8026-86ee3d08692a	486	718	20	16	,
5d100558-f046-4cd7-afac-cb8586b7d13d	508	718	54	16	453
d7abb85d-31c9-4f4b-9963-c10bf8a6d8c4	508	718	54	16	-
8fbf0507-7d9b-477c-b95c-f4cfc370b50d	508	718	54	16	21
dc2ffa14-604d-4cf0-ba41-8f5e4470b086	508	718	54	16	,
da4ca117-2714-4b4a-aa13-f3020e7770f0	564	718	52	16	458
1192c4ea-50a6-458d-a4e3-a2cfd07f02b7	564	718	52	16	-
23dae719-d2fe-4c9c-b258-8755bfd329cc	564	718	52	16	32
6a742403-095b-43ac-85f7-8bb1746d11ff	564	718	52	16	,
d8d72a81-e4f9-4d08-bc42-662f0a079ba3	346	730	50	14	473
94ba8c0f-6273-4f1c-9b21-e0c88f134f53	346	730	50	14	-
a5053e9c-763f-4eb3-a246-2f7c8658e9dc	346	730	50	14	24
9cec1244-f17b-4f07-a897-69077b497189	346	730	50	14	.
dd085b37-d856-4ef5-82d9-caac7f7772ad	334	742	40	32	Fate
c99b0306-172b-4d9e-95ad-f4dc23da9a9f	378	742	16	32	to
157d1db9-e787-4125-a47b-1428aec0ee98	398	742	24	32	the
8a5a1fbf-0ef4-4481-8376-15de5ad15357	426	742	88	32	prenate
f7b67d49-75a3-4707-90f3-1f53bc345062	426	742	88	32	,
88252d03-3a9b-4031-a84d-acf0ce49af98	518	742	32	32	310
b2e73fa1-a369-40bb-b801-e57630cef200	554	742	16	32	of
7a638de3-7de2-4976-ab0c-26baea540de4	574	742	16	32	Ta
f73c58c2-d9a3-44e7-9877-55101a3d5cc3	594	742	20	32	ob
d77d9361-8a4b-4920-ab19-d96451f7c774	376	754	66	14	Zoramite
3715b737-dbf3-4cc0-975b-8bfeb1b350a9	348	766	65	18	executed
353bdc29-bd34-41e0-97f5-c899a5a938cc	348	766	65	18	,
d5de83f9-f4e8-409c-98f0-0a736c1bbfc8	415	766	51	18	443
2a52ea6f-9cc7-40ab-be69-f3b3928de78d	416	766	50	18	-
e999eda3-e441-4af0-b10b-1b68f23a2a2c	415	766	51	18	21
6cb26c5b-7b33-4d65-a337-c922868d832d	416	766	50	18	.
62d5950e-1ab1-4664-a123-c2d280cf1ddb	336	792	33	14	Gad
29a930cd-478b-4860-8a2f-3e434a61297b	336	792	33	14	,
33f80aec-4d7a-4f43-9943-1a2813019012	371	792	31	14	city
eab5d96f-c7ba-4618-a038-16b267f718cf	404	792	21	14	of
e1535230-c64f-4b75-9014-439a8d3fdafd	404	792	21	14	,
eed4c243-baf2-430f-82f6-ec4b5ed1d2aa	427	792	49	14	418
544028a6-6932-487e-8867-b11d114e7ab4	427	792	49	14	-
e67c7f4f-6b34-431c-9821-c04fa1fa6be0	427	792	49	14	10
f5cf813e-1b7e-460a-9248-189a638c572b	427	792	49	14	.
2ce2cc54-8603-4812-ab65-6acbac3ed247	336	804	68	16	Gadiandi
d9bffb88-2295-412e-ba2a-bbb0183b831c	336	804	68	16	,
44458d56-14da-4e05-8bcc-cfa88ec5d56e	406	804	32	16	city
88a2ebfb-c1c0-4d13-9537-6612abf9f5d3	440	804	22	16	of
50d793c3-8ce0-43e6-a821-c3ede16bd02a	440	804	22	16	,
ac78fbc3-8178-4b1b-bd29-7e952264e42d	464	804	42	16	417
9f55870f-eed5-4f35-a166-9f128998e1b9	464	804	42	16	-
b9832ed6-d9af-44ad-b7ea-344f75ef5533	464	804	42	16	8
8ea78948-a04e-4235-bdf5-d60f865c0b9f	464	804	42	16	.
d23f5fca-b280-4c3c-b809-f47b7d969207	566	834	48	12	proves
ff0c5d0e-6068-4214-9879-a078a5343c20	508	844	56	15	363
3983d0db-09fd-47b1-bbfa-7b80bd75b709	508	844	56	15	-
1a1f1b02-cf47-44f4-944c-7ec004d52c70	508	844	56	15	13
9c8074f1-1ede-4e17-9087-9f7d83a17250	508	844	56	15	;
eaf4f0ae-d96c-4330-b138-80db88ade351	348	846	96	24	combinations
0897dffa-2a69-4c0c-bdbe-68c7d9d2d310	447	846	24	24	pe
77957bba-9339-4e9e-9281-85f38ecaaaaa	474	846	57	24	363
2e4af8e8-742d-4f9c-89a6-aec499e6b6cc	474	846	57	24	-
163a4552-4058-4fd2-84a4-73bb690d2276	474	846	57	24	23
68d8a065-316f-4a6d-b248-a59443cd9d9b	474	846	57	24	;
925b4928-0b6b-4e03-8e40-4f7444a4d769	534	846	52	24	serene
2fc706e8-08b9-4b98-b15e-32243be2c5d5	348	858	97	10	combinations
ae99a450-c598-49cb-9f10-f3dfcc7e4225	447	858	17	10	of
4490e465-b54c-4c1b-ad88-f71ea241745b	568	846	46	12	secret
8e54b40a-259c-418b-89fd-b87dacda50cc	592	858	22	14	of
fa964e05-744d-45c1-b16c-df02b4a8f80a	592	858	22	14	,
8e352504-9b46-407f-8938-ea09ee8defae	346	868	54	16	374
9e862bcc-84f7-4fda-8a23-e1145e8f13e4	346	868	54	16	-
158fb6b7-6c34-45c6-a292-10298e2e21d2	346	868	54	16	24
4cda9766-0240-4956-a712-ff459a6431bb	346	868	54	16	;
6e6a14d7-dedd-4df5-836f-fa4d8edb451d	346	880	53	30	330
140192f2-c3e5-4121-b466-1c6a44a5c5ff	346	880	53	30	-
a3d64fe3-f58f-4901-8afc-7c648144863b	346	880	53	30	2
9133dbd7-b620-42e8-b760-0450947b8424	346	880	53	30	:
00526ba6-b6f0-42b0-a97a-29b6cd798e36	402	880	38	30	03120
6457b47d-4b6c-4d3d-b5b1-dcaa60fd8568	398	880	52	16	375
02a6a055-2ae5-478d-a871-15a50d0fde2e	398	880	52	16	-
6c1d90ec-ff41-46bc-a649-31503ca68b0c	398	880	52	16	29
9987be9a-8103-47dd-9d34-80eca8c8541c	398	880	52	16	;
d1ed15fb-f4cf-4d0e-a824-898813a0fb7a	452	880	52	16	author
a4c2f4b4-3040-4c7c-8b23-e1894659c10a	506	880	20	16	of
1dff560c-9388-419c-8417-342a143ab99f	402	870	45	26	395
c2bad54c-a51a-4cc0-a61f-895aefddebc6	402	870	45	26	-
40115c37-1a18-4ecb-8ea6-ea560c93d5b4	402	870	45	26	29
3fb6eb05-2938-4267-9d5f-c0ea2f58d952	402	870	45	26	,
caf3abeb-be2a-4865-8aec-10408f893618	451	870	52	26	author
f5d0cb19-5ae7-4822-8d9b-5834cef8af51	506	870	16	26	of
11cd660a-ee2d-4af4-9384-3c4b8028e1de	525	870	45	26	accer
5594ea0c-050c-4d9c-b76f-564ce9750e39	574	870	40	26	band
925fe130-da48-422e-96af-7e27ea02756a	574	870	40	26	,
7d484f79-6ec2-4ea6-a364-3bd5547ae39c	346	894	42	26	secret
b43014ef-692b-4bb2-af31-285030fb1671	391	894	39	26	plans
fc72e345-fa2e-48a4-8a0b-565108752247	434	894	19	26	of
b56df37d-64be-4e34-b9f1-06502f2a407d	434	894	19	26	,
55afda2f-d545-4a5d-b515-e9db508067ed	456	894	55	26	387
21ceeead-235a-4b62-84aa-bdc5b3cda9d6	456	894	55	26	-
e8f3efc9-1e2b-4589-91a5-683032b4d2ea	456	894	55	26	ept
bb8b0735-5cdc-4a15-a42d-0eb47424cb50	515	894	42	26	away
5d1fd8df-95b9-4d90-b213-00108f0f8741	515	894	42	26	,
a5de4ef2-95f4-4d30-a69c-fafc324cebf7	560	894	54	26	385
7e83606d-8ea5-4016-881d-0ced6aca9888	560	894	54	26	-
6cbfb03e-4246-4ce1-ab33-a031811ea819	560	894	54	26	10
e422738a-5454-4f15-90c7-5c0b85f37a4f	560	894	54	26	;
