ID	X	Y	Width	Height	Text
454837d6-f770-4494-833f-2bc91c1fcffd	64	68	34	18	556
70306cb9-dfae-4e35-9398-cd37cd23f4cf	80	110	48	14	Mulck
9ee3ed6a-7cb0-4c59-abd3-88dcfa8f5f57	80	110	48	14	,
4b80d897-8503-4177-9319-4ccfe7fe0cda	190	111	76	13	Lamsnites
4453ac5c-aaa5-404b-b36c-8b254e57fd0a	77	118	74	36	Bounzi
300994fa-a38c-4be2-9d14-0e817da29b1c	77	118	74	36	,
9089bc0c-69cb-48e4-9035-b4b7b1f167d3	153	116	50	34	es
5d20fa7f-d25e-48ce-96a3-6079271a7762	205	113	50	34	eney
ccf548c3-7fe0-436d-852c-b595c2742194	205	113	50	34	,
42282342-ee3c-488b-9fdd-87e30ab91673	257	110	54	35	protects
3db481c3-d071-4bb9-b738-2c13fc5a5577	313	108	34	34	tond
4a466248-7fb3-443a-8e96-b4bf96416ab9	82	136	72	12	Bountiful
3d1484e4-11f2-4a80-81af-fc7c4fd24587	82	136	72	12	,
3cff3909-a3a9-4c7a-8933-6f6596e616b8	66	148	28	28	10
b931c6ca-44d4-4e76-89e1-95ec52b5fb08	97	148	70	28	Notes
5fcb32e4-eec7-4bd4-9e1b-8de015b94c3a	171	148	52	28	saran
b857e4f7-512d-4513-80c7-7fff6f5b44d6	171	148	52	28	;
2f386394-53fb-4428-aba9-198e0258789d	227	148	66	28	preaches
b46d0164-3bb6-473b-87b4-52cdfb3290c7	297	148	17	28	to
019ebf75-3cfe-4df4-a5c4-a4002d012c31	318	148	26	28	ches
7dce5533-0473-42e4-a84f-8bd4a8d10c84	296	160	19	14	to
f435a99e-e9d7-40a5-98cc-13dfec61ef01	317	160	29	14	La
67d7fc9f-c917-4d79-8cda-79d88ff4a8dd	317	160	29	14	-
3e236ac7-61a0-45e8-9740-b05b3132f0d7	76	160	19	30	to
4556afac-3c5e-4a58-bcce-c116d4f96491	98	160	37	30	nice
87821e5b-55d9-45cb-ab0b-108f37fc8cab	140	160	52	30	170
8e494b35-483e-4aec-b93b-5447f4e015b8	140	160	52	30	-
5866a2ac-7ddd-4c45-a1ca-e800183f4205	140	160	52	30	18
19ef97d7-7f2e-45ff-935d-060c96062e43	140	160	52	30	,
1a0d4277-7335-4d1c-bab6-4050ffb22dd3	196	160	30	30	goes
b53fa730-d044-4bd4-8a11-be5bb1c660ab	230	160	49	30	loach
9c0f3e1b-f51c-415b-9809-6cefba14446f	282	160	15	30	of
e0decaa6-c548-4b1a-a82f-d64bd9087e63	301	160	45	30	No
4820f6e8-116a-4455-8af5-3072f7f4e3a2	301	160	45	30	,
19ee705a-8bce-46aa-8c73-fd8890c0f73c	80	186	52	14	370
8fc2f60e-fad8-401d-86ab-e018cd5410bc	80	186	52	14	-
16b5a5d7-33a5-4bf4-9252-a4647de9ac04	80	186	52	14	20
7e5e1776-3d21-47ad-b06f-6df5c39dcaa1	80	186	52	14	;
8af0256d-553b-45e1-900d-7696f61f3b94	134	186	36	14	cast
7494c5ea-fd96-45af-8b78-53e1f488dcb7	80	198	46	12	circled
9a0d543f-2fa1-4d0c-a21c-b4ccec7a0e1e	130	198	47	12	about
db6486fc-66e2-4bd5-a9dc-a7ad826c89a3	178	198	20	12	as
f7bf2ae1-c2a5-4f00-9a0b-67d8f039b16d	170	186	33	22	into
c6473353-487f-4438-8edb-4e968c35f1e3	206	186	52	22	prison
7531d2b1-c72f-4ae1-928d-7a50d990900d	206	186	52	22	,
054870d1-16d6-49f1-b0c3-5b193d10d832	261	186	57	22	370
37819567-6d06-4e18-820f-25069c28c632	261	186	57	22	-
ef34d1a6-120e-45d7-951a-8b86d6e2a70b	261	186	57	22	21
831f021f-c088-4b08-bac1-02c72a221c20	261	186	57	22	%
8dda67eb-e299-4429-ace7-058cebd85369	292	196	48	16	370
d5e9ea57-bd9d-4453-bbc6-6e36353814be	292	196	48	16	-
d18e7d66-7634-4fb0-a9bc-fc0d18331a29	292	196	48	16	23
e20f9a4e-8ced-4ef0-823b-a183c868a3fc	76	198	29	38	For
17b91579-a74b-4045-b1bb-dcd6d387f91e	109	198	24	38	a
3193a0ca-eaeb-409e-8602-7c48965e3826	138	198	14	38	ra
168d454f-90dd-4ef5-bf70-401ce5e1283f	157	198	86	38	371
9d3ea6a5-2afc-4c5a-92e7-2fcd5d9670ee	157	198	86	38	-
98a34334-bdfe-4c73-b559-ef3dcabb1a55	157	198	86	38	36
6b382c73-009d-4250-b234-8e8419afa2b2	157	198	86	38	,
87fda23f-a177-430e-a95e-0db2973a910e	247	198	28	38	roes
ee3969c7-e7c5-4151-935c-992f457ea05e	280	198	29	38	into
91f76cb4-41e1-4b04-9943-b417a33c70b7	313	198	32	38	land
6d34ffbf-dd9b-4960-be93-7bab5d7dde9a	80	224	74	10	northward
95f62723-05df-4138-8d09-90ab68208011	80	224	74	10	,
a010dbd9-7184-4ce3-aab8-3e7c4cf1ad64	68	234	38	16	Lehi
ede5661e-df78-4f0e-83ce-c362d1b7cd90	68	234	38	16	,
19cccfa7-ddb5-4f4f-8555-57eef1dc1f2f	108	234	30	16	city
ae88fef6-1b14-40f9-b20e-ad9e787567fc	140	234	22	16	of
96dd2779-659e-4d8d-97e8-6e3586f38bcf	140	234	22	16	,
443e5a25-d5ea-43e0-a6d9-3059f628ebaa	80	250	66	8	torboattle
d0046c81-3c7d-4760-9fdb-73c8ab95d8c1	80	260	50	12	lickiab
05b43c61-84ca-4906-b1e2-5d73eea7e2d3	80	260	50	12	,
ed2785d3-93e1-4494-8efb-98c703d3d885	134	258	48	14	326
f0c08e79-80fd-4b67-844a-bf4c637d1ab1	134	258	48	14	-
81f56edd-1735-40c5-91ac-7a7112823b94	134	258	48	14	26
6ba7ca66-b955-4031-9e6f-585d9f8105e7	134	258	48	14	.
bc58a69b-0505-4fcc-aae6-96e1f03acf3d	156	232	55	34	26
264d46f2-fed6-4f45-b690-7fcc7a8a0e98	156	232	55	34	-
6e4df9fe-5e34-485e-b67c-c827dfe632b2	156	232	55	34	24
8ae31418-ac87-4628-ae4b-4a282e2afce9	156	232	55	34	;
b5be9ce4-85e2-4ce7-97a4-de40c1eea58c	216	232	59	34	appled
f1883740-b95a-4e02-a089-dd0f428e536e	279	232	69	34	prepare
3502e0ee-5ba7-41a1-bdeb-ff676327aa99	66	272	38	16	Labi
4e9f6958-e411-451a-802a-3b716c470169	66	272	38	16	,
f2d8ca76-822b-4963-b75d-433150bf393e	106	272	32	16	land
65b2b187-dce1-464e-bf37-86fa3164b8bb	140	272	20	16	of
252c3fc6-9110-49ed-8fdf-5182615e88cb	140	272	20	16	,
84e30301-22fe-46bf-ae78-642dfd4cfddc	162	272	50	16	322
85f148f7-a730-49db-a038-36fc6c3f448c	162	272	50	16	-
26a2e547-9242-48bd-9384-a342d69ce347	162	272	50	16	25
00b8f0c9-46a3-48be-b3f4-175d4791f3c0	162	272	50	16	;
d42b7435-c3eb-4357-bfe3-65b2cf0a06c5	214	272	46	16	people
45abf852-1c47-427e-889c-fb30c3631671	262	272	16	16	in
991e9aa4-1e0c-4526-b704-dcfe8626b8d7	280	272	46	16	appeal
cbe446e6-8259-41a4-93e0-946f7480d81f	328	272	18	16	to
792bd7c3-1749-4a3f-a9d2-3250ebb11cb6	80	284	54	14	Moroni
938787bf-f041-44bc-ab60-b8b0762d260f	80	284	54	14	,
e10e0f00-3d4e-48c8-8808-e0bd12a818ff	140	286	50	14	323
cd30e45b-8a46-4a5d-ae92-ec66a3ae8f6a	140	286	50	14	-
5a3c18e5-0aa5-4b2d-9c0b-b7c182050761	140	286	50	14	27
01855dc3-500a-4760-aaa7-08a8c76d90ae	140	286	50	14	.
128701bc-c70c-49a4-93a8-19b60b3ab7bf	64	298	86	18	Labi
81d5ba7f-3651-4fb8-8583-bfeb22212617	64	298	85	18	-
397faa18-1036-4baf-9cef-ea62b64817f4	64	298	86	18	Napht
d31841fe-c070-40df-8e77-ef5f8c9addbb	64	298	85	18	,
ddb7b68c-ab65-413e-bdfd-7c3c9e4c1273	152	298	34	18	land
7c728c33-f438-4d0f-b1b9-16ce232459e0	188	298	20	18	of
e1fe32ce-ed70-4e71-9e95-8e2664734c4a	188	298	20	18	,
c63afd01-06fe-4780-8ddf-20a084b4c2ca	210	298	44	18	147
b5648394-6ea8-4c91-bfde-1a72b8bfa637	210	298	44	18	-
141e3e24-3444-48d7-9a8d-350e4a623359	210	298	44	18	1
883367f8-5b76-4009-914a-775a81e165b6	210	298	44	18	.
ddc0f4a0-abb3-4dfb-ac73-34642a87a2f9	66	314	38	14	Lon
4ec077eb-f5a1-40df-87a5-7861b279cd6f	66	314	38	14	,
48d84684-a799-4b5a-bb09-07e18a0ce974	106	314	35	14	land
929cc071-af4b-499d-86be-61adb56db110	143	314	75	14	southward
968774e8-bc7c-4734-8503-2cc2cd721250	220	314	49	14	called
2c15a28e-e72c-4bc3-b55b-7a80a79d535c	220	314	49	14	,
53cca4b4-2a96-406c-93ad-60292d5e2249	271	314	47	14	373
a0915eb4-256e-41fb-96ea-69078d97473d	271	314	47	14	-
75ab29ac-5cf8-4115-9616-34e245f4e5bc	271	314	47	14	10
38551c7d-90d1-4bb6-a8ca-e00259cc2941	271	314	47	14	.
58e0f7f2-e844-46df-bf7e-a75f4630399d	64	326	60	16	Lahonth
f81ecf11-1595-4b36-8cf2-d572679105a6	64	326	60	16	,
1622f8a5-b021-46e3-9129-b3676761316e	132	327	47	13	leader
a66065cf-d844-4622-a09e-0b4b667d7af6	184	328	22	12	of
d93a5395-7dd1-4422-8e23-909b76760749	208	328	82	12	Lamanites
cb414f1d-4f6d-4ae3-8034-77a15c6cdddb	208	328	82	12	,
604b7fb5-3f47-4311-b3c4-b541044d8abf	292	320	54	24	313
4da90e47-c513-4d7f-ad01-c4a8be36bbfa	292	320	54	24	-
c8db9d85-1b69-4ecb-bc14-b297f87fc75b	292	320	54	24	16
f2137539-0eed-4856-a583-2a11683571ba	292	320	54	24	:
c8c97623-f434-49be-9f31-cf8e7ce858f7	76	338	63	28	Poisoned
7bc3b7d6-f35e-47e3-9ec2-cec764f48a81	142	338	17	28	at
3773aa6b-d8d4-4fae-9559-45362ff63472	163	338	70	28	command
e5490d2b-ee46-4d95-80d1-acacf1e6598f	237	338	17	28	of
4826aaf9-fd06-4c7b-84fa-4be40fa12a9a	258	338	88	28	Amaliciah
cbfddd92-cd3d-41ff-bd6e-f10c2f66ecc6	258	338	88	28	,
ed733dc5-fd51-46f9-afbb-2b2250f4dee4	66	364	58	16	Lemuel
6d30c4f5-3964-4077-9627-93b38415cb14	66	364	58	16	,
e61b6a33-b0b3-443b-8fb4-3fbf10c276dd	78	378	36	12	4
9ae64c1b-2506-42f3-9035-86bb1dc42406	78	378	36	12	-
ff8ade69-4f38-4045-9e19-1dac632ebdcc	78	378	36	12	141
8fcb7b49-cd40-4c00-876c-f5de8c40831a	130	364	50	14	second
3dbbbfd8-bbf7-4f64-a603-6d146acc47c3	124	364	55	26	theord
99803a61-41b9-4359-9809-28a70edddf2d	182	364	26	26	son
d1382754-e01b-40f8-ba23-9980620ab916	212	364	26	26	wit
6ab6dbcf-5ec0-4641-9523-ecc6a1cf37bc	241	364	39	26	eir
23facca9-5a7c-4a42-852b-d2bef71041ee	283	364	63	26	rebuked
d02a2881-0728-4478-8c67-fd6585df8a8f	283	364	63	26	,
49fa370e-02e4-4e86-a366-2d419e3d5b5a	80	390	46	12	rebels
d1d986d3-7e43-4458-b0b9-18af00198956	80	390	46	12	,
9bb5ad8d-107a-4326-9cba-687789b3eaa5	138	390	38	12	11
b0efc32b-4d85-49ad-9df7-b92714b727f4	138	390	38	12	-
f35aaf65-2069-4ee1-942c-fe6879e191ad	138	390	38	12	6
3257f7dc-2826-42c5-8d1d-c8d649915cbf	138	390	38	12	:
aabff1d9-7508-4277-a19e-8d75198e5111	210	378	43	12	with
be16b4bb-329c-4ef9-b5f8-57dde134c56d	255	378	47	12	curse
1fbd66c5-298b-4782-9395-3bc75deceaef	255	378	47	12	,
2418f7db-c2ff-462c-bd8e-533a2a49de71	308	378	38	12	4
cff24ad0-e430-49d7-b234-5bd2ec04c52a	308	378	38	12	-
87ee04a8-b1b1-4c05-abb0-31ab6afdad0c	308	378	38	12	211
f11d8b45-87af-424c-9f5b-ca38944f5cb6	258	389	40	15	31
535a6071-036f-4303-8936-291b5a934f61	258	389	40	15	-
13bba3d6-cb99-461a-a437-5cdcd99cb913	258	389	40	15	7
d07d0f39-ceb4-4192-a773-d064750e71c1	258	389	40	15	;
833f5d90-ab50-4ecf-829c-54c03b99cb67	80	392	51	24	against
fabf1719-048c-4855-af66-2fe34d3738c4	134	392	36	24	lives
871d2b13-a13e-4aaf-833d-fa9f40274ec1	174	392	21	24	or
967b05bb-625a-4968-9a4b-316d8f41493c	198	392	36	24	Leni
c21d3c58-803a-4bf8-a978-9361078b5a21	237	392	27	24	and
09432e1b-2b73-4c6d-b47b-1fe9c2cec87a	267	392	51	24	Nephi
05a9e69c-53cb-42be-b12d-d29dbc1a7280	267	392	51	24	,
8c196f84-aeb8-420f-a295-0aa701347484	321	392	23	24	33
7d6e96e8-55d7-46fc-b966-96b0bff1041f	108	414	38	12	with
dc180cbb-4014-4ac0-ab2c-8871442fd258	78	418	33	22	Lehi
06f801bd-ff35-4c5c-805b-8000216f08f1	114	418	54	22	blesses
9d808713-a651-424d-bc18-99249d80f3ac	148	414	52	16	Laman
35648c46-893e-4c00-91a1-4b431753cb90	202	414	44	16	binds
69b6d775-369c-4b16-8c8e-0a370468b988	248	414	48	16	Nephi
9eee451d-a23d-47bf-8b90-450a14126cd6	248	414	48	16	,
bd33067a-8cf7-4aa9-a704-53ae8f05c616	212	426	34	12	and
2d7f83f7-a96d-4430-85aa-2b98206bce3d	248	426	75	12	daughters
69a56bce-ff3a-4a64-8068-2ef075e9e017	325	426	17	12	of
460b5aa5-d37c-42e5-958a-4af6f1217d34	325	426	17	12	,
dc656f5a-6704-4c47-8620-afb4b8ec94c1	75	436	38	27	58
9d880b32-5de0-4500-8285-32672a9ee32a	75	436	38	27	-
3993baa4-c5ba-49d1-9143-01c701f1feaa	75	436	38	27	2
4926863a-0002-4ae1-abb4-d5153235cfd7	113	439	23	25	or
4dcc5d7c-c7f6-4f1d-a297-d688690bf4dd	137	440	48	28	201
ead5a10b-01a9-471d-9079-b43b44d69c54	137	440	48	28	-
c092ed6f-ad22-44c2-9157-0ee8b5972079	137	440	48	28	7
0803b520-5e9d-4129-bfb1-acc282c41e72	137	440	48	28	.
10ea65e4-cdfe-49e1-8737-d00c16d356d9	166	428	45	28	58.13
fb26819a-89d2-4687-b6c3-514819f9ab44	166	428	45	28	;
dd061325-532d-4da5-8d10-7d98d0d2dddd	215	428	38	28	mark
407a9ced-b99c-46bb-ad25-3e22614ae1a1	257	428	49	28	placed
3e761b85-c89e-41ba-91fe-ef2ee3757ad8	309	428	35	28	upon
f64a2d13-78cf-4f9a-859a-ac9945b107b6	76	450	36	16	seed
764a4afe-4c45-4abb-8cce-cef977be3b6e	112	450	28	16	of
91ac3c2d-9fa2-4511-80ed-5246353be241	112	450	28	16	,
046e431a-dc2c-41b2-ac26-b58c68387c0b	70	464	56	14	Lemuel
79ef466c-b9b0-4d3a-ba52-d33b4723f4ef	70	464	56	14	,
8eaea84a-91f7-49de-9cf6-475147c01fc8	122	462	50	20	valley
ff33bc1b-464a-4f25-91ec-7c90312b2c4c	122	462	50	20	,
e0424446-8766-4a1a-ae1c-74040016f8a9	175	462	20	20	of
ca5c91e3-e87a-4c4f-8b28-756592a333ad	175	462	20	20	,
1a476abe-3663-496a-9992-eeaea5d54838	197	462	37	20	4
d6af7e1e-cf2f-4b63-8c96-6abba1797be9	197	462	37	20	-
d06bf50f-b5c4-4863-8272-2a52552d457a	197	462	37	20	14
da2d2aca-1c26-4f66-a718-1b50db095e64	197	462	37	20	;
003820f1-e4b3-4cb7-af5a-ce9561a83e04	237	462	35	20	Lebi
c702af05-092d-4234-9025-587247fc5120	275	462	45	20	dwells
90778705-7c8e-4ce0-b1d2-2bc50d4e457b	322	462	24	20	in
deaa9a81-c52f-417a-8573-6764602f2b58	322	462	24	20	,
fbc8e3c1-0dcf-4b8b-899d-f550552ffff9	80	478	26	8	10
52978e26-337e-441f-b98f-5ad5c2026887	80	478	26	8	-
58770273-b761-4e89-9311-23805c7e96c1	80	478	26	8	1
18c4f5d3-9a5c-45c6-85ac-eb6c17701691	82	488	64	16	muelltes
b2d23ef7-192f-441b-9aa2-a7f73d815819	82	488	64	16	,
2b3254df-8afd-459e-8f77-a7303c2407a7	148	488	12	16	a
13e6dd5d-7ac6-41d8-be4b-3b9026ed1bb4	162	488	58	16	division
ba8c56e3-295b-4c49-b3bb-5362c919e130	222	488	16	16	of
806e0cee-6c6f-49e4-8938-5c19a400455d	240	488	26	16	the
edc47e51-7a6c-45f1-9f26-043cb52c8db0	268	488	78	16	Lamanites
2d5b8830-908b-4644-9e8e-2ea25671a063	268	488	78	16	,
64e2f959-ab1d-4bf0-adbf-0822f86d01b9	76	500	56	16	108
99adaa46-c1ef-4074-9016-fcdb79a1aa54	76	500	56	16	-
d763ae45-04db-4297-8963-bc37236f3432	76	500	56	16	13
1721bf74-8fa3-46bf-93c3-6d18dbd4606c	76	500	56	16	;
d6208b3c-fae4-4ef5-b90e-3966ef398806	134	502	42	12	reject
a6844b08-1047-4602-99a9-36ddb711bafa	178	502	51	12	gospel
db36227c-5617-479f-a467-cc201368ed69	178	502	51	12	,
dca672cc-758d-44dc-84e1-a7dfaa1c571b	66	513	59	27	Leopard
cc096fad-bf73-45f3-a202-f5c63aa592b5	66	513	59	27	,
a9deea0f-f4f3-4c6a-b16d-8b5de239c1da	128	512	62	27	toredite
0ad2b0f9-672b-4bfd-b158-a245f7982df6	128	512	62	27	,
fab5e21a-c100-495c-ac79-ced8085a1a0a	193	512	46	27	nonth
2bce6cf0-c5ad-404a-98c8-767a5da33dcb	241	511	20	26	the
b59fe4bd-b372-4450-9425-61799918a27c	264	511	30	26	kid
7777a230-4613-48f1-baac-f6530aad6b06	264	511	30	26	,
90b45b84-53a9-481b-83c3-b2ef89e629f1	297	510	46	27	103.22
66225919-79ab-46b5-a8a7-99e540736852	297	510	46	27	:
1d0b22fe-628a-4357-bc08-210e37a76e03	128	526	62	12	Jaredite
c888b187-90b1-4df7-9fd3-59d70cf46773	128	526	62	12	,
940e4c38-175b-4c1d-b33d-5d13fce327fa	230	524	19	14	of
729e4d9a-82e1-457e-9f14-d760456b49a2	251	524	39	14	Kim
5c67cd81-7c07-48ac-bf9c-b8bed00ec79f	251	524	39	14	,
213719cc-badf-4dd6-a3c8-cc9c43be077e	290	524	56	16	479
c1163f93-5df9-40bb-b691-44b30309e47f	290	524	56	16	-
7850b5ff-8fe2-4cdd-b028-fdc273d8e35c	290	524	56	16	21
448552b6-17ab-49cd-8dbb-d9c09edf55fa	290	524	56	16	;
91d9fbb8-5bbd-4268-9327-096ff607d101	78	538	45	14	serves
49356674-d878-4f0f-a836-0603cfe0dadc	125	538	17	14	in
2e6c18ef-652c-4ff7-a111-f7c890d4fc03	144	538	66	14	captivity
940c942b-b118-4c49-8514-efc81a0a9648	144	538	66	14	,
b92f82b0-d1f5-4033-b666-c254f952c475	213	538	33	14	then
7922d970-ba1d-4662-a1f3-c7c79e510a60	248	538	59	14	becomes
a3084eb0-30c4-4842-8fe0-b7d97de3a53a	309	538	35	14	king
4ae86237-a6d0-4cbe-bccb-f4bce38f4014	309	538	35	14	,
39b356d8-7119-4b95-b088-a0f97612f10c	78	550	48	12	497
aca12167-9b99-4a6b-a4cd-68a84b5c2032	78	550	48	12	-
bb38b4d7-37b9-402d-a03f-97204a3ce5c5	78	550	48	12	15
f579f563-a7ef-4261-8abe-a8b7f3ec0a44	78	550	48	12	.
3dc9f2ec-f1a5-4e15-a0c5-3bb85e2313b2	68	562	61	14	Liahona
98a5969d-db72-42d6-abf3-53394b1a1eb8	68	562	61	14	,
bf292917-89ac-4151-828c-9cf93ca0d055	131	562	35	14	Lehi
f8ee38fa-61d7-4d6f-97fd-d76887c305a2	168	562	42	14	finds
436ddc82-9210-466c-b3b7-f23a2840fd43	168	562	42	14	,
0570058a-82a5-4bd8-bdec-1869b0d8de19	211	562	47	14	31
28eacfb4-f359-481e-ba58-8e0f6c35bfe3	211	562	47	14	-
50daa0b7-0d79-4476-ae2e-01e7aa80c56e	211	562	47	14	10
a54e62de-2bbf-4a73-a559-d567904da784	211	562	47	14	;
d7752f7b-6fd8-4a3c-b936-13c95c9b553d	260	562	84	14	Instructions
e18ca5b6-3698-403c-a512-21c1d172f463	78	576	42	12	upon
0c788474-4bed-4e90-bd6a-c9bc10da36ff	78	576	42	12	,
4f153f54-4196-42c8-b95c-351a089849e7	130	574	44	14	32
f86e6fba-868e-4e25-8ae0-236c300b4a7e	130	574	44	14	-
eac6939c-1fda-4b81-a1a2-5c97f7114d2e	130	574	44	14	27
25c1c3fe-0759-45d4-835b-c0650d7de671	130	574	44	14	;
37aeaa4f-3a8d-4c04-8453-7eb041a19d1a	184	574	52	14	worked
b5692425-3230-434a-afe0-13e29abc5b79	250	574	68	16	according
b6eb5097-d343-46ee-b67e-6c4461b17d19	78	586	38	14	faith
57aeacf5-c8e1-4f3a-a6ee-b0cd9598a791	78	586	38	14	,
13fe766d-5c46-4dc0-98c6-f1b3cf243f65	328	576	18	10	to
69fc74ed-327c-4acd-8106-554f81ce74ff	116	586	45	26	32
05c9a2ea-41f8-4982-b92a-1bb4475aa0fa	116	586	45	26	-
856644b2-5822-46f1-b8b0-80b36899b25c	116	586	45	26	28
34474341-5343-4ad3-8aa8-617e28fa7d51	116	586	45	26	:
27f15d16-4675-48a1-aabf-b82e8f0c8bcd	165	586	45	26	59.123
e9c7850a-5027-4e87-a09b-5e6be5fa48ed	213	586	16	26	to
69f28df4-71c4-4e57-963a-b5f0ef1a65dd	233	586	36	26	rosk
3e6729b8-90f5-4b4a-804d-4bba5c70b151	272	586	55	26	because
c5f7551f-3f8e-4b3b-8d80-9d8b84da9907	330	586	14	26	of
b3aebe7c-720d-4e98-9e46-90f7ae85a108	80	600	45	26	Neph
eb1b00b8-4b33-4104-a008-db85d6cdd1e5	80	600	45	26	,
5a68b07d-3897-4e91-bc4a-2a4a42cfae0b	129	600	45	26	40
fd90090e-51d8-4a0a-a7dd-1809fcb52120	129	600	45	26	-
82bc861b-c9c9-4fde-ab8d-6b8f639c33be	129	600	45	26	21
4e5ff87e-e1b1-4b79-9fc5-1ba96c5b1f8d	129	600	45	26	;
bac33717-f243-4d85-b946-d4f61e1bac4c	177	600	45	26	Neph
862ec071-852f-4899-b979-d64ea04c5277	226	600	42	26	lakes
b2b2ce42-db23-4248-83a9-ef38f8d608ca	226	600	42	26	,
8d00ff36-3d38-4292-80a7-1ff5733bc451	272	600	18	26	wi
55eb70e5-26b9-4edf-b8cd-6b0cb12e22e0	286	598	40	16	faith
1d47dadb-ced4-4ed2-841e-7861a2e09ffa	274	610	36	16	with
c5a6b8e5-829b-4523-b3f3-a2f367eb9c4c	312	610	34	16	him
2e19e93f-90db-4a9a-bcb8-90613d63a41d	312	610	34	16	,
296db5e5-5f15-46a7-bdc4-4bdb254a34b6	76	622	48	16	60
06de0c48-ace6-40f0-9de9-1c8a37a8b9e6	76	622	48	16	-
e6fb15e8-3585-4052-8170-90f7b73d5b24	76	622	48	16	12
b7020080-2b7f-40ae-9c83-794671fd1bbf	76	622	48	16	;
320203d8-1bd6-4fe3-9c16-347f30c50cfa	130	622	48	15	known
a9cd0b96-27e4-47e7-a4dc-473f50ef5e0b	78	648	56	14	135
1fd95578-7601-46b0-93bc-64989ae46539	78	648	56	14	-
1b58726b-c19c-4908-ade6-b0529fe4c361	78	648	56	14	16
1f1123af-e882-432f-8445-af410d6625b6	78	648	56	14	,
9304b84d-a7a8-4712-9d4a-6eab515ab2f2	76	659	52	17	291
c7b006c5-39cf-4ca0-8ef8-689ffa5a747e	76	659	52	17	-
fe1a07f1-1721-4696-9754-4d625540c7c0	76	659	52	17	38
11a83428-a49f-4fc5-b654-dfdd8f7fd4d7	76	659	52	17	.
c97ddf39-1a68-4d16-951e-8992ab8dfccf	98	686	30	12	son
55adbcd8-2817-4f69-ae45-d2b84f0302ee	130	686	18	12	of
2d0d3315-722e-4d2e-a2a9-20f9c8714f0a	149	686	39	12	Kish
03687f75-42b9-4026-9a2e-5666b542a46d	149	686	39	12	,
f43f479a-3260-46f9-82ea-16a47aaeb233	78	696	52	14	497
e49e3ad3-522f-473c-885a-ea1cad241fc3	78	696	52	14	-
43171e50-6cdc-4b29-a7da-2551eeb91c63	78	696	52	14	18
5e757638-1a4d-4b85-a11f-abbb877fedc5	78	696	52	14	;
74efe763-150f-46e0-a2b4-9c53d5dd94b4	132	696	14	14	a
6329c6ac-2c18-437d-ad16-29fdac892b6d	148	696	40	14	great
de84ff10-a47c-4915-bd87-39b2fe423c03	244	684	62	16	becomes
3d976251-7346-41fc-84fb-26e7b1a1ea13	308	684	36	16	king
e60d127b-00e0-471b-84ce-676ef8ce5f8f	308	684	36	16	,
a8937371-6644-410a-a7d0-3512f551d8d7	246	698	48	12	497
935bc22b-5766-4a7a-b0ba-dfcb92947cc5	246	698	48	12	-
a9a48af9-fa6f-4f5c-b43b-101e55d156c6	246	698	48	12	19
742630af-f7b5-45ef-8a1a-49f7c09a4dbf	246	698	48	12	.
09aa48cb-e83a-44d9-a56e-0dfb85d66a29	76	734	66	26	Adoranbi
d862fe94-9f65-4cc1-97cb-c5753db2a033	292	734	54	16	303
33345d83-5934-4cd7-846c-c8610f98722d	292	734	54	16	-
52c4acf4-1ab9-4415-9f05-f0b74ecae192	292	734	54	16	30
28b0bfc6-6981-4357-8daa-ca39ef6b337e	292	734	54	16	;
df7fb0e7-e795-4dae-9967-20d7521b0821	150	746	34	14	title
050e0108-70a6-4cd4-97e7-2664426619e8	240	758	52	16	312
17a5d2e2-bd08-481d-8cd8-7a9cbffa63c1	240	758	52	16	-
6d5eb920-1ea5-4b74-a186-b434ea46ae13	240	758	52	16	36
b2f4db2c-43eb-4e8c-8a84-cdb575302fc9	240	758	52	16	;
4ce9309a-97e5-4e1a-854c-7682a8c03d3d	294	758	48	16	Moroni
34fb95b7-3f0a-4d57-be07-65e2fd32b820	78	760	49	26	panted
fcc20573-5372-40b7-a087-f60f256c8f96	130	760	65	26	standard
23632bc1-97d9-4c23-a4eb-dd56809a20d5	198	760	23	26	0
1cb910ab-0d0e-4082-a4ca-c8f4459b6280	198	760	23	26	,
5ce9d722-0ee8-45a1-b146-4aa918c27187	224	760	49	26	312
b4f03a17-3c74-48f2-9368-c38016148312	224	760	49	26	-
50dde592-8189-468d-9ccc-faf065f392fb	224	760	49	26	36
7f39e3f3-bdb7-4e1d-9f7c-fe9ab402cd5e	224	760	49	26	;
c561bb4b-9fd5-4896-ac13-90b310cda2af	276	760	66	26	Kingen
7e334dcf-c666-4dfb-94b6-b3be3943aa6c	78	772	51	24	Parced
8d7b1f6c-b8c3-460d-a716-ec4aaae0f776	132	772	88	24	stancknowle
a7f446e1-dfd1-484a-a3c2-825c0a24b89a	158	782	88	14	acknowledge
aaa584ab-76ba-4cd0-991d-3550784575b9	254	786	68	8	standard
d11738cd-d589-478d-bb34-89533ef6df76	323	786	19	8	ol
ff18c0c2-08d7-4bc9-8430-f1eb61f71f89	78	796	52	14	326
045e9438-ed41-4740-8fa9-fd6d9794654c	78	796	52	14	-
f85edfa5-246a-4939-aadb-788114f26c42	78	796	52	14	20
045232d3-f098-4011-9dd5-bb6dfe9c92ad	78	796	52	14	;
9c077a36-0bc9-4d98-a010-2cc0997f3c0f	132	796	64	14	youthful
6caa0556-4d15-491b-b6d9-0f2759ff6fb7	198	798	81	10	Ammonites
b4ec70a5-c3a8-4c38-8cba-d8907fc38529	281	798	63	10	covenant
9c6e3019-d99f-413c-919f-38815b846fca	78	808	20	14	to
93682511-a7a4-4d9c-9873-cb987c1bdc77	99	807	39	15	fight
c472fe39-db70-4054-8e0d-ebd22c0fcd0b	138	808	28	12	for
1d7b5673-30ae-4ed4-9768-94dd247e6aea	138	808	28	12	,
0be433b9-0b35-4c93-8185-6469378f3e2f	168	808	48	12	332
540eb4ac-cb49-43a0-bab3-7aa97a2296a8	168	808	48	12	-
076771af-1b7f-4e13-9791-28913b954a0c	168	808	48	12	17
66ab4311-d150-4daa-a512-0df19ddfd086	168	808	48	12	.
421c1097-98a6-4d23-8f00-e642ad181e5e	66	820	30	12	Life
441a272e-ef79-48fb-8b4c-c9f972fe9272	97	820	56	12	eternal
8f8d1bc6-70ea-460d-b9cf-696a8dee1d60	97	820	56	12	,
f77b7f45-13de-485b-8ff1-0e747ee9bb9c	154	821	20	12	to
fd43774d-fa18-46b2-931a-3875c65ca4fd	175	821	20	12	be
3f850f04-a821-466b-8e8a-060f3b22b0c4	196	821	74	13	spiritually
06f5e45b-684f-40a7-808c-9ed6b294d402	271	821	53	12	minded
41fd281d-b0d9-4653-8f4c-7bd93f6f078a	325	822	19	12	is
49536c4f-9370-448f-8762-f7b856db8035	325	822	19	12	,
23cca5eb-8142-49fa-985d-0cfe75b7cf66	78	832	44	16	69
79c998a0-2744-4f23-899e-881e0aff171d	78	832	44	16	-
c21db181-e322-425f-9b66-8ef71bb45bb4	78	832	44	16	39
6dbf6b86-ef46-4773-9118-72941768b8ef	78	832	44	16	;
e4338632-2d5c-475f-961c-3fce08c0a4b5	124	832	36	16	hope
75ae0748-5803-4295-9c63-2f38f21aebf2	162	832	18	16	to
7e64f411-9377-433d-819c-199f346e4df3	182	832	18	16	be
dd9dc17a-c700-4954-a733-87b6452eb902	202	832	46	16	rained
5a647127-6549-433c-b678-9929860ce88f	250	832	22	16	up
243ba4ae-6468-4293-b2ae-0edc9653c335	274	832	38	16	unto
3eb0a9d5-2f8a-4175-9420-fdd8179d2615	274	832	38	16	,
e50bcfe6-5cba-4812-98b8-a7011543bee2	314	832	30	16	515
c0fccf7a-9347-4505-b272-075eda266980	314	832	30	16	-
7e897999-69b3-45c8-a352-c6a2d845f2d6	70	858	40	12	Ligbt
22486518-4df7-4eb8-bb6a-c307371b79f5	70	858	40	12	,
43330eff-e8d7-40c1-8115-c84358e328da	112	858	80	12	throughout
f7cbd80e-423e-498f-80c9-cad9e6dc0aa7	193	858	44	12	night
c1298a01-0e86-423f-beb3-d4bfb4851f41	193	858	44	12	,
3bee5b28-f759-4f4c-a89a-3a6461825016	238	858	33	12	sign
ca88e4b9-4d51-426a-bdf0-f9c68898478a	273	858	17	12	of
b6d6f667-a5f9-4cad-8ce9-c10968535b85	291	858	51	12	Christ's
8c700b8b-0481-46fe-9707-73d6878a33e2	78	870	42	14	birth
2805ff11-6479-4186-8996-42d33f41a75e	78	870	42	14	,
9a09388c-4a36-4638-9ee9-d37439b31c0d	122	870	42	14	393
ce507757-20aa-4489-993f-74d5327ada92	122	870	42	14	-
ee12bf2a-0a56-491b-a10d-77637aa13ab0	122	870	42	14	3
2f3b4447-9218-43cb-b917-567bb871db2d	122	870	42	14	,
f80d9073-b2ac-4046-b366-a1174a5c6b92	78	882	60	14	derness
9ad1d8aa-25b4-4d89-8e60-b28e40e26e14	78	882	60	14	,
dbce93de-3255-447a-a09d-f42ea8237588	168	870	42	12	399
7e78b3db-8703-4adb-be3d-82384fb2937e	168	870	42	12	-
f88c7d73-1960-4be4-965b-ceef2bc32319	168	870	42	12	8
867330e6-20bd-490e-b837-60b852cbe565	168	870	42	12	,
f3e458f5-0f6c-459b-a32b-b707c673ba10	212	870	54	12	400
fd6864c9-ce9f-48f6-b9c3-62f23810e1c7	212	870	54	12	-
b3891d7c-8147-43f2-a0a7-29c023c6b3e4	212	870	54	12	15
5c15f079-b56d-40f1-9b4c-53600591cd95	212	870	54	12	;
b6303d83-e4bb-4842-910c-7f0fe8399bf1	266	870	19	14	in
e0f0d6a7-fc03-483e-9704-9e58423d9d9b	287	870	26	14	the
8db6da0e-3f5b-4a55-8154-3b1a1e2a9f6c	315	870	29	14	wil
e0b80940-07d3-44bc-841d-618b1af907da	315	870	29	14	-
187566a7-e645-4743-bf3c-aa4af34aa970	146	882	34	12	Lord
29382d25-d79d-479d-808f-dd60809a1033	188	884	18	10	to
f028fb37-f97a-4226-8211-e6282d9fffee	246	882	44	12	34
6dad9e7b-fa9f-4dcb-86b5-fd592bd067b4	246	882	44	12	-
25d012f5-f07f-47b4-b921-9ff1f5c49228	246	882	44	12	13
82d0842e-f467-44b1-b166-17d042b8fd36	246	882	44	12	:
0395500e-2ef3-4117-ba98-f30e403d3d58	78	893	64	13	darkness
22149ef0-4749-4ef0-951c-22e2e088365d	146	896	50	12	rather
02ecf7dd-b0af-4398-ad34-b766db148a89	298	882	48	14	choose
fa572887-f25d-49f3-bdde-62238d378349	244	894	50	14	93
932a4529-7865-49d3-8842-009e1be7d673	244	894	50	14	-
7ea7ce92-d477-4c83-bcfc-403afafe9c38	244	894	50	14	10
0ed76a78-9119-470b-afe4-acef1b82f599	244	894	50	14	;
6ba3c992-3427-4d06-8c2d-a717d909d6d0	292	896	52	12	priest
409f9910-55f7-4c1f-903b-a9cc5d6ad672	292	896	52	12	-
446c76a0-7558-4cfa-ac1f-9acf56c71b96	80	906	38	12	craft
240bd705-3820-418c-acb0-be18fae2054f	316	70	64	16	INDEX
cde096a3-714d-46d7-8cda-d0ac31bbe963	366	98	68	18	provided
df128e45-1519-4c9f-8c26-18200e0b9d1c	436	98	29	18	for
f93b5816-63be-46bb-bc14-9e10d1a46a9c	467	98	63	18	Jaredite
08eb0c56-39d3-40c2-857a-d56326aa8beb	533	98	56	18	barges
4739e71c-40f5-4744-bd33-99ad88d98c66	533	98	56	18	,
93352ecf-1e40-4329-9b84-3d94abaf916c	591	98	43	18	483
0ae4ce1c-3d02-4911-8f6f-a8e2f962a5d9	591	98	43	18	-
0bbf282e-1d91-4460-b812-192b1dcee3e8	591	98	43	18	4
dcb311b6-e4e4-4d6e-892b-a51b37feb718	591	98	43	18	,
7484283b-afeb-48a4-9ca1-bcb6736a6175	368	110	52	16	487
94ad4d2b-6d6d-4288-87fa-7e47236949d0	368	110	52	16	-
ad78155c-2e77-4085-8fba-89936b52cf86	368	110	52	16	ch
7f4a1c12-8c44-484b-a84c-28a584d84116	368	110	52	16	.
f64b4a8c-10df-4e65-8b08-613be5126f96	422	110	28	16	6
5ec72613-9c5e-43c4-94f3-bd709f2e5147	422	110	28	16	:
395a8c19-9428-4653-b6c8-e9c2421029ef	422	110	28	16	2
ca3961a4-084f-4082-8314-c69d264e49d0	422	110	28	16	.
69f2fc4c-a7c3-4fb7-94d6-38eb051c2c75	358	124	56	28	Vision
7845e44f-db2a-4a08-ad12-3e5f2a159db6	417	124	21	28	to
4b310447-0f12-4355-90f7-ab99b7a789ba	442	124	49	28	Neph
6a98109e-c98f-4729-8f6a-53a08cfda5f7	442	124	49	28	,
ce86f59f-ff09-47df-a55e-59eb5a18c306	494	124	21	28	20
e6ab5819-9a47-4408-9202-be768dd51e06	519	124	17	28	i
ad175f29-cbf8-41ec-905b-65debc34bcff	540	124	31	28	a
34a6897f-7cab-437c-89c8-1998101ed63d	575	124	21	28	to
a0d5072a-af7c-47f1-9186-62f925665068	599	124	37	28	vai
0688625f-d8d9-4186-9baa-04d9c6550108	498	136	40	14	20
7f9c71c6-89a2-4d11-ae42-93962237008f	498	136	40	14	-
5d8e6696-c81d-43bb-9edc-e33f5a8e5cf3	498	136	40	14	4
43923ee8-6fad-400c-bdfa-0d22dc7fa59a	498	136	40	14	;
cf8812ae-4a48-4458-b733-1a9fdce6f6ed	366	139	42	24	Israei
f576f232-f062-47ab-82de-91b385d866fd	411	139	36	24	with
3d5ecece-9b4f-488a-a42c-5e7461e79996	411	139	36	24	,
60b27613-4baa-482a-8aae-cbe98997128f	450	138	42	24	42.1
13efe057-5534-4607-9bf8-ff015bae3873	450	138	42	24	;
8c0f4372-eec6-4944-ba52-d679a69a08d3	495	138	48	24	wicked
a374823d-7a62-4fce-96f3-5e01615261ad	546	137	15	24	to
5dc193c4-ed2f-4feb-90ab-d361802fc4c3	564	137	18	24	be
f37d6e09-40de-4b56-822b-1bedc70513db	585	137	49	24	visited
99a28e81-a778-4b75-8f33-0431716559ca	370	162	36	12	with
4da0799b-1026-4a9a-a10d-21ab07e1a06c	370	162	36	12	,
bae7ec48-53b4-4a4e-bdbe-b7651ceec9f5	408	162	37	12	93
dc5c9c73-519a-4e49-8022-8ff55f91f4f1	408	162	37	12	-
d2c6ccdf-9a49-4695-9eff-b9301cf481d9	408	162	37	12	6
a5e9acad-2ed2-415e-81a5-aa4870ac666e	408	162	37	12	;
23aaa409-8ec9-44f6-bc2d-49179aaaa520	447	162	19	12	at
6c713f8a-359b-4a70-92ca-8c5b3e6f8c6c	468	162	42	12	death
8dbbb817-691b-4bfc-a0e7-1483c4e1f32e	511	162	17	12	of
092c065c-0b16-4311-8d63-d1e7f65181cb	529	162	50	12	Christ
6281fe47-b575-4365-8077-a9ae8a5f5e78	529	162	50	12	,
1b6e612e-483c-413b-abd6-635daf1eb121	580	162	44	12	415
9f4d8b5b-605f-4d35-bd45-dbd0eaa29a87	580	162	44	12	-
b555b7cd-604d-4b38-9062-2c8b3e004acc	580	162	44	12	7
b8992ca0-219b-4481-a254-efadc7d97633	580	162	44	12	.
dfdc348d-46ad-4a3f-9ab7-1f6940bcbde0	360	174	56	14	Limaab
ca2ae5f6-382b-4fd3-ad41-48aeb5a29333	360	174	56	14	,
6f7b8611-6085-4163-a541-f3ba71c60a75	418	174	14	14	•
526554da-f284-466a-94b0-15686cb52361	433	174	58	14	Nephite
a8b07583-9175-47bb-816f-5c80c3971b50	493	174	66	14	chieftain
a0095312-4a6c-4767-8983-7e314281f3e5	493	174	66	14	,
8f3638e9-caab-4733-af7b-e91e0e587851	561	174	42	14	slain
9e94b6ed-5cee-42a0-98b3-f23eb835b607	561	174	42	14	,
845714b9-6c4a-46cc-b67c-6414059b013c	605	174	33	14	470
d7b14eac-f220-4b68-be99-388a7fa1fcb5	605	174	33	14	-
0bf19817-75dc-4c45-bd5c-c31ef2c7a6aa	368	186	20	14	14
125f11da-da44-42c8-b15d-1ecab753f747	368	186	20	14	.
29597b7b-a64c-40e5-a317-eda9d0798953	356	200	58	18	Limnas
a50c6a9e-18f0-4ca9-b759-ea3b7ae0f378	356	200	58	18	,
14d72063-2654-48b2-bddd-4e5a056ec3af	417	200	13	18	a
5eb0a1b6-e761-4703-a435-4982eaa96174	433	200	34	18	gold
9379bbdb-e321-4f19-ab40-7b5d35449054	469	200	34	18	coin
6158a8a0-6593-4202-b661-ab678986c4e7	469	200	34	18	,
f6faa955-d140-4b84-b27e-748b37bd8a7d	504	200	46	18	222
e3c83b32-f824-4a2c-9039-54328c0fd460	505	200	45	18	-
438f993e-626a-489d-86c2-0d32ff67f7c4	505	200	45	18	5
f1cd887d-5d36-4f30-8a65-7e181a62df69	505	200	45	18	.
00610759-93e8-469b-aaaa-f7bb7ffa9cf9	356	212	60	16	Limber
60eebc45-4d8c-4cb5-956d-237fef0dc8d4	356	212	60	16	,
b438a852-efb2-4a21-b6c8-507e3261676e	416	214	16	14	a
ec7610c4-2955-4c7f-8e4a-fda932f95636	433	214	58	14	Nephite
f803addf-49a7-48dc-bdd6-3d4c880df445	493	214	52	14	soldier
47bbee8c-af0b-44c8-87b0-c9f7cebc885a	493	214	52	14	,
07f733ce-c0ca-4ef1-b30b-c428b4c6d06f	547	214	51	14	199
192e104a-c5ec-4e12-848d-1c034201e845	547	214	51	14	-
27d9a956-7331-4ae0-a7a8-5a2634cf6481	547	214	51	14	22
306b3a51-c22b-412d-bc67-70f3f448ffbc	547	214	51	14	.
098b1cc0-ac2d-4465-8096-f577c20d4080	476	226	42	14	Noah
6fd32af9-e645-424b-9d2e-29340a2cefc5	476	226	42	14	,
0c24299b-f221-4dfa-9d75-0c7af0decf8d	526	230	44	12	meets
02adbbe2-e840-4b5f-b6d4-c77b4dd0025a	578	228	60	14	Ammon
6998af51-758d-4ca3-987d-566923bd2a1d	578	228	60	14	,
abed7072-41a2-453b-a49d-e955193c71fa	368	252	28	28	as
a3a85a4f-6d1f-486c-a626-09b45e88803f	399	252	21	28	no
9e095e6b-6ed8-4600-99c9-2ef90dcb278f	424	252	80	28	Lamanites
e995cccb-a2f4-496d-9d13-715db2825039	424	252	80	28	,
d860e1c8-5f56-4046-a1e1-8dba01854be7	366	265	56	27	141.16
b2b69552-672f-42b4-8242-700b4a046dca	366	265	56	27	,
ced17158-59aa-4eb1-a618-365d24961ad1	424	266	40	26	made
b0cb2f1b-13ac-4608-a63a-a086a5c38ec2	570	266	68	12	captured
45082273-818d-4d97-9bb2-8277b50115c3	570	266	68	12	,
d596b711-ffd6-435f-b01e-745f1aa85cfa	368	288	31	28	Team
ce010861-850c-486d-b8db-678c08e79c92	403	288	21	28	bi
3a8db86d-cac8-44dc-a1ae-9247122f042d	427	288	81	28	rancia
2e556aad-ebc4-471c-a276-861d866cb102	427	288	81	28	,
33bde012-dec8-4bf9-9d19-7643636cc63e	368	302	32	12	land
6555997b-6002-4c08-a4b8-4931f2a1d865	502	290	42	12	sends
8e8a7c3e-0615-4501-be0d-47ef9830ab19	550	288	33	14	men
d35fd69b-17fe-43b3-b124-83b32a41a95b	585	288	19	14	to
36396820-9ecc-40a9-b7f9-5023e4928527	606	288	32	14	find
b4dc1a5b-6ac1-426b-8012-afa3d5cbb540	512	301	54	15	175
8192e222-2cef-4336-93c2-73b41be18678	512	301	54	15	-
f9617ab5-4839-4d04-81fa-387493d405e3	512	301	54	15	25
f42bc618-18f7-42f8-9511-c765a7a1ae31	512	301	54	15	;
716ab291-8820-4ed5-8f00-5e3a3f7d682c	572	302	66	15	explorers
087571cf-3044-435e-86db-7f2249caa728	368	314	16	26	at
712c40d4-d485-464b-87e3-bfeac7669b4e	387	314	39	26	ring
fb91d6e4-0acb-42dd-a72a-ff0a491a71ac	430	314	55	26	bacore
6769bf46-8438-4e7d-a3c6-e50bfe4e850f	488	314	49	26	escape
1e369ad6-abf3-4d4f-aaf4-6bb91876ae63	540	314	39	26	with
db9cff4d-ca03-482f-9650-1ebde4fcde96	582	314	24	26	Bit
19777205-cb61-4a8f-bd84-9c472b323972	606	314	30	12	176
e9a3668f-293a-42e0-951f-b97d7c4188a2	606	314	30	12	-
599c156f-6b17-4f0c-b6c9-692e5633508e	492	327	46	13	escape
e39deabb-7fbe-475b-b404-2a265e022a9b	356	364	46	16	Linen
aefd616e-689c-43ec-a503-94918a6091d8	356	364	46	16	,
19e454fd-c63c-4900-9119-c15bf4536183	365	349	40	28	ham
3505f8d6-bf1b-4e77-a211-2871f262937c	365	349	40	28	,
1653473e-1b96-4002-9788-a0a50d114580	407	352	83	30	ane
8b69f86f-e811-4d57-be36-37dc2cc0da28	407	352	83	30	-
38fd7e96-4ffb-422c-a216-d7017f263bd5	407	352	83	30	twined
1d31ceef-9cb0-4d18-96c7-eab7733aa195	407	352	83	30	,
f40ba721-72f7-4d2b-a4bd-c8277735030e	491	356	40	28	22
e5f22ee1-d3d9-4cfe-a4ea-086207c3e960	491	356	40	28	-
b0c54eed-48f0-4974-a51c-aa3b55633893	491	356	40	28	8
f7c38446-3027-4129-ac73-23b3deea958f	491	356	40	28	,
8e4d27f3-62c1-4dde-9803-edc63a2bb35d	533	359	53	29	197
32e422fd-a634-4819-89ee-e0182383b4c0	533	359	53	29	-
625aa46e-d953-460d-b55a-6b46200b2bcb	533	359	53	29	29
9574d042-5a31-41b4-9675-2bbdcf268ed9	533	359	53	29	,
c16c028c-fcc5-41aa-b133-aa99ebd19996	589	362	52	29	203
985c5070-eb96-466f-acd8-1be1a2225202	589	362	52	29	-
22567d93-c205-4d0a-8457-a6e761f05a99	589	362	52	29	6
e4a7879f-536b-4b91-a9bf-9bc7c9177584	589	362	52	29	,
fd3ee540-959d-4d79-84f1-9c1dfbd861e3	368	378	51	12	373
8c6969e3-9e67-47ee-a0c1-db1f834959dd	368	378	51	12	-
8e1f0e11-d23a-4062-b03a-8f46443ee7fb	368	378	51	12	13
889ae67e-c1cb-42ad-818a-16d73a34bfaa	368	378	51	12	,
bfb30ea8-b953-4213-b3ae-4f5ec7811bf2	421	378	49	12	498
f621cbb3-4287-4bac-8c2c-4003252863de	421	378	49	12	-
1287d287-8e01-4556-8a22-29026a4814be	421	378	49	12	24
ebbce05e-0d58-4045-b29d-ef3a7193a7ba	421	378	49	12	.
f6bde5a7-5e64-4d31-bf8d-633d6fbe00c3	356	390	82	26	Loathson
6adc29c4-ba30-4d8c-b3a6-c8b9b4c6fc7d	392	390	53	16	103
92d01487-52bd-47a0-85eb-1b0e41b36018	392	390	53	16	-
627f89e8-343a-4742-a9b2-cb4d6dd62f00	392	390	53	16	12
0a2adc61-90e4-4dd4-9e66-664c9668fcdc	392	390	53	16	,
696fe897-7c52-4965-98db-ee84c66a7629	446	390	50	16	440
bb8318a4-1eee-4119-930c-5ed801e5261c	446	390	50	16	-
d54ee2fc-bb4d-4896-8a1c-6c4b1cab971d	446	390	50	16	16
df1366bd-4354-4cff-b306-7989ffdee8fc	446	390	50	16	.
5d2cfec5-b66f-4fa3-a8c3-151065be5232	442	402	51	14	people
0a4a1241-028e-4411-8031-8e2354e06b51	442	402	51	14	,
b975bd61-9d91-4d4a-b57e-8d3e4a1e502d	494	402	77	14	Lamanites
f8dba971-b825-4ec3-8152-d6d76607a616	573	402	17	14	a
97dcd3d0-b920-4718-81e2-e5187a355400	573	402	17	14	,
1d3c1ee1-84a0-41b4-9cdc-3f04c589d927	592	402	46	14	21
7e9b0958-1b30-4718-986a-572d763d75e4	592	402	46	14	-
2058b959-8ab8-4c95-874d-e67e8c7d202c	592	402	46	14	23
2d76940b-2f4d-4969-9103-943908e5d1d1	592	402	46	14	,
00bd1239-6515-42b7-bc4f-41dffcb288d4	370	412	42	14	61
6a074366-6cd2-41e4-b88c-24af4054a14f	370	412	42	14	-
2f6e1210-5265-4bf2-8794-1bea2dda4d6e	370	412	42	14	22
2737e969-bde1-4afb-8642-630b118d8d23	370	412	42	14	,
25cfcd38-5b4d-4cde-8eed-393e4b9434c7	414	412	46	14	468
6dfddcc5-23bb-422f-b512-24a9aa28cb28	414	412	46	14	-
9b41adea-7e60-4c03-ae6b-08fd929098bd	414	412	46	14	15
b1ff7996-d563-4754-b571-aef5cceb4a45	414	412	46	14	.
ea49e35f-5d18-4fa9-978f-1c485670b0d9	358	424	61	18	Looking
2426f9a7-312b-4d1a-b82d-79dce87347b6	358	424	61	18	,
cbf4d262-53b4-40ed-bcbb-bd2d89fd7681	421	424	47	18	awful
aa335b0b-afa3-41fe-bfb1-7c2a54c737bd	421	424	47	18	,
c2e5d9c6-1a73-451d-930a-d282f6158262	471	424	52	18	fearful
8f4da748-3ea3-4f7e-84be-08718f7fcca8	471	424	52	18	,
c59e7523-52eb-41e8-8813-4484fe70c0ee	525	424	41	18	state
720c3777-8156-4b5c-bf26-d8922aeba240	567	424	16	18	of
14bf9de6-f633-4297-98c1-6386b9a979a1	585	424	53	18	wicked
2f246306-de0a-4d4b-ab7d-0839012f9ad8	368	440	64	12	awaiting
9526426a-c3f7-4a1c-a853-ca2d388e44fc	432	438	93	14	resurrection
347501d4-8960-4b1b-8141-2aad6325c65c	432	438	93	14	,
187f4307-c447-47ac-a252-792cdb8f71c1	526	438	52	14	296
803031b0-f0fa-4de9-b8d2-cc9811ffeeff	526	438	52	14	-
b7551a5f-afaf-4eec-91ab-f6386ca2cb39	526	438	52	14	14
b58a2f82-7878-493a-a1b7-ef6ae9a316ac	526	438	52	14	.
537ed309-453c-4afc-b0b6-201923366ae6	510	476	66	12	covenant
dc89e714-7bab-4501-8695-477be7268a88	588	510	50	18	51
ee407da9-3a00-4d89-97af-263799057b2a	588	510	50	18	-
c3472a7d-ec0d-45a0-8d81-061c02c4b950	588	510	50	18	16
5135a51e-646c-467a-9f96-bcaf00515015	588	510	50	18	;
52fec94d-f1e6-4397-9b67-6c063d51d53a	410	550	48	12	93
eb9bc2db-6d67-42e6-a5ef-8e8f95046f2e	410	550	48	12	-
51315927-8327-4a9c-a0f6-1e058cadf319	410	550	48	12	11
74a269a6-1722-474d-8774-0c22cd8b751c	410	550	48	12	;
08d322b3-d84c-4240-bac0-f7f64c23e8fb	460	538	32	26	the
e5fab063-e67b-4b52-991d-f6218ba9c808	460	538	32	26	,
6973a1d8-c4a3-4de0-a5a2-81a31b839a7b	496	538	29	26	and
bae5f485-ae26-4e6d-84db-d5ddf3084bd2	528	538	19	26	to
aebf55c6-c6bb-4fbc-98c7-0828e6cd9433	551	538	87	26	Redeemer
33129534-0623-42b3-b42a-de898d147e39	551	538	87	26	.
6440863b-4b94-4c27-be73-99f2fc60282d	368	562	52	26	284
d4a91cad-7af4-45e5-9b46-9d95ef232db5	368	562	52	26	-
e6005092-842c-4554-911c-6ec18f1c1202	368	562	52	26	16
88bb2207-ab25-4101-b6a5-0469c3ca85bd	368	562	52	26	;
d9d480ff-2605-4b76-930a-a93efba4dbb2	423	562	42	26	Ella
c78797c4-0387-4b36-b0b5-841f5a3bbb93	469	562	32	26	wit
1540e611-e6b0-43d4-8dd0-b8dfcc6e6e36	504	562	60	26	bronser
61eeb154-bd05-4aa2-a1ec-4526aa85500b	408	562	63	14	dwelleth
61f06209-4038-441e-8c69-5e68d9f668ba	473	562	28	14	not
e7ce716d-994d-4daf-8050-5a62c2126982	502	562	17	14	in
9f5e94c7-d58d-4f9e-af71-1def1d9c076d	522	562	52	14	unholy
09a3e99c-f733-4a12-8609-52c14ae75ce9	576	562	62	14	temples
89613822-7e38-4d00-a36e-dd36144f9e64	576	562	62	14	,
391bbf7a-cf47-4eba-a0b8-41ba4bdadd33	366	586	52	16	481
c69daa49-dd79-41f0-a866-31801a28beed	366	586	52	16	-
22dbc753-07ed-4e43-913e-0248ee530dd3	366	586	52	16	14
3a74a868-474e-4321-b0fc-59a6782ba6b8	366	586	52	16	,
99a10003-06ac-4eae-96d5-2e936aaf1101	420	586	50	16	482
12bb368c-afdb-4de4-9e00-9229c573869d	420	586	50	16	-
68917fe4-8d68-4fde-ae11-c2ebb717430d	420	586	50	16	20
1a1ddb18-a13d-40de-a6c6-72ff4a72daf7	420	586	50	16	.
5d6063be-ef6a-4035-a0c9-45e86424defa	482	586	25	12	See
1774f13e-a2cd-40ac-9343-28b5b7340cf4	509	586	32	12	also
ad05ccd2-699e-49bf-8d33-14b1fa37f575	542	586	48	12	Christ
8d41c682-5a92-45bc-9ab1-f23494152e93	542	586	48	12	.
f74025f8-5b62-4405-89d7-ff5eca2078bf	456	598	42	14	426
b03caf08-4253-4f78-a753-258392b8ce35	456	598	42	14	-
25d695c8-90ec-48e1-9195-43fe7767d0c8	456	598	42	14	9
bb0252e6-c2e8-4ac9-b842-5fe9c6799344	456	598	42	14	.
8428988d-79b1-469e-819a-469fabe8b15d	364	602	24	24	ost
29bc3a0d-38a8-4b43-8db7-47983c739671	391	602	48	24	tribes
72817373-cd1d-46c0-82a8-1917ae45abdb	391	602	48	24	,
dee5de01-6eac-43e2-a89f-200935fedafd	442	602	15	24	of
df219180-7a5c-4ec1-8b83-4da89d4e2059	460	602	48	24	Ibraci
1fc3faca-10b5-4a09-bba4-84adac045c2f	460	602	48	24	,
36f1c7fc-f14e-4330-abc3-34f32b593f35	511	602	48	24	429
6021d47a-260b-49d3-9161-d49f5c1e1c2d	511	602	48	24	-
1615d7bc-deb9-4d80-bae2-ffc76d98f3ad	511	602	48	24	15
29f73f53-980a-4b3d-a827-3382dafca484	511	602	48	24	,
ed443a2e-7390-4bd0-87e6-d768015a78a8	562	602	42	24	432
d2f5274c-6c98-491f-93dc-b8704a6946d9	562	602	42	24	-
af0509e1-332b-4c15-897b-a0f696be10bd	562	602	42	24	4
5f07d92e-dbdd-4cf0-a2ad-760eb6ee4732	562	602	42	24	-
0959d5a1-0d18-4f34-bdc1-23dad1170f3b	398	622	40	18	arms
c8ef2dd8-e057-4b7d-9aef-2b739928f561	441	622	18	18	of
49ccd0a8-1b24-4150-a48b-fe97a8155968	461	622	45	18	God'a
7efddbfd-e641-4738-8942-583b0740395d	461	622	45	18	,
01861b8d-029b-4d74-a55f-d4b9eff82861	508	622	47	18	51
48551eb4-2fc2-4518-b788-4d03bae76cca	508	622	47	18	-
99cbf258-4008-48ab-a568-3d51be87147d	508	622	47	18	15
3433820d-5c67-4f9f-8c14-d5c3a1c6f3d8	508	622	47	18	;
f8cd235b-8498-4e76-a6d8-30b990a821ce	558	622	56	18	charity
e928dab6-0751-45b6-a541-4b6ac7b97208	616	622	22	18	in
3f80e7cb-5764-41ef-858a-2c908c9b8497	616	622	22	18	,
37eeaa09-48d6-4947-afb4-cba93f063681	366	634	42	14	95
71f01f02-2850-49d2-8a23-03c72a048337	366	634	42	14	-
77e29bab-bcaf-499e-bad3-4a417c1b8fb3	366	634	42	14	30
3cbfbfeb-d60d-4a15-830d-70a2db38a3b2	366	634	42	14	.
985194bc-0306-461b-a476-5d271c551d4e	358	648	46	16	Lucre
7f6727b8-a9f6-4a91-95d8-0833621a048c	358	648	46	16	,
f472adeb-a14e-455c-a54e-f4b0a27214ba	406	648	64	16	corrupts
5d5cf17d-d692-4b11-9c1c-df10e0cab7ad	472	648	28	16	the
caad2774-b1fa-4e47-b6f8-0d3c5d9a2a15	502	648	38	16	soul
e4ca3f8d-6b4d-4c3f-ab7f-9f84740eb503	502	648	38	16	,
d8df58d4-35ae-49e2-a333-d27d056d6dea	542	648	54	16	194
d5ec0954-a3fe-4447-a85b-aeb677a1e5ec	542	648	54	16	-
049de463-bf97-4f07-8a6d-bdec7cfb7f1c	542	648	54	16	40
67bd0036-2031-4aba-a7e8-2df1e7de5166	542	648	54	16	;
786ed886-2b20-4840-93c9-0c0b90766f33	598	648	40	16	love
64a9fd3d-ab8d-4b7b-827c-012ae4ffb9d3	598	648	40	16	,
3b391a13-4eab-45b0-bbe6-ab2cd2477052	368	660	38	16	more
ff75184a-b515-4acc-9927-18550803f06b	408	660	36	16	than
382487fd-e323-4aee-b333-60526a2b81c2	446	660	36	16	God
c17f8804-7aad-4ec6-a6e4-e5052b516c64	446	660	36	16	,
951649ef-5b2f-45be-a6aa-1c961bf4e5b3	484	660	50	16	222
c380d071-15ca-4eff-aaaa-01f6fde29f05	484	660	50	16	-
02b94fb3-c251-463f-84ce-95a25771e0fb	484	660	50	16	24
d46651c2-a9c9-4a03-9461-31df9eec0490	484	660	50	16	.
f0520cac-8fdb-4c04-8507-007b63444f52	370	698	16	12	of
fa29c711-d463-4d01-9b8c-0d3366b4dd9a	388	698	39	12	eyes
0febeb6f-5ecc-4d68-928c-050007e0918c	388	698	39	12	,
7594b62d-6458-4aaa-8202-56d27083cd7a	429	698	41	12	294
d152be0e-73c9-4c5b-a8f7-6f158b98a738	429	698	41	12	-
551c720d-9966-43c2-b4ef-6d5d6af9ce9f	429	698	41	12	9
713d423f-1d41-435c-a30e-08db0ececcdd	429	698	41	12	;
79e86158-ab71-49a4-9ca0-0c87409637a6	369	707	61	24	consume
4fdf73b5-d6ce-4845-97f3-78dcbbb99b1b	431	705	25	21	n
69877ec4-8ec5-49c3-92ac-58e94119e8eb	431	705	25	21	,
c47f9ca1-9008-41de-b8df-d6d8d654cb89	457	701	50	23	477
0ee4d3d4-0fca-4a1d-b2de-01dd0e498b8d	457	701	50	23	-
3e7355a5-9ec3-49cf-9947-518cd63911e7	457	701	50	23	28
31f0a745-3019-4eba-872e-50cf472d43e9	457	701	50	23	.
13e3c014-92f0-47b5-b1bf-c4455b72a788	508	697	29	13	not
980b7a7c-88e0-4928-bef1-238a9bef7cb1	538	697	26	12	for
6da08eb3-5c70-4f21-bd40-7575fdb55d97	565	698	51	13	things
2abda050-82a5-46a2-be28-33417c63bd26	617	699	19	12	to
bf221945-4cc7-4b02-a3e2-9b61fe7e8567	370	760	16	12	of
4c13173c-e31a-417e-b4d2-91e02d41dc8d	388	760	27	12	his
633116fe-cfee-4ccc-8a09-e559ac55a9bc	417	760	76	12	testimony
1bc8fdc6-b533-4bf4-b491-630253935e70	417	760	76	12	,
d5574419-f4e9-4999-bb31-6fd932f12839	495	760	39	12	260
5c40ced7-2acc-4fde-9866-1798da404d9a	495	760	39	12	-
d64fbbf8-b630-4cf6-ad16-a1b7e0d9a155	495	760	39	12	1
288304f0-f50a-4731-afc8-7f295fbe2053	495	760	39	12	,
53b09d34-1a0b-4a61-ad81-06dffae4e004	358	772	79	14	Madmenah
b9a290f1-ee50-41a3-bfc8-025238ca49a8	358	772	79	14	,
54b88370-17af-47aa-addf-4b655dc71729	438	772	12	14	a
91cf2f76-1d2d-45e0-9826-7a066ddd3a36	452	772	47	14	village
5206d5d4-1153-43e9-bf82-44d5a27cff81	501	772	17	14	in
412ed749-50b5-4966-95f3-01cb37d7c968	521	772	70	14	Palestine
dd753bd3-6ff2-4ae2-8182-8e673bb4ef48	521	772	70	14	,
7db9d33e-b172-4de8-9eec-69b94e1d6ae0	592	772	44	14	84
69ea4d92-631e-4334-ab62-e4d3c9503562	592	772	44	14	-
2b3f4205-14b4-488e-b578-8cb2112c87f5	592	772	44	14	31
c163e1eb-cd10-4ea7-92f5-2b3e7abbaf2e	592	772	44	14	.
7e3b3a8b-f0e7-45ad-90d4-63f77d699ca7	512	782	50	16	488
3d5a911d-f440-42d3-bef2-6c27365c47d4	512	782	50	16	-
a1bfc168-571e-4ee8-9541-38bbf4e2419d	512	782	50	16	14
fb7aed07-4ee3-4352-8f52-086102e13d5e	512	782	50	16	.
8f890a39-d66f-47aa-b760-da3e9aaad3f9	358	782	57	38	Man
2de0169a-6bb9-4240-b5aa-3e8aafee7ddf	358	782	57	38	,
df7f0713-e2e7-4528-9089-dd14333b8c56	420	782	19	38	or
64b2f905-cf17-4b3c-bbb1-aab5008e52b4	444	782	28	38	God
6a624501-23f5-465c-90b9-5d99eb58682c	444	782	28	38	,
f0085217-68d6-4532-8590-47939c952c7b	477	782	38	38	1416
e4e2d02a-ac11-4a5c-a1b6-aa5321e0ddeb	477	782	38	38	,
d0718a31-0499-46b6-a336-4deccf627a4a	520	782	67	38	13.16,21
771a30ae-7d17-4238-b1cf-c140a466fbeb	520	782	67	38	,
d8ed2b83-4ee0-4d61-a89c-580298d6d2d2	591	782	49	38	208
cecf6320-a85d-4cea-b1f6-2da939a6f444	591	782	49	38	-
e7afdd10-6e0c-4fa1-a778-77b1a79c50e4	591	782	49	38	50
6f632931-7a62-43dc-bf50-e2a50e27f969	591	782	49	38	.
0f33c0bb-da37-4ee0-81eb-e34cdaffc786	356	820	52	16	Maker
9978c494-30c8-4dfe-80b9-f7bed3515b66	356	820	52	16	,
ef3364ab-3860-46ea-a4af-4db505282aa2	368	822	19	26	40
a6337e51-5dad-4eaf-8fcd-7acc65de2e1c	368	822	19	26	,
778a44c2-c844-44b0-8f44-4c72927b63c0	391	822	45	26	109
08f597a1-ec31-4948-a75c-2ac56968f137	391	822	45	26	-
4ee9c5e2-82ac-446f-b0e3-4c1765119a9d	391	822	45	26	8
3d7f2ec6-16d4-4fb2-aad4-2541426727e4	391	822	45	26	,
57a85feb-40db-461c-94a2-5140c53a24aa	439	822	42	26	125
f42c22d9-1e86-4056-8ea2-a05f598f63a7	439	822	42	26	-
023c4d78-7510-4ed1-ad00-a9dd093d333e	439	822	42	26	4
65d4ee9f-71c9-40b7-9149-dc5a2825781a	439	822	42	26	.
e3f07305-21a9-40c8-b961-7bce0b8c20c5	485	822	49	26	360
c5d1f51a-b59b-4e03-93b8-7086edb8f953	485	822	49	26	-
ec498ce3-4477-4138-a431-5646926fd311	485	822	49	26	11
b8c54100-f713-4a76-a686-9c45817809f6	485	822	49	26	,
0e436fef-f2fe-4bba-b6a0-cde47b3da679	537	822	71	26	14.5
6b18d0eb-e2ea-44de-a431-8d3ce181be1a	537	822	71	26	.
75b0015f-11e4-48b0-a1b4-5f04ec9506a6	612	822	24	26	0
631ce85e-8fe8-4a1d-b8c6-80e8dd6643dc	612	822	24	26	-
53c97b21-a80c-47f0-b0b8-8b22d7b48647	490	858	72	26	99
45794bb8-2fc6-423b-94ea-d85491c3c0cd	490	858	72	26	-
a300a117-e5c8-471b-801d-bb5ee54bc831	490	858	72	26	posing
d1d52123-4878-487e-8108-902e366e469f	565	858	73	26	charches
a8cfc6a8-98d2-458f-88fd-f779c3e4b909	565	858	73	26	,
ba91b053-7608-4239-805b-674b4db9fa8b	526	894	54	12	himself
