ID	X	Y	Width	Height	Text
a0ac60b4-27db-40b8-b019-0121a113c2f2	68	58	32	16	562
66870940-c8d7-4f13-bb7f-df1e4bad87ae	322	55	64	19	INDEX
6fc801bf-0844-46cb-9c34-23019619fe52	72	86	72	12	Probation
f24fd74a-ae8a-489f-9025-a9659b7b58dc	72	86	72	12	,
827d0696-6fdd-47a1-bbb0-a8e858aca6db	82	110	20	14	of
fdc20b17-5f62-4919-95db-7de7de5bae33	82	110	20	14	,
6a9860c1-0bfc-4a76-83bc-4e0f7c6ae6b8	144	86	18	24	4
10694799-db5d-4600-a11a-d3984125b71b	144	86	18	24	,
b0ed37c7-db19-4f1a-bc31-b64395089ced	165	86	36	24	298
9e841876-26e5-4106-8fa4-ce9592bc19a6	165	86	36	24	-
bfab01e3-4496-42fb-ba2b-7c9a7d893c2f	165	86	36	24	4
d40c5617-b744-46de-8d49-9183cec55c3b	204	86	9	24	a
f95d19fa-2e51-4d7b-b4bb-0cf1c68570e2	216	86	42	24	coaten
a212ebd9-3c22-44d9-8330-162be34f5a44	261	86	18	24	de
949dd81f-a255-4bcb-b645-337d2051ce7c	282	86	36	24	until
8652f617-681a-4ea2-9509-18b5db160b59	321	86	25	24	end
60b636e2-3581-4017-8afe-ee059afc36ba	214	98	66	13	continue
504d6e26-4f43-4f83-9060-f25e0cdda31c	282	98	36	12	until
26b8eaa9-8619-402c-8278-c314b2073b39	104	98	49	26	107
0a3fdd3a-2a25-4915-b5d2-dbd96adbb314	104	98	49	26	-
a9119236-f36a-4755-b1de-cf9a3c706c4e	104	98	49	26	97
dd14e36d-f7fc-472b-a9f0-03351421ec6d	156	98	32	26	days
17f3dba6-995d-400f-85d4-1a59aacf7cd4	192	98	23	26	of
bf7506c5-ab57-44ef-99c7-1b0e89785420	192	98	23	26	,
04ad16a9-390f-4c1e-bc8a-8914e19f0854	218	98	39	26	cost
e98fb93d-9688-490e-83f7-34096d3e8a83	218	98	39	26	,
35d6398d-28de-4e5a-847a-8e24e63978b2	260	98	16	26	so
e743f3b2-4a43-4936-9492-f15754d42144	279	98	29	26	row
6c4ef7e1-023b-43d4-b4c2-99cdf0482932	312	98	38	26	over
2c2a9ca3-804b-425e-b62d-10e196106c39	312	98	38	26	,
3b1b7cde-b0c7-4d0f-bdf3-7d0d86d53b75	82	122	48	14	392
2abe49db-75e5-4bb7-af65-62fbadaeb767	82	122	48	14	-
7b48af23-6a69-4e8b-baeb-aba9912298be	82	122	48	14	38
6e051879-201d-4ff9-b89f-d6c3f18407c3	82	122	48	14	.
7d964ba5-ae02-4ad5-9c8e-3bb58ffaefa8	72	136	59	28	реор
673cd6a1-682d-47cb-a53c-993e379ddc7b	72	136	59	28	,
560eb074-f84e-480e-97c5-843873f3e9a8	135	136	52	28	148
570ac379-5a37-4671-859a-382679c0e418	135	136	52	28	:
afbb6bb5-cb1f-4830-83b3-c5d9e00c6fe4	135	136	52	28	1
c6daaf9b-0748-43c1-b170-a693b1e928ca	135	136	52	28	;
5deab9bb-dda1-4f17-a576-6fe35d310d04	191	136	21	28	во
d16e35e3-65f7-4bdf-9c20-80acdd07fd83	215	136	84	28	Lachoneus
4681c0ad-8745-4ca6-a16c-4bb99843907e	215	136	84	28	,
795d88bf-4010-451a-b3ab-95c2c721987d	303	136	17	28	10
a5c3d60f-a409-4ece-b91b-300377da681f	324	136	24	28	21
68807bae-16d0-4c29-943d-64256ad8a9a4	324	136	24	28	.
36ea5bf9-adc3-4945-acea-9df5e305d199	86	160	54	13	semble
b33bd72b-bf7a-4fe1-a72d-5ff954450765	141	159	47	12	people
fe98977d-6da7-4326-84bb-b70c9d065b80	232	160	62	12	detence
cb2398f9-23eb-40bb-a7bc-a8af6305ff67	296	160	54	14	against
13dc03e9-7ad2-430c-b2dd-5fb4d7b47864	220	172	52	14	405
c294bf4f-0f09-4ed9-beb1-1b0f0ef103f4	220	172	52	14	-
c827d368-51b1-4b35-8f5e-b8635c6a7392	220	172	52	14	22
de803a44-0e71-4013-ace0-b6f52b3730aa	220	172	52	14	.
1b6ea5d9-9c88-4c25-973f-482cdcd66bb1	70	172	82	30	Procrats
cc8e53a4-f440-4502-8d6d-50d3e47cc752	156	172	30	30	o
d3ddeecb-56e6-46f7-86a9-f862ff1fb5fb	156	172	30	30	,
e40fbba9-7137-45ef-b14d-7e1e626d2fec	190	172	19	30	of
7e521719-8bc6-4c6c-bfa9-a662ccc4c77a	212	172	26	30	day
eb0061d7-820c-4839-a49f-4f892b74fb6d	242	172	19	30	of
6b0cad0a-3b5c-48e1-bc78-09c5e37472d9	265	172	87	30	repentance
a7182e07-d487-42eb-b3f6-225b7e9517b0	265	172	87	30	,
3723816f-fe04-455c-baaf-137a4f62b396	82	198	51	12	283
741bd1a0-b5a7-4d58-b2c6-88a1cf3839f6	82	198	51	12	-
4c4ec0a3-42c1-471b-9076-6ce5f916c6d2	82	198	51	12	33
ffcadc2b-1810-4fe0-8890-e067cbf642cb	82	198	51	12	,
4bceec5f-613d-4539-ac9c-c4961981a0a5	134	198	21	12	35
1df8e651-6329-4503-8eb9-ede5a9b85daa	135	198	21	12	.
ff540d98-12b5-43c9-bfb8-59a02345d7ca	72	210	66	16	Promised
5ed2ca44-803d-4ead-9586-4644abe05355	140	210	38	16	land
0555eaac-5bcd-47f7-bec3-f7c3428c4442	140	210	38	16	,
704e469c-749f-4407-847b-363c1aa30562	180	210	26	16	see
e7239d82-38b7-404e-92f2-afa16689a222	208	210	38	16	Land
6cf38b47-ee11-429c-b21a-6359e3c922c4	248	210	18	16	of
84a8a085-8cf8-408c-852f-1235f0dba6ce	268	210	52	16	Promis
26180ef0-1bde-45db-a550-0cc6e74dcfe4	118	224	10	28	:
b4c183a0-5432-4a6b-beb4-38a84995d487	132	224	14	28	of
f662986f-ceec-43dd-8991-ea7c8c7f97c5	149	224	35	28	coo
3f3c7d6e-96ec-4a3b-ad26-cc5e4595478f	149	224	35	28	,
a1f40a5f-934f-4c4c-963a-56d8a21d9224	188	224	59	28	intended
2bdc18a4-59cf-4b49-95e3-75d471c155bc	251	224	17	28	to
5f4a076e-b6f6-46b0-b1a0-f16b79a66c57	272	224	74	28	lamanites
e4c8460d-7f46-46a3-adce-fe63f318f7ce	140	248	54	16	218
3251cff3-9c33-4519-97ff-0ad4d98b598c	140	248	54	16	-
0a082d01-e0cf-4706-b76d-82c720b949cd	140	248	54	16	24
73bff333-994d-44cf-8e66-8804e82c379a	140	248	54	16	;
bcf552ac-c413-4b7c-a522-faad6e337369	182	236	39	26	exten
2893c36b-7f7d-4284-8603-8737c09ec758	224	236	49	26	people
46a1897e-5af3-4d24-b35a-7a01983ee029	276	236	26	26	on
9b907a9c-5661-4d0f-a860-102a1e183eec	305	236	41	26	Neph
7befd517-46a7-4270-a5d6-6c45c272db7c	200	262	52	12	people
65bba715-67c5-4966-95ec-7e54dc3b80c7	256	260	26	14	led
278a2388-11b9-481c-9ccb-340cb4021956	284	260	44	14	away
c4d58ee4-a1d1-4d69-b0e9-38c9b187016c	328	262	20	12	by
2ddc8d95-265f-4393-9570-308eddfce991	70	284	84	18	Prophecies
9f7679f4-ee65-4cd8-a01a-ba89389b52e3	70	284	84	18	,
3edfb528-fe62-44dc-b7ab-83c36949e367	84	296	40	16	birth
1d074150-6a37-4772-b268-f2697f6a3777	126	296	60	16	fulfilled
0c692b22-4e4b-493f-993b-cc4b8a1c00af	126	296	60	16	,
eec27f27-95a7-4bfc-99b3-ad25037b2187	150	284	34	30	Len
0f49276b-5559-45b9-90a3-1a101dfc618b	150	284	34	30	,
6b8307ea-a49c-4840-949f-2ae9a2f0b845	187	284	45	30	snig
c0d1b2ad-9e68-4641-afec-df53f6b6689e	236	284	34	30	signa
3288ede1-ddca-4a75-b306-fc874bd6daca	274	284	76	30	bindirand
f9029c18-ce5f-4e1e-a5a9-3494ce252a8e	262	298	56	12	Abinadi
4d334ea0-ae86-43a9-90b4-1c3afedd6e8b	84	310	51	14	Samuel
55316187-0ff2-41f0-8895-c3985a652b96	136	310	28	14	the
380b6017-e78f-407b-a6c8-5d9a01014b7c	166	310	72	14	Lamanite
b72cb976-32f5-4081-8b63-103fcfdb6ee3	166	310	72	14	,
f928cd39-cda1-4d8d-b1b7-9538abfd863f	240	310	58	14	fulfilled
5be71014-f61c-4878-9296-24480e5007b7	240	310	58	14	,
35cf2202-0bc7-4ea4-88fd-be8f03802409	299	310	51	14	461
c071c2e5-bbcd-43d6-9711-4bb98d5672ab	299	310	51	14	-
0f91528e-3161-4114-a04b-4e384e3582c9	299	310	51	14	19
18b37f6d-6e62-437d-9bca-b035b2d51718	299	310	51	14	,
7d6ee3f3-accb-460b-b55b-08f1c0286479	82	322	52	12	462
3abd8049-c491-4772-ae6f-10af6bef4c78	82	322	52	12	-
f2212bde-18c5-45b6-b30d-f56d2d5714d0	82	322	52	12	10
7425bb08-1cda-4181-9762-85e0a046d10b	82	322	52	12	.
4d3486f0-3c38-4fab-a50e-cfce6a2613a5	72	332	70	18	Prophecy
529fae35-a080-40fa-af88-fac4d832ca6d	72	332	70	18	,
70e5a065-6e7d-4a7d-8e45-e1541761ec5d	144	332	14	18	of
2ad42c6c-186a-43d2-a115-20857f263def	160	332	43	18	Nephi
d6c8dfb3-ebb8-49d1-b16b-dbd6ad69fb59	205	332	76	18	concerning
03ee3265-bb16-4115-91ae-6a4a569501e2	284	332	25	18	the
ba3de5c6-4ffb-48c8-99c1-00674c3a7c6a	311	332	39	18	Jews
5ce9162d-17e4-407f-8b13-bc0bdecb2fd5	311	332	39	18	,
c600b531-0a26-4232-9358-f9d762a3ed1d	84	346	34	12	89
89b3adda-4428-4ab9-91ec-f6b5230b2dfb	84	346	34	12	-
8d158ee9-96da-4760-b6d4-96dcd2ce5350	84	346	34	12	4
88a635c1-6ba6-41cd-9bd2-fcee8d8b680b	84	346	34	12	.
8ce3ff73-1853-4501-aa30-4e2023027b75	70	358	59	28	Prection
8fa6af8b-3d77-44e7-9e26-581a6be9d454	133	358	21	28	1
1ca44d43-0f9a-4115-aefc-8858ca79802c	133	358	21	28	.
d4935076-8dd2-4573-822e-9d50f5185b0e	157	358	35	28	961
71f3c572-fac2-4d29-bc42-1be3533208dd	157	358	35	28	,
89703695-e75e-427e-9e66-90f5587908ee	196	358	45	28	1228
b00cc785-a36c-4858-8d16-744eff374657	196	358	45	28	,
4f2dfdab-79ca-475c-934c-32d5c9458ecc	245	358	80	28	persecutors
bae309c4-8bd0-48ed-a985-5e0a8303a4a3	329	358	21	28	of
0246870f-5202-4430-9afe-b542cca49d48	329	358	21	28	,
ecf120d6-44c2-4a77-9d37-0d4f9de2d0d1	82	372	52	12	jection
f7f362b7-08b9-494b-82d8-8fc75023dbc4	158	370	40	14	96
01de6815-53f4-4971-8c23-43fbc7b207ad	158	370	40	14	-
edcff793-795e-4186-ad81-827369ac2e8a	158	370	40	14	5
d4863003-f578-483a-b99b-f95b716f7443	158	370	40	14	,
afc56a7b-0cf7-45e2-840a-0a13615c253b	198	372	46	10	122
46dc61d8-0cad-4f27-ad4f-a425f0e3a035	198	372	46	10	-
1d360a23-4048-41b3-85ed-0743ac0db736	198	372	46	10	8
540e7168-c036-4959-850d-51239546d1f6	198	372	46	10	;
2619f6a4-ed37-4dba-91c5-8c34e40f32d7	246	372	83	10	persecutors
b777fc79-1aea-498d-af81-77027b3d5f09	172	382	42	14	words
76349529-67b0-48b7-b213-dd71eca23d46	216	382	20	13	of
607d9e6c-a778-415a-9af8-fa1628a0670f	216	382	20	13	,
4c50a7e7-4b47-4a73-8648-c3ac6235168f	237	382	65	13	searched
db8dc906-db67-4cc0-b3fc-112fa382653b	237	382	65	13	,
a57956b6-f072-44db-acaf-c04e55253a82	304	382	44	14	113
7a8ff089-df93-480a-a300-0ef17c16ac9e	304	382	44	14	-
c83b3b73-e505-48f4-82e6-edb9b2fb38ae	304	382	44	14	6
8801f1bf-1dce-47cf-85f2-20a97dac10cc	304	382	44	14	;
797fa8e6-ac5e-4ff4-b983-dadf5558e871	120	396	42	10	killed
701933c4-148f-4881-8ef3-6005b7c6a535	164	396	28	10	the
07d47544-dddc-4db9-b73e-5378e0dc0a6b	164	396	28	10	,
c49f588e-c6cb-4b3d-aa57-ab06eb9f78cc	194	394	52	14	114
dc3d7e41-c0d5-4302-89f8-21698f179455	194	394	52	14	-
3b4a6e59-95a1-4217-b6da-5867ac3b2771	194	394	52	14	14
b78bed4b-0890-4a89-9780-b3da5b9de19e	194	394	52	14	;
a24b467d-69be-493e-848b-2a6c47aa2b8e	248	394	46	14	many
139ab6a6-1fdd-48de-af8a-4a495dddf7bb	248	394	46	14	,
bb353cf9-d72c-4143-a2e1-02ca593f0d28	210	406	40	14	labor
3e758c7b-4bfa-4508-a261-4e1667c9fd8c	151	405	88	28	121
aacd713b-784e-42a5-9f3c-dcc5bf490e10	151	405	88	27	-
d8759094-59de-40ca-be92-8e08736e0cbb	151	405	88	28	2428
b444210c-b551-4905-aa9a-e26501168135	151	405	88	27	-
434aa3b0-36c1-4f29-b1b8-3954d4dfe4f5	151	405	88	28	11
cfbb1bb3-33b1-4875-98f7-52bff8045c46	151	405	88	27	;
d048e97e-93d4-4b08-8a68-8a1763eda323	242	407	63	27	Jaredite
43f4b085-65af-4d5a-a92a-c71243d097c8	242	407	63	27	,
0b4022d8-2290-4a2a-a47f-0cb8a72760db	254	405	75	27	didiently
64298057-8b6c-4287-921d-6eede7181ce8	332	408	16	12	in
8db6392f-8f7f-43c0-bccf-06c806d46d9d	190	432	48	10	490
0dbac391-1c35-4162-b426-f79034f04836	190	432	48	10	-
bc566911-3df7-41d5-bb69-172ef0a08cce	190	432	48	10	23
8f69e942-3333-42cf-b8cb-2d3bd0fbdee8	190	432	48	10	:
ef7e00dd-618d-4174-915e-aa2e070fabf3	322	418	28	14	the
810effdc-5e5b-43da-b73f-e38e01ea9d11	230	440	40	16	king
dc59fd18-bd71-44f4-b636-d022dbee689e	318	444	32	12	491
e417664c-d9c5-445e-9114-f0ede498f90f	318	444	32	12	-
8fc0dd8f-6014-4fd9-9950-2229a2f2eac4	82	446	21	24	25
9ea1bdb7-20aa-4a97-9d38-576f505b9866	82	446	21	24	;
af3a2403-a85c-4d12-9e60-12c41564756b	106	446	60	24	Jaredite
2dfdf093-d227-426e-8a56-e0e4dd25a343	106	446	60	24	,
71ddc0fd-77a5-4135-a07b-719d175f23a5	169	446	57	24	brought
8f90410a-52bd-4344-858c-0dafada69d9f	229	446	39	24	about
8b124ead-259c-453c-92c5-d2275c838c77	271	446	75	24	repentance
c0f2f76c-85f3-42db-acb6-9ecc675ad077	271	446	75	24	,
2c5122ec-5fa0-45b3-a0f1-b896650bcef5	82	468	54	16	491
12200d02-81f0-4775-a98e-49d9e5b07591	82	468	54	16	-
332b390c-0d2f-414e-878a-8a86885b0298	82	468	54	16	26
a2cca1bf-3b04-4bf9-adf4-167a6d169a0a	82	468	54	16	;
ff46c700-b877-46b9-917d-b049dd797b05	82	480	48	16	people
19d0b1dd-6614-4c72-be39-a3cfde259707	134	468	16	26	of
4fc13850-759c-411a-bf32-d4533cfe9d01	153	468	52	26	Fette
1153a1d7-5763-49cd-94f3-dc82ec42235c	153	468	52	26	,
b0e3954f-0e93-4bbf-ac49-1bb0814afe21	209	468	53	26	193.28
8f7310d4-c976-4ef5-9855-9f177630a91e	209	468	53	26	,
d6871144-ce1a-422d-bb7f-2d5e69b1a808	248	470	76	12	repentance
1a5197c8-32d4-4e1b-896f-f197f072cbbb	160	480	44	14	Heth
3a3ce8e6-b349-4d42-b6e1-aa735b26b6e0	160	480	44	14	,
da0a579a-cd82-48a5-b393-142c8529d0a1	152	514	24	18	of
576ad96b-da3f-4053-8d6b-fa527aac1450	72	518	78	26	-
64e77d0e-5d5a-427e-ae63-fc45f2e22afd	72	518	78	26	Helaman
87f897ad-9a7b-45d6-91ac-be8481a3f297	72	518	78	26	,
31bf31c7-ebc5-4970-8478-4d3b2fdf4ba4	153	518	49	26	365
a1e47433-15be-4d75-9957-e6e9f321c0bd	153	518	49	26	-
8d015d96-2d4e-47ac-b62d-c312a8e13090	153	518	49	26	25
31acb923-7bed-468f-8da5-2caa26671518	153	518	49	26	.
6e37607b-8693-4647-91c5-ea844ca24469	176	517	32	15	the
b6cd6f47-6d01-4ecd-9e46-8fecd2512512	209	516	58	16	church
7bd79f0d-004b-4761-80af-1b16e49430d0	209	516	58	16	,
37b9a77c-f5e7-41ac-81ba-232102cf6a1d	269	515	21	15	in
dee9749e-ea66-47ad-99db-c4d1b531a4b1	291	514	39	15	days
1b5e3e77-91f2-4ace-9db1-b5556aa73b0f	331	513	19	15	of
c874aa61-2479-42eb-b9a1-1bad211fe04f	72	542	87	20	Punishment
86bf0db0-23ec-40c4-8636-8be03432b95c	72	542	87	20	,
2f83fca8-b29f-4a37-9278-1aa007ba6e41	162	542	25	20	no
52fa0311-9de7-495d-a6be-64ee6e1e3d03	162	542	25	20	,
d988ae9a-a026-4551-b3d2-5581503e1d85	190	542	43	20	where
b14d547e-83c3-40ff-8ce8-3d4baef99891	235	542	40	20	there
2a335346-e440-4662-a22a-5652c4ba0c3e	277	542	15	20	is
0c959393-ec4d-4d3a-979f-98d5033ced49	295	542	22	20	no
15dc43b4-b54d-40fc-91d8-2202ece4e8d1	320	542	28	20	law
e3a4b3fa-aa13-4ad5-abe8-27bc736c73a9	320	542	28	20	,
71018bf0-f547-4b35-8b98-1a1e5cd2f683	84	554	44	22	18
8e9552bd-bd07-4fbc-91f1-ef597d602626	84	554	44	22	-
72325ad3-fd7e-4989-a468-64e2e1ca1d0c	84	554	44	22	25
68894304-c53f-425a-8c9e-14d8e2c52e8f	84	554	44	22	;
535ff8dd-c263-4d93-ad4b-2da531365799	131	554	52	22	sherem
721c9e0a-9d8f-4c69-9709-a4af4afc6f5a	186	554	52	22	speaks
f5374a3c-f05c-4dd7-9423-697be97c220c	241	554	17	22	of
b338ecd0-5db7-49c9-9354-ebfd8ac896d2	260	554	56	22	eterno
28b9a1b0-e7f9-42ac-b528-867c160dd244	118	566	84	14	everlasting
07fd7484-45f4-4c2b-b0ab-bc01d8c87027	118	566	84	14	,
267cdf3d-5ca7-464c-99df-8a3afd9e42ce	246	566	44	12	wages
f505f59f-2018-47b6-b80f-cd0a635270fb	324	564	26	12	the
69f49643-ba8c-43b7-95e0-f5b061cdb780	72	590	40	14	Pars
8ae976ac-3efe-4ecc-905d-67df10c6e2ec	72	590	40	14	,
f196c7af-79ca-4316-9147-beb6c181c89b	114	590	20	14	in
49738e3a-3d33-4f9e-9c60-9669676aa8b1	138	578	50	12	138
d540e48a-ce98-45b3-9c0c-23d2ab76ac62	138	578	50	12	-
0159f709-454a-4b33-9a47-37b4b3cb7905	138	578	50	12	33
1ca30790-e483-49b2-aecb-15cf47a9d49d	138	578	50	12	.
59b23cd3-13ab-482f-928d-50171ffb64a5	83	576	47	26	wicken
9ea6f994-d9d6-465a-9ad4-dd05cc4a1eb7	132	578	47	25	heart
92853ea5-dd6b-441d-8fdd-c06599832313	132	578	47	25	;
93f7a44d-b502-476d-bfd6-5b41f11816a6	181	581	44	25	112
0d6c0741-39eb-4090-aa7b-8eef06149572	181	581	44	25	-
bee1a205-5e54-48f5-9f51-ac649a069a9a	181	581	44	25	2
56e3b4b0-93c2-4e9e-8a38-9cf80d415b83	181	581	44	25	;
79360b68-1a21-4da2-b940-bac7ab15f363	227	583	59	26	blessed
863a7821-976d-426c-be68-20486065147d	227	583	59	26	,
ab89ff0d-cbad-4ddd-bc7a-60d1fd4b885d	287	586	46	26	424
af439515-e43b-4455-8d69-568437c893ba	287	586	46	26	-
7dba3bcd-b5f3-45a7-8420-656c5c44409f	287	586	46	26	8
fccbbd63-afda-41e3-a884-0a1287605d4f	287	586	46	26	.
9695bbcc-3805-4910-90f5-f725d891094f	72	612	64	16	Quaking
bd398003-1ba7-4e9a-823c-e1817c25cc5e	72	612	64	16	,
587fdc66-ba0d-4f3e-9ea3-b4fd6ff68375	138	612	18	16	of
6d461ead-774a-4470-8164-a4a0485a4d6e	158	612	26	16	the
5aeda66b-8006-40fc-8f7e-3a289249f7b4	186	612	46	16	earth
68d11600-8ef2-495e-9fbd-4f6b20894fc5	186	612	46	16	,
f7dd7e68-2197-4c64-9b3c-0ff0a7fe6744	234	612	36	16	20
9102c6da-78f3-4c75-94d1-2549b0fc2783	234	612	36	16	-
156f10fa-34d1-411a-96be-21989a321820	234	612	36	16	4
284e9f2b-9f9a-4a84-8a4c-3016f4db5e27	234	612	36	16	,
5ed9a876-46b3-4792-a9f6-49cd9de9998e	272	612	42	16	388
b7da8de6-4c4c-4646-990e-56209447492f	272	612	42	16	-
b66280bb-3a6a-494d-80fe-094d5d64c5bb	272	612	42	16	9
dfa7b648-43b8-4a1a-aa28-6b1058f95494	272	612	42	16	,
ca3d2946-a8bd-43a7-9f27-fa6969cd5e11	316	612	34	16	416
85106dd2-f57d-45d6-9546-340a1af1e25d	316	612	34	16	-
20171bec-b30e-4b86-bfd0-e8c59af21117	74	638	51	14	Queen
ce0c8bc8-a88d-4ee2-9983-3bbdfeef9c86	74	638	51	14	,
f6b63154-3210-4594-a356-fa1b4a4be1ce	126	638	35	14	wife
60e203ce-70ca-4242-8e93-dc5a338b7829	163	638	19	14	of
3e274d64-1ef1-4864-ac30-4f88606edbbc	184	638	38	14	king
2cd0ea58-24b4-412e-b9ea-d2fd7557834a	224	638	63	14	Lamoni
5fbdc4b2-ed32-4a8b-bf1a-2e836f15fd71	224	638	63	14	,
b7335cb9-9fcf-45b7-b087-defbbff0f059	289	638	59	14	counsels
bfec747e-6cb5-4be5-952e-03a3fbf9da68	119	649	65	17	Ammon
85f88989-1ea8-4ee0-83e2-3bd5950849c0	119	649	65	17	,,
649eda90-d15d-4950-a1ea-084070a26c1c	188	650	46	15	244
960a8c86-41ab-4323-9e5d-65e882078ebc	188	650	46	15	-
5fb79463-9757-409e-8f19-1906e5101121	188	650	46	15	3
b30af89a-9d34-4612-8030-f72f420652bc	188	650	46	15	;
e3e92ca7-95c0-4d7d-bbc9-cb3a311cfa24	242	650	48	12	widow
846332cd-5e96-41f8-8fad-503913232e30	82	650	60	30	Litond
97afa34e-d1cf-4dbc-94e3-b37e300aca3c	82	650	60	30	,
1621d20f-aedb-4dca-9696-7b9a4ed121d3	146	650	52	30	mores
74caee66-81da-41e2-8b12-451fbb75885d	202	650	82	30	Amatickian
d3572b16-0e21-49a4-bc3d-14885fbc1778	202	650	82	30	,
7461df40-e81f-4179-b4b7-48471b2c658c	288	650	50	30	315.35
ca5b5317-cfbb-44cf-ad88-b241e195583b	288	650	50	30	.
2597ebd9-8c7f-440f-a90e-06469080f8f2	72	676	58	15	Oreena
8392de24-e3db-4de9-a5f6-df10503e57d8	72	676	58	15	,
43c9282f-72cf-406b-96fa-86d24929478d	130	674	61	14	nursing
d3351914-3023-443d-b3f1-8f824427166b	193	674	63	14	mothers
5fe83c0e-1ec9-49d9-b32a-25a60eb76e60	258	674	21	14	to
9fee7cc6-8bbd-43d0-a666-0b32d9d966ca	280	674	51	14	people
d0d6230c-1f42-40bd-91f7-a15508532b9d	333	674	17	14	of
e5eea701-046b-488b-bd46-f8c9bbc87966	82	686	46	16	Israel
ca4e42de-7255-4bfa-8522-11af076eb7a7	82	686	46	16	,
a6b75b2f-aaca-41de-99f3-70eb2b005b8c	130	686	36	16	72
8e1e6a8d-93dd-4379-b798-cc4034c209a1	130	686	36	16	-
6754e39f-da04-434e-9dc0-877121cc1127	130	686	36	16	9
fb2782dc-7f5d-46ab-bf43-6afdc2aa8f52	130	686	36	16	.
2e9e1be2-0fef-426b-8122-12c9bec3d90a	72	710	76	16	Rabbaneh
0c4dea89-4791-43a9-bcde-3768dcc6570c	72	710	76	16	,
9a29379b-7123-4ad0-8229-dae537ccd33c	150	710	16	16	a
e8614986-99c0-43eb-8d86-385758167173	168	710	72	16	Lamanite
0727d6b9-53a1-43d4-9bf8-4050f25ba647	242	710	36	16	title
45a45549-9ecb-4fb5-b302-66da71f2267c	280	710	20	16	of
597a09bd-2f67-4216-b31b-c3518dd606b5	302	710	48	16	honor
94354f43-6fa7-4f81-b724-bfa0d1e3113c	302	710	48	16	,
61444ad1-974b-48ab-a858-55f991d166cb	80	724	50	14	241
5fbf5c7c-bd11-436a-8a48-520df1c27af5	80	724	50	14	-
620dd0dc-8679-4c62-bd8f-0e441cfb5fcb	80	724	50	14	13
7c1f6e4a-00e3-4172-8d9a-9e41af68a531	80	724	50	14	.
f626a108-8c42-4564-906e-9d5ba5144575	74	736	63	12	Raiment
f02e0a44-05f5-49f8-b238-5124c45fd044	74	736	63	12	,
985fe171-1dd8-4cc4-a4d4-0e9d640a01d5	139	736	65	12	disciples
7ee20196-c2e4-4322-a6bb-119d71dbc39e	204	734	87	14	admonished
f16d7d54-35ce-4ba6-a5f7-9ed0eeabeeac	293	734	21	14	to
72df1129-4263-46c3-9b40-e37a7ce04fb0	316	734	34	14	take
91280403-828a-45e8-9e04-7da6174e39de	192	746	52	16	427
5b0bf635-1c24-47db-93a3-df416152e956	192	746	52	16	-
6890d6ca-e472-47c3-b7f5-6943ba2888ad	192	746	52	16	25
e28bc934-6993-4bbb-a90c-a28e0a7ef44a	192	746	52	16	,
df7b912c-7d42-4e72-83e5-f24c50231c4c	246	746	20	16	28
661a1c4e-7d33-4e04-8bf1-9f938eb65d07	246	746	20	16	.
6a30b7a0-0641-43b7-a72e-55a17ada2d1f	84	748	15	24	no
9e52ebc4-c1ac-4563-bf0c-b65d317329d7	102	748	57	24	thought
5232de5d-412c-40b2-92b3-e330ddff13ed	162	748	24	24	for
1f529fc4-c63b-4413-ba07-6bb692324e16	189	748	33	24	eat
a9f27dfa-dfcb-43af-b0a7-d0c357215841	189	748	33	24	,
588ffe10-7c55-4351-885b-a00fa03ceb77	225	748	21	24	25
4d35c852-0855-4484-a731-d77e7569863a	225	748	21	24	,
f5d38eb2-63dd-461f-a396-6d85ae1470ba	249	748	51	24	Christ
3cf5618f-6de2-4fc2-a2ba-e4d36afac4be	249	748	51	24	,
c8e35e89-a340-4234-a4fe-b8b9afe5d468	304	758	44	16	140
2b4080b8-6442-42c6-99bc-be77c8ded8bc	304	758	44	16	-
d7419e36-f9ff-46a8-8844-37b227fb8d05	304	758	44	16	5
7bb03392-a40d-4ad2-9475-1a62eb27c554	304	758	44	16	,
0f1f86d7-0d14-431e-bee3-d0904d20b7e4	80	784	48	26	156n3
ea1cec42-9a4b-4b08-bb65-246c332b5800	80	784	48	26	.
7fe92ff5-31bd-4a60-98a9-ead223d76ab7	68	796	56	30	Rams
62507426-2b9a-4111-a9ca-f1b975ab18fe	68	796	56	30	,
17d1c4ef-01c1-4739-96a5-9068852a70e2	128	796	26	30	his
3c566392-7fc7-489e-b44d-15e25fd49c65	128	796	26	30	,
e7c67af7-6a8b-4168-872b-e162052bf510	158	796	34	30	nine
99023245-2943-4c90-9bc6-295be15ec089	195	796	49	30	shill
f7b2fc3c-8918-4525-bba1-4f3b3e90ec64	248	796	67	30	Camorah
8b9b72a4-5e0b-4b9c-a5cf-6d6ac30c67e1	248	796	67	30	,
1b1a98c8-79ff-473f-b664-ac7fc0253914	319	796	31	30	508
0ce7d673-c1c9-4015-adee-8e8c989f379f	319	796	31	30	.
a4490f0e-f25e-4af3-adfe-e86e16c45188	70	832	87	28	Parames
8f143f58-2d51-4da9-920a-afc9ea5455c9	70	832	87	28	,
65988efd-b61b-4d48-a4c8-6dae0e5d9846	161	832	45	28	215he
8fb81ecb-8e02-4de5-9c30-3a5e9e568dff	210	832	35	28	holy
366739f8-98f1-4b83-93ad-a72f5efd6161	248	832	45	28	stand
4085a4bd-e7df-4108-9a9c-6972ea96aec5	297	832	17	28	of
ddda5a9a-b918-42f8-a296-58f2cc6217d4	318	832	32	28	the
4f7270fc-71bd-45ac-af6a-df01594b3afc	80	844	78	16	Zoramites
4c612d30-351b-4df4-b2be-350e002b9da0	80	844	78	16	,
f8d23858-81de-40aa-b243-334926d85eba	70	854	52	30	Robin
8dcf0afe-e2c3-4141-800b-51ed0407875a	70	854	52	30	,
5a4df4b0-2509-4f12-922e-be0e8456baa3	126	854	18	30	b
75146de8-ac42-438e-ad70-b116a10b6a1b	118	858	52	14	based
2f20fdce-edc1-4c37-819d-aedaf1d6ffd3	166	856	49	30	Lane
83c30487-8f3b-4380-bcf0-a2230de7d4a0	218	856	30	30	the
2f8410c6-eea7-4740-bdaf-2643a46aa374	252	856	44	30	oner
da0df3d8-efab-4ed6-9278-1fa8b5577598	252	856	44	30	,
bfe860e1-8070-4f5b-8ba4-49b454314e5b	258	870	52	14	others
ff703b32-7c49-450e-8e66-8eb537b76f94	258	870	52	14	,
bf4cd4c9-2464-48c3-82c3-0eb8a4d1a1fb	312	870	36	14	upon
ced56db1-ac3b-44c6-bec8-4f1bbb98ce98	492	84	45	14	491
6c14e6fb-85d4-4832-902d-469b86d79258	492	84	45	14	-
6a57697d-c5dd-4a0e-acf5-1153a4204d52	492	84	45	14	2
fbed1d90-cb03-4918-b6f1-b64cb80d6d57	492	84	45	14	;
af95e798-d887-4f7f-9810-04e6590bf5d4	539	84	17	14	of
559a21d0-9590-4a88-8c57-8a5dfb4c6db2	558	84	47	14	Akish
77427b66-1126-4a2f-aa09-214feb258154	558	84	47	14	,
60f8db48-563b-4918-8eee-cb7b7fb2fd92	607	84	31	14	492
17dc0832-88b4-49fe-a8cb-e83d35f36d27	607	84	31	14	-
37ebc198-e62e-438a-b1e0-aeee46ba0b98	570	97	23	14	by
9421d290-59f8-432f-a173-12ea16b40638	594	98	44	15	secret
3b336e9a-ed73-4cb4-90dc-d047189cabe7	360	122	45	28	Racker
02281021-7d38-4b68-b667-2f2bf136eef7	409	122	24	28	or
fc284740-44e6-4357-814f-48a75848eb12	437	122	14	28	of
f5f25da9-fcad-4d49-aba8-71351de40258	454	122	14	28	a
16ff62c1-36ed-4312-ae94-4c673298ce92	472	122	52	28	Chriban
6d0c6dc5-da2c-4900-bf9c-1c58f28f5bc4	528	122	45	28	bit
35f880b2-cfcc-420f-8c53-ed0265dab032	577	122	24	28	402
d04146b8-4aab-45b1-8267-dc3a63034252	605	122	35	28	hites
09d46059-a61e-4182-8645-bfbcccd10444	360	148	52	16	Record
2ec6c97f-4211-44ab-a96a-829aab49e73b	360	148	52	16	,
743ec9b8-aee8-4254-963d-b23741c7ec84	576	134	42	14	402
4b0133c8-3561-49eb-98c6-40d837121357	576	134	42	14	-
6261f66e-5878-4c67-92bd-347de0bcb76a	576	134	42	14	8
b419f6e9-c53c-42cc-bd62-d4d3d890740d	576	134	42	14	.
e7cc2d55-27fd-4cf6-9e9c-d1016d0eb408	371	130	38	28	after
009725cf-dc19-44c4-8e77-8f46b237b347	410	133	29	26	big
c4bccfcd-9354-43e5-840d-4d7999cd10d6	440	135	35	26	Lehi
518607ea-5e8b-4922-8730-b6e4ebcf4d02	440	135	35	26	.
010e0063-3660-4555-a66d-fde7df14f81c	475	138	56	28	Nephis
73c7a744-e4d9-4410-8a40-21af2481960a	532	142	80	30	abridgment
a955b5f2-3d8e-465b-abce-28ad8fb369fc	613	148	24	26	the
b98da600-141a-4a7d-a816-a8f294e98e97	412	160	38	16	40
cb7f405d-f7ae-4763-a157-e013c6366c4d	412	160	38	16	-
f8ac4395-af8f-49d4-8412-ac314447f7cf	412	160	38	16	1
6e5d5552-a6ec-478c-87c2-71a11cd769a7	412	160	38	16	;
9f44523f-e25e-48e4-9bae-8965fd12c289	454	162	72	12	genealogy
d85be8d5-9a06-4588-b9f4-0d9c8d4b8f11	528	162	22	12	in
eb1b5d45-38cd-4f08-8ad5-8ed3dd958ccd	528	162	22	12	,
b77ffc03-6f72-4025-84ed-f7b9269159a4	552	162	38	12	10
d1b11b73-11c2-4d2c-b010-364601520608	552	162	38	12	-
21d775f9-655d-4352-967a-6b6f489e84b5	552	162	38	12	1
b40798cb-394c-42b3-9dcf-4fb2a158cb1b	552	162	38	12	;
5f8cc2bb-7c5a-4187-b365-293452094488	492	186	68	12	delivered
0f50c48d-d539-42bc-a9cd-47e7694a49e2	561	186	21	12	to
2684ad88-e577-4d54-9c67-546ff529d9ec	584	184	54	14	Moroni
0058883b-53ab-4ed1-889f-2a1ec7f955f9	584	184	54	14	,
31255f8b-9541-4402-bcb4-8170e22755c3	460	196	60	30	Nebbits
91d03eb8-4a76-4a75-a6ba-bea8cb4f050c	524	196	52	30	omi
9b4efb0d-85fc-4c56-8c44-2c46b383ec46	580	196	19	30	for
cff5818a-52bb-4b57-9f47-4ea9f8491187	602	196	40	30	thori
c5827a47-c266-4faa-9df2-cab5f35850d9	544	222	68	12	command
f39167f5-1ab6-4bff-94a0-eda86a7b1638	372	234	52	16	Christ
e0992251-567e-4a9c-8cf2-2fab8d4046cb	372	234	52	16	,
3687d115-f301-431c-ade0-a0ac3eaa5ba0	362	248	63	12	Records
ba047de5-376c-4387-a69d-c2e5df0fa0d3	362	248	63	12	,
0bac1375-f14a-4525-be03-05ee2e59f978	427	248	33	12	God
4ce417c4-8771-4ca3-a639-e0bf363aa25b	461	248	33	12	able
c5b9d82f-d253-4a06-b4ed-2735007f925f	496	248	21	12	to
f644917f-0252-4771-a033-53a0fa42abc7	518	248	66	12	preserve
aa4c1b71-8b3b-4ed7-a31f-8c1dd468bc6a	518	248	66	12	,
c0646a85-69da-4a8e-b48b-0e02e84b0f12	586	248	54	14	126
faa27fb8-5618-4c25-bfda-2f13dd561a5c	586	248	54	14	-
bfa4c95b-dd39-45a0-81e0-8427ed8534f6	586	248	54	14	15
f69c82bc-337a-4ea3-9ebc-85a6f8f989ee	586	248	54	14	:
4b20ebbb-4fda-4529-9a14-4b8df4123eba	374	260	16	12	of
595de626-1bcb-4a5c-ab45-442114d80dfa	392	260	64	12	Jaredites
c50ce0dc-214b-4506-9618-5e7724f5c806	464	260	58	12	brought
889cb9dc-578d-4dc4-b060-1d5428cf2d29	524	260	20	12	by
4ed42d5e-1852-4a7c-9161-e1bfb6034544	544	258	38	16	king
086884c1-b73c-4dec-9d1e-26433bb22967	584	258	54	16	Limhi's
ecc68f86-6c4c-4cc0-84a3-0255527677d0	372	274	38	22	kepi
7757fb70-b294-41e3-b201-87175a166a40	372	274	38	22	,
95016583-7db4-4395-bda8-8abace6ef155	413	274	47	22	304
90341705-c6f8-40d4-817a-ba649a9787a0	413	274	47	22	:
8f52cfcd-f168-4aaf-8fe5-446d10a272cb	413	274	47	22	13
64b3ee5e-6be0-4e2b-87ca-aab69b4c64d4	413	274	47	22	,
0bcd89a3-d75d-4468-96f8-26d347dbb672	442	270	42	16	150
a3e369c2-247a-40cb-a5a9-79f5782f8f2d	442	270	42	16	-
3539b38a-b7df-44b1-95da-0ec9036c11a2	442	270	42	16	9
0bc9f54f-2f07-4397-9b0a-3564905ac197	442	270	42	16	,
d00d720b-be67-4a1c-97d3-ebcd2c24c196	492	272	42	12	478
55297c8d-dcad-4e91-a7a3-43ddd7b1e66a	492	272	42	12	-
09ca58c8-d46c-49b4-97e1-3580186834fa	492	272	42	12	2
836361ab-4ed2-4224-9aa3-51ed048a6562	492	272	42	12	;
f4f63b9c-25a0-465a-bc57-9b0079553fb7	536	272	60	12	Nephite
fe757ba8-68de-42ff-a2e6-b99717635bf4	536	272	60	12	,
6ecc67db-e607-4b35-913a-fb4a1029c9fd	598	274	40	12	many
db655d3e-db95-469c-892d-797c26add7a4	466	284	45	14	409
bea61293-e9d1-436b-9f35-548546a090a3	466	284	45	14	-
81125cb2-ab57-48a2-95de-3365946e1b23	466	284	45	14	9
e9f7b14a-eab0-4f6e-8cb7-ba32c488befa	466	284	45	14	;
45a61a48-e330-4f75-b35e-72b4fd36db5d	513	284	26	14	hid
bf729bad-b004-42d4-a11b-ea574050be36	541	284	21	14	up
ffd96bcc-2bd7-48cf-8ea9-d12fa4db7e34	564	284	19	14	in
9f68c7eb-c029-422a-b3d8-375952ea8f2a	585	284	26	14	the
7525257b-8857-4bbe-8a7f-0a6caf01fcb7	613	284	25	14	hill
be33be36-d508-4617-8141-fed367b6adb2	372	296	70	16	Cumorah
aea5df45-2b16-4b50-ba0c-231511136b99	372	296	70	16	,
d6951ebb-6279-4321-be8c-dcdda2c21928	442	296	46	14	469
558e6c3c-4c1f-413f-a910-0ec24cfe349d	442	296	46	14	-
090e1216-d9bf-4d66-9a26-1723a23b0cbc	442	296	46	14	6
3e031460-d814-4012-8c7c-c705aefb9f72	442	296	46	14	,
93c719ce-f348-4799-91b6-b05038c7f3a8	489	296	51	14	508
f374638e-27bd-4cc7-9a68-36db5b2f60ce	489	296	51	14	-
cb949402-7184-4e1f-95fd-067e8e810c76	489	296	51	14	11
27b77427-8f56-453b-9ecc-7fa287430065	489	296	51	14	.
60be6849-bcf7-4621-b306-34dacc2acafc	360	308	90	16	Redemption
ddf08905-aa34-4dd0-bc3a-7f01fdd63c90	360	308	90	16	,
c3e7c0a3-f081-48c8-b79d-40082931371e	372	322	46	14	55
5c7d9ddf-e136-4791-b124-9e009e28c2ad	372	322	46	14	-
ccd70034-c266-4cec-93a9-15163bde6d16	372	322	46	14	26
cb40229a-5590-4c92-9c43-42516feaf6aa	372	322	46	14	,
0edab39e-1201-4726-b4f6-f130e4649b5c	448	308	61	14	through
9568150d-8bcd-44d6-af80-95bb191af807	511	308	24	14	the
46107085-de65-4fa9-ae3c-3f0dd6ed97d4	537	308	65	14	Messiah
6f98151b-6ad5-401d-9e48-65c6487e8283	537	308	65	14	,
9e86e65d-016c-4d39-b285-d1372188d65d	604	308	34	14	53
4030fa3f-4c36-4ff1-9a4d-e16af230b4af	604	308	34	14	-
31a9f0f8-86e8-4dc4-b91e-ca940f4ab0d1	604	308	34	14	6
5ef5f001-006e-4b0b-a8f8-5905dfe0ae38	604	308	34	14	,
d9762103-8949-49dd-b07d-0c61c171094b	420	322	45	12	133
b218fa89-2287-4c1d-a3ec-51b3cae902a7	420	322	45	12	-
cd05e8c3-e6f7-43db-bd76-fc8cde79a439	420	322	45	12	8
c6cef1f7-1958-4b70-81d0-9fe62964499f	420	322	45	12	,
a29937b3-464d-4d20-a846-ea02c57fcb0a	467	322	52	12	218
8b0b046e-648a-468f-9e13-6923febf46da	467	322	52	12	-
6d450a64-7427-458e-afe9-78d2eea21d22	467	322	52	12	27
b3bf44c0-d599-407e-bec2-185757e90512	467	322	52	12	,
de34f58a-f7a3-490c-98a1-7d88cbe3e03a	372	336	58	12	220
5fd424fc-f5f7-4fb5-b829-6d5e7ac8568c	372	336	58	12	-
f6a8527b-2d3d-4e4b-8ce2-bcc7a3ee12c5	372	336	58	12	20
fee91ef1-552a-48aa-b0fd-3ec812efef23	372	336	58	12	;
7bc0aad7-a237-456c-a76d-216426f07d0e	522	322	56	14	476
5140d489-6c1a-448a-b0e4-a4b70ab41987	522	322	56	14	-
c86cea73-cc0f-4119-b64c-e6eeb332f971	522	322	56	14	12
aadff6db-db8c-4d34-8b24-85675e54458f	522	322	56	14	;
331cc8aa-8ae7-44b4-b6f6-f0481eb6ce24	580	322	37	14	plan
a95a74ab-d9ad-4876-b1bd-e657d13b7c60	618	322	22	14	of
6639de63-fe87-4a83-b85e-8590291d104f	618	322	22	14	,
c02c5da3-2cb9-44ba-b8bb-48ef06556c1f	428	333	40	14	from
b458beea-f3ba-4b32-a350-6477a7b42c6e	470	334	30	14	sin
09b769ed-a498-4d9e-bf8b-5e901a7f8876	470	334	30	14	,
be65cb6a-aeef-41db-9e3f-6055118cdd5e	501	334	56	14	369
527fd756-b0c6-43c1-b78d-4655d11f60a2	501	334	56	14	-
37cc887a-bce6-4d80-9351-d5fab94907a0	501	334	56	14	10
8afbcb6f-b6c0-42fa-b3c2-2d3193e2ff1f	501	334	56	14	;
fe5d8c3d-7bf3-476e-baa6-6d956a0e3c18	559	334	60	14	brought
13321fd3-20d5-463d-a04a-cbf3633698b4	620	335	18	14	to
cde50a68-d068-4cb2-886e-590bf75bcac3	360	346	30	30	Rod
194d2c18-638f-43f3-a6c7-1c1ac48b0db1	394	346	32	30	Sea
f6e8d718-d3f0-43f0-b4fa-444333b9b383	394	346	32	30	,
808efd35-d42e-4c25-b54b-8bcc6bdb0dc5	414	346	38	10	471
7d446d7d-2228-41ac-8611-489a0ed3494f	414	346	38	10	-
803a0047-7e28-476b-a4f3-f8f7fb40ca2a	414	346	38	10	7
53472dac-e15c-438f-b88d-372d3e0eeb38	434	358	36	16	Lehi
dff44815-2168-405c-a9ab-10ef4490012c	472	358	56	16	arrives
4908ea9f-aacb-4a1b-88aa-2805cdcc705a	530	358	24	16	at
ce00de58-454f-4741-bc7d-c965a4de5adc	530	358	24	16	,
7f1fe49f-4142-4730-95f6-8427cd93ebfd	556	358	34	16	3
2894f737-a27c-4968-abd3-cac94683b0a5	556	358	34	16	-
23f594cd-9a18-4712-9f90-2e7e6fde68bb	556	358	34	16	5
9e12ac7c-db71-4e1b-a5d4-deb23e15e9e9	556	358	34	16	;
34189656-b124-41a5-a970-ad45ae6130e3	592	358	46	16	Moses
39b37999-5c4c-4683-8a2d-e36e3a7498f2	372	372	48	16	smote
1a01ec12-e1b7-458b-a2f4-f0cde583708f	372	372	48	16	,
fb2b1c0d-d9c6-4c0e-99f3-8291d3499fea	422	372	52	16	379
2e4991ab-0eba-4924-ad3a-f8abdfcfeba5	422	372	52	16	-
0d3946f2-ba92-44ec-9503-58c246c82a3d	422	372	52	16	11
33c2ed5f-c065-4bbf-a7cd-346c41955224	422	372	52	16	.
4ccdab1a-ec69-4461-9e4a-f3a27200d8b3	360	384	56	30	Ram
b810e145-39c0-4619-b3e4-98e3b397712e	360	384	56	30	-
d4792c6a-a3c0-428e-a8be-e8c287240719	360	384	56	30	s
14ac7173-8c27-45d1-86b2-7c20f50dcd16	420	384	26	30	for
34a37b88-f775-4c13-a76c-0b1d43d34acd	450	384	56	30	repent
d15a5ab7-d484-4e9b-993a-225092f9ae4e	510	384	15	30	1
b24a4ce9-317d-4953-8a56-550e080a7115	510	384	15	30	,
157a6436-b566-440b-be11-d13ac4ea797f	529	384	15	30	2
1db78c39-21bb-4ee9-b43a-a1e8d63897fe	529	384	15	30	,
7245b3f6-3654-4448-97cf-eaf247b431f4	547	384	34	30	2.54
7630db40-c219-41e1-bbfc-fab2105ec1f1	547	384	34	30	,
b54fb994-5e94-42c2-a264-7ca668e03442	585	384	55	30	129
d34f48d2-840d-4562-ab96-266b2341be40	585	384	55	30	-
3e5f490e-3bc7-4cc3-a95d-e6088c22ffa9	585	384	55	30	15
513aff6b-9b2f-4a13-937d-810600931ed0	585	384	55	30	:
ef9dad72-9db7-47de-8011-22a6dbc007e6	370	398	52	16	211
3f4779f5-40f7-4c05-8a84-e671c2dedb9f	370	398	52	16	-
48b286f8-b7b1-43a2-9614-ddb2bfcd2ed1	370	398	52	16	6
98c6155f-7d5e-4a6d-98ca-1ea200b71cd3	370	398	52	16	;
4b2f6854-5874-414f-9146-7da020749d94	546	384	58	14	forward
e607fd0c-6db9-4939-b266-f7edfb9b7c38	374	412	56	10	baptism
f3125106-7aea-45ce-b12a-8bd6ee1f0a41	432	412	36	10	unto
aef7ff07-ad87-457f-9d8a-ddb1b37cb234	432	412	36	10	,
8f2c0469-05f0-4e59-ad82-7963ae61121f	468	408	52	16	516
545d0cea-e82f-4b4a-a648-5897ab5fcd1b	468	408	52	16	-
7ac84764-58c2-487e-b264-89e0f6324897	468	408	52	16	11
c0bfe6c2-b4da-4329-b458-32a80b3614ab	468	408	52	16	.
fe5d6f7e-7a28-4d99-9b78-df92592b76a9	364	422	68	14	Remnant
24b3c27e-8d13-442a-ad4a-fd4e73805c11	364	422	68	14	,
b618171c-5a11-4646-9b7d-8ad32ad49d80	434	422	19	14	of
b89f315f-a36a-45f0-b9e1-561c458b8e12	455	422	49	14	House
ad29cf00-f222-4baa-b310-1b469c3d4486	372	436	34	16	hear
2c3a23d3-a4bc-44e6-a637-1c8e28e2aaa9	374	448	44	11	311
e180b6e6-6f5e-41bc-ad0e-9b43acc798fe	374	448	44	11	-
be298b1b-9fda-4619-a88b-e0375b8026ec	374	448	44	11	23
23704f5c-f8fe-4c12-acb1-caaadec6b7cf	374	448	44	11	.
43ec83ce-e001-4d22-8d80-d113f71a4d7e	410	436	66	24	5,0410.24
0aae67c5-c7da-4b73-a3b2-b7570f6bdd3e	410	436	66	24	,
d67dca11-b7d3-4643-8c43-c674852e9b8b	502	422	24	14	of
59986ae8-1162-4a3a-98ae-df56f591ea64	528	422	47	14	Israel
fa61bdf1-ea38-48aa-b2cf-9ecfaf987f84	528	422	47	14	,
2ff2f258-559f-4b26-b7b0-f856746f9574	577	422	42	14	98
40ee9be8-1637-4a8b-90be-9a1b19a2ed02	577	422	42	14	-
6789e64b-a1bf-489a-a3a3-bd3d92e4bb01	577	422	42	14	2
5fe552ce-5399-4b98-8f3a-598b6895dc28	577	422	42	14	;
e0b45832-65c8-4ec2-bf42-f2228623980c	621	422	17	14	to
5ccba656-2597-4497-b31c-d36fd41a6af8	460	434	68	26	4,04
d2749812-7cce-4820-87b4-1122d59e3e3a	460	434	68	26	:
7a15f574-0934-4ca6-a746-a9cfdae872e9	460	434	68	26	3
d0740064-f06d-4f94-aeec-eda1dc1f6283	460	434	68	26	:
58cb372f-6dac-41aa-9075-36fa7945b49d	460	434	68	26	18
35f79fa6-8d4d-42c9-9a0a-ba1cf94dfaa1	460	434	68	26	,
b3f0eff5-b9ad-450c-9a38-9179726f04a0	531	434	36	26	ssed
12060f65-727c-41ac-8be4-801189bf35ea	570	434	18	26	of
e717fd6b-d443-4188-8790-5de2b51bf5ad	594	434	46	16	Jacob
e962cbf2-d14f-4c3b-890a-7aa4f5b975a2	594	434	46	16	,
e5ed3995-e46c-4e18-ab67-903e6c4a6001	578	446	27	18	22
947bbe4d-aa60-475a-a75b-19df54961e6e	578	446	27	18	,
1ef1cd19-cc9f-4920-9e16-44f32105ce0f	607	446	31	18	469
43b3f5e0-8fe6-4b7f-aa52-238cdc4d65c7	607	446	31	18	-
62a8324d-6f9e-448f-a7b1-bc3ca62b3bd5	400	460	50	14	472
4be72bea-dd5e-496a-beb7-ea73826c49f3	400	460	50	14	-
70b6ba3b-8cef-4312-bb97-2b3ebfbf0aa8	400	460	50	14	ch
181ca7f8-9b00-4c67-8b10-7adea8ab8173	400	460	50	14	.
bd451df3-32bf-4ad3-9f7b-d3a78b3dec0d	372	472	49	14	311
6cac0706-56db-4729-a28b-576d9dbb6d8c	372	472	49	14	-
df21ffd1-2287-43f4-b520-1dcc39fc3016	372	472	49	14	23
b45ee385-0c6d-40e8-b43f-27f4df62a70a	372	472	49	14	,
58a3a68b-506d-43b0-8b22-1a8f4a712bdc	423	472	53	14	410
5e53da4e-6d3e-4f44-940a-65a399346e52	423	472	53	14	-
c72af03b-7296-423b-a1fb-75cb7a45a31b	423	472	53	14	23
ff4b9ca1-9d12-4fd3-bf07-ec76dd3e6a7c	423	472	53	14	,
2e64972b-3737-4428-923d-9598def275c0	456	458	17	28	3
1fd81457-9f72-49e8-ac95-39997b37b0b5	456	458	17	28	,
ebf06ab9-0d34-4f57-8629-21cfc5c82122	477	458	28	28	420
99e0af16-3cb4-4eb7-afb9-7000b8d2d847	477	458	28	28	-
eda1c18f-bf07-4602-9c62-b761bf34244f	508	458	20	28	if
e22a8a66-efc4-4f8e-9047-0d4969c90b21	508	458	20	28	,
816b8cf1-6e5a-4c84-93d6-727843486ad2	526	470	49	14	429
7313b1db-9d3e-420b-b8fa-6f1abff5bb81	526	470	49	14	-
38d20bdb-cf80-46fb-9a1f-d35906f6d8df	526	470	49	14	12
58c89872-6ef1-46da-9bc8-ffe6b6ec0e16	526	470	49	14	,
44ba186b-8e8d-463f-b388-2581ebc3ce37	577	470	43	14	503
7c06ad2c-a775-4d95-846d-5aa46a042914	577	470	43	14	-
940d2d10-b516-4e7e-9933-89fbe3f75341	577	470	43	14	6
570d01c4-5c39-4e76-979d-8b7253696f4f	577	470	43	14	.
a79a0fdc-cbd4-4667-8ce6-8e04387c7118	360	482	75	30	Repenties
fea7e1e3-6232-41e1-a888-57194d2c58b3	360	482	75	30	,
c951e12e-3e26-4bd9-b953-53395f329685	439	482	41	30	26
b5f32ecc-692c-4838-a270-eab045dad901	439	482	41	30	-
9eff06b0-1e84-48c2-8e5c-431f96e76f45	439	482	41	30	5
cdb3b0e0-d4d3-43b8-b609-b9ace66ab8a0	574	484	47	18	17
41f123e7-46a0-437d-ac41-e0757497d2af	574	484	47	18	-
2c921f07-56cd-4414-b02f-3af0019a5322	574	484	47	18	18
895e5aef-eaf8-487f-8c6a-ecd5857d96bb	574	484	47	18	;
55abb0c8-b129-4fa9-a34f-c2a61b2c46fd	623	484	16	18	of
f0ae2575-57c1-46ca-843f-4094eb80bc59	540	496	18	18	-
11904c7d-86f3-4049-bddf-e042f61396ec	540	496	18	18	2
555cb47d-e53b-46ff-bf55-38e653413453	540	496	18	18	;
decfc781-b5f2-4c0d-bdfc-09569d32e204	560	496	80	18	temporary
d74ee600-8796-4bf5-894a-194ae34b53e0	560	496	80	18	.
94a83c23-4ca9-40bf-8141-1a1a45790e06	394	510	52	14	Laman
bcbb6743-d463-4299-a6ae-e137b8710b23	372	522	44	14	called
b9ecc739-ec96-4862-87bf-b50b4100627c	490	512	48	24	68
c5835025-2f2a-4923-8ff8-048cea328a57	490	512	48	24	-
419c7df3-8a69-4d2d-b1af-ec817daec1c5	490	512	48	24	24
d8cb4b83-6aed-47fd-bc08-16329600d61f	490	512	48	24	,
1149eab2-a134-4812-b756-6834f5bb733c	541	512	45	24	94.27
07a20e22-417d-4235-9918-c60e9c2829b0	541	512	45	24	.
a09e80e2-4b53-49d3-a077-7244b295c418	372	534	37	30	21
1f1a7252-0269-4452-937c-05fa4f91c1bc	372	534	37	30	,
88144ad4-5efb-4381-909c-53710553aee8	413	534	51	30	10213
a888ff77-2028-44f8-936c-57fc452f7e48	374	560	28	14	out
1189d2e8-e37a-4e91-b2db-7a4048fa3a9b	374	560	28	14	,
4b90c59a-599f-4302-bed9-7ad65ed5fef9	410	516	114	61	1223
902c7729-5fcd-4baf-be1c-705b82bd5d7f	410	516	114	61	-
87db10cd-bb0e-4fa5-92cf-e2f23bdce303	410	516	114	61	32308
e8406c48-af5b-47e3-8445-8f541ee1e063	410	516	114	61	-
eabe3f4c-9c9a-4d0e-b06c-f2ff07d25c49	410	516	114	61	19
9efc5ce1-d60d-48da-a451-29a053f8a8c1	410	516	114	61	:
78843351-2714-45a6-98f1-f7f6b77de9fb	410	516	114	61	1
52705673-3920-42e5-ade2-0f80189df3cf	606	510	32	14	men
07fe7846-1b6b-4535-8ec5-df8a101792f6	554	510	32	26	127
106ceb31-c0ab-4d63-a4ae-05dc53a891b0	554	510	32	26	,
194bfd5f-e026-4c57-8e79-1449cf9acdab	590	510	50	26	143
3fbc1be2-e01e-447d-ba46-df6c1b912737	590	510	50	26	-
ceb93d79-5860-4e06-aabb-b79672f7c27f	590	510	50	26	10
2bf5df6d-a34e-432f-bdcd-8621f1390ded	590	510	50	26	,
2bcb6a79-43a3-43a5-9e0f-9fbc50ae72f1	372	548	40	14	tism
147c6859-b1c2-4ab3-a4cd-1abe0bfd0fc7	372	548	40	14	,
ebb4c638-6a1f-4e3c-a41b-53fcba72b351	404	560	50	12	139
1abfac37-bf42-4b0d-92be-29730ffe8d77	404	560	50	12	-
dc6ce5be-9152-47b2-a93a-de08576607cb	404	560	50	12	38
34d3783f-2b47-41a5-9cc0-960829b97cf5	404	560	50	12	,
e3ddb0f6-92fd-46f8-a0d9-c2675fde49fd	462	558	42	14	395
d5d905b4-9f5f-41df-b558-433efd18eeaf	462	558	42	14	-
9ba1c556-2822-4a1e-b339-d846945f0215	462	558	42	14	1
3d4e86e5-9a40-4031-950c-72b05401d420	462	558	42	14	,
48885d34-b1b9-47f0-8f54-86adf99c5b06	562	558	52	14	reward
041591d3-656e-46e2-b6f4-6af7591db6e9	372	570	50	16	140
c33f1468-312a-4572-bb3b-991af4064d18	372	570	50	16	-
be1dc478-a15b-4984-a926-b77b01dede93	372	570	50	16	12
b280d76c-57ac-4ef3-a7b1-6c548bef8a49	372	570	50	16	,
f1352dca-7081-4069-acc1-4e9671cd8525	430	570	52	14	185
a487ac1f-3ceb-4437-b3b0-7442c8b804ac	430	570	52	14	-
7b8d9fd3-33fe-410d-984b-d188dcc778b6	430	570	52	14	29
46f10799-3b64-462e-b90f-9b0fdc45b052	430	570	52	14	,
2f222ba6-49d9-4328-abc7-4c21eed30504	494	570	50	12	389
4b79d334-5690-4ca0-8786-a3c78b432341	494	570	50	12	-
2b3de9be-3993-48d9-99b4-6813916a448b	494	570	50	12	22
3e561053-c8e5-4027-9b89-589f99ea3fd7	494	570	50	12	:
bcd38f34-3d70-4e4f-83fa-3e17b5d414da	374	584	49	14	heaven
a05f7b47-f050-4cc6-8c3b-3a033133a25c	425	584	35	14	calls
04fb190e-e4c6-4f3f-a8c2-5970dd18e331	461	584	21	14	to
f1e95280-8663-4c98-ad9a-30512b260e16	461	584	21	14	,
fcd04080-3675-47e7-b5ba-d45ef5d01b41	556	572	40	12	voice
904d82f8-1d94-4cb4-9058-2ff9280aa663	602	570	36	14	from
0bf659d4-5385-49ca-ab9e-7579bb419bfc	480	582	50	14	371
010c12b9-e505-4845-a061-fb357e4d2fb9	480	582	50	14	-
de6fc4ce-3eba-4d06-a2c9-a88737bb8304	480	582	50	14	29
09eed6b1-4b68-4cf5-b8d7-2881fa584b03	480	582	50	14	,
fc3c4124-32d6-4b8d-a4f7-a7859847cef6	362	594	86	16	Restoration
dadc0c0f-6924-4b61-bcd9-c06885e3d0ec	362	594	86	16	,
4bb6e91d-e453-41fd-9a23-cc1ef2b24005	450	594	18	16	of
aca4f54c-c20c-4c19-ba48-1dabc6d10810	470	594	2	16	l
3e3b3e41-b14e-4138-9776-cba8894dd21c	524	596	43	12	102
b4721021-19f5-4603-8168-f782912386ad	524	596	43	12	-
14662555-5989-48ac-8618-9a27e8b068e8	524	596	43	12	5
ba0eb962-eefd-4ffd-b1a7-7bc715cdb584	524	596	43	12	,
350d48f3-ca6a-462d-9f6d-8985344f6cb3	374	610	45	13	Israel
99bdb71b-9e99-4740-9ff5-2988e8122e3a	374	610	45	13	,
5723a4ce-b5e3-4504-a470-1da0f0fb3b1c	420	609	38	12	sign
1e76f2c5-39b7-43ee-bd39-5ca6d2d1162a	454	596	17	28	of
f16476b1-1990-4804-a807-6a5b494502eb	475	596	70	28	beginning
03f76335-097c-4bf0-b568-249a5436ef74	548	596	24	28	0
273ae101-68f3-4340-a8bc-f648a7f4c88b	548	596	24	28	,
64f53b80-7eda-450d-a517-2f5119cf1519	576	596	45	28	403
00da0451-0c0d-4b2d-9ecc-44321e738ba3	576	596	45	28	-
a4b07ef3-6fbe-42a9-915d-0f84d8ad56c1	576	596	45	28	8
9567f5a0-e7f1-4f88-a3cf-447b0b20ba37	576	596	45	28	:
139d599e-d4c4-4219-808e-793258cd6cab	625	596	11	28	o
8c743cd7-d19d-436d-8fbf-d4dd645b0d25	398	622	48	16	things
a4a92864-27c2-40a6-b16d-f78a013e933e	478	622	34	10	their
73bd2257-1184-47e8-833d-56ae5d304776	372	622	49	28	quisite
7cefa667-e34c-4ab1-a271-4bc21bd5bd9d	424	622	28	28	wist
4e3499f9-dcba-472e-9bc2-744c0b6190cf	456	622	56	28	justice
abdce0df-c96e-4e23-b808-936bec833056	456	622	56	28	,
da0e9bcc-5db4-4ad2-a836-cb2c0786949d	515	622	51	28	297
bd12bb3e-e3c9-4341-89b3-64a0f31054a2	515	622	51	28	-
64a48310-3e63-4b2b-bfca-a66de9315b93	515	622	51	28	per
a486bc83-6a07-481c-9054-4001ab389c17	570	622	44	12	order
59a00931-b284-47db-a016-34be16837902	370	658	32	16	fall
a9d8cb7b-9ffa-49af-af30-510dd95355d1	370	658	32	16	,
1655c3a6-4bfb-4816-8cbb-06a67f9ddac4	448	658	22	16	of
b36bcb40-d055-4d7f-af69-18188432c622	472	658	22	16	all
2564cabb-f37a-4f2a-aba1-46b4432e1a9c	540	658	42	16	68
7b2761e4-2eda-4a62-80c9-1f0ca3ead397	540	658	42	16	-
64e89cbc-c0ee-4ada-ae12-6749a073c727	540	658	42	16	22
9c51c30b-244c-4ce6-b3a8-9b024ab190dd	540	658	42	16	.
6d570dd4-1db2-4a58-8fe3-8433418efdbd	590	658	50	13	223
ea307a8a-ec8c-471b-bf6a-da540f4317b1	590	658	50	13	-
99dcb06b-619f-4591-a262-e1b8e6381cab	590	658	50	13	41
775110e6-ef2a-4c70-886f-55a3b7ef93b5	590	658	50	13	.
5d030387-158b-4afa-bcfd-552e3ecf0831	372	670	43	27	1229
2db9032b-2e68-43d6-96ef-fa25a9c156b6	372	670	43	27	:
9738207a-eb77-49d3-bd81-bad33df31500	417	669	55	27	510042
16bd4bf8-5ace-4cb8-bac5-9492cc473a90	538	670	44	18	73
f26856d6-d253-4fef-b2a1-13fe00f61107	538	670	44	18	-
c3063838-8325-45e7-8576-399a33a8579a	538	670	44	18	25
82955b2f-3551-4a25-bd5a-bc855ba8f344	538	670	44	18	.
68652a89-4447-4f30-a78d-73a3bf63ca37	590	672	46	10	114
940028d6-17a0-453d-a5c8-530b8156630a	590	672	46	10	-
c41201da-6291-4bf8-9ac5-7d12249409d7	590	672	46	10	11
c2f30687-cac6-45d7-88f5-7bff0ea078b4	590	672	46	10	,
39125900-cdca-49ca-83e8-e0fe1495aed4	502	684	46	12	Christ
d2442ab4-891f-4c3c-8a95-22dbc41a94c5	576	684	58	10	universal
73aec37c-ab1b-41d0-842b-5659408ac640	372	695	78	25	application
d05b9ed6-3eec-4a6a-873c-f3a514d492fe	372	695	78	25	,
02bdbc12-0797-444e-be86-968b21954d23	453	696	45	25	162
92a4c473-4587-47d9-aec4-120596216967	453	696	45	25	-
3152cf00-8afb-489c-8a4c-764a105a822f	453	696	45	25	35
6518b8ab-7088-4c4d-8db8-bae9ba90eb86	453	696	45	25	,
ba86d025-7357-48c3-9413-3eb872f03c03	518	696	46	12	394
dbea6096-6cdb-4bca-9533-a4eeeb3b283d	518	696	46	12	-
943408ee-fd19-4e85-a0d4-7ed71585105a	518	696	46	12	15
4a43aca5-013d-4eae-9ced-78c8acbdacf0	518	696	46	12	,
3fd96e41-2855-4bd3-ae49-352ec30d76b9	507	704	56	22	164
4b7948e9-1245-41ae-8272-6b59cf3300ec	507	704	56	22	-
e3f64c11-2608-4d4f-990a-722ebcb736fe	507	704	56	22	20
e0d4662a-28ea-4550-abe0-010de11ed0f2	507	704	56	22	;.
9f820c96-d35a-4d86-983d-7b04b87cae57	370	718	50	18	164
5074df45-97f0-4890-a051-e93be415f7a2	370	718	50	18	-
0ecdb664-8edc-44e6-9b0f-ebf67182987d	370	718	50	18	21
fc6a5263-fc1f-407a-b204-d7e9f5ca1de6	370	718	50	18	,
0034e04e-753d-4883-8f3f-a4a35d9cc6cf	372	732	16	14	8
cd8b8d79-3205-4c9c-bd7b-94f415e085d9	372	732	16	14	,
729c9e04-b764-410e-b065-39d00c0d68d9	389	732	58	14	296
51ad36a1-6047-4b7f-848a-37a721ba1dc9	389	732	59	14	-
50dfa88c-9421-4910-a77b-fe42eb39d68f	389	732	58	14	18
91c8f8ab-cb27-4ea9-be2c-38c076eaf6c0	389	732	59	14	;
8e1a7cb5-2cc0-4112-a932-b6a3bb35d571	422	718	70	29	188.200
cdf8f7c9-97dc-439f-a2a4-f4614e4a4b15	495	718	25	28	17
e20a1482-8922-4103-8ef5-5fe12a44a987	495	718	25	28	:
58edd628-14fd-4b3f-a281-40730c630a45	523	718	21	28	no
75570a09-3e51-4b74-9809-023715502473	548	717	36	28	on
bec39958-b16c-4944-86ee-ec90a2186b01	568	694	35	40	156
b0d25ed3-3792-4e72-918b-8a0c948a0e5d	568	694	35	40	,
16b30e83-3f35-416a-b971-f98848f4b023	608	694	30	40	23
862f0968-93f4-4b78-859e-a756b68e3143	608	694	30	40	*
348ae6ea-29f3-4f48-af25-a813f7d8ff4a	374	746	40	12	space
1aad84db-1bb8-4709-bf4b-266d71c51c4e	416	746	60	12	between
1fe0eafa-aac4-4796-adfd-fe2c12f400a1	522	744	30	14	and
f8c45fe5-4568-4d59-918c-0daefb1fb96a	576	732	44	12	250
0d982e1a-7876-4742-9dd7-138514648144	576	732	44	12	-
20a7e1e0-02fc-4de1-be98-20175709bc6b	576	732	44	12	9
c8187455-f86f-48d2-bcef-bd7502ee16fd	576	732	44	12	;
850ddc4c-07da-4dc0-973e-f61d820b3053	372	758	17	10	of
c65ae18d-a6c5-4d25-b9c0-7e73ac74edbf	391	758	45	10	Christ
ae2e1c77-25e6-46ba-b3c9-d58540ece123	437	758	59	10	redeems
5ad2389b-9aac-4561-aa59-a84323c9713b	497	758	65	10	mankind
e8cdb696-e333-40b2-9f4c-78ff00f5f325	497	758	65	10	.
e594ed4b-fb8c-421c-92d4-528e4e9c0daa	558	740	24	28	Les
f9146001-d586-48bf-81f3-f4d12b372114	586	740	50	28	296
617dc35b-fad1-478d-94ae-dc0c192eedac	586	740	50	28	-
b454264c-0ab6-4c8e-8233-c228d1151924	586	740	50	28	211
65b80964-d193-454b-bec2-fbc3c0f5f8ba	372	770	24	14	17
9b848ec9-8fd9-4b24-885d-79f243c4aa7b	372	770	24	14	;
34f25d34-62f9-4762-b78e-bf8181b42e5e	398	770	17	14	of
dd8e9c79-7ed1-45b4-93de-f01f2c65d2fa	417	770	45	14	many
cdccf106-2cf7-4576-9de8-27ff8feb0f23	462	772	42	10	saints
8eba4614-5418-4b32-8b24-193ebbf06a01	512	768	50	16	395
f6c88b77-3d71-4254-ad08-9cbf595031e4	512	768	50	16	-
6edd7080-4f8b-4fd3-8e56-a5a8ceae1199	512	768	50	16	25
eda0c0d8-9150-4cd7-9431-04b08a7ca561	512	768	50	16	,
75321d24-4442-4ae3-aa60-3df1a55f2fa0	564	768	44	16	446
721d32b0-71c1-4bd7-9620-e450f0febeae	564	768	44	16	-
5293d7cc-f71b-4715-ac45-b08309225347	564	768	44	16	9
9b8490f2-6872-4f39-8e09-a2a8a8ad7467	564	768	44	16	.
efcbb0af-7344-46c2-8ad8-480a5123365c	360	782	78	16	Revelation
2d2b784c-07f1-46f5-a98e-9893938996d3	360	782	78	16	,
246f2604-b2a1-4f0c-97d0-83c2034d4d19	448	782	34	12	ror
296668db-fd27-4e90-b835-1c49287036c6	372	784	36	24	96
453d6a31-3406-4dd2-9aca-49ede8a51604	372	784	36	24	-
574a3aa0-5961-46f5-a205-f3e7dc7b1de7	372	784	36	24	7
b94641d0-fad4-4248-81e7-878285627909	372	784	36	24	;
a0576c30-1835-45ce-939c-25dc51257474	411	784	27	24	not
805e72aa-8759-4a46-bafc-3ef2c9af5119	441	784	18	24	to
a3c8bc4e-0fe0-4bad-9557-9c16f85ccf85	462	784	18	24	be
6e25e7b6-8506-488c-b18c-d599518a0f48	483	784	63	24	despised
91f735cb-6cd3-4cc4-a189-e75540bcf4e6	483	784	63	24	,
ecc56b18-989d-4e36-b030-86b213280305	549	784	51	24	114
2b5b37e1-aa7f-462e-850c-5bf5dd6de7ba	549	784	51	24	-
ab2d34f1-a1bf-4ae8-8003-acc8f5401b37	549	784	51	24	8
26381ca2-e7c7-4865-967c-820ff6d69d6c	549	784	51	24	.
d1f20aab-b467-41a5-b5df-6d0a7c20324f	600	780	38	16	book
3311b7e9-d544-4fc6-a903-7f196047c8f0	600	780	38	16	,
1a1127e3-5687-4bce-88f9-8f7f6e9604f6	568	806	44	17	69
aabe0e00-6d25-47f3-a29b-37b7121ea87e	568	806	44	17	-
89b7a45f-c4bd-47ad-ae97-758b23faf765	568	806	44	17	30
a495b052-ef5a-4cb0-bea3-4e61dea8578a	568	806	44	17	,
066c25f2-1a92-4db1-a608-9cb04bb001f4	614	806	24	16	70
846cc256-0393-49b0-b35a-bb8805ddd1f0	614	806	24	16	-
676f174c-ab66-49ad-b883-8bd3e0cde3c3	358	808	35	28	12
1c444932-dc4c-4f6a-bd37-15dac6517ee3	358	808	35	28	,
676e835b-20d7-4ec9-b122-ec070fe1493d	396	808	42	28	1
6896654f-0e1a-4d08-acd4-5afacabf7639	396	808	42	28	-
09d27630-1a2b-42e7-9904-6e0fcd4da6b7	396	808	42	28	15
554138fd-9cd7-4cf3-91af-86cf67138dc1	396	808	42	28	.
d2126648-7c9a-484d-aabe-5ede25d12c90	442	808	52	28	14
62dc312e-184d-4a65-8f3d-03d075c20b34	442	808	52	28	-
a0409f7c-52e2-427d-a341-a9faf0b625fe	442	808	52	28	25
e99f5271-0c25-41e6-9f0d-4c4a9e412e71	442	808	52	28	,
4bbfa06a-7220-4244-a394-01c33c8b6de4	498	808	38	28	people
f438a928-7618-403a-ac34-b4d52ccbc2a9	540	808	17	28	of
fc1ea43b-d9fd-4681-ba5b-d6e333dfeac6	561	808	49	28	church
e119294d-1984-4b7f-ac44-8c2dca7573ed	613	808	21	28	be
8d563e44-e2cb-4c95-87ea-edcd96b95158	370	832	78	29	comeniler
14e77e84-3615-4d25-9133-77cb2711bbf4	586	830	52	16	197
9e2cf5c8-7ea1-4d33-9419-a63685780b42	586	830	52	16	-
c5d25544-a620-4b48-a15f-eb638db2c6de	586	830	52	16	29
ca06d615-95b8-4d31-b214-ae7ce8300704	586	830	52	16	;
eb4599f2-f42f-4b0a-82dd-b6206542bc3a	360	854	41	30	Rich
556f9d11-4803-46f4-a911-76de6e9b26a5	405	854	34	30	in
a13d5c5d-cf08-4e1e-951f-bb34837caf55	442	854	68	30	Bingain
16ab50ac-1b4d-47ec-bb08-060afcb2f9ab	514	854	11	30	1
624c051c-6f23-4a5d-a48f-77de65175d16	529	854	19	30	Go
f2997d3f-c8b2-4d46-ba38-3d078f34ba93	551	854	30	30	bot
167281a1-8e39-4fbf-8ab3-098717194d50	585	854	19	30	so
d4824e88-d289-49d4-864f-fe1fa0018c70	607	853	29	30	go
1edd824e-0af4-422a-9bb3-86278259fd8f	607	853	29	30	.
82fc5655-7eea-4ded-b376-4417cabbc359	586	868	52	14	sought
913aabf1-d14b-4416-a2e9-8726846af077	586	868	52	14	,
da47d42e-4445-4c77-93d0-ac1a8978051d	372	894	44	12	curse
c063b292-7139-435d-acec-7de7ab161a50	372	894	44	12	,
47e751ad-efcd-440b-a073-bbf698cebc70	416	882	52	28	392
c0191d80-d919-40b9-bc3f-6695f7876e13	416	882	52	28	-
e5e6e261-b788-402d-888e-f34ff9d973c6	416	882	52	28	50
136d2115-acbc-45aa-bb9f-a89466856e01	416	882	52	28	,
18b59a5e-e1d6-442a-bfbf-99f7121d08ca	472	882	84	28	461
d694cd4b-2331-4b52-aaa4-aaa624857e79	472	882	84	28	-
bf3dfdc2-06a4-4a0d-8ffa-c498b8284365	472	882	84	28	18рет7
3af46013-281e-4639-b861-dfb478b49dd2	472	882	84	28	,
c9383ce1-cff7-40e9-bf69-1ae9fc3a7860	559	882	47	28	насет
ae82fcb2-560d-486d-9620-388128ee34d4	612	880	28	14	the
