ID	X	Y	Width	Height	Text
a236e6af-2b51-4139-9551-69e65431d757	266	68	60	16	INDEX
5d1d2d27-4350-4508-a69b-f9fc9ff4022d	266	68	60	16	.
5286c8d9-cafe-4c86-b428-2f0f29622301	488	70	16	12	17
c7e9598d-64a3-4bba-9445-b27a2bf83fd9	488	70	16	12	.
e5373f7c-79b1-4949-b060-b1aa8fd9d72b	88	94	32	12	Verse
d4ddd65d-36f8-4db8-9c52-b8eb35b49c51	88	94	32	12	.
6a77ba98-8422-4492-ac54-760eb38b0350	258	94	32	18	Puge
a291ce01-b611-4ad8-8dca-982c9d5db4e8	258	94	32	18	.
efc91f33-0050-43c9-af00-a63d253fb458	292	94	5	18	|
112ea610-3413-4ee6-8ad8-e81a8f292aeb	298	94	38	18	Verse
6f8706db-d276-44cb-b025-896a37b348cc	298	94	38	18	.
be2cdd6a-b7b9-4fc2-ae25-d8f0b7a18587	474	96	32	12	Puge
777c9da0-b4e7-420c-a450-0bc756bc3e9d	474	96	32	12	.
21fd9aa2-9e85-4956-9b96-410cd091bb55	84	106	17	14	10
e0ac6717-eac1-40c5-95e0-265827b885e0	103	106	33	14	Alma
fa65af71-e331-4b9c-8d4a-3ad115dda151	138	106	24	14	and
23bd3233-9e9a-4dcf-b2d0-559ad1465af7	164	106	49	14	Amulek
03f75479-de47-4d58-9667-c75d0a3889e8	215	106	77	14	bound
edc64438-70f8-4fe9-a021-db7d7b5012c0	215	106	77	14	....
75f90ef7-83b4-4059-ae76-d050cf456eb8	215	106	77	14	243
c362d0d1-1a5a-4990-b1df-26a50272d261	304	105	11	15	9
62f7938b-07bf-46d7-9782-6349a285f4b5	316	106	44	15	Justice
8a60ca65-93cc-4fa2-8323-34abb76f35a8	361	107	14	14	in
4debc45d-3b57-4d01-9821-6423b23a7e7e	377	107	67	16	jadgment
fbcc05e4-0732-47ce-90d1-6669b0d86917	377	107	67	16	..
7da0e88a-f286-42a4-aae3-4a8d3cdfe05b	104	118	38	14	Prison
4d55ddfd-d029-4a2d-b229-a533e43cf23b	144	118	52	14	upened
c1db3dbc-0b94-449d-92cf-8588ce841307	144	118	52	14	...
c0a9dfdb-bd04-4764-82b5-adf270fe91bf	268	120	22	10	240
f1dfacd5-4ecd-4ab6-a09a-7e11e5ca9f02	318	120	36	12	Alma
e11fd800-c9dc-4b00-b05d-cd58f51086f7	318	120	36	12	,
664f8634-c636-4ca9-bbc5-88811d2876fb	356	120	34	12	chap
3e257792-a20c-4171-aca4-d7a27fc3feb3	356	120	34	12	.
af3b1bda-998a-43ef-bee9-3c7fdfbb491c	392	120	30	12	20
674a79b8-672e-4ea5-a446-cd9aecca7887	392	120	30	12	.....
0dcf41b5-ce54-4e29-ba10-4a6b72d983b1	480	120	26	12	3315
e314f063-cd1c-4e54-a8d3-fe4dfb61b65a	82	130	19	14	14
1d7e7357-e93d-4d78-ac16-a4ea3074af67	103	130	47	14	Healing
1430de05-88d5-4d29-864b-dc6ad402aa40	152	130	26	14	and
b996551e-d6de-4d6a-981e-79d15b8adc3b	180	130	58	14	baptising
8fb09e2c-db01-484c-a086-c617632a85e6	239	130	31	14	Zeez
857f679f-62d0-4916-bf51-a1a90e7264c6	239	130	31	14	-
44a1546a-f443-4a63-9e98-80249b22f489	114	144	34	12	rom
fb2d5d09-5789-4828-a011-0b041f344f81	114	144	34	12	...
5421dc0b-0ee3-43da-8838-1b7fcdd76178	304	130	10	14	2
dbe964d9-0487-4559-896a-ce2d1adc8dc1	316	130	192	14	War
d46ce07a-90a2-48b9-9433-23ed24fd779f	316	130	192	14	--
d267ae5c-6f72-423d-be79-8abdcbf4c9d9	316	130	192	14	Zerahemnah
c9fee27b-6dc1-4e0c-9b4d-b3635dd5bb91	316	130	192	14	--
9ed1892d-35b3-462f-9f79-d960f8bccc93	316	130	192	14	Moroui.s16
1dbea431-037a-4482-b26c-2fe6d829ccc5	268	142	22	12	.
7b674977-8a25-4d89-bd6a-6f4f09c7aa12	268	142	22	12	246
81419cf1-6e15-4c21-b14a-89bf714d6b44	304	142	10	16	5
4a9886e8-3ba2-4b2b-8b44-a7e4d70d410e	316	142	34	16	Alma
2ec90d97-5ce8-4c2f-a905-3822e96a832d	352	142	50	16	inquires
d7869720-54aa-4f9c-b2fe-7c19bd018241	404	142	14	16	of
d1c8ddec-b30e-4ce0-8307-87504a9a4354	420	142	28	16	God
003cb6e5-170a-4163-b51f-a5b41cb24e1f	420	142	28	16	.
2c8a7855-d093-4a47-9636-997bda1a96a8	104	156	36	12	Alria
599bea23-574f-4a8a-90d5-39f6d9f4d692	104	156	36	12	,
35a05676-891f-4c26-ba8d-af92af4b4cba	142	156	35	12	chap
6ef4bd1e-bc95-46cd-b9c1-6d9d3b352376	142	156	35	12	.
c5e1f907-ed37-4e8f-b114-eefcc4d9a88f	174	156	24	10	11
aaca2aab-aa9c-4e10-b88b-10300072b73b	174	156	24	10	.
2a74f6bc-8ec6-4470-980f-4171c4ea1f2e	304	156	12	12	6
05925a90-93bb-4fc3-a21e-722b238e4dc0	318	156	54	12	Moronis
e7552a73-dc5b-4d17-9b5a-a628cfe39ec4	373	156	71	12	strategy
4ce5195f-a7fd-45bf-8718-d9a7423b3b54	373	156	71	12	.....
dffb4a47-607d-4417-b70a-a44ba9074d1e	480	144	26	12	318
86dceaf8-a298-4905-bce1-ad646ca9fc3b	480	156	26	12	818
b310b16f-3083-4414-9355-b8df8fe7c6ea	90	166	10	14	5
5003f11c-f530-4741-be65-d7f1a58f586b	102	166	66	14	Desolation
3ecca3d5-3cb5-46a2-934f-af2e25798b59	102	166	66	14	,
2451388f-a3dd-4c2a-8aa5-481d9e37318e	170	166	52	14	Nehor's
a298313b-a004-4ef8-9d4f-7873dc822adf	170	166	52	14	..
f0d88b4d-e29e-457f-9b59-68c085e0dcbd	268	156	22	10	247
fc32b933-479d-4e5e-adb3-3813c14ffb84	266	168	24	10	.
28a35342-31de-4a1c-bb5c-00c919e1a27a	266	168	24	10	248
94ff0ccb-c695-4c45-a80c-f20c2c0656d9	304	166	10	16	9
c6421980-f5d0-413f-9065-e21302f3deb6	316	166	46	16	Battle
7674e837-a471-4a39-befb-5892a411ddd1	316	166	46	16	;
962e316a-2b1e-4f43-be25-efb1ecdfdb0e	364	166	42	16	Riptah
92f96182-ff5d-4121-a729-5296071839c9	408	166	24	16	and
bc37bce0-80bf-447e-affa-7071daffca0f	434	166	40	16	Sidou
43afac86-66b6-4b46-a4ca-baa83319515f	434	166	40	16	..
b302c5b7-c45f-4599-9a4d-a3c0b458936e	472	168	34	12	...
1be5b5b2-e56c-420c-9c00-bca4aa651839	472	168	34	12	319
3dd6d552-cc98-41de-9b07-2dc044fd9e02	100	178	45	14	Church
8066af32-38ac-44c6-ac1b-f94bc51efb4b	147	178	71	14	established
e0ac473e-779a-444b-9379-1d921e89a690	147	178	71	14	.
eafbaf8c-d443-44a1-a0a7-bfdce411361b	268	180	22	10	249
8fba17e1-429a-4c9d-900f-d9f4a13612e2	298	178	18	14	14
ca0157ff-87b4-4fcc-9a33-e67171c23322	317	178	10	13	A
a8acd053-4dae-4942-bd57-71d51fc6d40e	329	179	43	14	soldier
2b159db4-9ae8-4480-b58d-0e28b29c2a88	372	180	9	13	e
c12c548d-2f53-47d8-bcef-b2c967d7b17f	382	180	68	16	prophecy
f6473999-1496-46f6-b656-bf00ae844941	382	180	68	16	...
7aa7713f-b9fe-4cc4-8174-44a7d4503af8	104	192	34	12	Alra
1ec29d54-7bab-4598-b64f-844040792dd6	104	192	34	12	,
4db2ffa2-eb90-41da-931c-cc66b45059b1	140	192	33	12	chap
8c06c0bd-d875-4504-a2c5-390efe8f1c5a	140	192	33	12	.
936b70d2-4347-4538-be20-c791c5fdba57	175	192	32	12	12
0303f3ac-fa43-43a1-9a5e-1766b9b92cdc	175	192	32	12	....
fae3d553-7e26-4ee7-8196-702acf8f827f	268	192	22	10	249
78adde3b-379d-40bf-836e-0e73356ec9b4	298	192	17	14	15
cd7a4e90-c5af-4533-a70b-7c9aa77fec19	317	192	10	14	A
e448ccf8-4bf6-409b-865d-151e976a2bd2	329	192	56	14	covenant
7fb8bbce-718e-4723-b962-e273ca57ab44	387	192	12	14	of
6292cba5-d5a3-4d24-876a-7ebb06587a55	401	192	37	14	peace
9356ec5e-3d25-477d-839c-fc3cbb40ba0e	401	192	37	14	.
a6f4928a-3552-4210-a1ba-8b59d09287b5	480	180	28	12	822
2673eaa4-c703-4c42-a025-06dceed5c897	102	204	61	12	Lamanites
483255a2-9482-4060-90a2-e3e474ff4f17	165	204	65	12	converted
c510c20a-5a08-4e4c-8c8d-91da946711d6	165	204	65	12	..
4bb750ee-7072-4af9-b48b-9415d4be0537	268	204	22	10	250
23369b80-8749-49c8-b0c6-b34f44ae50c2	318	204	35	14	Alma
4b311871-e749-45dc-a748-19a73098f90f	318	204	35	14	,
6ec0a6b8-eec0-4983-ab91-93f77873eb50	355	204	31	14	chap
ac3bd1f1-935d-4993-80ac-b18bf1d88d74	388	204	36	14	21
9ab81718-4291-428b-b8cb-53734abfef90	388	204	36	14	.....
d4fdd6ee-d276-4b0d-9df7-d4dde39e7283	482	192	24	12	8.2
b98c9802-6eb7-41f5-b8e6-94f6ceaf44c0	90	214	10	14	6
8dac7b1b-0cfe-4f10-b50f-b0518da025ad	102	214	40	14	Fluoks
b4ef56d6-b8ec-4045-a5db-4b3e2ed38400	144	214	54	14	scattered
7f186f16-f3ac-4b3f-9f2e-b6c9f9d3cd11	200	214	16	14	at
c2b97d6a-ffca-448b-ab35-e44bf41f0858	218	214	74	14	Sebus
b2c0b478-fd94-467a-84a5-55d97d9b0f1f	218	214	74	14	....
51784e4e-20e3-4c0c-9ca8-23ba4763acba	218	214	74	14	252
0b113500-05e5-4860-bfbc-514c0f0f3c7a	304	216	10	14	2
4462b944-d768-4c70-bdf0-2be190b56ecd	316	216	45	14	Alma's
da9c8855-cae1-426a-942d-629c430068fb	363	216	59	14	prophecy
cb9a31bd-2497-45ae-99d3-91e606e12139	426	216	24	10	400
f9d8262d-c3f3-40ce-bfa0-48d0ca841b9e	84	228	16	10	13
34e1e8b1-0b3c-433d-8d61-fd36c13a1f2c	102	228	46	12	Ammon
0809ee9e-61c2-40f2-86d9-b05a6d289481	150	228	47	12	answers
6c98e4b2-cfbe-497f-ac3c-593beb9edb1c	198	228	27	12	king
9d28f951-ea11-4dc7-89ae-859a9d34d596	226	228	63	12	Lamon1255
c574b8a0-ce9a-40c0-a989-1781a81c6b9e	84	240	18	10	Ib
2e05ee1b-fe48-448b-8126-320db04c6976	102	240	44	14	Falling
e074c355-7d41-44b4-99fb-3b7a2127e105	147	240	16	14	of
92f3b7d2-bf9b-4b37-8860-0272179bf365	165	240	57	14	Lamoni
26c9fb25-7417-4917-ad4a-6ee72419e5c3	165	240	57	14	...
77a82753-36f9-44bf-bb8b-d6d1386563c7	268	240	24	10	256
746dfb13-9f33-476b-8ffa-e3793d26d938	330	228	12	12	B
92e39770-5426-4c76-9cb3-8f82d82ee465	330	228	12	12	.
48ad7b96-33a3-4b5a-9b63-928210f488c0	343	228	17	12	С
552697fc-8a7e-4f8a-8887-5f597fb67be3	343	228	17	12	.
56456564-b7f7-43c2-80c7-eb5d2af65d5d	478	228	28	12	324
e4bf1ecd-3e1d-496d-b400-f49fc78f0142	84	252	14	10	17
8b3a30e0-fea0-42b3-bd20-a0e2f486cb38	102	252	35	14	Spirit
d7c96a27-8a72-44e8-9c4c-1966ce6c7274	139	252	14	14	of
e612d516-fd43-4bbf-963c-5daaaeb5b72b	154	252	26	14	God
6b3d3d52-ef5e-47f5-94de-0b8be4e194ac	182	252	42	14	poured
3b47fc0e-f21b-4aa6-8f89-dfb2c98ba5d1	226	252	32	14	out
802e811b-6f86-4eb0-af28-c8a4ea092a70	226	252	32	14	...
0aaf26cd-7999-43ed-ba07-c12872baacc7	82	264	16	10	18
b756219c-e271-44bf-8f6c-6ef8270dccc2	262	252	28	12	..
668e9a25-8b3a-4629-a6ce-2fbc804988d7	262	252	28	12	257
bf9bd348-782f-4054-886c-99549b19eea0	304	240	12	12	3
5f276909-c309-469b-a1a0-1d0fdcb8852a	318	240	34	12	Alms
71f2f681-a9ef-4b24-b130-496eee62fcea	354	240	42	12	blesses
d09fca86-e77f-41a0-a32f-643b01ef1b66	397	240	21	12	the
a1de5774-2e96-4ab7-8adb-3c721a13aa1d	420	240	42	12	church
c105d6ac-fa40-491e-a6cf-804027506218	463	240	25	12	aud
d7f41e92-92a4-46e4-be73-9ba55b8c0f1a	330	252	44	14	departe
ed588def-30e1-4967-ae2f-6861a3643dd9	375	252	31	14	none
cf1c3d7f-aced-454a-9836-11abbd0de471	409	252	33	14	knew
a55c6748-a27c-4f3a-bf5e-36724919c23a	444	252	40	14	where
9c27629a-53f0-4412-8a84-7aa5db6e3b3f	444	252	40	14	.
35e5a72a-ff29-4e3b-8a8b-bbc9d130b6f9	486	252	20	14	327
e535c0c5-726c-40f5-80e6-1eb0d1b31b12	102	264	36	12	Abish
4c385a4e-024e-4f5f-a5ea-47414d390d88	140	264	24	12	and
636d9880-3135-4ab0-bb60-65b3e6301f44	165	264	21	12	the
a8822883-95d9-4979-8444-a2dfd687867e	187	264	38	12	8pirit
68cf9dcb-9f13-40e4-9054-6cb2c5524823	227	264	12	12	of
ff887453-e3c4-421d-9141-f9b95aa34852	240	264	52	12	God
e26df502-d1ee-4af0-a60b-7e9834c61cab	240	264	52	12	.
0c44bd66-759c-455f-a7cb-3eb67aeda052	240	264	52	12	258
10e8da9a-c54d-4166-afb8-6e0af2d49f4b	82	274	16	16	25
7aa663dc-d691-4d45-b733-9099d4d28f39	102	276	49	12	Ammou
21ce7b8a-20a7-4660-84c5-a22f3e7aaeeb	153	276	27	12	and
356c7513-fd91-46b6-8b6c-86d9232b8277	304	264	12	12	6
51533bf3-4471-4669-b500-9360ea51a8ae	318	264	69	12	Dissensions
8678da07-97bc-407c-b3b3-08a58ba03b7e	388	264	15	12	of
102a68aa-3230-4f17-b110-b3fa06ccbab6	405	264	101	12	Amalickiab
97e37175-ceb4-41f0-95b4-63fd4da08986	405	264	101	12	...
016f967a-4d1f-422e-87d0-469109eee943	405	264	101	12	325
b0938eb8-d57c-4be3-b72a-a80ea0e7e3e1	184	278	50	12	Lamoni
fc9468b9-dc4d-47df-9f8e-67497514e83c	235	278	21	12	go
3fa5f827-96e5-4d31-aabe-be8221d26c06	257	278	14	12	to
c3f44de8-4f15-4703-861e-181e8fc89a87	304	276	10	14	7
6d6a5a74-6f74-444b-a6ee-628454ee1c7b	316	276	56	14	Nephites
662b27d1-fe71-44b4-a023-3b8ad52e08db	378	278	40	12	called
4ef0151e-26c2-40da-8cd1-dd12c39bab2e	420	278	70	12	christians
014d3bc2-b738-4784-b087-d054de829f42	420	278	70	12	;
b9297d7e-6118-40e7-a63b-87db0b2b041c	112	288	62	12	Meddoni
2a19ba36-fcc4-4219-88b8-92ee38d5cb77	112	288	62	12	...
186822ec-deae-4b85-9f91-d400c3be57b8	266	288	24	14	261
cad17c7e-b6de-4e0a-984b-be3d6eec7c24	102	300	35	14	Alma
de49a77d-15d4-4959-ae5f-5b4b18ff03d3	102	300	35	14	,
808e6404-c3b8-418d-904d-bf6a2aca4b3c	139	300	31	14	chap
a2b7e1a1-5352-4e09-80a2-d1a31e07a339	139	300	31	14	.
ca79ea2c-0679-4918-a785-257bb7b2084b	172	300	34	14	13
8253eda6-ca05-43aa-94d3-4de0be8724c5	172	300	34	14	.....
338dc12b-27b7-4e65-858a-21bef257067d	330	288	54	12	Moroni's
5156e36e-a161-4347-9783-54a89374ab37	385	288	65	12	standard
c57dce8f-9b3f-4f71-a160-1a1a925e4835	385	288	65	12	;
0f1a5211-908e-40a4-bf44-9b8754cf9e12	452	288	38	12	bless
d35491d2-6bf1-49ee-9afe-61308aad916e	452	288	38	12	-
e0cba0f5-9095-4d61-8acf-34635aa61978	328	302	28	12	logs
3feb515a-a5d9-4d63-97c3-3ef49639df88	358	302	19	12	for
4b73186b-f80a-4460-90a2-039224598a45	379	302	91	12	christians
bfc6433c-e65a-4deb-be2b-13c572d6c7dd	379	302	91	12	....
555238b2-b0c6-47c6-9da3-816b8b5def17	478	300	28	14	..
fcfc9598-a979-45b3-9569-f6203e4502de	478	300	28	14	326
4c0b9205-d814-494e-ab7d-7eb0fe8859a5	88	312	10	14	8
290a9a43-c5a3-4870-b976-51c7c4e15b26	100	312	44	14	Aaron
d9b113c1-2f17-423d-acba-dbca3894e4d1	146	312	70	14	imprisoned
12eca058-3ff5-4c79-ad67-53294ed93021	222	312	24	12	and
be062d32-1dff-4fd7-86ce-6f26ca23a727	260	300	32	12	...
bfcec95a-f6c6-43b9-b13f-fda0c31bd350	260	300	32	12	262
fed13d8d-97e4-4ade-b9ca-e1b7f6ee126a	252	314	20	10	de
985f1d57-0284-432c-b417-aff427bc5c28	252	314	20	10	-
9e2d42c1-a2c1-4583-80eb-1acf67a307b1	114	326	64	10	Itvered
db67a84a-b690-435b-a96d-24fcc1c2ff83	114	326	64	10	......
d187fe74-9319-4cfc-a66b-bce323db06fa	304	308	9	18	9
f7d4fc49-ecee-49ce-8e06-eb79552103a6	315	308	54	18	Joseph's
12535001-290e-4e7c-84ea-276253575d13	372	308	29	18	rent
716b0b35-f725-4a82-9f47-c32912aa9ca9	403	308	37	18	cunt
e11bcc2d-9d1d-4f66-b826-aca5531bab84	403	308	37	18	;
6892f8eb-ab3a-4726-b6f8-e654dfc9d309	440	312	50	12	Jacob's
11ff5774-6965-484b-87ff-848a1b132cd5	258	324	32	12	...
066d8f64-f797-4e7a-9a33-9a012983069a	258	324	32	12	264
9c2a78d2-bf4d-4e86-acd7-913c40906e4a	328	324	156	14	propbecy
33e672b9-a88b-48d6-bb5d-729ca1338d72	328	324	156	14	...............
d08eb551-3d34-4d0e-9dcf-d290fc987414	88	336	12	12	•
01ea423f-f46a-4c38-bac5-7c83e07a2c81	102	336	65	12	Conversion
668d39ee-3d22-4920-9706-f5bcebeebb48	168	336	12	12	of
78ab6e90-dd73-4f65-99d6-fe6e15201a1e	181	336	53	12	Lamoni's
c2b29c93-f775-471a-a953-e9a377366339	235	336	57	12	fatber266
bffdbd57-953b-4468-9331-3e13559e7647	482	324	22	12	327
081941f8-11c6-4fe5-a79f-9dc2e70c7ce3	82	348	18	12	11
3de4598e-9bc0-49b8-9e1f-534f014e84f3	102	348	36	12	Lands
4c82e39d-d42e-4cf5-a150-0e9643c3c0fc	139	348	61	12	Desolstion
9450240a-d083-460a-8d43-2cf37c92d0af	202	348	24	12	and
fa7c31aa-bb78-4621-b6c1-fa72b721a83d	228	348	47	12	Bounti
0be88ba9-8f55-4bd7-ac21-d865183ec688	228	348	47	12	-
89bd6d0d-25b2-4ebf-9fba-00cb700a53d2	298	336	18	12	21
8ae755be-e7f3-4400-9591-1c789c4e2866	318	336	70	12	Amalickish
3f6b40e9-8151-4bcd-983e-214c57d6fa37	390	336	46	12	betrays
c41d65d0-9764-4d3d-9b9c-74393ebb96c5	438	336	18	12	his
981d5ed6-3565-4c29-8c74-25e53a8fa294	457	336	49	12	trust329
ef7e59c6-242d-4cfd-bb58-71058a9f1005	112	360	20	12	ful
822ac022-cccd-4682-9f6f-75a6e18d6ef9	266	360	24	14	.
effa92ba-0044-4ba9-b85f-105280ae1262	266	360	24	14	267
cfaa9d1b-9386-42c8-87a0-46d23b91f630	298	348	18	12	24
f83edb96-933e-46f0-a980-eaaa1d71ce6d	318	348	25	12	And
2794be96-e429-46af-80bd-232363d15cbb	345	348	11	12	is
6b6ddba3-a18b-4374-acf8-b15116816f7c	357	348	32	12	made
404d7b77-3850-4669-bce3-9ec845304180	390	348	37	12	leader
cef5ca04-07b0-4e5d-a6af-63be53acfb43	429	348	12	12	of
0a561bfc-09b7-483b-a3c4-f21d35aecc9a	442	348	46	12	Laman
599cd0f8-4ef0-4e09-90b5-c3dfd023f76e	442	348	46	12	-
70f94834-395d-4612-ad1d-223dd4680953	328	362	31	12	ites
b9b89de0-430c-4378-b349-9a61d8955419	328	362	31	12	;
7ca3719d-350d-4539-a3c9-3281aed20580	361	362	30	12	king
64d1d6ca-7d0e-447a-bf1c-fc1a70ebe15f	393	362	16	12	of
be5f7193-2042-4640-9ff0-acc62408e6d6	410	362	65	12	Lamanites
220799f6-8841-4217-91a9-1cddc66daa46	477	362	11	12	is
48101625-136c-4ee5-b1ef-726ac30fae55	102	372	35	14	Alma
00ca66bb-1141-42ea-9fd0-bdcf93e1aef2	102	372	35	14	,
c2e7da52-33f1-4d6d-be22-6092a00b59af	139	372	31	14	chap
a75680c1-99c3-494a-8f46-a4182da6496c	139	372	31	14	.
ae69ca7c-4fea-42ae-829c-651ed0f75b88	172	372	28	14	14
af314175-c640-4a99-966a-a355035cf938	172	372	28	14	...
6771f471-63c6-45d3-90b0-247c837c0e81	88	384	10	14	1
268bf4d5-0787-494e-9372-e9ac968a8cac	100	384	40	14	King's
c70efcb6-8442-4fdf-9b34-1466cef93d9a	142	384	82	14	proclamation
4bee307d-bff5-44eb-a0b3-ebe27afa7f61	268	372	22	12	268
20ee00e3-dcb1-45b3-b305-77580bf0c1d9	328	376	144	8	stabbed
e076b62c-07d2-4963-beb1-4423c14adf2d	328	376	144	8	....................
c08bcfd2-542e-4f42-bcad-0dbc24faef87	474	374	32	10	..
97fce21e-232a-4e65-8a42-8c9c1f4796a9	474	374	32	10	331
85426274-91d4-4c26-9fee-d9de07ac2e6d	268	386	22	10	268
f587579c-fd20-4830-8934-eb0851bc3f11	88	394	11	14	2
3ec3d95e-6efc-42a9-aa0a-3099a5f4427c	100	394	35	15	Great
f8571335-bc9c-48c5-8671-625f4882def1	137	395	67	15	cobversion
2d5d4f27-c9d7-464e-88db-0f6ad3c5df50	205	396	12	14	of
89d260dd-f7fc-4482-9406-6209fca6a85c	219	396	39	15	people
2cb9009d-3e40-4bf0-bfee-338adb08c0a5	102	408	108	14	Anti
ad575c5a-ce4b-4fef-bb6c-c92c8facd0d2	102	408	108	14	-
c92b3793-457b-4100-9e1e-8a053d5dd25a	102	408	108	14	Nephi
9c6369ca-4eb2-4c19-a797-40e67bcb16f7	102	408	108	14	-
868e1191-989f-459f-8bef-f83dafd1a85e	102	408	108	14	behl'e
398a7da2-3bd8-4db5-b3d0-2c6b821f36ea	102	408	108	14	.
e5b81013-6bf6-46d2-8dac-ae12aacada1c	268	396	22	12	269
f9423ea5-9eb2-44eb-b144-3909e85532d6	318	386	70	10	Amalickian
d21e99fc-ef10-4136-96c9-ec4ee0376ddc	404	386	48	10	marries
02ef3dcf-327d-425c-8670-a87dce338a74	464	386	24	10	†
7ea325bc-7e5e-4158-951e-b7842a2d9990	464	386	24	10	be
de6190af-4ecb-4ece-bca9-e8a4f4850818	482	396	24	12	332
4e4fe233-080b-4bd7-8c39-1c59de0f0424	298	408	16	14	31
76d70833-437d-4d5b-931c-d5ddb23c0118	315	408	33	14	Land
24254340-c1bd-45c5-b13c-e434d1cdb0f3	350	408	10	14	is
68adf60f-7b59-4f1b-a2fa-f4e8cf0ee1ee	363	408	51	14	fortifled
ad78d49c-5f16-4c8e-b53f-b7bdc9860015	415	408	17	14	by
dc5b5660-affe-4893-a9a3-d0679fb8afa4	434	408	72	14	Moroni
963bfe5b-f271-49db-886d-6e0a613442fe	434	408	72	14	...
90b72b63-afce-44b2-bb3d-98e83f4b3b98	434	408	72	14	333
2ebb3cc2-6470-419d-bba8-e8f76d353def	88	420	10	14	5
4a60e1e3-78e8-4db4-b02c-3f4ef006471e	100	420	47	14	General
867173af-da03-4426-8a1a-ab3eba0344d1	149	420	53	14	council
c7216579-0dda-4ebe-af43-7c6297165420	149	420	53	14	..
37b492d8-0160-41ad-b8ae-061a0a1500de	268	408	22	12	269
3e349fb5-15b3-4278-9d72-fa7c6ef31aa8	268	422	22	10	210
1658bf25-6bc4-4a1b-bbaf-03d9add68344	314	420	40	14	Battle
47565717-1ddc-4443-98ff-1a0bb97393e9	356	420	47	14	fought
eb7c8783-23d3-4b65-9389-46d34fa836e4	356	420	47	14	;
f099d442-57fd-45c1-b5da-bb94c6975333	405	420	63	14	Latanites
d302b272-01d1-4b42-b32d-37e668ce2c31	470	420	18	14	re
7c50964d-9660-4ae1-bb16-099ac9c400d7	470	420	18	14	-
c9ff0e7e-a7d6-4031-86f8-cd69e5a8895a	88	432	10	14	7
4cf0fc20-3c1c-48f7-a6d1-438b653b9089	100	432	52	14	Burying
6574314d-a759-4ee0-bdff-eddd542178ae	154	432	12	14	of
4174e8ce-455d-488b-8473-68d0081c270c	168	432	44	14	swords
e65af34b-86f0-420e-9a6b-a96d5fef10c6	168	432	44	14	.
038c531f-b7d5-4b85-9465-dd7caef497bf	266	432	24	14	.
a75d712e-4b8b-41a3-a8ca-d1dca80c1512	266	432	24	14	271
c6cf8cd5-6e57-411c-91bf-4a69a8f3191e	328	432	40	14	pulsed
5818ff37-7c02-4741-bce6-87107d0f127a	370	432	30	14	with
bde82d26-94f2-48e5-bd76-49880c01898f	401	432	61	14	slaughter
5f2c7826-6f1e-4ca4-9791-d0245ce93d0e	401	432	61	14	.
6de7892e-4a94-4b38-adf6-571043abc895	88	444	9	14	8
1caeb42a-863a-47ed-a15d-7d83c563260e	98	444	28	14	1005
8b7e77f4-a045-4335-adeb-efaef7d8a3f5	128	444	90	14	slaiu
e8bd7a0b-da19-4729-a0b8-f62011e8b729	128	444	90	14	...............
7463cc6a-d11f-428e-b382-1ef6432b7c91	266	444	24	16	.
cb536731-55f4-4268-9da1-ea7eb346e70c	266	444	24	16	272
e5ccf39e-6d2a-466d-9d8a-8f0eaece5cf2	298	444	16	14	38
4a9a9655-9213-4827-a739-964daff996ca	315	444	80	14	Amalickiah's
85cc21dc-9936-4798-824e-707d00a36fdd	398	444	62	14	oath
fbb664d4-6287-429b-86e1-c879642cc930	398	444	62	14	.........
eaef992a-990f-4ca8-9e71-131c3897a631	482	432	24	12	.
e7ccdf98-2ee1-416b-a307-56fec24a562c	482	432	24	12	336
bd5f8165-b330-4b18-85d4-e357b4670dde	82	456	17	14	12
3ad5aab1-8664-4c5a-89ba-9c87956f0927	101	456	58	14	Abiosdi's
9e1ece70-bf1e-4fa8-906a-1319677ba09c	161	456	58	14	prophecy
741363a6-2dc5-453c-8205-1a5b469f4e49	220	456	70	14	fulflled
20a9fc18-8fe5-4c58-808f-310d52556765	220	456	70	14	.
f6042b23-38eb-455c-bd2e-3ae08768af25	220	456	70	14	273
ddb530ce-adb0-434f-8684-e74d7b9a4856	478	446	28	10	..
0708f8e2-ad05-49ef-8088-dfdd869557c1	478	446	28	10	33
9353ce84-cc8c-4186-93c5-668f05b9a0d6	478	446	28	10	%
54888336-a663-4b81-8fa0-1dd9848a7502	102	470	36	12	Alma
14f7bd11-c920-4b12-8434-4abf3a0d7625	102	470	36	12	,
ffbc06a6-a6fb-4ee5-ad54-1f606a50cc0d	140	470	33	12	chap
8e6f6f0c-e9d6-40d4-bcf2-1df0b31ed2e7	140	470	33	12	.
a8824b0c-d4f8-4b3f-9105-16e01947c6c7	174	470	114	12	16
55439420-7673-4d27-a634-613ae8e76d57	174	470	114	12	....................
8ac9a059-9bf4-47ad-8d99-30134ec07524	174	470	114	12	278
090616bd-67ac-46cb-b834-360490cda5a6	318	456	35	14	Alma
2114c962-5811-4b30-8b98-a12c75f3a2a2	318	456	35	14	,
18c107b3-a0e1-4274-b6df-38d1d5ec2f07	355	456	31	14	chap
416dbaaf-f7c6-43ff-bea1-05d705e913db	355	456	31	14	,
1b9e5478-a701-4bca-8a56-a76de285bf7c	388	456	118	14	22
d2ca28d6-5523-4d7c-99a4-91d4b9c71893	388	456	118	14	...................
b63ebf9f-eecb-47f8-908a-21c1f46afdcb	388	456	118	14	337
d502e959-a513-463f-8ad7-523fb195e738	302	468	12	14	1
9f0a96fb-57c3-4c79-bf85-8dbb94eb9d9b	316	468	44	14	Moroni
3ca5f7d0-0f8e-44a1-8893-47d702ae1a61	361	468	26	14	till
84b30d0a-519f-4774-ad35-e0f546e3c081	389	468	51	14	prepares
7863da16-d2b5-4885-9fd2-338021f25808	442	468	19	14	for
77c759f7-b2bf-49d6-a3f8-94224c970cf5	463	468	41	14	war337
d70ea56b-d93e-4a17-a7a2-2fab01b708f8	88	480	12	12	1
1b54aab7-26f6-4648-ae24-41f3c804ffc5	102	480	39	12	People
d0f24977-ffa1-434a-9f45-459f6949692c	142	480	71	12	commanded
dbee9137-8b64-4f33-824c-60e6c1acd140	214	480	12	12	to
ee8c26f5-6937-4360-8780-3437fba3c1e3	228	480	21	12	flee
bc055ad8-ff0d-456d-a6d3-de669f2b0d38	250	480	22	12	out
b03d6dbf-2742-479a-8e3a-c69908ac4f8c	112	494	13	12	of
d52540b2-38db-4423-ac32-4ec32d94f6bf	127	494	21	12	the
bfebe1e9-c852-4984-affe-9e422dfaca3a	150	494	70	12	land
aed6f85b-d2bb-4356-98d2-92b2aa3d13cd	150	494	70	12	...........
4247e653-0a16-4b66-815e-fec4aa8b99ad	304	480	10	14	3
919e7ae0-dfa9-4d4e-818b-dba9a155b98e	316	480	26	14	City
e726df50-a7c6-448f-8298-ff4ea5ebbb2e	344	480	44	14	Moroni
11196afb-b1cc-4710-85e3-36653ea6f1e7	390	480	116	14	founded
d9aaacfa-99b6-4774-9afe-382458c2ea7a	390	480	116	14	...........
fcd1756b-a8e7-4c47-b3f1-4b96d1d59bb1	390	480	116	14	338
b8973847-ce9b-4903-b181-33fb76597631	88	504	10	14	9
25d0e11b-bb6f-4fa8-b7b1-c1a22274b87b	100	504	35	14	Great
90fbf4a7-51c1-494b-949d-01d1220a8269	137	504	89	14	battle
a67eb67e-24bb-4c59-b541-395ac4f35037	137	504	89	14	.............
a856e98f-042b-4929-8d75-8d307a759990	266	492	24	12	.
0f69ab0f-2828-46d9-ab6c-58431b3ca784	266	492	24	12	278
58e3581a-e1c6-499e-afb7-5fa36fd15260	304	492	10	12	6
c9d96bcb-3ed7-4a6a-8b4c-d0def4218cd1	316	492	70	12	Disturbance
df70e91d-d178-41ff-b82e-fc1b376637a8	388	492	35	12	bout
b3b36c45-7cca-457b-b8bc-479092dba820	424	492	64	12	Storianton
e70ecbec-32b1-48eb-abf1-7953fb910eca	86	516	12	14	.
4cbcae2a-4f83-4441-aa8b-93596e6b35cf	86	516	12	14	O
9bfc8d83-379c-4664-bb0e-ff9450179b19	100	516	23	14	Joy
37afbe44-a038-47f5-9c2e-b359641bf849	124	516	19	14	for
480a2990-bbf3-4884-8c0b-3f601e83dad7	145	516	21	14	life
50b95ef0-f75c-4ba2-8a1c-74dd37fda77e	168	516	14	14	in
2b40ca58-39fc-4398-83bc-6d2cc9e67e76	184	516	52	14	Christ
79e67b48-1b04-48dd-81d9-d03e7cf44dda	184	516	52	14	....
a830268d-9620-4835-9ec4-896e89b8626d	266	506	24	10	-
823f639b-4bf7-42d2-93c2-da69cdb55762	266	506	24	10	280
cffe7e89-67c3-4def-b8d5-5b40b49124b3	328	508	36	8	onGed
3d1bbc3b-c253-4f92-897f-5a9a19ed10fc	365	508	67	8	................
68245bb2-3079-4ed9-a80c-cfd427f97442	482	506	24	10	340
84e505ec-f63e-410e-877b-b54eacce0c70	268	518	22	10	281
45d5d040-56ce-440d-82f3-b747aca4822e	102	530	36	12	Alma
b4e13fd8-ffea-4dc3-9cbe-06c2ab015f4d	102	530	36	12	,
c6313a78-3396-4666-8551-23b24d40e5ac	140	530	30	12	chap
29ebf993-abd0-4073-9a0c-335adac00583	171	530	19	12	16
5a5daf4d-32be-42d4-8e8b-78cf853bfd31	266	530	24	10	283
0659c70d-2b29-4292-8052-d0ffa35c0e8a	304	518	11	12	8
e4f22d54-0b56-4265-818e-99ddb09a062c	316	518	51	12	Paboran
4ba92682-8e5d-4e97-801c-65d46901fcd4	369	518	60	12	appointed
89df1ac0-309b-437a-bc91-8da79ffe8af7	430	518	76	12	judge
72e3636b-272b-48a8-bddd-4d87abdd4c7e	430	518	76	12	.....
6e628586-2938-4e9c-85d9-92843f37f476	430	518	76	12	341
fe4eacd4-e523-4bc0-a535-2fe6fee62b71	88	542	12	12	&
43261036-ec62-41aa-86b3-cc028633f0a3	102	542	147	12	Korihor
681e10e4-cacc-4c5c-9712-6a8ac93e35e5	102	542	147	12	-
97d166af-54dc-47b5-9dea-c4fdacddabe3	102	542	147	12	anti
3999ba56-d45f-496c-ac29-9fe4636e82fc	102	542	147	12	-
561fed2e-67ab-4882-aa86-d88f3c028b37	102	542	147	12	Christ
785184f5-46dd-4d58-8746-a7af1a7c327c	102	542	147	12	......
faf0a57e-a0aa-4a94-9f23-53ec0394956c	246	542	44	12	....
ff109049-2b03-46dc-a67a-579d44232c31	246	542	44	12	283
6053a862-2d05-4d73-8a86-820320b83c29	318	530	34	12	Alma
2e1127fe-7c07-40c4-affa-f1a6dca78131	318	530	34	12	,
1c39666f-21ff-49a8-91b9-0589267ca156	354	530	33	12	chap
0b9fe861-1893-4314-9800-dc6fc47bae66	354	530	33	12	.
ed71a79a-42bc-4eae-94d6-9ececf7c7c47	389	530	45	12	28
03c45303-54db-44ad-a84a-2e0576eec71c	389	530	45	12	.........
10b125ef-357f-4493-b9f2-72506dcdefba	482	530	24	10	3
af05e683-e651-4b84-bee5-227116991e9b	482	530	24	10	+
a1f8b3ce-a41b-4145-b87b-2b251a88b196	482	530	24	10	1
9d30956a-2266-47fa-9ed4-5689c49df63a	88	554	10	12	8
d06baf67-6bad-4851-bb9c-45286c93f0f6	100	554	96	12	Corlhorstricken
68a32be9-a8e0-4a7a-a782-ab635b7f1352	198	554	39	12	dumb
69856ebe-cc1d-4db1-9baa-7cf4a42c3f9d	198	554	39	12	;
9d6074af-c3d5-42b3-8bfb-5c5fb16ece70	238	554	32	12	devil
57372c59-a5c3-4ae4-9c0c-8303fe67d9be	304	542	10	12	8
7bd85479-637c-49d5-ad5e-bbc8087c351d	316	542	102	12	Amalickishtakes
cdba2985-3f3c-432c-94f4-61fca5aaeb53	420	542	33	12	many
43f0b227-1425-4ae8-8b4d-c0e434968afa	454	542	52	12	cities343
21f2c532-909b-47be-82eb-836e9c6e24c4	296	554	19	10	12
a0883d78-c5b3-4f52-8b1c-ba164cc041f1	316	554	37	10	Death
4094ea26-9d0e-4033-8eee-4caaa281fe18	355	554	13	10	of
88174580-7548-45e3-98aa-f89c319c2af9	369	554	79	10	Amalickish
e5b14f63-fd3a-47af-8597-a86bd653a7ef	369	554	79	10	...
1e6e2e82-48e6-42d8-8eae-70e1f89979c1	482	554	24	10	.
2090ea88-5df0-4ef8-9e38-249e7c657806	482	554	24	10	344
c257a4a2-976f-49c5-9fae-c7e383998b6e	112	566	15	12	as
30ec92d1-e9ec-47a0-aabb-57c35785d96f	129	566	15	12	ad
196f2669-4589-41cf-a2d3-2f6b0278d7da	145	566	89	12	angel
23d0fd93-3e64-4b8c-9764-7bb231dd8f29	145	566	89	12	..............
9cfeb06c-b600-4455-9707-26507741350a	318	566	34	12	Alme
02280789-c3aa-4fe4-9d10-81531df7c87b	318	566	34	12	,
b3c3b7e9-1d8e-4e96-b0f2-b99159621cc8	354	566	32	12	chap
220d60d0-d2a7-4d37-a124-91a04811af95	354	566	32	12	.
b5facb93-e087-4c75-999b-47122fa30e5b	387	566	57	12	24
4728d9d3-4e3e-4176-8b68-9dc0f2cde05b	387	566	57	12	...........
d4b15ba8-2b0f-4ca7-af36-1b303b6b5ae9	82	576	17	14	12
48d2d0e0-d2c8-44c8-af1f-98e990b4b536	101	576	33	14	Alma
54258f0a-318b-42f7-aef5-509660dfbc12	136	576	14	14	to
fdef5656-279f-40d1-9c14-1c58352c111a	152	576	21	14	the
22fbdff6-acd3-4bcd-ad81-4373966bee9d	175	576	67	14	Zoramites
fff95a6d-329a-4572-9aa6-961152acef8a	175	576	67	14	..
ce21e3d6-7fb9-4a6b-9d1e-ecf8d78d5898	266	564	24	12	.
bf960815-2f07-481f-adff-ed577516474c	266	564	24	12	287
fcdb9c39-2cd6-4a82-8e60-fca3c167bae1	266	578	24	10	288
073ba0ba-7f4e-4f99-bc2d-5dc1707e6a57	82	590	18	12	1s
301c5054-3564-4b87-b19d-f77494d261e1	102	590	54	12	Worsbip
4be84b8d-2c4e-49de-b1d7-b520126dfd45	157	590	16	12	of
1463666c-d919-4f2c-af2c-619554425167	175	590	27	12	the
9922c3f6-071c-486d-ac65-73dabc1be6fc	204	590	68	12	Toramites
ec5c15d2-a64c-4171-88b1-1d2f2afbd3e9	204	590	68	12	;
a76d8fe4-c281-4603-a21b-dd38628cf236	304	576	10	14	1
cd970b26-29c5-4372-9cff-eeffc101c0f6	316	576	58	14	Ammoron
3587ddfa-673a-4495-8ea6-243f22d7f8ac	376	576	31	14	tade
4821ef22-b8bc-41cc-a2c3-33ec8f538082	409	576	37	14	king
692eb7e4-b52c-49d7-a3a8-710e979e8ef6	409	576	37	14	..
d1b03df1-370a-4c87-a23b-8d292a0b5e17	470	566	36	10	...
ad538444-2567-4a25-84ee-abdfc3e7aa8c	470	566	36	10	344
980aa0e4-73c4-46e7-87a8-5645940d706d	464	578	42	10	...
c3425031-acc0-4976-8431-27d64e75de9e	464	578	42	10	345
4d299cb8-ef7e-4120-8bc6-5854ac1802bc	298	590	16	10	11
d2bbd1dd-61f1-43d9-9859-d8eb9b158418	112	602	30	12	holy
e8c0633a-115a-4902-86a7-ad394496cba5	144	602	42	12	stand
726365ab-55fc-4385-a51d-101111d7732a	144	602	42	12	...
b7f3e742-2174-4a3b-8b98-a1f6f1fb4899	266	602	24	10	.
91ea0e78-c0c8-4bd1-84fa-69d521c6dcef	266	602	24	10	289
b3bf4424-9f29-40ef-bf84-4e53642e71eb	316	590	46	12	Moroni
7750121d-2259-454a-b451-1b4885177af4	364	590	20	12	by
99c60dac-d12a-4560-b165-95b77fed1e62	385	590	51	12	strategy
719b6fb6-3eb8-4964-935b-9b7efba04d1b	440	590	48	10	retakes
1f198d20-d4b9-4566-a836-8ea8965de3d4	328	601	52	14	Mulek
7481af45-a41f-480d-b911-6d63a88cf9b4	328	601	52	14	...
4cc7a1d6-c860-4d0f-b671-1ba50b4e8951	482	602	22	10	347
358d186e-edbc-4dc0-9153-0571e3852d69	82	614	16	14	19
cdd4408e-8e70-4df0-8b71-e618eac9d6d4	99	614	24	14	The
954c0684-9554-4235-a348-1420a954f1e9	126	614	30	14	poor
65d5e24a-5ad4-4b3e-8c13-845b015b8c18	157	614	42	14	receive
8579308d-fed6-453e-8137-335b5da50345	201	614	21	14	the
40ad2c27-64c4-4084-b8c9-3ee9580f540d	224	614	18	14	wo
0cfaf03c-c94b-4a00-9135-422f4ba6e620	258	614	30	10	..
e99e4c39-19ca-4308-9eba-19758ab9ff3f	258	614	30	10	291
eba13c85-5bf1-4197-9fa3-3215e2afdceb	82	626	16	12	20
cf332df6-1b9a-4cba-a647-f5825b1ce30f	100	626	32	12	True
5101ec9a-85b1-47b7-bb50-7458595e4f37	133	626	52	12	humility
3745dbad-3ddc-488b-b7ee-474ed00b8050	187	626	47	12	blessed
84ed0f9f-9122-4129-8efe-49f25a1616bc	187	626	47	12	.
eecb3cbd-792d-4e28-a526-bbe33e6fbcd8	266	626	24	10	.
55f2c817-425b-4250-a82c-b699b5769ccb	266	626	24	10	292
c75248dd-2f98-4cdc-b4fe-64c6ea0b2032	298	614	16	12	12
6319bfcf-ace0-4505-8f57-7d4cfd816c81	316	614	66	12	Lamanites
c9a6adcb-0452-4629-9624-4680536190ed	384	614	25	12	fear
b110dd29-d43e-40f4-9595-00d93930466e	410	614	15	12	of
a49fded0-c7ed-44ca-9acd-3ebc59be559f	427	614	77	12	Lebi
c25703fa-d1d1-4d98-be26-f274b7773f32	427	614	77	12	........
c60103ab-69e5-4e57-b938-5aec64dfe4e5	427	614	77	12	347
11efc124-9ae5-4c3b-ae8d-0a5140d4ff5f	82	638	16	10	26
4e304f6b-3cff-447d-94fd-1c7fb07912bf	100	638	37	14	Zenos
f522ae9d-f9cf-4e90-bb5c-fff3b138c94c	138	638	23	14	and
a3136125-aaa2-4996-8c1b-c25503068556	163	638	49	14	Zenock
c02c9eab-3d26-4af8-9f8a-3e97c789109e	163	638	49	14	;
a903b776-1c84-4df2-aefe-d4438ae4600d	214	638	54	14	prophecy
e23aa2d5-f86b-436c-a8dd-04fb31f836ea	270	638	20	14	295
1612ef03-83fe-45ac-9e92-c3f6d2ceca38	292	626	22	12	14
d4a4ef3a-c4a2-4ef9-b7f0-05460ac73ff3	316	626	63	12	Lamanites
7e948c38-a1bd-482f-8ee2-0a5157853b34	381	626	36	12	taken
672d367b-d36e-4d0e-ad87-311830caaf5f	418	626	88	12	prisoners
706b96a7-cc02-426b-bdcb-c4256576bf1b	418	626	88	12	...
305b62ba-e8be-47ba-bd22-85629a9bab2b	418	626	88	12	548
16b7fa29-1a67-4c6f-b65c-836c55fa2ac7	102	650	34	12	Alma
c0d2e653-b3d2-49f0-9813-fd50a5b0be2f	102	650	34	12	,
bd8fbd76-fabf-479d-a242-8a2e3a985260	138	650	49	12	chapter
3c055eed-3a8d-42be-8b6e-66d743288c38	189	650	23	12	17
42aae208-5868-4ad0-a271-853122cabbf0	189	650	23	12	...
fdb34fdc-ed7f-4123-b19b-2daccd223b38	266	650	22	10	301
470ddb62-adc1-43a8-bcce-a112ee68c29a	298	638	15	12	21
f57a2970-1086-4f86-ad92-d0be96b99f10	315	638	29	12	2000
10cbdaa7-6e8d-4ce3-9759-4811d3d41cf3	345	638	41	12	young
2254c8c2-acc7-447a-b51c-31439a841ab5	387	638	120	12	warriors
90d07284-7d26-4d5c-bf19-ab2c507d6ac9	387	638	120	12	...........
62ba28c3-892a-4264-90fc-e6f89e4c4eed	387	638	120	12	350
982b87eb-96c4-48cf-87a9-189714d37bba	354	650	33	12	chap
fd423ab0-d6fb-402b-b087-414d3bfebffe	354	650	33	12	.
dd500224-7eb9-43a8-bd81-1221552a3ae8	388	650	24	12	25
c7b08c8b-1341-4e26-8fa0-7752e582fbb7	388	650	24	12	...
8e8feb52-180c-4ba1-8147-6fccecfa4630	88	662	10	12	1
8ef5f22d-c53d-4f6e-ad12-15dc0d24dc49	100	662	66	12	Commands
0e1aa623-a369-4b41-b155-34ccb158f449	168	662	15	12	to
797de5d1-932c-42f4-8fee-a5da17d1d34d	184	662	62	12	Helaman
35122aa9-b333-48b7-a8ac-91b6eadd64a1	184	662	62	12	...
8d4f4175-b70b-4095-a00e-7e41b35cbf60	262	662	26	10	..
cddca71b-a88f-4418-b30c-505fc2b06195	262	662	26	10	301
53c613b7-85b0-4bde-a12d-cd6f053750af	88	674	10	14	§
b52d87ce-7675-480d-8643-7ea14172147f	100	674	49	14	Records
331e0864-5b72-47c8-90e6-93d1c3d9fb1a	151	674	26	14	and
3075431d-4adb-442c-b554-c5a586657c70	179	674	38	14	plates
8d1045b3-e3bc-4aaa-86cc-b57649bcbaf3	219	674	35	14	giveu
11bebc96-0c88-4078-a7f3-d1fa038e4f71	256	674	14	14	to
0c2a11e4-d412-46da-aaeb-629e2474664e	302	662	12	12	1
1a896b26-30e1-40dd-9e61-afc6886ebd4f	316	662	45	12	Moroni
17788642-c120-4a27-9093-0ccef918375d	362	662	15	12	to
2ba709fb-41af-4d83-bb48-cd82389f7b15	379	662	70	12	Ammoron
cda0acda-005d-452a-bd05-93681fb6427d	379	662	70	12	...
8e436914-a300-4775-a92b-094a99b24b63	112	686	74	12	Helaman
87d9fb95-91de-467a-835c-b1f363e288da	112	686	74	12	....
6ad4168a-18f5-4aa1-a7f2-6254f4b6c976	266	686	22	10	303
8ee1f15b-601e-4e29-9c79-01610367e019	304	674	10	12	2
17fc19f5-d13c-4cc2-b1f8-bc7f7e920da4	316	674	60	12	Ammoron
d77a6f06-e397-4d91-92bc-d34c6782de1b	378	674	15	12	to
65b21b47-467a-464c-8247-40822a098ace	394	674	60	12	Moroni
97fbe608-7293-4f51-857e-963f5570976a	394	674	60	12	.....
9899cfbf-562c-4ff0-94cf-f491d07a9fcb	474	674	30	12	..
d53ef1fc-f230-4f23-9ca6-e201b9c73e52	474	674	30	12	312
88542470-a002-4df3-8710-56e5ce490cf2	88	698	10	12	9
8b1ef9c7-61f6-4c3a-aa1d-d9ca33010906	100	698	59	12	Gazelem
95c6bff1-eef7-4674-b234-84bcf600b720	100	698	59	12	;
971fc44c-8dc0-48c0-b83a-cf82f4c29c9b	160	698	9	12	a
d639375f-ae93-46f4-9277-8b85ada1a2a3	171	698	38	12	stone
92649b25-0ed1-46d9-9c6f-472cd3372007	171	698	38	12	.
d6bbfd77-0e54-4995-96cf-dfac910d3e3a	266	698	22	10	.
6aebdc4a-290b-4204-b2ac-d5557824446d	266	698	22	10	305
dc0a07d4-0efd-46cb-b8da-5fb755ac1364	302	684	10	14	1
9b70106b-3f8b-4890-943f-636c7b2dc467	314	684	45	14	Guards
07c4e1fa-a84b-4117-bd35-b7b059a444dc	361	684	35	14	made
297707d7-7f98-45a6-bb95-da3cb7f8d182	398	684	38	14	drunk
3c0e2855-2c41-4577-958b-01b3e773ba85	438	684	17	14	at
53db8ec7-ec5f-48cf-b11f-3c9ef04bb66a	458	684	30	14	Gid
f533e5fc-b120-4432-85a7-275496f043ea	458	684	30	14	;
f09028c9-89ce-4cb7-92f4-bb11bbed52b9	82	710	16	12	12
dc8316bf-11df-4e0b-a19c-ba2cf1431fa2	100	710	26	12	The
75e74d7e-9f91-4928-9e69-c687e3715874	127	710	77	12	compass
24017d5e-cbb7-4697-93c4-923c70b3a3aa	127	710	77	12	.......
b5650642-b754-46e3-9b32-35c8bd8dbfdf	264	710	24	10	.
da92151f-beee-49ac-b0d3-d1da9eb84eae	264	710	24	10	306
bada05e4-1c31-4dfe-8614-889eb7a543e1	328	698	51	12	Moroui's
6941a914-efd2-4487-ac5c-856cd327f804	381	698	59	12	strategy
5ac39a44-198a-4751-b13c-c0a3977db62c	381	698	59	12	...
000f9db9-a441-45bc-93c1-cdbba5952c4e	478	710	26	10	..
04ecad17-787a-4bbf-b98b-4c2d98bdbb07	478	710	26	10	305
305e62e9-4a69-406c-9be0-6c71864e4db7	102	722	35	14	Alma
2b6bb1af-7207-45b4-9b71-1786ec664b60	102	722	35	14	,
568c7ca3-c315-457d-a510-4f2ea5cd7a03	139	722	33	14	chap
71e09ae8-c854-4469-84c1-4f8daf3eb953	139	722	33	14	,
26e7aa18-b748-40a7-8a84-e699c62517ae	174	722	34	14	18
7063910e-b84e-4926-95f6-25f7bb8811e3	174	722	34	14	.....
ce750103-dfb8-4ccc-9497-b19869784a6c	266	722	22	10	307
fb319994-5545-45da-8e68-d7c2d0e9245b	302	708	10	14	8
6bf28803-af0f-4a01-910b-ab2bfc5d1c74	314	708	49	14	Caution
81fa7bdb-781e-42fc-896b-66b575401e6e	365	708	12	14	of
3fb70057-f097-4dac-ab97-08ea755dc638	379	708	21	14	the
2fdc68d9-48ce-493c-a35a-98134abb6ad6	402	708	70	14	Nephites
83b439df-33dd-4412-824e-bd07821736a7	402	708	70	14	....
f66a187b-f47e-4bec-b9a8-8569459f0344	476	698	30	10	..
1e63f440-81bf-4721-adae-279e0892deee	476	698	30	10	358
48f8f5d6-7623-4faf-90f9-1182197f20f7	88	734	10	12	2
d4bae6f4-88b6-468c-b7d0-bb9c1419bd92	100	734	35	12	Alma
327c2212-1d06-4343-b382-b4e326298eeb	136	734	14	12	to
c511d7c3-6791-40ff-9dc7-593a9a9046ed	151	734	57	12	Ahiblon
8ab7014c-eb3d-48f6-b33d-d94a556b9165	151	734	57	12	...
116a2195-6f87-45ee-91c4-4d4c27059eb9	264	734	24	10	307
63b38537-7de1-45ba-bee4-4e63d4e9ea83	316	722	36	12	Alme
c05054ff-6329-424a-8cda-a23f71bf11a6	316	722	36	12	,
2df66b18-b3e0-4730-933a-b9b391c807b4	354	722	33	12	chup
c5642a56-39cf-480e-9ded-4b2d160ec0d5	354	722	33	12	.
49da3ebc-1268-43dd-8639-c55ef4818e06	388	722	36	12	26
7ba123a2-9964-4083-a490-dde95253c4b9	388	722	36	12	......
06628b48-3ab9-47f0-a342-570ac0f45fe4	102	748	35	10	Alma
d360940a-b9eb-40ab-9a7c-328e18d33a89	102	748	35	10	,
e19fcbe2-3d06-4e79-90e1-5b5a217d61ad	138	748	34	10	chap
4e8e5d65-f65b-40aa-b2e9-167891b764c4	138	748	34	10	,
b8c5d660-f1e2-4344-9463-ebedb51bf889	173	748	17	10	19
bf23d106-fbd0-4805-848f-9f96165a8a11	266	746	24	10	308
d367fca8-b7e4-4801-8e27-7e304ed44414	302	734	12	12	1
c0e27a1b-2718-4524-9881-710883fd2d73	316	734	65	12	Melaman'a
1b301fe0-5938-45ad-a803-8558f888531e	382	734	42	12	Epistle
25c23b5f-c791-47ee-aa5f-d63f4ce808b6	425	734	15	12	to
1177a0fa-3e17-4cf4-8ed5-054f761ec81d	441	734	62	12	Moron1356
87d7811b-434a-4ff7-856b-1110ced3a4f0	304	746	10	12	§
e17d03d4-258b-4c61-9e87-f2a9e9f86df5	316	746	54	12	Helman
379b03b9-b52a-4935-874b-98865534e101	372	746	20	12	out
f95083ef-d5f6-4b44-a800-cb737e1bc12f	393	746	24	12	wits
d5d6b28a-2271-4963-aa33-8a965b14091d	418	746	21	12	tbe
3cab56d9-3f50-44e0-b726-fb04dcd137f0	441	746	46	12	Laman
3f180966-c372-41f1-a582-cae6acac5182	441	746	46	12	-
9b04014d-0206-4dd8-bf98-d3b5d5cf538a	88	758	11	12	I
dca7acbf-d575-4dc7-a358-a604a8e629fb	100	758	36	12	Alma
690b1a61-01f2-491f-afbd-0f0ac34c4903	137	758	17	12	to
de99578b-d053-4182-9d1e-a3693a560c90	155	758	69	12	Corianton
fb4ecfe7-f73b-49e7-a329-af6dc73a8608	155	758	69	12	;
8b0e8e34-0803-4dc3-89f0-29e4ac7cdbbe	472	758	32	10	...
a8154802-e8d5-436e-ba07-78161a6570fe	472	758	32	10	358
29ae44cc-66f1-4dfb-b789-222fa2fec409	112	770	47	12	donable
39f3bf34-3791-4dba-8269-7a4b500d5dae	160	770	19	12	sin
24c7d11a-5661-46b3-92dd-f33e9f6bf090	181	770	29	12	........
b8d34b64-5c7b-463c-a8b1-f941fbf1d05b	88	782	10	12	4
72bad207-5299-47d9-bfbe-e2d8a20dd770	100	782	24	12	The
58435879-0e0a-4d5b-a8e9-8364ba08b0fd	126	782	80	12	reenrrection
abb37414-2bb1-4fa2-a264-43dbce89abb9	126	782	80	12	..
69fd6f9a-2bc6-468d-a6b6-81ed26873302	88	794	10	10	8
8a11479d-7c44-41a5-bdf3-82a46f4e04dd	99	794	26	11	The
baf15a2f-0638-45e3-b0bd-3cb16bd81d70	127	795	76	12	restoration
f94cef28-e1d7-4dcb-99d2-8c3d0fcdf854	127	795	76	12	..
07f008ec-065f-4e31-82c2-e4851f0945be	266	770	22	10	308
785b04f0-f405-4d3f-8894-f23ec178509c	266	782	24	10	310
5eec5f8e-0b56-484b-a2dd-6fdace7e3d65	266	794	24	10	312
ff694c9e-63c9-4eb6-b19c-e1417ab40c36	296	770	18	12	10
3417dd79-b0e5-4c75-8e13-cfb62a33f2ae	316	770	63	12	Lamanites
ccdee303-40a0-40b5-9cfa-8bc2956307dd	380	770	70	12	surrender
0cd68571-2351-49c5-97a2-71c6687fcf26	380	770	70	12	...
b0c71018-d3d6-465e-944d-ce1bf5da1f4c	296	782	18	14	12
ca44352c-6441-47fb-9250-5a3d79f5189d	315	782	63	15	Exchange
0e90457c-cf6a-46df-8edf-8824779dfccc	328	794	34	10	fused
13150c36-3f5c-4a17-94ca-43da93ff606c	328	794	34	10	.
0aef731c-9742-44f4-ab0d-f0cbe3b58ea5	382	782	20	12	of
ce8c5426-5552-46d6-8c07-b005e81831c2	403	782	57	12	prisoners
66af6d73-e2a7-4c6c-a5a7-6c21df76eaee	476	770	28	10	..
7206f6ed-5771-45a9-9be0-a586b05f0ebf	476	770	28	10	359
729c08f0-7ba6-4888-9544-d0877422f7b1	482	794	22	10	361
bb4d63ef-78c5-47e0-ae22-4b55f2757279	410	848	72	24	Google
