ID	X	Y	Width	Height	Text
68988b72-ec7b-414b-81fd-7e00515fd9fa	659	53	148	39	INDEX
04a44a89-ee6e-4e23-8447-ea2ea229fde2	1316	54	73	35	553
6499ab27-082a-44e8-bd56-90043f06b5d9	776	120	122	35	130
5fb2b740-98d2-46e8-b4d0-e6d427a5d755	776	120	122	35	-
9a1331f3-35ee-4879-bd51-d6fae3f306ec	776	120	122	35	14
ca37cd17-da4e-416f-867d-54780f6024e1	776	120	122	35	;
794d0cc3-73a4-4a52-bbda-015a9305b0ce	903	120	153	35	covenant
6c66d2f3-1208-40bd-ae0f-c0703173898b	1060	120	114	35	people
aa3cac38-23e9-4cc1-abe9-073aaf2463f8	1179	120	44	35	to
ee1880d5-d5ed-4fbf-9fa6-6eeed1b125e9	1227	120	114	35	return
81e7ee85-c25d-47f0-902d-2594016e5578	1345	120	46	35	to
42070fc2-23e0-4184-9888-6c7dbdc3890d	1345	120	46	35	,
ece4c491-e6b2-4e26-848d-d6c9a6f00654	773	148	123	35	441
7f3282a3-d7c8-486e-8b4b-8782b682abe1	773	148	123	35	-
526a5115-8b99-442f-9015-5fbdf2bd53e3	773	148	123	35	29
45b6567e-6e26-4022-b7cc-dffff6f143b6	773	148	123	35	;
23a7151a-f87a-4888-9a20-7dcd89465f0c	900	148	48	35	to
b992bf46-ecb0-4314-a8a9-938b07f7c37e	952	148	48	35	be
9b291d52-951b-433c-a4ee-76f9135963f7	1005	148	166	35	redeemed
1e7cf354-722f-4af7-a0f8-a73e9d4ff616	1005	148	166	35	,
da2f1ad4-5787-4720-adb2-4f3abd85e63e	1176	148	115	35	441
feb05f04-e4f2-4b11-9c4c-57e3367f58af	1176	148	115	35	-
4f309f20-6da2-4cda-a6df-28f01902810b	1176	148	115	35	34
cecb9bc4-3239-4ee9-a8db-171560b08602	1176	148	115	35	.
4462527e-4dec-4f46-86b8-ce090d7b6c4a	79	120	108	41	Jacob
ce896e27-202f-4cd0-b17d-6b16d9aace15	79	120	108	41	,
8e477571-2148-4671-817f-3ffe205dfa49	192	120	92	41	Book
9aabf28a-aeb0-4411-9679-01f3277b26a7	289	120	51	41	of
4a3ec2cb-c123-4014-8e4f-490f10cef4de	289	120	51	41	,
4d18c3a1-8fcf-4092-b47f-eeaa7e1c5528	345	120	106	41	107
fb1a5cc9-b8c0-4a2d-bd94-0212761fbbad	346	120	106	41	-
55b82c2d-aaaa-44fe-b57d-cdab19cef971	346	120	106	41	1
bd812868-a447-4233-8e82-cf20d5025378	346	120	106	41	.
174c30b1-89b7-4158-854e-876feffff1f8	224	215	112	32	60
06f0ffed-9c53-42e9-8fb3-f3e63b84940f	224	215	112	32	-
dcd9c434-1ee0-4289-9b6c-eceb75a325d3	224	215	112	32	6
23676eda-7024-45f7-8ce9-da8b1a592187	224	215	112	32	;
c219f1c6-b344-4dd9-9229-cc4f7a567e6e	340	215	101	31	made
7a4778f2-47b6-46a1-acfc-8b82baf7f6c9	445	215	38	32	a
7b536cf3-a491-4001-895a-d848c16ae4e7	104	297	104	38	plates
79c78c23-4654-4751-803e-8f60328ded87	104	297	104	38	,
e6815ee3-83d8-4e13-92e7-052d7e43f0c1	213	297	100	38	108
75b50bf5-12ab-4014-a985-7341e49882a0	213	297	100	38	-
97ddd87e-86ec-44da-ae70-fb7856624d60	213	297	100	38	2
6431d199-5e7c-4779-a350-d5f24e714d37	213	297	100	38	;
0c15d4c6-6a54-46e7-ab53-8a285916fb77	318	297	161	38	confounds
118e8574-65ea-4bd3-8004-47f66e1106a8	484	297	133	38	Sherem
bdfad905-9d13-47dc-a6dc-e32ae18c1ec1	484	297	133	38	,
a76f3026-b3bd-4efa-b033-7017973ec04d	622	297	101	38	123
f6a90173-992e-4636-abee-c1bed3acd9c1	622	297	101	38	-
a7bf4bd1-1ace-49a0-af36-763a4e0c1c4c	622	297	101	38	8
9960c419-b502-4dd3-867e-81996879ba38	622	297	101	38	;
bfeb1697-b74d-4fc8-88bc-eb10cfa5153b	104	328	161	38	concludes
578c6e31-775d-4b7a-b06c-462b125a6b87	270	328	57	38	his
cd3e1937-4723-49c6-8232-ec67551027ec	332	328	124	38	record
dde37f8f-d9b8-4409-be31-27a39060278c	332	328	124	38	,
95c01ef1-3ea6-482c-8b36-b623c695f439	460	328	114	38	125
a0027e9f-46d1-4395-b6dc-4e821008d748	460	328	114	38	-
27e03a3d-ccf9-4cc4-86bc-6047f4b00e3e	460	328	114	38	26
b6053cde-056b-4a97-a142-aa5576f339c3	460	328	114	38	.
92bee29d-fac1-434a-b40b-e10f9cae409a	76	363	102	28	Jacob
a67ee00c-cb71-4560-ac33-e8485af79a7a	76	363	102	28	,
369fa799-6012-43d0-bc0d-741c52397b1b	181	363	147	28	Loramite
94f8a2eb-972c-45d4-9c8d-4c24b72d8ea8	331	363	108	28	leader
9fe06f4f-e2ef-4976-a2ce-b63fc35a8770	331	363	108	28	,
2d94a9b8-68f5-4237-8c2c-5ce4905af3cf	443	363	119	28	329
8ab79c39-b92a-4ccc-b314-ceb766cfe857	443	363	119	28	-
e1f359f6-453b-4c0c-9a0f-48aed1fc70bd	443	363	119	28	20
45932ad8-09c4-4dd8-b343-9d6f096f6688	443	363	119	28	;
9cec710d-9d0e-4f59-b6b6-b7c68fa15c7c	566	363	63	28	and
abfe8fff-30a6-482f-9dd3-f5c49bcc684c	632	363	84	28	army
09a38df4-4baf-4bf0-914c-bb9ba3b28327	76	540	167	38	Jacobites
26608b3d-038f-4bf1-80a4-2baeaec771c1	76	540	167	38	,
f2ef987b-96ec-4776-a2ac-c1af72b59fc4	247	540	71	38	one
14387c83-1a6d-4a59-a4da-c2823ca76322	323	540	48	38	of
cd63521c-8825-4a4d-870c-0ff1d6a44016	375	540	66	38	the
3f6abcd1-c1bf-478f-af5b-c946b6b45915	447	540	162	38	divisions
a98d3a2e-aa24-4415-be02-f1ccea19d193	613	540	43	38	of
4d28032f-b081-4cc4-8a61-92215afb6597	660	540	62	38	the
1a60749f-7a5d-41a9-af92-0be059ff0aac	104	571	153	35	Nephites
4accd6c5-80b8-45c0-9d21-30c0d2618e16	104	571	153	35	,
ef0f2254-d921-4cd9-8b31-3bda16c129ab	262	571	117	35	108
8b57efdf-5204-4519-a3c0-f4a35aea5960	262	571	117	35	-
775c5976-6dc7-4fb8-9c81-32ba29b8a537	262	571	117	35	13
55b7373b-9a07-4b1f-814e-055f733d7f84	262	571	117	35	.
409c4ed7-099c-40ba-8d8c-7210c8852213	76	596	103	76	Jacobu
afdee398-6097-4f89-8165-01d6a708e692	189	597	75	75	ath
d668cdbe-2ffd-4370-971b-804b1927d6a2	189	597	75	75	,
ab9699d2-a234-4630-8ffe-0ef835675481	273	597	28	75	of
d70cf6ee-24f5-4976-a80e-0da30585bd3f	310	597	103	75	lared
a46521a6-d9ea-4261-8253-a282d38320fa	310	597	103	75	,
d2b40586-06c4-4ef3-95b3-eb3df81c8ade	423	597	122	75	hurned
e00227a5-1c8c-401f-ba14-3eb5127e40a7	423	597	122	75	,
5b1b721d-e6fb-4288-a48d-b0c43a2d0f05	554	596	99	76	417
82b4db09-abaa-4923-9aef-8a6e0c0c2765	554	596	99	76	-
089872ec-625f-4aaf-b0fb-4a37c45bf37e	554	596	99	76	9
6895d09a-00e5-4cca-ba26-a23e21d42ab6	554	596	99	76	.
18c96efc-891f-468a-9bbb-94ccc755988d	73	666	107	35	Jared
fee7c1c4-bdff-4d83-99c1-4c129dc23a00	73	666	107	35	,
d3e19cf0-cfe1-4607-ab3b-8427fffa7dae	173	660	100	36	came
33869b6c-91b9-4ef0-9026-d14bcd0e164b	276	662	87	35	forth
e11c96f6-2e97-4a12-8bac-5e5b27421639	367	664	83	34	from
d707e1f6-1372-409b-88ef-6378104ed737	454	665	62	34	the
9479a07f-b043-4a3a-9300-6da2a20ba59b	520	666	91	35	great
fae5cf7f-b035-45de-92bd-96716a1825d5	614	668	109	36	tower
c6da8420-fbd8-4ab7-8ad3-13631d018c90	614	668	108	36	,
09e0cdbe-45a9-442e-a11d-9768ed168f0a	770	293	55	32	23
53c3dfa1-b61e-4b92-bc20-cd95ebebe1c0	770	293	55	32	,
bb42d2f2-4351-4bc7-987c-6843ac308281	828	294	105	31	27
fad6d1f6-7df4-4a12-a3bb-6a7db1bc207e	828	294	105	31	-
69cad312-b94e-4d34-848c-e8256b586155	828	294	105	31	23
cbf3ef47-7f26-44c8-8bfb-1723ea6b49cd	828	294	105	31	;
b053629e-62a2-496a-ac0a-c182bfe46ec3	937	294	101	31	Nephi
87bbda98-f16b-4455-9885-515bf3f13495	1041	294	62	31	has
7a7e8958-2863-4eda-887b-b1dbf9c1e472	1107	294	120	31	charity
65fde396-86ec-4b89-a7c2-e6a66386c532	1231	294	58	31	for
c8d79c4d-0a3b-4f80-9a3a-13d3fc2739f8	1231	294	58	31	,
50d7b1d7-3b2d-423d-aa20-38df73ad36fa	1293	293	95	32	107
f25ce34a-a9fe-448e-8d0b-09c9eb01fed0	1293	293	95	32	-
f8eeddfb-6bca-4709-bc67-40b016fad016	1293	293	95	32	8
624e7d97-4ee5-4220-9040-a4214698b392	1293	293	95	32	.
0ab99b98-7f36-425e-bf24-b86b1e30a766	745	322	96	32	Jews
ba40c621-653d-4ab3-ad17-ea0d3ee1ea8c	745	322	96	32	,
fe3e5539-09f5-437c-9eb3-c4bcb26779bf	845	322	100	32	mock
a3186fa2-f9a3-41de-85af-b7d6cb982e51	949	322	88	32	Lehi
1ec6c733-35e2-4680-a083-567cb8ba083d	949	322	88	32	,
41f9b50c-9fd2-446f-af7d-90889f70b99f	1041	322	92	32	3
ac03070c-6876-474f-9805-4a551dd2b343	1041	322	92	32	-
7be8ec7e-83f3-43d3-ae5b-98833a9c6377	1041	322	92	32	19
58ab6bca-0a15-41e0-8f1c-43440232f293	1041	322	92	32	;
843132ca-4dc5-44a2-9dec-9b1e169d5718	1137	322	108	32	Laban
60088af1-c04b-4626-a0b5-57285ecc1a87	1249	322	68	32	had
4c6e49e8-a2ce-44f3-9d05-2bc6e13ac204	1321	322	67	32	rec
8abf888e-2fa3-4cb0-9230-a853b9ade4f8	1321	322	67	32	-
32ccdc43-96dc-44e0-a31b-138a2a406933	773	344	61	70	Ded
c746d571-15a1-4333-aa6c-16808bfe7872	843	344	35	70	ed
76cc0a25-0a70-4ae3-a4f4-e260f46512b5	887	344	53	70	o
75d8e320-565c-44a7-a1c1-422e19a222b6	948	344	70	70	10
cccdca79-ad0f-4d5c-99ed-c941cb71253e	948	344	70	70	.
aee3e397-9bcf-4c51-b743-b95fd5a95ac4	1027	344	149	70	prophet
cd120d01-74c9-4a57-ae5c-04c8cd7233cd	1184	344	87	70	brose
6933a733-35ca-4aa4-8f73-6c1c294109f6	1281	344	111	70	raised
5e8fe5f3-f9d0-46ae-b932-6902fa504e84	776	407	47	29	up
45bf001f-c877-44d7-aa61-af1767d7b0cd	827	407	123	29	among
bea79822-8632-427f-a5a8-37f31b9eb555	827	407	123	29	,
8a477b91-005b-47b0-a3ae-888efe0ad8f5	954	407	87	29	16
1ddd1212-8502-465f-a499-67f742af7f05	954	407	87	29	-
90d8b912-c8ec-4e9d-bbe6-a995baba3e9d	954	407	87	29	4
d79eeab8-c2b8-4c1c-b6f2-f67487a9a554	954	407	87	29	;
370eee1b-3c44-4807-b18c-5a21bef456fd	1044	407	109	29	gospel
1e33a927-e728-4d4f-afdd-7fa178d00cf3	1157	407	40	29	to
7c0677f3-2c8a-4512-8a45-9fd228981db1	1200	407	44	29	be
069f0db9-9686-4ba2-8e85-2c271f03c0a7	1247	407	141	29	preached
3168594a-68e8-4eaf-9df0-22da5be9c1df	773	435	105	57	23
e07bf581-8be6-4abc-8da0-ebe117255d7f	773	435	105	57	-
012aa787-22ce-4869-9bcd-cfd1c16ed953	773	435	105	57	23
e01b8ab9-3d2b-4e41-9034-e707ea37268e	773	435	105	57	,
409a748a-d6aa-406a-bb2f-ef2f15284fa5	885	436	49	56	1g
e162abc4-682e-4571-a08c-3959b1663a38	941	436	77	56	Fee
d5a87004-b7d0-4501-98f3-97e6fefca2db	1025	436	161	56	scourged
ce8c969d-775c-4047-af52-391e719aafed	1025	436	161	56	,
840a3ab9-04d8-417c-ba22-7a7bc878d91d	1193	436	112	56	42.13
b6b5c095-464d-4afb-8ad8-ef13268b4322	1193	436	112	56	,
4d1b3c75-dde4-4e26-b2c8-da03cbec85b6	1312	435	76	57	pod
c570fef1-e1c0-4820-92be-8794fc4d604d	1192	464	129	28	42
84501fb4-4901-42c7-8aea-ede0f33f73c1	1192	464	129	28	-
7ca5ce9e-c66e-46bf-b64e-63b0b25315b0	1192	464	129	28	13
b28a2eeb-371b-4d2c-abd5-b269fac2d064	1192	464	129	28	;
b1b80e8a-0327-4615-8b59-b253dbd4741f	1325	464	60	28	God
d134ccbe-9372-4f8b-b3ff-fcc116e33cbb	773	577	98	35	95
74e84a31-42fb-43a2-ad6a-a4c258603c23	773	577	98	35	-
f489951b-4fd7-47e3-bca9-514a8997ae39	773	577	98	35	1
71e14998-c157-46b4-bfee-904b248e45a8	773	577	98	35	;
5d0d64a0-a94f-4b26-8b55-f9d446c8bc0c	875	577	109	35	cursed
135ba7dc-b304-44bb-90bf-a89602b0e4d8	775	514	103	68	sophe
4e95d886-fdd4-4d02-886d-f89e971b897c	881	520	126	68	become
5f35703e-f126-4395-8466-b547ca6a5065	1011	528	141	69	drunken
96ed63ac-cfe9-4cf1-8f29-ba38ebec1bb0	1155	537	88	66	with
c057ace1-90fc-45b0-b198-ae5ce85842e3	1246	543	145	70	Migity
d5cd38fe-d488-484c-8f92-97c02eccb919	1246	543	145	70	.
df79f408-e23c-4682-8a4e-63762bdd684f	773	577	83	60	have
26708439-4285-4455-8cb7-d21798bc17dc	863	578	90	60	words
50f2e120-1489-49e0-b95f-dc12d8a2d471	960	578	37	60	of
9df75f7c-65c3-4c81-8510-22a7775c5eda	1005	578	142	60	Nephites
0093f681-42a3-47d9-a3db-51b1bf8e5597	1155	578	60	60	and
6ebf8d8b-d5d4-4142-b177-7f038db6ebb3	1223	578	37	60	of
16647433-8aee-44c4-9f3c-6edc0f350c16	1268	578	45	60	the
eb8bb087-0fb3-4341-bc8a-dfdbb7168192	1320	577	71	60	lost
e2cebe8c-0ac4-4712-a550-7b28a617185d	776	637	105	28	tribes
65261f24-6494-444d-b0b9-b8c7c633556a	776	637	105	28	,
e0d9bbc7-fdd2-4263-b3e5-94dcb6c34d53	884	638	122	28	102
de1022d7-e37e-4d85-bde0-7a3a737f41ef	884	638	122	28	-
04af02ae-3c72-4ed0-a71d-5fd9da740cea	884	638	122	28	13
9ee10176-3f17-4944-bd54-10b6161987a9	884	638	122	28	;
c0c267db-eaaa-4c79-a47b-f0c7354732d5	1010	638	77	28	cast
665da55f-a5a4-4d92-9af2-91f5e7e44e2c	1091	638	49	28	off
12d01c07-4318-41fe-b7e2-9b4aec57cf90	1143	638	108	28	unless
1e6c44fa-f5a6-4e7c-8fbc-64b7a18d55e6	1255	638	80	28	they
9bd2ca25-1b5d-46ae-9bd9-a65a238a60d9	1339	637	49	28	re
d3b3094e-f319-4d71-94a5-c11e6d083486	1339	637	49	28	-
c3f946a0-feb5-4028-be16-3be1b29c750c	773	666	81	32	pent
7737b870-ed9c-43ee-8fab-4c6d17ee4f2b	773	666	81	32	,
26c33ec6-1d7f-477b-a4bc-7c0e8e4e9a6b	858	666	101	31	102
811bf719-4086-4a2d-a3c4-d5ebbeea555b	858	666	101	31	-
da36bce9-16b6-4811-82a0-96fdbe2fadf6	858	666	101	31	2
2e4c05ef-e83d-4de4-9078-2c3452ff85ac	858	666	101	31	;
01b4aa96-f640-473c-8d7b-bc7319ee4e6a	963	666	171	31	eventually
b2d2f027-6bba-4d23-80bb-48a03c5c3a62	1137	666	35	31	to
4e0e6875-f06c-4dda-a43a-79020c28c8e7	1176	665	101	31	accept
6fbae7e5-6944-44a5-8aab-624586714ea2	1280	665	111	32	Christ
1334a328-dbc2-4955-9d5f-40d77ca13677	1280	665	111	32	,
66464082-b097-477d-9dca-61fd9787f2de	773	690	114	37	441
bea11e00-338a-4a8a-abaf-7a5787157b1c	773	690	114	37	-
d026f0b9-5d34-42d3-934e-f0079055b3f4	773	690	114	37	31
1379b50b-7052-4a67-8848-79404f8b1fbf	773	690	114	37	.
a18a56cc-03a6-4160-bcf3-ac20e8059e49	773	778	114	31	486
0232dae9-e751-43e6-9c98-c4eb0efedeea	773	778	114	31	-
22470289-0cec-41e5-8958-0258f4e6e1d5	773	778	114	31	16
7981fe66-3e4a-464b-b055-4f39fff41e65	773	778	114	31	.
14f0503f-b7d8-4a46-9656-51a6360fc279	748	808	104	32	Jonas
04179d70-c9f9-40b1-a521-c24f215bfd87	748	808	104	32	,
5be66687-2be5-4776-98b9-f5279807982e	856	808	64	32	one
7ca4c516-63ca-4b57-8fe9-7f7b103d59f2	924	808	36	32	of
1620c9d4-e33d-4ea4-bfec-1b3582d735bd	964	808	60	32	the
b420cd5e-fa21-4ea7-bb89-1345ed14fac8	1028	808	108	32	twelve
c7a94f99-57d5-4922-b0ff-14e1e5263417	1140	808	152	32	disciples
4164ec43-ef58-4069-b0e9-831e712d99e8	1140	808	152	32	,
790dd78e-438d-4c54-94d9-4201067dadca	1296	808	89	32	437
37ebce9c-1809-45b2-b7c9-fcaf9807e533	1296	808	89	32	-
2b62f489-d993-40ea-b953-e3494c9dbfce	1296	808	89	32	4
21c247de-d135-4dd4-9ca5-26fab75acc11	748	836	136	35	Joneam
b3011de5-d648-4855-8c51-4f9cc7d0cc60	748	836	136	35	,
4424ad8d-4b4b-4f65-8c48-19024edf8ce7	888	837	132	34	Nephite
73c3591c-4e2c-403b-a3c7-dd89d61b120c	1024	837	115	34	leader
3fca90e3-d059-4ccb-a775-ba46b939851e	1024	837	115	34	,
bc7d9de5-7d52-49bc-b325-e672e91e00b3	1143	837	102	34	killed
75251aad-1d4b-40b0-94f2-76fd02f2eb43	1143	837	102	34	,
92793d4a-ed70-47c8-8cf2-d407c975bfad	1250	836	116	35	470
ebc4bfd9-510a-4bfb-9938-2c9943059494	1250	836	116	35	-
46b413ad-c8cb-45dc-8956-391f5145ccbc	1250	836	116	35	14
3580a135-4983-4621-80aa-aefc771e5cd8	1250	836	116	35	.
ffc468af-c90c-45be-9095-28150060c7af	748	865	127	35	Jordan
a4e15a13-ee0c-43fd-9178-a7f841b3aa51	748	865	127	35	,
7f915005-6017-41b3-b21f-f700a5d92b97	879	865	74	35	city
e04f5497-0627-45f4-a927-e9a0bc286322	958	865	53	35	of
839c0423-da7a-4b81-9b5e-e480193fead1	958	865	53	35	,
57192b9d-e530-43de-b437-305cd61c83d1	1015	865	175	35	Lamanites
603a9126-bc4b-405f-96e0-08be496c7a21	1194	865	149	35	repulsed
0481e776-8063-41d6-a24f-9f7dfb2ccd85	1347	865	47	35	at
66b78525-8211-409f-9788-ece20497ba9a	1347	865	47	35	,
74ed5cd7-8d9d-431b-bdf8-27b95d8677ed	773	892	98	33	467
96224b1c-eb47-4e53-bbc7-b55c90cae81c	773	892	98	33	-
26ad681e-2166-49fb-9206-ef5b61766057	773	892	98	33	3
b1a5efb2-0a1c-449e-a770-51daca9e0a75	773	892	98	33	.
9a66f5c1-ec38-43fc-bb70-512b51c17310	748	925	124	32	Joseph
239b68a0-9269-4fa8-9cce-fe54cf4c1c16	748	925	124	32	,
bfb0e660-189f-48cc-83d4-a62bb8830fce	876	925	80	32	who
45ad1a47-59fb-4bdd-ae3e-bbf4040a108d	960	925	72	32	was
f06d4366-2369-4f61-8f02-93d6748fd960	1036	925	76	32	sold
9501d817-91f3-4b43-84e3-4df630da2a0a	1116	925	76	32	into
da7db6da-8d08-4306-a2f9-330fce6a92ba	1196	925	116	32	Egypt
47334e62-bef3-4fc3-80df-738bb5922cc9	1196	925	116	32	,
f57696ea-579d-4565-a41f-3da495245260	1316	925	75	32	Lehl
b8653714-484f-48e8-a6ee-9ac4725a3b17	779	954	182	30	descendant
4d013464-e52d-4831-a4be-fcd234393b3c	965	953	49	28	of
25a2827a-7447-4b05-8c4e-a25a43dc76d9	965	953	49	28	,
381e31ab-6c5f-404d-8420-3d8ac219b76a	1017	953	95	29	55
839fc8d1-556b-478c-a3bc-086cdef4a6da	1017	953	95	29	-
1c4562c2-1619-4747-b537-97e749b92e43	1017	953	95	29	4
724c3793-b7cf-404a-a08f-f9ccd5605e94	1017	953	95	29	;
4bafee95-811d-4667-aa70-8aabac44b8ef	1115	952	77	29	seer
97406a8a-7dbd-46e1-82d6-d6d0ffca194d	1196	952	42	28	to
b7e27a2f-d78d-4af2-8c8c-303801550165	1241	952	46	28	be
44012b0c-4f59-4410-8e7a-55453815ad5c	1290	951	101	29	raised
07aa26f1-ce69-4bd9-bf5c-161ad04ec852	104	778	144	38	embarks
93e7424f-5072-4205-b3d3-471c3944da52	104	778	144	38	,
da674a32-d4c2-4bda-a80b-87e6494dc4b6	252	777	117	37	487
ef4729c9-d9b9-4302-ac5c-4a37c963e4d9	252	777	117	37	-
29002df0-dea4-4485-b46d-af6c2a6c3471	252	777	117	37	ch
ffcb6167-279a-4de6-b245-38fac6c03a3e	252	777	117	37	.
daa29954-4ace-4d33-8ba5-a166541b3a00	374	776	68	37	6
9188c941-1f46-44c2-8a2a-dcadd9cf8de5	374	776	68	37	:
7ff6f9ca-3023-4659-8942-0bb11cd2fd74	374	776	68	37	4
dca3adaf-8779-4559-adf3-da750ebf0af6	374	776	68	37	;
e83daa0d-c23f-4605-bfaa-473cb20e35aa	446	775	122	37	reaches
71b60c41-9223-48d9-b05b-77799d5cf8bd	572	773	148	38	promised
0e27ae15-ac5e-4059-9f55-8028b3d61fa0	101	805	91	66	cath
c29facac-a39a-4586-88fd-bef7d0bc3862	200	805	58	66	01
cb816b81-29ea-4906-b559-5df1a3dd55a3	200	805	58	66	,
567cf29d-92d7-4e0f-b6a7-d6f67195c371	266	805	124	66	431
a3abb93e-a736-4ed5-8788-029ff2ffd8dc	266	805	124	66	-
a30493b3-56d7-4b9c-942a-922bfbfb4ba9	266	805	124	66	29m
c460e1eb-82d1-4da7-8d59-55b4036560c5	398	805	58	66	bee
c0517f6a-889b-40f2-a18f-c95bbac68461	464	805	66	66	also
0e2c064a-a6f9-404e-b93e-994a2670b2eb	538	805	132	66	Brother
1ae4acf3-931f-4159-a61b-13a309cb3617	678	805	44	66	of
0de8e5e7-b534-4dc0-8c7a-f23afe5b10ae	101	864	104	33	Jared
3f825f26-a466-4b0c-9331-cb92d0615933	101	864	104	33	.
e3f4eefc-420a-45b9-aed6-c9c4fb31270d	76	893	101	41	Jared
f36af885-f03c-48da-aabe-37620724d945	76	893	101	41	,
3eea302e-1e3b-41ce-aefc-8bc223419829	101	890	123	70	adinst
bbd740ac-76d1-44b0-9f94-48bf43fbccb8	232	890	114	70	father
e5ddf7cf-638d-4192-975e-2ba817071299	232	890	114	70	,
606bb8da-e1f6-4507-a7d3-e337fbe72175	355	890	96	70	91
2f1758d6-edfb-4ac8-a80b-ae4b2487e050	355	890	96	70	-
3b4790d2-b054-48ce-bb85-1fadbf759c6e	355	890	96	70	2
81133aa3-3a71-403f-a93d-79e387e18695	355	890	96	70	;
f59888b5-4aba-4fe0-b3f3-8ee9874fe2e0	460	890	131	70	dieted
558bb55f-39eb-42cc-9afe-04d44e365b4c	600	890	35	70	in
89514582-7846-43b0-a1cf-5403eac1d88c	644	890	79	70	bats
73e0bc31-c18d-4b92-a391-63eb7155ca19	170	953	123	32	491
4e2403c2-bbad-4a49-89f4-6d0db61b7697	170	953	123	32	-
ebcda043-76ca-4830-8ad2-fb791c3c7188	170	953	123	32	6
5b3c15db-e027-4565-8d4b-f2c983fd3641	170	953	123	32	;
7706f620-ba9b-424e-910e-6e4017e7e51c	306	953	189	32	murderous
e47fa705-43f2-42a8-9233-d946451b2031	101	950	114	70	#
4b6ac0a0-0805-4c2b-9a46-4d8dfb3a31cb	101	950	114	70	kish
85d41074-21d7-41af-80f3-4429d905cbc7	101	950	114	70	,
6e1460b7-76de-436f-b6b1-33c4fbd95356	224	950	123	70	1
9fc74936-e737-4861-a1fd-36195fc71cf8	224	950	123	70	-
9d3e13df-2f3d-4a0c-973f-3154c78ebeb9	224	950	123	70	52.12
8921ee00-08b8-4415-adc0-306c8e31ef01	224	950	123	70	;
979168c3-7e1d-4c78-af97-f90e377b6b05	355	950	149	70	adorned
c55a652e-caa5-45c7-8b8e-f0b63083356b	512	950	96	70	Pop
c171a483-6563-4e9d-9b30-3a9497843cf8	617	950	108	70	4134
ec4c8afb-fb53-4f47-8020-a08ac949e2a2	617	950	108	70	,
963b20d6-26d8-4dcf-a74a-1671d5c7f817	101	1010	104	32	killed
8d358bba-6752-4dda-81ed-17ebc6e9cc60	101	1010	104	32	,
e3cbf1de-a047-4649-b9de-b272d22e178e	209	1010	103	32	493
8285be6f-0a78-4ac1-99bf-a660ae0498ba	209	1010	103	32	-
5da4a44c-09ea-4b35-9dc0-5d0bec7c0076	209	1010	103	32	5
e61d2564-c8f3-4ed2-9488-1596d3cb79ff	209	1010	103	32	.
bacba8bc-79c0-4743-8022-781928a333d0	73	1035	158	42	Jaredites
c692de41-5251-4aff-8f91-32e432fa1431	73	1035	158	42	,
65d148a1-bb8e-4660-81f7-781267642df2	236	1035	126	42	account
8891ba95-5341-44b3-9d60-6ef3374e527b	367	1035	42	42	of
4b4cf5e5-2bc8-41ce-8aff-fe3bc3a76ce9	367	1035	42	42	,
2ff72ab4-a851-4826-8087-f039df7739f6	414	1035	105	42	478
ba44c61e-5196-47ce-99e4-80782a2b55ab	414	1035	105	42	-
409d0e06-6062-40cd-ab19-ebc57b763245	414	1035	105	42	1
85ab8f2a-5781-49c7-a4aa-815c84b76fef	414	1035	105	42	;
81d700eb-8dc4-4e35-86d0-91222e2dc053	525	1035	137	42	perished
e31d6f79-0cba-4f4a-9c32-db047af38bca	666	1035	56	42	be
57263b9d-3ad2-44dd-bd5b-bdaf12f24def	666	1035	56	42	-
4f8f2ce5-eb79-4a01-811c-574784167791	101	1063	108	34	cause
e16f8428-769a-4550-977b-74943f775b0c	213	1064	48	32	of
e8a22d72-4996-403b-94fd-e3b9f1c01514	265	1064	180	34	wilfulness
653ecab5-1f64-438a-af96-a2d99e3692ff	449	1066	52	33	of
9dc2b9a1-1f13-411b-aa81-7acbfec10f92	505	1067	96	33	their
9865427a-c8a1-4681-9e64-2abfc189f4e4	605	1068	118	34	hearts
70ea6327-2268-49f8-a282-f44b13212f18	605	1068	118	34	,
bd26fc13-f521-4358-b5bf-3ba683ecebda	104	1094	114	37	519
c11ea3f0-0d0a-4ec4-ad77-07ee7057e87a	104	1094	114	37	-
653b7491-7082-4bd8-9f33-33450e7b5b74	104	1094	114	37	23
126d2ed6-4c89-4651-9b97-0fe2b290c481	104	1094	114	37	.
76469e20-211b-4226-96a8-914aec6c0572	73	1177	124	66	Jayhon
3c5b3248-ef75-4ef9-87dd-32f4d3aee911	73	1177	124	66	,
afd17af2-4433-4646-b114-5810cd8b0549	205	1177	82	66	lande
0784700b-48dc-4759-a496-e2172f271f46	296	1177	41	66	by
6f38ef6b-ade7-489f-b486-bbabc8de925c	345	1177	140	66	Nephites
a1a7a40b-c415-439c-94e7-122046881e73	494	1177	41	66	for
3e8f8134-db6d-4fcd-8084-68fee6f7c24a	543	1177	74	66	war
645f421f-c3fc-4de4-9b6f-7721abd957ec	543	1177	74	66	,
0cf3b301-c2a9-4a66-ae5b-5127b44dcb9d	626	1177	97	66	128
c6bfd2fc-4458-4315-b7dd-14fb1a37f0a3	626	1177	97	66	-
5342997f-4e96-495f-8283-5c3949e8e5a9	626	1177	97	66	8
0e16e181-20dd-4e85-8675-9e0d1b5e6b90	626	1177	97	66	;
b4a402a1-5dd6-4e7f-88f3-1c754d1687dd	776	1063	188	35	descendant
b3010824-9080-4294-952c-c62ca6739810	969	1064	48	35	of
e09361ac-994a-48d3-9e2a-6599dec7618a	969	1064	48	35	,
84443122-19ef-427a-870f-98d92735905d	1021	1064	109	35	219
d733d4d8-1c40-4a36-9f7d-e00ac90a7d3e	1021	1064	109	35	-
46626b5f-6428-49f9-8f1f-29a6cc772618	1021	1064	109	35	2
db02c8da-1de7-4bb9-9d76-9c7dcb10e3ff	1021	1064	109	35	;
72f09af1-0187-4f73-bc07-55d7d5306ed3	1135	1064	79	35	part
c71f2657-03cb-4ed7-a1d9-40fe09744231	1218	1064	44	35	of
d16df70c-f7c6-4b12-9c78-721bebe67a74	1266	1064	79	35	coat
8329c5b0-ea28-447d-8a8d-0312ddcce1a9	1349	1063	45	35	of
678dbe9a-61fb-477d-9d82-69061bebaa69	1349	1063	45	35	,
dcb87638-b1ed-44d7-b014-9e27b636f963	776	1086	137	73	Fernant
ab3cfd21-be33-44ea-a6f6-c0b60fafd68b	922	1086	27	73	of
7b2db440-48b5-43b6-8879-1eaff6716e23	959	1086	55	73	the
1aeeb1d8-1c4c-4967-9f65-4b179a76b51c	1022	1086	64	73	see
d8baa22b-10aa-4917-b8ef-e1565863c042	1095	1086	55	73	De
14c73bb8-e75d-4fe0-a91d-346afcc60cb7	1095	1086	55	73	,
e40ee388-7dc8-4cd3-b0f7-7c847bd30cee	1159	1086	36	73	31
ef508d3e-cd9a-45d9-ac39-ab79b8ee0016	1205	1086	64	73	03
29450b06-9d5d-4ed3-812c-f0ea68de22f9	1205	1086	64	73	,
29d5df8a-19be-4683-b89b-17e6408f9df8	1278	1086	46	73	er
9b85086f-0b4f-4825-a0bb-fc72670d7117	1278	1086	46	73	,
09bfa5bd-d155-4e0a-9caf-a20a627e7999	1333	1086	65	73	420
ec1c779c-84e0-4789-8450-aa18603c501f	1333	1086	65	73	.
e0f56c16-db49-47d9-b2cf-e7de4169a219	776	1148	52	38	17
129ff990-68dd-458b-9acb-074d7191c374	776	1148	52	38	,
8d634704-1a0a-40bc-bc59-df90f528c930	833	1148	105	38	503
ec6878c7-710b-4b7d-9d33-38a271397bcf	833	1148	105	38	-
b55ec552-53a6-4380-a586-78c01b635a43	833	1148	105	38	6
b79e24a7-3d1b-4c62-a4a7-b3057b0d1f5c	833	1148	105	38	,
a9ab12d9-4a46-4810-904d-2fc71d7cd3ca	942	1148	105	38	504
aad11204-dc26-464d-bb40-174edb47add4	942	1148	105	38	-
88c11f18-f949-41ca-8780-a4b1bc522c15	942	1148	105	38	10
b77f23ba-d58b-4498-a745-29beeda4d3f9	751	1180	120	60	39
c1864e1a-6549-48e0-9a22-2b07245fc848	751	1180	120	60	-
b4a5a63d-9fd1-4b2b-9d70-47fbf17da7e9	751	1180	120	60	71
821c2045-bf67-4292-8457-9bb8f8846b0b	878	1180	105	60	made
19e5b496-f51d-49b5-b4a0-af0a217903a6	991	1180	52	60	to
915b676e-4f50-4dd1-9029-d470d800641a	1051	1180	112	60	griern
f34fdcad-8553-49e5-82b9-e520d50660de	1171	1180	135	60	40
4600e83b-3fdd-4384-baf1-67a6a4b7a811	1171	1180	135	60	-
3fa9169a-431a-4bf1-b956-635a91a57100	1171	1180	135	60	19
2d81f975-e0a9-42c1-9eba-47f75666ceeb	1171	1180	135	60	,
7bef37fe-f04a-4d9c-97d9-4d291f033679	1313	1180	81	60	Leshi
681542d6-205a-4b41-940a-6f6c8192dc79	779	1205	98	35	39
fc41bf9a-6b5b-447d-a755-ceedd536bf35	779	1205	98	35	-
77716f08-6a44-49c7-83c7-f51521b337ed	779	1205	98	35	7
acb6fd52-32a4-499e-b49a-87d818ba38dd	779	1205	98	35	;
c0a02a3d-a8af-456a-9d7a-1844417a27f2	881	1205	103	35	made
00a75131-9e70-4633-a955-5f91da9bc29c	776	1236	134	31	blesses
86ecd5fc-da7a-408f-b7c6-850bda695754	776	1236	134	31	,
36e85def-9f68-4dfa-834a-93d53174ead2	776	1240	30	60	of
68adec68-6ea7-43c4-bb3a-4827f333f809	813	1240	112	60	Nephi
7d1a7bc3-47d5-44ea-9100-4770fb27fc41	813	1240	112	60	,
db6adc20-6104-4b8f-b966-1b645566d9dd	933	1240	90	60	37
d9c37cdc-4fc6-45e0-a6bf-9d604781e6ef	933	1240	90	60	-
772b89a6-63b9-4a8b-b83b-b4f1ebba5837	933	1240	90	60	25
c552332e-6a05-4a55-bdc1-d6d32cd5bc30	933	1240	90	60	;
e34f80c7-07b3-4e9b-aac1-e7c0b8f597a1	1031	1240	75	60	fees
a7a96482-b88b-4b14-88bc-cecba32c15d3	1113	1240	75	60	with
1a9f8445-f16e-4105-9845-a0a1cbc5b196	1196	1240	105	60	Nephi
9abc1c58-be2c-4677-b604-2bed6189b243	1196	1240	105	60	,
1ddcea72-1c99-41d8-8e76-ddb66e803c6a	1308	1240	86	60	60
d648d54f-5938-4ed6-96d3-637fa269402a	1308	1240	86	60	-
0355029d-d81f-464b-8dec-80aadd158b8b	1308	1240	86	60	6
42cf4944-29ad-4061-b711-c452713c62fb	1308	1240	86	60	;
95056e12-daba-44ea-bdab-179c702366a4	773	1290	90	32	made
c4fc0615-00c9-47d3-9b06-10d45f4349e3	866	1291	30	30	a
5e416d00-9e08-43fb-8e26-73521ffea36c	900	1292	105	32	priest
65380e26-2782-4950-ba23-7e2770153670	900	1292	105	32	,
f0a41ad0-3e5a-4b25-8016-36b0dfc0c7eb	1009	1293	102	32	62
36616a08-021d-4212-b37e-ae0d9987280d	1009	1293	102	32	-
6ea8ce7e-6ba7-4dc2-bffb-d2c07f2cc34c	1009	1293	102	32	26
13bd3eba-0d85-49ff-b198-40fccb03898b	1009	1293	102	32	,
19258d23-2936-4d5e-b5e7-9c25b4f14681	1114	1295	117	32	109
44fe77e8-1384-4fd3-ae79-7f60004fd31b	1114	1295	117	32	-
a54eea94-c205-452a-9dec-d1599e66312a	1114	1295	117	32	18
56aeb3e5-ac1e-405f-9e24-eb37a6b894c5	1114	1295	117	32	.
77899410-6e88-479d-9c8a-96de3f273874	751	1319	181	38	Josephites
69deb74a-898b-416c-a034-77c744d46034	751	1319	181	38	,
6e4f5224-0a7d-47bf-99d5-b53c011a047f	936	1319	37	37	a
f48ee633-8a7e-4f2f-974d-62be0dfb1b0d	978	1319	139	37	division
2607c3d3-4860-4574-ad2a-d4c6a2fc0a5d	1121	1319	46	37	of
09464852-82f0-4ed9-948d-6cdbbd5ffc7e	1172	1319	65	37	the
58aec963-52f9-4714-bc2a-95de8f500a8e	1241	1319	153	38	Nephites
088388c6-6d38-4a70-a7c6-c3199e232aaf	1241	1319	153	38	,
9caeb4b3-7ac9-4a4a-9a50-627ad08671f2	76	1354	166	35	Jeremiah
fe06b879-4058-49a1-b576-8d8e11ec12de	76	1354	166	35	,
c56bbfe8-175f-4c82-883b-3ead9be52da9	246	1354	72	34	one
ceca2e14-b789-4deb-a7e2-ac66491e7ab3	322	1354	47	34	of
831cf58e-75d6-4c65-8967-866a1f35755e	373	1354	68	34	the
b67456f4-d95b-47e8-8fe6-b707be948cf5	445	1353	123	34	twelve
0f3a7de1-7287-46a5-8824-cde42bd28298	573	1353	146	35	disciples
a28e8994-f4ba-4ec5-aa93-c6168b5cc1e1	573	1353	146	35	,
9ffa2316-9d3d-423d-823f-af055969ce13	104	1382	95	32	437
dd61887b-de3a-4785-9b03-c0eb7bfb8cfe	104	1382	95	32	-
39262079-8967-4558-9675-012e9e86825a	104	1382	95	32	4
72823616-c4f8-4e77-b62a-d1cfd5ab6193	104	1382	95	32	.
fb051628-991d-47f4-b050-5dfaed0b6fca	73	1410	171	38	Jeremiah
cbba28f6-cc06-4668-b43f-7eb9860bd201	73	1410	171	38	,
848d3716-1cf6-4e8b-a186-8763670505a8	249	1410	43	38	a
aa22fb70-f8a4-49e7-a668-24b71018ec07	296	1410	143	38	prophet
d1f6088c-ea94-436d-b1cb-e7d00961bdd0	443	1410	52	38	of
1309d84e-cd00-455a-9fc9-a0d84c94bc7e	501	1410	123	38	Israel
2ce06d23-2e2a-4e6f-9226-9e9f652581c8	501	1410	123	38	,
42825243-998c-481e-a574-0d06d8e887aa	629	1410	91	38	brass
c48f39ac-2cd6-471e-a99b-bee0724105a9	103	1606	137	39	Amulek
e2d0c2d1-5ba8-4b84-af08-0f904c613dd9	244	1610	101	38	enter
2bab9833-577c-4a0d-9ea8-2e69f90c9b1e	244	1610	101	38	,
a492d54a-7ccc-422a-ba54-67f54b9e4a71	347	1609	119	38	284
c2d25bcc-ef77-4f67-9d11-a5574830f364	347	1609	119	38	-
3b85480b-0ff5-4dab-9300-efbdcc318621	347	1609	119	38	1
63cc3ed5-a156-4e8c-9af9-efb448622639	347	1609	119	38	;
c963360b-07e2-4266-8489-942f687f92a0	471	1609	119	38	people
3aa1a607-8cb9-4afc-81dd-c39243bdce5a	594	1609	52	38	oi
957f6b00-6867-47f8-9999-276ea13a6d9b	651	1609	68	38	Am
c5cfc4c2-8fe2-4031-b484-b4d5e7dbcb07	651	1609	68	38	-
5fdec44a-2381-445f-b288-426b5dd1f166	101	1641	85	32	mon
7a2e0034-e662-47bc-8cd0-b5cded11bda1	190	1641	116	31	depart
beec5387-9020-4bbc-8f4d-37dbfd6451d7	310	1641	70	31	out
333a24e8-2bba-45f5-9cf1-d756cbf8b67a	384	1641	48	32	of
72d64d70-8370-46b1-993f-90d8ac248bda	384	1641	48	32	,
613fd0eb-501a-4b7e-aba6-4b2b5d2ca45c	432	1637	138	38	285
7167b57c-6eda-459a-a305-c47f2c8619b9	432	1637	138	38	-
13920f7b-4ba3-4149-9dd4-7e0dd98249d9	432	1637	138	38	13
4cea02a3-2b05-44a4-adea-d5954271602a	432	1637	138	38	;
1c84b1aa-346e-4e80-83a9-cfff02b00f18	575	1637	86	38	Nep
9d77b1be-7191-4378-bcaf-9be2da2b2979	575	1637	86	38	.
c01dfbdb-e75a-4613-baa2-10b793da55c3	665	1637	55	38	tes
f7555714-5d58-45a9-99b3-ebc194706515	101	1663	108	41	gather
a67087a1-6f8b-44a6-987d-3a70869f1bd7	214	1663	113	41	armies
22cccd88-183c-4c19-b19d-6e010ebac6bf	332	1663	51	41	in
df218f01-39a0-4b32-bde0-be6410652207	332	1663	51	41	,
584e311c-e281-49b5-b7d8-0ca3b1981d30	388	1663	98	41	301
765517a5-b274-4583-8343-d16c75e2c81c	388	1663	98	41	-
ed0a2d58-5989-453f-b8f2-1f4e5b7c0aec	388	1663	98	41	4
f860fbb7-21bd-4749-8b10-01b11b18620f	388	1663	98	41	.
ddf78634-6a90-4c3e-9002-7c57686eac51	76	1697	176	32	Jerusalem
3ab36aee-077d-4615-a029-9a81d84d8480	76	1697	176	32	,
84387b63-5afe-4975-a60f-d3f798cd2098	256	1697	164	32	Lamanite
da3d502f-ecfc-4f5f-b8ad-5843a7807283	424	1697	80	32	city
115f8cfd-688d-401c-b3a7-5bd1390aa671	424	1697	80	32	,
e16fe61b-8f70-4041-8a30-7de79d5e2289	508	1697	108	32	249
31217940-0afe-48d3-8f09-c32a93ece13e	508	1697	108	32	-
46b56fa1-2381-4786-aa4e-39970969dd12	508	1697	108	32	1
c7a970bf-fe3c-49e5-b7b3-5d04455d59f1	508	1697	108	32	;
e7051ea3-fd13-4db2-99d8-d616be02855b	620	1697	96	32	Aaron
d618470b-2198-407c-86dc-b24b3e17a1ef	104	1726	96	35	came
e3a04c14-dde3-4a98-a19b-f965841c10ec	205	1726	52	35	to
34f6d628-e1ce-482b-8a9e-884a3981ae9b	262	1726	83	35	city
c9a88305-bb45-4d45-b0d4-c698d1d3cd35	349	1726	57	35	of
9d35f040-f7ef-4a32-99a5-d8cb75381618	349	1726	57	35	,
7d58ee14-951f-4466-ac53-2c768be75c49	410	1726	123	35	249
66830e55-e77e-445e-a61d-3f2b0bfe0c6c	410	1726	123	35	-
9526eec0-f141-4f1e-bbf7-aba7e8cb576d	410	1726	123	35	4
bd462c50-8f96-43cb-98a0-38c65eb428bb	410	1726	123	35	;
18523dfc-02ff-44f0-918c-398a74bf078e	537	1726	182	35	submerged
d2b93500-a5ba-41ca-816c-8781c4cede5d	537	1726	182	35	,
a36f478d-3cc0-4964-8e28-1f6af6e82d1a	104	1754	95	32	417
6745d9f0-cf37-49fb-85e9-1cc63f0d6a84	104	1754	95	32	-
0eda7aeb-4ae7-4e69-9405-3ab1eda4280e	104	1754	95	32	7
9f55fe16-73ca-465a-b3af-c23cadccce10	104	1754	95	32	.
7d69fac1-9d08-4db4-bfb7-3453ceca5643	751	1464	66	35	Jot
483a6ed0-540c-4c63-888b-b4afdc8b8ac8	751	1464	66	35	,
aa946022-a7f7-4d14-8985-10b5e430818a	821	1464	70	35	nor
afe4bb73-a5c4-47de-885a-00c70450c4d9	895	1464	101	35	tittle
c53d81d5-f3e6-4442-bf04-cc960383e194	895	1464	101	35	,
49ac50ea-7550-40cf-bb3d-24c69dc7bcb7	1000	1464	44	35	of
765184e2-d9f7-4ac7-83cb-d30da68eb2da	1049	1464	66	35	the
4f58a259-966d-49a2-9fbb-5b90e10fe072	1119	1464	74	35	law
25ca2a93-7729-40e9-a83f-f19af65ef69b	1119	1464	74	35	,
ff1773ea-be2a-4571-8abc-ef5e7fd72dc3	1197	1464	66	35	not
f8e273ed-c7b4-46e0-9971-f862ac211d8b	1267	1464	48	35	to
3a1cfe53-5ec7-4b98-bae6-54975e2633b6	1320	1464	75	35	pass
56fb7626-ef55-463f-a220-493fab304427	770	1489	87	63	none
54f8e7d9-b6ff-48b8-af5d-75ad57d5c85d	864	1489	79	63	raid
a25191c1-1013-4d39-9f4c-ed0a803bb6d6	864	1489	79	63	,
8aa89e95-028a-44c5-b068-da445de3ff93	951	1489	110	63	passed
1a4355b3-8274-41ff-b924-b132dc392250	951	1489	110	63	,
4a383d8c-6603-4a25-804f-b3a3a9d98af4	1069	1489	110	63	401
79c17da1-079a-4c88-a7a0-482b2909aae9	1069	1489	110	63	-
175a5157-544a-4019-943d-95db9b83b8bc	1069	1489	110	63	28
6c0c604d-da49-43be-9b5d-f174d322f49e	1069	1489	110	63	;
39d9f38b-5457-4f9b-83ed-01626f9d8123	1187	1489	94	63	Christ
d74a97d4-13a0-400c-96e6-ecb48d582fc1	1290	1489	108	63	affirms
81449cda-dd76-4c90-99c1-e96e593af180	776	1521	85	32	none
59e024c0-6a74-47f0-92b8-56a4272e4c98	865	1521	69	32	had
16abb79e-ce32-4e8c-acc3-386e99afe7cf	748	1536	142	54	Journey
583e0b39-5769-4bca-a344-9071027fbeaa	748	1536	142	54	,
d909917c-d7ea-4f0c-8935-f323e5796552	897	1536	27	54	a
50fb098f-fea0-4d07-9e5a-08210d2def4d	930	1536	101	54	day's
c33fab7c-1e56-49dc-9bb9-26aeef12a989	930	1536	101	54	,
fe7ac564-efb0-471b-b3b8-4a9d12f88abe	1038	1536	54	54	for
7245084c-2b99-4264-887e-96bae81b6e67	1099	1536	27	54	a
7ee24143-1990-498e-9026-54cc45025f0b	1133	1536	142	54	Nephite
f52ab3b4-d90f-49a2-bab4-fa9178fbdfeb	1133	1536	142	54	,
03695aae-52a9-4514-8845-59348d6ce4ef	1281	1536	116	54	254
98316e6c-b9d6-4198-9fec-1901f7ca5aec	1281	1536	116	54	-
ad7d3ffe-1ad7-4889-a9dd-7c0c07fdc434	1281	1536	116	54	32
39f45eec-75b0-4fcf-921e-6e9088414d27	1281	1536	116	54	,
4f61c87d-12e5-4629-ab9d-2d580fdf0602	776	1581	98	32	367
abc6689a-4363-4bc9-b648-2a167630550a	776	1581	98	32	-
2843d0bb-0bf3-4e86-8416-073b9ede87ac	776	1581	98	32	7
7970b29a-9e27-4219-81e9-95e48bb5505f	776	1581	98	32	.
4f506793-124d-4956-aa17-a6a8c84182be	751	1609	68	32	Joy
0a5b4255-e534-4004-888c-d6a31984933d	751	1609	68	32	,
7e085170-f807-48a5-80a0-2482289db6c4	823	1609	80	32	men
3370caf8-e4cb-4955-b7ec-427d33a551c0	907	1609	60	32	are
65f4930b-7f87-4396-bd4f-cb57d996e1b7	971	1609	76	32	that
f692f9b8-2f73-4121-a4d8-868196dcd662	1051	1609	80	32	they
d3d91ac1-4216-4c8e-a5d2-eed09fa65cc2	1135	1609	104	32	might
d8eccc31-d4da-46cd-ba35-16ec9b608713	1243	1609	96	32	have
c1d9cfb3-402d-4f4b-a5f5-1610b760edda	1243	1609	96	32	,
8b47ddd9-4dc9-496b-9429-4602f80ad6e9	1343	1609	51	32	54
e5d437a6-a3dd-492a-9cc4-d041fae37894	1343	1609	51	32	-
d2d5b159-1c86-4173-8003-ae7d5632dbde	779	1633	56	38	25
130a0b24-9e09-46d0-9148-dbaafafe7857	779	1633	56	38	;
b2edc8d2-3fc9-40f8-a493-a4f0e1b04252	839	1633	46	37	of
672787da-82d4-4303-8a9d-3ffa9adbc5f5	890	1634	167	38	righteous
120438b0-af80-4e50-8379-24bfe61247df	1061	1634	93	37	shall
54803b49-be33-4b8b-959d-c6f673ca2dab	1158	1635	51	37	be
912ba4fe-9d6e-4620-bd31-c6f4fdec0a8d	1214	1635	79	37	full
d5675ff6-455f-4f37-ae55-b09025dbd002	1214	1635	79	37	,
f851556d-5bae-4688-8457-9afeae3eb5a2	1297	1636	97	38	68
cfebec12-4685-4dda-a735-1f35a5cd2b7e	1297	1636	97	38	-
fd2557e8-7eb9-4948-bbee-e70a094c7f55	1297	1636	97	38	18
7d3fc3c7-2023-4caf-a693-dd91c85e952c	1297	1636	97	38	,
94efabc3-d9e6-42df-9116-22193cce382c	776	1666	98	32	98
9fd4f34a-3412-424b-8405-37118e87b27d	776	1666	98	32	-
da63ac20-ad58-4cf5-a52e-cd8f095fca50	776	1666	98	32	30
0fe84895-43e9-4b93-81e4-17342ef19c81	776	1666	98	32	.
1ce051e3-ac30-449c-83a9-64b81dc7eb52	476	1863	203	41	concerning
c167c2fb-10c6-4d15-ada8-1a233aa30d4d	476	1863	203	40	,
89a45fec-a8d8-4cbc-9eef-728a815fb34c	682	1870	38	35	to
16b067d5-43fa-4b3e-9cd6-c4f2f91a6c65	536	1953	129	32	family
fb6bb398-7909-4402-918c-b69d69231f40	107	1959	92	23	sons
3b1e8ee3-5dcb-4f92-91bc-764c10f8f3b2	202	1959	104	23	return
0c670649-266c-4055-bc1c-74cff4dd4fea	101	1982	153	38	Ishmael
8053bf9a-107c-40f7-a3ed-02adda45637a	101	1982	153	38	,
30e5430a-1b0b-47ae-99ae-1677b24bfa95	258	1982	89	38	11
bacefb2f-0e74-40a9-8607-252efc2ce30f	258	1982	89	38	-
ff809bdf-97ac-4f03-aada-6498a2ebac1e	258	1982	89	38	2
a0212697-d7e0-4a8c-be70-5594951a44b5	258	1982	89	38	;
ee78ca61-d6a1-4a5d-b337-3604635cb8db	779	1782	120	38	second
7a6afa3e-fc9a-449a-b58d-50755113342f	904	1783	99	38	chief
7825c0c6-b314-442a-b703-8156e0b2e68e	904	1783	99	38	,
71801c6b-7635-40e1-ae51-75516221a377	1003	1786	143	28	204
6834fecd-9206-4cad-a799-10777a135364	1003	1786	143	28	-
0a2a94e8-4ade-4b55-8c90-4b8fcf136f2c	1003	1786	143	28	16
cb3f95c5-6157-4596-8f1d-1160d6ef6733	1003	1786	143	28	;
4c71a7dd-00cd-42c3-b70b-d4dc5ebb6202	1150	1786	49	28	of
1ce2008b-3e6c-4a8f-8a6a-86c0aea2a569	1202	1786	189	28	Ammonihal
dfe79600-b74a-4710-8df9-4c70784e8130	779	1802	89	41	after
e97031e4-3b3b-46c7-9876-afe5130df968	871	1804	98	41	order
e28ca0a5-4a22-45c8-8c12-e8c1aff9c1a4	974	1806	50	40	of
bb79ac5c-e351-4d0f-a051-488b6a264916	1027	1808	118	41	Nehor
1cd7eef5-0df2-4bc1-aa41-34ec7143f3d1	1027	1808	118	41	,
f1a205c8-780c-4c95-9e93-b71cd297e44c	1149	1810	128	42	232
0206ab53-a8f7-4dad-820f-387c23fc0a8f	1149	1810	128	42	-
18c21e5d-50a9-4d72-ba49-279b88a04579	1149	1810	128	42	16
e021b96d-9880-4af4-b9c0-9707f57dd630	1149	1810	128	42	;
e07ae039-8353-44c5-b05a-89410ea55452	1281	1813	114	42	smites
9356bde6-1266-4293-8454-4cdf265e09ef	779	1833	99	38	Alma
4934c5a5-3f88-4699-92da-8a60942d99ba	880	1837	73	36	and
e49b179d-3ac5-4c20-953e-6fbd3918d906	957	1839	145	39	Amulek
a1782a29-af0e-4935-acaf-169a65febfc4	957	1839	145	39	,
28df91b8-4aef-4d00-bf74-73ea1586e03f	1095	1840	141	35	232
a5483376-248a-4617-ab52-4743779f8ff7	1095	1840	141	35	-
8cc424e8-f64c-4917-9492-05d16a4db3fb	1095	1840	141	35	24
e655d8e9-9dd6-422c-8343-8d2a0546eec2	1095	1840	141	35	;
86c718bf-9d97-463f-8d6a-4dfa99714c8b	1240	1840	106	34	killed
483d83e5-ce4a-460e-97e1-fe1774dfe8aa	1350	1840	41	35	by
247298ad-bc6b-4bb2-bf03-961e9c03aec0	776	1865	115	66	mation
f3515e29-9153-48d0-88a4-f7cdc5041f32	900	1865	33	66	of
9495fa5f-fdb0-47bf-8aef-81194c09e0a4	941	1865	99	66	cone
8e2f7d45-6138-469f-bb65-4bb24ccec615	1048	1865	99	66	mills
336c6aac-f5bb-4e63-91a2-7ece2d063911	1048	1865	99	66	,
a405e9e2-8b56-42d5-8eb9-67b056f8afa4	1156	1865	91	66	reople
be2066cf-f369-4f52-b371-0d687f8d96ed	1254	1865	143	66	PAnta
4446e9c6-c1a0-4d69-9f6b-9d7fb3d8ade7	1255	1865	143	66	-
0463759f-37ca-4406-8250-24c9bcb0d5ff	779	1922	58	66	Nep
1bccd80a-a83c-46aa-9ffb-733630b7cf83	845	1922	33	66	3
96516243-fb39-4637-afe5-f559ce470c09	886	1922	157	66	Paran
dbe8cb26-c047-41f6-8702-aecc7e24fe0b	1051	1922	157	66	appointed
5a36f23d-2666-4ff7-a718-d9c75b127ce9	1216	1922	99	66	chief
51cec780-6662-4be8-8683-b6647a9174d7	1216	1922	99	66	,
676251d9-3fc2-4f60-9dc9-fa1ae56d2981	1323	1922	74	66	dies
c8861b4d-cd9a-490c-a5c4-978c9c7308b7	1324	1922	74	66	.
ce6f0d63-b20f-4f1b-bcaf-faa12ced39d9	779	1978	52	70	39
642f3e25-3110-4ce0-896d-01daf864ab81	779	1978	52	70	:
30c7ee7f-cc21-4826-8a4c-c1c4166d3764	840	1978	44	70	Pi
663f3c28-540f-45b9-8c01-4dae816d253d	893	1978	79	70	Pain
c7be57e9-6901-4028-a2c2-107fdabe5f9c	980	1978	61	70	the
1a715ea7-c027-4d08-913a-be8cb994ab25	1050	1978	87	70	die
58403577-ef24-4193-85e7-173649f6ed73	1050	1978	87	70	,
2aded663-af8d-4fdd-93a8-f06d2d7399c9	1147	1978	105	70	359
6ce9fb46-a47a-4373-af2c-f45db91f82ce	1147	1978	105	70	-
713e2b62-5028-4f08-8a53-51b23efbffa3	1147	1978	105	70	3
a644b390-7bbc-4227-b462-da2b63795d7f	1147	1978	105	70	;
55f20102-eab8-48d3-987a-3f7db5ea2dfd	1260	1978	137	70	Pahoran
b3479c60-e161-48f1-8ffe-2d80c306542c	1260	1978	137	70	,
