ID	X	Y	Width	Height	Text
74c8fbde-4b62-4c47-8f7a-326265daa6c5	73	63	73	38	554
8b5c0627-c2e3-4edf-88f5-accc4d3954f9	98	129	70	35	the
6d8d746c-edf9-47ce-b765-09d1b1cae44b	98	129	70	35	,
d499e757-1940-4715-b3d7-41dccfc13700	172	129	166	35	murdered
4a74fd24-0705-485d-9cc7-c21c5de44d28	343	129	57	35	by
0752e1dd-8878-4cbf-8b68-e13b59481c47	404	129	195	35	Kishkumen
fe2e4676-db03-4cd6-b0b6-aa621ba48911	404	129	195	35	,
18c1ddaf-4d4c-4b87-bbb2-9dbc8eb680d3	104	161	151	25	Pacumeni
54a0b4ee-922b-4c87-8161-fb00593acbd0	284	160	159	29	appointed
c72d1bd8-34f4-4905-bfb3-9b3336041a77	470	157	95	32	chief
399baeb3-c670-4e42-8e7e-ce461a5e8c07	470	157	95	32	,
7d79f122-79dc-403d-bcd9-8e04b85108be	593	158	120	32	360
ee98efe4-8c74-4d3b-85a2-0028dc3eeac9	593	158	120	32	-
858fe9d2-7b21-4d0d-9d5b-f397411445a3	593	158	120	32	13
af323324-08e7-4f7e-92da-aac03febd9fe	593	158	120	32	;
6e4a073d-78c4-4460-a9c1-c5c323715056	101	186	166	35	Pacumeni
675bcc6d-991d-435c-8e4f-cb58919ec489	272	186	70	35	the
b6707b5d-89ca-4659-ad19-eb0a2d373cf1	272	186	70	35	,
7fdf8c73-4afa-41c8-b0c7-3c0b11ae4bf9	346	186	109	35	killed
1f0b4ee2-91a0-4024-95dc-58e7bfd2a14a	460	186	45	35	by
f627a088-c7ac-4b7a-9c25-4749ca34e3eb	514	189	196	28	Coriantumr
4d6963e2-cf6b-4fde-a44f-9a051aa6cfd1	514	189	196	28	:
28c75c80-2aba-4b1f-b0ef-2ae3488d7589	101	215	128	32	361
19e83612-9ab0-4b40-ba19-01054ba5a3b5	101	215	128	32	-
24beeefa-c58c-4768-8a0b-c50bb648b3e2	101	215	128	32	21
75fceea8-8de2-4b7e-9c34-5be9533ae123	101	215	128	32	;
114a18bb-0985-479b-b367-fb13ac9c26b1	233	215	155	31	Helaman
aa3d9f54-0245-4a3e-8b3f-b9eeced742cc	392	215	101	31	chief
0fe59a35-0645-4697-9a99-e8fd24cf63e1	392	215	101	31	,
90485eca-0e64-48b6-b56b-892569a51e46	496	215	103	32	362
1cfd98b0-6d20-43dd-9c91-c31ac3417d94	496	215	103	32	-
7974e444-e337-4ead-8291-e9dba90d45cf	496	215	103	32	2
dc68ff53-f6ef-4d3a-b2c7-cf45522a062f	496	215	103	32	;
e33939ba-2ce9-42f3-afe6-f7a3689627a5	101	237	17	69	1
c72616bd-b9b1-478e-9fe6-38705dd600a7	127	237	78	69	son
fa13974e-77f1-4a16-9db2-76e4e5bd5eed	213	237	43	69	di
6148a28d-8d96-4aa9-ad4a-06e437bcf494	265	237	138	69	a
21392f51-798e-4796-9103-b94aeeca32a8	411	237	104	69	chora
ddc278f8-6b21-4317-9ebe-5036dd7c28dd	524	237	17	69	3
21a1ec29-1e8f-44bb-9776-f20758e72916	550	237	95	69	chief
0a024826-dfe0-4c62-ac28-2c19432f7c19	550	237	95	69	,
ce1dda5f-f0cc-471e-90e0-54d5e075af00	653	237	60	69	368
42fb5177-33b8-410e-a245-b1f604ede7f7	653	237	60	69	.
540149b5-8c3f-4af1-894b-6fa8d962fd5f	218	297	94	35	chief
fa6204ef-394f-4e9f-b8c7-2754b7b98a3d	218	297	94	35	,
f680e43b-af2d-45f5-b0fd-20fac4b0d98f	316	297	123	34	382
bbe634ac-7b67-4982-ab20-0cdadb485376	316	297	123	34	-
128b3eda-72d4-47fa-819a-ef3e979ea4e4	316	297	123	34	23
4ab1b661-9e9a-483b-b7b8-3feab5a13a4e	316	297	123	34	;
ed3c7b27-9c53-4206-8556-709af9848309	443	297	179	34	Lachoneus
235e8f22-07bf-4ae6-9445-0aa8234cceae	626	297	87	35	chief
bd061a78-ff91-4517-91fb-5846a2f1c74a	626	297	87	35	,
ef4d2949-1a01-43e1-918f-b0fdfa559abd	101	328	105	35	399
6e3ffa46-8fb3-4e39-82fe-dc30164f7cf1	101	328	105	35	-
0dc8d155-f4f0-48fb-9ce0-765a955e844c	101	328	105	35	1
285eca0b-a406-4210-8d1b-d9ea524758a1	101	328	105	35	;
d78f450f-5729-4232-9d1b-f83370cc28b9	210	328	192	35	Lachoneus
6268366e-6860-48ca-a387-b931a1da4378	210	328	192	35	,
298196eb-2590-48ac-a984-5a9cc35832bb	407	328	70	35	son
691dd547-5882-4804-854b-0e248c7c3ce8	482	328	44	35	of
e0fa07e8-ad85-413e-8442-951800a0f56d	530	328	183	35	Lachoneus
59321f77-48d4-431e-abac-2bd56959e6f0	530	328	183	35	,
73f6a0b2-9756-4e09-83bb-f9dadbfd5799	101	360	91	28	chief
104370da-a145-48e2-afbd-bdab4b3afeec	101	360	91	28	,
fbd00128-1142-46fe-929a-c0b20eea3e45	195	360	117	28	412
52a72fef-2cd6-4165-8c30-d9fff8c2b474	195	360	117	28	-
aa7f610b-97be-445a-91b2-a0d82191ebff	195	360	117	28	19
b4e2d068-a8e9-475f-b222-392a06ad30ad	195	360	117	28	.
e9c1ba4e-226d-4e6e-8366-aaad7a181277	73	382	133	38	Judges
022969b4-1abb-4cc6-b74d-7560a1ce3274	73	382	133	38	,
e7df5de0-2b26-47ec-84a8-ba6ea71f4d56	211	382	171	38	suggested
fb66544a-8b97-4039-a4e4-e6fb671dd303	386	382	62	38	by
a7d4ed9d-7e47-4e4d-aa53-cbce5b7270c9	453	382	127	38	Mosiah
fa89df84-c4ad-4cd5-8cba-672de012ed28	453	382	127	38	,
524d84b6-4fd7-4327-aa14-9db1eefc11d3	574	384	139	34	192
96aa3584-5486-4063-b9e2-a67bea1036c3	574	384	139	34	-
08e614c7-0376-4d6b-a514-a7b8e5d530bf	574	384	139	34	11
85ba62e3-9549-4c92-aa5c-36a3788679bf	574	384	139	34	;
f0d7195c-7158-42bf-aa19-0e5fa848bf0a	101	410	109	38	chosen
07663f85-a5ff-4c69-8cb2-9bf697da1105	215	410	48	38	by
52775467-039d-4d6f-8cfa-cd1ce8b3f9a3	267	410	90	38	voice
5701202c-4bb5-4c65-9072-c974669330f0	362	410	38	38	of
bacec3ee-2c99-4f8c-ae5e-5e6c8504e26b	405	410	114	38	people
4c7f2a1d-24ee-4679-ba4c-9e54bad65373	405	410	114	38	,
aa7ba199-53a0-4fa3-9d42-c674288fad18	524	410	114	38	193
d253a5ce-a702-4e00-96b9-a06e12f7fb30	524	410	114	38	-
bdd8af14-6329-4fb2-a238-d475e68a5494	524	410	114	38	25
5b7834be-0ed3-4697-863e-0b5ef1a850b5	524	410	114	38	,
97b60fde-e2c8-4fbd-824a-64d9afacf6e4	642	410	67	38	194
9d48110d-52f8-46b6-958d-087ab6e9857d	643	410	67	38	-
7d499c50-8382-4b99-91f8-e9434c29ab13	101	442	55	63	be
d100aed8-a290-498a-a67a-88480bcfc9db	101	442	55	63	:
1f279b95-90fb-473c-b658-765956fcc790	164	442	47	63	3
e267f6b0-e445-4896-8152-00e26464df2d	164	442	47	63	,
11d28bea-8e5d-4f9e-8082-8293b2e34635	219	442	63	63	155
6e3520e5-0acf-4213-b230-0df84aad885b	219	442	63	63	.
e3a9599e-9dc8-4830-8ac7-4830c89b9825	290	442	126	63	360
90acd86b-14b2-4d6a-b99f-90802bb959cb	290	442	126	63	-
53e47d85-4295-44a4-bd7e-7b242c577248	290	442	126	63	13
47f3f47e-87d0-4484-b392-649a7ddc402e	290	442	126	63	,
f6a27762-b0d4-4447-a4a2-6d8f470013ea	424	442	118	63	362
68f04a8b-e060-4284-8a4e-be6b64749f74	424	442	118	63	-
728d6e5b-802a-4451-b19d-5b189007a1d5	424	442	118	63	2
f2e565b5-2fe4-429f-afdd-91cdf8c6995f	424	442	118	63	;
469bbe71-7609-48f0-91ef-3fa0893db171	550	442	110	63	reign
a68e9114-9159-4d30-a462-529029066c77	668	442	45	63	01
e2fb2089-df23-4e4c-8e38-f671409ccd07	72	498	174	36	Judgment
ed9b3433-e936-420b-ac48-27b2fc608a50	72	498	174	36	,
377ffad7-664e-456e-80e3-8080a8be0d5a	249	499	127	35	doings
147c5d17-ad6e-49b3-abac-20ad50d6e208	380	499	48	35	of
1400c447-f029-4060-8e8a-987df1dae67c	433	499	79	35	men
d0c0d141-a670-4be5-8d81-fa8a6abc226f	516	499	144	35	brought
9d51362f-4ef4-4cf7-b847-54e22bf0fd70	665	499	48	35	to
10a919cf-97fb-4969-b6b5-9dd422d884ac	665	499	48	35	,
6eaa097d-3a82-4211-b5ac-3da040c1c55c	101	530	98	32	17
e934ef78-ddfb-4542-916f-d29d3e2dd96a	101	530	98	32	-
2addea33-e3f6-4699-afbc-cf63deee17b1	101	530	98	32	20
94a8f6a9-8d97-4251-915a-a054479698f5	101	530	98	32	,
f91e6ff7-ce81-42ed-bc90-8592c6e08881	196	527	132	35	107
f5f4bcd1-1fa2-4510-948e-048fdb5397fe	196	527	132	35	-
2898a6da-1517-4ce3-84c3-6dcb83d839d3	196	527	132	35	15
5732fe6b-83e8-41d0-b393-c19e9b3c4f01	196	527	132	35	:
17ad3151-38ed-4b05-a587-125492ede4dd	332	527	74	35	God
28894e93-627b-4abf-80bd-1dbbfcabbba4	410	527	149	35	executes
80e9f568-b55c-44d2-8b7a-998ec860c16a	410	527	149	35	,
1b5d2576-7871-4064-8d41-b2fe53cc6fce	564	527	44	35	in
bcd83b5f-bbe2-4db2-a44a-42f4e8154628	612	527	98	35	right
1916a18a-7268-43ff-9e87-d0bb3b4e592a	612	527	98	35	-
265a649e-3979-496a-9dc5-6decaf01b660	101	559	147	32	eousness
5cf97a91-dc66-4827-9fc8-9fdf0af09c8b	101	559	147	32	,
d0439ccc-62a0-4bf2-bd38-7aa69c1311f3	252	559	105	31	48
bec92181-60b1-4fe1-8ece-f5ec2b0dc4f1	252	559	105	31	-
dcc5bc1b-beb3-41aa-acc1-a512fd4a3c0c	252	559	105	31	21
6f3c0166-adf2-4007-902f-30af51455679	252	559	105	31	;
c5063b4c-5467-49ea-b39d-f5b5ecb17e5f	361	559	81	31	first
824d9e84-46a7-4a77-a015-85b68057a6ac	361	559	81	31	,
f2db4fbb-2491-4df5-98f7-9b382f340032	446	559	85	31	67
bb428765-1f56-49a4-94d4-363fa49b8178	446	559	85	31	-
9a7bbc8a-78f3-4ff9-932f-c91c03f97448	446	559	85	31	7
612c1e43-412a-4187-94c3-6030d8aecc23	446	559	85	31	;
b2b5cc0a-e854-4f55-8786-dd8383379513	535	559	81	31	after
625ffe0b-158b-48b7-85d7-bd92475df685	620	559	90	32	death
2ca0ad95-6d01-48d4-b21c-fba7e44953d9	104	590	88	26	come
1f2c54aa-f2f4-4e7c-9371-ae7ccf7e3be6	195	590	48	25	to
29111218-57f0-4646-b3d8-bc85a052f549	195	590	48	25	,
9ffec008-1f39-4931-a097-088ec586d32c	256	581	124	32	226
b81c1ddd-2d40-40c1-a406-1197669f9c6c	256	581	124	32	-
2b556689-0f34-4311-a0c1-64e3caf93931	256	581	124	32	27
37aafa84-0f52-48e4-90f3-1e149cbc18da	256	581	124	32	;
70fe712b-e12c-4a88-b451-e041b492c50f	384	581	163	31	murderer
9452d4fd-7732-448c-8434-972292ccd01b	551	581	46	31	in
7b24616c-a28d-4f13-842b-678e722704a9	601	581	109	32	danger
0cdf417c-7975-4e6e-b3ae-964bd224eff4	101	609	43	38	of
aebaf6cf-2272-4a1b-96e3-9eedb7da4f08	101	609	43	38	,
318bc825-d01f-477d-b4dc-86026beb59d6	149	609	114	38	425
7a0e6430-6c7c-455b-b5f2-7eca68093dc2	149	609	114	38	-
013d1ecb-f8fc-4a7a-a21a-3ee738cbc9ac	149	609	114	38	21
c3508833-4353-4ec1-b253-553882666c2a	149	609	114	38	;
9f12a0b9-f2ad-4c16-96a5-e055401ec56c	267	609	62	38	out
6abd83aa-e096-4b70-b555-67517ff6d60e	334	609	33	38	of
e8effdb7-1605-4388-98bf-5ce1bbe9964b	372	609	105	38	books
58b6c88a-b10a-4831-bc9a-44ff79b8b65f	372	609	105	38	,
28895340-f3b4-4fa5-9d08-23442fd1a539	481	609	119	38	451
237ca96d-4caa-4c69-977d-77e344d91673	481	609	119	38	-
095b9492-4ea7-4cd8-a3d1-c6c09984580f	481	609	119	38	25
8d18830a-24db-4dee-a641-c872dcfd8ee8	481	609	119	38	;
11ff1126-7427-4676-be62-b495f54116c4	605	609	38	38	of
15e3e2dc-6112-4b08-bd07-a7b3941bcd98	647	609	63	38	God
044178ab-b6f2-4cc1-9b28-e4db1f912194	104	646	123	26	agamst
aaab0d30-f72c-4525-90e3-80f178cf391e	221	644	132	32	wicked
6c7a540c-a419-40ee-ba34-66fd65a7b078	221	644	132	32	,
e5e81e66-1eda-40a8-a1c1-0cc6b519c515	347	637	138	38	500
e9a6a78e-c20d-4520-9f8d-57ca88bb1e06	347	637	138	38	-
362a22e5-00f5-423c-b3ff-3721c4008398	347	637	138	38	20
3a57d3b3-fae0-493d-9c8f-7c0bbffef02f	347	637	138	38	;
fda93734-b07e-4def-b22f-5785b717c0c1	489	638	128	38	Moroni
8a15d282-91be-4d46-bba7-622a435e81a4	623	637	90	38	prays
1cc292f5-32eb-4cad-99bb-ce8717f955d1	98	669	62	38	for
41d38989-364c-4e3d-93cf-d3c333505ecc	98	669	62	38	,
cd395e7d-da19-4258-b304-f960969f4c27	165	669	38	38	of
a49b8e16-b4e5-4ab8-8179-b356510a562b	207	669	81	38	God
25e2f34a-e6d1-466b-b9f6-6b53c1496058	207	669	81	38	,
9a73521b-653b-4315-9d78-5ce4b891c8c2	293	669	114	38	519
44805e27-c3ea-41ad-8809-f7e0f96b8df8	293	669	114	38	-
18b79d58-b579-4d36-baf4-1fae86d758d4	293	669	114	38	15
b691fa27-b9b3-4d7c-a8f2-1cee59b80a51	293	669	114	38	.
44f1e677-0c62-4bf2-933c-bafad9bab630	73	701	190	41	Judgments
99b81ff7-c513-4920-97f3-04a359e1f4a7	73	701	190	41	,
a328719b-71b5-4654-b7f7-6d9d6312166e	268	701	46	41	of
9341d010-663e-47cb-8a4a-3ae65cfb2805	319	701	82	41	God
3624eb87-c016-4331-bc8d-17bc8fc19d46	319	701	82	41	,
0ed2a6c6-d4a8-47a7-9da2-d042d85bc3b8	406	701	92	41	20
2fc240f4-ad7a-4387-b8ae-771f133e6151	406	701	92	41	-
2c53cc5e-4c57-4178-bbd8-45b84bd9e754	406	701	92	41	5
f2708ff0-f178-49fe-968e-fb70d24aaf9c	406	701	92	41	,
06e1d514-15f8-42b7-b4af-a85030736901	503	701	108	41	50
13f436f6-bada-4baf-bff4-e5b5c8ceef66	503	701	108	41	-
d49e2970-74b9-4e09-8ad2-898f5cf90f97	503	701	108	41	10
2879faaa-3e8d-4558-bb53-572ba904609c	503	701	108	41	,
d8e8f935-1738-4fbc-9b46-59b3297dda34	616	701	100	41	68
a39efd6a-3cd2-4fb7-9265-ddf03395643d	616	701	100	41	-
e84a224c-a807-4eb6-9553-98f9ea5543d2	616	701	100	41	15
c23aa3fc-e48a-4965-80ca-7d37eb4bbfff	616	701	100	41	,
562044d2-e8f5-4f3a-a214-4bfa08de2684	98	732	83	35	89
4ca94656-cf33-4cbc-8d76-7f4f03541dd2	98	732	83	35	-
f61b5a15-3cfd-423f-875b-0fe1dd286f56	98	732	83	35	3
de7805ef-69d8-465b-8cf6-6bf27aedf1a6	98	732	83	35	,
3d13add2-24fe-4ff3-9dae-a780af7c8b0a	186	732	118	35	225
163b7959-dcb3-4414-9bad-d4fc73320317	186	732	118	35	-
8553ab35-873a-4aff-8109-1ce33d47b4d3	186	732	118	35	15
243e4622-12ad-46ab-ab89-9d9f55289d38	186	732	118	35	,
c21a79f1-e90d-4fd5-af0c-8e158f67c149	308	732	118	35	231
3abdf936-d4c8-42de-ae71-e1f8406cf4f9	308	732	118	35	-
f98401c4-8400-40f9-aeb1-e755679cd484	308	732	118	35	11
b0595bae-1bb0-4115-8326-b9e28a64986b	308	732	118	35	.
8ac75036-8195-4196-8116-d2d3f736f478	73	760	128	60	Justice
1822031c-45df-4617-8669-86531fb49a06	73	760	128	60	,
e2a1073e-f17e-4f40-b92a-39b3617163b1	208	761	75	60	9
d4367b6f-a495-4ecc-93bd-09c1c716e3d5	208	761	75	60	-
4b47316b-67bf-456c-bdbe-21aeff8affbe	208	761	75	60	38
6843f483-4d44-414a-856d-1745788f2d7f	208	761	75	60	,
4c18cc71-af37-404a-80e3-77e0f4133482	290	761	150	60	3,8.1
7c5dfb7f-3342-41d1-9bcf-b681041634c6	290	761	150	60	-
1e341348-1fe2-46f1-8661-fde332b85e5e	290	761	150	60	35
d03dd41d-a6d8-46dc-9dae-291d8f505ffc	290	761	150	60	,
4ae448f4-f1ee-476c-b172-e77a091961b4	448	761	75	60	n
480fe954-62c4-4ece-ac6b-4ae894db5978	448	761	75	60	-
4abea6ea-aa4f-473e-bd78-1b0def065a4b	448	761	75	60	07
70a2c4ea-1377-4685-8096-d48c0bf72da1	530	761	52	60	be
c3b19993-30e3-4f44-b8f2-cdb89e17c448	590	760	122	60	denied
b4486595-344a-4156-83d4-7192ee28dcb2	590	760	122	60	,
2147dfe3-1593-4dda-8ab4-3ef0f905a2f0	104	792	54	29	46
ee9cb240-9efd-4b41-9d95-8c360a58fa8e	104	792	54	29	,
03300a6c-e166-47df-a8fd-8a6d9ec99f27	162	792	123	29	139
ee129c56-5936-421b-842f-36d9acd54798	162	792	123	29	-
911defe0-4e8d-4fdc-843c-33ac4eb48200	162	792	123	29	38
1326dfe7-fafd-455c-9e6b-2e76edf1c10f	162	792	123	29	,
6b1cfc2c-451b-4e0a-a516-759666590540	289	792	120	29	298
269dc3a5-eb0c-44ef-a119-b2a4df7332e5	289	792	120	29	-
8cef48b4-bc96-4eb8-8186-2fa7944a1a28	289	792	120	29	1
3960dfe4-5001-42f0-bfbc-f5dfec2306ab	289	792	120	29	;
2c9d73b6-5ac2-427a-9f2c-1d2f68c7c3a7	412	792	121	29	cannot
726be149-f693-425e-95ba-6c02fdb7a87a	104	820	119	28	122
fdef4fd5-bc82-4d5d-aef6-bd80cf82a48e	104	820	119	28	-
ac89ba31-3d1f-4cd4-980a-dcf7ddceebb2	104	820	119	28	10
12be608d-5f7a-4dee-9288-549a46d4de3c	104	820	119	28	;
8030eb94-6730-4d81-8c44-4dd5172248dc	226	821	91	28	work
509bc838-4bfc-4623-9585-1f13d7f2338f	321	821	49	28	of
7478a707-ef7c-4ba0-bd17-33a5669a5245	321	821	49	28	,
8a558d6a-3ecb-4a0a-847b-905105e1211e	373	821	122	28	cannot
442f60a6-20cf-4d99-9ea7-b38b074c139a	499	821	45	28	be
d26f5d48-61ad-4417-9636-4e6262b28094	548	820	164	28	destroyed
9451181f-2ae2-4bc0-8aa0-7d97aafeba89	548	820	164	28	,
106467df-29d4-4a46-9f74-457e2b7fc5d7	101	849	109	35	227
ed292937-9952-42e5-a7d8-79817b95421d	101	849	109	35	-
40d7c690-051a-4e64-b4d9-ba8d71ab7d4f	101	849	109	35	32
e878f040-4a9e-4a1a-8da0-3fdd928014aa	101	849	109	35	,
7757a738-0935-4f44-b1e6-bc4979d300e2	215	849	123	35	299
9ff58edf-7dbd-4e78-90e4-c611cc321da7	215	849	123	35	-
ff4adce8-9a18-4076-92cf-951325641ac1	215	849	123	35	13
cb8e8306-a830-47e4-a38e-c50c32f86b2c	215	849	123	35	;
2b2b599a-abc6-4e92-87fb-e1b0b3dba145	342	849	109	35	mercy
bd71164e-d65c-4c58-95d8-b8f32f9690d5	455	849	109	35	cannot
d2dcf781-84cc-435d-b9af-7434613ca9fd	569	849	70	35	rob
547a6ca7-a02d-4ed5-b167-b836b0269965	569	849	70	35	,
1741a371-f78f-4d52-98fa-660e493c8d98	644	849	69	35	300
5f63102d-8af9-4f2c-bf84-8397f77032df	644	849	69	35	-
2e5af3c2-cf67-4dc0-afd0-1f6dc36c9881	650	59	146	40	INDEX
9585d5b0-d408-4b51-a49f-9e2aca08cb8e	741	126	156	38	Korihor
ed40e652-c3bc-4014-8523-8192827fdb99	741	126	156	38	,
a2dc466b-32b8-4b0e-993b-8591b4930801	903	126	79	38	an
4c619694-265b-4452-8bcb-d95e86b7baa3	978	126	209	38	Anti
112f6c3a-befb-4577-aba7-3449b4eb2361	978	126	209	38	-
42e670a7-9c32-4d1b-9f40-754cc0ef786d	978	126	209	38	Christ
4d5c9a75-ad5a-401a-9f08-e04baf01d1e0	978	126	209	38	,
940ee316-8a0e-4b59-8443-7f19770e26a3	1192	126	143	38	269.12
eed64993-f7fe-40b3-b097-83c6c8a55979	1192	126	143	38	;
cea0d71b-8a32-43b4-8f68-5ec3dc391eff	770	158	136	32	Jershon
aecfd829-5417-437c-ba1f-f9fd7617f03b	770	158	136	32	,
fe35eb57-8711-4b9e-a2a8-2d28ac20bcf5	910	158	120	31	270
b2dc04f9-bd04-447f-b06b-6a537795974b	910	158	120	31	-
da06e9a4-54ee-4faa-bc85-a11d61000eb5	910	158	120	31	19
856b7392-d39c-4e5a-8a9c-2085a90c8087	910	158	120	31	;
9a5398e4-3e8a-4e47-bd84-afce90466fac	1034	158	39	31	in
1366fe95-ab45-4416-876b-75a4470aae02	1076	158	124	31	Gideon
2f3318e8-2b48-4d9d-904a-81d53300f37e	1076	158	124	31	,
780b62d8-d531-45f3-be57-f914e8732fcb	1204	158	120	31	270
605b013c-92cc-44b3-a1dc-c60ce50c923e	1204	158	120	31	-
7ac69e17-d7bb-4675-b736-380557a3e723	1204	158	120	31	21
fc068ec1-78bd-471d-8d8d-a8be0b2ee0af	1204	158	120	31	;
4724e7ac-9ff9-4387-a76c-b4e2a7d1dd7e	1328	158	47	32	be
f9e22b2d-ee08-4754-b423-a2b339ef51a8	1328	158	47	32	-
b2a0cccb-403f-448a-baf0-505ef62fe955	767	183	75	35	fore
afb5b602-1746-4a3c-9b33-921f90d80792	846	183	162	35	Giddonah
133065dc-a4ee-4b06-b080-37f6794e06c5	846	183	162	35	,
ba5b2484-0daf-4d0d-96fe-17770d1fa964	1012	183	127	35	270
2c260a78-18f5-4def-97e8-40144dd95f38	1012	183	127	35	-
98e9c512-2087-428d-9959-343a2fcd992a	1012	183	127	35	23
254f370d-6767-4232-bc3f-b6df80bf8f62	1012	183	127	35	;
f32e907a-3529-4fa9-ac82-8d6ee8847e22	1143	183	109	35	makes
756b66d4-0f3c-4576-8411-8c252cb40f3e	1257	183	118	35	accusa
ff870ef4-60ed-4570-96e8-88f5d5193787	1257	183	118	35	.
af13cbd5-fdb5-4784-92e5-19939dde7c66	871	215	135	25	270
e3e4f9f7-8e62-4044-b3f5-7b9127285bf9	871	215	135	25	-
d9e75bf4-3e76-4ccd-b8ed-790224f2690b	871	215	135	25	24
b9d9ad93-94de-45a7-a59e-a3c83a00b366	871	215	135	25	;
34f23974-4cd5-424a-bfa8-c973cc8936ce	1009	215	87	25	sent
70db48a0-2833-4102-978f-61fb58731aa9	1099	215	37	25	to
24945a2d-15b1-4690-b225-5c70f04cac48	1142	215	116	32	Alma
3e53ccda-12fb-4b6d-9c0d-264bb8d9cf31	1142	215	116	32	,
821aae0b-c8f0-4604-8373-017164b9a837	1262	215	116	32	271
c58d4eaf-9d58-4d42-aa24-7ce58d949be2	1262	215	116	32	-
7d7152a3-a8d2-4e41-9ae8-bd142910f9d4	1262	215	116	32	29
01b294fb-cd05-41e4-8c96-9fad0bb03fa1	1262	215	116	32	;
8a8d1eab-27e5-434e-a705-659db2d43d13	1038	240	138	38	272
5e367787-70b3-4e7a-b867-74d797968912	1038	240	138	38	-
5fdca926-be18-4a33-b7ec-54841f0c07d2	1038	240	138	38	43
7ca4f565-8554-47d4-89c0-f9f30daf07bf	1038	240	138	38	;
52a5df15-5727-4a89-9184-a5d57f71d213	1181	240	95	38	sign
2c42d183-3001-4f71-af98-8b4beb2f45a6	1280	240	102	38	given
bd9b0f10-525f-4811-8acb-1e39f4a9c95a	1280	240	102	38	,
a128cec5-2bb2-494c-9f97-89b0d207cee9	767	268	133	29	stricken
80e6c2a2-46bd-48c1-9c26-72f81a93dcb9	858	243	45	60	en
9f046ecc-6eff-42d3-8a5d-9ecf1252e3da	910	243	120	60	dumb
ee45cd8e-d566-48ef-bed0-06b1759a01b2	910	243	120	60	,
9b44fdfe-b05d-44eb-864e-6ac4178d5949	1038	243	127	60	212
99e98e5e-99f0-47fa-99a8-27f0b333f24b	1038	243	127	60	-
3dbd8fe0-cb0d-4eec-8bf6-a6fb80fa3773	1038	243	127	60	50
a3c489bd-05b7-4eac-84b2-d4b19a30a642	1038	243	127	60	;
35237913-8154-49eb-a5cd-125344df5a08	1173	243	150	60	seceived
bbeb0b72-0801-440a-a057-85d5f555dcef	1330	243	48	60	en
8a5b52bc-a044-40ea-a1f2-94ff38b3e2de	770	300	95	28	devil
93974019-5dea-4e9b-8e05-035e71031c34	770	300	95	28	,
04875e3c-4cc2-48e7-8461-42a05c7c89bb	868	300	126	28	273
3f656264-25b8-4da6-8187-0d36f65a08f6	868	300	126	28	-
a9a345d1-73ed-413e-83ed-b7c35134d92a	868	300	126	28	53
2c6aa3d0-bf97-43c0-9c0a-73fda3cd98cd	868	300	126	28	;
b1151d5b-5e62-4a63-8e23-7bcfa759d4c2	997	300	84	28	cast
cf8225a8-bbf0-4cbd-8e4d-dc12059b52c9	1085	300	70	28	out
87351d2f-cdcb-4fae-a418-32c04c0953cd	1085	300	70	28	,
722551ac-8d5a-4972-888b-e88406333e6f	1158	300	129	28	273
b0c15d13-6a36-49b6-9ffe-318b048ca6f3	1158	300	129	28	-
8335791b-6a72-48e8-aff2-2f6bcf785c86	1158	300	129	28	56
7cedea31-60d4-4647-8aee-870432de05c1	1158	300	129	28	;
f860b623-ce8e-493d-9238-9476f760bbc3	1291	300	87	28	killed
6938469c-0b54-4383-ac8d-c893a8eac9a3	766	320	112	35	among
595312a9-a7f8-4e2d-912e-09c36d6ee5c8	882	321	173	34	Zoramites
d632fd74-8bb4-435c-9aa2-f46ef17f6aff	882	321	173	34	,
cb98832e-851a-454b-a88c-e50acc1ad213	1059	322	115	35	273
3a6f4902-8413-4f46-ae32-4be7703aa551	1059	322	115	35	-
df980f05-327e-49d8-8d42-cf85bc4f1d99	1059	322	115	35	59
989c017d-b2f2-4532-8a0f-f4b835375439	1059	322	115	35	.
9f40b523-c292-4ba6-a505-7fa531d9a911	741	350	143	41	Kumen
a30bad3a-7aa2-4911-8c3e-a10854299f88	741	350	143	41	,
86382988-1b01-4065-9af4-b5a004a94df6	890	350	72	41	one
209be15d-0419-44b9-a872-5f98aa932945	966	350	51	41	of
db60d43e-bc26-4802-ace5-2137bbd01103	1023	350	72	41	the
e49aefe0-a039-41af-8d6f-03cd0130e48e	1100	350	128	41	twelve
e716f6bf-d42b-48d4-8400-3d8a21091625	1233	350	149	41	disciples
53742fcf-c98e-469d-aaf5-437dd74dfdb0	1233	350	149	41	,
d730c447-e3de-4728-b56d-7e0a6e2851a5	766	381	98	35	437
0b6f1edd-0418-4ba8-9fe8-a7fdfd0d3918	766	381	98	35	-
a8f47cce-6ab8-4056-bf3e-0cf0756d4673	766	381	98	35	4
8e0304ec-f5aa-48e6-9bb8-796dc97534a9	766	381	98	35	.
afc7d382-833d-4381-baf7-d7cf47c84eaf	741	410	194	38	Kumenonhi
6f685238-a27d-4a38-b190-f92527b7eeb2	741	410	194	38	,
7b74b00d-27bd-4c72-9ca6-f20414f81d45	941	410	62	38	one
f88ff518-f7a1-423d-9fa3-fabb1595849a	1007	410	43	38	of
49c71d8f-6096-4b72-a015-ec1060d62bc6	1055	410	57	38	the
a7089859-3c1a-4d21-a8d1-598249120eb1	1116	410	114	38	twelve
d03304b8-8500-423e-8686-4ee2b83ae476	1235	410	147	38	disciples
83dfd769-a1d1-421f-8a53-3fda291ab8a4	1235	410	147	38	,
1ac9b786-fbd1-4150-b9c8-d71186a9ea08	767	439	98	35	437
c3d7fae8-f106-4cf6-a601-6cdd85b1ab30	767	439	98	35	-
54aaec01-ccfb-4ce6-b855-280656d3a5f9	767	439	98	35	4
8ed4831e-1fca-4716-b039-2e50a7cc4b23	767	439	98	35	.
af4e402d-990f-4d0d-a9a2-573b45fba975	745	499	114	35	Laban
534dc6e1-931f-4929-9fd8-61cb00dbe8e2	745	499	114	35	,
60abc6d8-a207-46ad-b02d-75bc2cdd19e1	863	499	171	35	possessor
c2b2981c-7fba-48a2-aad2-f07e7dbb8cc4	1038	499	44	35	of
0e61c4ea-7a5b-4569-ab91-a7a2927312f2	1086	499	101	35	brass
4010b824-9c6a-4056-90b1-0dfd3a65fcb6	1191	499	118	35	plates
4baa88ba-a9d9-4bd1-8fca-eb3efc9d46e3	1191	499	118	35	,
d9c4a5cb-d922-4ed4-934e-8656a53688d8	1314	499	68	35	5
afe6d91b-34aa-4e41-b923-e740f6368048	1314	499	68	35	-
5156cfc5-801b-43a2-a3db-86ca891258a1	1314	499	68	35	3
3128b05e-6e9b-4de2-9ab3-ffa2de092242	1314	499	68	35	;
3bc9ec24-7830-48b2-9521-39175c219aa7	767	524	148	32	treasure
920d1ad7-3dc6-477e-8a18-e7c558b21a27	919	524	128	32	offered
506bf15a-6155-4809-807e-119a15e896b9	1051	524	76	32	him
0d9cbfbc-8939-455d-a928-0d5a0a216c46	1131	524	64	32	for
34c2453a-ca90-483d-b202-141b96bc6b44	1199	524	63	32	the
5f811c97-5a20-4de3-a100-bb5695ef5cf1	76	931	59	67	Kee
ae900a0f-f3de-4023-80d4-c1ac8248e522	143	931	109	67	rathe
b8eb0d90-c353-42ea-8aa6-63313ee93069	260	931	42	67	70
fde3f35c-9cb6-4828-8ede-1c7290ef56ca	311	931	59	67	the
d47435d6-beca-4993-81b0-f087566f8332	378	931	67	67	gate
79c92674-8069-401b-b509-198ea0d9764c	453	931	42	67	is
14a7e582-0f3e-4cf2-bdb8-2d279ddc53f6	503	931	50	67	the
589b8fce-bbb7-420b-863d-ac0096d0973e	562	931	84	67	Holy
1263eea5-cbf5-4490-93eb-01f741327570	654	931	65	67	One
759c7ef9-3c18-4c2b-af46-45dfff39c77a	76	994	75	35	Kib
340cf2ed-7470-4799-a076-37ac1291fd5e	76	994	75	35	,
3afd6ca2-f6c0-42a2-89ea-43c80b6a7d50	155	994	136	35	Jaredite
22803875-278b-432b-8c3a-b135c8e2da96	295	994	92	35	king
6795e209-0ff8-4fcb-8903-110a7374d124	295	994	92	35	,
5d1103dc-cf0a-4e70-87a7-480e29cae62f	391	994	70	35	son
fdc3508e-9567-4454-9a5b-0e556edc1a2a	465	994	44	35	of
65c7d1ab-216b-4d04-82de-f9d9a8647938	514	994	127	35	Orihah
b388d354-bb1f-4879-9a05-d68f3598d74f	514	994	127	35	,
35b47e55-52db-405b-b4d8-367ccd0f43fc	645	994	68	35	472
201af461-5b65-4f83-b889-4b16a31628a8	645	994	68	35	-
58215c23-c009-4cd5-a464-6f37851a9c15	101	1024	47	32	32
4062ca04-f592-471e-a9fa-2eaafd5fd9a7	101	1024	47	32	,
94635888-3d60-4d4a-8910-e29c41ef349d	151	1024	101	31	489
f08c720c-814c-48b8-9abe-b55aed4d4a8f	151	1024	101	31	-
6cd18d70-6ba6-401c-aba2-e14249fd5fac	151	1024	101	31	3
e4a0ad13-3238-48f7-98ae-578b9223f877	151	1024	101	31	;
f42a798c-b05c-499a-ad85-e9398411565e	256	1024	120	31	captive
6e94c790-ddfb-4e45-8904-eca09e300bf5	380	1023	97	31	under
99b344f5-4e6f-44db-9e7f-0d8de413a8fa	481	1023	132	31	Corihor
74117022-0701-4ed4-bcbb-eb16034e365f	481	1023	132	31	,
097eed4e-67a3-4b72-a04a-eae315234e51	616	1023	97	32	489
bc470066-16ab-4459-b64d-c8c19b7beeb9	616	1023	97	32	-
272a261f-99b9-4c4a-b539-f8702ceffab2	616	1023	97	32	7
550553ff-f1a3-40c1-b226-2b0d6c5e25e8	616	1023	97	32	;
7abc50ec-f70f-4c53-9764-b6bdb6b7bc9e	101	1046	129	39	receives
4052198e-3873-4d88-803f-663300f553c7	234	1047	138	39	kingdom
7b438e7a-e5d0-4575-9d29-f941eab0599c	376	1049	100	39	again
60632aa6-454f-40c4-a2de-a116ba6b4f3c	376	1049	100	39	,
b8f9e25f-4ef2-462a-b039-8b9d3f9887cd	481	1050	100	39	490
43b7393a-32d2-492f-9766-bae4d8a73830	481	1050	100	39	-
65000c6c-9dd3-4d3d-a256-9be554d0feba	481	1050	100	39	9
adeda52c-0358-47c8-b113-b24c8dbc12b4	481	1050	100	39	;
beafb440-9588-4681-9a25-5ed365e57fbf	585	1051	131	39	bestows
c98e9f4d-ca83-4ce9-939d-d3759ae2c0af	73	1076	69	69	Kid
98e43e88-a3ff-4f45-8531-dc765df8b894	73	1076	69	69	,
20439c99-8d48-41b3-841f-01cff9c31c10	151	1077	95	69	fear
a84c834c-cf54-47a7-baa2-569f8838b96e	254	1077	60	69	to
d1c170c0-7f3f-4d8f-b8aa-b6c2e50571b7	323	1077	52	69	hid
ffee1a78-f3fa-41f7-8612-76d0649091a1	384	1077	86	69	down
3f21534e-7293-4319-90d9-4c657f447d02	478	1077	95	69	With
a466bab5-e848-45f3-b207-79a833371ebd	478	1077	95	69	,
65dda838-2583-4a35-a43a-3f8f12249f34	582	1076	112	69	103.12
057d02c9-4e1e-4496-9b6b-87953a006d38	582	1076	112	69	.
ba16a39f-7288-4602-ac0d-baa41b9b8182	73	1139	86	38	Kim
4c82edd3-2251-4db0-bed3-be316f2c9743	73	1139	86	38	,
1ed94910-6d08-4d2e-8708-436583a4890f	163	1139	143	38	Jaredite
9997d94e-5fa0-4ba7-918d-1aa296480022	311	1139	95	38	king
d11fc618-858d-4abf-b4fb-b56697e0c21f	311	1139	95	38	,
d29abddd-0715-477b-b0e9-5986bca3d210	410	1139	71	38	son
3c3689ed-0d5c-47f1-b45c-edcc865b2e34	486	1139	48	38	of
c49ee9c1-4453-4615-9683-e7fcb3cdb681	538	1139	178	38	Morianton
2f82b09e-2a45-4072-881c-08fee04c6a21	539	1139	178	38	,
d8daa57a-9848-434c-b3f1-4382ff1e2665	101	1167	111	39	479
a3add411-d833-436b-871d-a0f1fbf1a0d3	101	1167	111	38	-
6fd80848-cdd9-4e43-9410-a56b999f61af	101	1167	111	39	22
2ae4a6fe-2727-49f6-9a69-9987dc6dd9e7	101	1167	111	38	,
90ade680-526d-49b3-adda-39bf770f1b64	216	1168	121	38	497
e7c07c70-9484-490d-9b35-0e34c4a70a26	216	1168	121	38	-
3ab71113-92b2-4062-8833-5a9b7312ebfd	216	1168	121	38	13
e7c1e437-21e1-4517-99db-49183c46d874	216	1168	121	38	;
e0110208-307b-432f-9067-3599eaede062	341	1169	134	38	brought
dbb36c97-cdec-4434-b2df-55de0344d119	480	1171	74	38	into
54880213-271d-4694-9e95-3131297a7135	558	1171	158	39	captivity
18159b02-341e-4aed-a6c1-79f6c6ffdb22	559	1171	158	39	,
9719481b-1eed-4cdd-96fd-a8e04248f125	101	1198	111	33	497
0864a289-2ca8-4c64-86af-d940283ddd5d	101	1198	111	33	-
4843f7ab-6ed6-44ff-961e-02492f313733	101	1198	111	33	14
254fe59d-04dd-45f8-a85b-45d8d704ae51	101	1198	111	33	.
4c0ca769-5194-40b9-bb12-70bfeacf31be	76	1230	133	38	Kimnor
0b8f390c-54ae-44fb-9c81-5661ec8251e1	76	1230	133	38	,
2acbc707-088e-4cf2-9787-a47a319bb445	214	1230	105	38	father
4b6732bd-2075-4ce4-901a-640421ee40bf	323	1230	43	38	of
1eadf491-c04e-4907-af9c-ee6871d8c952	371	1230	109	38	Akish
1746407a-e9b5-4087-8d9f-4052231c1997	371	1230	109	38	,
ec08aa05-0625-4b62-aaf3-9cee8f986172	484	1230	118	38	491
aa9bb890-846e-4001-98dd-421ba7a40fc8	485	1230	118	38	-
0d527191-13bf-4b82-ba5e-bec12c285ae3	484	1230	118	38	10
50807ac3-959b-46f2-8246-452b647cea7a	485	1230	118	38	.
8e51f8bb-9315-4634-9361-d0d42dc5037d	76	1262	92	35	King
97bd9f3f-828e-4de1-a145-f41d5f157757	76	1262	92	35	,
8860f845-321d-4e11-9e12-0753f171acd7	172	1262	39	35	of
17ca7185-47cc-4a7b-9384-640a1a66d313	216	1262	158	35	Nephites
69090cf0-962d-487c-a6de-d26521ffc7ac	216	1262	158	35	,
428d2803-6927-491b-905e-8b465d8908f9	378	1262	101	35	called
8ffc1c2f-ef5b-41b4-ad98-37d63990d0b4	483	1262	109	35	Nephi
e64a77ee-70ad-48b3-b298-655d34264133	483	1262	109	35	,
15914e6e-6c14-4bc9-90e2-334e14a9aebc	597	1262	113	35	108
ff7521c4-f3ea-452d-be6c-86400fb79688	597	1262	113	35	-
0b3852f2-c182-481a-8381-f9dc2ce37b8d	597	1262	113	35	11
70563d3a-e9cc-4fd6-b3dc-f697c5d3096b	597	1262	113	35	;
567e7f69-428f-49ed-adff-f061cf7b8770	101	1283	36	36	of
eb153827-5047-49de-b5e1-bd278942dd0f	140	1284	119	37	heaven
72801e65-f348-48f1-b745-357872acfaa3	262	1287	66	36	and
acdadd93-eff8-42b4-9f31-38c7abe176b9	332	1288	101	37	earth
803608b6-7ca5-4808-8fc5-b51125746260	332	1288	101	37	,
50a3ee8a-9f52-457a-9abb-8852b10f5185	437	1290	119	37	208
e32cd09b-c5fd-4b42-bcc5-860769820918	437	1290	119	37	-
16eca82c-a97f-4007-83e1-966d5b00f789	437	1290	119	37	50
198f35e2-1821-423a-b17b-17246d57120b	437	1290	119	37	;
045c33a6-5329-4208-9c5f-c64ed67321dc	560	1293	44	36	of
02482999-d6a9-42a6-bcdc-5938421915f4	608	1294	99	37	Salem
db6e5758-9276-4c7d-91b5-518e4284eb27	104	1322	205	32	Melchizedck
69e2893e-f362-4f16-a7e4-7c0691983eb7	104	1322	205	32	,
99ccbc01-46dd-4ade-9fd2-aa05f233099b	313	1322	103	32	229
f10893a4-94af-4238-849b-1b7063ff95bd	313	1322	103	32	-
b51b5d4f-d17f-46b4-aae3-f2ff59c640ac	313	1322	103	32	18
3d595de0-a1ae-4a74-9944-e6778d334f4f	79	1353	156	32	Kingdom
bb12eca4-01d4-48b8-9a18-1e916debe9d7	79	1353	156	32	,
06ef247c-f9c9-466e-a678-cc182c7e3c92	239	1353	40	32	of
43716cb2-f999-4b56-b723-04ff7a57ae22	283	1353	88	32	devil
1a7ba610-3e76-4ea9-a376-0b67d4bf6c2c	375	1353	84	32	built
7ddaec1d-1647-4916-881c-6d69acda821d	463	1353	48	32	up
a8a79a08-b7ea-4411-a8e8-ffde826201da	515	1353	116	32	among
93f0d0d5-1272-4b3f-8393-f88cd0c5d304	635	1353	81	32	men
093f55dd-168c-4e69-bebf-6268366e02a7	635	1353	81	32	,
dbc9179a-2f8e-4b2d-9697-e32c3621dc01	104	1442	116	32	105
01b8860d-0e4b-4592-97dc-73913ea3cd4b	104	1442	116	32	-
6f35b8c6-45fa-4e49-9452-6b62e0e90eb3	104	1442	116	32	21
8670c31d-bf9d-4b7c-bea6-151a33f14e58	104	1442	116	32	,
c9aa0775-beaf-480c-bcd3-9b7ae8c35a5a	224	1442	109	31	122
5543a557-8f6b-4336-9abe-e97edc99b5d5	224	1442	109	31	-
151b9cf5-08e1-4cdf-a4a9-391a6a9f1aeb	224	1442	109	31	4
63a4dc02-cd88-4243-bc8d-97a3ed4fbf18	224	1442	109	31	;
64e57231-59db-4c85-88d7-f291e3876a81	337	1442	54	31	no
7a5f5725-365f-486d-8177-b20aafe3654c	395	1442	159	31	fithiness
a2d6057d-ef06-4f88-85d6-52e41ec2a538	557	1442	54	31	in
198cdd8e-6c6c-4ebb-8104-0ac1f27d0862	557	1442	54	31	,
6e929f2b-8431-455c-84d9-88f95a1adb53	616	1442	88	32	30
9a860c15-5acb-4894-840b-425747835a1c	616	1442	88	32	-
15e4a3f7-95b5-4ccb-a203-7d84e3fe8973	616	1442	88	32	34
c0b106a4-6c8c-49ef-824f-14b13fd26534	748	638	179	30	Lachoneus
3610bd6e-1f5d-46fb-90c6-adf7fe4380fc	748	638	179	29	,
d204613c-efa5-4053-ab53-14d0854edc04	930	640	91	29	chief
945df596-09c3-4bcf-9443-cd8d081f8b40	1024	640	109	29	judge
c453ca6c-d10e-4068-b4cf-e996c31eff00	1024	640	109	29	,
7099e26d-bed8-459f-bb5b-69f0a6b11176	1136	641	112	29	399
260cd664-b127-4fc3-9225-2882907c16d8	1136	641	112	29	-
ef68e3da-ce9a-402c-b772-12ca0114dd49	1136	641	112	29	1
ad15b8dc-6bc2-41a9-bbcf-93a47c1d9b4c	1136	641	112	29	;
911d10d2-f5a3-4918-ad42-e0895454fe49	1252	642	127	29	receives
6dc3ef11-bafc-4e56-a3c2-bd44fa0dc706	1195	668	120	33	403
9e9679f0-e8f4-4037-9427-54c736a6a2ea	1195	668	120	33	-
48d47a04-933b-4ed5-8ed0-f3d0de10bcf2	1195	668	120	33	1
2744850f-6b0e-418a-9696-c310091a7992	1195	668	120	33	;
d787843c-a65a-46c6-b087-c86f39f38935	769	687	138	41	sembles
8a716618-3049-4b11-a79e-7dd0e19afd29	912	690	67	39	his
60bcef52-e438-4fad-9941-ab247b2568c0	983	692	129	41	people
bc61b9ad-2a4b-4d74-896a-d02a88500248	983	692	129	41	,
181750f5-cf81-4eab-817f-d7e03117b998	1116	694	124	41	404
0b362366-2efd-4f65-9fc0-6b4afa62b823	1116	694	124	41	-
dea7bb4a-39dd-4c50-b598-ef3a6b4a2920	1116	694	124	41	13
66501b30-6edd-428f-b933-cd1e4bfbacf1	1116	694	124	41	;
b78ef66b-1a51-4453-9556-b60626b08e47	1240	694	142	32	fortifies
28c597e9-1c6d-444c-94aa-cfdb7b0a8928	770	726	97	35	camp
4afa8961-bd02-4f29-81d0-0e625479fcdd	770	726	97	35	,
ee9de9c0-4702-4064-8ff0-4167d75c7071	871	726	123	35	404
1338aefa-d874-4d77-aba1-960ac6ce1366	871	726	123	35	-
fae3ebdc-3d14-496f-bab9-e25fb961261f	871	726	123	35	14
4ec95ea8-3656-4573-9ff1-15dcbd4b6801	871	726	123	35	;
56bb01bd-395f-4ae6-9e8f-e86d0ab97f82	998	726	158	35	character
53051d76-db57-4e4d-a13c-b12434b9e08b	1159	726	44	35	of
63eee848-984b-426d-8002-a161313116b1	1159	726	44	35	,
75611d25-89c9-4c76-9a02-7855b27d1ceb	1208	726	101	35	403
b3fa7bcd-a235-46fa-99f9-4d9da067c68d	1208	726	101	35	-
27d27faa-8480-454a-99ce-a5e99b73048c	1208	726	101	35	2
b2ffab96-8bfd-4c56-9c9c-ca5bc8fa648e	1208	726	101	35	,
56cd7195-7287-46cb-ae75-d0950d9181ea	1312	726	72	35	404
16f79855-079f-430c-923b-9a7b928524f0	1313	726	72	35	-
e73ed449-6911-4c9b-bc72-69401c6f6bd6	770	754	174	63	achoneuse
f5c1a5f2-2927-4d9b-a850-531c7623dce4	770	754	174	63	,
67cb5ca3-eff5-4944-8bc7-8641fef27a41	951	755	63	63	son
e217be88-9dd1-48d9-b913-bebc54392d73	1022	755	55	63	of
c1fa1dca-f5d4-46da-98bb-388d3c3d9a61	1085	755	8	63	.
674065ba-c492-4862-8042-e0b2611573bd	1101	754	180	63	Lachoneus
baac4465-c7c6-4b80-9a1a-00126a0b2be9	1101	754	180	63	,
e087ba3c-2993-47ec-ad01-0fc33e2ca63d	770	868	110	35	rebels
1fde9360-1214-4c79-b618-9f533e9e60a7	770	868	110	35	,
5c19780f-85e8-41ed-bb8e-95f3f13a80dc	884	868	97	35	413
94f51f5c-472a-4ef7-b519-9c3b9589803e	884	868	97	35	-
7de2025b-5726-4a78-a230-df031f434dc8	884	868	97	35	1
3d2ce35f-497d-49cb-b600-c054cc37a7af	884	868	97	35	.
df85301e-3791-4f8e-a8b3-dcbf2ba9657a	741	896	138	38	Ladders
fcafd4b9-d08b-4f99-8203-af7acf5b9a00	741	896	138	38	,
d5c740e4-51b3-4375-b563-7fde1c66ea66	884	897	83	37	used
c9cc7644-de0a-47b8-beef-80a744770d16	972	897	46	37	by
e7736775-eee5-4cb7-a1c7-1ed535f683f6	1023	897	143	37	Moroni's
716a6dca-f413-4dca-a3d9-e76df864ccb9	1171	897	97	37	army
a384539c-0eee-4c7e-905b-d68e27c169d7	1171	897	97	37	,
0ce2e401-d840-4646-a136-333add178c44	1273	896	112	38	355
7a75c792-d483-4b7c-b6cd-652aa94741f6	1273	896	112	38	-
5f0ea1ec-c0bc-4f0c-a77b-23ae46ae26b2	1273	896	112	38	21
7e53862c-0541-46a3-a257-b9f6c3d47ed4	1273	896	112	38	.
e2abcf56-c865-48f9-8221-306ce7836bf5	745	925	124	38	Lamah
72544b54-e94a-4793-807b-88ed175f499a	745	925	124	38	,
5a4412fb-c74e-4ccb-940e-875f76386304	873	925	28	38	a
a64dcce7-785c-474c-a916-79986d7ac011	907	925	133	38	Nephite
a9c23381-7064-4a62-a544-961ffabdcd32	1044	925	152	38	chieftain
c8dc76ad-3f4a-4bff-92a9-dafb3da6d51e	1044	925	152	38	,
cba584ba-3524-4c3d-ba88-dafb110bf8ca	1201	925	109	38	killed
83b50aa1-fd70-4dd5-b576-4c426a8f153d	1201	925	109	38	,
b45a466b-a14a-411e-8491-ea9716bafc7e	1315	925	70	38	470
e4de8805-753a-43b9-855a-ef63ef170a4f	1315	925	70	38	-
1d3628d5-6370-49cf-b253-17d6d3db667d	741	981	127	35	Laman
ea66ea85-f5f0-4612-8260-3e92f59019ff	741	981	127	35	,
995ea6e2-2d09-458f-bedb-c05a661705ff	872	982	105	35	eldest
a8375642-33fe-43c7-82d4-cc9324088b95	982	982	66	35	son
50243ae0-8f7f-49f1-82ac-0afaab440a1d	1052	982	39	35	of
600e8677-7297-4ba8-a81f-3eb4077f96df	1095	982	87	35	Lehi
8b8263e0-dd9e-427e-ac1f-5ea2518c3f3f	1095	982	87	35	,
c20d3886-096e-40a8-bf21-c50ea99212cb	1187	982	70	35	3
346660f3-6c60-4dc3-a0b0-b5f579e10fec	1187	982	70	35	-
7449bead-1ea5-4ab8-b9a9-504e8a72391d	1187	982	70	35	5
d9da7c68-5857-4dd0-b6a9-d2c35c265d2d	1187	982	70	35	;
bee4bed5-38e0-4301-a34f-0638425b7202	1262	981	123	35	admon
4b12aeff-2a16-445a-b9c7-9ae24843e121	1262	981	123	35	-
4e067a2b-a9f8-4a90-a6fd-30266bf5bcea	770	1010	91	38	ished
e00c4564-31bd-4ff4-b20e-6fb239e3a342	865	1010	52	38	by
67c4f53d-7925-45c9-8a8c-7a7f6009ccc9	922	1010	57	38	his
3024f4b2-09c5-4158-85a4-fbbcc9afc384	984	1010	119	38	father
c9856e36-c528-435f-aa1f-3384e8b43989	984	1010	119	38	,
8183bc7b-3173-4d6b-85f7-f69e086b50c9	1107	1010	71	38	3
71172169-b2e1-4367-a612-6e29ce93ac4d	1107	1010	71	38	-
7037f536-9c6c-465b-b09a-295565483425	1107	1010	71	38	9
bc2b3c9c-a1f9-4a00-867b-44ece1ef6e5e	1107	1010	71	38	;
2e741165-8a03-4995-9441-8755a6e16b96	1183	1010	152	38	posterity
1141bdd9-f2a4-4ac2-953c-938d6fdad4b7	1340	1010	48	38	of
6bb16946-f5d1-404f-9cf6-73dec3a80746	1340	1010	48	38	,
b8d4cba7-b086-470a-a482-2fda5b9b1459	773	1038	116	32	cursed
3541f7ad-4f90-4bed-8846-9e4235677020	773	1038	116	32	,
a33ee910-916d-4e65-a32f-d10ad8b71248	893	1039	43	31	as
4df31554-0672-436a-b49b-1c634d3ee564	940	1039	77	31	seen
dcb5990c-0b0b-41cd-8f9c-bf0c60a39b3f	1021	1039	43	31	in
bc6d42a1-d6f8-45bf-850d-334657444357	1068	1039	109	31	vision
69a8611e-dd7d-4840-b7df-312548ba464f	1068	1039	109	31	,
b2f3dd94-b31c-46d2-a8d3-ca7a62538315	1180	1039	105	31	21
eeccc955-d68a-4ab4-b351-df07ae9c77b6	1180	1039	105	31	-
7ac4a475-4595-465e-bb73-172bd132defb	1180	1039	105	31	23
fef5018a-1739-4319-b12c-10cb09c93a5d	1180	1039	105	31	;
5f58a39a-ea6f-4c5e-ad14-99ebbb3e7155	1288	1038	97	32	meets
a8b5a268-a55f-4621-9eb5-99003f61919e	773	1067	114	35	Laban
4bbda6be-ac25-4172-ac93-c43a1fad7dad	773	1067	114	35	,
d1780fc4-ffee-410f-b07b-62b823576404	891	1067	96	35	5
17da5544-7b9a-44e7-997c-af65ab7c90be	891	1067	96	35	-
230a9749-5a9f-495f-8f7d-1ca63032c6a5	891	1067	96	35	11
d585fc1b-6cc0-4ba7-8848-e01ff543e5b7	891	1067	96	35	;
7d82fa47-8b34-4f79-986b-4c3433240a1a	992	1067	83	35	flees
76f1955a-c0d6-4d4f-9a24-8c0639f45d18	1079	1067	82	35	from
dd330ad9-fbcd-46a4-8106-c973bef16dcd	1167	1067	127	35	Laban
2f0afb81-32bf-4bcf-a99a-a9c9d44c205d	1167	1067	127	35	,
d14b6821-15c3-47d6-b7a9-6c90815d88fd	1298	1067	87	35	5
14572609-6e19-48d3-be0a-8f7eef653f05	1298	1067	87	35	-
a966734b-aa1c-478d-9303-2d3d8d111140	1298	1067	87	35	14
e4224ffb-58fd-4fd2-a085-807139d9c54a	1298	1067	87	35	;
bca2edbc-20e0-46fc-ac2c-66d2fee7dff5	770	1094	101	35	rebels
3bc8ca64-2744-4d51-b6b1-45390ee3c4ac	875	1094	131	35	against
7f8c4ff5-9936-4738-8e43-524ff368c0e9	1011	1094	105	35	Nephi
5e087a07-113b-4759-910b-be1ff2a87610	1120	1094	70	35	and
45dd487b-ea33-4493-a0f1-163f9f12bdf5	1194	1094	87	35	Sam
9decbe1b-d580-4a7f-8714-ef4aa1acdd95	1194	1094	87	35	,
39b280d6-6360-4ba6-b66e-05ef81a29d71	1286	1094	99	35	11
7fc75c45-c37f-4021-a055-fc53bbb0877a	1286	1094	99	35	-
648b414c-b018-4382-b77c-e2a88bca6ee3	1286	1094	99	35	ch
95ca16fd-18f3-47da-b9b6-1f4fe2c2bae9	1286	1094	99	35	.
9a5c773c-d0e4-480a-b352-830a7658e428	773	1180	145	35	Lemuel
6f86a576-41aa-4808-8cb5-f32d51425f9f	773	1180	145	35	,
c1594c8a-87e7-468b-87c9-f8879fc818e7	922	1180	94	35	binds
810ec2fd-ebf2-49cd-8094-cf4333699f60	773	1208	136	35	blessing
6d8dd9a4-4e04-48db-9977-beca689bbe85	913	1208	47	34	on
5c6d6124-3f43-4906-a46f-57cc1aa9a63c	964	1208	140	34	children
05033272-43b2-4840-a7e1-41602f8ec775	1109	1209	51	34	of
931733f3-28a0-4fa6-8b48-7e399cbaf466	1109	1209	51	34	,
f7cbed34-3476-4745-bcfb-12acd63a777f	1164	1209	89	34	57
858547a6-2de6-42da-8fc8-d0a28f2fa7ca	1164	1209	89	34	-
7ee296a8-840d-4f81-a296-06b828de13b8	1164	1209	89	34	4
04b912e2-0402-4278-8271-ba4d58a6f5b9	1164	1209	89	34	;
9cd06471-530a-4a9d-a45a-d2a74e0950d0	1257	1209	81	34	seed
c549946d-9057-4d6f-a51d-358316bbaea7	1342	1209	43	35	of
54ad826f-ff93-4ad9-a776-373f191fabf6	1342	1209	43	35	,
e537e930-a432-4f02-a6fb-93aed960ff76	902	1237	129	38	perish
843242bd-22fd-4f05-9f7b-d2e3da302080	902	1237	129	38	,
81e44a28-1be1-468b-ad90-14878021a3b0	1036	1237	97	37	58
1aaae538-88e9-4762-bb87-0b751cbc6457	1036	1237	97	37	-
9916f66d-2de5-4df7-9c4e-f3e0735dd7ce	1036	1237	97	37	9
0abac73e-5330-468f-b942-0d7e3b0c8223	1036	1237	97	37	;
79bd115a-b529-4caa-8aab-6bfaed91b5c4	1138	1237	111	37	angry
510cdefe-9c5e-422a-bce1-b6c30deb5a9f	1253	1237	131	38	towards
3d53f16f-68b6-45e5-8ab4-d9ee79d9b34b	773	1265	109	35	Nephi
1d9a3b04-cd39-4db2-9390-75262dd5c9c0	773	1265	109	35	,
be526e6e-0221-4ad4-b7af-75377ebd5544	887	1265	101	35	58
77937caf-0c3b-4fa8-b4a6-7c32ced6684a	887	1265	101	35	-
bb1d2f6f-a09f-4343-8426-274d6c9d69bb	887	1265	101	35	13
f2027803-34aa-42f0-b1bf-c76daeedd09e	887	1265	101	35	.
e52a0436-f98a-495f-8dad-f521ca82cb4f	743	1300	125	29	Laman
e7d0c2d3-8fd6-4488-ac53-0d09375d3e74	743	1300	125	29	,
bfec8fe6-b63b-436f-9bfb-83d19cfcf91f	874	1293	100	38	king
abada18c-c9ed-469b-90f8-876334333e82	979	1293	95	38	over
40f6b1a5-d4ff-4278-aa31-0ef1d823a723	1078	1293	190	38	Lamanites
f5118936-55f6-4c24-9556-e31737034709	1078	1293	190	38	,
dd42a457-a618-4b48-8027-70cbc13b41b6	1273	1293	115	38	149
6641481a-dd23-43ff-bd80-9558d6971da2	1273	1293	115	38	-
c89dbbf0-22fc-4b98-b710-7da0cc942ad3	1273	1293	115	38	21
17b7df49-e077-4d30-96c5-9a4687776da1	1273	1293	115	38	,
dccd8863-5bbd-49b3-b783-991dfea577e6	770	1325	98	33	180
c8cb7f57-4359-4b8e-8b38-7df791951062	770	1325	98	33	-
20c2e477-cf7a-4764-9404-11093ca3bf78	770	1325	98	33	3
8fa1fefc-78cf-4af7-8955-60fa89ed8995	770	1325	98	33	.
88da9432-cf6c-4b2f-a63a-c82dca149db9	745	1353	119	35	Laman
7ba48187-1285-406b-beea-6a047322eed7	745	1353	119	35	,
a75e8023-b73c-4d30-b9b1-d9b9b6881bd1	868	1353	61	35	one
06a6d9ab-574d-4d25-9dbe-c4f06c6db8a7	933	1353	39	35	of
5c395cda-7afc-4930-82ce-8d810a1add81	977	1353	144	35	Moroni's
3ab1ccea-3576-4a35-ae9a-316dd3538d7f	1126	1353	136	35	soldiers
9c7b7dbb-2aee-45c2-9e07-02ddb34f2d7a	1126	1353	136	35	,
dfe6bfeb-e138-44fb-ae03-16369f9b657f	1266	1353	97	35	335
cc02b26a-9b57-4d3f-ac32-2efdbae6853b	1266	1353	97	35	-
5115463a-b582-4d79-a41a-49eac8818e08	1266	1353	97	35	5
c6cd0fb4-fdc5-48fe-b31c-d35a5db8020a	1266	1353	97	35	.
e618f8b8-752d-4961-8a0f-40cf5b2063a7	773	1524	96	35	prays
95c16669-c18b-4eb8-a36f-0cef6d463afc	874	1524	66	35	for
73a1ea33-6d43-4632-9152-d0eebb7384b6	874	1524	66	35	,
22dd31db-3e4d-4883-9559-4f539161397a	944	1524	123	35	126
cc335f90-b4da-4b42-afd9-1f3af613ba43	944	1524	123	35	-
06c4b683-3b62-48f7-b0d9-c24281f66a40	944	1524	123	35	11
8f4e8e98-c207-46b0-8300-35108ba1ca69	944	1524	123	35	;
d33fe078-a279-4020-8b52-38f7afd88825	1071	1524	96	35	dress
5ccc06cd-ad5c-48ef-bf6a-5a7221e0a241	1171	1524	53	35	of
a4029492-cd45-4e9f-bdf7-10cf0c01f3f7	1171	1524	53	35	,
d07f5525-2d74-4854-a36e-2df355a17df8	1228	1524	101	35	154
8959e179-c9bb-4287-b600-36a2fa3b1346	1228	1524	101	35	-
a432df8e-65f5-40b8-86d6-0463b0097a9e	1228	1524	101	35	8
51e7dcc2-1279-4098-9606-96c660589ceb	1228	1524	101	35	;
c06e440f-0541-437e-9e76-1644d462559c	1333	1524	49	35	ill
f80fecc5-f958-4154-bf89-f2d2545554bb	1333	1524	49	35	-
e75ebd8d-dde7-420a-a9a0-1fefd5f3ea2a	79	1556	171	40	King
641c8cea-4acd-4e80-abd4-a93c71c298c9	79	1556	171	39	-
f918ecd7-3323-4e19-b1eb-ea0cc6d000ed	79	1556	171	40	men
66380981-4305-4576-94cc-116d4f143a50	79	1556	171	39	,
d14bb894-e293-4a43-835a-4b704f094300	254	1557	105	39	334
c5fcd2b9-27fb-4e8e-933f-7a163330cf4c	254	1557	105	39	-
109b38cb-3106-4f5f-97df-df4893b136e3	254	1557	105	39	5
2b7a4f6e-fdd4-4503-b97e-3e512f085504	254	1557	105	39	;
2d76721f-f0b4-46e6-99a6-31926e7d1863	364	1557	157	39	executed
815fbdce-b378-4d07-a543-594f00859bde	364	1557	157	39	,
45145e47-437a-425a-ab4d-a00b0089c7d2	525	1558	103	39	354
3bdb3b8d-77b1-48f2-8f3d-43fa61da4a17	525	1558	103	39	-
8a16e22b-2783-447a-ac1d-cfe1da2f1fc5	525	1558	103	39	9
2ae951e1-b7a5-48d4-b12f-9ef6bb958ef7	525	1558	103	39	.
6178b7f9-e344-42a5-b970-cde86c815f7e	79	1679	74	60	*
a62493a4-935e-462d-abce-19b17f559d9a	79	1679	74	60	157
caae607f-a898-4f8d-9ae0-6e20d86d8436	160	1679	133	59	fredite
82ae57d1-36a2-4568-a67f-a8a218927017	300	1679	88	59	king
f5287d06-6761-42c3-afb3-ff2e4a4e1671	300	1679	88	59	,
8726ebcc-31b3-4f04-b78e-a595fff0e195	396	1679	52	59	son
d319ab70-c344-4501-8177-b0dbbfa52dcd	455	1679	30	59	of
09f7d2dd-94e3-4ac9-a022-f42581fd1821	492	1679	111	59	Corom
28fb2d55-f043-4f6f-8d59-9a992c229fbd	492	1679	111	59	,
540a0913-bb2b-4339-9740-8827ca38adae	610	1679	112	60	479
31b128de-e353-49b1-8be0-2f036646a9fc	610	1679	112	60	-
e70b4f8f-032f-4c34-9567-689285515335	610	1679	112	60	19
1f0bba1e-37ba-4a8e-9893-a11f9cb25166	610	1679	112	60	,
ad4ad07a-e92f-4f5b-8241-884fddf972cb	82	1742	201	32	Kishkumen
4ff83ddc-b107-41ab-8f23-ce11628c05e3	82	1742	201	32	,
d639d353-be97-4cdf-9209-c1af86424317	287	1742	159	31	murders
d96ba660-81d7-4914-b679-92a48e347499	450	1742	159	31	Pahoran
155cebac-7f95-4ee0-b1f8-91fb337cd877	450	1742	159	31	,
2717e0d0-4f7e-4532-91e2-18b50b5c8e2b	613	1742	106	32	360
4cede4f6-2be4-4795-8006-a6f71dd5e2ce	613	1742	106	32	-
93e5aafc-43db-4251-9b41-e1f100e59fb6	613	1742	106	32	9
fc82cdaf-34f4-4fd5-9f08-29fa4097c9a5	613	1742	106	32	;
127cf85f-e8dc-4372-8f8d-88d851405089	107	1794	49	33	by
4629abd7-a5c6-44d4-b84b-d41f20953b5a	159	1795	129	34	servant
fe9ddf94-cd4c-4ef3-a33d-bfbc48bf4062	291	1797	45	33	of
b27d82a1-220a-471a-867c-52a1564e5ef9	339	1798	163	35	Helaman
48f9fbac-ef71-42b1-be92-aab719d6dafe	339	1798	163	35	,
c6abe831-6469-4978-b745-f9c37608e3d4	79	1827	190	41	Kishkumen
7d01a714-a2f4-4f1a-bf0d-c9857cf522aa	79	1827	190	41	,
6f745f52-5a0c-4b7b-bab3-62ea857ee3bf	274	1827	72	41	city
7b413055-9119-4f8b-8534-07a38e976b50	351	1827	46	41	of
f39387f3-f4fd-42a2-9298-6a98ad0446b6	351	1827	46	41	,
a7de72f1-79c6-4df6-835d-1c8f78e3dfd6	402	1827	128	41	burned
6f5fde62-163b-4638-8ba7-753d599dd02a	402	1827	128	41	,
bd52eef0-00ad-4070-9e11-710b0cacd21c	535	1827	115	41	418
e37c28c1-8ce8-413b-9f9b-f91236b30133	535	1827	115	41	-
7a83be7f-d528-4100-b753-8f3b953edc69	535	1827	115	41	10
965f8469-cf72-42b1-bd7a-f8da1f766ad9	535	1827	115	41	.
0be6c0a8-bf93-4541-a0b7-e25a56466457	79	1862	97	38	Knee
50ab3601-df9c-4456-9291-9cb00331c105	79	1862	97	38	,
805299cf-46d1-4032-97a9-3adbdc25a454	181	1862	120	37	every
085fc8c2-1f64-41ac-9a8e-ef14003c52ff	181	1862	120	37	,
6f345e76-3955-46af-b025-e638f6a4c134	306	1862	93	37	shall
163acd07-7009-4f19-8a01-0ec53d922455	403	1862	79	37	bow
6073bc23-0f15-490b-8ae0-03f5e72a3677	486	1862	116	37	before
91eb76bb-314c-4048-96cf-3728112a108e	606	1862	116	38	Christ
55f8b8c6-e67d-4b18-b44a-5cf51fecefa3	606	1862	116	38	,
0aa05a35-f4e6-4da0-b04a-96afb1ef53b4	104	1890	114	35	189
b5b33e06-220b-4041-99c7-2c5443ff24af	104	1890	114	35	-
46946719-c752-414e-b38a-af614f597021	104	1890	114	35	31
43c0df7a-0af9-4da1-8657-d9961346cec0	104	1890	114	35	.
bbcf7d53-2a02-4193-b18a-331cd3d47d75	76	1918	183	73	Knowledee
fa0fa83e-d19a-47f4-9740-1f4796814d3d	76	1918	183	73	,
f27950fb-4658-46b1-ae17-0500d895ef5e	268	1918	27	73	of
82dacd29-1c5e-41cc-bd48-7457ae476d7e	304	1918	146	73	Ford
88b9d3a6-0012-45e4-89d2-50e7d9535b36	304	1918	146	73	,
767ebb30-dc6c-421b-a576-503b7566d85b	459	1918	128	73	Penitent
2e9a2df6-7fad-4520-b378-e6928725acfe	596	1918	126	73	brought
2dbf9ebe-3fcc-49e4-9a93-29cce7ded1a9	107	1953	48	35	to
39c67958-fc2a-43ba-8c37-83b9200ffcdf	160	1953	79	35	the
f0c4d856-08c3-409c-b031-2826817b6ab2	160	1953	79	35	,
3291bb87-0e7a-4bde-8f07-a96a99741627	243	1953	101	35	255
68e0fd7c-fe3a-4761-8da6-852db79a915f	243	1953	101	35	-
4f94fe08-19fe-42ed-8a87-098cba15c564	243	1953	101	35	5
e3a68e62-b369-412b-a61d-95498698d249	243	1953	101	35	,
da014463-06a3-4b00-8102-97e3410d353a	107	1982	123	41	439
83397b68-ce4a-4ef2-bfcc-bb8f6da92062	107	1982	123	41	-
508bb3e7-54f6-4968-bd6c-84e6ab3c2dec	107	1982	123	41	13
dfb914ca-57a2-49f8-b1af-3cad7e296bdd	107	1982	123	41	;
7c371bc4-9e95-45da-81c1-b87469f68de0	235	1982	103	41	carth
12fb394e-2b8e-4811-9e11-0a382d31f49d	343	1982	92	41	shall
8c13d636-78ab-4fa4-b3a3-94def56fd440	440	1982	51	41	be
b0828995-4872-4163-9240-0c875c670f2d	496	1982	72	41	full
c56ea2a1-289e-4589-b48c-77858876377c	573	1982	56	41	of
1fe874ed-7044-4d86-9934-c6937f56487b	573	1982	56	41	,
de8fccb0-d2c1-400a-bc84-a635b8a7914e	635	1982	88	41	85
eebbe124-a898-4cf5-af95-2a7e534722da	635	1982	88	41	-
373541a7-3dea-4618-b6d6-c2ebbdb3cc09	635	1982	88	41	9
099d2a98-775b-491f-87e8-f672fc37325f	635	1982	88	41	,
c8a0baf9-bb0a-4b34-a52c-90d6d15efc21	107	2010	111	35	103
d930126d-60ae-4bb7-8305-bde3eaa4d86f	107	2010	111	35	-
b1e84336-8c60-4805-be39-88b73ad5a368	107	2010	111	35	15
15954bd1-12ca-43e2-b68a-50f16be965fa	107	2010	111	35	.
fee818f0-6e79-4dc5-afa6-f1e9d04b6353	776	1669	172	32	dissenters
ebe1cdd3-dbb7-4f88-9349-7641a38a7136	952	1669	64	32	to
b5a037a6-3f2c-4f16-a1c2-0b25ad1912a9	952	1669	64	32	,
3e255900-1d48-4c1c-b92f-03495927f9a1	1020	1669	92	32	were
b942ee88-520a-4210-866e-ef250bc6f4a8	1116	1669	140	32	marked
ee2ed148-261d-44d6-9f0b-fd517265ac36	1116	1669	140	32	,
79ba7a34-c88a-4bb7-9ad8-991f880fef30	776	1698	136	32	merciful
6ebf2071-7b0b-499f-b81e-be44a8ccc553	916	1698	143	31	promises
ad3b18e0-ee17-4537-b37e-9f46239e73e0	1063	1698	54	31	to
a50afd8a-5d0f-4b78-afd3-aef223fd10d1	1063	1698	54	31	,
392c2281-a0dd-4372-a2c8-ad52a57b40c0	1121	1697	120	31	217
163b0e40-7533-41a6-923e-8de0d51841f1	1121	1697	120	31	-
fe7d7377-83bf-4d53-9204-d909b15a85cc	1121	1697	120	31	16
80ee8624-1bda-4d29-be1d-cdd365bb9ea8	1121	1697	120	31	;
9490d3a5-d409-4151-bbe8-89f5b50f0306	1245	1697	137	32	converts
71d8e92f-12d0-429c-b987-be22990fa958	773	1726	123	35	among
aaa66ce6-872d-47b0-b7e0-a175e447a074	773	1726	123	35	,
29261603-18d9-4226-8a37-3cb5e5266db2	900	1726	105	35	237
9d301a09-13bd-4205-a40a-d4c00a08f6cc	900	1726	105	35	-
cbb17659-4fcf-4b94-8458-a3de4b8cd48f	900	1726	105	35	4
f5ad00b8-eb07-44ca-a80f-678f41175d75	900	1726	105	35	,
1877e445-3388-4f0f-800c-957f0393341b	1009	1726	101	35	255
ef2964cc-f601-474d-ae2c-e58f4af1c56a	1009	1726	101	35	-
5009fbe8-7531-49e2-a834-ca4dd33d4d87	1009	1726	101	35	3
5bdbc187-921f-4b23-ae03-959f0dc0dc11	1009	1726	101	35	,
ecc009b8-9b6a-4a3e-ae02-91c223b9a8c4	1110	1720	56	28	8
4e4142f0-5ad3-4eba-a3c4-9a45b6f2502c	1110	1720	56	28	:
ec7395f1-20d2-4d46-9592-e958e38ffa0a	1169	1720	171	28	traditions
ae0959a3-5834-4146-b96d-bc7dd1df20eb	1344	1720	40	28	of
3eec620b-90ed-4947-baf2-3e0478d0c960	1344	1720	40	28	,
d8f03ad1-5941-4b02-9aec-cb17bd172c44	773	1751	86	38	base
92f8f236-d375-4ddc-a349-61bf79a736c1	773	1751	86	38	,
7186df87-d62b-431b-beee-d00ffc6dc57b	863	1751	105	38	237
7df96b7e-6024-4c23-b330-eef61fcd91d6	863	1751	105	38	-
ac9e1f44-e601-4798-8d3b-9215adc7f4bc	863	1751	105	38	9
d20dfaaa-57b8-4b69-be6f-2b10e55090a1	863	1751	105	38	;
fa7e8a16-f074-4e84-9829-16bd67946fa8	973	1751	123	38	divided
9859b781-cc92-45ec-abad-b9494f79301e	1101	1751	86	38	from
0e65857d-bbec-47c6-b879-a35a1a227759	1191	1751	147	38	Nephites
1b0dff56-1fce-4608-8f4e-42c3675bd24a	1343	1751	42	38	by
c9dde663-0c95-40dc-a9be-95f150055243	773	1776	142	67	sidest
d7b6e493-5dc5-4ce9-8d9a-f4c9518b8c9c	924	1776	33	67	in
ced3c30c-e37c-4506-aada-8c920ee6a5c6	966	1776	109	67	45337
1d9a941b-8c74-464e-8d16-4c2be2d4c90f	966	1776	109	67	,
aa0f978a-0275-45a3-b5e2-1ed434bb55e8	1083	1776	101	67	25
3ffa1ac2-c1c5-4067-b5ec-b80d356e1035	1083	1776	101	67	-
d75487e5-f8bf-4e5a-b7f2-88fe9ab3e58b	1083	1776	101	67	6
dd55a32f-2d6d-495a-94d0-a31fe4ec54eb	1083	1776	101	67	,
ea899727-4fa6-4e10-a6bf-09859580fe94	1192	1776	50	67	as
162b891b-6e88-44cd-8241-f84fb5a45bb9	1250	1776	138	67	weapons
bacf2777-8003-4705-ae47-09463359b55b	1073	1811	112	32	255
40f152c8-8dec-474f-8f0b-9abb0339ed26	1073	1811	112	32	-
a95460c9-cb9f-40e3-bced-0de3d6163cf7	1073	1811	112	32	6
88c36ccb-ccfd-4093-91c2-932928b54898	1073	1811	112	32	;
2e60caaa-5da6-40d5-b9c2-63e6ac81e4bf	1189	1811	60	32	lay
ff5582d7-21fd-460a-8a17-bbe6ac27d5e1	1253	1811	132	32	weapons
e9b7950e-5157-4495-83e2-e866c638a355	773	1840	98	35	down
bfcb3639-696c-49bc-841d-0ca6fc85f70f	773	1840	98	35	,
48a79074-6597-42ed-a5dc-9a82d9c1c269	875	1840	102	34	255
2a2dcd1d-4d91-4e6c-84a9-41af7b0e64a6	875	1840	102	34	-
ef2680d0-a412-461a-902b-a4c62cbac744	875	1840	102	34	7
7d751cc7-3d8d-48f9-aa72-d11b4e921550	875	1840	102	34	,
54d02e0c-505b-43b9-bc73-7b0db85f0ae2	981	1840	102	34	257
b1d86385-5e73-41f4-a93b-26b5149126c1	981	1840	102	34	-
0354a405-b59a-4319-94b3-6fab309c8bd7	981	1840	102	34	6
bc2b443f-8e72-4e37-b6ea-ba35512fe3b4	981	1840	102	34	;
4a260f3b-6db6-4274-8bf3-fd0050270105	1088	1840	149	34	converts
193d1dc2-a435-4ec9-aeab-c270d1b8ee3a	1241	1840	77	34	take
ec5a157e-2f16-482c-a853-1337718b6b42	1321	1840	64	35	new
c04b5f83-c6da-452e-a90a-e5d7eac07257	902	1867	120	36	256
6f6c7527-f094-4dd0-b799-810d178d9dc5	902	1867	120	36	-
b6f76d13-aa81-4ed7-b9ea-2fde41b2b897	902	1867	120	36	16
683382b6-1f03-4beb-bca3-ffcc9a3767d4	902	1867	120	36	,
a7d063ce-cdf8-496d-8a51-bea5e164bd3e	773	1896	155	32	slaughter
840b4093-8f50-458f-956a-1c4e40d35055	956	1902	155	30	converts
c4874bc7-bdd7-45be-ad20-2db3dd8481fd	956	1902	155	30	,
f9de1aba-3f22-4837-a30a-f04de444f41d	1265	1896	123	32	258
15467121-7f87-438c-8ad7-d9b10e6d7405	1265	1896	123	32	-
5e7949a1-2e64-4209-9984-6439e8ab71a1	1265	1896	123	32	21
9c1f6b34-fa57-46f3-a0f7-e01b93167857	1265	1896	123	32	;
2ab52444-d5c8-4581-a62e-1e9dc33f6174	773	1896	99	60	sla
1faaf6b4-d2b2-4b86-881c-dd56d2e700ff	880	1896	164	60	vengeance
81a18205-00d0-4b0d-b318-38dae625bb1e	1052	1896	82	60	anew
b4bfccf0-25f2-42e9-b8ec-befc54977bcf	1142	1896	90	60	oil
ff87393e-8fc9-4977-99b8-20d1819afdb1	1240	1896	148	60	Nephites
74ed8dea-9d67-4ae4-8aea-70c107bcdb0c	779	1956	104	26	259
418e3472-6e76-4862-ab75-8dc4ec5a793c	779	1956	104	26	-
a5e672ff-70e7-43a3-9614-a6e4abb5b321	779	1956	104	26	1
c8b9f451-01f4-47ef-b633-58f2d069fa39	779	1956	104	26	;
f801453e-2241-471d-8ac2-8535a355e6cb	886	1956	133	26	destroy
01bb440e-f7cd-4469-970d-5d6edf13f864	1023	1956	114	26	people
30d23437-1031-44ba-97aa-43a1ee69449a	1140	1956	45	26	of
34f57cee-1028-44bd-8be6-7d1f60c9c48c	1188	1956	200	26	Ammonihah
ae612ed2-a946-40ca-b4b6-99c46b65e691	1188	1956	200	26	,
cae587fe-3932-46b4-a668-0e14b8751e4f	773	1983	102	35	259
0f6fb940-fb5b-40ee-9269-638d15c0660c	773	1983	102	35	-
47bebd6c-fc03-4336-9207-96318c8f42ba	773	1983	102	35	2
67519454-e8da-4ed6-95fc-e60ddbe33e78	773	1983	102	35	;
5abdeee5-b1e6-4725-8f87-6601bb996659	879	1984	98	35	many
b0c5a09e-993e-4a36-91b4-0e21be79b197	981	1984	106	35	perish
11098519-27ef-46d0-861f-1a616f56fad7	1092	1985	47	34	by
91f5463c-f584-491b-bd95-43b360b52bae	1143	1985	72	34	fire
ed7b3208-4356-42ac-ab7f-9e7102bd8506	1143	1985	72	34	,
00f77f82-47dd-474d-a0de-8161685ca248	1219	1986	106	35	259
374069bb-0199-46fa-8907-ddd05754e2bd	1219	1986	106	35	-
cc50407d-415b-4c8a-a2e1-618887c9a3f2	1219	1986	106	35	5
60e4f9ab-2472-4046-b38d-2c7a64717d60	1219	1986	106	35	;
fa986ac4-284c-42a1-8c81-6df6831a65a1	1330	1986	52	35	tol
93f1ef47-6714-496a-a57f-80a82c196179	1330	1986	52	35	-
62618130-e9e8-4cd1-b0e4-bb44325a3dd6	776	2013	64	32	low
75870767-0ff1-4a9f-b5dd-31780cf98219	844	2013	156	32	converts
e64ceeb7-117d-455d-8ed0-a4e7dc55e201	844	2013	156	32	,
fe6a4c4e-33f4-429c-9ae9-94be1ee8b594	1004	2013	96	32	great
9683cfc4-64e5-464c-89b4-98d27d517ae1	1104	2013	160	32	slaughter
2d7455ec-2aa8-4476-bc6b-566baf0c43e8	1268	2013	120	32	results
2446e6a4-c05a-4876-89b2-805dac13abb6	1268	2013	120	32	,
