ID	X	Y	Width	Height	Text
8a8c7d13-d41c-445f-a592-70761e7b4a58	659	53	149	39	INDEX
79f74b82-d5b3-43c4-b225-24f7eee99235	101	123	114	35	126
ecd45bfb-9d75-41c9-8c16-43ea3aff943b	101	123	114	35	-
2846fda8-e7e9-4dd6-9921-2850c697848c	101	123	114	35	13
564055e3-674c-43ee-b7e4-2fe1836526ff	101	123	114	35	;
679bac82-7848-48e7-966d-14511c4f589b	219	123	149	35	believers
40279fa9-5f2e-4a34-b409-134b12ebe89a	372	123	109	35	called
f619f1e9-a2b3-43fc-b56f-abc72ecf15eb	372	123	109	35	,
655470bc-0352-46b1-9a56-1ed0e255be43	486	123	118	35	201
964e5475-751f-45fe-a5c5-e3a69e2af6f3	486	123	118	35	-
8a39176c-2848-4460-b732-7242ea661ba6	486	123	118	35	11
d8901503-9cb1-405b-9c9b-5ced84bab7ab	486	123	118	35	;
0964a982-7877-41a4-a869-efade7100bd1	608	123	114	35	armies
4bcd593e-ec80-482f-86e1-243e3a4a276a	719	123	175	38	Nurture
0169b38b-3160-4e7c-b0f3-24e64c372445	719	123	175	38	,
31d171e4-e584-43be-8563-7156d4dd5555	899	123	76	38	and
629e7a30-78ec-4bcf-9e64-25145e7d82ae	980	123	190	38	admonition
d1752084-8d31-4bbc-b2e8-c9d94e0deea0	1175	123	47	38	of
db25f838-0c08-4d75-9242-9432326231e8	1227	123	66	38	the
4170be23-151c-48fb-a053-13e60cb30bed	1299	123	93	38	Lord
6047ba04-6b34-4fe4-a4e3-d40ce35f7e44	1299	123	93	38	,
d0247fd1-8da1-4de4-bc8a-3af3304afe29	517	151	115	36	301
4eaba58d-4e0d-44f3-ae88-cd8536f52dc1	517	151	115	36	-
e10016a4-313c-4ff4-8f0f-9b185da58962	517	151	115	36	4
bd14e8c4-d923-48ec-8452-7340114587c8	517	151	115	36	;
b35fef0f-10a7-4d91-b29a-7d72efe24b66	636	151	83	35	fight
27ec9414-b051-445a-a3ef-a870c28b7f63	101	155	43	57	for
85f1da03-a9b9-4d91-850c-111bb9729a59	151	155	85	57	their
27fcddd6-6b71-4bdf-9c19-72d98c2e6510	244	155	143	57	liberties
1b4b76a2-8828-40da-b612-e1a4b1fde9aa	244	155	143	57	,
5d0c3579-bafb-4e94-994e-361be8cb8a39	393	155	107	57	301
14f13f00-8411-45de-8405-0b38e18d6971	393	155	107	57	-
e0dfb32e-a630-4ea7-88fa-fe5531074984	393	155	107	57	9
726d6260-a709-426a-8f0c-8c6d87b9c5d2	393	155	107	57	;
a7fe5bff-5f92-436e-bb00-fb5c09e6289a	507	155	86	57	fight
34d6b470-1c56-444b-9397-004178f5dbcf	507	155	86	57	,
fc6d0145-d6e4-4c9a-88e4-b78479036392	600	155	57	57	not
17a1a2d7-f29b-4268-9ace-cc8dc2d81ce4	664	155	52	57	for
7efbcd55-2877-4bcb-a52d-7f8e98e8a49e	770	151	98	32	125
353dd6f4-021b-42dc-a58b-25df490c04b9	770	151	98	32	-
72b8f54b-1ff6-4553-8c91-4d70636b526d	770	151	98	32	1
0ef35613-a827-47f3-aced-54844c5ee2a9	770	151	98	32	.
98cae4eb-4ba6-4165-9cc4-fa5610b0f1a5	104	210	98	24	power
3ee3cf5f-627d-4124-8e83-3d43f7cc01c0	205	209	66	23	but
aa5ff3fd-9367-4df2-98a5-863a424ff075	274	209	55	23	for
edd98412-3598-431b-8f8a-347d3554a617	331	209	109	24	homes
a37dcd2e-ccb0-46cd-bd75-7ec4551d61e0	443	208	69	23	and
3b97155a-1278-4270-9760-e09855afa11d	515	208	81	23	rites
611f7e2d-6c10-44b8-8adc-345afe318ffc	598	207	43	23	of
046edf5e-39d9-4643-8aba-134a2cceaf69	644	207	72	24	wor
9a920ee2-1e3c-446a-b50a-0a11a79155c9	644	207	72	23	-
da6c8e23-b48c-4545-a01b-a2a33c8c393d	101	237	85	35	ship
03a92141-fde1-4910-abef-68a864713c51	101	237	85	35	,
986a24da-5e32-4f9b-8d3d-0606f33d4349	190	237	128	34	304
a5926c7a-08f0-40d9-83de-96d57fddf5d5	190	237	128	34	-
6c1327b8-8685-481c-9c42-ffd4d8c7cdb0	190	237	128	34	45
caf4d56c-c974-4351-8c7e-e0418da744ee	190	237	128	34	;
44d90774-fe6a-4434-b903-f47cafb6c51a	322	237	119	34	taught
1e69cec9-ebc5-4c3e-bbbb-7d2e9e9366e9	445	237	41	35	to
fc5dbcdf-1531-4c5c-a646-b79cd10e64f3	492	234	128	32	defend
bb5db942-4883-4229-ad23-f180bc776f7c	624	234	96	32	them
4f125cb0-260e-4a44-91eb-7cbc5a05958f	624	234	96	32	-
02662199-4d48-4ab8-a2b9-c3842ac09189	104	265	109	29	selves
c9685c0e-bd6b-46ca-a2bd-70cb42b3c379	104	265	109	29	,
9fcc9022-1192-4de7-b552-a9f60dd6429d	216	265	83	29	even
37521eba-5498-4bc8-965c-0115c076fb97	303	265	43	29	to
cc98590e-9566-4831-9132-99007f848eaf	351	265	174	29	bloodshed
7a732bcd-c322-4ca6-b940-7d8ebcc1e624	351	265	174	29	,
8f1932d8-95cf-4da3-b0e2-97bf6495018d	528	265	115	29	317
97ca100d-f21b-473e-88c4-d03d0b9c4afb	528	265	115	29	-
492a8d03-5864-4654-91f7-29a943874204	528	265	115	29	14
88645652-de21-472f-bf6f-29953c2ed358	528	265	115	29	,
4ef26d4b-5e90-4cf3-9512-62683878ea21	104	296	58	31	40
d7a2e747-d4c9-4ba6-bfb9-2e75464084d6	104	296	58	31	;
2c91d9c8-c27f-4fa7-9ff8-ab8c8f902c69	166	295	116	30	fortity
29d0da49-cd54-458d-a4ee-2beb2b7df418	285	292	211	32	Ammonihah
0983aedb-ef00-453e-8a52-e93d69e7edf7	285	292	211	32	,
c0eb8e98-8df3-4334-8a1e-e59cd363ac79	499	291	113	30	318
ddd05090-cb84-42c0-aa73-2d9e438808ab	499	291	113	30	-
11d305bb-2dff-40df-bc66-c094980b2e83	499	291	113	30	4
5d28e9b0-8b9c-40a4-b39d-b534f4b10f44	499	291	113	30	;
0246f621-95d9-47b3-8194-d2bb9af0dda1	615	289	101	31	fortify
4644e13c-44d2-4c1c-bd90-10feb59c41d7	98	404	142	35	manites
606018ef-50d6-4ad6-a63c-a0f045abd3f5	98	404	142	35	,
b71ce9ff-45ff-46cd-bd4b-1220ec4d17c7	101	461	171	32	converted
7bc321f2-e0b6-453d-90fd-330c79327ee1	275	461	58	31	by
e05f5a55-e8b2-4a07-945e-3bec55092707	337	461	183	32	Lamanites
ee3f5a5c-0b8b-4123-920e-67f4e938ed18	337	461	183	32	,
0169e68b-96ff-44a1-b35c-a479ba2dc27c	530	456	121	40	373
b0745810-f76b-4bff-8c7d-c44e3d1c13ab	530	456	121	39	-
6b44a1be-dc61-4925-9c3d-d3db0ee7a015	530	456	121	39	5
1cc67608-4ecd-4de8-8968-0dbcdde81a4b	530	456	121	39	;
a4de1f00-aa94-485d-a838-8b8a5ce158d0	654	458	62	39	and
897fdcc2-01b4-44f2-961f-8ee078114380	101	489	168	32	Lamanites
12aadc98-94ab-4baf-ae19-848888217997	273	489	44	32	in
c11530cb-b0f4-4a6a-974f-fc01d93b84a0	321	489	120	32	mutual
ea0a788e-4ce2-4e3d-a254-ea1a66e5f7f1	445	489	200	32	friendliness
dc57a141-910d-4222-ab27-0a6ad71f0e47	445	489	200	32	,
54d2db8c-3e12-4f34-8224-d6a25ef4bc29	649	489	70	32	373
4b988d84-cc38-47a5-a60b-066a68dfce0b	649	489	70	32	-
f50417f5-0ad8-4c62-80b7-3d8ccbb7e77b	98	521	44	35	6
9a1ec448-9344-474d-b4ca-153532e87ab9	98	521	44	35	;
aaa01f89-7719-45d4-95a3-6ce8ca5c7cec	146	521	78	35	may
d1736612-7802-4c2d-ae5f-bee81cc89ef9	230	518	56	28	be
331d21a4-0876-47b6-ab80-7f13fdd0ffaa	289	518	168	28	destroyed
4c9f9ccb-88ca-4494-9e6a-70e3322ffca7	461	518	115	28	except
a149e28c-d8df-4eb2-9229-b6ee9853b6bf	580	518	84	28	they
ef167d54-4763-42be-a5e1-4aa02d1f1c9e	667	518	52	28	re
8ac41c6b-ad36-424e-b3f2-9488811b2702	667	518	52	28	-
c0dc510e-32f7-48c6-89f8-92e7b5e8650a	104	549	80	29	pent
45313e9d-1579-41e2-a8c3-7d31ab30f08a	104	549	80	29	,
257ba91c-d4e1-4a1b-94f6-c4d747e08b1d	187	549	76	29	said
0cc4786b-e616-423b-9631-7e210cc2da6a	267	549	62	29	the
6cfafdcf-a95f-4bb4-8aba-810100f60f3b	332	549	94	29	Lord
ed915b12-9583-4d0a-95b8-cb8756882f3e	332	549	94	29	,
1790df57-e6bb-402f-ad0b-3fd06b309ee3	430	549	120	29	397
c429a362-647d-4fa4-b5ae-e6296b9e8e29	430	549	120	29	-
f5280b6b-0e58-4016-bdc9-3a78a58bcbc3	430	549	120	29	17
b73fa324-f996-4a42-97cb-db93d684b553	430	549	120	29	;
c73839f7-ec1d-4c09-bded-7ba2f7ab51e8	554	549	98	29	again
74c018d4-846a-4da6-a064-071d3dbc8e98	655	549	61	29	dis
c77b2c04-7c70-4bba-a0b8-7806e0e04938	655	549	61	29	-
a887d0d3-8750-4b86-b784-a250c7f9cb4a	98	577	117	30	believe
e8006b82-c474-4cd5-91b1-4e53dfa73bb5	224	574	81	28	and
c68a3eff-01ff-46cc-8479-aa727eb98117	308	574	121	28	become
13bcbd7f-5a9c-4090-bb33-ff450ff8c26c	442	577	172	25	hardened
41760b35-f05e-401e-bfa6-09c4773429fb	442	577	172	25	,
37dae98d-d420-47a9-b7ae-5ae115af2b0d	617	577	99	25	401
47a8f262-a6eb-42f8-8c29-5df0546f2658	617	577	99	25	-
7e9ba3f8-00db-4550-b86b-fea23955355d	617	577	99	25	1
6666553f-14e5-4854-a55c-253e4a067803	617	577	99	25	;
0c7d077c-aa73-4dd1-9785-97053f937a4c	101	600	57	35	all
9a3fb790-4b81-4751-9656-180d821ceb5c	162	600	179	35	converted
bdd20464-4447-4df3-9064-d4016ea615ac	162	600	179	35	,
70e5f1f8-d120-43d4-a991-95eb243f2b84	346	600	114	35	408
35af2d50-5294-49bc-941a-e354aaf705ca	346	600	114	35	-
c43489dd-ea0d-4ea5-b022-3369b708a34f	346	600	114	35	1
e2d5f785-2c5a-465e-8f6f-397e16b31814	346	600	114	35	;
b6543c7b-292d-42b4-b831-983c100cd975	464	600	79	35	and
4309cf70-894a-4a3c-9be8-686023dd5288	547	600	169	35	Lamanites
cab66762-8f62-4856-b01e-49d91be5a3de	101	631	180	32	converted
9ad2e6d4-6273-484a-b15a-13af11e06cd7	101	631	180	32	,
e60bf90b-06d3-48ce-9033-c02641ead591	285	631	120	32	456
900a8e6e-9af7-410a-998e-9be48bef0ebb	285	631	120	32	-
19b152de-c12d-4fea-938d-3180144360dd	285	631	120	32	2
61bf7df3-5aab-401d-b347-68b2a36dd307	285	631	120	32	;
98249d7b-0f97-4adb-a3b9-56df92d98c38	409	631	128	32	return
62931250-b841-4486-9eee-1ceb462de78d	541	631	43	32	to
2b055f8d-c15e-47d0-9db2-3ea191b75a4f	593	633	127	27	homes
0b05ba6c-f1ca-4ee5-91f4-c70abdbd4b24	593	633	127	27	,
eecfd8cd-b2f7-4e66-b7ed-e7068305ede3	101	660	105	32	410
36353825-f2f2-4927-91fb-36a6c1bed5d3	101	660	105	32	-
2f57fd46-99e3-4e1a-a58b-02136922b80c	101	660	105	32	1
d7ee87d6-b35d-45e9-9f10-4a26eabf75cf	101	660	105	32	;
7523084d-39e4-414f-82a1-9eefba34bd5e	210	660	89	31	have
ee0242fe-c82e-4220-964b-4e9d238778f5	303	660	101	31	peace
a6d933b4-ad6b-4d95-925c-b325250e6f2b	407	660	93	31	after
7fa13a25-6b61-4d55-9696-cf4ec4edf37e	504	660	155	31	subduing
f447fc80-7ac4-4a15-b188-2784d1226b5a	663	660	56	32	the
25b13595-9b64-4268-8a91-2ccf036bce65	98	688	175	35	Gadianton
b577c0ba-f1cc-497b-a914-cf12d2e0951d	277	688	96	35	band
edd24862-f909-46ef-83b6-28606e50ada6	277	688	96	35	,
a6b4d568-f9c2-4b59-8653-e7638d4dc9b0	378	688	114	35	411
31c9c129-0309-4f3a-97f3-f98dc16f01fd	378	688	114	35	-
faa6d1d8-c3de-4ee3-b031-5f62d57c0561	378	688	114	35	3
1b777f2c-2dd6-4a48-b969-b932b444f12a	378	688	114	35	;
d94cca57-5cf3-495e-89da-88a6b9936b0c	496	688	66	35	fall
afe797dc-3704-4ece-906c-7e870051e6d4	566	688	71	35	into
9e1f31c3-fe58-4129-8906-ae7fd3fa5656	101	716	120	32	sension
1fb8322a-1411-487b-8b66-ec9510598899	225	717	62	31	and
6541344a-6162-458a-8af7-52e149fbbcae	291	717	85	31	form
00a820f4-4bfd-4671-8864-bdcbc3ee2b3b	380	717	105	31	tribes
739a681d-15a4-42d8-8f68-40dab4471244	380	717	105	31	,
0d7ef215-e1ce-4050-bc96-2d3a845f7522	489	717	105	31	413
a8954ffe-e93c-417f-b390-01f603b32742	489	717	105	31	-
bba9e473-5a3a-472c-ae69-b65219933508	489	717	105	31	2
d0ba1149-6a75-4e41-803f-59991a13a5a9	489	717	105	31	;
5c21b468-eb05-47bb-a69b-761ed833f20f	597	716	122	32	prosper
0c6d2814-930d-4a36-955d-26c180b20978	98	745	114	35	during
5c973010-de11-4c9c-9b58-99ad1f9e8275	216	745	109	35	period
69b068ee-2a39-4d05-832c-112e348941ab	330	745	39	35	of
f9c3e4ec-d757-4ba8-8657-f71a05239420	374	745	241	35	righteousness
3a93121f-13f4-465f-88ab-8b3a889bfa0a	374	745	241	35	,
d37885dc-3458-4ca4-8b10-dc61aebd29c2	619	745	101	35	456
184026d7-c614-4ae9-83de-eaa81ba41167	619	745	101	35	-
1a337973-3096-40d6-b14e-34caa6d8c8f9	619	745	101	35	7
06f23308-901d-4543-892f-0c0b5e5782c7	619	745	101	35	;
e485f7cb-a2e9-4fc5-9aa5-6478b4b3a945	164	773	87	35	and
ce3e369c-af1a-4cbf-8caf-58c3150a025b	256	773	214	35	delightsome
5c2988b9-59ff-4010-a0ff-795f0014d907	475	773	115	35	"
9e279e73-00f4-418d-9066-a0b4d74d96f3	475	773	115	35	eople
78e8bf5b-e6f0-4315-806d-8b6229889ff9	475	773	115	35	,
1c98592b-395e-40e1-b583-01c0bdfd5ea4	590	773	126	35	456
23110412-4741-4c10-b567-3cba5fb989bf	590	773	126	35	-
4010d747-3710-4a9c-a590-2bda3b7fc2cc	590	773	126	35	10
d0397488-6f68-4469-ab59-7ec9b8634608	590	773	126	35	;
4acdbe9f-88fe-4be9-a2e9-68760c3e80d7	95	798	136	35	factions
2c48e037-5944-4d5e-b6d4-d1ffd5253066	235	798	87	35	arise
0ae29dd4-44fc-4ec1-87a9-dad6e56b9f81	470	802	124	32	58
6949318e-c892-46e1-addf-e865f4c6190b	470	802	124	32	-
f9e9be2b-db3a-49a0-8ec6-7eafdc137eaf	470	802	124	32	36
8df96916-d21f-4e1d-bac0-3a6e2888803c	470	802	124	32	;
494f8fe0-b585-4c1d-a976-71b306d406c3	598	802	118	32	become
277f05e6-39c9-4ba0-84d1-ad40f39936bd	946	259	124	32	492
cf290e69-d567-4f0c-abaf-ebb0a5449450	946	259	124	32	-
66854f3e-682c-439e-b028-c4d328acf0d7	946	259	124	32	15
b35d07a4-a2f8-4113-be91-addf797ef3f9	946	259	124	32	,
03be5bdb-7521-4092-8ab6-a520dd5c12bd	1074	259	56	32	20
7641d78c-c99b-48e1-8a66-ea52e37edd0b	1074	259	56	32	,
290a0679-f709-4fb1-9e7d-08d2a453a59f	770	259	98	60	Nephi
548037b6-1bbf-4eee-8fab-d97ed8076800	875	259	67	60	and
6dbfd750-6def-48ba-8f8a-8e836e01c4e4	950	259	120	60	Zoram
3c5e28fa-6a5e-4d5e-b0c9-8e412315039f	950	259	120	60	,
92026a38-c9af-41b8-b749-5e875815d5ea	1077	259	82	60	9
8f2e113f-5354-466b-99fb-34c53732e8ab	1077	259	82	60	-
330646ba-57e9-43c7-bae0-f5c0c307825e	1077	259	82	60	33
ce95b709-dcd7-4c62-b8a3-0db85e007c4a	1077	259	82	60	,
069b5a30-adbe-48eb-ac0b-3c72302fd1d5	1167	259	57	60	35
06e68544-bd75-4d04-ac85-0691e2f34815	1167	259	57	60	,
3b81303b-5f59-4f90-b6c3-581961137813	1123	259	134	25	498
85381474-349c-4af2-9e5a-f9e80af4580e	1123	259	134	25	-
6ffd3e1d-a067-46cd-9ce9-bef101be53b1	1123	259	134	25	33
592969ef-7511-4e4d-92ab-40f2045aea7a	1123	259	134	25	;
a9a9969d-f044-4b68-9bc3-4d3921542f28	1261	259	124	25	between
43110ff7-9673-4416-8d5a-6b32fe4688fb	1221	284	64	32	37
96377f99-2c87-4794-9231-7ae31a26a544	1221	284	64	32	;
de0dc0ac-9b09-4a3f-a12f-55394fda3089	1289	284	44	32	of
cf71bb52-486b-4030-9348-4f6b2d18c46e	1337	284	51	32	the
4f64502c-2d58-460a-9f24-6480b385d781	770	309	135	60	Mormon
0750a652-2831-45a1-814a-e1bcadcdbefd	912	309	165	60	tepenno
0d66ae9f-d548-4654-a3f2-995d3029a5ed	1085	309	63	60	his
af0914de-49d8-4bdc-82e3-64349767c90f	1085	309	63	60	,
9dc48293-d516-448f-a6ff-ac08d914cd1d	1221	312	60	38	14
8768efb7-5c27-43e9-bf5a-568758aedd98	1221	312	60	38	,
0916cf7f-37c5-456a-942c-147b0763a4bb	1285	312	106	39	337
94601de7-75bc-4907-b4c2-c5ba99ac9e18	1285	312	106	39	-
c95fc67f-b5a9-477f-ba5f-1693c40bfb97	1285	312	106	39	8
14694310-fc30-43d7-ba18-e0be56d763a5	1285	312	106	39	;
e9362953-20ad-4c0a-8666-700152d0ec96	747	368	154	33	Offering
41196970-8b46-425c-9258-02ed3c81a6e5	747	368	154	33	,
a662bd94-8573-4006-89f0-39b3b595cc4e	1177	369	102	38	10
63d56c4b-5415-4844-9785-fe7d2d8ea7be	1177	369	102	38	-
759bf374-2d23-4d65-9b9b-19160c94ad44	1177	369	102	38	9
89011b20-acfb-45e7-8529-3f5de2c70180	1177	369	102	38	,
80b340fc-b78d-4e97-a118-a8c3b1a6ef31	1283	369	108	38	136
a19fcae7-3af6-47df-bf7d-f3f7838b26e4	1283	369	108	38	-
47ba5013-a2fc-4e02-ac5b-a02f6233dc55	1283	369	108	38	3
d7e2c263-7c07-4886-b7e2-c8200dbf2a5e	1283	369	108	38	;
42278349-9ba9-456b-a4e3-f241a996659d	774	393	109	41	burnt
0e14650c-4d3a-46be-a0de-b4c822f7073e	774	393	109	41	,
17727a26-f51d-4e30-acfa-92f933d019ad	1271	397	120	33	418
96928fbb-33f7-42d0-9952-f43e5f851eb0	1271	397	120	33	-
8af853eb-3358-495c-8298-90f293dd87ff	1271	397	120	33	19
38298e08-1b90-4fbb-9889-dfe43907910e	1271	397	120	33	.
01df2f25-26f6-4a0b-b642-1483d33bbf57	744	455	163	32	Olive
9b82c80a-d96c-487f-a6c8-3bd70122c444	744	455	163	32	-
e4e5c9c3-ee26-4eda-b9c5-731f7d3718c4	744	455	163	32	tree
e4d21275-acd0-4a18-95c8-363c62f1c214	744	455	163	32	,
f1473f34-88d3-4c66-8d1e-68194faa9c33	911	455	97	31	Israel
aa3bdc4f-f2fc-4ee7-9a54-2a0037599482	1012	454	155	31	compared
2ca0adc9-dd57-4bf9-80f4-8928e6f1aa0f	1171	454	81	31	unto
003fb3a0-53c7-4e15-8b19-795f2aed8956	1171	454	81	31	,
683e90b6-5e30-4b76-b7e9-1a2dc5644437	1256	454	47	31	by
0fe22561-e52f-4aa9-b65a-134c986b420f	1306	453	85	32	Lehi
2a89d0bf-2ccd-4893-8da3-9f1d0b981da5	1306	453	85	32	,
2a2aa76f-12ac-499a-bf28-68ec22ae8971	770	480	100	38	16
7200e983-6d82-4285-9b8e-664ebfed3831	770	480	100	38	-
7299b46d-e1f8-4710-a3dd-1a0de69e7cb2	770	480	100	38	12
fa8496dc-e3a6-4573-9c87-dcd8caf198ba	770	480	100	38	,
30ebc619-b473-4a42-b38b-161f9b9c3b95	874	480	105	38	17
834c905d-ece6-417b-a88b-4ec0de3970a3	874	480	105	38	-
62a4a280-470e-4f46-bf54-4cc32cec7dce	874	480	105	38	14
a0a0493e-8e19-4243-993b-b55018a888f7	874	480	105	38	,
87b1a48a-d35f-4d59-956a-961f2b51e608	984	480	90	38	28
52338a25-cd76-4c25-98dd-814c376dfaba	984	480	90	38	-
10d84d7a-cb49-42da-891f-91d49b653ea9	984	480	90	38	7
88dc31f4-f128-49e1-b917-8ce2c802fe61	984	480	90	38	,
8d576773-a5fb-4832-9d46-5d61de9dee60	1079	480	57	38	12
0fcbcf08-d5f2-4a2e-af79-b3f19203d943	1079	480	57	38	,
0e32a720-9af8-4a2f-886c-96c7c9995e86	1141	480	109	38	29
0057634a-baf8-4ddd-9500-02c8d10606a8	1141	480	109	38	-
cb9495cb-6787-45b9-be71-56ff7f5065a9	1141	480	109	38	16
ad0af6cb-e801-4fe2-889c-ea86d8ef670d	1141	480	109	38	;
d437afbb-c234-4c73-9689-c7cea31c5676	1254	480	134	38	allegory
e19d7047-6b67-482e-ab77-69ea923d9ee2	770	508	44	32	of
91fb2833-d107-4c5a-9e1f-5091fc8b6737	818	508	64	32	the
f02f78bc-1d90-44ca-98ce-b7e05077b446	886	508	76	32	wild
8df0fb32-36e1-492a-a02a-87b340bac577	959	508	79	35	and
934d1a01-fcb8-4ad5-8771-418ead08840d	1042	508	101	35	tame
10eccd99-2af4-4b39-98bd-7cce07b115f3	1042	508	101	35	,
bb697dc3-15fc-475c-86b7-2ad48f904d04	1147	508	99	35	115
63b650f3-ce03-4ce6-8436-903068dd9aa1	1147	508	99	35	-
0069c5f1-2b3f-4772-97fb-9cfa238ddb25	1147	508	99	35	3
ab3f7617-249e-4262-a549-7297962ef787	1147	508	99	35	.
e0751d71-7bb3-47d0-b578-c04d0c652422	748	540	124	32	Omega
a51af0a9-4c93-4246-8eb2-dc376b91db5d	748	540	124	32	,
666772bb-23c2-4619-864c-9eee8c4d2295	876	540	108	31	Alpha
d49171ed-be82-4f47-9d01-8620b2c4f305	988	540	81	31	and
b3094e63-2560-4124-b47a-6c5d9e5823b2	988	540	81	31	,
e897e368-553c-4b80-a419-6f4abc0f20b9	1074	540	66	31	the
4d987757-b450-4d60-88b7-27a2798c7a0b	1143	540	89	31	Lord
1eace56e-6d2e-4418-997e-d00e6b80c650	1236	540	47	31	so
36489cb6-0f84-42a8-9716-6190793bfb0a	1287	540	105	32	called
81f673fa-952c-4c2d-827b-5937bccebbf4	1287	540	105	32	,
7d33c435-5053-4196-a2bb-72afcc514614	770	568	111	29	418
4607be2d-70df-4e47-a707-b90fca5d7ca2	770	568	111	29	-
109b2564-76fc-4136-926a-80d9a37ae9ea	770	568	111	29	18
07bf5992-5151-44aa-ba7f-8381af157366	770	568	111	29	.
688dec0a-faab-4a0c-8e29-69cfde13fa34	858	593	41	41	a
6b4c5e07-22aa-43ce-b956-78940321ea6d	904	594	149	41	Jaredite
1d555e70-a30a-4a79-8e60-de9e16ffbbc4	1058	594	97	41	king
0fefdd95-2a19-493f-8074-a2acbb4bba47	1058	594	97	41	,
98ac5510-72a6-4608-a964-c1b564b85fe4	1160	594	123	41	479
d91bf0ce-da41-411d-ae83-16d6815e058b	1160	594	123	41	-
708440a0-20a4-49ff-aadc-708dcd144c0c	1160	594	123	41	30
4f13b01d-43b1-4f0a-8348-c644fec472bc	1160	594	123	41	,
78381523-c2c3-4fe6-9252-679f3907b9db	1289	593	106	41	421
5ce5061b-ca3e-4510-8b02-1f9be35420c0	1289	593	106	41	-
b5e56619-e049-4e93-bbac-a33b1a19f99e	1289	593	106	41	1
08705422-5cf8-4549-9c66-cd57f3018578	1289	593	106	41	,
bfcff3a0-598d-4a3e-9f76-3e5a7b2da4ab	768	614	118	41	492
898ab0f9-bfaf-4311-b770-f31febbb4303	768	614	118	41	-
01d2e4df-dd1d-4be3-8017-cba6b9ba0be0	768	614	118	41	11
12bc13c0-4945-48fb-a917-17e0aea06fa2	768	614	118	41	,
e986e347-9c5d-48fc-babd-9d4601bd23c0	888	622	104	40	493
9a0b0c49-8c19-45f3-8ff6-70e874e60892	888	622	104	40	-
0d3bdd17-13b9-4ffc-993d-3a271518b618	888	622	104	40	1
291f667c-59d4-4f7d-9285-c4e85f76883b	888	622	104	40	.
579b5a1e-502f-492c-9968-cb58779f180b	745	647	118	41	Omner
3e8b3494-7e67-4fb7-b77d-da5cc3dd908d	745	647	118	41	,
48696ec5-d529-4398-9f18-0af1678ccbac	868	647	56	41	son
bdb1350d-738e-4ab6-87cc-f05217c9cbc7	930	647	31	41	of
3c047a76-7a9d-4add-9eff-c422bf63308e	965	647	128	41	Mosiah
340addac-4a50-461a-ad9a-3ebfbf3def20	965	647	128	41	,
a0a2b17b-dc66-4a0b-8778-5bd64f5b937d	1099	647	108	41	189
75180343-3d85-420d-b47a-f89bad42dd3e	1099	647	108	41	-
ba396c9c-4b3b-4dd2-89a0-6378fe2f23ea	1099	647	108	41	34
dd4b1ada-ccd0-4868-9d8a-02a7df8a61a7	1099	647	108	41	;
a3dccf75-5bfa-4d40-bff9-66d22aba058a	1211	647	51	41	see
3cb7071e-ce48-4192-be12-27059539f062	1268	647	127	41	Mosiah
1719a5e6-448f-44d2-a609-6fabebffa0e6	1268	647	127	41	,
5c4feffa-02e8-4028-b790-04ed25ccb352	776	681	81	29	sons
353e52bf-2ba3-45e8-b098-f572863ead95	860	682	45	29	of
b98ab91b-02e9-4c69-a57c-0e5b0c20c01a	860	682	45	29	.
7831efb2-b2f8-4579-bfdc-d1ceb83131ca	748	704	98	41	Omni
cd6032af-1540-4a8b-96b4-99d37005e8fe	748	704	98	41	,
066ace70-5d60-450d-b087-efdb7c950934	851	704	61	41	son
88efd0c2-7910-4c4f-9af5-1339a00ed7eb	917	704	41	41	of
245e963d-ad3a-4368-bdd4-862ed4b56c98	963	704	118	41	Jarom
dd87288e-dfeb-45dc-a4df-1e919bd4d2c7	963	704	118	41	,
5eac0253-93aa-43f8-a5ec-6bb04ac21696	1086	704	118	41	129
943dc73d-3917-44bd-b9b7-743877629160	1086	704	118	41	-
ff761e28-4cd5-4a83-9f28-9c701224ee0f	1086	704	118	41	15
62d098a4-37f1-419f-801a-bc103b4326c7	1086	704	118	41	;
263ce8c3-599b-4b5b-b42a-489c5a64ccb0	1209	704	108	41	makes
99202642-eccc-4ff0-897e-d5fa46be34bf	1322	704	69	41	ec
0e315bd3-1270-4766-b01d-9e24375744e6	1322	704	69	41	-
7df1f5e3-5daa-4220-8c6a-edc27a899f31	770	735	65	38	ord
29dcd673-534c-486e-b9da-8fc403bd5ca9	839	736	51	37	on
3b685eba-66e6-4d6d-8177-4b6b7454c6fc	895	736	60	37	the
0f6503fe-4b00-4bd2-9b8d-156b9596b9e1	960	736	111	37	plates
31f538d9-6d16-4917-932b-1dc0ac9d24d7	960	736	111	37	,
17c92a93-f1a9-467d-9558-5cccf347edd9	1075	735	98	38	129
d33a0426-1b7c-4913-a838-8c2ed8f7beb3	1075	735	98	38	-
29061cf6-a1da-4cef-9a57-f4117a90b558	1075	735	98	38	1
c639dd42-c283-4cff-9b33-817247b556cb	1075	735	98	38	.
4e5d81a3-4897-4776-acf8-a7ee4a2f09ed	748	764	101	35	Omni
985389d2-d8ea-442f-a700-5ef745ed9bfb	748	764	101	35	,
f34532b4-e34f-45df-80dc-444458da791c	853	764	92	35	Book
ead7cda5-6082-48a5-9126-b3d18714ce4d	949	764	48	35	of
c4abc2ba-90a5-4d13-bf5f-c48555d299a0	949	764	48	35	,
674227f6-91da-4780-952d-a67abef20e26	1002	764	68	35	129
86f522ea-5b2f-47bb-a2b3-1950a92fa77c	1002	764	68	35	.
bb2fbfb1-746f-401b-be8e-fb4bbf8354f1	745	792	127	35	Onidah
6e68b978-889a-4ee1-b87f-ea367b7bde97	745	792	127	35	,
3bd48a04-fcf4-458a-9569-c66d289f353c	876	792	70	35	hill
f6532176-ca27-4716-8acb-e995538e0131	876	792	70	35	,
6769072b-889c-4a0d-afba-e887a0910816	951	792	109	35	277
abfb6480-3c03-4cc6-9edb-59a5d1b14940	951	792	109	35	-
21e844fe-66aa-49bd-8262-7fd820c741a7	951	792	109	35	4
896e202b-85f2-496b-8038-df5018c7ef88	951	792	109	35	;
f94ff464-d302-4d79-b762-d8c1099771e6	1064	792	96	35	place
755c20fa-a4ec-4ae2-972b-bfe1b608cadb	1064	792	96	35	,
459b0f6b-6209-4889-9950-2a8edcd43ee2	1165	792	100	35	313
1ff5e050-f762-46bf-b161-243c163fd751	1165	792	100	35	-
c2ab476e-9e22-4974-ab5e-e121b5104b6c	1165	792	100	35	5
c31c34ac-c623-4356-bfa4-ea0cd66719b7	1165	792	100	35	.
af64a949-cc3a-4b6a-a4a5-9a64e72b1709	748	817	207	66	cilciscity
cc980411-8785-4d7c-b428-23ae9929dea8	963	818	173	66	destroyed
b0a4d27f-7344-4751-9a24-04082c9d4a52	1144	818	33	66	at
c3917c85-bc81-4dc2-8c50-cc682affcd50	1185	818	91	66	time
3e9575c8-a92c-476a-9e55-ca9da5296a48	1284	818	33	66	of
f5d44d75-5f0a-4189-8bae-311f1e253bd5	1326	817	69	66	the
7abbdcc2-ddac-4516-a2ec-717de11be05b	745	877	81	38	Only
37ba6bc0-bb5b-454a-b1df-886fad413cb3	831	878	152	38	Begotten
86e08731-8dd2-4c80-8cd3-44e737285f4b	987	878	38	38	of
351af51d-7fc3-410d-a688-f57bf56e0465	1030	878	57	38	the
e4476d73-41f0-4c89-814f-b5baacd23255	1092	878	123	38	Father
b4e86a85-7b8e-4e38-b46a-abbc690a0219	1092	878	123	38	,
535e84bb-9ffd-4e0f-ba4c-5ce779bc3515	1220	878	66	38	the
17ff726b-7200-42b7-9391-49cf1fb3a7c2	1220	878	66	38	,
227d37f0-1f98-43d4-bb5d-0a6176088b70	1291	877	100	38	90
550d944f-1662-4b6b-83a0-0225c9e41f55	1291	877	100	38	-
dd63cb9a-43e9-478d-baed-6f6932dd0735	1291	877	100	38	12
4a38b5ab-3d5f-4cba-be72-c72844989e9a	1291	877	100	38	,
08da7e3c-702c-4c9e-baec-d7e197b70145	770	906	101	35	228
4dd7486a-93df-4a7e-a0d6-aadf3b4acc1a	770	906	101	35	-
f4518754-8ae8-4dbe-915a-b54df3bbef54	770	906	101	35	5
1634e3fb-15a7-426f-8be3-e3cb408a8d73	770	906	101	35	,
39e65dc8-1fe3-4d5f-843b-8fa4b176d9e8	875	906	52	35	9
f266c13d-3e4b-4996-9052-3ab257b27074	875	906	52	35	.
6f80d9a4-80cb-4070-bfce-341fff1138aa	932	906	66	35	See
d19465b5-6b02-48c7-812c-ee1f3697a1f8	1002	906	70	35	also
a321af5f-c8c3-4de2-8773-b079bc8f5081	1076	906	113	35	Christ
f7db08ab-f583-4e44-86b4-e84934989a69	1076	906	113	35	.
97600f48-d606-49c2-a1ce-2d32b77d0982	773	991	97	32	20
04693693-b191-4c8f-b335-a0f13d9651d1	773	991	97	32	-
92879a56-0e74-44e5-8ca3-72ac9643f0d4	773	991	97	32	7
41a3c547-185e-4459-9559-44d709054cdc	773	991	97	32	;
df7d7ba5-8368-4bf6-b6b2-faa14023ea5f	874	990	54	32	by
dea5cc55-1c05-412a-add6-bfb17f63d948	943	991	112	32	Alma
639e4d21-d204-4997-8c36-eccab1fcedf5	943	991	112	32	,
5cdff659-8c90-4839-bd7b-fef3cd0a3580	1059	991	76	32	one
ece1c62b-4f8c-4e5e-8179-933cbef179da	1139	991	116	32	priest
bea9dd1e-c00e-4848-9591-ce5cc524ad10	1259	991	52	32	to
ba8ca158-24af-43ff-be7c-2055398a078b	1315	991	73	32	fifty
5d1e93cf-0e6c-441b-8634-623ab018e22c	776	1012	151	43	members
90f0d4c5-2aac-4136-a9a7-c8bed76b2c40	776	1012	151	43	,
2a120398-979d-4aa9-8bef-2a1fe91f3c20	931	1014	116	42	169
d86badb2-00b7-4d63-a12f-18ae259171b4	931	1014	116	42	-
f937bb14-1b92-4b52-a6fb-157a91a1756d	931	1014	116	42	18
1cf05dcc-5bef-4fd1-b5fa-5ecb812465dd	931	1014	116	42	;
7404b434-510c-4d52-910b-a7e6a289c07c	1051	1016	111	42	priests
0dbe2bbe-efff-45da-8e74-1023b2321c90	1166	1018	66	41	and
3d9a9139-e74d-403e-9c82-68ed8455d419	1236	1019	106	42	elders
e35c2da6-b771-4a82-852d-22735ae37144	1236	1019	106	42	,
269ad6dc-b8b5-4dbb-b5ca-55a7ebf67b6f	1346	1021	40	41	by
f8c4fafc-0548-4e96-9c7a-7ec0938530ab	773	1044	25	66	A
e4fca751-04a6-4aaf-9be1-7c112d5b54d7	806	1045	157	66	manner
ec42ce9e-6352-439a-854b-c8107d80b36a	971	1045	33	66	im
6dcd3b06-0175-408e-b5c4-70e8eaeb4d92	1012	1045	99	66	whiter
781951b1-cc40-4165-8b5a-e26be6e29b6c	1120	1045	58	66	he
cad32231-8b04-4f35-9fab-5fb2e4890fa7	1186	1045	140	66	disciples
0a786576-029b-47dd-89ea-cef7b6fed1e7	1334	1044	54	66	or
a938fc06-1dd9-45a4-a72f-d8dfb803fa16	1334	1044	54	66	-
a67e23cf-a259-4113-a498-35f551931e64	1224	1104	128	32	510
e8647c40-eafd-420b-9d83-1f0cefc961c0	1224	1104	128	32	-
35739755-5684-485a-a47c-4ec58d502fdb	1224	1104	128	32	ch
4a11df04-7b55-453b-8ca1-7120354bfd73	1224	1104	128	32	.
88a64331-3167-4801-9dc3-b5834fd8fb50	1356	1104	33	32	3
fbdf9a51-5cc6-4e80-8e96-dedfb97e7c8d	1356	1104	33	32	.
ca98ff8e-5b47-40a8-b91c-45140eb2ff0b	744	1160	145	67	Ordinan
829cf88d-9602-4d8e-9d8f-6ce21ee5c8ea	744	1160	145	67	,
10e64eac-6604-428b-bcb4-f338a1b45c44	896	1158	105	65	93
9cb188d8-6eb6-46b9-8748-09924291ce19	896	1158	105	65	-
6a406495-f95c-49eb-8acb-c7f30c0d2181	896	1158	105	65	30
8a42cdcd-0132-48d5-8614-161fc1ece46e	896	1158	105	65	;
fc7b0c80-76eb-432d-b75c-37b9ea52b3d9	1008	1158	25	64	a
c4486f71-2bbb-4ebc-bb30-fc738ccfe2be	1040	1157	89	65	ted
b6db2ad5-3cb3-4a5f-8314-300d731433ea	1136	1156	33	64	of
141a9bd5-8d20-43f0-b609-964464dc996c	1176	1155	65	65	ith
4224e433-0221-4a11-84c3-309771294e8f	1248	1154	97	65	order
c62e622f-39fa-4318-a969-8122e8e70c84	1352	1153	39	65	of
03fef2be-c950-4ca4-a950-7dee69c5213b	101	912	60	60	510
eae29a26-29d5-47de-a842-011e343495f3	101	912	60	60	.
6740e263-759b-4374-bdeb-7fa0f8f0b3eb	168	912	127	60	barbar
e5710fce-1f3f-4b4c-8b1e-f313f7582be7	168	912	127	60	;
c1dadb16-a78a-45f9-ad26-24a7570126da	303	912	45	60	be
f1dc0556-7ebf-41ba-afa8-83f9e36c329f	356	912	75	60	ons
71f4b291-2c42-4eff-9ae5-57dd7ed70eb5	356	912	75	60	-
75430954-bcf8-44e5-83e6-545770cbfc27	438	912	165	60	depravered
278de488-d71e-47f9-88ae-dee1ef311750	611	912	60	60	lust
eaef0e4b-fd21-43b3-ad79-0fd9bc7e364e	678	912	38	60	bul
37368270-5e9a-418d-8ec7-bf7aeed175c8	104	944	64	32	and
54645a15-38d5-4a16-acfc-b85fa3727e7f	172	944	178	32	barbarous
f69ef9c2-734b-4106-9656-caacf0b3d536	172	944	178	32	,
4130d47e-347a-4bad-81e4-edf294181f66	97	974	131	45	without
4abe0a8d-c0ec-4cdc-89f7-4067afbb317e	232	966	196	48	civilization
7ebee688-eb2c-4f26-98e2-7f97e26b61f9	232	966	196	48	,
ca09d8b1-369c-460c-9cf6-205882dde675	432	962	112	45	518
57ced4a4-267c-4e84-bfc5-ccf4cda2ed3c	432	962	112	44	-
e4de9de6-79b8-4d25-a04d-3a2ea8b7371e	432	962	112	45	11
4a2aa04a-04be-40f9-9074-22801a66d991	432	962	112	44	.
8ea6357c-13cd-45d1-9593-19e8af2a8f76	73	1007	104	32	Neum
eca9a9b8-a57d-444b-b501-6f020b59680e	73	1007	104	32	,
d2544dd4-7317-433b-a476-6380dd0fa2b1	192	1000	52	38	a
d59a1fda-63db-4cb6-aabe-c720b8aeee10	249	1001	152	38	prophet
b885301b-236d-4ded-b827-969dfe81512a	249	1001	152	38	,
0775f19e-97e6-4fd9-85bb-7b7690213562	406	1001	176	38	predicted
564121f3-8e3a-4bc8-80bf-55bdd4fe6375	586	1000	130	38	Christ's
54e0c8a3-a6d3-4e35-bb60-c02c159accfb	98	1032	178	29	crucifixion
a149963d-de91-41b1-b1b6-aecc3d2f8e53	98	1032	178	29	,
c6e9b070-5959-4032-8fe0-5216754433a7	279	1032	96	29	41
6594f868-89bf-4bde-a869-b3532add2a82	279	1032	96	29	-
177e5a40-e45d-4aa0-be9f-e1b65687b4c4	279	1032	96	29	10
dfdd7097-b02b-4519-8ffe-d1814f14aaf8	279	1032	96	29	.
d0d9a364-94ce-429d-a839-58ac913af054	69	1057	82	41	New
111e63da-2969-452b-beb1-4e27c7b524b2	156	1058	174	41	Jerusalem
74665c23-1085-4a59-a350-5d89a039b5df	156	1058	174	41	,
e904cea9-2516-4876-8e4a-d68bb6af6dbb	336	1058	46	41	to
ea689ce8-db19-4f54-b21c-975326cc4cf6	387	1058	51	41	be
44feb4b0-4c9e-4098-8c03-09e5bffb0250	443	1057	200	41	established
3b004d98-e038-4957-bc35-9a4078ed352e	443	1057	200	41	,
8355cd9b-9927-4148-b592-7cfde13251a1	151	1092	129	22	444
43809a2d-4699-4b24-9fe7-2f2f4d9074a5	151	1092	129	22	-
75e7fce5-0556-4145-b699-02dadb68006f	151	1092	129	22	23
88d679ea-293e-4913-95d4-ea0e961ae9a5	151	1092	129	22	;
cff775c0-7690-48e1-9b88-3bcc6f063104	302	1092	50	32	a
93092b45-6a91-46b1-afd3-22e25cab6f2b	302	1092	50	32	,
63ea6161-85ff-4970-a41b-e78052016a79	355	1090	61	32	to
65d75e59-8d87-45e9-bdcf-0069d6bf5556	418	1086	106	34	come
be950a21-107f-423f-b11c-06380ea3c5d8	527	1083	85	33	down
e3055ebf-5f54-4a6a-99c3-cd03c2ad6d48	95	1117	128	35	heaven
ed50e95e-c8ed-4383-858a-d2102f8f0665	95	1117	128	35	,
e6f18de1-887e-44ce-a975-133e02b07276	227	1117	98	35	503
1fd39176-23d2-44ec-a767-ffb26fed569b	227	1117	98	35	-
4a1c50df-4baa-4257-80ba-1d2b5adf4f65	227	1117	98	35	3
6aab94f0-611d-416d-9a21-a7df4ce899ee	227	1117	98	35	,
d7869678-27cf-451d-873f-574ef07aeff9	73	1152	139	32	Nimrah
073cba57-f245-47b7-aab3-cf23424c1dc8	73	1152	139	32	,
52f96405-c070-44a7-9735-c963f6d85060	205	1148	72	41	son
a56ce1af-6998-4874-865e-4bc0879aa2c4	282	1148	41	41	of
bd073095-75fe-4d0d-9cc9-b6613833393e	328	1148	108	41	Akish
183681a4-016d-4b85-8ff3-671b3ee5001a	328	1148	108	41	,
a984d986-2432-467b-b73e-a149291ba79d	441	1148	102	41	494
3efeb65b-c0b0-49af-90dd-703f9d2ef9ec	441	1148	102	41	-
67b44a4a-251b-4dfe-85ab-fd6212198fa9	441	1148	102	41	8
0eabadc6-a1e1-4b7d-9f8b-b803dc1f1d81	441	1148	102	41	;
bea4848c-a40d-4414-9ce4-9f2360dfdab0	548	1148	82	41	flees
b1cfd871-2716-4c7f-befa-9a149ad93b5d	635	1148	77	41	from
55a12410-e369-41c2-a7e0-8daaa2f0f2b2	94	1171	56	38	his
4be69d18-9a47-4f1a-98ba-5f372e64fd6c	155	1172	134	38	father's
d935b79b-c6a9-459a-ab89-43df441370f8	293	1173	148	38	kingdom
8d9302fd-984e-4c45-86e2-8bb110328300	446	1175	70	38	and
c80f2e85-602b-47ca-a19d-e0ec2e916e48	520	1176	93	38	joins
b265ac54-a1f0-425b-823a-d6aa2ddc5bd2	617	1177	103	39	Omer
794c2b9d-6c53-47b0-a0dc-516194f82bbe	617	1177	103	39	,
72a52ad6-aece-4fe4-ab18-afa38c9304f2	95	1209	98	32	494
558ead29-c4d8-4a26-9f3f-6fdd816d7990	95	1209	98	32	-
86992d7b-9f30-478e-b1dd-d7bf8b2cfa31	95	1209	98	32	9
1ab8e99e-c870-4d8f-bc60-0278c76a56b7	95	1209	98	32	.
533e545c-4acb-46b6-883f-5c8ac321a5eb	73	1240	137	28	Nimrod
55b52b8e-97a8-4b38-82a1-6d65d9d78d70	73	1240	137	28	,
bb4700e1-f67c-408a-a5fb-e1a32d730405	213	1240	70	28	son
33256544-994e-4272-a861-e838c3075a7a	286	1240	45	28	of
74956e17-987c-4d81-8908-d357b5baf7f4	335	1240	106	28	Cohor
4a15b68c-01c2-423d-ba0d-b88da7135b99	335	1240	106	28	,
72613e0e-e44b-48aa-9dd1-04e2f8f39128	435	1237	132	35	490
7480c94e-ed1d-4938-8d8f-a99c5afffbfc	435	1237	132	35	-
2f16dce3-03f7-471f-b111-11575b95f7e4	435	1237	132	35	22
5a78b906-4c9c-45f6-bde9-daf81ffc006b	435	1237	132	35	.
ae3ce074-9333-4e61-9a89-8832a83ad828	73	1294	109	32	Noah
916041de-68e9-45ee-8ae6-0eaa6f563245	73	1294	109	32	,
9d0ab937-f2dd-4080-a57c-ff5da10f7100	185	1294	61	32	son
060aeeb3-460e-430a-880d-254da6f5e664	435	1293	126	36	147
ed190dd5-10bb-45be-a169-bf142036c7e9	435	1293	126	36	-
f80f5e0d-0276-4970-a8e0-3158bbda772e	435	1293	126	36	9
aa9ab89c-89ae-4200-a85b-ca2552337cf3	435	1293	126	36	;
07547e39-a836-429c-a947-52b87e02314d	558	1294	158	25	becomes
164e1aa2-8053-44ab-a8ed-62c92e344501	101	1379	144	28	hardens
90bd16f3-0e4c-4835-91bc-b99132df80c9	248	1379	70	28	his
9e00114b-5c58-43ac-b894-0f9d8966149e	321	1379	105	28	heart
c789e8b2-348f-4161-9912-137b7c28e7a1	430	1379	135	28	against
a378f89e-bf49-4f18-9fd9-1012a67ef33c	95	1401	45	73	Go
0ac077c1-2132-4251-a66f-ec585491f2b6	149	1401	108	72	orders
b3c2798a-23bc-487d-a8b5-45960acdd750	266	1401	72	72	that
c0383c74-4507-4cb4-9d65-c3aa1d27aba7	347	1401	126	72	risa
68f4e4d4-ddd7-4fc5-9d89-d028f1469b4c	482	1401	36	72	a
9cc610f2-933f-450c-8842-e4a99b989f3b	527	1401	90	72	binn
1569f8fe-d4c1-4fbc-9c6a-aea77267afaf	626	1401	93	73	16021
6ee0ada1-59a4-439b-9215-4f81f167c98c	626	1401	93	73	,
b934aad8-0969-49e1-a75b-3051341543b1	98	1458	50	66	33
932f8be2-2a64-4bc3-806f-fbbb3443f6cd	98	1458	50	66	%
2580d8fc-04f8-41fd-9df8-4186f1382fc2	156	1458	182	66	liaccuses
06b759a7-9311-41ab-9289-7fbb71f1a042	346	1458	66	66	red
4ce6e6d6-be37-4178-9fb7-abec3cc272a9	420	1458	16	66	a
079fb37f-2daf-46be-af7d-b861147425c0	445	1458	173	66	addition
2d0e9513-bbef-4804-b626-949faab0806b	626	1458	8	66	1
327986bc-4b47-4c3b-9927-fb050a1ffb26	642	1458	74	66	70
c879063e-308f-43de-9660-79ccdcca506f	643	1458	74	66	-
20ce98b3-7b69-4544-8372-fd04dbe9da26	643	1458	74	66	8
ac2ee25b-b831-472a-a14d-61e88aee5d04	643	1458	74	66	;
a874842f-86fe-4f54-a211-34b03e99db7a	98	1518	74	32	flees
d2ae99b9-7c87-4321-a686-25a72907be00	176	1518	78	31	with
10276b29-586a-43b0-8157-447d50a69afc	257	1518	58	31	his
9a2f3b54-d2f3-46a7-99b9-a5562e93592e	319	1518	109	31	people
735cd807-0537-46a7-9893-bb091223e4e4	431	1518	105	31	before
70f08ecc-24fe-4ebb-895a-2dcb39065517	540	1518	170	32	Lamanites
9ea331b5-f4d8-4f3a-af62-7c71a05a20da	540	1518	170	32	,
7c7904b0-ad41-4d41-8afa-b23ea65f1aad	98	1549	100	32	170
fc682d12-b221-4629-8240-cbfa5aac138f	98	1549	100	32	-
29aa1810-950a-49b4-8282-89bd0340b2d0	98	1549	100	32	9
03b9a6c5-fa27-4ddf-995f-07ecb6d7e906	98	1549	100	32	;
6dc60bb6-963f-4c2e-adfe-c076b491d2fc	202	1549	172	32	commands
4ef19bdb-286d-4937-b897-ed27b8a3dd91	378	1549	80	32	men
457b154a-c780-469f-92c4-0b8aaa8ae699	462	1549	44	32	to
b805564f-d63d-4193-9f3c-4f7da87f6443	510	1549	108	32	desert
17e324fc-4e0a-4886-b987-0947e4c01377	622	1549	91	32	wives
bfe711ad-af9a-4513-b9af-fb88b4478a54	95	1577	66	35	and
547485ad-af68-4a26-8f8e-a2d63529a43f	165	1577	144	35	children
0ee2500c-07ed-4c8b-8099-1ceda6597838	165	1577	144	35	,
46f06b85-eb93-4be3-bbe4-d7f485333b7f	314	1577	123	35	171
1b58dbb9-59ee-473b-9291-9f7ab9c5d484	314	1577	123	35	-
31035e0c-f22c-4d9a-b02d-83d6ad0f1bf1	314	1577	123	35	11
22848ba8-7a8a-408b-9fe3-2a9e14c5b4ac	314	1577	123	35	;
8d9e5a5c-92fa-4a36-8a3b-8d3593f7e18c	441	1577	123	35	burned
84f40b0b-fd69-4317-9e2d-1387a1ff02c6	568	1577	39	35	to
7e37288a-6fdb-4149-a47f-8e6d8fcac0f3	611	1577	99	35	death
e3f0362a-a4ad-49c7-ab9a-0f18bb3061cd	611	1577	99	35	,
7ff27020-f32a-49d3-b847-7246d8631d76	98	1609	116	25	171
2a6a3ae4-715c-4eb3-8589-b40c62ebd3db	98	1609	116	25	-
f934d9d6-d300-4ff2-a36d-3c1fb8db28e7	98	1609	116	25	20
58b2aee5-2b36-4c1f-91d8-b82265114378	98	1609	116	25	;
42c846b1-d832-4fce-b87a-df7890b4ebcd	217	1609	119	25	priests
6ebfcec0-bb1a-423b-9ad7-c4da5e5fd847	339	1609	47	25	of
f02e79fa-6494-4421-97b7-c24494b446dd	339	1609	47	25	,
0216b5c1-5dd6-4fb0-ab65-5950921826d8	389	1609	119	25	abduct
22545ba3-72a4-4e23-8982-2c1f716208d7	511	1609	166	25	daughters
cb885bd6-a063-4247-94f3-0158b0f80c0f	679	1609	34	25	ot
06fb0051-9e70-4ae9-beac-a0412f81cc9a	98	1634	184	32	Lamanites
f8c69a58-a513-41a0-9363-ed8f45456204	98	1634	184	32	,
bb2ea623-9ac6-4baf-a1f3-bc23bfbffce0	286	1634	99	32	172
d0d02618-a7af-4810-abf7-5a515d3fe753	286	1634	99	32	-
fa37c393-810d-4129-98db-321c90f758f1	286	1634	99	32	3
c9ce2c43-a8bb-4a7c-9fb8-03a88590b1d2	286	1634	99	32	.
005c9fb3-6462-4784-b4a1-388ccb3a7bab	170	1754	74	35	the
34b27bba-0be5-45c6-97c7-d36551ee9013	249	1754	171	35	patriarch
ade2c0de-1e85-4755-9605-5e6962f3de67	249	1754	171	35	,
e77b5cd0-92d8-4cba-9af0-5612a0722824	420	1754	96	32	flood
2940e1c7-07a9-4739-acf2-5c3effeb13b5	520	1754	52	32	in
2a210272-54c6-49c0-863d-2961548cbf77	576	1754	83	32	days
7f68f216-ac2a-42d0-af9f-e47e9d0d9032	98	1783	117	35	220
28e19247-d96c-4500-bacd-fd47c6daa332	98	1783	117	35	-
cfe22ebb-404f-4b69-9e4a-7b32fd2f12bc	98	1783	117	35	22
f3d24988-ef41-4807-83c7-073c0576ecdf	98	1783	117	35	,,
2ae474c4-3001-4699-a907-780a5148f9bd	208	1776	133	38	445
0b0ccf56-06f3-4f1f-bb1b-b27f8c7f5f1c	208	1776	133	38	-
5eae9c77-c349-4daf-a4b1-b415ce552f9c	208	1776	133	38	9
5bf74a19-83fa-4b50-a54e-80ee4b1d2ac7	208	1776	133	38	;
d6dc50a8-c8b0-44c6-9c6d-d994dd459790	346	1776	152	38	Jaredite
3d4d87f6-e1e6-4fba-8aba-f799e313d605	503	1776	123	38	barges
84ab5f49-ba03-4ccd-aab6-5436ddc15aff	631	1776	82	38	tight
f3d98638-7501-4c42-b107-7da1eb494c46	69	1840	101	38	Noah
448f3c40-e48b-44b8-9f19-bbb2bc918f27	69	1840	101	38	,
19356cc3-31fd-4d47-9ed4-d936bd339215	95	1808	75	63	liah
c3d0ea0c-5e41-456a-a63d-d98f8e26612f	95	1808	75	63	,
44e1a5ef-d820-436e-bff8-983d56a4263f	178	1808	83	63	wald
aa59e370-d26a-4ecc-953c-f258da28ecc8	178	1808	83	63	,
fdf56ea3-df01-4b0e-949b-8dd4292913a0	269	1808	66	63	and
01f9efe9-b52c-4736-a0b1-2999b2fb1dba	343	1808	75	63	city
70cffe35-ce8b-4b9f-8be8-a7ce343a26f8	426	1808	50	63	of
d52a50c9-1531-457f-80ca-36d813a1b66e	426	1808	50	63	,
59eb20ce-f9b3-43e0-a270-f5c490b855b2	484	1808	108	63	235
97c4a69e-c6cb-41fe-994b-5e86eb89fc14	484	1808	108	63	-
74e3f7af-e344-4bbf-9f13-c9464422c44a	484	1808	108	63	3
7cf6d274-2485-41a9-a9bd-32786c88172e	484	1808	108	63	,
0cf9fe5f-88e5-41e1-9bae-5305f1a6a2f3	600	1808	116	63	319
438596a1-7b88-46d3-8b79-6e9c5c46c575	600	1808	116	63	-
bb5c498d-db2b-463a-86db-c748ea067bd1	600	1808	116	63	12
587c4ef2-b551-4e8b-b1fa-d0843dc4599b	164	1840	101	35	land
84b3b1d1-ee01-4434-ad00-45b0a4b89f38	164	1840	101	35	,
99b4c024-34cc-41fa-b24e-a406265edbbf	95	1865	148	38	fortified
bddf77a5-7e84-4d66-896c-8aaa9d8f5071	95	1865	148	38	,
5d71307a-fb40-46dc-b651-4357c9958cdc	247	1865	138	38	319
245bc3d5-9138-46f4-b3f4-695ddb1af5cc	247	1865	138	38	-
b8b827f3-18d1-4900-a585-133af7c67c36	247	1865	138	38	13
f57b63a4-d833-4d9b-ab3c-d34d54dea938	247	1865	138	38	;
d12e06c4-ea68-4c0e-b379-beffcfb969cc	390	1865	77	38	Lehi
c819a2f4-a2b7-4e4c-bf33-2436a9748244	479	1863	60	36	in
e7126715-a13e-4750-86c3-a355353c35dc	543	1865	124	36	charge
03e0aa61-eccd-40b4-86b9-6a4891c3c128	670	1867	50	36	of
43908b0a-293b-4567-b130-c5d5a3afd463	670	1867	50	36	,
d05d8ecc-c2f4-40e3-ac61-7fe60016d837	98	1896	114	32	319.17
4d3324d0-f8f3-4b23-bd55-c00751fe7124	98	1896	114	32	.
19231154-1d86-42ae-914a-5abe9a880ca3	69	1922	138	38	Nobility
2ec3c55e-5254-4da9-b465-76477478ca28	69	1922	138	38	,
6785b358-57b1-4fa9-b9bb-a4d230a5557f	212	1922	93	37	claim
9a3158ff-ac3d-42d6-b36f-865daa4cf697	310	1922	46	37	to
e0621a2f-13be-4552-b174-9e4c885d78cc	310	1922	46	37	,
5e8d9149-3d58-4db6-9599-4b25b4533cff	360	1922	139	37	asserted
9617617e-436f-4727-ad0f-88e9a47353be	504	1922	46	37	by
1efc0a09-f509-407b-ad66-42b2d87a7dd8	555	1922	161	38	king
e4950726-ed1e-4450-bd79-695d9f993577	555	1922	161	38	-
451c745b-a211-4d0b-ae16-dd0ba7c7fa05	555	1922	161	38	men
4c7e639a-9fb4-458d-b333-6972de5647af	555	1922	161	38	,
b57cc4b7-a171-4632-b381-78f804748b0d	98	1953	96	35	325
36979cb7-ee3d-4460-818e-059c64f091d8	98	1953	96	35	-
ab1d49c9-1267-4516-9666-c1606074da48	98	1953	96	35	8
f8e74bfe-c616-446d-8a61-64c9148fed6b	98	1953	96	35	,
ef68f774-c480-4b40-8abc-ab1282e7e337	199	1953	57	35	17
c8ff9f58-c33f-4955-9a77-fc283857bd3a	199	1953	57	35	,
a8d9c7f2-2c65-466c-9e6f-5d1a640c4375	260	1953	53	35	18
659f390d-2247-4cd8-b7fa-d20c7d81bad6	260	1953	53	35	,
9288e600-3b87-47dc-a856-ed10a93a03cd	317	1953	115	35	326
4ae177b0-3429-425d-885c-9f51ca5d2e1b	317	1953	115	35	-
cda35f9b-45c0-4245-af45-3dd733f6b13e	317	1953	115	35	21
5156c6d3-cfbb-4685-8e67-c68485ff44c2	317	1953	115	35	.
45b74a04-dfeb-42eb-bfbb-efde6aafb37d	73	1978	205	41	Nothingness
f2c6fe3d-5587-4d0d-a12b-5a214f170b55	283	1978	41	41	of
17463980-a66d-489b-82b7-184d4b1586b9	329	1978	92	41	men
875a72ea-5923-459b-a9fa-5713becdad55	329	1978	92	41	,
2a246c95-8b46-4606-b4f4-19dde8a9ff20	427	1978	77	41	the
3493f647-a7bc-4e05-9450-09ff616c5459	427	1978	77	41	,
1af81f5f-4a7a-410a-a27b-582ed047df5d	509	1978	102	41	388
9dbaaac5-53e7-49e3-bb90-541fcc1e540c	509	1978	102	41	-
7def8387-98b6-40b5-a2c1-051a31f902c9	509	1978	102	41	7
8ee39b0d-f625-471f-997e-095a3e0fc7a8	509	1978	102	41	,
e2fd3aed-8c26-4f6d-8752-4778e1fea219	616	1978	100	41	142
1789d423-3164-4587-b57c-6b38fe0d6494	616	1978	100	41	-
7b81eefa-e980-4a3f-aefc-ff8388cb5b4c	616	1978	100	41	5
fda9cf89-ee5e-46b0-9146-0d649ff24ba7	616	1978	100	41	,
98638755-f30f-41e9-b442-469e138d8c84	98	2009	114	36	143
97b54d22-98f6-4c57-8843-1344542fe6da	98	2009	114	36	-
4ca0c6df-3984-4040-bfca-251111741e53	98	2009	114	36	11
f4b5c490-29dd-42f5-a5e9-c110bef14c3c	98	2009	114	36	.
21b33710-f646-4a56-beb6-286d2453122f	773	1360	98	35	plates
fff6ba49-6dfe-4ef1-88db-c2ce1c2c02c8	773	1328	157	66	pracious
ef54f408-982c-4750-b9b4-e42b1d32a1bd	773	1328	157	66	,
65aa6f6c-1c6b-4f1e-85fc-bd357fb2cbb0	938	1328	116	66	176
eb10be03-45f3-4d92-8e65-158cc22e9329	938	1328	116	66	-
5a89224f-986e-4e30-b028-82f5c672fe06	938	1328	116	66	27
9cea4d3c-6d41-499c-8345-1c472aefdf1a	1062	1328	107	66	work
934a345e-f228-43a4-9999-7d61cbe82ffa	1177	1328	41	66	in
6efa1c6b-d55a-4b8f-95a2-fd56862c6585	1227	1328	58	66	or
142c712f-96fe-4c58-a44f-a5b3d8b51f2b	1293	1328	98	66	kinds
d3fd9ccc-ef07-4326-95ad-36d2058bc44c	773	1388	44	35	of
8c39618b-622d-4e87-92ac-cf0f894f229d	773	1388	44	35	,
70c08c22-db15-4dd2-aa21-55e9d8f56d91	821	1388	122	35	373
05e487e5-1342-41ab-8470-34ba0fc34f83	821	1388	122	35	-
85c0f59e-eaaa-4b38-b216-4e52a0fff2bf	821	1388	122	35	11
664cb69e-ddac-49d0-9b27-3a94da718957	821	1388	122	35	;
ae6ec0ca-bb9d-4874-bcfb-26030924279b	948	1388	74	35	dug
a0e2597f-6d04-4798-8399-bccffd7047c8	1027	1388	66	35	and
033b037c-38cb-417e-bae6-26a1bcd78e00	1097	1388	83	35	used
74c8e555-a47e-490e-b446-889491154f3e	1184	1388	48	35	by
d7522eb6-76ef-467f-8dce-f4b03334cac6	1237	1388	61	35	the
31e66bd4-d6ae-46e8-836b-6504f3f57eb0	1302	1388	83	35	Jare
1b7b798a-0b84-4108-93bb-27425018a561	1302	1388	83	35	-
e70d3383-d298-41a1-8e2a-be03b87fa1d4	748	1420	120	60	Orihah
233a52a8-52e8-42ca-87cf-1c2697f429a7	748	1420	120	60	,
fed506ab-3d62-4dc8-8a0a-e79d21e967c5	875	1420	52	60	son
e63a63d0-e7b9-4e2c-ac29-50a40cc537e0	935	1420	37	60	of
5df58964-c013-411f-bd34-9fd8016ab164	980	1420	90	60	Jared
90486685-0531-45b4-ad5c-71fd16a76abd	1078	1420	67	60	who
55ead0b6-0e2c-45cd-a4fb-2840378e685c	1153	1420	82	60	came
642e8eaa-8e3d-4922-92d2-2be0ecc5295e	1243	1420	82	60	from
c64966a5-2670-4a3a-86f6-5a725870c52b	1333	1420	55	60	the
20ae0de0-51f1-4d3b-8191-5c269cc266ec	773	1476	94	29	great
45ce41d9-9bf8-4f37-a099-9cf786a6abc7	871	1476	107	29	tower
4c1e5cbd-df58-4d20-ae30-e41c4bb88555	871	1476	107	29	,
2cc52cd0-f311-48f6-99b2-4c18ea34a561	984	1473	127	35	479
8e59ef64-abba-48c4-b429-225c109f181e	984	1473	127	35	-
6ba49e8c-ad65-4727-9dbc-0b6e91bf850e	984	1473	127	35	32
4492743c-ad49-448f-959b-76c50e1cd33f	984	1473	127	35	,
323cfecf-537e-46ca-b0ee-9cdeec47f7d3	1115	1473	121	35	488
80dc1b41-2687-463b-9ee8-2952f78d2e67	1115	1473	121	35	-
46997143-784d-4d63-a9d1-f7e06d6a9520	1115	1473	121	35	14
2b901b1c-c71d-4349-9756-cee326517cf1	1115	1473	121	35	;
a0af68f5-1236-4f63-b34b-c323bfe2f535	1243	1470	145	33	anointed
66c03899-a818-468b-91ea-92e35598506f	770	1505	89	32	king
b2966891-0288-48b7-8c1c-ca0762101d9f	770	1505	89	32	,
aea784d9-67a9-45bd-9e13-96991352d5bc	863	1505	120	31	489
2a6e5a80-e05d-4090-adbd-9ca53ec49234	863	1505	120	31	-
59ab7b66-7ea0-4396-8c82-b28e0838722c	863	1505	120	31	27
e2d56ab5-1c20-429b-9d8f-95a7233a1457	863	1505	120	31	;
3c71dde2-495f-43ce-ac68-a53f6cdd68f3	987	1505	229	31	righteousness
1a07e11a-1cab-429a-9852-c72dcd2a73ce	1220	1505	46	31	of
9f18fa40-480c-458c-ac3f-336a6ee7c18a	1220	1505	46	31	,
133e9e9f-011d-45d9-82fe-fa6ead81a8dc	1270	1505	118	32	482
a16e0664-2e6c-415b-a348-93cd19703449	1270	1505	118	32	-
4d737c88-ef64-4690-b2e4-87895cc9a9db	1270	1505	118	32	30
754c8edf-5a36-4281-bb3e-fd487a6fbac3	1270	1505	118	32	;
f43e49c1-89f8-4553-85d2-19b597563bd4	745	1527	91	66	Outer
929f2afd-4443-4863-bbc4-6e3918f7cfe3	844	1527	157	66	darkness
c932942c-c7bc-4866-a089-5cbf5f2c3477	844	1527	157	66	,
037e8660-ef76-45c4-b359-bce486250957	1009	1527	25	66	to
48510b26-5632-49a4-a573-3a45217c9474	1042	1527	41	66	be
2aab4c13-46eb-4296-88e3-3b1dd793d329	1092	1527	132	66	suffered
f2382364-09eb-4e7c-93d8-752182d012d2	1232	1527	41	66	by
bd8fb74a-16b4-43f0-bd56-10ef72766670	1281	1527	107	66	spirits
bf8c79bb-6cc0-4f50-9f78-52978bfdbd59	748	1584	52	69	ox
bb305441-61cd-4d34-9235-5779e0e48b7e	748	1584	52	69	,
f3cf58d1-0074-4e2f-ace8-889d00d5a746	808	1584	95	69	tound
35112adb-0a9e-48fc-931e-e5723ff94041	912	1584	34	69	ic
c21791bc-3c41-4839-9169-c9e3ac48c223	955	1584	52	69	ede
de0c3795-551b-4e93-b71d-4163d896c817	1015	1584	78	69	land
a4aa6f7c-0447-4cf4-a62a-f50d7a509c27	1102	1584	34	69	i
6d085ba4-044b-43a5-b479-0fd127771854	1145	1584	138	69	promise
b78bcc69-818d-463d-9826-534e9653734f	1145	1584	138	69	,
b73df3d6-d99a-49d3-b03a-a37b7e509139	1291	1584	100	69	40.25
a825b325-36ea-4928-817a-662e7793c10c	1291	1584	100	69	:
dc548dd4-dc1d-4ec6-b0aa-addf30bfe4cd	770	1646	70	32	lion
1d5b1ccb-9b96-43fd-8822-3e0063c64878	843	1646	43	31	to
fdd1d4d1-5426-48d3-b686-4ba79a80fe38	890	1647	58	31	eat
d86ce2e1-cf70-42d0-9477-f2033af2b821	952	1647	101	31	straw
d13693cc-6ed1-40a1-9194-297e9089f3fa	1056	1647	66	31	like
b8b16e9b-ddfb-40ad-9630-d9c896702688	1126	1647	74	31	the
22f0103d-1d29-4111-a798-2d38971222d1	1126	1647	74	31	,
c8de93b1-6ce2-4b57-b9ba-24b5e069c3b7	1204	1648	112	32	103
630deb4f-c94b-483d-bd19-801cfc458d90	1204	1648	112	32	-
8e4d9a39-cf5f-4796-8edf-86063371eaeb	1204	1648	112	32	13
e553ec6c-20dc-41ec-8e53-c67748304b7b	1204	1648	112	32	.
d925d037-50bd-4e5f-bdf6-537753e304ce	770	1748	44	35	to
95b8fcff-d3fd-4853-9993-1be9fe5fc8e1	818	1748	105	35	death
91c0139a-5e21-4abd-98b7-cde52eea359d	818	1748	105	35	,
5104398d-3181-45ec-87ab-8814a5c58ad1	927	1748	101	35	360
191fab9f-3a31-47f2-ac89-756c3b3d0d30	927	1748	101	35	-
279d69bb-9883-4975-b5f1-9bd25acf20f2	927	1748	101	35	8
d49ed6c1-d5db-4593-b24d-b81e08230edf	927	1748	101	35	.
81c02c19-6c19-4b34-9728-40a2b9abb3c5	745	1776	143	38	Pachus
38785c2e-289b-437b-a824-dd0643bc46d5	745	1776	143	38	,
01949cf2-5aea-44f5-9fe3-2d25135cddb2	892	1776	123	38	wicked
e470c878-fb5a-4c4b-892e-9e3fa75e3ad1	1021	1776	95	38	king
1b253d7a-a8e0-4a33-b07c-962b69c885a7	1120	1776	47	38	of
92f838c8-8289-452f-9826-e6d81d7abb9f	1173	1776	143	38	Nephite
99093d40-7c6e-4343-9a0f-2b1d8a0232d3	1320	1776	68	38	dis
7df25a93-4f74-448f-a137-64577fcfd266	1320	1776	68	38	-
cb53ec8d-bb90-4859-bf3e-1b7d49ed46cc	770	1808	133	38	senters
82361386-3f96-4c21-b551-e5f1a0a81ae8	770	1808	133	38	,
039ee476-a092-4327-b5d3-c3dc858984d0	908	1808	109	38	354
ceaf7f10-0401-4945-9323-4ac0291f39c3	908	1808	109	38	-
a1b8fee0-a6ba-4ac9-a259-1e2039606ad9	908	1808	109	38	6
6233e543-a43c-4e7b-a7ec-d0240b53a344	908	1808	109	38	;
d600d4df-0ada-4213-a1bf-93c72f17a16b	1022	1808	95	38	slain
6b204a8a-da6b-4578-86e1-8a7c7ab81572	1022	1808	95	38	,
2cb72255-91be-47ab-b571-524ec260b764	1121	1808	99	38	354
01bc90da-695b-4d1a-b9c4-4b81742bafe2	1122	1808	99	38	-
314fe6cc-0915-485e-b3df-03fa14403b87	1122	1808	99	38	8
dfb019ae-0cf4-4cb0-a395-02dce2d7a004	1122	1808	99	38	.
034e1761-d4bc-4836-ab3f-ebdf3beb513a	747	1834	165	32	Pacumeni
d3597d0e-0a7b-4737-85ec-01442e3467c1	747	1834	165	32	,
499b986f-77f9-49cf-bc09-25924bb9580d	916	1836	68	31	son
f8b18c71-a8f1-4147-826b-64566d9bd1c7	987	1836	42	30	of
a53ca1ec-611a-4b78-823b-4e5a070ee20f	1032	1837	147	31	Pahoran
822e86da-f96a-4da9-a8b2-b5a5552aa848	1032	1837	147	31	,
60114e5a-ba24-4418-adda-fd86238d339a	1182	1838	150	31	contends
59cf5140-7809-442c-b6b3-7af46bd88704	1336	1839	49	31	for
b9ed8200-534f-4696-a25a-b08964a4df22	773	1868	61	35	the
f32fc720-8645-4088-b56b-573bea3a15e0	839	1868	249	35	judgment
c8fc95c6-3be3-4bf8-89ef-11ad867ddd7f	839	1868	249	35	-
c54d0732-dfe8-4f8f-81ef-7be26c1ea10e	839	1868	249	35	seat
fb785f4c-1c9f-4e57-808a-dcddb10fbe83	839	1868	249	35	,
0524cbc8-7e16-4dee-9771-76470b61f528	1092	1868	109	35	359
e5e4a063-878c-43e2-b12c-10b2b9beb113	1092	1868	109	35	-
0616e7b5-1082-4529-9f56-06b226ba2397	1092	1868	109	35	3
f9cbb856-fca5-4b97-97ca-0bf4dff84e63	1092	1868	109	35	;
581fcedb-d86b-4e08-befa-0c724e3f1723	1206	1868	140	35	submits
c4417e82-a2e4-4b66-90a6-0a8549875cc9	1350	1868	31	35	to
23a5851d-f6f6-4eff-9111-12085ed7c292	770	1896	60	28	the
9c93e5b4-33dc-4a5f-896c-9699ee21b333	836	1896	98	25	voice
709aca92-7067-4d1d-bcad-280ffadc48c8	937	1896	68	32	of
412fcd84-c7b8-4f29-9724-5464708c2e81	937	1896	68	32	.
cf86653e-cdf1-4fff-bcb4-85ecb139c706	1009	1896	64	32	the
e47fcd52-4d93-4213-b88c-87a51a621745	1073	1900	137	28	people
cab45f6f-a31e-45c5-89e7-c9b6a3739915	1073	1900	137	28	,
90a1dd02-d056-4b31-9904-9042e139cb8c	1213	1900	99	28	360
3f393e6a-cc8b-461c-9d11-9d38798f5810	1213	1900	99	28	-
0bd9e32b-edd5-4777-89a2-c8a6950d5cd6	1213	1900	99	28	0
8ae2a95b-be5a-47f7-9276-f2feb411dd54	1213	1900	99	28	;
08b2868a-fada-499b-82f2-5ec13014820c	1328	1900	57	22	ар
94ce4bd7-c210-458f-84a1-420ea6562a8f	1328	1900	57	22	-
8ad48542-3df9-441b-87ce-a9f29452a654	773	1924	120	32	pointed
d7cda118-bf2e-4584-bd29-9c19e3a66c92	897	1925	85	31	chief
d2906dcb-7ad4-429a-9c4d-48a078c164b7	986	1925	93	31	judge
5bac3e1b-8138-49cd-9419-264b91c76807	1083	1925	66	31	and
392a803a-de3d-4529-b80b-0b58929b0692	1153	1925	159	31	governor
1eb1d960-16a6-49ce-a7b3-416113216966	1153	1925	159	31	,
069b9103-07ff-4e97-9cff-8d9526ae64f3	1315	1925	66	32	360
69f134f8-86c5-4fcb-bc16-be6c87d1b511	1315	1925	66	32	-
59a3824e-0dec-4ed1-894c-d43b3dc0b3cf	773	1953	56	32	13
e0825298-0117-441e-be81-486b9b8f528d	773	1953	56	32	;
d3e2dea5-d4e2-4bed-87b2-625afa162d38	833	1953	88	32	slain
40f11393-5e0d-48d0-a619-fe9976e84834	925	1953	52	32	by
e4310c46-38bf-45ea-b8ce-3d3a6ba23fa1	981	1953	200	32	Coriantumr
f2be328e-b47d-46aa-abcf-6de76d1260f2	981	1953	200	32	,
b130fe94-804a-4ba0-80ab-3800860a48be	1185	1953	102	32	361
2067afb3-1ace-480d-874b-c73545653cc3	1185	1953	102	32	-
c62ee2ce-3b69-43e0-8dd2-d8b218696852	1185	1953	102	32	21
1c5b81a6-796d-43fa-860f-e58ec449f817	745	1982	115	35	Pagag
9a7a6879-ff3f-4c60-8cc0-ad375d34f1af	745	1982	115	35	,
59b86983-14b9-45f3-ab89-df79daaec68b	864	1982	157	34	firstborn
e3c83ed5-469e-4abf-ac74-b7c8af3c6d0e	1026	1982	68	34	son
9e1dabc8-9973-4edc-87ab-2b6300679135	1098	1982	42	34	of
1831abae-d6d6-403d-b8ab-52173ab3e91e	1145	1982	68	34	the
ee861962-522e-4b07-941e-8be25f8ff597	1217	1982	128	34	brother
7cd94eb7-a28b-4d29-b8cb-dcc033cec083	1349	1982	36	35	of
8dda3224-8a66-4b5d-bb09-17b5c080f3dc	770	2010	101	35	Jared
85eee50e-3f1e-452d-b321-e8aa8e4b3337	770	2010	101	35	,
7452e5c5-8648-4438-897e-8f7e72e710fd	875	2010	112	35	489
d01d7eca-633f-4116-8733-a267906ab045	875	2010	112	35	-
307e2d51-afbd-43a0-902b-1e1e4d6504a8	875	2010	112	35	25
d3570d9d-5f1c-434f-9e26-a6229f3d1ce5	875	2010	112	35	.
