ID	X	Y	Width	Height	Text
9db8e0be-77c2-486b-9d44-5633f1b87094	76	107	69	32	562
ed90e780-eb4a-4253-a4dd-f4baeafb28ab	107	197	50	58	0т
24509ae3-b18d-42d3-92cf-d1dead7f40f1	107	197	50	57	:
62bcdcdf-7033-453c-bb54-ba7bfebce366	163	198	122	59	107
ef549bf3-8a46-4525-9528-5accdc7faf07	163	198	122	59	-
03c708c6-d15c-40d4-b2ae-c4e5ea30d874	163	198	122	59	31
e02e11bd-c43f-4ccc-8c03-8448989950dd	107	254	111	31	392
d6fa4103-d496-4f4b-ba7f-054c0b9592e1	107	254	111	31	-
caf9bcb0-19a5-4d2f-9a34-380bc0058ab6	107	254	111	31	38
ba57c4e0-1f28-4826-9fb6-547ebe78db8b	107	254	111	31	.
8ed07331-e2b1-40fa-ad87-a71ee4b75f36	79	281	219	38	Proclamation
edc43ecb-d584-4899-b198-4f3f2e1f7123	79	281	219	38	,
ab9d11cf-ffac-4f1a-8984-58a25cce3d8f	302	281	161	38	gladsome
63785893-0bc3-4a6c-ac39-eaa3f2100de4	302	281	161	38	,
15fb9527-7108-4e61-8218-6a6e177c6757	469	281	47	38	by
dfa3c1ad-7d0b-483b-bb5c-0240b3e26830	521	281	100	38	Limhi
061538c9-f45b-4155-af7e-704069fc3ce7	625	281	38	38	to
009c3d4a-26c1-452d-9484-8d29c0b4d226	668	281	51	38	his
a945fb62-be90-4288-af11-910c563cb44d	110	312	115	28	people
9b9d7c47-ae87-45aa-be31-ed208965906a	110	312	115	28	.
31e09d30-f9b8-4890-91e0-913eeb1ab603	229	313	129	28	148
9f47f0a8-21ff-4a9c-9e29-bfb95ac51998	229	313	129	28	-
1133d83b-45a7-475e-aa2a-f24735860227	229	313	129	28	17
99b6736f-bb08-4624-8614-69a3f9d7fae1	229	313	129	28	;
4021f21e-8ac7-49dc-a49c-0fb05f27f7cf	362	313	56	28	by
14752e6f-aff9-425f-899a-9405190ab7bf	421	313	189	28	Lachoneus
bdf60f3f-1b4b-4e38-96d6-b309f940483b	421	313	189	28	,
90bc23a5-efab-4799-82e4-1ffbc165597b	614	312	39	28	to
eec15be1-2e5f-4038-8209-44231aca937f	110	338	129	28	semble
ab1fe15b-9906-4e95-b31a-fa2c325ceec7	243	338	126	28	people
68c717d3-9399-4755-9c29-6c1c86d9555b	372	338	73	28	for
9d4f66c6-d3a9-4e1d-9a02-413d5c94fe18	449	338	121	28	detence
9ed39358-1c9d-41a2-91d9-4497b90c602b	599	315	120	58	against
0314c8b4-e64f-4291-a5e0-bb2411725065	79	366	256	73	Procrastination
43d8ec4c-1fce-4853-8b34-124af3081956	79	366	256	73	,
c9ae05e8-9530-41be-a2cf-315bd7a402c2	344	366	46	73	or
34469e38-cd20-4694-ab6f-73dd965b0b95	398	366	73	73	day
f7278b8e-07ca-4063-924d-c0948c72df82	481	366	46	73	of
d6654ca1-0029-433b-b289-1b2e713ea2b4	535	366	190	73	repentance
be74f7cd-28b5-40eb-9984-040d17b6a4bf	535	366	190	73	,
ddd679b9-0c5c-4889-9e99-963e31a4489c	107	428	111	36	283
e6d8c523-812f-41fd-88fe-efa62e6e9ba4	107	428	111	36	-
09872b94-edd1-4eec-81d1-a568eb7a17c3	107	428	111	36	33
55beaf0b-6cf7-4f89-b0b0-8ed28dc1b5ee	107	428	111	36	,
225aae88-b9d4-4a40-899e-25f0f753a4de	222	430	56	36	35
eb8ef598-4e79-47f8-bdf6-873b2e025f96	222	430	56	36	.
769e2d19-2c3c-498c-a333-0b1e9caea14e	79	458	152	38	Promised
a18c7f57-2e2e-4034-ba11-507e5ff5d780	236	458	86	38	land
a6bfff04-84f5-4afc-b7b7-7522078fffba	236	458	86	38	,
6f617c32-0911-4524-ace8-bc92768d22c9	326	458	62	38	see
18a10f91-c6b4-4054-ba52-5c355cefe72b	393	458	90	38	Land
226f0279-c588-435c-aa93-028c3e57388a	488	458	38	38	of
5c3f20f9-e277-4872-bc6b-072438735a5e	530	458	148	38	Promise
eb9a3ecc-8643-4d02-8523-dc8136c69f96	530	458	148	38	.
0966339d-0d68-4aaa-9dab-16176537eeed	79	491	161	33	Promises
636332af-7c13-4ca8-b90c-6dac60296361	79	491	161	33	,
da538e06-30e4-461d-b3c4-88d07fa7d76c	243	489	171	35	according
5bcd3d3d-f85e-4143-a520-2a419207ca14	418	489	44	35	to
4cba4628-7243-43a5-bbe5-cb69b4fb3af9	466	489	66	35	the
4b3c8f11-7be1-48d2-bfb2-7bc360632453	536	489	101	35	flesh
4c53a59f-04f5-4532-872b-492ccad95b7e	536	489	101	35	,
24ec7322-f558-4f74-9eb0-584d260e1937	641	489	81	35	71
356a2bb5-93c7-4555-8b3f-9b8235a8f136	641	489	81	35	-
cb5077c7-f95c-4783-be65-3a64bc7a6e08	641	489	81	35	2
0d3fec72-f7ad-4d26-8cce-3f96b56f8fb0	641	489	81	35	,
4a167e61-2e8e-4006-9e9d-c80f0a9524b3	492	574	77	28	led
ced3127f-3536-4fbd-a025-3a8070958708	572	575	101	28	away
c552561f-0701-44fb-a73c-0c0433be9b79	677	574	39	28	by
258e2584-37b0-438f-96b9-eab12f08758d	82	633	179	29	Prophecies
8b5a4d46-f455-408c-87e3-830fdf04b766	82	633	179	29	,
6ddb5e48-0129-4435-ab9e-19762e4844b9	264	630	186	28	concerning
d9c35714-f2cf-4a12-9639-b22bea585486	452	629	91	27	signs
f4c82de3-b3f6-4bcb-91ee-bf234abd3777	547	629	43	27	of
6b97e660-fa27-4496-9911-d99dd6320760	592	627	124	28	Christ's
a3df3fcb-175e-4fe8-a6a4-3c1f699c8820	110	660	89	32	birth
c733c82f-9ecd-44fa-9025-7150214937aa	203	660	140	31	fulfilled
951c9f19-121d-47be-a010-06878c5dcb34	203	660	140	31	,
498d1118-1b46-41af-9aaa-be4e5a1c63b4	346	660	112	31	399
d2e0caf3-0c13-4e84-858c-bf2afb81b75c	346	660	112	31	-
52448909-7f3b-4326-b816-8cd962a72e63	346	660	112	31	4
d1246a42-f3dd-467e-b194-cb3e6a9f4414	346	660	112	31	;
15833833-621c-4ff3-8e91-aceb25bec33e	463	660	50	31	of
8a41c6ba-923a-47e7-9339-4067f4bed9ea	517	660	136	31	Abinadi
c1706acb-f067-417a-b362-82175a61b30c	656	660	60	32	and
f443a55f-ad6d-42f8-8961-77ccb5c1565f	104	688	118	35	Samuel
cbef716b-3291-4133-ae26-51ec1d1ff703	227	688	61	35	the
44f907ba-958e-4078-a5a6-2868b30accd4	292	688	171	35	Lamanite
ac57293a-aac9-4bc8-98bd-0fc933888fce	292	688	171	35	,
6fc59896-a238-4c41-a95a-06e847b13dbe	467	688	136	35	fulfilled
6c3ecfd6-269f-4fdf-917f-bc3187c65ae3	467	688	136	35	,
aa71fc0a-7f16-4a21-b764-2b9280aa5bfd	607	688	115	35	461
117d47ef-9698-4163-b744-d22a85caf740	607	688	115	35	-
fb0b30db-a99a-475c-986d-d5c7cbdcce8d	607	688	115	35	19
12eff50c-d3b1-4770-bf00-90b0a28a250b	607	688	115	35	,
2e6ce7dc-6b6f-42cf-9de1-abaa540964a4	104	719	114	29	462
84fd2cc2-7afa-4d05-84d1-51eb7431fedd	104	719	114	29	-
787079e1-cd61-4f44-a0ef-66e2a22d4d9b	104	719	114	29	10
de2e784a-7007-44af-b6d6-7ff1febe5f9a	104	719	114	29	.
6006727f-a41e-42c0-b125-4128af127204	76	745	162	38	Prophecy
c766dba2-b3be-437b-bd46-8fdcf79df742	76	745	162	38	,
8390aa18-d083-45e1-bcc1-51929524ea14	242	745	33	38	of
a9655baf-988c-4426-8f1b-01a9f51616b1	280	745	100	38	Nephi
a3c81a26-7bcf-4d7e-871e-4c68851fec0e	385	745	181	38	concerning
0b21bab4-cd36-43c7-aedb-54539d3f77bc	570	745	57	38	the
8d53040b-9258-4714-ad27-70ca3320b69e	632	745	91	38	Jews
5592f61d-c64c-4f58-b981-4bcb4971f4f3	632	745	91	38	,
a1025243-ee4b-4c24-be97-bc0bab6e0862	104	776	76	25	89
c167f43a-832b-4bef-aea3-9af4c9ff6321	104	776	76	25	-
5fbbe60c-3638-4916-964b-c8a4b37578a0	104	776	76	25	4
72c87a92-f770-4681-8cc1-b85f193e57d2	104	776	76	25	.
0d80f584-f25c-4767-8a85-e87de736c284	79	802	153	35	Prophets
c2079249-f63a-4117-a8f4-7556b20d26e0	79	802	153	35	,
85e3bfbe-00ca-4369-bcf5-a4e9a4eddb66	237	802	83	35	Jews
ec2811d3-a410-497b-89d1-5361476479f7	324	802	179	35	understand
30d687e2-9664-4f61-85cd-7b106bb54b4e	508	802	66	35	the
e9bfd8e8-45e2-4ae2-b309-2a2494c043af	508	802	66	35	.
f15a49cc-85d1-4316-9df3-af2089cdae8d	578	802	87	35	89
99a01110-ac5d-44fc-8047-3db109880962	578	802	87	35	-
e3f1f2e6-c3c7-498f-87f2-3bb05431949f	578	802	87	35	5
82e94307-8cd4-4970-8f5d-079d8e5f3d05	578	802	87	35	;
dadcc18d-fe80-4e21-ad0e-eea73a94a17e	670	802	50	35	re
48179156-baec-4122-9b85-51b0456c75c4	670	802	50	35	-
e994dbe2-2125-4459-95fa-1212edca8480	107	836	107	25	jection
3d9f8ea3-f8b5-4db8-b646-5220287e5a80	274	830	90	29	96
25ad480a-a90d-45fd-87db-56547ec0320d	274	830	90	29	-
9f95738e-5083-4b1b-805a-692373562ab3	274	830	90	29	5
9a1c19a9-6d91-4944-9795-92e9c75ab3f6	274	830	90	29	,
26afffec-1185-4d9c-b49c-c535ad687b08	368	830	109	29	122
24fce357-3789-4389-9b9a-f85dc477b911	368	830	109	29	-
69026822-2190-452a-9192-1bdfe05b44f2	368	830	109	29	8
782e902f-ecf7-4e44-a3dc-cea38e8a8107	368	830	109	29	;
50d42b46-e6ed-4282-8160-566f278af092	481	830	192	29	persecutors
aa4c27ff-ffb1-4bcf-9f4f-1178029384cd	676	830	43	29	of
8b2cbaff-9f9c-44a0-9dfe-be5454af39a9	676	830	43	29	,
ed68fa6d-7f0a-4079-ae08-dcacb6146c66	104	855	173	66	Jewshed
2f89e541-4e88-4777-b1f7-aae7d5bf0f9d	286	856	198	66	node
85ed457d-7847-4efa-b0e6-0c2fbc048575	492	856	99	66	mashed
b8dcacd9-e164-4876-bd71-54c95e8d60a7	599	855	123	66	lags
7de8ca73-5fc5-497d-8946-27444992ff67	662	101	145	35	INDEX
ee9112ba-b790-4430-a321-15a1007d685f	107	997	113	31	liberty
73152442-03a8-4579-a4da-9635376b8c09	223	997	45	30	to
f2c30445-9e44-426c-888a-6d44b556fe40	272	997	112	30	travel
64c8d977-cf87-4157-87c4-655f7c028356	272	997	112	30	,
8ff16721-00df-4b92-a1bf-311b5d5cb1ef	388	997	56	30	by
3bbc3ef1-da58-4375-a30c-d9d5cdc4b808	448	997	82	30	king
0f8bc0b8-9666-4e81-b485-656626f74b65	535	997	109	30	Shule
d5893047-038d-4db6-b08e-1efbfaf858bb	535	997	109	30	,
a395b53c-b7af-492b-a422-a0a31ad4ddf0	647	997	69	31	491
c38a288f-3420-4fb0-874a-656380f39493	647	997	69	31	.
397ff808-b230-4477-848d-af6d182c3226	104	1029	48	35	25
07af52a5-6399-4962-bd50-02af5de9a5cf	104	1029	48	35	;
a8e94058-c2e7-4dd1-b98c-bb60b7876875	157	1029	144	35	Jaredite
ed923928-7946-472b-8080-1fdad1665a79	157	1029	144	35	,
6d5709c0-49b4-412e-9245-ddcaf34dd3d9	305	1029	131	35	brought
3fcd5bfb-35f6-4232-875b-cc719243adee	441	1029	92	35	about
a1d5e9e8-5d72-4503-862b-81e8b02deb2f	537	1029	185	35	repentance
96c61479-4bc0-4769-af5c-84a6fe931487	537	1029	185	35	.
456f51e7-5483-49d7-bb2b-14ac7f6779c5	110	1057	127	32	491
bca677ef-5f14-42d9-9b04-cf9fd34c0c79	110	1057	127	32	-
767949ac-c50f-43d8-8663-e879aa3ba5f3	110	1057	127	32	26
0ac0842d-3101-40fd-98a4-0b06b092ef18	110	1057	127	32	;
2c04940c-0c3c-4edb-a9e4-938a54e6f3f5	242	1058	155	31	Jaredite
981cb862-d2a4-4b5b-b9a5-642d72a1e50a	242	1058	155	31	,
3a261146-b44c-4488-9a42-ae0742f1cfd0	401	1057	57	32	cry
5e813a8b-20e7-4ee8-9030-076b6d397b30	107	1081	113	33	people
ac57ff4e-ecbe-49e4-96d8-43b2286029b6	223	1083	42	32	of
02ed5c2f-16af-4015-b7c7-9239f600f261	271	1086	107	35	Heth
ae9cc77e-40f4-466f-965e-c092c383dee1	271	1086	107	35	,
2ab330d1-31cd-4335-892c-1bd4a276e748	476	1060	203	25	repentance
2f7921d0-7a3f-4da3-a31f-5a3e9c525fe9	682	1060	37	25	to
4cf32bfa-c7cd-46ca-8f86-e1f24ae959e8	394	1086	126	32	495
3896f5bd-ceb5-4549-b2b3-f11770fc9ed3	394	1086	126	32	-
924a897f-a623-4ab4-899a-772bf0ab748f	394	1086	126	32	28
dec0d24d-c0f0-4f3c-9716-54d9a9d3f25f	394	1086	126	32	;
bfcbf95d-1d2a-4f6c-b34d-c62a8c5e3ea4	104	1085	79	63	econ
7dca49a3-b953-4177-b057-f4e57b3cb12c	191	1085	31	63	co
68b97659-3f2a-4449-bc50-ac527e586934	230	1085	94	63	death
7d0d0d72-ff73-4044-9476-c3e3ba12152d	332	1085	47	63	by
bfb9e930-d1a7-4c55-9996-a4118ea65cea	387	1085	102	63	people
ce9e5e97-54a0-40bc-938d-7e4e48e4bcb4	498	1085	39	63	of
46976cea-7378-47a0-8b61-34c3ed8c376e	545	1085	94	63	Hat
d908ae9b-4f2e-4dfd-89e1-019ac3dd2230	545	1085	94	63	,
51dd589d-26e2-4af5-9dd7-97322261b2d8	647	1085	72	63	49s
c01f0d53-b9bf-4da0-a76d-92dc32a9e6ae	647	1086	72	63	:
6070f44f-c9d5-4f5d-b3e1-558d07cae22d	79	1167	185	38	Prosperity
b4544a29-b367-437e-8653-0aeaccf2f61c	79	1167	185	38	,
e63cab02-f730-410b-9a8a-a2b2ee5b43e7	269	1167	47	38	of
eb6527c8-b060-4d94-a08f-918b3959ec52	321	1167	66	38	the
7e563bed-c53a-401b-9672-0efb8e89c62b	393	1167	133	38	church
b217750d-7076-4bb2-84b2-64b3bf1a3348	393	1167	133	38	,
ae6f92bf-3370-4a8b-afef-32de274b3d66	530	1167	52	38	in
be7cc17c-e24a-4357-854c-15d22ff1bd47	587	1167	90	38	days
12b0e1b9-6a30-457f-9eb8-9ec091ca7fd9	682	1167	37	38	of
bd48d642-78bc-46bc-8380-c4587fee59fa	104	1199	155	32	Helaman
0a16fdfb-bfeb-4a58-9e64-78e383f7c34a	104	1199	155	32	,
c0b52937-cc20-4f0a-b1dc-b606b5ca5067	263	1199	116	32	365
c69f1111-491d-4af7-8393-c9636b35b8eb	263	1199	116	32	-
5b114294-c755-4164-854d-54f7e03d6760	263	1199	116	32	25
4bb8b654-7854-44d0-9d07-4c9a6ad9813e	263	1199	116	32	.
2f6f2bde-fb24-49ef-9de5-ec20e2a8abaf	82	1227	199	28	Punishment
25d86066-b8f9-4f98-aa48-06637a537990	82	1227	199	28	,
f7592490-4bdf-4463-b898-84a2fc9a46c5	285	1227	59	28	no
3086d063-7cd9-4776-a34e-1d5a1420125c	285	1227	59	28	,
8de2de20-3209-4a6d-84c0-e16e2cad3186	348	1227	105	28	where
2087b3f2-ca82-42b1-8d0c-b4bfe1ddd6c8	456	1227	94	28	there
3babcd62-ecf3-49a0-a2df-a707fef25d86	554	1227	38	28	is
5cd5a17b-43ee-4f20-9284-6e218733a7ef	596	1227	49	28	no
f310db82-5549-4829-8ea6-8b45b213ff0d	649	1227	70	28	law
0a72970d-42ff-4c6a-accc-3ec7b384be0a	649	1227	70	28	,
0732c179-d55c-4fcd-b776-d07d92cd5516	104	1253	100	55	69.25
ec433025-aca4-4d96-970d-932d243acedd	104	1253	100	54	;
013b2996-7720-4531-833a-3e17042beb17	210	1254	126	54	Sherem
d985c31d-89b8-4f85-88f9-4f6d03d1e1d2	342	1255	113	54	speaks
c53a6b62-443a-4a9f-bf45-ba93fdebe2ca	462	1256	120	54	were
e6cb1eed-d924-4946-80fc-4a5f7eef8e77	587	1258	60	54	of
fd7fe87b-9655-462e-9cfd-ca39cdb09cef	654	1258	63	54	the
814112f4-6ec2-4240-b9fe-a12a9d4577dd	177	1284	213	32	everlasting
1e869074-1462-4791-8d71-6737d988e26f	177	1284	213	32	,
a94ca098-2b1e-4bb4-98a6-3159c94753c0	394	1284	57	32	the
de36abe9-459b-4807-9bc5-c78ee92a7742	480	1291	98	22	wages
1a8809dd-4040-4f32-93c7-d4b1ac386ba5	76	1312	87	63	Pure
333b9356-6d7c-4c71-94a0-43cbe8ffa59e	76	1312	87	63	,
b898de6e-5cfe-4970-9e61-abade22bc0d9	170	1312	39	63	in
e44d96e9-3e64-4b56-b99f-ac8da8cc9ae6	218	1312	102	63	heart
04712342-4084-4356-a178-fa1b6abe58fb	218	1312	102	63	,
2ae20e25-027b-490b-8633-046482ad7d37	328	1312	102	63	112
936e1d27-29fc-42a6-81a0-11a4742907e9	328	1312	102	63	-
3352966b-869b-4182-89f8-363e13577c8d	328	1312	102	63	2
5d16d051-2315-437a-a8a1-a797d59f3c0f	328	1312	102	63	;
9ca7dbcf-75a9-4eee-a5f5-58f9701cb95c	438	1312	134	63	blessed
797944d3-9ff3-4e2d-a819-fef377f01cf0	438	1312	134	63	,
c61f0a37-d38d-4fec-bbc2-fef12a2fff68	580	1312	95	63	424
63ec10b4-426b-47da-afa7-08f6cd3a52f2	580	1312	95	63	-
fec42d08-3f5b-4dd6-b354-f6d2dc6b8c2c	580	1312	95	63	8
9f5e6bbb-bf3d-49d5-9cab-871d8fc64883	580	1312	95	63	.
23cba972-196d-43c0-be6b-d9584e225c75	76	1394	148	38	Quaking
cd255632-1a48-473d-be6a-15dad802e27c	76	1394	148	38	,
0658e078-dc55-4258-91a1-262df7a628d1	228	1394	43	38	of
4d7e6e02-143f-4df0-ae69-46d1e1e0d450	276	1394	62	38	the
6dccdc9e-deba-4967-9023-824e3d7a8e34	342	1394	104	38	earth
a55a3e6a-2298-4375-a869-8641e41751a3	342	1394	104	38	,
6c721b86-2cde-4f64-9df6-8916733cc798	451	1394	86	38	20
33495e88-174a-4bc2-8d60-a243e5290af3	451	1394	86	38	-
af864ca7-1065-4b7b-8d8b-7db48c2de014	451	1394	86	38	4
1b77dc32-5137-4ca6-aa13-347b1d0735c5	451	1394	86	38	,
376a34a3-e343-47c7-a9a6-f114b6270388	542	1394	100	38	388
9db71969-4236-4ce6-99cd-10fbab944adc	542	1394	100	38	-
3562c349-e522-40fa-ac50-5345c714495c	542	1394	100	38	9
62d0de07-59ac-4580-8354-14d231966011	542	1394	100	38	,
84cf301b-9635-4510-a51d-360709e2065d	646	1394	73	38	416
004af329-fe40-41b7-8e6c-3e41e251ea28	646	1394	73	38	-
42a7fe7e-3b26-41b5-8468-85ddfb4905d6	76	1448	118	41	Queen
f3fae07a-e6e1-4fd7-83ff-0e802cd370ae	76	1448	118	41	,
94917b3d-6e00-43e4-8f51-520abf8ef847	199	1448	82	41	wife
d0ee6233-2043-4140-b8db-1f2a3c9f63bd	286	1448	46	41	of
43b6c513-9319-40fb-8775-96dd76caf8ff	337	1448	87	41	king
8da0a4ca-e401-4dfa-8fe8-1cf304ed93ab	430	1448	144	41	Lamoni
3f60b660-9e76-44a5-9372-7a3b86537835	430	1448	144	41	,
b737a31d-6372-4727-9cfd-6c1c0060dcf3	578	1448	138	41	counsels
c1423df6-b17e-49f6-a38b-c006917b6533	199	1483	144	28	Ammon
1916c73a-91b8-49c5-b456-53802a612413	199	1483	144	28	,
986ebd24-47c3-4316-aecd-3ff4df95ed20	346	1483	119	28	244
9c388c93-cb95-4f0e-90aa-01f17321ed7e	346	1483	119	28	-
8be264d7-dea4-4b39-964d-b19f864194f8	346	1483	119	28	3
4b0c2d63-5ef3-48e8-82c0-593085357b9a	346	1483	119	28	;
ee211166-5382-43b6-be97-c8ea4ee16ae6	468	1483	99	28	widow
a14ef2f9-1403-421b-9a98-79df23b6dfdf	584	1480	56	35	of
5d579f17-a577-4686-9ddc-d0af41eebc72	643	1480	73	35	king
66523d9c-70d9-4be7-977f-2261b43b4799	107	1506	132	32	Lehonti
c05711d1-124e-4fa7-928f-b3adc757b313	107	1506	132	32	,
1cd7010d-1b78-472f-861b-a6a6a8d68dd4	243	1507	128	32	marries
98a6dbe7-45b8-4937-8c82-21cde6178559	375	1508	198	32	Amalickiah
50fcba0d-2a63-4dce-adcd-f56084ee5876	375	1508	198	32	,
c9b737b4-3bf7-4250-ad4a-18b9cdba7336	576	1510	115	32	315
40747602-59d4-46a2-81e1-2354801b409f	576	1510	115	32	-
8dcb93dc-17c8-4289-b62a-7c72f5d9db3e	576	1510	115	32	35
47869d62-d81c-4249-bede-56b6bf0556e1	576	1510	115	32	.
4bcb4dfd-0f9e-4452-8fcb-0031e85c0726	76	1536	132	35	Queens
4a373492-f991-4cb5-861b-507335a9b0f2	76	1536	132	35	,
51df5504-3593-41c7-af00-e31cb57fc808	212	1536	140	35	nursing
4eee6a6f-092b-4557-82ef-715b6df3e8f4	356	1536	149	35	mothers
d59fe44a-9c3b-4b75-bc6a-cb4530da82b5	509	1536	48	35	to
dea060cc-db4e-4303-88eb-42b5bc8445e7	562	1536	114	35	people
96b95d86-0e04-446c-8413-ca4944d558bf	680	1536	40	35	of
247b4ce9-7f1e-4fdc-b80b-f0e782ef90ff	98	1565	109	38	Israel
769b1d7e-cef1-49b4-aea0-7e49edfccb6a	98	1565	109	38	,
9d7e60a7-25d8-4543-8da5-6375438a0936	212	1565	81	38	72
a8e1efc7-9eba-4ea5-a2ba-93705e2c5553	212	1565	81	38	-
1294842a-2d9d-46e6-ae4a-7d6c905713e4	212	1565	81	38	9
d49437b5-ad9d-4fef-a996-dced485e3094	212	1565	81	38	.
2f24d51c-6551-4bc3-bf9d-6e8506faa278	76	1622	176	38	Rabbanah
3f48d0e4-536d-45fd-a24c-404dd3de67db	76	1622	176	38	,
9b27d1ff-17e9-4729-8620-a0548e0a6d5d	257	1622	38	38	a
557a4f80-b404-4c70-ab29-56cf777acef4	299	1622	166	38	Lamanite
6f4eb617-83fb-4ff7-a72a-5df90dc33b12	470	1622	81	38	title
c82ac0de-f200-408d-bd72-e13ff013b0c4	556	1622	48	38	of
e9c7c389-4684-4976-bb31-ffb5f27bd58e	608	1622	111	38	honor
79c6f382-24c9-4a4d-bc76-a54347879164	608	1622	111	38	,
7c2fbdce-547b-48a7-ab00-716501c869bc	104	1653	110	28	241
b7f18855-32d7-4674-ac57-c4879d93c7ed	104	1653	110	28	-
fa834f63-b3c9-4b89-a9e5-8d598d10a713	104	1653	110	28	13
730866ff-395f-4058-99af-4752078e8c76	104	1653	110	28	.
2a41521e-8bf9-4a05-aa82-a6bb1c05531f	75	1680	147	33	Raiment
7c6830b6-a74b-4e00-85bc-589e4728d0c8	75	1680	147	33	,
cbf294f6-91b8-4959-81be-024576c146d5	215	1679	167	32	disciples
231271be-8f22-4e60-9a21-df38b2aced24	386	1679	201	31	admonished
c25c9856-85da-4714-86b8-24bbd7e2a643	591	1679	50	31	to
c9fa8383-7429-4fe5-911b-34b91637fed6	645	1679	71	32	take
8179b254-215d-4456-b4d3-73677c008c32	208	1821	77	28	See
ae66c53b-a7b4-434a-bc12-1bd2b3caff98	288	1821	73	28	also
0aee3c3e-8f5f-45e6-98e7-4f2cfab97da1	365	1821	218	28	Resurrection
3972c9f7-97dc-4754-88af-00ca97d44d6d	365	1821	218	28	.
738d03e2-c4b8-404d-b7ca-230c65a13a08	73	1849	119	38	Ramah
d14f8514-82ee-4f6b-9a96-139036a95661	73	1849	119	38	,
0e9ed2d3-6ebb-4411-9817-c6a805fae241	197	1849	71	38	hill
b6ae705c-1d63-4370-b10a-3748af95504a	197	1849	71	38	,
10621b2b-4da6-4e92-84f5-5e2929f028ab	273	1849	90	38	same
737604ae-8513-4138-b8b1-cfd558228259	368	1849	43	38	as
92f3a4d4-f996-42b0-9442-365fd83a8859	415	1849	62	38	hill
bfde8ad8-4d7d-414f-b318-1f939f8afca2	482	1849	157	38	Cumorah
a8c44e2d-0e81-4b54-a50f-35cb187ae506	482	1849	157	38	,
30289cc5-0b07-49aa-9371-8d41162213c3	643	1849	73	38	508
ac154f69-ebaa-473a-81bc-e0589c4940aa	643	1849	73	38	-
88ba36db-d48f-433b-8f97-bd49f7f111a3	73	1899	196	71	Ramrampto
9d06154d-3999-422f-89df-19f39a2244c8	73	1899	196	70	,
1209c8fd-f5f2-4fc3-af52-9ff6605f1e87	275	1907	125	68	275.21
69fd2791-fc71-4260-8b10-13e6e8ef4876	275	1907	125	68	.
9f7bc7b1-97ed-4f4f-9cfb-e22120aa074c	315	1906	74	35	the
88c489a9-999b-4d2b-8048-060b20749f82	394	1906	92	35	holy
1988bf45-8baa-4a23-b30a-022f5a937598	490	1906	105	35	stand
f58afc1b-afc0-4f9f-824c-ec4056af1c98	599	1906	53	35	of
738994cc-a07f-4131-adaa-fa934ac412de	656	1906	60	35	the
2d08ba4f-b315-451b-bf2e-81655f4e1f24	73	1959	118	67	Rebel
e663fe52-aa9c-4e45-83e3-082206bb0d04	73	1959	118	67	,
6da3e037-fd19-46c2-a77d-47f971810f84	199	1959	34	67	ba
d9f6d171-58ef-4041-a198-6bf55e4b1ed4	241	1959	42	67	ed
2c1f418f-fce3-4515-a7d6-424e30309827	291	1959	117	67	tamara
ff486762-83cd-4216-bef6-144536847a07	416	1959	59	67	and
f04a46f9-a49d-44c1-82e2-85156516a2a1	483	1959	116	67	01er
b6614791-94d1-47fb-953a-9b9d4bb7b1bd	483	1959	116	67	.
9701f11e-453d-45a7-be27-7f02acafed3d	495	1994	131	35	others
a312e3e9-3ec1-4f77-a4d6-dd9d91b851da	495	1994	131	35	,
d6acfdc2-4008-4838-bb81-349a72c822c9	631	1994	82	35	upon
9dc8a3d7-a114-4e78-bb10-9191ff51e11f	98	2019	61	35	the
6a861955-d74c-4b80-9fd5-cd812c39fba5	164	2019	122	35	waters
f01a4ae1-62f3-4ed7-b3ef-e6a85cce7828	164	2019	122	35	,
884ba1cf-303b-4be6-aea4-9dca0e33dfcc	291	2019	83	35	39
c18faf0e-5627-4196-8f68-2887d7f29218	291	2019	83	35	-
56b1d187-4ae3-4184-a2a5-737a7443a673	291	2019	83	35	9
eff3a285-e048-4eec-a8a4-17128b2718ee	291	2019	83	35	,
5726d775-e22c-40ae-8162-a38549aa836c	378	2019	87	35	49
1ba6d591-e622-4b41-941b-b1f5089d2df8	378	2019	87	35	-
265cc9d2-fd0b-449a-983b-fc7102b44a08	378	2019	87	35	2
890e7d67-cd86-4aa1-9182-3d5d212bff82	378	2019	87	35	;
e331945a-a343-4a59-a376-fc4b52d5972b	470	2019	44	35	of
b1d401af-4491-45b1-9889-2b9105efd6f5	518	2019	136	35	Corihor
5f2d2c75-7f6e-4a96-9f53-30c6949c8556	518	2019	136	35	,
1e4c5b9d-394a-4d68-b9ee-81240690320f	658	2019	52	35	the
21324f8d-b618-4ea5-b29b-970d3c7dfcc3	101	2052	144	33	Jaredite
b02032d7-11cd-4694-b777-d9fa3dbe6117	101	2052	144	33	,
b91fb5c4-15a0-4b34-97cd-f1043e426a72	248	2051	113	32	489
4bc01559-0858-40a1-9b22-83be08019a86	248	2051	113	32	-
69d38336-5682-4f45-a046-36f5bc655b97	248	2051	113	32	4
4a9b6a36-fac1-4de6-abd3-181cd4c0c68f	248	2051	113	32	;
5f4cd7ac-3426-4c75-8d33-d8979d3ebf31	364	2051	51	31	of
78f82d51-50a4-420f-8618-7ee714fd9ea6	419	2050	116	32	Cohor
d0e11420-85a9-4867-a289-52648f968aa9	419	2050	116	32	,
51765848-ac1d-4914-bc28-7d8c1aebbe28	539	2049	78	32	and
d1f3b80b-dae1-4c1e-9083-763ec98ef99f	620	2049	96	32	Noah
f5317bdd-bb8d-4d82-9835-41c4e62e3415	620	2049	96	32	,
aa71d4a0-b928-43f1-9574-bbef57268446	748	256	175	35	Reckoning
205857fe-028e-49e2-a96c-c8b835940671	927	256	34	34	of
6c659d5c-d452-489b-be0e-37ff87727aad	965	256	85	34	time
da238b59-c0b9-40a9-b206-c62c2f8f3e20	965	256	85	34	,
f4cf82e4-c399-4f11-ad82-45141087d837	1054	256	140	34	changed
fcf81179-9c08-40ae-bbd2-cc505d917175	1199	256	47	34	by
d8fbd7d4-7447-4fa9-8799-2d4a2c19b3be	1250	256	142	35	Nephites
92b27e61-3e6a-47b0-a52f-41f2c21bbfce	776	284	87	35	after
ce7a9bd8-6dad-4da7-a85d-daf470fa8977	868	284	83	35	sign
3c6eb91e-7900-4b88-9cc9-944c2c1442bb	955	284	44	35	of
244d1710-eabc-455c-9aa8-9909af907a9b	1004	284	136	35	Christ's
bffdb925-784f-43e5-8b56-8ffa18529f14	1144	284	101	35	birth
2e8950a0-f91d-4b14-912c-ac2edd3ae160	1144	284	101	35	,
c8271769-042e-4813-bdd5-da22a3f2008d	1248	284	102	35	402
cbd38eb9-3fc9-4821-9079-e4cfa4bb0c15	1249	284	102	35	-
2c8b8d28-eba3-46be-a442-7edb5ce4e228	1249	284	102	35	8
1e4c29ed-26ac-4945-b0bf-bded9ae4e321	1249	284	102	35	.
0c5eb090-1844-4657-a4a8-64f38b8648e1	748	312	125	38	Record
d622ed4f-ed20-4217-8ef7-94f9842a329a	748	312	125	38	,
c6425f42-ca7d-4267-83d9-5b18f6933be4	877	313	42	37	of
84875eda-432d-4669-a063-5862ed165a51	924	313	92	37	Lehi
e96f681d-4f15-4563-b8c7-b0fed84b539a	924	313	92	37	,
0022e18f-76e1-4a29-8ee1-41f88a669898	1021	313	125	37	Nephis
38b30ff0-f96e-44db-89b1-e3301f00d1a1	1150	313	194	37	abridgment
efc9a092-1d4a-4d20-b9fe-050437118092	1349	312	45	38	of
0fd8eadb-059e-4372-aa62-175c8e44aca7	1349	312	45	38	.
788bf63b-9f9f-453e-a856-5c89c9385bd5	779	342	82	32	2
27d565c4-8c25-44e5-96f6-7cf5e3550360	779	342	82	32	-
221c7ef1-c795-4ad0-8fa8-959ca23e0690	779	342	82	33	17
e61f8e91-ecba-4296-9808-97a4e00996df	779	342	82	32	,
aec46bba-293d-464c-9363-dfd3c357c48f	864	344	98	33	40
26a3c4ff-7616-4d24-9062-8bd847e1f81d	864	344	98	33	-
005e4015-f22d-4e65-89e8-64b2a341c305	864	344	98	33	1
33deeebf-a356-41a7-a0a2-6960221d00ef	864	344	98	33	;,
1e4124ad-93c5-44b6-b404-e9cc4f2f9ef4	1264	400	131	33	Moroni
5c4e8baa-ddbf-4f7b-a0b4-eff33e008614	1264	400	131	33	,
beb9431a-df7d-4699-be90-685f9dbfd52d	776	401	99	63	132.1
f2c65673-acc2-412d-ba2e-30d9ed99b2a3	776	401	99	63	,
80e45167-3499-456f-8ef2-3067d3afccc2	883	401	99	63	47207
210bd17e-ab48-4288-afc8-dcd4aae8b668	990	401	132	63	phile
f6c2c62f-1780-46af-9eef-b1fd92e22ed7	1130	401	124	63	cong
9d5d407e-c559-46a2-a6a5-bb01f4023629	1262	401	82	63	Nor
deb90ae2-e673-45d5-bb13-5cb54421b457	1353	401	42	63	o
37684148-5048-4eac-b2f6-2889e0438eb1	776	454	28	38	a
38e4ba94-d92c-4fca-82c6-04d413c33f4a	808	455	92	37	sign
7531caa4-f83c-4a31-8f05-47b53447fed0	808	455	92	37	,
0f6e67a7-a181-4a82-9f10-fc936441298a	906	455	102	37	442
d6b8ce10-bb1c-4216-894c-c8240aac3f2e	906	455	102	37	-
bce188d1-cbb9-4def-8b75-d5a0baaf2c69	906	455	102	37	5
72599ef6-3be4-4305-98dd-998f61240105	906	455	102	37	,
ca64d7a3-3c8d-4d10-9b72-1bfff3223744	1012	455	125	37	486
865959dc-e65f-47b6-bdfb-62b0c9d25c36	1012	455	125	37	-
2736cf29-0a7a-40d4-a137-fa606a9bfdb2	1012	455	125	37	17
913256a1-987c-41e6-9d80-046d7d90eb78	1012	455	125	37	;
7e089f8b-41b8-49af-a97f-588637d3f6a2	1141	455	167	37	omissions
2a160650-04a3-433e-8c58-b5f31083465f	1312	454	79	38	from
91e3cda0-865a-4632-8aa3-88dc3842dce5	779	485	137	34	Nephite
c72be54d-b748-4e23-b2d2-13dc0353a593	779	485	137	34	,
e7b6cf93-bfef-4848-80ee-722047465ee5	937	486	162	35	supplied
00babed3-f540-4409-ae80-1c381e6aaf5a	1103	486	66	35	by
86e1e1ed-72f5-4cd3-8482-b64580409ff3	1173	486	155	35	command
7573b137-e350-41cc-b5ed-cc5ea7f17130	776	514	119	35	Christ
e0cb2231-fc5b-4105-824c-5e0defbd4a31	776	514	119	35	,
63dec71c-9ced-4cd6-9cb3-e30965b18a57	899	514	88	35	445
93aa7997-4298-4db1-8819-7e84e10d879b	899	514	88	35	-
d0717add-7f20-4a6c-900d-bddbe5eb222b	899	514	88	35	7
23178091-4a7d-4bf9-9aa9-8df55f0976a8	748	545	142	36	Records
3da3c668-ef2e-4697-ba6e-b44dccabacb4	748	545	142	36	,
c39dfdb1-0804-4189-940c-02b9c5d3a7bb	1268	546	123	32	126
b7be1cf7-40de-4868-a50b-541899642ad6	1268	546	123	32	-
2cf2cfbf-2aa3-46c2-b5e6-669b99511356	1268	546	123	32	15
9a36a12d-f817-4953-8ffd-0d03c7cbc9dc	1268	546	123	32	;
afa54552-687e-4917-b534-448a5aae6f88	775	602	160	37	explorers
d62fa92c-50e1-4cae-bec7-b9e0906a4c9e	775	602	160	37	,
5141c2ca-4f89-4ce8-b85c-ac9d6975c9a3	776	660	162	35	Cumorah
f17e47fa-43fe-41fb-bc70-a479d0ba62fc	776	660	162	35	,
f8af03db-50ab-4ffc-b367-06e51fc42ceb	942	660	105	35	469
1e19fb51-ae66-4e13-b4c2-ab83f65e6207	942	660	105	35	-
94dea2b0-5ced-429e-b9c2-083ed1aba1c4	942	660	105	35	6
cb388154-0778-4a5c-b86c-e339b7b847f3	942	660	105	35	,
a1390d1c-ae31-4d29-b7c6-e05ec041d539	1052	660	116	35	508
36cf06e4-5a5a-4752-8418-26e541c3c6b2	1052	660	116	35	-
99a80d82-3994-4ca3-b34b-2c49a8e3160a	1052	660	116	35	11
3d858f9b-f276-4484-ae1b-4e9b9585447d	1052	660	116	35	.
eb190ea1-2bde-4d60-a732-8effc80c6b6d	774	713	99	39	55
ed6ce321-e154-4c79-bd05-bf79a9410649	774	713	99	39	-
be0f4755-859e-4d94-bce1-8ad8ce6fd6e1	774	713	99	39	26
8d13cd2e-65d1-4a69-8511-c1f900205476	774	713	99	39	,
4b1161f8-16c3-4f90-ad38-3745ec3a1ea0	741	682	195	104	Redemin
f426e194-b4f3-421f-9970-e61aa67c426e	949	682	117	104	2
fcbbb62a-c2a9-42d4-8f20-507a65fe8b01	1079	682	52	104	6
b13923f9-6f29-4d99-a5f6-dd1aea0b21d2	1144	682	52	104	0
bfa53062-db85-48b2-a0d9-dbfa2ec3f125	1144	682	52	104	,
249d6571-a20c-42cc-861a-737adf75c696	1209	682	130	104	on
936aa6a2-0aa1-4e0b-b154-4ab912cb6d7d	1352	682	49	104	to
f8d421fb-d979-44b8-a2f0-9ef5760c6661	773	776	89	32	pass
42fdb69a-9fba-45f3-b436-16952ae08dfc	773	776	89	32	,
16e631e7-87de-4a3a-8a88-fdbc004255af	866	776	99	32	471
8d7058bb-201e-43ad-8a5b-cc067d9426a0	866	776	99	32	-
f9d8ccf7-1765-40e5-8b7b-4e23e0eea5a6	866	776	99	32	7
119bb4ee-4e73-47b4-8e04-4edd6d133da6	866	776	99	32	.
12eb494a-38b2-46e0-9ca3-6215ce07dbd6	748	808	66	25	Red
de886013-1963-4fe9-b161-7498e39e9c7b	808	805	100	38	Sea
65e1ef8b-a077-4aa4-aac8-255c2f877b24	808	805	100	38	,
5f05a195-4719-4ba9-8bf2-67b072cbdb94	913	805	90	38	Lchi
2503cbc8-8ee0-468b-ba7f-727661bc868e	1008	805	128	38	arrives
dcd51f60-e7f6-48bb-a4da-af9a7b0ace4f	1141	805	57	38	at
01ae8ec1-7c86-44b9-8837-4df1debf0f52	1141	805	57	38	,
3a9cf2c7-e546-4de2-93be-5bcdf8aa8c86	1202	805	81	38	3
51880371-3156-4565-aee8-26d639c5d40b	1202	805	81	38	-
a4ea4d4f-49c5-4393-8059-dfe45bea37ee	1202	805	81	38	5
e7ce81da-3aaf-46c6-90cc-400b1671709d	1202	805	81	38	;
1fe944da-8592-45f1-b8a9-88a6c6eb6d87	1288	805	103	38	Moses
af6d91de-c204-41c7-9e97-78910494af73	779	836	108	32	smote
93c1959c-0b69-47fd-a69f-3ddce792dd1e	779	836	108	32	,
d12f4029-e65f-4418-8b30-a1bebc5b8e0f	891	836	115	32	379
b330ce6f-7ace-41c2-9089-b9eeaac77749	891	836	115	32	-
50963058-12f8-4acf-a858-c8031c6f4f62	891	836	115	32	11
aaa5deb8-5465-4526-93dd-2b6ff71e0aa0	891	836	115	32	.
39c8d045-e1e8-49c7-a2f5-3afedb5df250	748	868	180	32	Remission
9a6f34ea-78e1-48d7-b4bb-2b175e48b742	748	868	180	32	,
f5b93a2c-dbd2-4648-98c4-c408e65f2f52	931	868	64	32	of
baa80c9d-99e0-457e-81df-3c93b910ecd8	999	868	88	32	sins
d5b9a80d-c4f0-4f0b-ac98-b6405de064f3	999	868	88	32	,
1ec026b5-7e27-4af8-9e69-065ebcd02248	1091	868	88	32	look
9c5d5f5c-5481-4479-a245-5177c878b66a	1183	868	144	32	forward
6a662606-f10e-4117-822d-bc7e6e68756a	1331	868	63	32	for
2f5dfa7d-eabb-4b17-97d2-e1f5263b7069	1331	868	63	32	,
384f5326-805e-41a3-9284-3c89ee8b65b0	782	896	95	28	211
c42dbea7-86f7-4211-873e-1461571c6920	782	896	95	28	-
cc653f79-1cda-4e3c-a604-a8213db96bd9	782	896	95	28	6
de0234a6-4458-4ed2-9121-119e4fe8bb1b	782	896	95	28	;
0eacf368-1fdd-4af9-8d3e-7bb7f3389a93	886	896	69	32	for
1c020e90-bcd9-46a6-9230-c8e46ca621ad	960	897	178	31	repentant
f614c41d-b8ea-4221-97a9-9e988dabfd13	960	897	178	31	,
054ccbc4-d5be-4ad8-8fd8-b5e611f468e9	1142	897	124	31	227
3231a2d2-2fe7-465d-a424-c0dcdbf110db	1142	897	124	31	-
2451b42a-84d9-4083-891b-9321f80efa8a	1142	897	124	31	34
8afa5e69-95f7-421c-9a25-a40c31ed1213	1142	897	124	31	,
6820b47d-6bb8-413d-80c4-4d2a03e245b4	1270	896	122	32	229
3fc3888e-16b7-43a7-a3b4-229c0774a94e	1270	896	122	32	-
81713c9a-a780-469c-ad19-4f83d42dd078	1270	896	122	32	16
08277e07-0b48-4e16-99ad-670d1b8889d3	1270	896	122	32	;
3beab302-8824-4a8f-ba63-29ddbb73a2d7	779	925	129	28	baptism
b276c2b9-48cc-4657-8b1b-6cdc580e8225	912	925	87	28	unto
877ba534-d3be-4476-86fe-006bceffaece	912	925	87	28	,
c966f144-4f38-486c-ae86-9fccc6132444	1003	925	114	28	516
86ecf279-24f8-4ac5-9087-9afe3c6bebdf	1003	925	114	28	-
3e623547-235b-437f-95b0-088be35e64d5	1003	925	114	28	11
6b934326-4e44-4953-8864-1eac4b606d08	1003	925	114	28	.
5e2f4fe2-18bf-4dc9-b562-93fe7e2e8671	748	956	166	35	Remnant
c1b11f12-d5e9-4973-b7ef-7efb60caffe7	748	956	166	35	,
61b055ce-2518-4e53-a47d-b1a33d53c206	918	957	43	34	of
ed56036a-1b18-4480-bdb8-166d5864b4d2	965	957	119	34	House
01be1a73-9af5-4181-aab2-422250bc29a8	1088	957	43	34	of
1a720549-9c68-4d31-a26f-71eb49a12170	1135	957	115	34	Israel
4cce130c-f38c-4d98-9e44-d88c4814fcc4	1135	957	115	34	,
94d3a9ac-1c5e-4e35-b8fd-ca2779286045	1254	957	98	34	98
60eb5c15-bf82-440b-a51c-aea7b2792c9d	1254	957	98	34	-
41711039-839d-4293-9c79-dd19c72de261	1254	957	98	34	2
4db21a24-958d-49a0-9f7e-937ee70d406b	1254	957	98	34	;
2f0ac9e4-4361-4420-a1de-bd92285fe9b7	1356	956	35	35	to
a4111c8e-0b26-4884-bfc0-c6313e02c1e5	779	981	77	32	hear
a79f7086-ae71-4ac3-bf49-8779b66ae3c5	860	982	128	31	gospel
69d25140-318b-42a0-bd60-eb5b3e4864f1	860	982	128	31	,
a61e66f5-fca0-4c51-ae58-442baee3c350	992	982	109	31	102
0b1e95e8-18c4-436c-ab56-fab07363cb60	992	982	109	31	-
ed8cd36d-e465-4214-80d1-1f89cd6289c9	992	982	109	31	3
c89ef893-12b5-4659-a321-b6374e5611f9	992	982	109	31	;
83d3e04c-6e7e-43b7-8f9c-771dd7d66e90	1105	982	47	31	of
782e3988-f97f-4ddc-9d4b-8b1e80b7df3d	1155	981	79	32	seed
b69c1522-2e15-49b2-9cc5-61790a37c894	1240	985	47	32	of
8a1f6568-fba8-44c5-a0a4-32f9ddca8b2f	1290	984	101	32	Jacob
1507165d-a046-4835-a53e-227ad9d28cc4	1290	984	101	32	,
c3b38af7-7c2d-4972-aba0-b9d98ed45ff8	845	1041	117	23	472
8da2a9f9-ef3b-4cc1-9054-ec7ba1b03a9f	845	1041	117	23	-
6de5554a-2ebc-4335-9298-d583dd54222d	845	1041	117	23	ch
e1c0bc0d-548a-4253-adcf-8a1dd78d1967	845	1041	117	23	.
0822bb04-d69b-4a0d-8c6f-60e8f604e192	978	1038	95	28	7
2321630c-6183-4661-811f-855bcbb32d55	978	1038	95	28	:
f9e43bdb-2242-4ac8-a8ba-0b71da4262a4	978	1038	95	28	10
17b0ea3c-13b7-4d19-93c3-6762d28619be	978	1038	95	28	;
50a9e4d0-d016-4755-80a9-efba23350976	1076	1038	38	28	of
3bb2fa66-dd5f-43b9-9ec7-005aa9498590	773	1070	114	35	311
26f70270-72ca-4231-8cfe-433d5927befb	773	1070	114	35	-
c2126538-7a83-4928-ab3c-f2caa7a8429e	773	1070	114	35	23
ea9bd7c8-6d75-4fdc-9b04-21c3fa6fa0db	773	1070	114	35	,
1353c821-c8fd-431b-8ea1-7ea1a5793312	891	1070	118	35	410
2d83a511-01a7-44fb-a4f3-5496f9646665	891	1070	118	35	-
487946a1-6a2a-40b0-800f-1241c47445c7	891	1070	118	35	23
3e0ee434-c232-4cac-b971-b6ec31c10553	891	1070	118	35	,
67eb99ac-32b3-4ec6-9091-758707115d73	1014	1070	114	35	420
f0835b26-d2d4-4bc5-9648-d08b41e615c7	1014	1070	114	35	-
5626a5d4-9968-4cf3-9094-eadca8a7fb3f	1014	1070	114	35	17
27c4cc29-946b-4761-9977-7c08c8d0a92e	1014	1070	114	35	,
19ce8c3d-3669-4833-ba29-b5862264b4a9	1132	1070	118	35	429
6a6c2baf-5d37-4dd1-82d1-447b377a9015	1132	1070	118	35	-
aceebc52-47c5-4c5d-afc5-0ba084de087c	1132	1070	118	35	12
b1483eff-700f-485f-a18d-f86a206cbe05	1132	1070	118	35	,
42f8e507-5447-4c1b-8dea-6becbb53f6d7	1254	1070	96	35	503
5be12d07-3099-4d41-a499-043a1ff8fb83	1254	1070	96	35	-
acfd06cc-8bc0-434b-ac8d-9e6e8046ec8e	1254	1070	96	35	6
d3b0f952-3309-43d8-9846-5809cdb259e1	1254	1070	96	35	.
a9847c6f-2103-4402-9757-5e0a1a819d6e	776	1158	53	25	ot
0186dacb-f2a1-4876-b5ec-ec25a74d762e	832	1158	114	25	Laman
afee3aa3-e10d-40d1-be85-48999da83f08	959	1158	87	28	and
c19f0e2d-fba8-4ea9-8bfa-3ff3a4e1f3fb	1050	1158	130	28	Lemuel
a2be70a7-b8ef-44e5-93b5-443d52425bfe	1050	1158	130	28	,
84262073-9f45-45a2-bc8c-3faaa26e0de8	1199	1157	104	33	40
19ca3e6b-cfc6-4c73-9902-73870335c7a4	1199	1157	104	33	-
b9716e04-59cb-44ed-b662-650e8b1573e4	1199	1157	104	33	20
3f0c3744-d053-4df2-8910-a22adca1ea7f	1199	1157	104	33	;
f66cfc92-cd82-40b9-a2fa-7115e2d9315a	776	1183	105	29	called
5e682943-b3d3-45e3-a117-0f0c3f3171ae	884	1184	40	29	to
0eb91ba1-7a27-4987-b97f-807b70af378b	884	1184	40	29	.
2ccf3f06-002e-464d-a874-09bd45205c52	931	1183	117	32	54.21
a8e95fde-258d-4404-9bb6-d84f79fdd77e	931	1183	117	32	,
4fc39216-4553-4f22-a0c1-edf886c686ff	1051	1183	94	32	68
3b372ad4-57aa-4c30-9b14-237efbd583c7	1051	1183	94	32	-
69357aa6-621b-40d6-9426-48b6399f6994	1051	1183	94	32	23
836c0b1c-d190-4335-815c-b65a6b7eb873	1312	1164	76	19	men
005f0628-bdcb-4db6-a2d4-7d3c84e8ef6f	1167	1186	105	28	94
4b1537b7-454a-4ee9-a6fa-ae5de58aeaf2	1167	1186	105	28	-
d067bac5-a8de-40f5-afa3-29de94392382	1167	1186	105	28	27
3cc76241-4334-45fb-843f-e1ba0777f386	1167	1186	105	28	,
7962d9ea-3ca4-4d18-acee-30aeeb954ded	1275	1186	106	28	143
d01c3437-2f61-438c-b848-6ff799fd6ca3	1275	1186	106	28	-
69af25de-f52c-43fb-bd28-e3381a55d881	1275	1186	106	28	10
538d0506-56da-4295-b47b-3d0fc0a7def6	773	1208	83	66	216
eb6f081b-07bb-4b69-9e18-a3a5d4489345	773	1208	83	66	,
cdac5003-07f5-41d9-bc9a-e2f2bd58e3a2	864	1208	116	66	104
2bc22642-4975-416f-a659-f84a584c9184	864	1208	116	66	-
d87063c8-f1f3-42f0-a62f-41b87f3d89f5	864	1208	116	66	1
7ff5560a-c7de-49d7-886d-955db018ba97	864	1208	116	66	,
fb21c5ac-0f48-4ff8-b3d1-2068566ca4ce	988	1208	116	66	2034
81028018-7c50-4fac-a010-33fe4c7afce6	988	1208	116	66	,
81a75908-2051-4365-a284-fb3809a44978	1111	1208	17	66	1
5f56f76b-5b5b-4ed7-bb1a-0f39de4152fb	1136	1208	157	66	ashment
3f571fd0-e7ea-4412-8102-ca6b804f4ab5	1301	1208	90	66	ap
c3d8a4c7-e9c1-4cff-a4ad-3b041539dcda	1301	1208	90	66	:
268bebfb-a49c-46a9-b08d-83056a0ab31b	776	1275	63	28	out
d7d49f4d-3f2b-4c6f-bebc-eec3943a90df	776	1275	63	28	,
a9d06576-9a71-45bd-a337-bb158f8b0c3b	855	1272	107	29	139
8c670d8a-edf0-462b-a54e-be2e136cb65a	855	1272	107	29	-
51dfce3d-2852-4147-bf23-900651bd3a7b	855	1272	107	29	38
48c17be0-b039-4179-8810-55c83470f652	987	1272	98	32	395
75d3df89-b6df-4349-bb1d-000b175ffdf8	987	1272	98	32	-
e08515b4-ae0a-4258-ab93-eaf79577a36a	987	1272	98	32	1
daf568e3-57e2-4650-bade-9a4531fbf859	987	1272	98	32	.
35662b43-1d98-44c0-ae20-ce6e4ef10e54	1098	1271	112	32	498
808b9405-208f-4092-a7f1-75b5aa882ecc	1098	1271	112	32	-
0b10357a-b7a1-4281-9d2e-07afb89cdccd	1098	1271	112	32	1
37594fbf-8940-4b43-ba53-68938ed9277c	1098	1271	112	32	;
b3649f62-09a4-46f7-aa9b-c2393cfed1b3	1214	1271	128	32	reward
8dacda23-b090-49e7-af53-c1fc0a08a233	1346	1271	36	32	of
be24703f-8e8d-4ac4-a8f9-4eab369badf3	776	1300	114	32	140
fdd1d891-e8bc-48a2-8b9e-5e687869e81c	776	1300	114	32	-
848fe921-c192-4b45-8e29-385ce578a7c0	776	1300	114	32	12
3718c0ce-ff36-444b-b199-7d2f3472ef4f	776	1300	114	32	,
7f259037-c2b3-4fbe-8e88-0836066e6ee0	773	1297	112	65	Haven
0cb35d02-2fec-438d-8245-23ef392026c1	893	1297	80	64	calls
ce3f5fed-1926-44c4-947d-9147a5c57974	981	1297	48	64	10
e6742685-56ac-40c8-80e6-16739b544418	981	1297	48	64	,
e8c4dbe0-68a1-40e4-8739-504011e0799c	1037	1297	109	65	371.23
1c6990d0-c557-4d1f-92d3-6594ab302112	1037	1297	109	65	.
cfccd388-a610-4338-8c83-142c98ddd107	1050	1300	133	32	389
ac15ec74-3f36-41b8-8b2c-b5ad8db4863b	1050	1300	133	32	-
f5a69a51-99a1-4e3a-9609-7c290ff80981	1050	1300	133	32	22
03c5a020-af59-4dbf-9715-4846849a2f41	1050	1300	133	32	;
f99b0f34-fce1-4bbc-88fc-756156f010bc	1196	1300	113	25	voice
f9cd859d-c0cf-4cc0-a8b9-c86ec47c676a	1312	1300	76	25	from
c31fdfd8-350e-4edc-b385-1a03347bc280	748	1353	193	67	Restoration
20b2da83-4654-49be-95e1-85d94bd2d371	949	1353	59	67	of
8aca885f-e410-45b2-aa6b-12bcb73fe8d6	1016	1353	101	67	Begil
640bb619-f041-4a30-8e52-6ac3f5612ec4	1016	1353	101	67	,
938abd3e-9d27-4b3c-a840-94bcb56b9263	1125	1353	59	67	In
5dbf9f12-6dbf-4b0b-be9f-dc95b9c450a6	1192	1353	50	67	ot
de05062a-3889-47ac-aea3-b69892ce9185	1192	1353	50	67	,
0d313f03-8417-4926-b98d-2fb499528256	1251	1353	101	67	494
f4b6122a-c849-4df2-9a66-dcb863e31935	1251	1353	101	67	-
9c2cc3b1-aa6a-4448-b59b-7cf2fa6d0163	1251	1353	101	67	8
08e1f604-171e-48d3-93e8-95735d68639c	1251	1353	101	67	;
9e3c8387-30d7-4536-af3c-52fadd73db36	1359	1353	35	67	of
e115b9c1-8737-48da-be06-a8fb70b35a4c	776	1413	58	29	all
ccaca1d4-1858-4799-83be-675a92e276f8	838	1413	116	29	things
1602fdd4-a088-45bb-b71c-d848ec8de424	957	1413	51	29	to
d9c516dc-95f1-480c-b5bb-09d381b5c5fb	1012	1413	94	29	their
289af98f-3be8-421c-919c-cbb52a51a208	1110	1413	120	29	proper
a4bbeda5-cf32-4896-a362-3d79edbb0d71	1233	1413	101	29	order
d634fba4-eae9-4146-8213-e425dcfdfefe	1338	1413	50	29	re
a7a5f748-3c67-4647-9d02-f6210bb5be49	1338	1413	50	29	-
00fc5cb8-5fbe-4e5d-8f39-ba25bd809168	773	1442	115	35	quisite
eaf88f0b-578a-4c43-a064-21c321aee136	892	1442	77	34	with
910e89b3-7941-44ef-bee3-2b06bb55a259	973	1442	123	34	justice
e061d839-2eb6-4ad7-a215-59b13dbb5c8b	973	1442	123	34	,
89041861-2546-4df5-b167-4692f10c1b57	1100	1442	95	35	297
2cc10f4a-c6a2-4f42-8d75-44b64ce0e698	1100	1442	95	35	-
20b2f4f5-5dba-40e8-b8bf-f468cb163888	1100	1442	95	35	2
607bebb8-7b72-4f12-87d0-ce847de0a630	1100	1442	95	35	.
b750a473-d44d-4655-8c45-eeb47e654866	748	1473	212	32	Resurrection
f1ab77f7-3b23-469a-ab28-8fccdf9ffeb1	748	1473	212	32	,
c2970ee1-456a-4a19-8358-7849c2e34798	964	1473	160	32	necessary
2e7f4fa8-9e9b-4991-a31f-539428b31459	1128	1473	48	32	by
9c64b5b4-536a-4136-a00c-eee84ae40d32	1180	1473	108	32	reason
081c9229-a478-4d0b-b121-5fc28accc966	1292	1473	40	32	of
a2cd98f8-28ee-4ed4-8a7f-bc3a4d818acd	1336	1473	52	32	the
fab0eb9b-f60a-4e28-ab60-ebda84bb39b7	776	1502	70	32	fall
b632d3a3-c861-4038-bd89-c7f98031cafa	776	1502	70	32	,
d4f2c2f4-dcee-4557-bb5b-f3cd6fa0fd85	850	1502	101	31	67
b9671994-fba6-4c7f-a58d-88c9d57dfc85	850	1502	101	31	-
1ed4da24-be09-479a-bb8e-2ceee798ef06	850	1502	101	31	6
835a51ed-a6d9-4ba8-a23b-68676fc8a4e6	850	1502	101	31	;
765153b2-9cff-4133-ad62-b8413b099f20	954	1502	50	31	of
ef51aada-8881-4759-9cbf-cfed7908c81c	1009	1502	58	31	all
ea24e1b9-450b-4345-ae31-5cf414197fca	1070	1502	84	32	men
a63187e2-c217-4499-b9ae-4b6ce22bf1b0	1071	1502	84	32	,
4032ea81-813a-4ec2-83f5-661cd3895ad8	776	1533	117	26	448
0d07c98a-73fa-470c-b737-56193249c25a	776	1533	117	26	-
77f97473-33db-4068-8a1b-7f6e6e9917ae	776	1533	117	26	4
1f0da58d-d86a-46c8-9400-ccedce2073d2	776	1533	117	26	;
a1052e3b-82f5-4339-9c29-f36ed8bc2664	896	1533	97	26	power
8c7a021a-5e73-4e66-8460-5c2e16234a86	1014	1527	59	34	of
35e09256-5d60-4b21-81c2-1ebb8e7e88a3	1073	1533	71	35	the
7afe7fc5-4617-43a4-8dbc-c6c955494399	1073	1533	71	35	,
9cb372cd-37fb-4693-a9ce-8ab68108290d	1136	1502	16	63	•
d53965ee-219d-4439-98b0-08c0775e7953	1160	1502	110	63	13.23
ca10e9f9-4ad1-4c5d-ab5d-a11c99b8b663	1160	1502	110	63	,
5372c520-d443-460a-b0cb-c4b9c40174df	1278	1502	113	63	114.11
626bc9cf-0040-483c-ab74-f595c9d57554	776	1560	96	31	122
eadec65a-6491-45a3-af3e-9270350e6257	776	1560	96	31	-
8f6d2623-a0f1-4068-a590-f6e0462c7ef7	776	1560	96	31	9
3a06a1dc-1a28-41d2-af44-f63369391cf1	776	1560	96	31	,
f040a38d-40af-4c9e-907b-26c43b787ccc	770	1572	186	71	application
256fa9d0-b585-4e24-92c3-9ad5887b3ee3	770	1572	186	70	,
ff2c0bba-d4ee-49f9-837a-625755907323	955	1599	123	61	162
5bddae03-6f3c-4302-8396-ee212773304d	955	1599	123	61	-
a4f879b2-5e6d-4ddb-a068-a9f6315a0304	955	1599	123	61	35
aaf451f7-6e08-4012-9ebd-373a015fc078	955	1599	123	61	,
04bd2b78-a27a-4b0d-932f-95614baf9692	880	1562	133	28	515
75494c8c-7b18-4aea-8eba-2f8b82f16397	880	1562	133	28	-
b1834ae3-14e2-4e46-924a-57390d3a3f1b	880	1562	133	28	41
c6300bd0-bafb-495c-b0b7-80cb2126000b	880	1562	133	28	;
8989532c-d5df-4bc2-a0a4-704ba4dac1a2	1016	1562	49	28	of
bc44d140-bafd-4f2b-bced-765a8415c6af	1069	1562	115	28	Christ
7981b4a9-8369-4eb8-ad0f-47e588db4566	1188	1562	49	28	of
68b0dac6-2afc-4be3-82b1-186451799afa	1240	1562	151	28	universal
9f9afb7c-a1db-40dd-ab70-e55004f2d00a	773	1619	57	28	the
f69cb0b6-baef-425c-a460-b43c05c98b4a	842	1619	85	28	dead
26447612-0f70-4bfe-ad36-a2a877934a63	968	1588	118	64	102133
398b7294-04b4-48ce-bd0b-ae937d0ec081	968	1588	118	64	.
b6a829b2-6d40-4fe5-bb43-75b5a10cc702	1094	1587	126	64	84
ea5c65a5-f3ce-4dcf-adf5-1c4faa5e9b93	1094	1587	126	64	-
84671ee9-0a1e-4594-bc9e-6a53adbc58e2	1094	1587	126	64	20
3cdc9e3f-c022-4c66-a5c3-cd7ee403b802	1094	1587	126	64	;,
7826ffc3-c48d-4f00-82ba-143f695f6bfb	1228	1587	63	63	tie
48d8a607-3d87-4235-8a99-0abf309f148d	1299	1586	89	64	hirst
4488f5d2-3f56-4be4-99a9-5a93b5a8ca0d	1299	1586	89	63	.
0ebac4da-a0c8-4529-b55d-3d6cf06640a7	1215	1619	73	22	the
247e5ad0-c20b-4f1f-a9b1-736ad4535411	1303	1618	85	26	first
831ad31f-d290-47fd-ad81-eb2a6392cbe0	1303	1618	85	26	,
0c62f319-2722-4c6c-87ff-eab7bafc637f	776	1647	112	28	164
06682f1d-67e6-4f70-93a3-c51080c17046	776	1647	112	28	-
3b1f7308-a413-411d-b3ca-c213ec7e6c69	776	1647	112	28	21
7c5ff10b-053e-48a6-b4bd-a25a32a63737	776	1647	112	28	,
b1e43344-2ec2-4877-b2e3-6942495b433c	891	1647	98	28	168
bc3d2635-bec1-476f-b5c5-fb024cceea7f	891	1647	98	28	-
c33d7fcb-3d47-4426-a75b-007de63b4e39	891	1647	98	28	9
06d57a3b-c35b-4d00-9039-19fca796758a	891	1647	98	28	,
b63b3d0e-1d77-443e-a685-c4445b7fd348	993	1647	122	28	296
59a884b1-dd1f-4cb1-bb67-dc67da45c65b	993	1647	122	28	-
c9a4a1d9-c97e-4597-ad3c-8948b0dfcac2	993	1647	122	28	17
fa48e694-0397-4814-bc4e-51c73938c919	993	1647	122	28	;
4cb213e6-089c-484d-b341-7d304f58bd73	1119	1647	147	28	meaning
ec7156a4-1b4e-4f93-850f-cbc8b80968e5	1269	1647	45	28	of
87b8b9ca-5621-44d5-b52b-65109b72f2e6	1269	1647	45	28	,
727b86d8-ae00-42e0-8ea4-33278713ed7f	1318	1647	66	28	225
51f645a0-f988-4124-989e-91fffa856d1f	1318	1647	66	28	-
cd080971-c5b9-42c7-a0c1-ba288dd77b59	776	1675	36	26	S
1ea279c2-fdad-4ea2-ab64-e249f4fa0607	776	1675	36	26	,
5a4ad18e-cea7-4787-8289-41b9f36e4a6f	815	1675	130	26	296
62b8e736-4cb5-4bde-9f82-5248caec8afd	815	1675	130	26	-
eb31c63b-2134-420e-9679-3efc3ea481a6	815	1675	130	26	18
c365ce28-9e05-44a4-b232-baed7d0d9029	815	1675	130	26	;
ac522186-796e-42da-a92c-83ebd665557c	948	1675	114	26	Aaron
ebfe6514-1411-4bc0-ab0d-f967850d0d14	1065	1675	117	26	speaks
4fff52e5-33ce-4a3a-b90a-aede98a7136c	1185	1675	62	26	on
1679fab2-aed2-4651-9a1e-82744cdf45e4	1185	1675	62	26	,
3e2e801b-2fc6-480a-89d0-68ad72eeb71f	1250	1675	114	26	250
4b46a4f2-191f-48a0-a66a-0f2577cba055	1250	1675	114	26	-
b2e12efd-281a-47a6-9f4b-06b86f57ad7c	1250	1675	114	26	9
92100a2c-7839-4e97-b84b-7ced1def28e4	1250	1675	114	26	;
fe3c33e9-6e8a-407a-89a8-5fd14f9a5f49	1367	1675	17	26	a
1614bdd6-063e-4142-b10b-728f1c6c6989	776	1704	97	25	space
8c406bac-e70b-4ad6-8400-d1895c48a4fd	876	1704	138	25	between
79722456-516a-4a35-aefa-2492b1b12123	1017	1704	100	25	death
820cd124-426c-4b9e-b546-0e3ea2c39845	1120	1704	72	25	and
769d5089-7344-4f44-a7a8-f1ffe3096eed	1195	1704	72	25	the
642b1eec-71d4-4c48-b2c2-c0780f79edf2	1195	1704	72	25	,
26cb0c63-be80-47ca-8ee4-d00b5bb4fd6b	1270	1704	115	25	296
ddce4924-8193-4ed2-9f46-4dda0a9f1955	1270	1704	115	25	-
478fc178-aa01-4025-b15f-116c2c2f40fe	1270	1704	115	25	21
103d41bf-fb2f-4fd9-a3e9-44939619c10d	1270	1704	115	25	;
5b268580-d42d-47a6-869e-59b1d8ea5d10	776	1729	32	32	of
26b540c6-a495-44d0-9efc-72c0f071cb28	812	1729	108	32	Christ
dd27e968-bf19-4e58-8369-78aa68d782f2	924	1729	132	32	tedeems
979f46c3-b06e-4fa3-9ad0-ca9514b8ed5a	1060	1729	152	32	mankind
b275cae0-e501-449a-b6de-7b212062fdef	1060	1729	152	32	,
ac74480f-c53a-49dd-a7fd-7cc3937d7abc	1216	1729	100	32	165
1ad3a1b7-12b3-4f91-9b42-47efefd8cf09	1216	1729	100	32	-
ce8051ce-490a-4211-a5e7-dd82f8964b36	1216	1729	100	32	7
54e01d36-18eb-42cf-97cc-5787913f19aa	1216	1729	100	32	,
2ab0e779-b57e-4f3a-ba91-a2ba2d9055ec	1320	1729	65	32	394
12ba224f-7464-44a3-8c32-8b752584c1d2	1320	1729	65	32	-
669ffcdd-ea63-4efa-b79c-3555265491dc	776	1757	52	35	17
33a4bb4e-9932-49ff-9702-4c9c332ddb5f	776	1757	52	35	;
81d4d457-2e39-470d-ab81-8e50441e7764	833	1757	39	35	of
05d53b21-7d15-4f90-8aec-6f3bf657b1f6	877	1757	101	35	many
9cd82431-898b-4530-a032-a403b714829c	982	1757	114	35	saints
82e03ffd-180e-4715-afa0-a5f08845d46a	982	1757	114	35	,
e67fa523-873a-40aa-a74b-8cb95b55aed2	1100	1757	114	35	395
fab0b14a-194c-429f-82ad-b0ef93f64b0e	1100	1757	114	35	-
b2d6aedd-3bc9-446c-956e-b9da00016a40	1100	1757	114	35	25
c99e5207-ed7a-427b-b8b1-a5da1ef47a05	1100	1757	114	35	,
c3c6639e-0ca5-4b4f-8f9b-a47bc85cac59	1218	1757	101	35	446
82a25bf6-a241-4339-8b3d-a38d4385ed37	1218	1757	101	35	-
abcf60ae-52db-454a-94ac-496a5c7055aa	1218	1757	101	35	9
310b2a8a-a28a-40a2-b075-29da4871282c	1218	1757	101	35	.
a2e16114-a3eb-4ca8-9a3a-756031d6d4a1	748	1789	184	32	Revelation
6fa87e6a-ee69-4d3b-b211-1e2e2f5c3c78	748	1789	184	32	,
b34b01e2-e7b3-494e-b9b4-ef6aa407311a	936	1789	88	32	from
5f4de266-b40c-4a4f-b1f9-3832d082c183	1028	1789	72	32	God
4f0dff2a-6f7c-4a8a-bd6b-45b8208cc256	1104	1789	44	32	in
d915510f-2b1e-4d82-878c-15c5e72a47b3	1152	1789	32	32	a
2537529a-7de1-43df-a09f-5a7ed5f8035f	1188	1789	108	32	sealed
109a3be4-1ff6-42ea-8342-e2eac389add6	1300	1789	91	32	book
67c11eb9-fefa-4563-b757-f2a9bee125e6	1300	1789	91	32	,
4a82363f-9bc3-4b71-ac70-bcfcce3a47b5	776	1817	84	32	96
927d6b61-3593-4f75-a382-ccf63acbe5e7	776	1817	84	32	-
0edd801a-b707-4185-af5e-eef0ab6352fe	776	1817	84	32	7
8c9fc8fc-8d7f-4265-bd87-8d1b81b68265	776	1817	84	32	;
70c27c18-0d04-4939-8339-c07fb749a587	864	1817	64	32	not
f4733a6e-f11a-49a0-8578-711a22264c93	932	1817	44	32	to
86ef27a4-f993-4f96-919d-5bae34bff3ed	980	1817	48	32	be
090add56-6746-4cb2-8a38-5328ef7be931	1032	1817	152	32	despised
e1966780-0a28-4528-b6d7-456bca024bfe	1032	1817	152	32	,
53cf1dd3-76d8-42b5-9b5e-5e4da797f488	1188	1817	99	32	114
97afdae2-e3a0-475f-8924-40fb896d04c8	1188	1817	99	32	-
a6d736cd-247e-4bf6-a52a-25ef99f34679	1188	1817	99	32	8
47e4f32e-3988-42fa-bd6d-adc5b152e4a4	1188	1817	99	32	.
f27d2ed8-60b6-43dc-a750-02c3af3c56be	741	1849	87	35	Rich
fb5c15fe-7216-459c-932e-07c166dbfe8a	741	1849	87	35	,
8adc4209-4489-4e71-9e92-608710a37f27	833	1849	201	35	unrighteous
e557bbf0-c246-4c13-938c-51e43ebb193a	833	1849	201	35	,
88cb93a7-b4e9-4e08-bb93-51a5eeab784a	1039	1849	192	35	condemned
327ffdea-ab2d-4fb9-b8ee-bdd515f79f10	1039	1849	192	35	,
536c38b9-743b-40e6-a492-02b7948df0a4	1235	1849	96	35	69
863cf633-492f-4b08-95d9-7c76fc6c07ed	1235	1849	96	35	-
5ce14e1e-3532-4434-ae3a-b63b4f9d35de	1235	1849	96	35	30
20dc4fab-f926-4643-b3f9-c825e533db65	1235	1849	96	35	,
5f5a58f9-c40a-4e00-ad6d-c5b8558af1ac	1336	1849	49	35	70
75038839-7a6b-4ee5-b107-5c580284a5de	1336	1849	49	35	-
ebb4f960-7a90-479a-a4c0-6bcb44f650b0	820	1877	105	29	99
3c86229d-f930-4fe9-9acb-c5c8ef3b4fd0	820	1877	105	29	-
a8814d9f-fdc7-4392-a485-6a40c2b05f33	820	1877	105	29	15
415fddb8-b34c-402f-9282-a7a548ebd2ba	820	1877	105	29	,
ce486614-35a2-4378-a11d-f623dd019d46	929	1877	123	29	144
110ffbaf-541b-4c46-9fae-44ba2249708f	929	1877	123	29	-
554bf47c-3e8c-47a4-97be-368150c835ef	929	1877	123	29	23
234d7a8f-18da-4837-8651-8c709f223e48	929	1877	123	29	;
db4e5e0c-56dd-4f19-9517-bb7ce6fc838d	1056	1877	109	29	people
1249d5c2-ade9-46a4-be5d-b83ccad478c7	1168	1877	40	29	of
a700f987-a41e-44e4-940e-bd7ad7501925	1212	1877	120	29	church
7d9e36cc-dc29-4b60-85ad-bb3685fa5a8c	1335	1877	50	29	be
0e9114bd-8dc1-4234-b76e-5b7b901cd6c0	1335	1877	50	29	-
11fb874a-eed8-4535-b2c1-b2f296897945	1019	1906	249	28	righteousness
8b9553ac-da37-4e2c-a56f-5767fab54069	1019	1906	249	28	,
6f7b31bc-4ffa-4020-8f62-6f69d37b4eec	1271	1906	117	28	197
f4c71e18-0422-434e-9b9b-0f0e29312088	1271	1906	117	28	-
27ce227c-4eda-4fff-9aae-1bdb789388a5	1271	1906	117	28	29
94a148fc-0a0d-4376-a692-8211f4731db8	1271	1906	117	28	;
1e6ddd03-6f8c-4634-956c-3f340bbec488	770	1909	235	57	famantlesand
8ef3eff7-1ec1-4492-acf8-1cb2cd4b4cb8	1012	1909	142	57	Nephites
1030b021-4bc4-4834-a3bd-8606649af610	1162	1909	128	57	became
d62f8c07-3e76-4c54-9c2d-e69eb30aa64d	1162	1909	128	57	,
5a2c1988-1728-47af-aff5-685ad5465cf3	1297	1909	78	57	373.9
3505f6f1-aed5-4913-a298-cd0f061eb0ad	741	1963	105	60	Riches
795a49e1-a8fd-4195-af08-810931346d28	853	1963	82	60	is
8c4d3df9-50a8-41e3-a760-5e1b7c3b9cc6	943	1963	157	60	Bena
623039cc-f1c5-4ecf-b314-80e2050295ef	1108	1963	75	60	had
c9288412-1ad0-4b54-85c4-c266c26f5e05	1191	1963	60	60	bef
1a82ead7-8529-4778-8f01-7b61f943162e	1258	1963	123	60	sought
cc427f0f-23ff-4ca3-97c6-9ac8738d2243	1258	1963	123	60	.
ea77860a-6fb8-4632-8e4e-680a6d68cb9a	921	1991	185	28	Benjamin
5be018d7-3f69-4de7-9201-4351e0bb618f	1110	1991	77	28	had
8776b25f-dcaa-43ea-a45b-7dd04f332cd6	1190	1991	73	28	not
4cd2eaae-e5ee-46bb-9f26-000975dde7f0	1267	1991	121	28	sought
97aadbeb-d2af-4802-b736-f413604538f6	1267	1991	121	28	,
f0525d6e-95df-4413-882e-8bddd88e71dd	770	2019	129	38	137
cdb8c856-7f2f-445e-bcda-6c033336caa0	770	2019	129	38	-
7198b717-c7d8-49a6-a38f-dfc0f4773fff	770	2019	129	38	12
b77f9f76-a96e-4d0f-bbf3-0b79341bfce4	770	2019	129	38	;
1bcc5a52-f952-46a6-86a0-b1d0042d4fc6	903	2019	142	38	become
b226deb0-8e05-4429-9077-5810323d3d6c	1050	2019	157	38	slippery
c8802a29-0c07-47da-bdb6-5c395014f083	1050	2019	157	38	,
89f89f46-48df-4de9-bd4f-002aa8c69c93	1212	2019	97	38	under
4181beb5-eb6f-42b6-8e78-e39803d75a9d	1309	2023	76	22	the
f3a4fb16-7272-489c-8b2b-0c2024a0dbdf	770	2051	105	35	curse
c165e8e9-6877-4a17-9b9e-d52e3227bd4a	770	2051	105	35	,
6cb1b7fd-8cdd-469d-9684-da4743a2e591	879	2051	118	35	392
c531af29-1998-4286-89e5-7f341ccb11f3	879	2051	118	35	-
0e65ced3-454e-434a-9b6c-04ccd71c8c42	879	2051	118	35	31
eea8a013-6bff-4af5-b9bb-3866d8b4a024	879	2051	118	35	,
0987cc60-461a-4d99-a20d-602ab6d123e5	1002	2051	118	35	461
37b1b7e9-4ce7-4267-9ca3-4239c7cd29fb	1002	2051	118	35	-
ba7a632a-767b-4846-bd87-8bc8b121ffd1	1002	2051	118	35	18
3bdc59ea-4b56-4ebc-8db0-2a145a1c9aba	1002	2051	118	35	.
