ID	X	Y	Width	Height	Text
a4b1d39b-3783-4651-a217-d1bcfe2bf4fc	628	73	148	41	INDEX
549392ae-f900-4710-a190-3176060480f2	1284	69	76	38	565
e6abaed3-5e19-4419-8b7b-bc170e72feae	79	265	63	25	See
873d85a1-5f32-4c9e-a1aa-597770c21146	145	265	78	25	also
7697a39e-0e25-4a1a-88d4-78bea01728a5	226	265	156	25	Weapons
331720a2-d51b-44e2-94c9-b0dfee01e2e8	226	265	156	25	.
c3951325-75e3-4245-8d00-6a3070a21933	50	290	208	32	Slothfulness
e519b731-8f37-4d12-ae44-c5de86b25fd0	50	290	208	32	,
4d54edee-b403-42ba-bff9-4128ea890e7a	262	290	132	32	decried
c068f5de-0e1f-4003-8d2b-c035c846a888	262	290	132	32	,
4d35b6a5-d334-4bb8-9f68-8fb04d64bd35	398	290	113	32	350
3f9affff-63b2-4968-8f5d-0f55ab65a512	398	290	113	32	-
55544865-6875-4940-a9a4-9a08f61c6e99	398	290	113	32	14
e127d192-947f-4a4b-92bc-17a07d419126	398	290	113	32	.
760f44b6-883a-45e4-a3fd-77ef83a852a9	50	322	104	34	Snare
c6bb65b7-47c9-4d49-ba9d-48a3e816bc0a	50	322	104	34	,
cbba0003-c33d-42ec-8e67-525d3187d7a7	158	322	44	33	of
9b8a4776-b585-4d32-bb5a-ab48ffb29770	206	321	56	33	the
29cc7675-fdb3-490d-8900-0231a1a220eb	266	318	180	35	adversary
452be57d-5b73-4e94-99b1-385695bd3aee	266	318	180	35	,
9bf7c719-4e4b-484b-8a83-a7ea4004c44a	450	317	96	33	178
9c233f63-25d9-487c-b35e-f29a01214ee4	450	317	96	33	-
a6e389e5-dbc0-4006-aab3-a81b7275be18	450	317	96	33	9
fa1fefdc-6190-40d6-8d26-4bcf25f46c24	450	317	96	33	,
c661e66d-dd51-4359-a75d-04f6e234787d	550	315	100	34	224
f56b20d3-c123-4031-b4fd-670dfd8ce1f4	550	315	100	33	-
2b06463e-9c69-40b3-94f3-7eeb08376603	550	315	100	33	6
90f9bdac-1871-4fe4-af95-c84af0277a31	550	315	100	33	.
27afda25-e85f-4737-9175-dc60641d562e	192	341	52	38	of
d7226295-cb8a-40cc-a068-b51043191cc5	249	341	67	38	the
9144f8a4-bf1b-41d4-8165-2f90e9c89cd8	320	341	147	38	robbers
caf7b550-3332-4c16-98dc-29d5b449b53f	320	341	147	38	,
381cec3a-9a56-4b13-8684-d9578b465665	472	341	119	38	secret
6d9b4c84-e3c6-43ba-892b-66f63896e7c4	472	341	119	38	,
9f9a0aad-b57e-4bb2-8d32-3abeb2ca63c6	596	341	98	38	404
c0fbf8d0-0a27-4053-9eb1-c6ac68d8e9e0	596	341	98	38	-
6a9ccc43-a363-499e-ba85-dba67bc4ea1e	596	341	98	38	9
37e199e4-3194-4980-8dcd-cd8a94714521	596	341	98	38	,
08ee296d-8268-44ce-bf95-d39079b12a98	50	372	141	63	Solomon
4787933e-c514-42c6-bc97-a0981aa971cc	50	372	141	63	,
c5465258-1079-4e53-8fcd-265b69b07329	200	373	110	63	temple
77c5ff96-0662-4f50-baa8-037f2be98d05	318	373	55	63	of
c879ea29-0d26-4e00-8754-45c4bf5803a0	318	373	55	63	,
28d07d5d-fe25-438d-9a6e-02de5be63660	381	373	118	63	Nephite
c4565495-f535-48e7-91a7-2a11f4cf8573	507	373	110	63	temple
eeb766d5-2fb1-465c-9901-c4a0976a9585	625	372	72	63	pat
ab1671f2-a560-4ab1-8985-153d98fa48af	625	372	72	63	-
d4deb2ec-b292-4067-9f6b-0a19adeb36d9	79	429	105	35	terned
e162dbeb-d1cf-4d1e-b66b-acd5da2bf63d	188	429	92	35	after
341d7264-60a1-4ae6-9ede-d8f747cf02b0	188	429	92	35	,
141446b2-7eb3-487e-8ac0-fe0348d1207f	285	429	105	35	61
c11f51d7-5cc7-4c97-a8d0-6c7946e2da67	285	429	105	35	-
87a79589-ed4f-4b96-9b6d-227ebc1aa3a1	285	429	105	35	16
eb7dc54a-3100-4dc9-b044-51eb20c8bd60	285	429	105	35	;
313814c3-9fd5-4f1e-87dc-e8a4e5b982eb	394	429	74	35	sins
e77dd676-aec3-4aff-bcaa-94aa00c87c4c	473	429	48	35	of
cdab6a3d-bea8-496a-b9b2-844686814aa3	473	429	48	35	,
f689120e-2590-4640-aa68-e886f494e8fc	525	429	115	35	111
33749e30-72c8-4030-9330-837bbdbc6939	525	429	115	35	-
10e9b2db-1fca-4f5f-bb29-6ffac7bca027	525	429	115	35	23
9d59c0bd-35ab-4a28-bc68-ba7f81bd05a7	525	429	115	35	,
da3877ae-5ded-4304-9a93-d994e4cb5630	50	458	71	41	Son
5ca688b5-d3e1-4e57-89eb-a38bb717f937	127	458	41	41	of
8b7783fe-36c6-4916-83a4-bf5109f1a96a	173	458	241	41	righteousness
1d0aede8-b2f6-48ee-abe8-acc0ed1135da	173	458	241	41	,
3b11da9d-3f83-46a6-865a-141d6b5e578f	419	458	87	41	93
43adebd4-0fc3-437b-af74-294ee98efd49	419	458	87	41	-
f10db571-6647-412a-bd0e-59c35a04b51c	419	458	87	41	9
55955511-cdec-49c5-bd49-4014ca45cafa	419	458	87	41	,
c6b5f7d7-a87e-4649-a9cc-b94c3baee36b	511	458	108	41	447
36ec0efd-931d-4ebb-9cd0-79f29164e5c4	511	458	108	41	-
9036022c-6c18-49e5-80be-9b745779d199	511	458	108	41	2
cc86c6ab-99d5-4f54-a761-0c7a60e40ae6	511	458	108	41	,
a5bab83e-7aec-436c-a681-a0cf52ec4566	624	458	73	41	495
bd39d865-5090-44d8-8859-4e4e86872848	624	458	73	41	-
bd969d53-e85d-4147-a950-a5bc5b6456da	79	492	66	35	22
fa8e73d9-8734-4f9d-bff7-a775a52a6ed1	79	492	66	35	.
99e2dec9-abf0-4431-9d15-4941d4f83ec7	149	492	66	35	See
173f8904-d7f7-44e7-936e-ba97e9487da3	219	492	74	35	also
77914083-4230-4f98-9b58-59c37b7670f9	298	492	112	35	Christ
55e4175f-f3a4-4590-94d6-596420de5f60	298	492	112	35	.
a8cbdfba-ed44-4368-9d0b-2c8b0760a6a8	50	524	157	63	Sorceries
f8d73cdc-e65c-4754-aa3a-98814b8f0f50	50	524	157	63	,
88a7795a-6989-4e78-851a-b8d7690e7daa	215	524	118	63	197
baad6c8b-72b4-457a-9732-1a8598518986	215	524	118	63	-
d0b9843a-65f0-4c11-8f5b-2a4f2ab7b55f	215	524	118	63	02
1e58495e-b22e-4a9e-9733-56beaabf3e07	215	524	118	63	,
d8ff8e7f-37a0-477d-9a95-f5fed6580838	341	524	113	63	401
c78d204e-a03e-4b34-bd88-aa3be254c933	341	524	113	63	-
10aa0ebb-4ec3-4171-a133-b6a5f5b3779f	341	524	113	63	19
8152d1bb-fa33-4f2a-86c1-8007979d7035	341	524	113	63	.
b63c0b52-3d59-4523-b38d-888e8fad6716	262	521	200	38	condemned
55b1e13a-29ad-4614-b292-a36265a9d7c1	262	521	200	38	,
f149ca61-418d-4239-bae3-e8265f136967	466	521	114	38	443
58797987-6358-4d5f-bbfa-ff4007448acf	466	521	114	38	-
34021e66-804a-45a8-a6e9-7f736fed90b4	466	521	114	38	16
3c49236f-eece-4c52-8951-db25758fc926	466	521	114	38	.
b52d8c9b-a920-4cfe-98d9-d742d63dab05	50	584	114	38	Souls
98229afe-aa50-4648-a649-5b047b633742	50	584	114	38	,
d6c4fd1e-7886-40b9-84dc-e5e85d7ff1cb	169	584	95	38	final
004f9801-69f8-4c2f-b0d7-47cb86096616	269	584	100	38	state
b38db506-c995-4749-9276-cab4c1b1fb3f	373	584	62	38	of
98d556a5-2c5a-495e-ba47-36b7767435c7	373	584	62	38	,
332fb2f4-7a09-4334-bd56-3a81f2058118	440	584	119	38	30
cde87a63-84db-4dd4-94bd-e8a971b961b4	440	584	119	38	-
1508e6f8-dabf-406c-91e0-3f2b0e092238	440	584	119	38	35
03358519-e55f-411a-8633-48bd1fd533e2	440	584	119	38	;_
26fd76b2-655c-49c0-9842-2056631a7667	563	584	131	38	between
d2c2b137-5e5f-4d67-9447-f215937390f0	79	615	98	35	death
612f65bf-6b2a-4f54-862a-93db86079961	181	616	68	34	and
a11d9263-9096-463b-9b78-959765761b2b	253	616	213	34	resurrection
786bfc2f-846c-4483-87ec-68eba1127f87	253	616	213	34	,
cca2c6d5-5479-4d2b-b19b-9869806f6fe6	470	615	95	35	295
eeb1374d-c76a-41c4-a25a-98b4aef52652	470	615	95	35	-
9829cfcb-4d22-4f75-92bb-dbd9ff8675d2	470	615	95	35	7
8dda305b-f721-4e14-b25d-5200d92e4c0a	470	615	95	35	.
7fd9c2d4-f5e3-4a30-a794-9e783dcf3425	50	644	95	39	Spies
477b8100-0d93-4c6d-94b6-9113f80196ea	50	644	95	39	,
7fb2f7ce-08e7-49d3-95f4-5ba6c387d868	150	644	43	38	of
7c9e72bd-9657-4f15-9904-7c2dd1a3f040	198	644	95	38	Alma
199c1ad8-4378-4143-a03f-fd124150d1f6	198	644	95	38	,
1796e628-3ee7-439b-b445-ec84a5b07f5f	297	644	119	38	199
5066fb17-9e11-47c6-9d26-9c7ddd3fa500	297	644	119	38	-
52c2f637-ca0a-49e6-bdf3-034bf8db1058	297	644	119	38	21
aee99498-a38b-49b1-a40e-86bf2ecc75c3	297	644	119	38	;
358c46c8-370f-4c61-9aa3-03fecc5dfe87	421	644	43	38	of
c4b0d45d-47ca-49bf-9737-54533af6aac1	468	643	152	38	Helaman
06056e62-e844-474d-bd08-f7c759a70f57	468	643	152	38	,
b31fac88-d1bc-4ae1-8b31-237c93c9cd88	625	643	69	38	338
fe739f39-1b72-4f6e-984f-f9b46d44581a	625	643	69	38	-
c6464d54-fd50-48c4-987a-310371c4f816	47	701	95	69	Spirit
6572f2e9-64e3-4764-a658-f64158b83ae7	151	701	26	69	i
d869f5dc-e7a0-47fc-8fa1-f130a0bb0505	185	701	147	69	exCainted
4894f09f-7fd3-413a-9fff-2d039ce72756	340	701	52	69	by
65ed4c53-62da-4dd8-96d9-10b69572f2fe	401	701	52	69	a
cea0c882-4b5c-49bc-ac9e-12468052ee98	461	701	52	69	th
626895a9-84c9-4b9b-8e0a-7f07f9b72c00	461	701	52	69	,
8d2d9965-d7d9-4d03-95e3-f723813ad4eb	521	701	78	69	whit
493a6053-80e6-4c63-86aa-7cb3e06e49c5	608	701	26	69	to
ec723488-666c-4698-8e31-cb36e89ec20b	642	701	58	69	be
3e03624a-b35c-4f0a-b904-ce45886f3722	642	701	58	69	,
d393cea6-f779-4fc8-8dc3-91419d41f8d3	50	767	104	35	Spirit
14e501c4-35bf-4f21-bf7f-1e253cc6aa20	50	767	104	35	,
439b10e4-d45a-4c72-a0f4-268d82dfecb5	151	764	52	33	of
0cf724fb-0253-4088-ae86-2c1d21ab7729	207	764	80	32	God
fad94f6c-9860-490d-9c77-bf1be10d0adf	207	764	80	32	,
8ec76519-d712-44d2-9c04-feae55273f2d	291	764	92	32	came
ab84874a-fa44-45b7-90de-9894c466ac67	387	764	92	32	down
227b6fc8-750b-42f3-a75a-0d0598a9981e	483	764	84	32	from
7de3b55c-f203-41d7-8b92-237fd5cbdfd8	571	765	123	33	heaven
e3de7826-7af8-4db8-9ee5-727a1941cc71	571	765	123	33	,
d88a67d0-b736-44a6-9f2e-4b5d291aaeba	82	795	122	28	372
9ef6494d-6199-498f-a88b-63c9a3e381ad	82	795	122	28	-
e36118ac-6995-4670-9d3f-dd491c03e9a1	82	795	122	28	45
e5736682-c1b3-4d1f-8f26-b38b5129842b	82	795	122	28	;
b3ef2f0c-6ac3-4e07-b056-18ce5beb881d	208	796	98	28	kings
296c6155-6658-4fb9-ae70-2e55e5c2be31	309	796	45	28	to
abc3c3e1-8d38-4b96-a2b1-aebe8e52a19d	358	796	52	28	be
358fecf0-98d1-418b-a4b2-f5b62c438f23	414	796	143	28	wrought
d4f4b44f-c847-45b0-99fd-3144f64ce74b	561	796	87	28	upon
b2bdee57-a109-4944-aa56-6617e3ce4d72	652	795	38	28	by
392ff8fe-e89a-4ccd-b894-8425b03c6871	82	824	66	33	the
9b3e1e91-27b5-4e72-96d0-dd65d550fd67	82	824	66	33	,
dadbdee1-8a74-40ee-985d-7304a5dc6105	152	823	107	33	42
cb10d6b5-0c0f-4a59-bf3f-23dd933b23d4	152	823	107	33	-
15dc2386-1aa8-4f9f-9b44-a4b6b330c2c3	152	823	107	33	12
f26fbf11-420d-43ac-bcca-8cf79279eb03	152	823	107	33	;
ff5ab525-2d2f-4468-996a-686478c0e1e1	263	823	95	33	truth
53ac3939-5f7b-4d1b-96bc-b9eac528a89d	362	823	95	33	made
348afaa8-dcc6-458d-8d27-7a5c168425ce	461	822	111	33	known
1939e488-d884-47c6-a996-654db5fbb374	577	822	50	33	by
8389f78f-9ae4-4590-ba6c-5f9b13345258	631	822	67	33	the
7a46c8da-e97b-4a03-812c-18b19757d160	631	822	67	33	,
8685510c-cdad-47c1-8e05-db8f22900d73	54	887	104	32	Spirit
57b879df-1757-4904-b3e4-ff01527ce1b7	54	887	104	32	,
24143b35-2ab6-469c-a35b-00c2da894be6	162	887	44	32	of
bf769b13-d109-428f-a8b5-8108a769d303	210	887	64	32	the
54b73499-a246-4f40-bc87-a55d206d5e09	278	887	96	32	Lord
73e5f73b-442c-4412-8631-5366c88b5894	278	887	96	32	,
84a81e13-e5fb-4171-bc83-524dcb589b56	378	887	108	32	Nephi
b54c9a24-dda1-426b-844e-7e75b455cc66	490	887	116	32	caught
3f3d1c19-a2d5-4b6b-b381-3b15a6c0e275	610	887	84	32	away
a9946509-2f50-4075-9856-75e544c1f57b	79	915	49	28	in
1176b2a6-9894-48c0-bc59-727e1ff97437	79	915	49	28	,
e62fa5ab-bd96-46f0-84a1-84afd27d9bba	131	916	91	28	17
bd88d9e0-8283-4011-8484-95842e43046c	131	916	91	28	-
f08bae0a-bc4f-4b47-b998-18d29e607530	131	916	91	28	1
f2c426de-20bf-4979-84f0-0d2a34eb1161	131	916	91	28	;
424a6aff-fcb2-4ab8-9af9-b931ffc8c7c9	226	916	42	28	in
81e35f3b-5deb-41c6-b55c-808c638d0754	271	916	84	28	form
fb4f9a3a-ba5e-43cd-a6ec-24ecb91a9873	359	916	42	28	of
b9e92b19-4a92-45f0-891a-e95007b815ea	404	916	28	28	a
2c2f23e5-57db-44de-8faf-2623339c5c69	436	916	87	28	man
f7be12db-da9b-49df-acf8-c4a3d4ce5271	436	916	87	28	,
90911dc5-da38-4a0d-a4a1-02e74633a65e	527	916	105	28	18
857d08e9-5163-4a84-8e09-5bbdf37034f5	527	916	105	28	-
cc3900b2-2e48-49da-964d-d56b5dc4e1f5	527	916	105	28	11
22345eba-3a06-4a3c-b56e-0b6fdf2bc365	527	916	105	28	;
2acfd282-1538-4d5e-bfc2-2ee3f757c672	635	915	59	28	will
e1d6ff50-b934-4875-bb07-99b725f9fbec	82	944	56	28	not
f933b234-1cc2-46cc-a994-fd4479cabf33	141	944	115	28	always
26315c3f-4b71-413c-9055-f14d924804b3	260	944	101	28	strive
92aef27f-939c-4d82-afc9-f6eea69228d1	365	944	77	28	with
e075c407-82ea-4c1d-886b-ba7748d3ae76	446	944	80	28	man
e27a1b1f-a2a4-454c-abfe-a0f1972e5da3	446	944	80	28	,
e402782d-b42c-4c9a-8f37-3cff86b21c31	530	944	105	28	93
d778c794-aba9-450c-9d4a-d2b911d7e30a	530	944	105	28	-
ab3d236a-682d-4a6c-a1f7-8cc847cd1ea2	530	944	105	28	11
041d0aa6-9b68-4844-b321-327df3a4d527	530	944	105	28	;
6fb800c3-e7b7-4324-8cc9-4c9b66f01a33	638	944	56	28	one
d74b813e-e4cd-487a-b006-65f6b7e31aef	82	969	87	35	with
d90cfc76-76c1-44d6-8878-f2bf2d334f60	174	969	114	35	Christ
b988531e-62d4-4381-ac68-3974b7368e14	292	969	74	35	and
0c56ec49-fc0c-406e-bdb0-22c1228bd84d	371	969	66	35	the
31e0a1d8-b13a-4d1f-a083-359e0afe4c6b	441	969	127	35	Father
a78ace7b-55a3-4d2a-ac56-514bde8786f4	441	969	127	35	,
9e5eb5f0-0853-49e8-a66e-4f4f15e74f97	571	971	123	30	224
bbf0800a-a8e7-4d26-8786-1004b8b6d9ca	571	971	123	30	-
700c2b7c-c82e-442e-90d5-96ff374ba526	571	971	123	30	44
ad053f57-a8fa-4c10-8e79-9958c08a2dba	571	971	123	30	;
eb0546e0-8742-4553-8389-bce119cc35ec	82	997	76	35	does
cab04e9f-aad8-4ace-a524-b21dd1a60622	163	998	60	34	not
b43ce8dd-ee09-4373-a109-f7e3da82007c	227	998	89	34	dwell
96d39752-404f-4ee6-be12-9571a9d40480	320	998	38	34	in
35f7f5d5-deee-46d7-9bb6-9fb304e70fd7	363	998	119	34	unholy
1340e32e-2012-4070-9cc0-2a22ce5a035c	486	998	136	34	temples
9e50c405-5771-4704-b368-acaf0f31c8ab	486	998	136	34	,
c1ddc012-dbf4-4316-a0b0-7d16c8a0e489	626	997	71	35	368
cc4ad38a-edbf-4ea1-acc7-687aa375b405	626	997	71	35	-
b939440a-f4b0-42b2-8998-ce35b34c3b00	148	1026	65	35	See
c650ce0c-7943-4d6b-a309-de55a525b513	218	1026	70	35	also
1d4b3b51-3b1e-4044-b91c-acc5d4f30e6d	292	1026	83	35	Holy
dfd7c619-a8db-46e9-bed1-07aa5054f14d	380	1026	109	35	Ghost
2ff12e07-11bc-461f-835d-f851d3d17b9f	380	1026	109	35	.
14a81ca9-8483-4847-acd2-35b4a0562607	82	1117	105	28	67
3798e74a-5130-4c6d-bb98-8ee6d75c2712	82	1117	105	28	-
4bb3f7c8-d6b4-42ed-8ee5-62b115652865	82	1117	105	28	12
a76bbaca-c365-4db6-ac40-54ab3c3667ac	82	1117	105	28	;
1e609a35-cc5d-4124-9be7-3f587314556d	190	1117	140	28	unclean
df408d9e-5e22-4755-8098-6fbeb290806b	190	1117	140	28	,
48745e9b-edc4-45ae-98cb-0f56b626ef66	334	1117	63	28	see
3bc76a64-2b40-499c-824c-a0a92a344381	400	1117	98	28	Devil
7893af4d-e25f-4f61-897d-9f6e8dbf7f53	400	1117	98	28	.
aa2d3b52-82fb-4d7c-b30a-aa033c5e3272	57	1142	95	38	Stain
d418be20-b028-40f3-8546-d44e0f25491d	57	1142	95	38	,
4ea6b83a-b51f-471f-bc13-168cde1298cd	157	1142	171	38	figurative
774c60bb-abd9-42e7-aa78-a64b3c6df11e	333	1142	43	38	of
6431b6f7-3bb2-4dc4-93c7-eee5a43d11aa	380	1142	200	38	wickedness
b4e69c03-1acd-4ac1-b97a-1e50758bdc73	380	1142	200	38	,
7348ae5b-6b70-40d5-aee5-25713e1dd9f5	584	1142	116	38	206
1e3231a2-0e24-4373-99f3-d8a6063dd1a1	584	1142	116	38	-
f33d0f67-d197-416e-8c62-3e8c102557c7	584	1142	116	38	21
9d526d18-7270-456f-ab18-a151ce1b0cde	584	1142	116	38	,
962613df-c5cd-4670-8e31-ab119934bf41	82	1173	114	32	257
000608df-c002-4d37-a43e-13308453e718	82	1173	114	32	-
20de55c8-c5d7-469e-912a-18d8c505c7ae	82	1173	114	32	12
86b534c2-8942-4288-a149-c7b010e0301d	82	1173	114	32	.
6950559d-ea1d-436f-a938-1f4a9b83f01f	54	1202	164	41	Standard
5c770b74-8af0-4857-9a60-45a3fc3065de	54	1202	164	41	,
4fcec54d-dbd5-43cd-8075-d993afb6bce8	223	1202	41	41	of
1ba3a0f0-5889-4b22-87e2-1fc63eb99129	269	1202	123	41	liberty
99e105a7-508d-4d41-a21f-f7c65ff054f5	397	1202	108	41	raised
7f47ac31-ad9e-43c9-982b-6c78ececbf2b	510	1202	56	41	by
a48e8a4c-b9a7-4bc0-9f38-69cf14d2aa9c	572	1202	129	41	Moroni
5dda52ac-ac4b-4e40-9516-8a0e7f972ec4	572	1202	129	41	,
24b69f38-c753-44a1-ad8a-ccc475e4e298	82	1233	114	37	326
c98dc203-821f-418d-8085-e21231b2c41b	82	1233	114	37	-
348128f5-39e6-4c65-8bdb-4c283798ef57	82	1233	114	37	20
86156d3d-d487-48cc-b2a9-e713cddddaeb	82	1233	114	37	.
79033186-57bd-49ff-8d82-086375ab019d	56	1264	85	33	Star
27c92203-d7f4-425a-8443-70b60f8b6920	56	1264	85	33	,
a2bb2ce8-824a-40f8-b514-d10d629d16d2	143	1269	88	33	new
5b7c3be3-f9fc-473c-8c17-b7d077bf2a3d	143	1269	88	33	,,
2181454b-e4bf-4f11-b4c2-b54a2c8d5be6	224	1262	162	35	predicted
bce6e2f8-8ad9-4018-a6fb-2a4cbaedfc0f	390	1262	48	35	as
f53731dc-8b8c-49d3-ae40-ad4918f637d3	443	1262	79	35	sign
57961b9c-e41c-409c-a126-34bd774ca8eb	526	1262	39	35	of
3314164f-5ab6-49d1-8068-ff922ee6d205	570	1262	128	35	Christ's
9da28967-c93c-434f-8915-8395c8d7664e	82	1290	95	38	birth
8c9a47c5-bbd1-4cef-bfea-1823c0c9526d	82	1290	95	38	,
18a7e9cd-a6e8-46c9-8c41-b96a5e61198c	182	1290	105	38	393
af58d4a9-cdb1-40c8-bd6a-793c22949057	182	1290	105	38	-
53a608b5-2a4a-42c7-b632-d3cb6cadf40c	182	1290	105	38	5
430bb2b6-bd09-4c7d-a2b2-dcca3aca2243	182	1290	105	38	;
e19f9d6d-bc2a-4830-afd8-f6067b011c10	291	1290	143	38	appears
679f9a62-c7ad-443e-9542-8bfc374ef46c	291	1290	143	38	,
ac66d599-cd94-4222-8120-2cde486607a4	438	1290	117	38	400
b0fabe78-046b-44fa-9dce-f7326401eb38	438	1290	117	38	-
a39a422a-4db1-47aa-b861-f2f015ce9685	438	1290	117	38	21
80812cff-f4d4-48b1-8162-8af1f3784ca2	438	1290	117	38	.
172216a3-8706-462d-ad42-6b5d44419edd	54	1322	152	38	Statutes
bb908e32-d791-4ad7-83b6-999ad2308106	54	1322	152	38	,
d2bbac09-5d72-4056-a105-42fa39d133dd	211	1322	62	38	see
57d6535b-20aa-4e30-b4f1-39f6e82c0aa5	277	1322	81	38	Law
5133da58-9bd4-4597-aa41-943ada0c8577	363	1322	38	38	of
c1289f31-2eca-4487-9a2c-11656bd2a34e	406	1322	118	38	Moses
a09d38ce-db38-440a-9f5b-82f211f75f9d	406	1322	118	38	.
6b63cb90-53a7-4b73-ab67-8eaba52cf966	57	1353	143	67	Steeline
77eb0d67-fd0f-4ad6-937e-4ab442f08ed7	208	1353	109	67	rds
836093f9-8857-4325-ad21-421d4b3c28ef	208	1353	109	67	,
de245da9-1a19-4b0f-834f-e904ffd6d359	325	1353	268	67	workmansheph
589f4277-e6a2-4941-95da-81441ccea129	325	1353	268	67	,
35c8fa9d-af7f-41a0-be2a-083bfd594574	601	1353	102	67	6195
c8c9cc9d-b3df-441a-a6ca-d353fc082f28	601	1353	102	67	.
0e173168-b142-48f5-94e2-38e443c9eac5	57	1413	102	38	Sting
52bccf76-a663-4923-9bad-930f62c06915	57	1413	102	38	,
b82c86eb-31af-4230-942b-5099b98f4bd5	163	1413	37	37	of
0bff67b8-c7d1-4929-b225-37ab62116764	205	1413	106	37	death
3f69ccbc-0b10-42ee-8884-881c67c4984c	205	1413	106	37	,
c4cf4083-a63c-4171-a39f-66b2cfac3c6d	316	1414	120	37	252
159ea246-32d3-4985-ad7e-a6d4d14e12e6	316	1414	120	37	-
91b2b3be-89f8-4cd9-bb0f-051a5800dfb3	316	1414	120	37	14
18e6dc3b-2dbf-4624-a9b7-39975fa3c0b5	316	1414	120	37	,
3a7c5946-1619-44ea-a952-c72efbcea1c5	441	1414	102	38	471
0214b2d4-4977-468f-9bcc-7b35907fb072	441	1414	102	38	-
38d3abce-9d2e-4b70-a7fe-b5d1eb4404df	441	1414	102	38	5
ebc0b24e-5972-4b08-a0ce-a0375b9a93c3	441	1414	102	38	.
23db106d-8895-4c65-9623-37da03f83e2e	54	1445	111	63	Stone
fe8517db-5c49-4bea-b750-193678e9d111	54	1445	111	63	,
d20536f1-6b3d-42a4-a1e2-092123dc3d07	172	1445	181	63	thravings
c53b0fb3-4b51-4e3c-93ef-17eefa39d933	361	1445	153	63	brought
71bc745a-e4bc-4247-98fa-566f5a6ad8af	161	1442	97	41	the
3f50cb53-e870-4858-86b4-66ee69b82c29	161	1442	97	41	,
1419454c-9407-4240-8f4e-3db6fa36a22d	264	1442	103	41	Jews
c17f5ddd-40f6-44b9-beb1-9dd1eb17cfb6	371	1442	77	41	will
5b19478c-47e5-41fa-ae67-f49fa26c6f8b	453	1442	123	41	reject
7903df2c-aac7-4583-9de1-16e3b2a418c8	453	1442	123	41	,
ff377d64-6b2d-4c9e-888d-190da78cb3a6	581	1442	119	41	114
37a5cf1a-9f41-409f-9c7f-b1b57511401a	581	1442	119	41	-
cccaf5ae-a08e-4c83-a1fe-ba3d0ee2a21b	581	1442	119	41	15
b6dbe605-87c3-4036-ba14-466edd14f42c	581	1442	119	41	;
6ddf5a09-e613-4dbc-9003-3226d64f3231	561	1472	139	37	Mosiah
dfa4f75d-8827-4382-9ce8-1d0aefcc5293	561	1472	139	37	,
8fa57733-0152-4bee-b54b-7aa70f217435	85	1505	115	28	131
b18a15ac-81b3-49d9-b98b-f4e34eaf57bf	85	1505	115	28	-
103a9bc3-c3f5-4a53-b91a-d50ecc42f01d	85	1505	115	28	20
18c8d4bc-e3c5-4c1d-a167-9735e632dd4a	85	1505	115	28	;
46ea405d-16a9-4699-9442-7caee1b4899a	204	1505	45	28	to
3c9be0c7-8405-4d1a-a01b-383ddaaf79a0	253	1505	42	28	be
c483efc1-264f-4eb6-9570-58ddbe933685	298	1505	147	28	prepared
bb34ebaa-2143-4b34-bd99-0a4d26a341db	449	1505	49	28	by
a5ea5aa2-c9e9-41bb-89b1-a42aecd4317c	501	1505	59	28	the
a01f6f5c-8e4a-45e9-952b-be90ba5f140e	564	1505	84	28	Lord
1d8a24f6-43f0-453a-8ebb-7541d90ec81b	652	1505	45	28	for
5ca24249-e544-4816-8128-7de551bd52e4	88	1533	140	33	Gazelem
2056e178-8647-4166-972d-e977db57bd30	88	1533	140	33	,
9b4070db-1528-41db-8ef5-d114421902cd	232	1533	115	33	290
54b1a5ed-ba93-4a89-81b4-5e41593d4504	232	1533	115	33	-
f2f8f012-ed82-4060-969d-efc60df7a6c1	232	1533	115	33	23
3ea3c5ee-4659-4116-9a10-73425927c1b4	232	1533	115	33	.
c8347692-0b65-4829-a9c5-0a77cd2a571c	849	139	81	38	of
35d7621b-7ed3-4de4-ba4e-2044d23d4450	935	139	76	38	the
d66c2239-145c-44f8-88d3-a4733fb1b058	1015	139	161	38	Jaredites
9a600f3d-55b2-4002-9969-fa7e84b16374	1015	139	161	38	,
7b69d4ef-1a20-4733-8256-f5fa8e4bc911	719	227	210	35	Synagogues
54240699-7e8d-4481-a064-e6573687ee22	719	227	210	35	,
007be588-cb15-4c61-9f0f-6684b2cd0405	933	227	86	35	none
a3967b48-70a3-4b5f-8192-dfe8c75d6026	748	256	116	28	94
ab3039c9-0d50-408e-849d-4882f5a7c5a0	748	256	116	28	-
2bbe916b-4c5a-4bcf-8ae5-ba88c3a1ab32	748	256	116	28	26
f5c6bd1c-79b0-4d62-ad90-be12838b61d1	748	256	116	28	;
cda74145-5a38-4b34-b3c1-10c8f779519d	867	256	101	28	Alma
86a40866-e672-4e3f-a232-82d32bd0efbd	972	256	73	28	and
0ec1efff-bc54-4b04-8557-1c3c09640798	1049	256	140	28	Amulek
12622b74-a78f-49f9-b195-aa9042a8dd04	1192	256	122	28	preach
cbcd009c-f795-484b-b5d1-6f54d7b87424	1318	256	44	28	1n
1740c315-1794-4d4d-9fab-53bd53915b08	1318	256	44	28	,
00df2d8c-0dde-439b-a83d-d3aa9626df81	748	278	118	35	236
d939193e-4fbd-4b6a-9a6a-a9f5f0d9bf28	748	278	118	35	-
fd442622-9522-4f43-b216-0fd340b7bcec	748	278	118	35	13
9ae7ecfa-18f9-457f-9f00-39d0e733ea19	748	278	118	35	;
6b07d771-004c-4fb8-ac8b-2c39a95ce5b8	871	278	87	35	after
928f2ff9-41bc-4592-8522-f32a8d2e422d	962	278	61	35	the
39d343be-0fe7-42de-af27-90923ba30de1	1028	278	96	35	order
725cabb3-9615-430a-a180-daf4558e3331	1129	278	39	35	of
1a565dcb-d9d9-4478-83ee-ad48e4eae0a1	1172	278	61	35	the
7fa7f955-e0a5-4feb-9f5b-268238121570	1238	278	125	35	Nehors
bd2f7b2c-2d23-46e7-8707-e0f54192be9e	1238	278	125	35	,
f2c8e9d5-f1e9-4472-bb75-c9c2238e1200	748	309	101	35	249
b91690d9-9968-40ed-980a-d5c1a867e8c9	748	309	101	35	-
8e925eb4-6cc8-40f4-8df7-0c17d2fe5af6	748	309	101	35	4
e4e0e926-9b21-4b4c-ae19-088ccb4b9efe	748	309	101	35	;
fccaf822-0a03-4eda-ad9f-fd32141f3a64	853	309	61	35	the
0c7be3fc-568d-4d7c-bd18-0d724c4554de	919	309	74	35	poor
01283dac-de2d-4fd3-b521-14fc3ac84bc9	997	309	74	35	cast
6c74bafc-0f82-470f-9e70-e37ef43be9f5	1076	309	61	35	out
34496b9c-82d9-4585-9408-294466a95b7b	1142	309	44	35	of
12a2b425-4389-4f18-ab15-92f8410e1307	1142	309	44	35	,
dfbfe30b-f3eb-4fea-86c7-220da63f1a07	1190	309	114	35	among
c3a4fab2-79f3-40bd-ae2e-30cb5dcae223	1308	309	55	35	the
633e88f6-53a2-481e-8ad4-95a682c65d26	748	338	171	38	Zoramites
7202f789-628e-4835-a2ed-5369ad5df5f0	748	338	171	38	,
a0df4fa8-ba5a-44b4-9f62-70202e08ab75	924	338	105	38	276
4fc33b49-11df-489d-b8dc-86e5b97769f4	924	338	105	38	-
6b15222d-4992-47e8-b27d-07fb8e1a0692	924	338	105	38	2
72fc12d4-5771-4387-a149-8d0cb9e2b031	924	338	105	38	;
6e6e1aa2-9bc6-4466-a235-c01de4d6ef41	1033	338	176	38	hypocrites
48467cbf-0296-4c0b-b30e-f33d431b22b1	1214	338	47	38	in
1dc4e214-da40-4ef3-9109-4a4174ac9d91	1214	338	47	38	,
7c4003c0-e7f2-4444-b640-ed95e8543cb4	1266	338	100	38	426
215658f0-dbec-4445-ba5c-4cf97608a6c9	1266	338	100	38	-
ee9d183c-e554-4fb1-80a4-f6b203a64993	1266	338	100	38	5
a6ceb745-5520-4804-afe8-a5c65d945b56	1266	338	100	38	.
c940c669-6e2c-4f68-9cb2-a07c33d63f33	748	435	95	63	levied
fe909242-f192-4cdc-8b6c-b800c34e632a	850	436	157	63	peoplipial
973a6c47-791e-40b4-bb39-38c2097bd6ca	1016	436	55	63	Si
182d887f-1095-4325-a749-d0aa72f0eb1a	1016	436	55	63	,
6d2c1aa6-dfe2-4a16-a5d9-b0ddc8e8843c	1079	436	165	63	496
fc30a0f3-e441-45f3-9ef2-82fd2a91a547	1079	436	165	63	-
98bbe9ae-f3db-4c8f-b914-f47e4a05c058	1079	436	165	63	43
71657d08-758f-42de-b25f-d0e90f3c1c73	1079	436	165	63	-
7f234dd2-7dea-448b-b9d2-95f98ffc5d0c	1079	436	165	63	15
b67af4cb-ac04-4059-9e6e-80c9f7104025	1079	436	165	63	;
ec27ddc5-836b-4fdd-a24a-39fc1166e87d	1252	435	117	63	heavy
cb4085f6-5332-4d0a-9d8a-e23bdd62614b	1252	435	117	63	,
d4ff8204-468c-42b5-9472-0c053f8def63	751	580	98	36	62
247500ac-bec2-409f-aa33-3bfc7c37a1ee	751	580	98	36	-
d28ee221-f8c2-4e06-a0dc-f0f97449f588	751	580	98	36	26
174bc6ff-96bd-47f2-8488-ac8bbc6831f2	751	580	98	36	,
e301e92f-2535-4359-89a0-030113639701	1176	577	140	30	because
c26ff94a-9a49-4915-ba46-2cb33c20b0d4	751	694	113	32	Christ
8ebd6c3e-5d41-4dae-b9e7-2127ce314d39	751	694	113	32	,
f95575fe-f911-4fcb-8036-c74772f2324a	867	695	159	31	teachings
e89da466-c855-4d8c-b370-e02fd7d6c814	1030	694	46	32	of
68014dba-bb26-4a2e-aea4-88efcf505c58	1030	694	46	32	.
296357f3-100d-497d-96be-66c3b0ce292d	751	830	151	67	prisoners
6f9ac8a6-835b-4912-a094-4cc4ac66e271	910	830	42	67	to
3581b9a3-cff3-4afa-a568-95f9697e4138	960	830	109	67	mar
d881ee20-7afe-450c-8134-656c1ec2bbf3	960	830	109	67	,
aad0ac99-fe5d-4951-9745-20085630b34d	1078	830	17	67	3
386e7d22-e391-4350-b952-f8896e42f5f1	1103	830	33	67	bi
d6543b3d-0e11-403c-af5b-b12ad1a27cb5	1145	830	17	67	3
352f80d9-c024-4fcc-804c-2926d6e646ac	1170	830	117	67	339
1f5f8931-4f54-4c11-8c36-0e610ac30b45	1170	830	117	67	-
e12aa241-647b-4dac-a286-38d56f9cfbfa	1170	830	117	67	73
658ec504-332d-4176-9726-ac51feda733e	1295	830	74	67	Aets
bd06bd28-d42b-4f38-9783-6dfa94b9985a	754	865	156	32	prisoners
edce46fe-8b10-4c46-92a0-877a39cf0b1d	914	865	48	32	to
52c1e336-2025-4ad4-810a-b11f440c60ac	966	865	100	32	work
a7e2272c-40ab-4f3e-9448-7e6cdf6c0e37	966	865	100	32	,
7e564118-7bb3-4953-bc67-27782c18a0b0	754	893	116	32	moron
c87a103f-739b-4bc7-a296-e6169a113ce0	754	893	116	32	,
cdf0b147-2018-47fa-b9ec-f825e272a48b	874	893	120	32	356
abb9a341-2116-4614-bf5d-8cfbf0dcf302	874	893	120	32	-
81e5b84b-4469-439f-9b68-61b338284429	874	893	120	32	36
b24c732b-37e7-4aec-952f-474dc89e42bd	874	893	120	32	;
41d50f54-4db3-4f9a-9352-e66a0790d490	998	893	36	32	is
7b945e02-503a-4711-946d-3e0b20415d58	1038	893	96	32	slain
4f37caf3-813c-4e8b-b2a4-b1f4217a039b	1038	893	96	32	,
cf2dcee3-3ec8-4f15-b8ea-fa18c94ef02f	1138	893	111	32	356
a9f3622f-6e6d-4733-bd7e-58a145d8e155	1138	893	111	32	-
6f9f37d0-461e-4e76-a976-6c940a3b8202	1138	893	111	32	36
9697b742-a29d-406f-8412-fd97fbeaf247	1138	893	111	32	.
f3b86cde-0a5b-4722-a2c3-591274f736a2	726	921	158	35	Teancum
8472549a-79ca-4bae-a603-7ff4e5a670bf	726	921	158	35	,
3f710799-49dd-43d0-818f-485cc4f14b20	888	922	70	35	city
5b145a57-675f-42f7-8bfb-61a11ae36975	962	922	48	35	of
bc18995c-4101-416f-9b52-504c2ffc24c5	962	922	48	35	,
736fb7bc-470b-48d4-a686-e8b0eb94bd38	1015	921	96	35	466
dba198bb-d166-4b17-b7be-48f76481f185	1015	921	96	35	-
f0978455-c162-49ac-bebc-ae4c949a9a89	1015	921	96	35	3
73e2b036-1bcd-465c-8a23-989b0e21fabf	1015	921	96	35	.
88e3ad53-d7ac-4c64-a33e-ee718d0b73e8	726	950	148	32	Tempest
4ac9d255-7184-4332-beb5-bc0b371ac00d	726	950	148	32	,
ec6fc6a7-3e07-46a0-bdef-d32e5af39d2c	878	950	120	32	during
2f53866e-f830-4197-b383-49cb638706f0	1002	950	120	32	voyage
27b64944-1a93-4b50-ae30-fa5bd9e804af	1126	950	44	32	of
45d42f53-91e6-499d-8c64-59e79f22e3a9	1174	950	88	32	Lehi
19aa5db7-0242-4cf5-9e42-b18be5b0bfaf	1174	950	88	32	,
3034613c-f0cf-447e-8c3e-ea889243b6e3	1266	950	100	32	39
1958abf7-6338-41ba-b7f0-2fe6448b5506	1266	950	100	32	-
18324267-ff10-49e8-83e9-fb8c3ec21b17	1266	950	100	32	13
94f185f0-795d-4b33-9fa4-6f4f14770152	1266	950	100	32	;
bbd54f8b-b6f1-4f7e-8f36-552bf302cb9c	725	1089	131	34	Temple
1f39c4af-7ca3-4851-82b0-92f9d277712d	725	1089	131	34	,
cc0373a6-bf41-4e10-a551-e3caf3e24f78	757	1064	112	57	emple
89058d24-28d1-44fc-9edf-fdbbc0ef379e	757	1064	112	57	,
5acb33c2-103e-4766-b8a2-fe933bc4037b	876	1063	119	57	Nephi
349ef7e8-e2dd-49c3-9270-274e014c9a09	1002	1062	102	57	builds
0dc2bddb-eee1-4c61-bcfb-dc7ce2339fdd	751	1120	132	35	teaches
4fd0859b-d0a5-4eec-8489-02d6f7ac0356	887	1120	55	34	in
a3e47e82-0dd8-44e6-8f0c-0fe6351cf502	887	1120	55	34	,
ccc8de39-2add-4a8c-b1c3-a6ecbc4cdad1	947	1120	119	34	109
0d4dc121-f19e-4ed4-9140-1c3770c01075	947	1120	119	34	-
a3d6bc3a-7ce8-480e-8703-4aaa1e5ec5d4	947	1120	119	34	17
dec4a33a-2d41-4bf6-be59-9c09a132183e	947	1120	119	34	,
09be3e95-b46a-49d1-b172-9ea5d0f6967e	1070	1120	38	35	2
b210ff08-8f85-4078-8fc0-c6ac018816d1	1070	1120	38	35	,
65ed97fb-6bf3-4676-8344-6e04e3853a21	997	1086	66	66	b7
fa2f2e9d-65fc-44a8-98bb-016768bcadd8	997	1086	66	66	,
490bd0b7-be7b-4893-b5ca-517d60203d22	1071	1086	49	66	25
ca5827d5-d978-4601-99a6-af8c1b876b41	1071	1086	49	66	,
93852a58-da2e-439b-b833-49f027f1d22f	1129	1086	107	66	110
e176dcf4-9c9d-4d2e-ae77-0d91108b0707	1129	1086	107	66	-
04938aa9-5c08-4e62-b51b-56dc091b9f33	1129	1086	107	66	15
3d945787-c3f0-4a4d-81e2-44531b78c8ce	1244	1086	128	66	Moscah
4d705745-b2f1-4633-b169-c504e92e322a	757	1148	152	29	summons
5dca21b7-f2a3-4025-a3e1-dec365957c60	913	1148	105	29	people
3638544b-722c-4dc9-86a4-89a8049478a1	1022	1148	51	29	to
2e748265-4b32-4ff0-8015-914aae2932ab	1022	1148	51	29	,
89ab13b3-5eef-4550-ae0f-a1babd84f2af	1076	1148	123	29	135
1d8796db-495e-48a8-92c6-95ee8734517a	1076	1148	123	29	-
a947e5c9-383d-467b-a020-3d20cd45a1e2	1076	1148	123	29	18
38490bc9-f791-47c1-9b1c-14ad49855172	1076	1148	123	29	;
4466c17b-9c96-47e2-81bd-e13275964ee2	1203	1148	109	29	people
b22cec3a-595b-4c07-9429-f479f06e62b2	1315	1148	54	29	as
66edea67-da6a-40ac-bb2c-a69bc09892f9	1315	1148	54	29	-
a4072f68-0e14-4a7c-aacd-9d8bbce1dc42	754	1165	130	39	sembled
518d5904-d332-429e-adc1-5548e4fde4b0	888	1167	88	38	near
fa7891c8-55ce-4b00-a4a9-bcd11bb46d58	888	1167	88	38	,
64365393-c8ca-4888-ad98-11f83eea02be	980	1168	42	38	in
c8881751-9396-4f8b-aefa-eaffe7d30926	1027	1169	167	39	Bountiful
ecc8fa86-ad51-4a06-84ed-49c8922c7934	1027	1169	167	39	,
153ddc05-65d4-4399-9665-21ed450c5a89	1198	1171	47	38	at
0a244f8d-58ea-44a5-8dc8-9a096d6d631b	1249	1172	79	38	time
a2d94cf6-dace-4204-93b0-1c3e81e8dbd7	1332	1173	38	38	of
26168d1f-56f4-441b-b8ee-f6f815cedf1a	754	1205	132	32	Christ's
6a56fc07-42ec-44bc-8e88-c007c888464c	890	1205	172	32	appearing
c8b3c536-6264-46d3-b904-a7dc9bcec240	890	1205	172	32	,
a88e4704-92bf-474d-ac1e-9e5212ceef59	1066	1205	98	32	421
7fe1124e-12b8-49c1-aee1-c0ab26852dfe	1066	1205	98	32	-
54f7ca28-838c-4bf0-a55b-2442af17bd57	1066	1205	98	32	1
73c2dc12-d7be-4df1-a9ba-779b6d7e91ac	1066	1205	98	32	.
32ea910b-c3d4-4980-a74e-809e194d143f	726	1454	158	70	Tener
9a9840d3-b7b8-443d-a2a5-f1b6f6b949ef	726	1454	158	70	,
cb110397-a0ba-465b-98f9-d80db4824db1	892	1454	158	70	Benephite
c8ca8981-fd84-49ee-8b2f-33e33b8ee4ee	1059	1454	105	70	once
26d010a1-9717-44f5-8b13-9132c6a6a58d	1172	1454	96	70	under
7727dcb1-169a-412c-8901-f563a0460ec5	1277	1454	98	70	Hela
0a34e86f-2c0e-4463-8fb9-9eb74e146959	1277	1454	98	70	.
e320aed1-7668-4ce6-b374-457f3e89999d	751	1511	103	41	man's
96163707-f9ae-4361-8c09-bee96f3eeb33	859	1511	164	41	command
51841c8b-a2e3-4cdd-a2f9-db45c9bea25a	859	1511	164	41	,
a6f15a05-40c8-49b1-8675-fd266372a998	1028	1511	41	41	in
df2f3da0-9f23-4409-a115-822857e1d3b1	1074	1511	138	41	ambush
40ee902c-8024-4935-b7e1-267386782705	1074	1511	138	41	,
052ace66-df4f-4af9-b66a-94a81a5e2bb7	1217	1511	111	41	345
1dc7a0d8-9a8e-4cac-80f7-4cdb1eeea265	1217	1511	111	41	-
4747851a-559b-4e3f-abb5-2ceb992e72c6	1217	1511	111	41	16
a5305b54-599a-40a4-881e-bbf185f6841f	1217	1511	111	41	.
952666b3-2add-40b5-a234-9d4ad85b1417	729	1543	187	35	Testimony
b2ba2fd2-2f23-4c5f-b416-f46e91c8d95b	729	1543	187	35	,
9cee5476-e997-4520-bc3f-261728ea00f4	920	1543	106	34	words
e59beb72-1266-49c0-8f8e-c734557db55e	1031	1543	47	34	of
3db95c38-17e0-4f28-a386-2e371754ed53	1082	1543	106	34	Nephi
9c7c53ab-89ea-4cf2-9343-30e264d66ad9	1192	1543	34	34	a
42c897d4-86bc-4fa8-8165-9b75694f26bb	1192	1543	34	34	,
06c6bf74-ab82-4f45-9dfd-bbfa5f5620a5	1231	1543	115	34	92
3af7c0fe-358d-4316-9f0d-0d8b9c4dd7bf	1231	1543	115	34	-
d31e115b-2d0d-460c-a709-1bb9d85b96c7	1231	1543	115	34	28
609d5a1e-a1a0-43f3-ba15-552274054ed6	1231	1543	115	34	;
09d6d92c-9a24-415c-831d-4f112573358e	1350	1543	20	35	a
22904f9e-93f5-470f-a80f-f669995b1943	754	1568	55	63	few
d68ae5b5-b475-4952-b51c-f0a8cc9c1080	817	1568	31	63	to
d1c7a1a7-2333-4853-a69b-e465b63eb957	856	1568	87	63	hear
61b5e7af-0b7f-4fe0-8334-45ae283abaa3	951	1568	110	63	ations
b31b6fd9-4e7b-4030-aac9-09fa4161d4f1	951	1568	110	63	,
777e6274-b826-4ce4-a880-6995dc8a2f6f	1069	1568	39	63	No
975fe3b6-12c5-440e-b6c5-25d5f29fc51b	1116	1568	71	63	bite
8fa5a367-a658-4d75-8354-50a4949dd9c9	1195	1568	134	63	winess
e3dbb5db-f67f-4343-b10c-41593721643b	1337	1568	39	63	oi
1a39de79-efc8-4306-ba1c-40de150533f3	177	1647	162	35	prepared
a8106e3b-8ae3-4c44-83c2-8a03a3fee99f	343	1647	57	35	by
6c425859-53d8-4fab-9d07-8398e9b290ea	404	1647	136	35	brother
d6cd4366-feda-4f16-b502-623f6694a2a2	545	1647	42	35	of
e79b4059-b042-4aba-999f-a6e0f0792886	84	1671	107	35	482
a0223443-9cad-4988-b3d0-2d27f3ae3d15	84	1671	107	35	-
bb129b10-4019-4e71-9033-9d3bc6d1bfa7	84	1671	107	35	1
96a3fb7e-6130-44f1-8c89-ac0cdb9c7a3f	84	1671	107	35	;
f52879c6-6803-4110-9094-9b1357bce405	193	1677	83	34	two
bc1cda14-c9db-487c-95b3-8dfee5803b30	193	1677	83	34	,,
536d5eca-f85f-4b85-8eb7-585caafb7baa	270	1651	101	60	given
902d8abe-a0b8-4c86-b512-d2dd09746480	377	1650	37	58	to
1d1dc154-a5fa-4ef9-ae15-c2787b6ddcf1	420	1648	129	59	brother
d4b1577e-ba32-4494-857a-79fef4af3c07	555	1647	44	58	of
85b7e074-27df-4012-a060-8769cc5090e2	605	1646	96	60	Jared
a88f011d-f9ec-4c85-9372-f18dcfee3093	54	1701	180	73	strate
89d9178b-4bf3-469a-bbcb-8ea80e175dbf	54	1701	180	73	,
bf6ffd1a-35dc-4b4c-8385-3aea94ce88c5	243	1701	36	72	of
42127307-b9ea-4720-aceb-5d7c057a41d3	288	1701	135	72	Moron
32b7384b-c164-4a87-938e-f786c3620c16	288	1701	135	72	,
085a6726-6ef0-40a1-a3ac-3e036ed55eba	432	1701	117	72	328.10
92333d9f-9927-4318-92e0-c972b4a1e344	432	1701	117	72	,
37de7687-948d-4f7c-97df-6d581fa3ac0d	558	1701	99	72	333
a1630ebe-be01-4eba-895f-5aedfc865dac	558	1701	99	72	-
319e54ae-a004-4c97-b0ff-2ae14f097e2d	558	1701	99	72	3
b2f8d56f-cf62-497c-a9bd-4545a03f257a	558	1701	99	72	;
a80d0b35-31f1-4787-9f1d-a91dc316193a	666	1701	37	73	of
34de8552-ed1d-47f4-84c1-e9eab97ffd8d	85	1764	138	38	Antipus
ae87c061-28c6-4f7c-bd9a-dec984497e6d	85	1764	138	38	,
7d020b8d-2643-46ed-b4b5-f93aa237fe6a	228	1764	124	38	339
2a2a3598-0436-4c9c-a5f8-f0bb63f0b04a	228	1764	124	38	-
b662c9c3-ec4c-4ef7-bc86-d836df3d7dcd	228	1764	124	38	30
947294ee-e7c9-4901-8fcf-6bb2efda86b8	228	1764	124	38	;
7c7b3f86-a61c-41c6-9360-2da9c9b040aa	356	1764	105	38	Manti
9aee7a78-7b4c-4eaf-8bc9-cb95adee9287	465	1764	95	38	taken
6aa39fb2-61d2-4169-98a2-9edf2aaf483a	565	1764	62	38	by
b283983e-6be8-422e-bd90-38a7391c1298	565	1764	62	38	,
505f9ef5-dfd7-4d28-b8b6-5f214a81bf4c	631	1764	69	38	346
8fea9186-c7d2-40fa-8e9a-5b5e08d63d4e	631	1764	69	38	-
fc2b0b06-4200-4e99-9970-b73f08cfc38f	57	1821	159	41	Stripling
e899fa99-6e1d-48a1-915e-01fc73d765f6	57	1821	159	41	,
838bee2b-f507-4b60-9e87-4bb9961ab1f7	221	1821	143	41	soldiers
ffcbc08e-7366-4b72-bca6-b25ff8c943b6	221	1821	143	41	,
660f2e82-c8b0-437e-90c9-1bf0d392d608	370	1821	179	41	Helaman's
9317fab7-55c0-49d3-bdc6-f0503803cee7	554	1821	97	41	army
bc3af232-394d-4728-a73b-3fe80b70cc3c	657	1821	47	41	of
d4eb9699-cf57-4de8-b397-ab41fc162cae	657	1821	47	41	,
4062f233-a8cf-45b3-b46f-5d71dbf205fd	85	1852	114	35	333
d76848cd-e679-4757-8bec-863a60374634	85	1852	114	35	-
84240bbb-4c82-4ae0-81e6-e397f213e88e	85	1852	114	35	22
2c98042a-181a-4eb6-a6cb-94587f40446b	85	1852	114	35	,
d43ecb45-7a07-4f44-8fab-f1159625a0f4	203	1852	125	35	341
fc22fe7d-b700-4e13-adbd-794b8dbe4507	203	1852	125	35	-
0362f6d3-5841-46ad-a75a-9448187f507f	203	1852	125	35	57
4069f6bb-3163-41e1-89b0-fe13af15779f	203	1852	125	35	.
0b809dd5-6321-497a-8d76-9ef93823e148	57	1881	136	35	Stubble
0f541b76-dcd7-45f3-8206-bcb6aefe271b	57	1881	136	35	,
a67b4a3e-6013-457f-bb8f-034d7315b548	192	1879	124	35	wicked
ad61a193-ccbe-48c8-894d-ac646da55907	85	1877	49	98	at
460849d8-811c-4f16-aad5-27ec58e4a0a7	146	1877	37	98	to
9fb51eae-c4c7-4f5b-b8cb-688cb57d93a6	195	1877	110	98	sicket
ab3b4d25-9d69-40f2-92c8-6da3866e579c	318	1877	135	98	churches
60a88e26-78e0-4e9e-87c0-89510df1d9bb	465	1877	24	98	to
beda6a3c-9eab-4d56-9a13-62d93a0b8c21	502	1877	37	98	be
02efcf15-6de8-4d99-8b43-5883d0216d02	551	1877	49	98	con
be1615d7-08c8-4c83-ad6f-975ba80f2196	612	1877	92	98	unct
69c2d917-3f36-4e91-8751-d00d98e5b7c0	60	1972	76	32	Sun
621e64d9-def9-46f3-a8f3-3419ed30898e	60	1972	76	32	,
0ddb877e-d01c-4ad5-b887-da144e39d7a7	140	1972	164	32	appeareth
91f3a3a3-e1a5-477b-bba5-76d52e647676	308	1972	44	32	to
95316846-cba6-426a-b435-6217345e9732	356	1972	100	32	stand
260336ac-a18a-4fae-b3ec-b7677d59bc9d	460	1972	80	32	still
4ee8d444-e4d9-4b3c-9af6-b6df0f0b50a3	460	1972	80	32	,
c414ee2d-3ab1-47db-a400-7dc1e12cf2a1	544	1972	115	32	300
27f0c180-e809-44c0-ac9b-3af85cf7b6ce	544	1972	115	32	-
ebab42f7-7e72-40c6-abd0-69bdad2f2724	544	1972	115	32	15
efb2467c-60d0-44eb-a60a-9c78b3e7d73d	544	1972	115	32	.
6d3a2ab0-1bf7-4e8d-94f0-91f96539dbed	60	2001	112	32	Sword
ec2f1c09-77d8-4bb7-b2a8-df50c6503189	60	2001	112	32	,
d3a8e907-2143-4181-8db8-f24579769d64	176	2001	39	31	of
34a1e6c4-e0bf-4313-95f7-19dcf1150dba	219	2001	112	31	Laban
1316e6cb-6ec3-447f-9c96-25eb5966501e	219	2001	112	31	,
91ac34bf-9414-4ffe-8f87-77e19c831684	335	2001	66	31	7
efa414e8-7c7d-410e-99a7-3c1d520b457f	335	2001	66	31	-
3d12f5a4-afc1-49d9-aa41-9a9face36b46	335	2001	66	31	9
f8077f40-27c4-463d-ad28-29d9d8c1ef8e	335	2001	66	31	,
a17d43bc-edca-4c9c-96dc-556f9e2f0316	405	2001	101	31	61
ac673db8-87c6-4326-b42a-3a5fb5d61996	405	2001	101	31	-
5f0eda72-1f8f-47cf-adb3-a4bbca94c466	405	2001	101	31	14
e1a53399-d8ed-4075-ace6-f7cbb1bfeed8	405	2001	101	31	,
711af5a4-e680-4dae-8bdb-381d041ea735	510	2001	116	31	108
cb6efb72-69b6-4a03-9f88-1bea02309890	510	2001	116	31	-
aa6b24ad-784a-4894-9184-3f70fca396cb	510	2001	116	31	10
78e7a1a5-28b5-4513-9fa5-a8ab8ec9199b	510	2001	116	31	,
972c5822-b632-4b5b-a38d-26de7e96e9c5	630	2001	71	32	133
36f6d84e-7607-418b-93ba-6d07226a5181	630	2001	71	32	-
ce228f6d-8581-48d7-93a6-0b5a8ca0c866	85	2025	51	38	13
9c516e27-adb1-425a-8ccb-5cf2b6481bd0	85	2025	51	38	,
3878090a-8387-4c5e-b472-acbb2a192006	141	2026	115	39	135
0b675f1c-5208-4e68-97e4-be5833a73ef4	141	2026	115	39	-
57359c06-4fe9-49de-a2bd-dacf73bbb89c	141	2026	115	39	16
7692c504-56fc-4a57-8f9d-173e95d55ebf	141	2026	115	39	.
09a2c137-4279-42d6-9fb3-7c355cdb9380	729	1742	132	35	Thanks
a08ed082-500c-43ea-8693-53c6baf562fb	729	1742	132	35	,
de9d35a2-6724-4540-b149-e1ecb9b07702	865	1742	43	34	to
1319b468-9adb-4091-b08d-6a1b29274f67	912	1742	43	34	be
23e2da2a-96eb-42d1-adbf-7388a32de345	959	1742	94	34	given
d38e6ffc-b5d4-4a9c-93d6-9afb683f8bff	1056	1742	38	34	to
468b9e53-b309-42fa-8fa9-b754b40c81d1	1099	1742	77	34	God
a8f63e12-6c16-4c44-9f23-203388cdcbc8	1099	1742	77	34	,
9363f3b7-8ed4-4058-9d80-62c86c5991b8	1180	1742	119	34	213
d91abc66-3f53-472e-9fb5-ed34d067a25a	1180	1742	119	34	-
4bcddc34-d7f6-4c59-9cce-ba988659d8c9	1180	1742	119	34	23
82440ed4-361a-447a-9c98-e258aafa3b72	1180	1742	119	34	,
96000292-4b00-481d-aea0-797c90e7f476	1303	1742	70	35	291
bb61f566-5760-4996-9b7a-634db22f496e	1303	1742	70	35	-
a6bd31af-7876-4618-be9d-c3bbc1bcebe9	754	1770	53	35	37
b895fffc-921f-407e-8e74-6f08fb7e42a6	754	1770	53	35	,
389a4bbd-4a3c-4c9e-b079-30bcbab22dc3	811	1770	117	35	419
1f79ce8a-589c-4d91-aa4b-9c93efd5c19b	811	1770	117	35	-
e3addcb0-be90-4b25-90d7-7abf3176fd1a	811	1770	117	35	10
82cb1f54-4808-4aee-8ca6-ae4db4ea35b3	811	1770	117	35	.
d87b2c2f-61a5-47c0-bb40-07eae75f807b	728	1796	98	62	Thiee
ae83a84e-5e9c-4abc-a7b8-305c2815280e	833	1798	136	62	Nephite
1a6dc53b-bfa9-443e-9c18-eb42b1a14fb1	976	1799	167	63	Disciples
306ca375-d93e-47c0-9f04-0aa0979bef62	976	1799	167	63	,
d8d775af-5ec9-49c9-a72d-668a0ebb416e	918	1798	66	35	see
a0f313f5-2093-4d09-bd3e-9151590e250b	988	1798	61	35	All
0e25b469-7b2b-42e6-a8bd-3dcd1e126327	1054	1798	117	35	things
2dd17458-1cdd-4228-aecb-635ac61a474c	1054	1798	117	35	.
a0ac31f4-7232-4fc1-a80d-7ff72d0a52d7	1139	1830	84	28	the
39b5ac73-cc34-443c-9eff-32d4932aaccb	1139	1830	84	28	,
d5432d55-b22d-45e7-a855-3a3b8a71a235	1226	1830	105	28	never
44cb7ce3-5713-4c8b-946e-2107d9b092d2	1335	1830	37	28	to
fe15f162-256f-4756-a636-e6e9a660ad91	757	1944	129	38	472
743dc263-1670-45de-9232-881e773f4e22	757	1944	129	38	-
96352ead-0476-449e-a458-761bbfecab8e	757	1944	129	38	10
9554c3fe-ce30-40f1-8405-96777caf81f6	757	1944	129	38	;
dc035099-07c0-45cf-be22-4ce402e18ff0	729	1969	121	69	Throne
42e74db2-5ba5-490b-b379-8490427af50b	858	1969	34	69	of
f571a0ce-218d-4bda-b379-059f33656fc9	902	1969	78	69	God
505bd8c7-29af-4820-ae1d-433a6f4431ad	902	1969	78	69	,
ac212eb6-4033-4d65-a9df-3bb8b40e5a61	988	1969	52	69	all
2be52724-5aec-4f0b-8a07-741f88d1ad5f	1048	1969	26	69	to
eb6bdbac-8931-4cb4-9ef1-4ab3b8599f86	1083	1969	86	69	stand
79878135-5d2b-4800-bc2f-fcd50295adfe	1178	1969	121	69	before
18452eba-f562-45c0-8933-77c19aa6f886	1178	1969	121	69	,
0aeeed87-9564-4cb6-bed0-5cad0202e2e2	1307	1969	72	69	100
a8826563-f507-4750-ab64-b07e66d4bed2	1307	1969	72	69	-
21119482-a3f6-4a1b-aa75-bae2f121111a	757	2028	52	39	23
fddf2d28-12c6-4360-aa0d-9d6646615e08	757	2028	52	38	,
30e132bd-aeee-4005-8143-896e6327b628	812	2029	100	40	112
77d0b8c4-3862-4faf-abf1-a08d027db078	812	2029	100	40	-
31ab3beb-746e-4d80-b566-e0f641484d2b	812	2029	100	40	8
a03769a1-09b3-44ba-a948-b4d579a53cfa	812	2029	100	40	.
