ID	X	Y	Width	Height	Text
e7bcfb2b-5c3d-46d4-ae24-9bbde9fce8bb	282	74	62	16	INDEX
875224ec-b9b3-4acb-98b3-89df7bae5267	282	74	62	16	.
332ae6f0-33f2-4e88-b681-11f14f688a7d	98	102	32	12	Verse
fae5db1b-760a-4344-8934-504e02736068	98	102	32	12	.
c539df4f-cdae-4dc2-ad53-b95d7fcbed79	268	102	32	12	Page
7b9d8670-d2a4-45d4-b69a-1edc715a8cff	268	102	32	12	.
561e6c23-d2c3-4413-b2d5-a82324413e8a	100	112	11	14	9
dfbb1c66-b5b8-4e1f-b14a-b64e4a1e5321	112	112	70	14	Lamanites
077d2dbb-8ce8-400d-8384-facc421a5003	112	112	70	14	'
b6fa7298-5cb8-481c-8179-9eff3fd4349a	220	114	64	12	removed
af5b2076-bf68-44ef-95b7-261592560962	220	114	64	12	;
67806514-aaa2-41e3-8744-5214f177fe6c	124	126	30	12	they
fdf1c7c0-9e7a-45b2-aaf0-01651a55eff4	156	126	45	12	become
4205fa3d-bba6-4abc-8a61-f08f70626653	202	126	48	12	white
2a9e0b1e-fcf9-4b99-8653-3adbc947f528	202	126	48	12	....
5753a1fc-618f-47db-aa87-399d980e60c6	114	138	38	14	Nephi
caa42c69-d48b-4df1-ae9d-ae1a5a114c6c	114	138	38	14	,
93d9685c-9281-4a33-9ee6-9203379a7339	154	138	33	14	chap
45196a16-a26b-4147-8f88-2e9c8f0ff37c	154	138	33	14	.
da9690e6-10a2-445f-be79-3e9938da10fa	189	138	19	14	2
bc9e1d8b-dc00-403e-b573-0c8c6358e414	189	138	19	14	...
4345b2be-45ee-42ea-b412-6eb86c94cd76	278	126	24	12	.
a96673d1-7669-4fca-8d7a-162ed20ce769	278	126	24	12	424
f17774d3-f624-4f5b-a306-8e00a4132344	274	138	26	12	..
6babdd88-540b-4416-b4c1-8137883a8ab9	274	138	26	12	425
2988546f-baa7-4d98-83c3-660b555d7d52	100	150	10	12	1
6691067d-074f-461b-b68b-5cd3e17f3a1b	112	150	54	12	Robbers
2778951a-5a70-4d6b-9717-e1910cab4bf2	112	150	54	12	'
e1b23751-21e6-44b2-866d-efcf25136bdf	168	150	41	12	epistle
d90da854-7a06-4e4d-9fe7-5de60e3dfe23	210	150	15	12	to
792bf4d7-d0c9-42c4-aa7b-57a8ab936678	226	150	76	12	Lacones425
40582fe6-0f38-4cc0-a7e3-2b557bfe0dea	100	162	10	14	8
3d5bf5bd-eb89-43ae-aafa-6a136c72769b	112	162	70	14	Gidgiddoni
08af7277-9475-4cb8-ab92-b769de220f0b	112	162	70	14	,
7e14d202-e49d-48b0-b79c-8d12e0db6d85	184	162	30	14	chief
a12cc1f7-e9db-4ef4-b552-56a640514b1d	215	162	42	14	captain
1f65e4a8-b7ab-4ba1-a7a2-c8cbf3bae449	259	162	25	14	and
736b30c8-6d8b-4092-90d6-a15312a981b6	122	173	44	15	judge
3e626871-6305-498b-9a03-7ca5574da82c	122	173	44	15	..
a69f47fc-28c5-4c1c-a7c7-2ee2a7cc5939	272	174	30	12	..
998c19af-714c-4bb8-808f-c21c9c2717f9	272	174	30	12	426
ed2f12de-d66e-40f4-baf8-c3a1e87cf46d	100	186	12	12	7
b184a270-3591-4754-80e7-b0fdd9671017	114	186	33	12	Great
0697a7e3-98c4-41c0-987a-070d7682249a	148	186	35	12	battle
b0bfadec-659e-401d-a190-78ef34b0b123	184	186	49	12	between
d7593302-33bd-46af-b994-7af358945b5c	235	186	19	12	the
38bedf30-ff85-4af8-95cf-305fa6bb8e5f	256	186	26	12	rob
1877fceb-b49e-4e54-a284-a744b4fbb1ed	256	186	26	12	-
0c2863e0-28f6-427c-b5ed-4cf05d83c38c	118	198	27	12	bors
f7ac11c5-a258-45a1-8edf-d01cb99f82af	147	198	23	12	and
9979141c-67bd-422a-9661-13bd37a44554	171	198	58	12	Nephites
62e6ff28-6cf1-48d4-bbc2-45aaa0bbe083	171	198	58	12	.
fd7d7c60-7881-4560-8dab-1bc2d895586c	100	210	10	12	8
b49345c8-b6c4-4f6a-b31a-9fdc9bdccddd	112	210	60	12	Giddianbi
1cf4f5d5-2727-42ec-bddb-d455551fa326	174	210	36	12	slain
f79fa05b-a83b-416a-a5cd-4affd83ddba2	174	210	36	12	..
8a2b8ebf-f333-49d6-9570-543473aec20a	280	198	22	12	428
5fac33d6-a573-42af-b866-5df04c75c1ec	94	222	18	12	10
fe339568-4f14-45db-a683-a70ca191bfe2	114	222	77	12	Zemnarihah
bbd9acda-d130-4976-9894-4e204151f2b3	280	212	20	10	429
1789bf6f-a216-4e4f-8671-a479cf4b6583	188	224	56	10	hanged
72b7e283-060b-4de4-b51f-a7a1ece04d7e	188	224	56	10	;
8b55fd90-9cf6-4534-8570-f1c309a5b0b2	248	224	36	12	great
6bc1d5f5-742b-4832-b124-8b6bd5b4cc65	124	234	65	14	nuauimity
3fa7af0d-85db-4873-88e1-917e564679ca	190	234	12	14	of
7f6c87e9-74f7-41a8-81f3-419dddce24bd	204	234	35	14	belief
7e9f085b-c835-449d-b12f-88d9e3fca926	241	234	41	14	among
284acdf8-e2d1-4715-905b-b48b0ca3554d	124	246	21	14	the
d4c8f281-895d-46c0-bdd7-0ba2f37d02ca	147	246	61	14	Nephites
f358431c-366d-466a-91ef-ffc4a8d5a58d	147	246	61	14	...
e769627f-be77-4574-9963-98eb2d80532f	278	248	24	10	.
ad85f0cc-3cc6-4d85-a6f8-1350b833d598	278	248	24	10	430
9ccabb6d-2217-4cc4-9625-48c7fb52426b	94	258	16	16	11
cb5cd113-3cff-4763-a8c9-3bcdbbada6b8	112	258	50	16	Mormon
e674577f-ec66-40b3-8f49-ed8054449ad7	164	258	50	16	abridges
9fe3927d-a619-4dd7-b18c-c88be7bc0ed5	216	258	22	16	the
9c73badf-e7e1-4a89-9255-46beff2fc157	240	258	60	16	Record431
fdfbca37-2521-472b-8fe4-29e058861a67	112	272	42	12	Nepht
f3d94ae3-3887-4597-b00d-3606ef85e777	112	272	42	12	,
5b25427d-028e-48d4-a3e5-7642637f34cd	156	272	31	12	chap
e3b69f7d-130f-4696-a39b-d3270168d6d8	156	272	31	12	.
1fa89638-c19a-4731-84d7-769c8e82dd93	189	272	12	12	3
e9f844f4-856a-4b95-ab41-e922f5d2df21	100	282	10	14	2
03baaea2-4200-4dbd-bf17-d00e8bd33a89	112	282	35	14	Land
17153b91-bea8-44d8-9202-52eeb76388c2	149	282	27	14	and
67a4facd-b6a1-4c21-bffb-961d5701418c	274	272	26	10	432
e930de6f-6287-4c1e-858c-a2f253a513b9	178	284	34	12	cities
48cc4a06-5988-4a7f-ab6d-81ce8571aa39	216	284	68	14	improved
1ad2108f-5a41-4b56-8dfb-8abcdf21195d	216	284	68	14	;
08bfe5ae-34f8-4ef5-b59c-417061175672	124	296	31	12	pride
0734af87-e9da-4ef0-a297-369ee968b3b2	157	296	42	12	enters
baaefcf9-b840-43ff-87bc-e00bcb5e1176	157	296	42	12	;
af85df3b-ae9c-42ab-a3a1-c1ac58b0482b	201	296	42	12	church
0b1c542f-6ca4-45cd-9155-a0f2e51ff59a	244	296	40	12	bogins
4b051607-73e7-4b1c-8010-5c82030720ec	124	308	14	14	to
3017d805-13c3-4812-8903-66c0e96c55c0	140	308	35	14	break
b617708d-73b8-4795-9cf0-e88a40a15b5b	176	308	20	14	up
bc943b66-01fb-4073-9791-f52648a556f7	270	308	10	12	...
938b2535-8318-44c7-993e-e642df534382	282	308	18	12	483
c911d1a1-58ae-4d2a-b3e5-532746238b8a	100	318	10	14	4
d7cf4443-0f00-471e-9405-b838db176e53	112	318	72	14	Government
8dfc0caf-12cd-4e52-9c8f-82e9b3d96d03	186	318	65	14	destroyed
dc9dcc44-bf11-485c-8feb-f224d5518340	186	318	65	14	;
0539e034-f4cf-494a-a34c-ac6b38893ff6	252	318	32	14	chief
30b228ef-81d2-4341-b6a0-ced05b024a70	98	332	9	24	6
b9e00d1b-1f1f-4aae-9428-4a8ec01cba1e	110	332	45	24	Divided
9da26d7a-d834-4425-b2fd-d297bd9de466	158	332	72	24	intorores
51d30923-a2ff-4b4a-a386-cba9cea6119a	158	332	72	24	.
c1b40f03-8dbd-4e74-9baa-e0ff3e8cc984	278	332	22	12	434
15d0a6c2-3e22-444d-aab6-58c7eebdf51e	100	354	10	14	8
06039327-c79a-49cd-8e89-28449e2ec27b	112	354	30	14	Dead
1e76b0c3-5f30-41ce-ba25-b97772fc245b	144	354	56	14	raised
4d6a8704-142f-4d60-8b32-8d6035aacfc4	144	354	56	14	.....
342c6e24-8df3-402d-86b6-d4921eedcf70	278	344	22	10	136
4b88a246-c67c-48a6-99ad-dda22fa0ff83	112	368	40	12	Nephi
bbf84232-33d4-44cb-b8c8-ff6cd26b6d3a	112	368	40	12	,
003b41e2-d384-426f-bb9a-16ac1c0f2b00	154	368	33	12	chap
24eb1d17-a513-4732-a0b9-73f3989b74d9	154	368	33	12	.
6323d6d9-2573-456b-a9cc-2774db9534d5	189	368	18	12	4
4495a84f-1037-490c-9ebd-45c1a448f9ef	189	368	18	12	..
7d0c43f1-5641-4f0f-8609-d17e40172b43	280	356	20	12	436
585ad68d-da5d-4cfe-a6c9-dba82bf652ac	276	368	24	12	.
05e72506-5232-446a-a372-0674e8bdf4da	276	368	24	12	487
2fb080d4-756a-4371-8ab3-f1ce0fda07eb	100	380	10	12	2
09180dc2-c22e-45d9-a00b-147d7949c52e	112	380	27	12	Sign
4253d600-ac2c-4e56-a820-e1f5f8413539	141	380	12	12	of
239a64a3-dba8-497f-aebd-4649806aeef5	154	380	19	12	the
5ca56439-429b-4a06-8730-ddcc3b26319f	175	380	71	12	crucifixon
cc998ad2-c0e4-42fb-99e3-4dc17fdff7f6	175	380	71	12	:
defbf620-64ab-430e-8506-4d7326566b01	247	380	35	12	cities
7b3ee50c-9377-405d-a0ee-b8a395bf3fc5	126	394	60	10	destroyod
0c7dc661-7177-4f43-9b1f-ea93ce6c3af6	126	394	60	10	,
4166ec73-a2e9-46b6-80a2-db95fbb78923	187	394	55	10	tempests
f07e2363-2538-4d67-9cda-12c50a2e9f46	244	394	32	10	&
4553c203-402b-45f4-8ab4-c36d968b6ac8	244	394	32	10	c
0589f606-2f32-43b5-aa04-4925fb61a49c	244	394	32	10	.....
aa7b8d1d-c0d8-4fe4-ae59-c3b1876d63bf	100	404	10	14	8
c401710e-479e-4982-af48-45ca3a0dd4ab	112	404	28	14	Law
cd92324d-2fc1-4c2a-9035-e3c554c1fb50	142	404	12	14	of
c962ec79-c64d-47cf-80cc-3d145e399e33	156	404	35	14	Moses
451a27b0-2320-4b95-a328-84eec7d2f825	193	404	83	14	fulfilled
821b4411-b4f8-4796-8229-25d203c93a70	193	404	83	14	........
54c37618-e674-4b82-9101-6a9384e74777	278	392	22	12	.
8b4c7db3-a28d-431d-ba2e-c58550197d89	278	392	22	12	438
8e28ac94-4743-4f26-b1b8-c95b5f339f3f	278	404	22	10	440
264b39ad-8034-40c2-ac62-71f050577b48	94	414	16	16	11
2ef29036-97e6-4c37-aff7-5dd2403940a0	112	414	76	16	Lamentation
5f07c987-83a7-433f-a1c4-575e02fa334c	190	414	14	16	of
545bee35-d8ab-4496-b1f6-ccdf2d7618c1	206	414	22	16	the
66b5b449-a358-40fe-ad94-75aea71ee09e	230	414	70	16	people
32e07c79-5dc1-4f5e-abe4-21801ec29fb4	230	414	70	16	...
eae48d98-df0a-47b2-83db-4484ad316724	230	414	70	16	142
bee47a8d-c7c6-4b3f-a294-28fb07fa955b	112	428	40	12	Nephi
a9f65125-28fe-4094-a138-478b3695f82a	112	428	40	12	,
65b4e088-75fb-4fa4-ba15-ab48a2052c3d	154	428	33	12	chap
b1483f9d-fc41-4306-a78e-e30a646298e0	154	428	33	12	.
6ccec6ad-f326-45a0-8f9f-399c13bee6c5	189	428	14	12	5
e6c9652d-e03f-43f9-bfb1-bde009fa80d7	189	428	14	12	.
3c6bf65d-6f70-4869-a969-cdecfade3972	266	428	34	12	....
98dadc8f-d251-43d3-ad79-f9cf0aab80a9	266	428	34	12	442
94cd782e-3ee4-4633-b02e-d249e5b3cc35	100	440	11	12	4
581d309c-8bce-4e5d-8790-f06c93bd23a2	112	440	39	12	Christ
0811f805-ba90-4240-ae6a-885b88a8b914	152	440	39	12	shows
2f823271-1d89-4ddd-8439-f66c76f744db	193	440	54	12	himself
e704cbae-3bee-4aa0-96e1-65f32308c5f0	193	440	54	12	;
a651d226-6d38-4a96-8666-8ddea1726093	248	440	34	12	print
23c3ca4b-d711-4696-8eec-c6b2ea924092	122	452	15	12	of
fe5ef9db-bac3-46b8-86d2-27e9275d77cb	139	452	21	12	the
4bbbeb32-3206-447b-8e13-8e053859e994	161	452	37	12	nails
a372ec90-140e-4c75-a591-432fc5947645	161	452	37	12	...
19f8e0ec-b6c9-441b-a878-b7a65c32952d	100	464	10	14	8
69b56f4c-782b-4019-a051-dc45f7fd9f06	112	464	40	14	Nepbt
fe4d4f0d-524e-45d4-aee0-177d745da30d	154	464	30	14	and
e0611b19-645e-49c3-82fd-575239a53711	270	452	30	12	...
e4614623-1df3-4bca-aea4-9d5e81eb07af	270	452	30	12	443
d11d47d9-bfa5-4830-ad0f-aacf6bacda06	188	466	44	10	others
196777ed-faa4-474c-8469-391f8565bbfc	122	464	46	28	seption
03f07a09-ae6d-423c-851f-73114b0d4b1c	171	464	60	28	contend
181c2d0f-bf80-4820-8547-ab2cd675af36	234	463	46	28	called
b07c1a00-8bdc-49d0-aaf9-1c8f4639b940	234	463	46	28	;
ddfbf615-6ca2-44f2-b61d-b6e265493046	283	463	17	28	44
0875e50e-01ad-4a68-8225-13c9beed5b71	98	488	12	14	9
21815c4a-b3d7-46e3-867a-bf1558b3c694	112	488	44	14	Christs
266855ef-333e-489c-b052-6b72a47a4fd6	157	488	57	14	teaching
52de9fdf-c9a8-41b1-971f-9769b18c2502	157	488	57	14	.
47bd0b84-351d-46e9-b8f6-c3298d51833f	222	488	78	12	Doctrine
04001d26-2099-4115-9d8a-5f4bb91d338d	222	488	78	12	.
e6a9b802-125a-49c0-bc7e-34074a8695be	222	488	78	12	446
73fbcc48-f78a-4017-a6be-cac080ce906f	94	500	15	12	13
84363480-573b-42ef-abd7-eab80ce98e40	111	500	60	12	Treasures
9ee1209c-df6d-495a-a4fe-8d1379849149	172	500	14	12	in
c0cc9fdf-63d5-4f38-bab2-b860cf32fd14	187	500	65	12	beaven
d2e05ac3-1f9f-4ff3-bc3e-9c2e8007b293	187	500	65	12	......
8708421a-c7fa-400b-873c-6a1f3525ea30	112	512	40	14	Nephi
d9b98ff5-86f2-4b08-b392-09984497df0f	112	512	40	14	,
28572784-0bc7-4d47-b65e-02b084977024	154	512	33	14	chap
f43b8be9-469c-4ecc-ba2a-af374b82472b	154	512	33	14	.
3759b018-b92d-4c6f-ba9d-d4007216c519	189	512	45	14	6
9bc547ea-71d4-4b31-847b-57fec9e281b0	189	512	45	14	..........
fb561d14-fecb-454c-9d88-4221a07dd0a9	98	524	10	14	1
965f5e47-dd37-418b-98ff-dd8ae28959ca	110	524	44	14	Charge
e641b01d-3ee3-4132-8c18-c2e971a092ff	156	524	14	14	to
0148d967-fd4e-40b6-ac47-abe5814ddeb1	171	524	21	14	the
e4af0f7f-f250-403f-a844-528d133196f1	194	524	62	14	twelve
0f73f630-5730-41db-9ddd-fd26e15e8a29	194	524	62	14	......
3e0b533c-cf33-44d7-aa41-88c15ff78c3a	280	514	18	10	449
943496f2-e46d-4787-81b4-480780c351cd	100	536	10	14	4
ea43abd8-7ead-4f42-9ec2-333e6358536e	112	536	35	14	Rater
bb637f08-b6f4-442c-9c2a-16551153bbb8	149	536	19	14	the
d368c995-c2d3-4e85-9e15-6ac9d4582a03	170	536	52	14	straight
b6f9afad-03a0-42d2-bbb2-43732ac65f54	224	536	28	14	gate
5e933dc2-5a06-4b85-94f8-22373114d910	224	536	28	14	.
33134a18-a877-404b-8b0c-cb23ae211478	112	548	38	14	Nephi
832bc1f5-f48b-4c74-97fb-a88d6ad89231	112	548	38	14	,
f1edb115-d5e0-42c0-a00d-0b4bbffc45e4	152	548	33	14	chap
d1fefbb3-748c-4b11-baa0-44c5c2d19a24	152	548	33	14	.
94695b8a-186d-494b-9a0e-0a5db64e88f9	187	548	45	14	7
86e4fa33-b6fc-4b26-8b8e-4907ce5cd423	187	548	45	14	.........
2e4400aa-d74a-490e-9125-b4115dcd0af4	98	560	12	12	1
56724baa-cd00-4223-b8e7-d2de813d3a24	112	560	26	12	End
9f43a1fd-e433-45ea-bddc-36175042fda6	139	560	13	12	of
d0977997-5604-4c9f-848c-718859ff7800	154	560	38	12	Moses
07a91178-9506-4998-a89f-5485be54b6c2	154	560	38	12	'
4209fa16-3356-4b4a-90ae-f61beb5cde7e	193	560	23	12	law
37ae8ab6-fd42-4639-8e35-6d6fe23edf74	98	572	12	14	8
e89a5c62-b84b-48a5-b31f-e7d9809696af	112	572	33	14	Other
c93b08f6-a1bc-4e47-9286-89faa4d7cd86	147	572	35	14	sheep
dc3ba100-9f1f-4090-a67f-a06ef685fd6c	184	572	44	14	spoken
565acb7f-0f6f-4216-87b6-7399b08e702b	229	572	25	14	of
9c79ce4e-d1e9-4931-a932-c88e94168f1e	229	572	25	14	....
5d5ba81e-eff2-4ffc-8c06-8f2e7ca76a91	98	584	12	14	4
d7b37331-880b-4c4e-9e14-0c6702840e5e	112	584	54	14	Blessings
0a036fe5-db61-4ccd-81b3-a0ad2dbec9a5	168	584	14	14	to
b860e370-9e34-47de-9a0c-a21a86a817dd	184	584	21	14	the
3dfba697-9397-44ed-a3b2-b5cf12d46ab1	206	584	50	14	Gentiles
2bff7426-1550-44c0-aa50-4785e19bca61	112	598	39	12	Nephi
975ee9a2-10f8-4d6d-b737-85f1c249c6d2	112	598	39	12	,
7040b877-23e1-422c-a47d-a82baa56d27a	153	598	34	12	cha
451c5d11-5808-47ba-9c94-7e3663667b6f	153	598	34	12	.
783b2006-dde4-4a37-9d67-1375dd8f6e0f	189	598	60	12	8
37016dba-1471-4a69-a19d-22cb11e3bb4c	189	598	60	12	...........
6ab37af0-458f-44b4-9564-8b6940335c4b	98	608	10	14	1
a33cebb0-a405-44e8-bfdf-cbac0aa8ae65	110	608	47	14	Christ's
383da384-ace3-4b3a-b6a8-c349d24ca667	159	608	54	14	tesching
029c6caf-0cda-4fa1-a2c0-14160a343b30	215	608	83	14	continued
a3c7f80b-8b2d-4385-a968-57b769594301	215	608	83	14	.
d29d00e0-6682-4662-a038-d99ad82288b3	215	608	83	14	454
a2eb7841-140e-418c-bf69-40cbd52b45bb	98	622	12	12	4
b82bd9c0-9479-49f6-87e5-401271dfc506	112	622	38	12	Christ
1e523146-0a0e-4989-8b8d-2e155a92c27f	151	622	42	12	blesses
5a57ac27-a7e8-470e-a482-17033907c774	194	622	53	12	children
da3573d1-3c8b-4457-a079-230b6b2297a9	248	622	12	12	...
4c13072d-39eb-466a-8aee-6fdc29ba1862	98	634	12	12	7
92a7423b-9791-4a95-8103-66497836f970	112	634	68	12	Sacrament
d14d522c-1557-4dd6-8465-38cb30521e5d	180	634	72	12	introduced
2f00e78f-ac65-4459-8405-9c2d743ae1e7	180	634	72	12	;
c6aed1a8-34a8-4c28-b569-dab4b57cc0d1	274	622	24	12	.
6e46410f-f85e-47ec-887d-e254a2d90de0	274	622	24	12	455
409f7248-c4d5-4124-a866-f13ccfdf16ea	122	646	98	12	rock
dee72b3f-328c-46c0-9d97-1f6aa599437e	122	646	98	12	................
45e1de4d-db2f-4922-b225-eaea0d60f172	260	636	22	10	the
faa20c6a-b641-4ebd-ba1b-90e429c706eb	276	648	24	10	.
a04ef252-14c8-40d2-99e2-b38ab6b7b7b2	276	648	24	10	456
38be1aaa-3192-4dd0-891f-0546556b99c8	98	656	10	14	9
4a6f1121-3229-41b2-9689-4ccc5091d002	110	656	56	14	Teaching
a4ee7384-a434-4dd7-a1f8-56e582d5ca82	168	656	62	14	continued
7b6699c8-eae0-4b68-b153-0253c9bf29bf	168	656	62	14	.
682b750a-3f7a-473b-8ec5-1b7b03f76b28	90	668	18	16	11
23b01453-ed1a-4506-b60a-1399866fb6fa	106	670	51	12	Christ's
f70af48b-55e1-4e40-9dd5-2c0232454afe	159	670	66	12	ascension
a121805b-2e17-40b0-9770-72d9ebd3f705	159	670	66	12	.
9120004e-e003-46a9-97b1-420470826801	276	670	22	14	458
ed235c39-c078-4758-88ef-a288d235b54a	112	682	39	12	Nephi
75d95648-70c4-4e5a-8223-99dd1ad40dc5	112	682	39	12	,
20106ced-0209-472d-b9de-7660061e3f7c	153	682	32	12	chap
7cd2155b-b70e-4b20-87e2-b0c60b7ae5ed	153	682	32	12	.
828d1864-13fa-4310-8ebb-826e5b308ca8	186	682	19	12	9
b377d94f-3d08-4e32-b7b2-f5db0a0c264a	186	682	19	12	...
d9aaf1f9-054e-4630-8ec7-67fc9dfdd0d9	276	684	22	10	•
f052770a-7e71-4f51-8061-82e17d5d5116	276	684	22	10	453
e8426017-263b-4da9-b34a-db84b541024a	96	692	14	16	2
415d9039-c3e8-4273-a456-7af7aa9e5153	112	692	44	16	Nephi's
ca3be8b4-aefe-4c38-bc15-064552464ddb	158	692	52	16	baptiem
dc9c0301-ac23-4d8c-a0a2-1c045563ec37	158	692	52	16	;
33393cb0-ee28-4705-806d-ec3576af29c5	212	692	40	16	others
2fda2b34-1775-4f25-bef5-3e9bf4645cc0	254	692	22	16	bap
b8559a5b-99f6-499a-964a-a24dd43e35e2	254	692	22	16	-
28250b3d-a6a4-415d-819d-ad0db4c40968	122	706	52	12	tized
451e529e-72b5-4f99-a796-f620b3809853	122	706	52	12	......
4c5b7116-e40c-49d6-abd8-48697a7afe65	274	708	24	10	•
75b1181b-8ece-4635-8de9-c99de03904df	274	708	24	10	459
83bf6e72-2ca6-428b-a06c-5f83db4792f4	98	716	11	14	2
bf534530-9b94-49fe-999b-f0b884b9087d	110	716	23	14	The
c82e3790-7ae9-444c-92dd-bc5e86469acd	135	716	39	14	names
00f2a798-7edf-4d75-9ea7-672013dd54e3	175	717	11	14	of
669e2db7-e6ca-4e82-883a-95e12b24260b	187	717	19	14	the
6923f00e-f948-41b0-ad81-aef781480736	208	717	44	15	twelve
3d1d40e4-0e17-4a1b-9545-65e1af0d939e	208	717	44	15	,
f8a43bf7-952f-4b7e-a475-e236a719b5f4	254	718	27	15	who
84837f7a-586c-4700-82ac-ed1d71607d1a	122	730	34	12	teach
078c9621-6514-4482-ab8a-dcad698fc122	158	730	21	12	the
c39f369a-d172-4df1-9af6-c85cfaeb80fd	181	730	41	12	people
62923dbd-d483-4677-bb6f-a79012e5139a	180	730	41	12	.
c8c44521-6519-4265-b950-a6d9ce2e5b22	276	732	22	10	459
777605cb-753e-43f9-9951-b34438935eeb	98	742	10	12	3
738b34c7-426a-4f9e-bcc7-e7dcf24142cf	110	742	66	12	Jesusagain
e691c5ab-12d2-4159-88ea-f0d4af29073e	178	742	69	12	minieterato
59398d5f-15dd-4e12-acad-884e25482ae8	248	742	29	12	them
a0e2faba-1194-4683-9e5c-6269e6f2e232	278	742	18	12	459
0354441f-3599-4d55-9168-7f60d408ce2e	98	754	12	12	4
4ae915f2-a48c-4390-811c-3a6c12d8de4b	112	754	33	12	Holy
04292f52-bb8b-4a33-b9fb-9e01f59488d0	146	754	44	12	Ghost
2efbe14c-7c74-42df-8f63-dea2a3c9adcd	191	754	41	12	given
75b58f81-175b-44c4-a780-81ad044cfd4e	191	754	41	12	;
86838705-9e70-4809-a906-13a1dd283d6d	242	754	40	12	Christ
f8252a83-5b50-4063-9a8a-162acee8ef78	124	768	48	8	blesser
a24045bf-9b59-48c5-b281-4f1aaf591a27	124	768	48	8	.
d960e3a7-1d4e-418c-847a-20dc5680e20d	278	768	20	10	460
528fdb85-91c1-4d7c-b6bc-a3df45abcc12	98	776	10	14	8
c35832ca-f3ea-4885-ba54-9e681ba16fbe	109	776	36	13	Great
354727df-6730-4652-a546-9bb224f099ad	147	776	31	14	faitb
9bdc1b1c-5118-4435-b75e-a75b3ea95c9e	278	780	20	10	461
77734f33-50d0-48b0-ae2f-e1fb58af19cd	98	790	12	12	7
1994bf7f-f95d-4e49-a5cc-79818bb17c2d	112	790	45	12	Miracle
c15691b8-8d3d-4aa2-9380-30dcdec39f0b	158	790	12	12	of
82fa2008-5e30-479e-b3a6-b08cdf2cd666	172	790	19	12	the
553d64fd-6fbb-437d-9bdc-316122901139	193	790	33	12	bread
fe6da646-0416-49e4-b128-7aaccc380acf	227	790	23	12	and
46934b47-4422-4899-93e8-d1e062c9b682	251	790	47	12	wine461
3979b4d3-72ea-4ee5-8491-0c0e17c9fe89	98	802	10	14	8
68b1b878-5247-49cf-aeb0-f752826d9582	110	802	47	14	Insiah's
f7d21cef-f565-4c68-bcaa-1f3723842d14	159	802	63	14	prophecy
bdfe56cb-6340-4afc-937a-dae160a4b0b6	159	802	63	14	;
86fa2e00-183a-4731-8d76-584c7da64083	224	802	23	14	the
a772ceae-5f95-48dc-9eae-1fc33a06ed8c	248	802	50	14	lion
c4da7e05-a2f1-44e0-bab2-915fd9123d3a	248	802	50	14	.
9a175870-8df3-41cc-abc8-b32fd06a6440	248	802	50	14	482
5b9139de-87bc-465e-9a30-2cc7cfc205f8	312	102	34	12	Verse
00d179d8-79c6-47a6-8b60-173c27a64aa5	312	102	34	12	.
420094cd-75dd-437c-9db6-d11699c19fea	314	114	12	12	9
18c3c2f8-c802-4683-80e7-c01d298ca9e3	328	114	24	12	Tbe
b1a78794-3add-4c84-87c6-73cc673b9c19	353	114	39	12	sword
f59a036f-779c-48ca-9dca-2ef7e682e17b	394	114	66	12	ofjustice
28537a0f-e9d3-42c9-8541-db6268d6f0c4	394	114	66	12	...
5458d00b-5ed9-4021-b525-f999543b3141	484	102	34	12	Page
7cde197f-180b-47d0-b18a-4f5ccf8f6708	484	102	34	12	.
2e88bc16-ffe9-4757-86d7-175337014106	310	126	16	14	11
ca443e3d-27df-4728-a43f-514c9cac7305	328	126	65	14	Messenger
ac0817b4-2530-4253-8727-7c782adbf239	394	126	56	14	marred
278b58c4-2c3c-4704-9d06-2e15344e504f	394	126	56	14	;
53ff12ac-02e9-48a8-8565-85b9afde9f9f	452	126	30	14	sign
9e58a0e8-15bf-4e9e-893c-c5d843c3741d	492	114	26	12	.
875d8794-46d6-441e-a01c-79a906e59bb1	492	114	26	12	462
bd970f72-38c7-4b20-9f5e-ad95e316cd90	340	138	21	12	the
fa16db87-d6b7-4247-a31d-ab5282e83a5a	363	138	42	12	work
08ce3248-a5f7-42dc-ba06-f5578140d99a	363	138	42	12	...
9910fc0d-5e12-47e0-8e2a-48c03f2952c4	480	126	20	12	of
6ab26758-133a-45b5-b516-62aab639b24d	308	150	18	12	12
3e0fde55-b19c-45e0-9919-ceabce4248fa	328	150	29	12	Woe
1aae08c6-16ee-4d83-bfd9-91883ea92beb	358	150	13	12	to
5626ea81-2475-4a31-9c38-a4e9415c4fee	373	150	21	12	the
022af58f-6e21-41ff-a8a9-54ceea27d87f	395	150	51	12	Gentiles
142b44c3-ad88-49be-afce-8a991bc6356e	395	150	51	12	.
f91c4b94-5b02-4338-9d9c-8f2b416bdc7f	494	138	22	12	483
83bd19e9-8940-484a-83b5-8f24be539760	328	162	38	14	Nephi
cc0090ca-bb0d-4943-8487-f097c6dcade1	328	162	38	14	,
f9429fdf-c0e3-48e2-80dd-30d3391d9767	368	162	33	14	chap
69e565c3-1c68-4912-bb60-cff9a02f3cbb	368	162	33	14	.
9f3dba7d-bebe-4e77-bd2f-0dc1ec811e87	403	162	21	14	10
5503351b-3705-4815-a8f6-3a104228f452	403	162	21	14	..
b64f63b7-98d6-4755-aadf-57a6f870dded	492	150	24	12	.
1bbcf133-4c12-464e-9d2a-5d2bc6fc0411	492	150	24	12	465
585ef67f-03cc-4bbc-993e-f5d3f93eff14	494	162	22	12	465
a972231f-4c8a-42db-a211-bcbbaebe1805	314	174	12	12	1
be2618fa-fe2a-4b27-8279-cda847dbe852	328	174	27	12	New
8737052e-12d5-4fb2-926c-8c62d61b07bc	356	174	18	12	Jer
50caa2aa-4fb7-4296-ab67-9b5cdd2000ee	376	174	40	12	aalem
e3f5a02e-e37a-4677-b9c6-25b95f2603df	418	174	33	12	built
d4d83584-311a-45dc-ae07-1c97bfa66f5c	418	174	33	12	,
d822b276-68b1-4c77-a263-51dcac417066	452	174	22	12	and
f40d8ffb-94d5-4fd5-b4f0-6dd3282355d8	476	174	22	12	tbe
daae30c8-d209-48f1-83db-8d67845e03ef	338	186	43	12	church
d5efe3ab-a978-4d61-9c78-e8bc6222951a	383	186	15	12	to
a269c0f2-b4a6-4a5d-9ffc-175e558b5da6	400	186	14	12	be
48384975-a89b-4f4d-b294-399cf7e50788	415	186	69	12	estabiished
01d443bc-bebd-4cd5-8937-f2e21d5f9fbb	415	186	69	12	.
3b1e3c3b-07f4-469c-b4c7-139e9204a1f5	314	198	12	12	2
98faac02-79b1-4772-8170-c3988a5c550a	328	198	46	12	Tsalah's
f3db7f72-6520-4379-a10b-1c0d2972fee9	376	198	51	12	words
930db404-7aef-4114-a7e1-257d740f610e	376	198	51	12	....
3eb80753-a26c-4c10-8cc0-43a2db6ff311	494	186	22	12	466
9960f897-4ca8-40eb-9874-cf7664b5d0da	314	210	12	12	3
2890ce31-3013-4610-836a-b3092068c7eb	494	198	22	12	467
cc743a4f-eea4-4f5d-9a7b-8a99492b6735	326	210	39	13	Saints
79bfe00d-9c41-4862-a575-3c2d486d7cd1	366	211	20	12	did
72d80b7e-f9c2-4656-be7d-46dc327e2005	387	211	39	13	arise
27c7378e-9748-4524-ad27-ef893ab4d626	387	211	39	13	;
e19bfbaa-de88-4b89-a50e-f929c63f3d68	428	212	18	12	Bo
44a350fd-0936-4ecd-9e56-dacb028468ee	328	222	38	14	Nephi
b30c670c-1fb9-445d-a5ac-32f934bf25d1	328	222	38	14	,
8d92db97-e191-42cc-9a2d-b96c2c444fd4	368	222	33	14	chap
a05bd9e1-136b-4b53-8cb3-76a84fb75f9f	368	222	33	14	.
bea68817-be63-4914-b484-3412f171c522	403	222	25	14	11
d4c126ec-a6ae-473b-b4c3-598e1239f9c4	403	222	25	14	...
a9073389-4895-464d-830f-e3d5c4dba84e	446	214	48	8	written
52963948-ff93-43f5-9982-a24a205c44f7	492	212	22	10	457
06b7449b-0a97-4571-ac45-39c7a8f67c30	314	234	10	14	1
46060585-8089-4cf7-bff1-8b44e4806469	326	234	56	14	Malachi's
ee6b41ea-2840-440c-8d29-db07c04c542e	384	234	62	14	prophecy
c1e646a1-8e9f-453c-a563-514dab249b93	384	234	62	14	..
6f96e1fa-c530-487a-a466-7e8c2fdc9c29	494	222	22	12	468
c7cf8835-e30c-4505-ba7e-e121f1a5d4c1	328	246	38	14	Nephi
23b1616e-5fa2-4cb5-b72d-878d386c59a4	328	246	38	14	,
bb123877-1a47-44bc-8a92-a7ed68bfa547	368	246	33	14	chap
afdeaee8-9210-40c1-8454-fa089ae1c226	368	246	33	14	.
d814da85-9f7c-4291-9f35-b035e29c21c6	403	246	23	14	12
4f5d5682-c88b-4f73-8fdf-e57882fb84ef	403	246	23	14	..
3fdf9c4b-58ab-4eee-93a0-9294f05ff18a	494	234	22	12	468
716db37a-8100-4fad-b717-a682b21397c5	314	258	12	14	1
f3dced9c-d9e4-4559-9fa9-7276dd7529fb	328	258	33	14	Book
ce498a03-4b65-40ff-9d8c-9094145c537c	363	258	16	14	of
65995d4a-4cfb-4be4-a77b-5374f4dfc193	380	258	62	14	Mormon
0fc3c2b1-f9b3-42d9-b598-4461dbf39e33	380	258	62	14	;
e5147a66-ac8f-41e6-a3fb-a6d5c30e960a	494	246	24	12	470
2318f9ab-d5bc-49af-8bdc-e5fe3c15a4c4	338	270	32	12	faith
c996b803-32d4-4a05-8c6e-30eae627d9fb	442	260	13	10	&
7a8a3bc4-d00a-46b1-a9f7-6708107ba7af	456	260	26	10	tast
287f95ec-6d96-4599-9d76-1a1be10247dd	482	260	16	10	of
ee387fbd-876a-4eec-8269-037d12d9887f	486	270	30	12	..
1e680ab3-1af6-4ad2-847c-ce33a212cd07	486	270	30	12	470
14bc7653-4051-46fc-b578-21fccab3c3ce	314	282	10	16	2
b781c2ae-c9a4-4e7b-8be9-b1b74176ed05	326	282	54	16	Children
42651064-8ab7-47b7-bd3d-5957077f6ce1	382	282	44	16	receive
8f4fe31e-c682-4c64-87c1-83b4cf3e1e56	428	282	24	16	the
742c8a8d-8833-41f6-bc80-6bb934e3f15c	454	282	44	16	Spirit
7a064fe4-af50-41c5-adf9-6154c66fad65	454	282	44	16	;
4eab96bb-5ca4-4cd2-86bb-4c23238a1095	340	296	30	10	dead
bc50ba18-879f-4418-9888-03cc20ae2cf7	371	296	45	10	raised
cfa4f308-ce03-402b-8da3-560ce6cb2ade	371	296	45	10	:
d50a9dbe-7f63-427b-96cf-f0179a4fcad5	420	296	30	12	sick
1d180a3b-9543-4ca7-98f6-1052fc965da6	452	296	46	12	healed
ce0bfedd-b51b-4eed-b48c-47ee0cfa523f	452	296	46	12	;
38e59f79-3aa9-4793-b5cf-914370d45630	338	309	21	12	the
142af175-183a-443f-9d96-80bffa4b247e	360	308	44	13	church
da73f9e5-293c-4cd7-a6d0-5d791eb932f1	405	308	15	12	of
98104d55-abff-412f-9e17-e5e605ce2762	422	306	56	13	Christ
f8ff35cf-e7c5-4d3a-b29d-77dbd6880ce6	422	306	56	13	.....
294c2059-e8ca-40d6-974f-328933f060f6	492	308	24	10	.
7a9dd5aa-7835-48f9-b11f-e1d9a5031bb1	492	308	24	10	470
b56cffa2-da60-4bb4-90f3-5911c3f64013	314	320	12	12	2
09f02ef6-cbbd-48bb-838e-6ff3d7a10b87	328	320	21	12	All
0ef29caf-80a9-47c3-8426-850ca44b902d	350	320	40	12	things
753a0010-1a29-41ab-84a5-0b03f717367c	388	322	62	10	common
5baf299c-e3aa-4b43-88b1-75496522fca0	388	322	62	10	.
0081eaec-b3f6-45b8-8216-4cbb412b07b8	492	318	22	14	471
16b43cc8-57c4-4c62-a54e-7034d6c02a79	314	330	10	16	3
16c96b7b-3406-4b54-ac9b-fe9ca150c9e0	326	330	52	16	Doctride
d8197d34-bfd2-4d4d-8db6-c0ba3be72f1d	380	330	14	16	of
f2cd85e2-2855-4e03-b63a-97ade973a110	396	330	38	16	Christ
76453434-d603-4f58-bdc3-57708b5ad44f	436	330	50	16	taught
0b78bbdc-7a2c-4ee0-be59-f09c9ef3586a	436	330	50	16	..
f139e816-3604-49b5-ae4d-dc281ce716bd	492	332	24	10	472
fb5a5fa4-510d-4ff4-b74a-528289af3f3a	328	342	38	16	Nephi
f43e5e8d-be97-44d5-9a20-cce1d9f94083	328	342	38	16	,
a9809221-4cfa-4aed-8ab9-43a5de28383b	368	342	32	16	chap
3930c973-1800-4f47-a502-9d0b4486ead7	368	342	32	16	.
16aa0dc1-53b4-4e66-bcb9-aed765a3e1b1	402	342	24	16	13
038a47b3-1bcf-4e0e-84e0-33b9a6559581	402	342	24	16	...
5ca31bbf-d095-4798-9f66-248b67f07050	314	354	10	14	1
031a83ac-6d8c-4c90-8355-0872d17fe7dc	326	354	24	14	The
1160d894-be0d-4f71-ab92-bf71112406d4	352	354	23	14	Son
4040c3fb-4826-4195-8837-5968e248bd61	377	354	12	14	of
59bd789c-5f17-4cfd-ba57-8f674db497b4	391	354	61	14	Perdition
16dd77d2-ee31-4f61-8251-bd5f35be25bc	391	354	61	14	.
b1954eac-af6f-4c1f-a47f-d62dbe972671	494	344	22	10	472
bd95744e-1715-4227-abdf-c20095b99c92	492	356	24	10	478
283a8eaa-c241-41f6-bde9-caf61f1b497e	314	366	10	14	3
c616963e-1d8a-43d1-9cc0-9e214570ffda	326	366	24	14	The
5b790c2a-763e-41b7-ae18-009909b07a54	352	366	33	14	three
4aec28f1-2a3e-4fa3-bbb2-e7070f0e6b16	387	366	52	14	Nephites
157e1628-69f6-4363-8318-7f07e48ebe16	442	366	40	14	choose
ccf3550e-368b-4279-a3fe-ca602fee97a0	484	366	14	14	to
35a571dd-0b9c-484e-8a6d-e33de7bc64a8	336	382	30	10	stay
fd7294af-f958-473b-b3e7-fe0df7413a78	482	382	32	10	...
4f31c6eb-dc42-4191-8c7f-ed1e68e78759	482	382	32	10	474
1896a5e2-3b00-462a-afea-2a2dccf2ca46	314	392	10	14	4
4935a506-2328-4cc6-9edf-c7a3de2ac4c8	326	392	37	14	Christ
8aa4b51c-e92b-4e09-895c-77a98eddcb15	365	392	56	14	toucheth
25ee1177-b338-4951-81eb-5e8eb0acf5b3	422	392	19	14	his
6a5d2ebd-e97d-4036-a177-8ffb1c007dc9	443	392	73	14	disciples474
d9693800-09bc-47fd-8acb-d50c73ce18d4	314	402	10	14	6
6159f01d-e72d-4c52-9bf3-c270c6fe7406	326	402	28	14	The
eb01efc9-39ba-4c21-b353-9d23294b1eb0	356	404	48	12	twelve
9866adc8-ed73-4c79-b5fb-852c65d7a099	416	404	46	14	caught
235d95f9-76e3-4fc1-ad8f-2ed7a07fb1a7	472	406	26	12	up
90b70051-2177-4337-a97f-b2e337b8c7fa	472	406	26	12	;
4c07c211-e5f1-4d28-a649-e4b9bcf4ca67	338	416	62	12	changed
e1fe8b85-b7ac-41fe-ada7-e28e2913bb30	338	416	62	12	..
e6bd098e-26fc-48be-a783-aea96452c42f	492	416	24	14	.
9097d10b-817b-4427-a14d-e51f9e204a18	492	416	24	14	476
90cf1a7a-379b-491f-b5ac-e25929dfc321	328	426	38	16	Nephi
97a2459d-24db-48e2-b021-96a12a069b76	328	426	38	16	,
fcf0382f-a836-46fa-a7be-bb88472ff408	368	426	32	16	chap
74293c1f-5c49-4ad5-8258-20c996a85e0b	368	426	32	16	.
31e88258-04f7-4f7e-9ea3-1450665fa753	402	426	32	16	14
2ef36f05-2b62-445c-a1b4-a6f4f73ed0a1	402	426	32	16	....
1e539228-b9e8-4def-ac30-7af13c22edf0	314	440	12	12	1
e71ac399-cddd-401d-85ce-52574d8f60bb	328	440	36	12	Word
bffbd5ec-ca3d-41a4-b98d-86c68e42a742	365	440	15	12	to
2169855a-50cf-4458-99de-0425060179ba	382	440	21	12	the
e58090bd-5117-45c2-9273-09fe32970e59	404	440	52	12	Gentiles
25d2d331-ba37-4342-8934-039e95d58bed	404	440	52	12	.
644ef51e-eac4-493a-9f37-8d4cee1a6f99	486	428	28	12	..
ea555d76-76d6-4629-b0cd-717ae2239422	486	428	28	12	477
426434fc-e485-4eb3-bd97-8ab40f2e747b	492	440	24	12	.
86166e5f-2119-4e00-85e7-b42830595ffe	492	440	24	12	477
fb2dfc90-cd76-4dab-8967-58f967c606aa	310	464	25	12	THE
a02710c7-e54e-46d7-86d9-e1bce9665208	337	464	35	12	BOOK
8bc36609-c44e-463f-aa7c-84830f2ba320	373	464	15	12	OF
585e9134-d2e4-4e5b-8c98-76360b4d2638	390	464	27	12	THE
920d9f5f-1d74-41fc-b7d7-3b8237894329	418	464	53	12	DISOIPLE
7359a96a-59b7-4849-bda9-907f71e51001	472	464	42	12	NEPRI
eea3315d-00ef-479f-bd0b-c1705963c55b	472	464	42	12	.
4dee0439-296a-446e-8df0-604ee6aec598	326	474	48	16	Chapter
e11ed1f2-838e-4d81-8c20-907dbf30a67e	376	474	86	16	1
d56a29f4-3275-4bb5-a164-a4ca10bfd2e8	376	474	86	16	...................
0bdba43a-cfc8-4bd4-bba6-aae4772023f5	488	476	26	14	477
d577b43f-3e3e-4eaa-87f6-fa98e950706c	314	488	12	12	2
e0fc55ee-9b52-44f0-b728-209c8da47449	328	488	40	12	People
7c01f90c-3d59-433d-9ee3-6d6d16353804	370	488	18	12	all
592dc522-97d6-4b95-b0ff-947377796951	389	488	63	12	converted
cb0676e3-be77-480b-bc5e-36abf7f8777b	389	488	63	12	.
d9bd6c69-3399-401f-88fa-499e1fa30545	494	488	22	12	478
00539ff8-e2fa-442e-aaf5-b04efca23c8d	314	500	10	14	3
6c25fc4a-ccf1-4cb1-a827-ae883bb65bed	326	500	35	14	Great
9cb908b0-d9b8-4f39-b541-a0fc5bb0fbaa	363	500	37	14	worka
f6f8b33f-f59e-405d-9d52-7472744af5b5	401	500	14	14	of
7f8d291d-d168-476b-88b2-ed63d17baef1	417	500	19	14	the
2999e68e-5295-4b26-8ece-bae0fce1aaf5	438	500	54	14	disciples
c04f1257-2966-4598-b4be-779146a3a78f	438	500	54	14	.
650cede0-715b-491f-8a8e-d4334b961a5a	494	500	22	14	478
85f99d80-c025-4e4c-bd31-97c21f94115d	314	512	10	14	4
beca5aa5-04dd-4b40-aa15-c411c2df9860	326	512	35	14	Other
cc1f0940-3b42-4d2e-bf2f-1e770cea2052	363	512	54	14	disciples
e41533b2-d45f-40e1-8339-b64110f5898a	419	512	61	14	chosen
8f838d7d-99d7-4811-9958-7bbddbe6a398	419	512	61	14	......
dd37039f-1355-4edd-8898-418816c1cc80	314	524	12	12	6
7a252554-1710-402b-b9d9-0bcaeefcc617	328	524	38	12	Amos
887fd9ef-c5fd-4db1-a1e5-c099f551d3c5	367	524	51	12	receives
a94d6b04-4313-46fe-a9dd-a06fc2e6a7ec	490	514	26	10	•
bf9615bb-1738-4414-bc3a-75f930a2a6fd	490	514	26	10	279
51a9ce80-13a6-4cb9-9570-09558cb87068	422	526	24	10	the
1cb957b9-7d48-4b3a-ab72-84264eab3551	452	526	46	10	records
f0cffc4d-2adf-4b75-b3a0-d1ec69cc78aa	338	538	30	12	from
a8d939af-be02-433a-adb7-2f2d4fcd932c	370	538	38	12	Nephi
dbcc61e0-68e8-43f5-930a-95e3df3e87af	409	538	26	12	who
cd910fec-b2a7-4573-9306-a2954250c48c	436	538	26	12	dies
045c6f3c-48e8-4af2-88dd-9e55166eab71	463	538	13	12	....
afae08db-90fb-48bb-a147-f4df91c86d68	314	548	12	14	7
d986ba15-9a8d-499c-801e-f8aac74a6cb0	328	548	37	14	Amos
1f3b6843-d8a6-4c81-a8ea-ec7bfa23ca9d	366	548	40	14	dies
997856a5-599b-435e-8ce9-8664521810ed	366	548	40	14	;
104ef67a-c8c3-48e2-858a-f30a089a74ab	492	538	24	10	479
135ff89f-03c0-4fb4-86cb-116131b6c0ec	404	550	46	12	prople
35e186be-fef5-431e-b6ed-31c0b26dfacd	448	550	48	10	divided
2a8d8019-a510-44a8-95e3-10c03b392156	336	562	27	12	into
e079ac59-9d92-4694-a999-caac0ff59b9f	365	562	58	12	classes
fe3a918c-2f6f-4a73-a457-9fd14d225e43	365	562	58	12	...
8976da58-e89c-4ea4-9268-e448519653d8	440	562	76	12	..........
cf138a5a-9a9a-4b35-9d44-846d66596022	440	562	76	12	479
c234faf9-a562-4dd3-b681-fb2eddee78ac	314	572	10	14	8
7518dfd9-275e-498e-8239-27717edd6e77	326	572	37	14	Many
b010dccf-8d66-4c9e-bdad-a90f8c82f39d	365	572	63	14	churches
f3ecda6b-1d1a-417b-98da-849232281dc3	365	572	63	14	;
4f4934cb-2076-45ce-857b-7bfc153bb24f	430	574	36	12	great
c3dfdb09-df40-43c4-979f-f7e06502b897	467	574	30	12	divi
7adf3f93-bd3e-4d55-8416-c040fb49ca84	468	574	30	12	-
01cfb230-615b-490a-902e-b468fcf9041a	492	586	24	10	480
70acb5d9-7deb-4ad5-a816-1b94c0996f82	314	598	12	12	9
692a236c-5124-4c1a-8cd6-bd9a944552f9	328	598	24	12	The
f7560f1c-1d08-4525-92d2-433d236e47d9	353	598	44	12	wicked
fc60e4fb-03ba-4dee-8796-7a337a490072	398	598	26	12	wax
33159a41-fd65-4d4d-9f1b-711fd86e1339	425	598	49	12	strong
b2a40ab9-eb1e-4c80-bca8-a686c21173db	425	598	49	12	...
b9b78fc0-9679-428f-a00d-ab8a876a3158	308	610	16	10	11
a4e13a00-2c5a-4a3b-8177-0e1263f53b72	326	610	63	12	Ammoron
13653314-344a-49cb-ae5e-26f680663bbd	391	610	35	12	bides
517552e0-e57e-4130-a17e-5ba4091e9571	480	598	34	12	...
12cff8cb-012b-488e-82bb-114b395a2cfe	480	598	34	12	481
672c8df8-e882-4a9d-a9f9-c8ae64182a2a	338	622	50	12	cords
c458e45a-77a1-4bae-864b-6ed2d9a8db02	338	622	50	12	...
64b62c5e-29aa-4937-84bf-98ceb819312b	426	612	22	10	up
9ef0d4b2-5504-4fd1-8fe3-3f73bb55213e	446	610	27	12	the
f48b2476-0d38-4722-93ea-ce2c68dda824	475	610	22	12	Re
0efe2e75-ef30-4f17-bcd1-2d27c89ff249	475	610	22	12	-
29b4f123-5e50-4157-9d91-ea8b03767c1b	488	622	26	12	•
26cdcf74-6b5e-4bce-9e94-f4a8c0e20d88	488	622	26	12	481
f06db1f8-c3f3-4e05-9837-3e16d0d2085e	358	646	33	12	BOOK
5cadd933-1d2a-4f74-9f35-f4ea7e3b2450	393	646	16	12	oF
5416258b-6f02-4056-be0b-4220e03c0661	411	646	53	12	MoRMon
c464e4be-79ef-486b-a098-3826106b97c0	411	646	53	12	.
aa34d276-bec0-4afa-b371-e31fde216357	326	658	48	12	Chapter
85c4ecf7-86e6-48c0-995d-028e71a22399	376	658	14	12	1
09c40c76-19f4-4ceb-a5c5-af82f8db6cdc	376	658	14	12	..
8fad0e5c-8e55-471f-8843-8c2b2214e465	490	658	26	10	.
c5096c29-0edb-47f3-bb4e-20f33b748998	490	658	26	10	482
12b68990-731d-4f01-95be-5bfed90b0b7e	312	670	12	12	1
b6278420-13c4-40f6-9a4a-a0ed870c0055	326	670	24	12	The
5d82b26d-48df-4073-873d-f36458cc1a5f	351	670	39	12	record
0148e8ad-9bcf-46d9-baa0-a5e32e87a987	392	670	15	12	of
064119f0-1cb0-44e8-8167-5ae9e4275081	408	670	68	12	Mormon
f23a031d-3276-4e10-9ea0-8a239b5dd0e3	408	670	68	12	.....
c629cb12-edf8-42c6-80a3-8d43ead98c78	490	670	26	10	482
9d4eca92-d32f-4da1-84a2-8802413f08bb	312	682	12	12	2
a93dc726-ba99-41d9-86ec-609686c38138	326	682	30	12	Gift
8bc02463-889c-46d7-a448-006f365a579b	357	682	29	12	lost
35cec2d1-4fd4-4057-9dc2-c621c4416506	357	682	29	12	;
ffc1007e-fb0f-4a68-bc32-e6a6b86b850b	387	682	61	12	Gadianton
5b8f0958-36f1-4f84-a6ff-24d05c06ed43	450	682	64	12	robbers483
09fe0cc6-702c-4279-a784-3e8cf41fad98	312	694	12	12	3
26d8d852-8717-4a0e-9020-b7b9b5df6559	325	694	53	13	Disciples
a0d9d259-104b-4c90-9b50-44ebda24a86d	379	695	44	13	taken
aa82b63c-cc01-4fcf-a45f-d2bc34aacac5	379	695	44	13	;
13fae26c-f449-4432-b6d9-2a26a688e2c0	424	695	24	12	war
06b68f8b-1f7a-4fd5-98ae-cc8865eb1733	450	695	46	13	inaugu
b4608359-f746-4ae8-a3a1-743a74d28140	450	695	46	13	-
b3b7c5db-7f3e-4be7-b8f3-a34e078795ae	336	706	40	12	rated
82677fca-d9f8-48a7-bd0d-f39e3bdb4b22	336	706	40	12	;
96f00fec-b1b3-455f-ab90-2dd5a60a97ee	378	706	37	12	Nephi
15177486-d31b-4566-93c7-86a4d5b4f4e2	417	706	65	12	chosen
c7cf350f-f3ed-4bfe-aad7-2d89c5e836df	417	706	65	12	......
a59708b4-cb02-46e8-baf3-4da38ea9a4dd	484	706	30	12	..
d6c53e70-691b-4ee5-94fc-a497d9c72189	484	706	30	12	488
abe3f2b7-2ab9-4531-95fd-5745100576ae	314	720	9	10	4
9241a2e9-e650-4408-b60c-914b33d62be6	324	720	56	10	Samuel's
ca75c944-eae6-4005-9e91-e255ba0a6071	382	720	55	10	prophecy
ab141b5b-1758-42c5-a667-2ad150767d32	438	720	76	10	fulfilled
52f731df-8826-4518-84e6-6acac218df6f	438	720	76	10	...
ac02880c-8139-4164-a579-4c41c993cd0d	438	720	76	10	184
99f026d9-157c-4927-a177-f219780c2625	314	730	9	12	8
eaa5ca9f-6845-41ea-8e10-d253febfda33	324	730	41	12	People
9ef5d807-48e5-48ff-a8ff-d5ef7b47d718	366	730	14	12	of
cee808a4-8622-400b-b300-a86e1d43a702	381	730	35	12	Nepht
26e17659-f429-4909-84a7-32e0104ac1ca	417	730	47	12	driven
10b7d54f-6542-4d1d-b2c0-ab6edb1f94aa	417	730	47	12	:
8ff2e00b-8888-4922-a60c-edb89cefa56b	465	730	29	12	they
9d844b15-b7de-4052-bd63-a150f72a832e	336	744	40	12	regain
f4f42ee8-f73f-4ba0-9837-cf334a85521e	378	744	31	12	their
0290e67d-f50c-495c-85cf-ee811e805f10	411	744	41	12	lands
1dc251c6-808a-4a02-bd06-795b41146282	411	744	41	12	...
50918c68-5779-44fd-901f-78330d318c84	492	742	22	12	485
977b7faf-65d9-4606-a753-465059e3e335	312	754	12	14	9
73b3a1f3-93b0-4199-bac2-c362bbca8b8b	326	754	52	14	Mormon
596b77ec-5530-4b62-8e73-7d01a027d63f	380	754	44	14	resigne
77d3e0a3-b52c-4cf5-86c1-b2358862046d	426	754	21	14	his
d9ece089-dc4e-4b17-b32f-e9b509baae1a	448	754	31	14	office
7d581a17-905a-424d-8428-81f22d82f411	482	754	14	14	of
d1837395-20a0-4734-aba7-92833ce0016b	336	768	46	10	leader
d06b81a6-206f-4a5b-8ada-ad6c2dbc47f0	336	768	46	10	.
f591c075-ac18-4b4c-a591-e28b1128a348	326	778	52	14	Mormon
40972795-8682-4ec6-8c7d-cb2f5b0e966a	326	778	52	14	,
67f1ea3a-5537-4bb2-993d-c9798c1fb7eb	380	778	33	14	chap
a0d6b48f-a22f-4dcb-b005-899f8abee5e3	380	778	33	14	.
923c39de-642d-4d53-8088-a43afcdb26ec	415	778	15	14	2
bd614b3b-52af-4cf4-96f3-206807a39521	415	778	15	14	..
92fdfd1d-5fad-4d55-b34a-8382f73082bf	492	768	22	10	488
cac569b5-d835-432a-90ec-186ed50e8195	492	778	22	12	487
e110450e-f625-4ece-8b58-febb9b4bf640	312	792	12	12	1
baac0709-c3a2-46b0-aaca-9f9628bb2ffa	326	792	63	12	Desolation
3307930d-d4f2-47de-b63f-08eba4e48942	390	792	44	12	taken
ac6168b3-ca18-46f5-ac97-17cbf0e0f333	390	792	44	12	..
7239f9b5-5490-42ad-bd7c-2375d2d071f7	492	792	22	10	488
138ec7b1-7f93-48ae-9b6f-2883835767d4	314	804	10	8	2
607df4f8-5b86-4bd2-921e-6ee94f13e941	324	804	64	12	Lamanites
fee0a956-523d-444b-af2e-50881e63f084	390	804	30	12	take
f71d0f6f-78df-432e-b119-0fd07c1947ba	422	804	58	12	Teancum
73c9f218-18ef-43e9-b479-4534418b9eaf	422	804	58	12	.
0e1cae7f-e935-46f4-912b-6e89a10bf774	492	802	22	12	488
7830a2e7-a826-4597-8be0-84ea1bc66503	418	832	70	24	Google
