ID	X	Y	Width	Height	Text
d3847c35-d96c-4325-82b2-4bf17e50bd5e	605	166	253	65	INDEX
6a85a091-15a4-4958-b6e2-c04f7ac06a78	132	293	169	41	Numbers
ab3ed248-28e4-45e9-9c99-fb8d2b9b73bd	306	294	103	41	refer
3dc040b0-1922-4be6-87e1-5ee6d9f5d372	414	294	46	41	to
27e0c1c0-47ef-4f26-8987-d5a01326fcbc	465	294	108	41	pages
c7f0ea36-3e86-4876-8e33-b8bda730eeed	578	294	72	41	and
f043c41b-ab4a-459a-91fa-35bcbfdea809	655	293	150	41	verses
cb69c1bc-49d7-4006-81fb-9ea93a23705a	655	293	150	41	.
d57bb9c1-3771-46a6-af8d-ed674cb2bd38	808	293	110	44	Thus
39f38047-ea42-4a59-b064-d861bb2c127d	808	293	110	44	,
1011f7d5-6399-4ab9-8e1c-88783ec68713	924	294	121	44	189
c7de31d6-4145-4cf7-8a3e-e5ddb9e57399	924	294	121	44	-
15377357-9953-48a5-9a12-b57228f0ee00	924	294	121	44	34
33495965-c9b2-433b-a53a-1331cea66378	1050	294	165	44	indicates
4abfc658-24ee-426c-8cea-18abd6c9b787	1221	294	88	44	page
6cd53674-99dc-4d31-84c8-6a29cba1744e	1314	293	74	44	189
d5afb3b9-6c3b-4211-883c-1d02a147029a	1314	293	74	44	,
6d6af442-5c06-427b-90d6-9244f761193d	76	328	73	45	and
eeee5b31-dc40-47f0-9ba7-8e779ee7d33d	155	328	101	45	verse
8c972726-fc4d-47fe-8cc2-df62532b9056	262	328	51	45	34
3586eaa4-6542-4a31-af9a-fe9edf53ca8c	318	328	51	45	on
d8e63310-bd0d-4d41-bcc7-05a4e13c8db6	374	328	79	45	that
264c7442-2505-4fb9-9c4a-8ca62313454a	459	328	118	45	page
32ae6a1e-db5f-4800-91a0-c91546fcfaba	459	328	118	45	.
514898e3-802b-4581-b87d-10d1dd48f6b9	582	328	51	45	In
a312fc3f-c930-42bd-a345-fe05692b19e4	639	328	146	45	general
ed9747dd-4d2b-4ce6-ae28-8b493e35eff6	639	328	146	45	,
7b2d1994-5017-4f07-9b48-a580f5593d75	790	328	67	45	the
718702b6-3933-434e-a5bc-4a8b7d768d76	863	328	101	45	verse
1942cce1-195c-4998-94e5-2d8062e4aba0	970	328	45	45	in
2b5967aa-cde5-470b-9773-482b8ab1540b	1021	328	118	45	which
36d39fe3-1942-4e85-a948-af7a7ae8e7b5	1145	328	56	45	the
cac79ba7-3cac-4429-84d8-c45742c1fdf0	1207	328	178	45	beginning
5202c13c-ebe5-431a-84dd-5dbcb0a4db3f	76	363	47	47	of
89bc9929-0a67-46db-bb57-d8e7c8fe5120	129	363	65	47	the
f84b05d1-d785-4ebb-819b-012001c52dbb	199	363	270	47	subject
d6222de5-7cb5-4da1-baaf-b148c31d0fa8	199	363	270	47	-
d5cbb707-766d-4315-b966-3cad5b08e093	199	363	270	47	matter
6f3bb25b-b9e3-45b2-b1a4-cbe4970d123f	475	363	123	47	occurs
6d872edf-c3b9-43f6-a557-bef1b87f29f9	605	363	41	47	is
2ead5640-ab00-4a11-aae7-67b3b0804300	652	363	65	47	the
6cd3f159-fa92-4f5a-9b42-6dd60edaa642	722	363	94	47	only
f7c456c8-6566-4ed0-b048-52b698b37aad	822	363	71	47	one
a34eda8a-3075-4a50-9486-431583d84aed	899	363	168	47	specified
692327dc-cab2-4d4a-a4b5-a1259875e54f	899	363	168	47	.
3436d2bc-481a-4652-a50b-701f70948b15	79	458	113	60	Aaron
6e52c0a6-75d8-4493-aa95-5d7d19af8c5c	199	458	67	60	son
409dd49f-660a-48ef-8ca4-c553203d1f3b	274	458	187	60	ofoMosiahe
7d5b83c8-ce0b-49de-9924-24792beb0fae	469	458	74	60	uses
a6a28bd6-9a68-4723-be62-9bb498e0fcef	101	489	76	35	king
75c44df4-a8cf-46c4-82c3-1ed6e440b376	271	489	139	35	people
a664e0c2-99d2-4924-8abb-9720f4fc1df2	271	489	139	35	;
237fe90a-649f-4b2f-a973-5a89e8a88ba6	467	461	79	63	uses
32b602d0-8e9d-4621-88f7-a49b02c59f1c	553	460	169	64	kingdon
7bbe425e-f4dd-415c-aff7-91e7ff92a8d1	553	460	169	63	,
c95aa4d9-a740-4c0d-970e-184ffe2ffda9	101	521	105	28	191
a33c3c1b-4900-4df5-afd6-4c0da09bd268	101	521	105	28	-
2af3048e-bd3d-4a88-87e9-bc6f01d737de	101	521	105	28	2
1463a2f1-327f-4240-82e3-8e7c231f91d9	101	521	105	28	;
2933f852-ee68-46eb-b792-0c21684f9ffd	209	521	84	28	goes
4d45549e-fa4e-4ce8-9d44-be039c81b4f0	297	521	45	28	to
cc1138cd-8ac6-4fd4-bd9e-449bc3e4fdd7	346	521	175	28	Jerusalem
911910e4-fc09-4622-aa55-e164db0b88f1	346	521	175	28	,
74d134b2-d97c-40c3-8d5b-e8ad4e42c446	524	521	108	28	249
8049251b-886e-45ff-9a72-6268a2af9341	524	521	108	28	-
b3967f75-b650-4eec-98e7-1cc60e78f0af	524	521	108	28	1
2ed06684-0162-44c9-915c-9c0173917577	524	521	108	28	;
142baf3c-6923-4bc1-aafa-dc0e9f986d25	636	521	80	28	min
70dba720-0d71-4233-9583-cc42e5bb3094	636	521	80	28	-
a06683d1-f972-4ecb-8372-e88746914822	96	538	87	45	istry
a2d64c6f-cc7f-41dd-9c01-bd3edf1cccbc	202	543	67	38	of
475d02f5-cd6a-4a2c-a3f4-1fd642cac1f9	202	543	67	38	,
8ea31013-d509-45ca-a083-c7209ea28d12	273	543	133	38	among
37d270e5-6e8f-4758-82a5-40f1d3b9e1e5	411	543	200	38	Lamanites
aff5e7cf-4c1e-4508-a037-fe2a34b6e156	411	543	200	38	,
4d451bd0-eca5-4f6e-b19d-4e17cf6a6363	615	543	104	38	249
ca2e8eb8-b4af-4591-ab9f-2aff399ee90f	615	543	104	38	-
63c7f2f0-ff9a-4bae-b323-7efb55f7d7c3	615	543	104	38	4
492bfb26-4b49-4fdc-82ab-4966cb2da839	615	543	104	38	;
e01a3d36-05ca-4047-944b-8adfe1c6f3d8	101	571	139	35	preaches
f9c105bd-6172-4112-b24e-a4cc010d5dd0	98	571	48	95	1a
6539861e-a841-4672-8cda-be7341f0be27	157	571	95	95	pi
d87b216a-f267-4af9-b23a-6f8df3187627	157	571	95	95	,
39e88ac3-d89b-4e9c-99ca-39d4aabe605d	264	571	71	95	net
2665d664-b476-4920-b7b5-acdf7c6e8029	347	571	36	95	in
5e9c862e-dca6-47c0-8dc1-bda27eac3627	395	571	95	95	to
9269f991-de08-41b5-bcd7-8c93d8c3ec01	502	571	142	95	182
a9ccbcf8-5ba1-4f6f-ad9a-01f42d199c08	502	571	142	95	,
ce1f2d44-a149-431b-a7b2-c800487b2d31	656	571	60	95	830
12335c6d-20d1-44da-80f3-f6bfaed4b58c	656	571	60	95	.
f2d9bef8-e7a7-4ca6-ad8d-f896be078fc3	745	454	157	66	Abraham
ae3360a6-2609-41e9-92ee-ad3f1ede473b	745	454	157	66	,
2f2e41b1-19fc-44e3-80e7-93508b0d4d82	910	455	148	66	cinerent
26b6b3c7-999d-4721-bb0d-c48d7cd4013a	1067	455	99	66	with
e54fe972-4e77-41c5-89dc-532f87e6d7b7	1067	455	99	66	,
2dea1c08-f892-4506-af5f-b7dcbd359127	1174	455	99	66	29
949ebfd5-9e4a-45b9-82a1-bb6b9c8def75	1174	455	99	66	-
6ab49649-5e26-440a-ad47-db1839cf7dc0	1174	455	99	66	18
ec4f40a1-2138-4eb5-a545-53a32eb4a803	1174	455	99	66	,
236dc6f3-99e0-4607-a477-e0103222a684	1281	454	110	66	lessed
a05e6bf6-e28c-453c-8c58-277955af81e8	911	485	146	37	kindreds
44727c33-47a5-4c3d-bf11-471f1bf0f3e5	770	571	96	32	itude
bc46565f-7556-47a4-9221-96b24298eeee	870	571	44	32	of
84eacdd7-b2bf-4d4a-86ef-fb8848b9d851	918	571	66	32	God
f42b58ce-330a-473d-8e61-11047df525b2	770	603	228	57	379
80d8fe39-2ad3-434f-ba9d-9587eb9d8c5c	770	603	228	57	-
f4c0c986-690b-4ab8-989d-30f618589dd0	770	603	228	57	57.229
35aa0c67-a119-45a8-b1ec-3109cbf9d628	770	603	228	57	-
9fb8448a-f101-43b2-942c-84ba4945f0c9	770	603	228	57	15
7a27455a-b676-4684-b57e-ca39b9cecd29	770	603	228	57	;
a23dca38-2b4c-45a2-852a-842157794e4f	1005	603	64	57	saw
74b7fea9-dc23-44b2-9558-a142016c88db	1076	603	36	57	of
3ea95dcb-c732-4c2c-9a97-ee6436a6961f	1119	603	128	57	Christ's
699cbc71-6616-41e5-8321-7b2315fd6b3b	1255	603	130	57	coming
f6858645-6247-4a40-a2e3-ab1ba98a14de	1255	603	130	57	,
7dc249db-81f1-49b7-8664-13b562b87b7c	69	738	104	104	An
62acc292-2ee8-4e0e-bf49-9cd58a6df64a	186	739	182	104	at
4abdd067-a90c-4290-9e0a-79912397abe7	381	739	39	104	e
6afa8425-9907-4b98-9f3b-e6331c0c0a1a	433	739	52	104	on
6d17d73b-6f65-476a-98bf-e4047368f24a	498	739	39	104	or
632392b9-305b-4717-a264-a286b8923f82	550	739	91	104	ei
af7cd1ee-82a2-4da5-9520-81b86e0d53fd	550	739	91	104	,
f1c6a6d8-34e4-4d44-a4a8-d7f7a177ba64	654	738	68	104	416
f89644ec-6612-46ad-ba2b-daa7565b60bf	654	738	68	104	.
4c7f6106-1a88-4c14-b64d-9e5484df7cc8	98	829	51	35	16
e60be9ce-5980-433e-a5e5-17daa6c725b9	98	829	51	35	,
8a22b297-9836-4eff-b586-cd11beac25d5	153	830	116	36	498
6547ac7d-2f1a-4051-aab9-be141089c8b1	153	830	115	36	-
01c72be6-ef72-49b5-ba13-804ec7c70a1e	153	830	116	36	31
9a51290b-bb98-46ec-91fa-63fbde665104	153	830	115	36	.
5e428c57-0bef-4670-b74e-1746824a86c7	73	855	116	38	Aaron
12c860ce-76e7-4b40-8cc1-40fde3b5a4bc	73	855	116	38	,
e0f6a376-bf31-4218-9b65-380cf8f7059e	193	856	83	37	king
630ce46b-e2d5-4dcf-bc9a-ab3013ec41e2	281	856	46	37	of
64f2363a-8a79-476e-adb1-885b305754c6	332	856	185	37	Lamanites
90afdf1a-b8c6-43a8-b14e-63fad83b01f1	332	856	185	37	,
1c58eea4-cfda-4805-85dc-2273be93f8e2	522	856	143	37	defeated
fd41f9c9-d531-41d9-8992-61891644de8e	670	855	46	38	by
c98d7e32-d1d7-45f1-8ca5-90e5fd0a2850	101	887	96	35	army
810a7f3b-86ff-4a07-9707-c24d05234aab	202	887	39	35	of
e94b1b5b-f59b-4dd7-bf04-703402889693	245	887	153	35	Mormon
9524a6d2-027e-4bbf-908c-9b4dd5526c8c	245	887	153	35	,
9563664b-a449-4e1f-b0ea-826231ad03c4	403	887	114	35	462
dff3cd98-16c4-4552-b818-3f76dc906880	403	887	114	35	-
3f8df85a-5465-4d8e-a792-b041d85a0537	403	887	114	35	9
91feab87-6b42-4e08-8e17-3cde3cd3450e	403	887	114	35	;
5705614c-72f2-4ae5-9371-945943ac323c	521	887	153	35	brutality
24026a85-1e3e-4c07-8b4c-cae0eb14bc60	679	887	41	35	of
0ca6f980-2b27-447e-89a1-a7e39d4cde95	984	773	161	38	spiritual
19cce389-e604-402c-9cde-0a8d07fb1e4e	1150	773	162	38	darkness
817b6858-9ec7-4162-982c-f9d918730002	1150	773	162	38	,
d445d607-3819-438d-9c91-4d38aeac3cbb	1317	773	72	38	188
7f1e50e8-e009-49f1-a842-e2959bdaffe2	1317	773	72	38	-
c99731fb-164c-44d7-8cad-f0b36c096831	741	827	98	98	Acon
ae8b84a8-d8ce-4a89-98d6-b5d68df2b334	851	827	49	98	or
7f774710-61a1-4f73-8530-64ab4dfe2236	913	827	61	98	a
e94bea3f-28c4-4faa-aa70-96d56243f7df	986	827	61	98	i
376b2bf1-3b73-4373-bd11-498fd336c394	1060	827	73	98	a
9c1785e0-8669-4cee-bc62-6b54035d4983	1145	827	159	98	coleon
52105307-b8fa-456c-8d64-ce52fa12b2fa	1317	827	78	98	and
5838b1f9-7281-46cd-9e3c-b21111354621	767	887	149	66	brethren
6605b4a6-e28b-4cc0-9f21-95e96ba114b9	767	887	149	66	,
481da532-f6ec-486f-a16e-39e161cb3f24	924	887	66	66	240
5310c03f-490f-4931-aede-fe29e0427e75	924	887	66	66	;
4f63c89d-68aa-4c1a-94bf-0f7dff63ce7f	998	887	49	66	by
a433bde2-14ba-4639-8686-eb0807b2a323	1056	887	157	66	claman
a9ece872-5b49-45c1-9f2f-d1de8bf667bb	1056	887	157	66	,
7428834a-6510-4577-8d2b-fd724d4a6c63	1221	887	91	66	aron
f017f4cb-2c88-4538-acf0-d9d045217ae7	1320	887	68	66	and
c44eb0c5-f9c9-4413-b6ee-ad1ad8d09eb7	745	944	202	35	Accountable
5af25962-b6e4-4cbc-9c45-c5cebf7c23d5	745	944	202	35	,
3973f9d3-920c-44bb-9e67-f81c7537c271	951	944	136	35	baptism
6fea3192-4044-4d07-abf8-3bd4c72ea67c	1091	944	53	35	for
d50d86a3-8bef-4684-88bb-11f27dfa10ee	1148	944	87	35	those
1106c72a-524b-40d2-a2d0-1f93fbb1715a	1239	944	79	35	only
05bc5116-6e27-411d-9e5a-9dd9d852c506	1322	944	66	35	who
fe97ab08-b0a4-4f89-bebf-f0a55783bc4c	769	969	69	37	are
9672380a-55ed-4222-8429-e3df5c8a5678	769	969	69	36	,
dd0d8c1b-9106-4628-abb5-5e63fdacaf6f	841	971	115	38	516
61bdaad1-6a4d-4ebe-adaa-19acc5f79f78	842	971	115	38	-
41a1086b-f003-46c0-9114-962f98f5be7e	841	971	115	38	10
9ee31ad3-03a2-4f7e-961e-a9aa1066532e	842	971	115	38	.
8788ee06-4c57-4c1a-8eeb-749d71a0bf79	747	1000	160	33	Accursed
28a4c15b-6786-4afb-80eb-4cdee02906bc	747	1000	160	33	,
626f451d-a6d3-4088-80be-65c5a03f93a0	911	1001	148	33	treasure
c4a52db2-70a7-4cd0-afaa-10e890cdef5c	1063	1002	84	33	may
e34a68c0-35f8-4833-82ba-7c158dcdd531	1151	1003	56	32	be
e2c211f7-4c09-4fc1-85b2-a81648db2ab7	1151	1003	56	32	,
2c0fa228-f8d7-437e-b396-5a00dfa0ad3e	1211	1003	128	33	389
b436b4af-69f9-4320-a889-bd755569a73a	1211	1003	128	33	-
ad6a9a29-9b76-4f0b-8198-5933ce127e06	1211	1003	128	33	18
bf04ffc6-b1d8-43b3-a4b9-642339368829	1211	1003	128	33	;
42f3bd33-0dd2-4ed4-8ae5-461d1fdfbf66	1343	1004	45	32	all
fd165579-a0dc-40c3-a5f2-a58ecf96b678	770	1030	73	35	who
40d2290b-d136-4977-823b-1c7b479e74dd	846	1029	128	35	contend
46c82742-4463-486a-ab15-81d855a41ff7	978	1029	128	35	against
74c610ac-2f52-4d2a-b525-b13202f4146c	1110	1028	60	34	the
b2811588-e8b4-4c03-84a4-be1e6abe1816	1173	1027	81	35	Lord
032066ab-a8aa-4239-9171-fa4eb29e8248	1258	1027	72	35	may
305d5d21-5b0a-4a70-b36c-7debfc22a2e8	1335	1026	53	35	be
2a40cfbc-5dd0-4f43-994a-58c03a4740d9	1335	1026	53	35	,
0000c431-2d18-43ae-98ee-6c46f933a01d	770	1057	98	32	485
61530e56-3de1-491c-9c33-63f8a1d1db2c	770	1057	98	32	-
a6a2634e-d757-4df1-bc3f-e15ba75bb048	770	1057	98	32	8
d2d8c408-bfc2-4000-84b2-1da56ded8157	770	1057	98	32	.
36dc8c8c-9b4e-4baa-85af-830d07401d35	1224	1114	125	32	395
2a23dd8c-590b-4c08-99fa-fd8576ba8645	1224	1114	125	32	-
70e42e23-1b67-4f0b-a1df-b5246e92665e	1224	1114	125	32	30
739687cc-2aaa-4730-878c-b77ad7d57070	1224	1114	125	32	.
1bd2e685-4a01-475e-90cb-5c660d2c351b	745	1142	110	38	Adam
71baf274-c641-48c3-bf4f-dade68233cff	745	1142	110	38	,
9478097c-3c37-4f41-9fa7-bfd4148585f0	859	1142	66	38	fell
714faf08-98af-4af4-9f0d-08ab3369f6bd	930	1142	86	38	that
6e98fb40-c342-441a-a1a2-2bbcf77c5ac7	1020	1142	71	38	man
b42555f8-ff72-4dc6-b7c7-a4c3d1ff4622	1101	1145	120	32	might
b855db39-f9e8-4456-a6cc-3fb367a1506f	215	1171	123	35	Isaiah
d355006f-ebe2-4014-80f8-79e82a72b21c	215	1171	123	35	,
85c3462e-086e-41cf-9c3e-a8a029e88cd7	338	1170	140	35	159
f54d434b-968f-4331-9825-d75e771d2215	338	1170	140	35	-
3c8cfcb4-2441-4f32-bb87-8a1a433162bc	338	1170	140	35	21
636a4c4f-01a0-4ac4-95b2-6fedae6316e5	338	1170	140	35	,
af93d7ce-b4ba-4ec7-99f6-4832695b58dc	482	1170	108	35	162
a034d9b6-eca7-4405-9ed6-fc854e068046	482	1170	108	35	-
68961e0f-a0b8-416c-b4d7-5428b198ab26	482	1170	108	35	1
50f3f264-592f-4fbf-9ca0-9fe7f2896c40	482	1170	108	35	;
006f52bb-9bc0-4bcb-91fa-91d684797986	98	1224	173	66	atonement
38a34cd7-9118-4031-8f0f-1af456dc94c7	98	1224	173	66	,
d0516a89-3fa2-40d7-b2fb-03abd858b613	280	1224	115	66	161
5a9856ef-86a3-4bbd-8bc1-f2e0eaa9f1ef	280	1224	115	66	-
1c655d3f-b1f0-43d8-b910-4db91e47a953	280	1224	115	66	23
3e362395-6852-4436-8108-300a7b3eb625	280	1224	115	66	,
5942b943-4732-410f-80bc-b421483e4f06	403	1224	132	66	foretels
b854caf4-9e9c-4ec1-9623-5c9047e26518	544	1224	176	66	erredoes
d5df9462-fd15-4e8c-9c7a-c20ebbf96539	98	1274	143	67	preaches
efae9ed5-e0b0-4b28-ae0f-61e63434f032	249	1274	117	67	redemp
85990ecc-b6cd-407d-ad3d-e6faf43d709e	374	1274	59	67	don
606bf783-c397-47eb-bfeb-c314a1b6b7a9	441	1274	59	67	and
2a5f75f2-928e-4f1a-b71f-cfd78e6a63aa	508	1274	211	67	resurrection
cad664ba-f194-4ec8-8654-dfa5c07b3168	508	1274	211	67	,
24ce6b28-7e15-411f-83a5-5ff404ee0105	501	1304	219	41	resurrection
ae1a2cc3-26b7-4448-935a-d139809479d2	501	1304	219	41	,
3a8ab581-540e-4de2-a50f-68b13887c639	98	1341	102	35	165
e30f36b8-8496-42ae-b6d1-d620c6a3ee4b	98	1341	102	35	-
81bedeaf-fdbc-4e97-a84b-9beeff600923	98	1341	102	35	6
b5764989-82ee-4af0-a7ec-0ef619f74762	98	1341	102	35	;
d35ad59a-0983-4ab9-a071-0ce8d2971c3c	204	1341	183	34	condemned
f1ba5598-4cd3-45cb-a23a-303f9f0938d0	391	1341	47	34	by
24f5ebd1-4b2b-44c9-a0a5-6e2abb9e6e03	442	1341	98	34	Noah
b9beba70-7858-4b9e-a14a-bdc73ff97c2a	442	1341	98	34	,
8d857de2-d20e-4ccd-945f-360cc5646ccd	544	1341	98	34	160
b9d27bfc-e8e7-4ea1-bdbb-6ad65fdd066c	544	1341	98	34	-
8cc9cf43-665e-4e19-a120-80c194f806ce	544	1341	98	34	1
c1082a85-fe21-4f69-a0d4-f9578448e1a2	544	1341	98	34	,
9ac69eea-ffe3-463e-8bc9-3a41bf73902e	646	1341	70	35	166
36195dcb-8426-48c9-b61e-32de6458e929	646	1341	70	35	-
63770e09-342a-4ab4-9a24-2aef340f08c6	101	1369	44	32	1
803210b4-78be-442c-a0b2-d37bff65e674	101	1369	44	32	;
730a7ec0-0a80-41c4-b327-f70e058e84a6	149	1369	180	32	prophesies
dda11f27-be18-41c5-9698-c1749b4d98be	333	1369	100	32	death
8612b8a0-5feb-46f7-8b1d-4c3073e3c2b5	437	1369	44	32	of
123b59f0-022b-44c2-b1fe-3f1fceeba507	485	1369	104	32	many
0db10e81-b341-4a9f-a983-0f77cc0a41d1	593	1369	52	32	by
4bc3e544-6a5f-4f2f-b8ae-4c3c1989321b	649	1369	70	32	fire
82f85667-49e6-4025-ba58-ffb6e29f9050	649	1369	70	32	,
8b2c550b-eac8-4c21-95a1-9a1a811b3a66	502	1398	98	35	fire
8d0c45b8-1673-4de9-9f37-62380021eec9	502	1398	98	35	,
a39913dc-5915-463b-b094-8d4482dc40bf	604	1398	115	35	167
ccc1b8a4-ca75-48fe-b3a4-44788443045f	604	1398	115	35	-
c5d2f0d9-5ce0-4542-9c41-c96d479e1659	604	1398	115	35	13
980cece6-9e97-4b1a-922a-d9e94cf6bb4a	604	1398	115	35	,
fa60d158-c89c-4b7c-ba0f-3c03903b7629	101	1394	120	64	260
26365c7b-ab26-401c-b6b4-a6cb5a9559e8	101	1394	120	64	:
7dbaa866-73b4-406d-8abe-c48a3b57bb32	101	1394	120	64	15
d8d2cc16-0ddd-459f-be99-93f0d17882e4	101	1394	120	64	;
5a4da2e6-1f57-4272-a846-4eac1dbf4cbf	229	1394	112	64	means
7dc4f609-31b6-4c62-b5db-cf80d52ed325	349	1394	48	64	or
206df027-bb8a-4609-ad82-1a5766952f75	405	1394	144	64	blessing
9ad32dd5-c582-40a0-a7f2-a1119e0ef2cb	557	1394	48	64	o
36321883-344c-4322-b7c8-ab647224fbaf	613	1394	106	64	61m
2287aba7-4295-435c-9f6b-f1fd4e42656d	613	1394	106	64	,
d40253c5-6764-41dd-9967-a29f0be64bdf	101	1451	119	38	185
0134a84d-dbd7-4e37-8b14-5d86cbb3ef35	101	1451	119	38	-
8a5b43b0-5147-4089-b8d8-def1e607e03c	101	1451	119	38	15
1a532190-e0c8-4c57-b85a-3335a42d3236	101	1451	119	38	;
867cd204-dd12-4e96-ac98-5acff8738121	225	1451	104	38	words
581c4945-a4e5-4c05-9685-25718dc55877	334	1451	43	38	of
09b1c00f-7ca8-41ff-a59f-f518f259d73c	334	1451	43	38	,
eb31a711-3950-41a1-8ce1-0bee0985635d	381	1451	138	38	fulflled
8cc26b17-76fa-4f1a-a785-a97296bda967	381	1451	138	38	,
7914a6bb-0000-4c40-bbdb-5779883054bf	524	1451	119	38	173
efe970b7-938e-4336-8e7c-1e857e00553b	524	1451	119	38	-
4549d68a-5c6f-4d01-98f3-a5b0985552ff	524	1451	119	38	21
085b5143-f358-4624-927c-d849707ea361	524	1451	119	38	,
75fd367e-05ac-4b93-9277-cb88792a4fda	647	1451	69	38	260
71a0a0be-7680-482f-85ca-12a3cfcf76f0	647	1451	69	38	-
bb794b29-2b21-4338-8967-8f254f1fe1ff	73	1483	182	66	Abinadom
5839270e-15bb-4c31-96ba-e74f7d390654	73	1483	182	66	,
4f71d2d7-87a9-4027-9e1e-e13d72ab1147	263	1483	140	66	Nephite
f06304b9-c785-46f0-9317-f7ab3a2d667b	411	1483	173	66	historian
3883a015-d867-479f-9024-dc285a9818c5	411	1483	173	66	,
2989ff44-c0e8-43ef-a2d1-db30def8b436	593	1483	74	66	son
985231df-8b92-4f4b-bd34-1cfbd2c5e603	675	1483	44	66	of
1f30c7cb-7266-4dbd-aa48-8de6e30cf831	101	1653	88	35	mult
f2228140-4a6b-4b28-b910-c85e6d06ab28	101	1653	88	35	,
879cb08b-7495-41bd-b12d-00f3ce1ec47f	193	1653	123	35	246
cfccc237-2040-470e-b438-1fb7cc87216b	193	1653	123	35	-
b9786696-7626-451a-b6f2-abd3f31ec986	193	1653	123	35	28
6b6fa88d-c65e-4b37-9884-133b4348b76e	193	1653	123	35	;
eb04c5f1-e9f6-4806-bb41-47a51a24c637	320	1653	101	35	raises
9ea88aa1-e5b0-4fa4-8789-6f9516b0c886	425	1653	61	35	the
bd27aa55-7e4f-405f-b285-7bd72df6e439	490	1653	109	35	queen
4c6f61a1-bba4-4a0f-beb3-a9187995315e	490	1653	109	35	,
93bd14ed-9669-4344-b900-428bf18e9d89	596	1652	124	34	246
117d4b39-2642-4a63-b8b7-6e846689b59e	596	1652	124	34	-
5807d289-e452-4359-b718-87d46c8a0fed	596	1652	124	34	29
49b1ef4e-bc0d-44b7-b443-eca64d721154	596	1652	124	34	.
43baeed9-c3b7-4349-a856-bc3434c45df4	73	1679	190	66	Abominable
b00f33c0-499c-4d14-959a-d1a6d967f45b	271	1679	16	66	c
1a712791-c9d0-4f86-a106-afc02d5e056f	296	1679	116	66	hitches
c8ea2034-5a95-41bc-af40-445ae4acaac2	420	1679	49	66	te
d3a4ae47-aba8-4d54-afb7-cba26991fff9	420	1679	49	66	,
0d621c24-8d47-49c1-81c1-eeb2764116f4	477	1679	16	66	t
1991f663-b752-4064-9b4e-4d413d155d34	502	1679	50	66	at
1657e500-e783-46f0-b1a9-44314ea702fa	502	1679	50	66	,
a1de37e3-ea88-4bec-ad75-52a048980d0a	560	1679	106	66	493
a2b7b7f9-bc17-4af9-990f-8dbc80f018cb	560	1679	106	66	-
e0495893-78be-4986-ba3c-38d99c8c6bed	560	1679	106	66	3
dd8fa811-1fee-4fd9-9bda-385010dadc64	560	1679	106	66	.
0c16becc-1faa-4b8c-8f9b-3a9cf470819c	73	1739	202	32	Abominable
9dd2c0f5-313f-4749-bbaf-1b3e4c55f72a	268	1739	243	35	combinations
6d75fcba-3865-4a8c-8aff-2b04311c39d5	268	1739	243	35	,
9ec792b4-1a44-4305-a45f-f3fb81629113	524	1733	119	35	secret
8f35b9a3-77a1-4ac7-b9c3-3091a84e5d5f	647	1733	76	35	and
9b5c2508-1ec3-4c9e-a005-c3418e2a341e	647	1733	76	35	,
85a8de77-e717-40e9-8bc4-d393437e6bd1	104	1845	93	39	89
273ea4a6-ba01-4335-b43c-3ce32d0ce381	104	1845	93	38	-
80271d4d-4ffc-4b09-b778-f0467f439dcd	104	1845	93	38	2
2aed8d2b-20b7-42d0-a286-632fdd39b3dd	104	1845	93	38	;
41a2201b-23ce-4e7b-9efc-89c1fecb1ebe	201	1846	39	38	in
d767298f-31ef-4f8f-a8f6-bced563e1424	101	1881	136	32	covered
ff8ce620-a3f6-4b5e-818c-7602447a925c	240	1881	135	32	through
c4c6cfac-3c16-4a4d-9ea0-cf9c5e95515d	243	1852	128	60	through
15f91228-38ec-4212-a726-c21fd3e4e93f	378	1852	45	60	ys
9819455f-4519-46b4-9fde-fb64be3c0633	378	1852	45	60	,
87c21bc7-7390-4bce-8123-290025534c23	430	1852	135	60	divinely
8674a9f4-6f1c-4db8-b144-9f44e277d4cc	573	1852	143	60	prepared
b8cb37f6-7ff8-427a-ad21-4396b6830da9	104	1906	104	38	stone
bb1b171d-e932-4e92-9fc3-c82ae3f77462	104	1906	104	38	,
796c849a-0c63-4841-9c24-42c985cf429d	213	1906	123	38	290
151d175d-22a1-4a9c-b0d5-321321c3257b	213	1906	123	38	-
a1678167-4aec-4bac-bd4d-e5ab0ce82d7a	213	1906	123	38	23
7ea1766e-a653-43f8-9f55-6f9443ee5809	213	1906	123	38	;
980932ff-2fad-43e4-ae30-d1aea708b915	342	1906	48	38	of
362d2d94-d6e2-4fb2-8a09-fab05e8c0578	394	1906	180	38	Lamanites
71891d45-6c76-4416-b552-73983d8a6e6a	579	1906	71	38	and
f8f1e92d-2827-4d76-8a0e-277ed08ccb4c	655	1906	64	38	Ne
c8cbe306-aa4f-43fb-afad-acd39e696022	655	1906	64	38	:
560fd7bf-b6ad-4580-aece-f77793c07482	101	1994	147	38	Mormon
d332579b-f821-4ccc-9bbf-1064b4e82843	101	1994	147	38	,
5ea2b83a-3376-4247-893f-f8fd185f92af	253	1994	103	38	518
785cc8af-da17-418d-a8b6-b7782d02ed1f	253	1994	103	38	-
bf2b6b8f-4d9a-4d63-a890-f32f3300f243	253	1994	103	38	9
4c1a9b28-7631-4c8d-9870-8b77ea1ba4ce	253	1994	103	38	,
b998a476-6a91-4600-bc2c-77fc5b051970	748	1312	96	32	Adam
86594fd7-976f-41a4-9860-1adff03c34e3	848	1312	72	32	and
b97de98b-466a-4342-80b9-9ffa9029d217	924	1312	84	32	Eve
f9179b3e-8c88-4e3d-ab81-22133625f6e9	924	1312	84	32	,
0bb9af7a-4b5d-4543-9fec-850c4bda4c91	1012	1312	104	32	plates
fb60c794-2749-42a2-a32b-8eadd20896b4	1120	1312	44	32	of
f6ca9af7-d132-4092-a6e2-76556827fb87	1168	1312	96	32	brass
2f7ae327-b1ca-4f72-ae96-90b3284fa0b9	1268	1312	117	32	contain
edaa9897-745f-4773-91d2-e9f67578a126	745	1341	198	66	Admonition
cc026a10-ac46-4bd3-ad47-c128fb24a1bb	745	1341	198	66	,
a648481d-9235-4462-85b4-1a9534cba843	951	1341	25	66	of
2915fb31-650f-4335-ace8-073593879f42	984	1341	58	66	one
1b833f98-654f-4f10-bf4e-89a478e322cd	1050	1341	17	66	i
baa1ab04-be05-45c9-9727-3ce2a596ce5b	1075	1341	66	66	tha
d55913a6-b621-4b22-9d16-732d976fa518	1075	1341	66	66	,
b850e2a8-2ab6-4e65-b377-8d6fcd321849	1149	1341	8	66	5
7d1bc368-8899-4834-af61-07aac4887a76	1166	1341	83	66	13
90df076b-62f8-49d3-af32-9ca13d938c8c	1166	1341	83	66	,
7d5587ed-8d53-43e8-bbe6-ef34cc9d9644	1256	1341	91	66	123.1
0e29b09d-71b3-4cd6-8a46-ad1908f70e3e	1257	1341	91	66	.
9812ca2d-e643-432a-b7eb-475b63943263	745	1394	184	98	Advers
a7263009-7ce1-429b-bccb-a7ec126a4a53	745	1394	184	98	,
cc938957-aaa8-4e74-8e14-cbde553c07be	941	1394	49	98	In
9fad776e-504c-4441-a48d-85a37ee9c013	941	1394	49	98	:
a269ecf8-7e84-4d21-8040-b4528778e582	1002	1394	49	98	23
ef5db8d1-dca0-4997-9fbd-d2975f97f83f	1002	1394	49	98	,
0c225ce4-2b90-49ac-af6c-f8b89d838a4d	1064	1394	49	98	20
e62f9c14-7bea-40e4-a4a8-71dab3d29d63	1125	1394	270	98	38543321
b4b01bf2-15d5-452b-8f00-81e86c417b36	1125	1394	270	98	.
7e96c3f7-210f-4f4a-8f82-1f63320d6eff	744	1483	171	34	Advocate
76890f0d-8713-4276-91d0-771bb1cd0d21	744	1483	171	34	,
cc127b43-1da2-4642-b0cf-979ef3fa6ff7	745	1514	129	41	Affixed
b35c30c9-4a13-4c99-9d30-84996694609f	745	1514	129	41	,
bafb0440-666a-4996-adba-6c8a06af0726	878	1514	205	41	punishment
da62f791-54bf-405d-bdd5-10f4c9976638	1088	1514	77	41	and
906de8d2-9332-4805-b4e9-1ba165ab6ebf	1170	1514	149	41	blessing
2c408594-bb4b-4cfb-a294-436f9d82f476	1324	1514	67	41	are
b1f098fe-2468-4c46-920d-1230b9f05845	1324	1514	67	41	,
52b4f256-3b5d-4def-b363-cd39e50a5f08	770	1546	98	35	53
82ee9b5a-ec95-4331-8499-0e8212b872d6	770	1546	98	35	-
ce80eed9-9a8f-485c-a293-94b33ac401aa	770	1546	98	35	10
810b627a-1ab0-495d-949d-2496e15fd9c8	770	1546	98	35	,
9c2b9e75-5411-4a5a-8910-9568dbc2ee23	867	1546	123	33	299
1bbfe436-f999-4671-90a3-bb6f2aeea7ce	867	1546	123	33	-
d49e8dac-c6e0-47e0-b04a-01e8f5314865	867	1546	123	33	16
bef6f9cd-6f7e-40d2-8374-ae592dcd6278	867	1546	123	33	.
e446fc1a-8421-43f6-9315-49bebed251e0	937	1577	132	32	diverse
5f001399-6bab-4188-8c7d-00046ca057a1	1073	1577	113	32	effects
e655eae4-4eaf-4fcb-bfbf-61c25b368a6f	747	1577	215	61	consecrated
531bf753-ddf4-4442-b180-f23d98330f97	968	1581	51	58	Ver
82abc7d6-ddb3-4157-abb4-5ee3eb1bbb83	1025	1581	158	60	blessing
bb2c27ef-c865-475c-9cbd-0cadd12246a3	1025	1581	158	60	,
427ea88a-699d-4148-81c7-c174be5f3aa7	1189	1584	77	58	52
d0be5513-b2c7-415f-aba0-42f7fe99e84e	1189	1584	77	58	-
cc655f5e-7629-4e79-8b1e-3484716cc6e3	1189	1584	77	58	2
0b65c477-2bcd-4402-8d87-61782ccb163f	1189	1584	77	58	.
b3664e0e-f588-4980-8e67-02537f8d9df8	1202	1581	66	32	of
c97f1c32-3270-4b26-bba9-96d45330adfd	1202	1581	66	32	,
7b959ff3-d384-4d34-8b9a-ad5d14acd9cf	1272	1581	116	32	357
260da78a-7a23-4ef8-8b5e-08dba06996fb	1272	1581	116	32	-
865cbeea-fcd9-43da-8dcb-0a4fc245da86	1272	1581	116	32	41
5b15eb2f-b994-47eb-a69a-61b2ded437e9	1272	1581	116	32	;
0d001d5c-74a8-4875-8bd2-9c420f924323	748	1634	109	67	Agony
54ebd485-cc5c-4995-972e-b78b785d1af8	748	1634	109	67	,
b5ea4bb5-1696-42c5-9449-ab38d3b6063f	865	1634	50	67	bat
66a4431a-9ca7-412a-9d69-59b2221c1864	924	1634	84	67	leul
abba1cda-e42d-486d-b06f-6b7ef8e4dcfb	924	1634	84	67	,
8502b816-796a-4a58-889a-2c8f4c8fe4f4	1016	1634	59	67	3nd
ec70d16f-faf2-42e6-ac9d-11aec7513109	1083	1634	34	67	or
182b941b-9083-4c79-a2be-9125503b3bb2	1125	1634	59	67	Lib
00a2a49f-0cc3-41c3-8aa9-2a65a5462a8e	1192	1634	67	67	and
a9e96f60-6bd9-4006-ac41-5667e27a494a	1267	1634	121	67	Corian
544e413e-0592-4f17-b837-401b9c360e48	1267	1634	121	67	-
a4062325-aa03-4c2b-a588-d72ffc736f76	767	1700	96	32	tumr
062e59b1-c563-41ba-865f-a72a2fdc24da	767	1700	96	32	,
4bf9b2e5-5287-4c80-9180-88227289c415	867	1700	118	32	506
a912c0fa-9774-48b6-a31f-147f04e698ba	867	1700	118	32	-
6a010ce8-c942-42ee-8a19-eebcb10c63a1	867	1700	118	32	15
c0fb0db0-1737-4275-ab48-1ee17c2fdb22	867	1700	118	32	.
2f156857-103d-4aa7-aacd-4b28476601b5	748	1732	76	32	Aha
54eeecae-4b01-4ddb-9705-660ad0482443	748	1732	76	32	,
74e8b9e5-dbbb-468b-bac0-f4a653a57e65	828	1732	60	32	son
08a5ab2f-31f9-4e9f-af02-a62993f2fa42	892	1732	40	32	of
6f46c44d-3550-44ca-b4d8-80ec0ef40685	936	1732	116	32	Zoram
2055b0d9-802f-4178-9485-f0637aa2de2b	936	1732	116	32	,
66595502-ea97-4f6d-aa4f-f9f2c86d4f7f	1056	1732	99	32	235
ba0ae0ff-f968-4433-9721-b5cc0312ab48	1056	1732	99	32	-
247bb6db-685a-40b2-b372-59267fa07f62	1056	1732	99	32	5
ae41c512-3a8c-41ec-ba69-3ec56702d715	1056	1732	99	32	.
db74740d-4dad-4172-b5f5-02a8ca19f538	744	1760	95	41	Ahah
1a3fef0c-c932-4dd2-b281-319f73dfcfa0	744	1760	95	41	,
386b4268-23c5-4ac5-b488-8ec085252619	844	1760	135	40	Jaredite
a137f783-f7f7-43d1-9826-3f9be4db03a9	984	1760	85	40	king
ca404bcc-f35e-4638-b912-92a12deb3908	984	1760	85	40	,
e8ddc127-082e-4c77-bd1b-00d00eafcbb8	1074	1760	60	40	son
11a1a8c9-c85d-47c0-af7d-f5e5dc014cee	1139	1760	40	40	of
4eb4ac47-3965-44b7-9ac1-b66a47e3acae	1184	1760	85	40	Seth
d41a997e-5b87-4933-93ac-a6ef77618c18	1184	1760	85	40	,
70e89226-e39e-4830-b737-8efd24150d7c	1274	1760	114	41	479
3c348e43-81d3-4674-baf8-c9bfb856a59c	1274	1760	114	41	-
9a9de6db-3ef2-4550-a076-591fbc1ae0ee	1274	1760	114	41	10
d9e7e4b7-5e51-4af4-9ee7-a0a12ea3cabe	1274	1760	114	41	,
37ad8851-3529-40b0-a46e-135397aa28a4	767	1792	117	32	499
5674b017-3f61-4823-ad2e-48438bffd3d4	767	1792	117	32	-
53795ad8-0e8b-4305-8dc4-7c95c672b7d6	767	1792	117	32	10
182242ed-e006-42b7-b142-ec1c3b64b17c	767	1792	117	32	.
db2e33ee-0d8b-4035-bc3c-9c11f470c03e	748	1821	68	60	Akis
1c46911c-3a0d-4a41-afd5-7c07b705497c	823	1821	90	60	Jason
50469340-8040-4af3-92f2-89fb1306228c	920	1821	112	60	dances
6a32313d-d6d2-4eea-8a8e-a5c69c068792	1040	1821	112	60	botore
15c3607c-8b09-4c97-8a52-92daa5780748	1040	1821	112	60	,
0b05a424-392e-4f84-980b-4742f4956ca0	1160	1821	120	60	492
8ad31cec-8ad8-441e-8156-c7a3cdb26202	1160	1821	120	60	-
0d10bf52-fa94-4678-9058-7784d5353be1	1160	1821	120	60	1
0ea5bf9f-d8ad-479e-971e-79c03cb1610a	1160	1821	120	60	,
f6779479-4267-4cb0-91ab-1be7d53e6909	1288	1821	100	60	oaths
bef9fbdc-4175-4aa7-9c06-773018a6bc11	1161	1849	128	32	492
298996c1-c745-4179-8135-ea238e152ca0	1161	1849	128	32	-
111c141d-26e9-49fa-94cb-b19af4d1b37f	1161	1849	128	32	11
f30a6936-ced4-4dbb-a3c7-d316e07b43d2	1161	1849	128	32	;
5a070eac-0e9a-429c-bddc-1075e82681c2	1293	1849	92	32	oaths
45d613be-4c68-4c2d-adb7-69be8fda9c7b	770	1878	215	32	administered
f6f94f68-d339-4a34-9821-ce5328e397f4	770	1906	145	36	kingdom
3eef1121-74ea-40cd-9f78-a0268800eea7	978	1877	135	60	Somer
471c7c5d-35bc-4308-9d37-4316a4e7ba43	978	1877	135	60	,
62d33daf-a9a3-45cc-adb1-c90dc55ceac1	1120	1877	119	60	493.1
a6bea8e0-e94c-4731-8174-65d988cb15c2	1120	1877	119	60	;
78fd2235-5a2c-4c6c-b09d-5d9d5adc1af0	1202	1878	183	32	overthrows
818221fb-d072-4146-bbeb-4da9b4b89e2f	1246	1903	139	32	marries
fee9505c-392f-4f50-91d2-6334dd69e2f6	773	1991	81	38	wars
0bac3f13-8fa8-4e08-b569-d2992d5c9676	859	1991	86	38	with
34621b48-dbee-4082-a842-99a57f49139b	949	1991	86	38	sons
45998d85-ebc1-468a-a14e-0b08244e7147	949	1991	86	38	,
1460a531-40da-479c-91b4-c44458d7a434	1039	1991	119	38	494
a8a78f4e-6695-454a-bc1b-1a9521326efd	1039	1991	119	38	-
ccb3201f-42e7-4d72-be97-21b792d9ac8b	1039	1991	119	38	12
8967a2b6-cd1e-4c76-a68b-4eb24392cde3	1039	1991	119	38	.
