ID	X	Y	Width	Height	Text
bfb0efe1-cfba-4d9a-a49b-d73063800e1d	104	129	69	32	538
ad2a7a84-195f-4756-b7d1-a59c639c2412	136	243	35	28	•
28ec8acb-0582-4847-b7c2-e457a377a91c	174	243	175	28	farahemla
f0f2896c-21ea-43cd-be49-7162d2604487	353	243	84	28	with
3a77b662-25cb-4eaa-9bbd-25ef133bef3e	440	243	63	28	bis
8f24e182-54b6-4030-9ece-4e40de6fa01e	507	243	154	28	brethren
adbd2710-f58d-461b-8996-0a1e5796e80c	507	243	154	28	,
0f4e4021-21f0-4afa-9c57-8148a84669af	664	243	67	28	265
ef0a598b-88ae-4f20-b448-1e75c243d232	664	243	67	28	-
09e8a196-8db7-4cc3-8f22-a4f2217a7b40	139	271	42	28	:;
ce58a8fb-127c-4555-920d-7c354c109f95	184	272	105	28	meets
415310d8-5965-4875-b93f-db703e9d3c75	293	272	91	28	Alma
6a241d33-045e-479a-915e-4da7be7246eb	293	272	91	28	.
e2c0039d-ee67-4288-b739-144e38272640	387	272	115	28	2o3
eb67fe5b-0a3b-460b-9bb5-7b5151d4e54f	387	272	115	28	-
415497ca-b009-4504-8e0f-4c39930bb06e	387	272	115	28	10
deb8e024-facb-43fa-b65b-4c1ccbc68ae0	387	272	115	28	;
60da720e-b163-4781-96eb-325df5b05886	506	272	154	28	overcome
01260815-c66a-42b9-b469-fa79566b9058	664	271	74	28	with
3acc26c0-7a8f-4419-a703-bdf7a7d2e577	186	297	126	63	it
dedeb093-0829-41a0-befb-cf6172400a9d	320	297	110	63	dare
ecb3e2e5-e311-4e03-ac43-c16c79de1048	438	297	79	63	neth
ff67597f-cd4f-460c-b484-10da518506f8	525	297	94	63	oma
0185a212-a5a9-4d69-b468-29dc62f9d884	525	297	94	63	,
1273dcb4-7813-48b6-b44c-e3dfef4d142f	627	297	111	63	29020
9257be76-9361-4633-9100-16824a28acd2	627	297	111	63	;
63cde47f-3f9e-4426-ba1b-36270295cf9a	621	324	114	33	270
108fbf6c-3e64-4f7b-9919-6ffa022cbf15	621	324	114	33	-
da666b49-c1df-43a4-8fae-5f1e4f4a7ae9	621	324	114	33	20
9c14cc3b-6bc5-4c74-954d-597319bb89a8	621	324	114	33	;
6a4fcdbe-0d5b-4a68-a1cb-39270ce926ec	271	360	168	28	Korihor
b028100b-ed39-4c67-84d4-cc245c1819be	271	360	168	28	,
4894096d-6f56-41e8-ba84-6f50e3d28c68	442	360	119	28	270
34ad7f85-44e9-4aa8-93b7-140ea1b90f01	442	360	119	28	-
b5a2bf23-6cd7-431e-9332-16205d7a1e0b	442	360	119	28	21
9c0853cb-1643-4723-a4c1-b796165ad508	442	360	119	28	.
5cd89345-f82e-487d-8676-53e5cff60561	590	356	75	25	See
6cf84a79-54ad-4577-87a6-306d1f6ce01d	668	357	67	25	also
397ef94c-41b0-453f-8be2-03ea6ee92792	132	388	123	29	Mosiah
6b3a31c7-bcb0-42c0-8755-589a34f57433	132	388	123	29	,
aeb08097-4e0c-4e8b-a4dc-2f4d0baf7591	259	388	76	29	sons
064bb48b-802c-42dd-a983-78a4263b6981	339	388	49	29	of
2c86055b-6153-4daf-8aa3-7e4e5c9cfb5a	339	388	49	29	.
738c89fd-e52e-49ad-b9a4-7d795afc6e73	107	417	137	38	Ammon
b154ff07-8ca1-4be5-8835-b0b03fc45170	107	417	137	38	,
d576ece4-533a-44cc-9ab7-1aca36c71c9e	250	417	114	38	people
55d2c81a-4e94-4403-8d17-a8aefa48bc1d	368	417	52	38	of
316074eb-b030-457a-abbb-6d173f129100	368	417	52	38	,
a908cbc8-76d8-4aee-9f68-ce24bfee8c13	425	417	114	38	called
4882569a-a327-4fec-85e6-a10b2cf36df7	544	417	191	38	Anti
9eaeee60-b6b4-47b2-9416-effd2922eef2	544	417	191	38	-
8a1e482c-2911-4a7d-9b7b-3a6603a1f83f	544	417	191	38	Nephi
0bf7a0b4-4f33-4368-a752-50a2be1bde61	544	417	191	38	-
a7c2032d-187f-4430-a1ba-85fb29212a5f	315	448	50	29	17
79ea81c7-1b60-4456-84f6-733084851422	315	448	50	29	;
3e865d51-37b0-44f6-b599-e5ce0c6efe2e	369	448	102	29	called
6944dcae-c072-4d76-8659-c1102abd0d0e	475	448	189	29	Ammonites
e87aabc9-f88f-488d-9477-3e3968f7f205	475	448	189	29	,
f2f8824e-850b-4306-8d6e-18654a36978e	667	448	68	29	341
c80b07e6-baa9-43b2-8af4-f998cf1c2847	667	448	68	29	-
9e34f6f9-06c2-434e-947b-29699e7d6bc2	132	476	360	60	idiot
91b4851f-89ee-473c-9a56-eec0704f3951	499	477	97	60	route
13bce9bd-3792-4fd3-a0ef-64539d2fbf1f	604	477	37	60	to
4ee90d43-1e82-4307-a3b3-c6f9de9320e9	649	476	89	60	right
a5041a10-acd5-4e74-a26f-39e956f14d13	649	476	89	60	,
c9e59b1d-072d-4f24-8643-8687e22d96e9	139	508	46	26	Is
dc888053-6ec6-482a-bc96-1ef940a6b6f5	139	508	46	26	:
a2fa2048-2e53-4572-93f5-332cc67ccb8b	188	508	75	26	king
664d4c3b-083a-43c7-a065-8d1064483f62	266	508	45	26	of
43d1c885-0b73-43ef-9b44-1d9f34172fd5	266	508	45	26	.
ba02a919-4213-4bea-8bbb-732a2e3f60d5	314	508	77	26	dies
67ddea89-a8fb-42de-af86-e1e2092fbef8	314	508	77	26	,
808eb170-b1d8-44c8-aaea-dcd2a4072446	132	540	81	25	tury
6fc45b4d-2748-4228-8b1d-f07170ce8d22	216	540	131	25	weapons
8f7d5598-d5b3-46d2-b550-10c4e343be5d	360	533	119	28	257
ab1da4a7-2a11-4feb-848a-aefb586fcef7	360	533	119	28	-
ab1a3eeb-86e2-427a-9853-70e639a4b025	360	533	119	28	12
980fe1fb-a350-4061-8a10-4d532d16a1e9	360	533	119	28	,
b3ac36c9-70c0-4c41-95d5-945c2ea9a57d	482	534	126	28	258
6fd2d9be-5de2-46fb-8dd3-6de995506d1c	482	534	126	28	-
91e7c7c2-efca-4da6-bef6-65a605cadb52	482	534	126	28	16
2310b0e8-7268-49b5-90eb-205356d6ea50	482	534	126	28	;
bc244702-1264-40f2-a3ef-11ede257928e	612	533	123	28	Laman
ed06d863-6588-45bf-9757-8dcfe8dff61e	612	533	123	28	-
02347bfb-f5be-4b04-921d-bf6971e0a1fc	132	565	62	25	ites
51e05ed2-7222-4c5e-9082-2fa0a5cb51a1	198	565	118	25	attack
edefb24d-b138-48f6-baf2-6ca8dee87a34	198	565	118	25	,
49ba3e85-cbdb-47d9-92a9-2d60d4c88542	328	562	119	28	258.20
6fd42b6b-6945-49fa-a7c5-e4dbd2b51e15	328	562	119	28	;
ff02fae7-4804-4969-b5c6-258783cb4baf	450	562	161	28	passively
77730fb0-71df-476b-9d07-a8d025528053	615	562	123	28	submit
40156f88-cd5f-45a9-869d-5c806e2a961f	615	562	123	28	.
21a812c1-4b6e-4461-9a69-de7bf4f66249	483	590	120	29	264
771c6b33-57b1-44fa-8d88-4432a9fba6bc	483	590	120	29	-
06ea78f6-c7f3-455b-b728-2faeaa655954	483	590	120	29	3
dc2e8154-bafc-4bce-948f-023f755bb601	483	590	120	29	;
54dc3ca6-f50a-4833-898c-9c666fab63a2	606	590	129	29	enemies
6a7c85c8-1bb7-494f-ab77-09d3a923e4c3	129	590	120	60	otto
32104145-331f-404d-a7d5-1d684fa2a45d	256	590	45	60	do
b5a659e7-b715-48dd-84b8-b02263b61410	309	590	60	60	the
505eb423-f7c9-4806-9b15-f46cd61fc849	376	590	165	60	302
45c5754a-4c60-4f65-8a5f-479bc8800641	549	590	52	60	by
67308c27-654c-442d-a218-e36e45fa88a6	609	590	126	60	Camies
0d64cb94-427b-4fd0-8b11-da1ca5a9a1f9	205	647	116	32	250
583b86b7-4b03-4cc0-9cad-1bef952f37a8	205	647	116	32	-
9330e6d5-773d-4115-b1c8-783c4a04b371	205	647	116	32	26
0f9ae2aa-e062-4f2f-b0b9-3e067c7062fc	205	647	116	32	.
fd61790c-e9e1-4359-842d-5348d669d36d	325	647	124	32	355
f7c05b5e-7614-4bbf-b609-b511d4708843	325	647	124	32	-
9fa08133-6466-4baa-bfbb-06f0f7efa753	325	647	124	32	27
9f08cc48-bb0b-411f-8eb7-fec8980f7871	325	647	124	32	;
03674ea0-f37e-4b49-958a-22be2da18940	453	647	88	32	slain
acabb36e-a949-425f-a2de-36b98e919f07	545	647	52	32	by
a58ea248-1bf6-4e7a-857e-a006ab47ea26	601	647	134	32	Amalek
4de95766-cf82-49bd-ad1e-eea67ead49fb	601	647	134	32	-
48612cef-6e71-4093-90f2-50ff15d2ef1c	132	675	84	28	ites
2f41f8dd-d973-4afc-adf3-ba8589612372	132	675	84	28	.
f01bab04-47ed-4c37-8c5e-3325a131de21	219	675	115	28	259.28
21b35d15-0906-4875-8a24-bd438aea75d5	219	675	115	28	.
ac02635e-248c-465b-b5d4-1c09677317b8	341	672	124	32	264
8a709dd3-59b5-4784-bbbd-0f5b997dc9a9	341	672	124	32	-
2db9cc1a-db8a-4835-b836-6392950dbc11	341	672	124	32	2
5035d4f4-74aa-450c-be30-7131bb62a327	341	672	124	32	;
45db68b7-1d5e-45a1-9f60-4a492a380a15	469	672	144	32	observe
8cee5b59-fbb9-444d-b899-ca944d6b93f2	617	672	76	32	law
cdab8812-b3a8-4935-acca-b2a8eade02cb	697	672	41	32	of
55ab220b-3cdb-4fd4-a54a-d07c05fc5360	129	701	114	38	Moses
625326e7-889a-4682-bef7-24067472d48f	129	701	114	38	,
69a075a8-1606-4654-aae7-05c719b319ca	248	701	114	38	260
1d6f3b1a-e86b-4c38-82df-acb58541b2d4	248	701	114	38	-
da012c6e-a81a-481a-9d57-765eb1a8542a	248	701	114	38	15
24a68562-e31f-4f60-8e98-59cdc827f4be	248	701	114	38	,
4010123d-6a28-4206-a942-6cca3141bec5	367	701	109	38	260
3d7644c9-6612-4830-b76c-0ced3ec6e575	367	701	109	38	-
98702810-93c6-417b-ae7d-fb27a72629d1	367	701	109	38	3
6d462a8f-fcf9-4eeb-ab74-4a9da03a5d31	367	701	109	38	;
4a581926-2abf-4e39-be44-2a0088e42ca8	481	701	76	38	look
612abf9b-8f0f-43d5-8c3b-ad583fb04c2b	561	701	133	38	forward
b66872b9-6478-46e1-acca-e1e0776713c6	699	701	36	38	to
c6a21ccc-05f9-405d-a03a-0efc206023c7	243	732	123	29	260
c95ff8d6-4fb9-4d3e-be2f-4755a3151765	243	732	123	29	-
503113d2-ec57-4a38-a5bd-b55ffa85d68e	243	732	123	29	16
54699427-c094-4d24-aa84-c430c6a70833	243	732	123	29	:
141c02b4-d109-4ab7-9dfd-656563af417c	370	732	87	29	offer
f2539ee8-d7e5-43f5-b2b9-4804c8e91263	461	732	44	29	to
a9a2117b-54c1-4bb2-a7ef-db4854a6ce56	508	732	123	29	become
a2967eee-7c23-4db7-9774-673376c0a09b	635	732	101	29	slaves
7fae1351-f643-440b-b0f5-0373b307b9c8	126	760	49	28	to
c9745152-0ef5-4af5-b5fa-798a973c9735	178	760	143	28	Nephites
44a11832-4c2d-47a0-96bc-c08e52ef13ef	178	760	143	28	,
5269c04b-bb3e-4da0-9567-cdb69b338ae0	338	760	104	25	204.8
dfe018a8-4728-4f61-a956-8b486ff400b9	338	760	104	25	;
796d0324-c8c6-4eec-9cac-87f6e5a70eb4	444	760	161	25	proclamat
1e5de98c-8ed3-4d26-8fe9-60dca249603b	606	764	22	19	10
b5437fc5-78b9-4197-8af6-3a1ca1a7d302	129	786	128	32	cering
d400606a-56d5-43ae-bb28-9d5dcf2cedd8	129	786	128	32	.
4a7bc914-a4e9-4026-8a5f-f4468b36e703	261	786	120	32	265
154ea7f2-0fad-4ffe-af99-8d821b0702b4	261	786	120	32	-
5980cbba-8458-4f73-a158-952dd70e075d	261	786	120	32	21
19e1a0d3-47f5-4242-8630-71330ce8ce74	261	786	120	32	;
7193de42-f4ac-4ad3-b5db-32f4aebe7f60	385	786	92	32	given
97205189-4c82-473f-9f0b-ab19b5422062	481	786	72	32	land
327a736e-9fd4-417e-a08d-ae48ec6456ad	557	786	40	32	of
af8a4c97-6416-4f63-b52c-268350cf5fc9	601	786	134	32	Jershon
585bd1ae-9d53-4551-91d0-47e8cfc6be07	601	786	134	32	,
9efe991f-d85d-43bd-b1f7-5905f2360661	129	817	115	25	265
49aa7c2a-caab-42c6-8b9c-b08f460a9033	129	817	115	25	-
4fe60ae0-7017-427b-8bcf-66bf05acfff3	129	817	115	25	22
57befcca-d06c-4d82-bbdb-ad97454567ad	129	817	115	25	:
f72cd87b-3fc3-4654-a5b4-767128504b78	248	818	156	25	protoeted
d9adf601-b3d6-4bac-96ac-6dac1aa2e2da	407	818	50	25	by
075b1983-0a5b-4387-bd15-ea5e7cab392b	460	817	152	25	Nephites
b53be2bf-ddff-4189-84ba-8148ff5d6aef	460	817	152	25	,
979c1d8b-4967-412e-bea4-c53c828af321	615	814	120	32	265
fe3e5c2c-0cdd-47b1-b4c0-3abcb9e17c1c	615	814	120	32	-
2ec1f2cc-41ab-4f71-86dc-38ca874d105b	615	814	120	32	23
c83cad7a-ed6d-4c72-b00a-43e57de0c2d0	615	814	120	32	;
8f497a4b-3085-4b63-9dee-d4593914467f	129	846	156	25	numbered
f8cce8b0-a773-4ded-87ed-cac7baacfecd	288	846	78	25	with
9672b735-0e14-4394-8856-4fba3593f084	370	846	126	25	church
4e5da6f3-1d12-44ad-a774-8464d1b8fba8	370	846	126	25	.
746a552a-430c-4de7-9914-d769ddec008f	287	869	88	28	from
1577993c-51d5-4247-91a8-2fc6bd44fed5	378	871	171	29	Zoramites
8e61d334-82ef-44f2-927c-3090e48c1320	378	871	171	29	.
c3e68e1d-5061-4a53-bf32-13c28ba31bc9	132	903	87	30	move
1aa69dd1-091d-4cca-9032-7ab5fb46a507	223	903	47	29	to
b4d0b38c-fa1c-4147-9b50-201530668dac	274	902	113	30	Aelek
43db57e9-658f-465b-aa6c-c6b66fc7aba9	274	902	113	30	,
84e8684e-98c7-46fa-ae4e-cb0c5dce84ba	390	900	124	30	285
9498242d-d205-4eef-8991-70c1662c062d	390	900	124	30	-
86e177ee-4286-4c2b-ba2e-3cd817deee2d	390	900	124	30	13
76db150e-e702-4961-ae10-82a321feae0c	390	900	124	30	;
5735e6f6-0ed8-4308-980b-b5ea66c6b85a	517	899	98	30	hated
303dd248-c978-4521-9458-9c81868d9295	618	899	48	30	by
b95afb1b-9cc1-4f20-8353-dc161551b354	129	930	133	30	manites
de37be16-f89a-4fde-b60a-f126ce3df6e1	129	930	133	30	,
4f4d936c-23bf-4bdb-9212-e47b3d80b3bd	266	929	119	29	301
7f0189fa-a678-4b25-8c0f-c0d784212ad5	266	929	119	29	-
3b38c4d2-33de-4737-981a-477c2d359e38	266	929	119	29	11
551dae03-314a-4b72-b6bb-b77f73de8548	266	929	119	29	;
42801bd0-4f71-424b-ac17-634d5b9d376d	388	928	140	29	succored
7c9bd16d-1ea0-4f44-bb76-a90f2996431d	532	928	53	28	by
2ebefec2-86f0-412a-896f-cbf782e3b83c	588	927	144	30	Nephites
e8d73075-451d-4438-9dc3-3426abaa213b	588	927	144	29	,
b64a7ffe-20a5-480d-a97a-bceec9aa9cf4	132	956	115	28	301
5c666d01-d4ae-4e8e-acb1-7cd5ede74600	132	956	115	28	-
731a56f7-1d5c-40a8-9267-e4e71a18d6ed	132	956	115	28	12
22bd08be-668c-471d-8558-9789cae2f198	132	956	115	28	;
3092ee9c-b116-401d-9ee1-30bc3978fd6e	251	957	133	28	support
5171605e-a22d-4cfd-a8a0-707b7e39a79a	387	957	105	28	army
60c5d6cf-1748-4a58-a53e-6c5ba0e736d7	387	957	105	28	.
bc811d06-1fc8-471c-b240-12fee2b948c8	496	957	119	28	301
860523b4-b308-4bad-91eb-062e33463a33	496	957	119	28	-
d489af36-dcb1-4fd6-8d00-e1b586816d78	496	957	119	28	13
7e4ec38b-f42f-423b-9fb8-a2e545feecd5	496	957	119	28	,
e70fc3bd-b240-4f04-aca1-094af0bb2d97	618	956	113	28	339
af600c36-2ba1-413a-92ab-d1eaeb579e27	618	956	113	28	-
6499953b-8f96-4f87-a608-5410d7426607	618	956	113	28	27
0f03a61b-5cc7-46f2-9d0c-296e01407343	618	956	113	28	;
0c3cca10-375f-4589-a937-4da688ba60c4	129	988	90	22	about
24383995-7e5b-401c-b3e1-ed879761c4d2	222	988	44	22	to
a3944794-472c-4674-8c75-9eab7634a2ec	269	988	96	22	hreak
290abe29-9ed6-4a05-b361-f29824258661	368	988	88	22	their
58cd6489-fc51-4f18-be41-d886734c02af	459	988	153	22	covenant
d1aa6d10-1cd6-45e9-b10b-15aeb3ff409c	459	988	153	22	.
74cdeeaa-4c01-44d6-8752-084ebe445d6e	129	1016	72	25	sons
8943a9e2-7693-4830-8403-1f7f762af92b	204	1017	44	25	of
b9477755-ca31-4b76-8ded-63392fa6dae5	204	1017	44	25	,
f38c529a-bb30-4205-bf3d-fe3cf46e4f00	251	1017	125	25	prepare
e104485b-ddd7-4a16-8813-71dbb8714014	379	1017	50	25	for
173f8bb5-d64f-411f-807d-ed65aa53198f	432	1017	106	25	battle
bf163661-7776-4ea7-b2db-e83a479c667e	432	1017	106	25	,
e1429045-1ed8-4fa2-ab58-b610f3a3df6d	542	1017	119	25	382
baaa3abf-b668-4d5f-a6b0-3be1b4fb5e29	542	1017	119	25	-
441f1cf9-95ca-48a5-ab76-9544fb0984c3	542	1017	119	25	16
841798b4-af49-4b57-b16d-f4706f39054f	542	1017	119	25	;
3886e919-750b-4f21-b5f2-79fa426347d0	663	1016	65	25	son
4a8697bf-562f-49e6-8de0-115e5cc095e3	663	1016	65	25	:
187c00e6-fa34-471a-900f-9096f49e05a3	132	1041	42	29	of
495a9e3c-c6c1-473d-9d92-1847a717d4bb	132	1041	42	28	.
c6cb37ba-6f02-4e74-b3e8-126c84822a64	178	1041	109	29	chonse
a9ec0a8e-e36a-459e-adc2-6ea1acb48429	306	1041	142	22	Melaman
a8dec24d-8ac6-45f9-b0a0-528dfedab8fa	451	1041	93	22	their
644a9bf3-c2de-4ecf-b1be-6bcbdb662392	547	1041	109	22	leader
e6552ad5-3926-4311-83c2-da556dba0ca3	547	1041	109	22	.
dcbad46a-5c47-4de6-965d-f9add49726dc	132	1073	52	26	19
62347a86-d9d4-4fe6-8423-f307f283e714	132	1073	52	26	;
ba5955b7-db20-44b5-81ad-191c01a78c53	187	1073	81	26	sons
a154fed5-7628-4866-ad66-e2c6d37fc496	272	1073	49	26	of
031ff46a-e86d-48c7-b006-83bb535ed3db	272	1073	49	26	,
7d4adf4b-9de8-4ef8-a338-a481ca944a4b	324	1073	102	26	defeat
1e85a1a6-7f61-4623-8fe2-7eaa8ed48209	435	1070	181	25	Lamanites
c6d17f08-8baa-4b97-85db-564b45cb439a	435	1070	181	25	,
9d0f91b3-26b8-42b5-9586-aac77e944a49	619	1070	113	25	341
4b2db5e8-5301-4a5a-a038-6716f6b69ea0	619	1070	113	25	-
1f1aae6a-e6fa-49b4-93d3-ed343dfa35be	619	1070	113	25	54
d0ff6e43-8f09-439f-aab4-481a18d6b038	619	1070	113	25	;
bc171137-24d1-4834-9137-ecfda53f6aba	132	1100	75	26	sons
380db3c4-3e71-4e09-9650-86d1e13fe586	211	1100	53	25	of
5cb5bff8-b6e6-4510-b407-878b8b326b58	211	1100	53	25	.
1ae858ee-2f69-40dd-be49-d5aaf48e53df	267	1100	213	26	miraculously
60e528dd-f28a-49f4-9865-94aed54b5036	482	1102	172	26	preserved
7ca03f9a-3a66-4c18-9935-32f359883cb6	657	1103	71	26	from
fd4030e7-35e7-4c5e-afcf-d9fe4e828155	132	1126	100	32	death
073fe573-b8ac-4c7a-a6e4-44530965f9f8	132	1126	100	32	.
f3315ab5-b74b-4795-bfd4-8ab3acad56f5	236	1126	128	32	341
06cdda7e-bb11-48de-bdbb-e907416dc870	236	1126	128	32	-
11196ee9-1964-4b0f-bd72-6e2997bfcd1b	236	1126	128	32	56
c1c68a5b-d668-41f7-9c42-57e6a43c9d25	236	1126	128	32	;
568a73a6-5851-4936-a3fd-307ebbc78162	368	1126	52	32	go
3b676cb4-2451-4514-9c5f-697018a5037c	424	1126	44	32	to
493e5bef-148a-48f5-a747-53c6a2671b8d	472	1126	80	32	land
c4210371-789e-426f-a291-bfa4526d6129	556	1126	179	32	northward
c7593e6b-8ef3-4f6d-b4b7-39b734dba65f	556	1126	179	32	,
26dd3791-e263-4ef1-bfe2-7428fb9febd9	104	1183	186	32	Ammonites
ec7ac6c6-65ee-4ca3-afb4-8e54bf55f16f	104	1183	186	32	,
a5bdbb8b-98be-4823-a6f9-4888dad89cf4	294	1183	58	31	see
71c4ea94-8b3a-4dd0-8131-92f7508280b0	356	1183	136	31	Ammon
547594fd-370c-49a3-8cd4-425ccb989038	356	1183	136	31	,
daae200c-944b-41eb-872b-4a7a696b4fb9	495	1183	109	31	people
cca413dc-fdde-4d71-b625-eb5a94913a8f	608	1183	45	32	of
0387715b-1774-4a70-a080-f3687b363568	608	1183	45	32	.
520e8fe1-f0b2-44bf-9469-2e5c4ad74e74	101	1212	202	32	Ammonihah
18c67491-3244-4ada-bf39-05f95ff94def	101	1212	202	32	,
7444625d-de24-4ea9-832f-0a49170127a6	281	1208	45	60	it
599152b7-0f0d-4e33-ac27-ce7560fb4c2e	281	1208	45	60	.
4455d7be-b1e9-4fb1-bdc4-a057fe18e16f	333	1208	64	60	city
fda4bbd9-bc39-4550-b306-37caa2fe18d9	445	1240	116	25	216
c224a719-3a03-4309-b810-004f6bd9d886	445	1240	116	25	-
08644de4-ef73-4218-8709-fba3903248b2	445	1240	116	25	1
b60bad68-0482-48b1-a38a-328d016da7a9	445	1240	116	25	:
ffb7b8af-a868-4728-bd18-6922d47f7eec	564	1240	97	25	Alma
9e50428b-8f20-44f4-acf8-8597101d230e	664	1240	68	25	cast
94a08d63-a24b-4627-bbc5-473b26d25d69	240	1268	131	29	214
2b7b7a93-2031-40ab-8f63-6aac1c12307e	240	1268	131	29	-
76c40a7a-5619-4c4c-acca-03801efac33d	240	1268	131	29	13
7306adcf-f7fd-47a6-8ff4-d8fa2bb7e765	240	1268	131	29	;
0b94e774-682c-4f07-8368-76fc1cb0528c	374	1268	98	29	Alma
1310e5ba-2c7b-4d6f-9d42-ce30c3a5e2c2	476	1268	127	29	returns
8e130cfe-b21f-4975-a0cd-2ae4ba30ad93	606	1268	54	29	to
d63129a2-db29-417a-bfcb-f432e111ef62	606	1268	54	29	,
382dd42d-72f7-441d-9fb5-5ea70ee39d7d	664	1268	68	29	215
5189bb71-6153-4869-99e8-76be82dc58d8	664	1268	68	29	-
e975f257-0e0d-4d7c-bb81-b45211ae40dd	129	1293	50	29	18
fba39390-9398-4192-b6c3-850fef246498	129	1293	50	29	:
9a97f080-577e-4686-a1bc-ae53f8bf3bcf	183	1293	123	29	Amulek
2a6b5917-203f-47d1-89ff-7354a570b4a0	310	1293	127	29	predicts
29678b7c-0f4e-4316-b189-c74b0f68189d	441	1293	181	29	destruction
cb4b6d41-cd99-4bd5-8878-de47a0394b41	626	1293	36	29	of
e651c816-bf47-45cb-a294-4af05627e7c2	665	1293	66	29	peo
6c46d2b8-c380-42de-a5eb-a2341ec236af	666	1293	66	29	-
f52db5c9-2009-4a3f-8f04-1e39a70f32d5	126	1379	97	32	tyred
118a151f-95e5-4d0e-aa4f-a20b6305d6cb	126	1379	97	32	.
521e97b6-866e-42e6-93ff-09ceccd851fd	227	1379	101	31	231
71f4287d-2515-4305-bc26-23d00aec13a8	227	1379	101	31	-
d7cf926c-207a-4bb5-92ba-e57add200d64	227	1379	101	31	8
3afeeb23-4d61-401c-8d3a-41b69e5b7f4e	227	1379	101	31	;
1087ed87-c62a-4dcc-8b21-64b7f2d8744c	331	1379	116	31	leaders
de343e8f-8f94-4319-853f-c2aa18085e88	452	1379	46	31	of
1434b454-a811-42ee-840e-19d1b0203e21	452	1379	46	31	,
ff0af06f-e1a9-4c48-8a87-cc0e76a265c5	502	1379	74	31	bind
378420b2-67e4-4c12-bfb8-604b96558b78	579	1379	89	31	Alma
c5638c9b-808e-4540-9088-7d429e6a0b44	672	1379	60	32	and
fad89fd8-999c-4299-9864-2d022c8c14bb	132	1463	81	28	Alma
0c1a76df-4073-494c-8eb7-e8a8f3925ff1	217	1463	71	27	and
d639b275-7f6c-4ab4-a2ec-dc413676632f	291	1463	125	27	Amulek
f7e1aaf9-a333-430b-86aa-7fe7f7501b82	419	1463	145	27	banished
01a14a67-d514-4b2e-a56a-c830810140b9	568	1463	91	27	from
aa17c132-abdc-4f69-ba84-9961ddb5d9d5	568	1463	91	27	,
2e11ddc7-9ea2-49a4-8623-e4f786d47594	662	1463	66	28	233
697e29d6-391c-4957-920d-ca50f9474b15	662	1463	66	28	-
6264d0e1-d1bd-4b59-8dff-ce2972fcfc7a	155	1521	13	25	.
d7ed15c7-7781-4811-b8eb-c8c015904242	171	1521	166	25	destroved
350cb485-99bd-49ed-9fba-e030b3b3e828	171	1521	166	25	.
526bbec9-acc1-4d29-b390-8e9fc0fb0651	339	1521	83	25	236.0
d2e5d1cb-caa6-48a2-89f7-319591b0570b	445	1518	89	32	259
8c6b8d51-a5f6-41e0-b54a-4c41e5b81a18	445	1518	89	32	-
731a6c05-c11b-4c4e-9884-d389dcc12153	445	1518	89	32	2
851ae8a9-bbeb-42b3-8a52-6189faa484a6	445	1518	89	32	:
311e14e0-39bc-429f-b49b-bddf1dd7be62	538	1518	97	31	called
732ba1c8-a938-481b-be35-68b4374672a5	639	1518	93	32	Deso
12f02192-48cc-4a5b-b6fb-622fb791561f	639	1518	93	32	-
d2b4aacb-9187-4366-8ada-971a3effa1b1	123	1549	92	32	lation
b87e71ce-3fd4-4aee-b7c0-68ca9861c3e9	219	1549	40	32	of
cd37f14a-2050-4bbe-b4f6-819e5b67f578	263	1549	116	32	Schors
671040a1-e150-41b2-8828-7600e69f95e8	263	1549	116	32	,
55536945-5f22-4f38-9d46-64a0efd7f1ff	383	1549	120	32	236
4800e446-262e-49c2-9a72-4211b5af9cbe	383	1549	120	32	-
d2850c31-d50c-4598-8d1c-51f89b714d2f	383	1549	120	32	11
06cdca2f-454e-49f6-b2e3-89c08d2c550b	383	1549	120	32	;
064b21a3-16c0-40a6-9a1a-7252f2a334db	507	1549	168	32	Lamanites
471388fb-706b-4fcd-977c-52f6acd314a6	679	1549	50	32	ap
5d7a319e-e9b3-4291-aab7-c06da05f7ffa	679	1549	50	32	-
eb32c687-cf63-40b1-a524-1bdc0c8a04f6	126	1577	247	60	Wooded
df672540-d9d6-46fa-a136-46b7e4fd2c70	126	1577	247	60	.
19d8e298-f9ca-433f-83d7-43e1b93ce7af	381	1577	120	60	Jebult
1e97a5f2-1916-4e17-95f7-e6b3e8e7f2aa	508	1577	60	60	by
a12c65b5-78a3-4e3f-abd5-f2d3edb7574a	576	1577	156	60	Nephites
0e6c1805-6af8-4ed8-a5cb-2f84682256a3	576	1577	156	60	,
f1ad76c4-d493-49b7-a339-0094a37a282d	98	1634	256	32	Ammonihahites
e4b9a105-beb4-4a4b-a9fc-d37e78f29db9	98	1634	256	32	,
8e0f8210-f78e-43e0-8d91-57311e04658f	358	1634	96	32	235
602a5d3b-17cf-4980-aeeb-1efc7d622af2	358	1634	96	32	-
9b89aef9-aef6-4267-a125-68f33f85d483	358	1634	96	32	9
3fbdc5e1-59d5-4af4-94b8-e6fc81ca5fbf	358	1634	96	32	.
ae57edce-8146-4fba-88a5-2aed495237b7	98	1660	204	38	Ammonihah
6f352f5b-64d9-4213-bd2b-cf7c19ebbdff	98	1660	204	38	,
54c8564a-0629-4684-8ad3-0500415ee542	306	1660	88	37	land
6f4525db-f0d9-45c6-92c3-abe5694a6498	399	1660	55	37	of
9db24af7-11d4-4df6-bbd3-d524e5c9d089	399	1660	55	37	,
9aef9b1e-925c-4d22-819b-307607a1f101	459	1660	65	37	see
9272a644-18f0-43bc-a304-9428a6c6b0f8	528	1660	204	38	Ammonihah
9b7177d4-531f-4d8b-903a-fde02f23b26a	528	1660	204	38	,
6a0225b0-0dff-4126-9b5a-b8634e52aadd	101	1716	175	35	Ammoron
06e5ef73-ce5a-4390-a5ec-9761427597a0	101	1716	175	35	,
8849d299-a238-47c8-a06d-a666e2051ee3	280	1716	92	35	king
8c0a8240-ed21-4542-bfd4-8d8e34b521d0	377	1716	52	35	of
79bbef23-d2cc-4e4e-b08b-9c6cdd4b0819	434	1716	192	35	Lamanites
f092d8cc-4ada-4fc0-a7ce-3d2592e46411	434	1716	192	35	,
380b7970-f866-4b19-b00c-68f19e7969b1	630	1716	102	35	327
3d62a932-84ea-4f88-8f1d-d3d20e4c1dd9	630	1716	102	35	-
16b2994e-e913-4c43-ae99-d387bcac846c	630	1716	102	35	3
cdf9ca78-dd8c-421e-b729-1ddcd7bfae35	630	1716	102	35	;
5a710774-96ae-43a7-86c2-c0ae7a926807	129	1741	112	34	reports
535e8acb-470d-48a4-a049-6ecb3519b7af	245	1742	52	33	to
74d47a81-42af-481a-8eda-8a20fde77c8f	301	1743	188	35	Lamanitish
354f2f37-c1fd-4aa3-bd75-562a64a309ec	493	1746	116	34	queen
370f8b6d-597c-48dc-b889-3102cd433091	493	1746	116	34	,
34ce5065-65fd-448b-b66f-acc8e9edd707	613	1748	113	34	328
fede72a7-a686-4617-9387-f24f7b4aea08	613	1748	113	34	-
c0dac615-c252-4c95-b706-534a12bb91bd	613	1748	113	34	12
d8b28e13-ee0c-41ba-b34c-23c3e5af63da	613	1748	113	34	;
8480cc99-20b4-46be-a084-4a43eee3ae48	126	1776	119	29	attacks
0fd6d279-2890-4d16-a6f3-e62385703198	249	1776	149	29	Nephites
6d4ca4ed-f4d4-489f-9e33-65f3109d5d6a	402	1776	46	29	by
7615b051-a3d7-43f9-a373-f30b6d6fb944	123	1780	140	57	profuses
b767f652-3ea8-4789-bcf9-cc893bde2477	270	1780	147	56	exclue
d906c419-bdb8-46af-8601-0175d2a86a52	424	1780	35	56	of
ade847cc-d493-484a-8b41-722f8c889cf7	466	1780	70	56	prit
42534b9b-8ecc-4142-b7dc-51be077df3d9	543	1780	84	56	sets
08144c54-422f-4b68-975a-b7767e92744b	543	1780	84	56	,
2891e9f3-0f99-4526-be5d-8c0ede5f1981	634	1780	98	57	333
d21f542f-06ca-43e9-ab9e-7169c0ac85b2	634	1780	98	57	-
3429d43e-0340-41b8-b0ee-0c6352cfd0e8	634	1780	98	57	1
07de42ed-878e-41bf-a013-5521f1300d32	634	1780	98	57	;
579d86b9-477a-4a01-b71d-e7fb4cebba7d	125	1827	103	54	whistle
8456ff89-a9d8-42d6-8e2b-94875618b3c9	234	1829	39	52	of
3465ec5c-39fd-4a40-80cb-168526578bcb	278	1830	122	53	Moroni
89237301-abcd-4a45-b2d1-24e54533ca82	406	1833	52	52	to
f0ace3ea-fe5e-443e-be41-51e7b02e74fb	406	1833	52	52	,
5748992c-6d0b-43d7-acc8-b6856140041f	463	1834	58	52	333
14cfedca-a444-46bc-851e-6523ddd5f07f	527	1835	154	54	tillere
bea35d53-1b96-4029-b54d-8470703932af	686	1838	46	53	ot
39196932-94e7-4447-b755-2f08bbd29188	129	1862	125	25	30p
eb8588a8-81d4-416e-98d4-78bae2f01aae	129	1862	125	25	-
442398bd-9f17-4e6b-bcff-95cf5f468115	129	1862	125	25	15
d101a28d-5bfd-4f13-bddb-838b6d5031cc	129	1862	125	25	;
d190e364-93f9-4745-ae3d-e9a4287fe2d5	257	1862	166	25	abandons
2418fcc7-535a-43d0-a9f9-421f097d6476	426	1862	101	25	attack
3919b321-0c89-439f-8a26-dbebc0e3dfa7	542	1864	66	27	on
390199e5-0f6d-4d2d-9bb4-33660b80f13f	611	1865	64	27	city
9a1b144b-a6f1-4432-99c5-1be0ed10ffbd	126	1887	100	38	Tudea
1e49a191-4572-487c-bef3-6978a268aec1	126	1887	100	38	.
78a7cc63-9363-43f8-8e86-9f7d5e460d53	231	1887	119	38	338
6736935d-91de-4402-b1dc-b6f93c2a5ce3	231	1887	119	38	-
f50aec3e-0998-49ab-b304-f788198d8c32	231	1887	119	38	18
705d0c11-addc-4875-b5e5-86005f7c2c6e	231	1887	119	38	:
b02151a5-b8a9-45d1-b0d1-cb3548d30205	354	1887	43	38	in
d36faa47-8673-4861-98c3-c132ce594b90	402	1887	76	38	land
60dd1a7e-04fc-4022-9c6c-377e15b3da15	482	1887	38	38	of
db478462-6318-423d-b55a-d09b1c498a7b	525	1887	128	38	Moroni
11fcccc7-ee04-4a60-88f7-80d4c05d80a0	525	1887	128	38	,
84abcb25-eb41-45b6-a94f-c201e2da472e	658	1887	71	38	356
2c977457-ceb6-4f48-a582-a58f2ad21d0a	658	1887	71	38	-
fa3555da-1b7f-41d4-82ee-1f6ac38863f0	132	1907	42	34	13
fceec246-fc62-4bfe-b3ff-8ec8f5ab3f85	132	1907	42	34	:
a6df5896-c676-4a0c-98d4-a0654dde83ce	177	1908	87	35	slain
7c3f5059-cc34-4c33-a56f-b88ce754cb3e	268	1910	46	34	by
ccb9fc9d-7818-4b66-853d-a194393c1769	318	1911	157	36	Teamenm
9dac3e64-fa98-4723-849d-6191f0386508	318	1911	157	36	.
39cb6824-f048-4c6d-a2ba-9682974cb68a	478	1914	112	36	356.36
b0bbc6d0-ae74-489d-9d76-4db13f449961	478	1914	112	36	.
f66ac497-bc37-44a5-841d-e7e074ce4196	98	1944	195	38	Amnigaddah
fc034bdf-5470-45ff-92b6-2fd2b3faed0f	98	1944	195	38	,
34365112-4fd7-4626-af08-e432aefff3f9	298	1944	133	38	Jarolite
7c4a707c-0ef0-41c7-9f0c-cc683c4b3a94	435	1944	81	38	king
1b4ef2ea-d372-48be-9e18-55ee2c89ff06	435	1944	81	38	,
4a21386b-9f3c-4846-a79f-60df93177667	521	1944	57	38	son
5a95fb4d-5a4f-44c0-b9d6-d1cba8b27306	583	1944	38	38	of
b153ee62-9a91-4923-895a-ca8a1f0d8df3	625	1944	110	38	Aaron
c0de32dd-3448-4892-82b1-280e3a0ad4d2	625	1944	110	38	,
9323977c-e05e-49a5-a41b-6296fad0d47a	154	1971	27	30	"
02c95226-2876-4e73-aeff-a3813d6599f2	184	1972	57	31	15
37809db0-7a11-483e-a697-22f960b31b6a	184	1972	57	31	:
d30e891a-b59e-4452-ad7a-95f324314c75	244	1973	113	32	dwells
1236f863-2a02-4926-9c59-b0971f8329f1	360	1974	42	31	in
f63da133-9692-4405-a007-1a562f916683	405	1975	162	32	captivity
b3faab56-dd8a-486e-947e-8ed5330dd145	405	1975	162	32	,
3adfb7ed-71ac-4ff7-bb06-a461965cb43d	570	1977	118	32	498
a6ce69a9-8323-4db3-8249-d889b45436ff	570	1977	118	32	-
822f0a8b-334d-410a-ba50-c87e8f6a552b	570	1977	118	32	31
7a38f95f-4bde-4335-ace7-0520d832b8ad	570	1977	118	32	.
7fb05211-4ea0-485b-80c5-e85ae3bc1169	101	2001	132	32	Amnihu
1a6b09cf-4df5-48dd-9b75-727b42a9a20d	101	2001	132	32	,
79f05c26-68fb-485c-a3c3-3e0bf8b79172	237	2001	62	31	hill
18717cc2-2a15-4f86-927b-006aa0ce75e3	303	2001	50	31	ni
32637a65-d00e-4f0b-8e46-2c4037d746a6	303	2001	50	31	,
70f66bb2-0c2b-4afd-9fe7-1f1a08590d22	357	2001	58	31	19
139534ff-9edd-49ea-b68f-e13edb0ace76	357	2001	58	31	%
50db0526-fccf-4a6d-a459-ac65520ebf37	419	2001	36	32	15
7c87a1e6-28c4-46b6-9f36-99f6ba72a9dc	101	2029	118	35	Amnor
93906b8c-8519-4750-82a9-3f37b78ebb71	101	2029	118	35	,
9ec2268c-e469-43b9-a822-06e9ca2b6c4e	224	2029	127	35	Nephite
e0e6edd4-01f8-4b98-91ec-bcf9f53413a7	355	2029	79	35	spy
0242dcf5-ef75-48c2-9f78-a66d98f2e4f6	355	2029	79	35	,
3ca8548d-0f04-493b-a4d0-8aafacbe7dad	438	2029	102	35	190.22
71c06fc0-98a7-4234-9025-2979ca108d0f	101	2057	116	32	Amnor
5659b328-6b13-48a7-93dc-b4133d4f7880	101	2057	116	32	,
215bc179-363e-4862-8e84-fba65ca0ac18	221	2057	28	32	a
9614beb6-40de-4edf-8ae0-14f04398705b	253	2057	96	32	silver
fdc1f3f0-5bc7-462e-ba78-4bca3330a846	353	2057	80	32	coin
f97fcdd5-abd2-46cb-a2be-c1dc90a9cadf	353	2057	80	32	,
a7e4c334-475d-487f-bf62-c00fb99b2c6a	437	2057	100	32	222
6fdb0ec2-707a-4972-99fe-6773c32b7afe	437	2057	100	32	-
24fc941b-8f98-4c42-a846-7e2b55bbc78e	437	2057	100	32	6
c650cc52-c827-4621-9cea-47bccb35955c	437	2057	100	32	,
18b31a08-208b-4c0c-84e8-973c6bf20e81	541	2057	52	32	11
745fe043-36d4-4161-9640-6d44fd34500e	541	2057	52	32	.
7105d592-c930-457b-a80c-787a417b0d23	678	116	142	39	INDEX
12eab948-c712-4460-b781-6c0f404213fa	760	183	73	98	Ame
f537cf8f-ec58-47b7-8e85-6e542782f3ee	846	183	86	98	is
333f6d81-a8b5-464c-ba47-403e2adddd2c	846	183	86	98	,
fa6bf526-4617-4ed4-bdae-d39585cf71a6	944	183	147	98	4521
d364df95-666c-4e3d-9a76-db27cc421161	944	183	147	98	.
5bf19ac9-1fa0-4bdf-9586-9ee4c94318bf	1103	183	86	98	Ko
05570222-e786-4693-ac8c-445d729cb009	1201	183	24	98	re
65405e6c-0181-4289-8834-0717d0a09b3f	1238	183	86	98	20193
3255a87b-7ed0-45fc-ac73-c78ad6928006	1238	183	86	98	:
b2d972ec-ab92-4e95-9ca9-85e37bf9c55e	1336	183	74	98	457
4062a09c-b856-4191-8120-c6b7e2278e29	1336	183	74	98	-
58c363be-7083-4bc7-9350-2e299f9bc4da	763	268	142	67	Amo
b64a57b9-013d-4b68-b466-5471221f5bc3	763	268	142	67	%
75da69e2-ff1c-4ce1-bd5e-be77eb951594	763	268	142	67	21
f4a2facb-a800-4f0d-af6a-ca845bb74cab	763	268	142	67	;
93822d95-1e21-40f9-9361-43f20c0748f7	914	268	75	67	dies
a2642bb4-3867-410d-8bb5-23ce4397d59a	914	268	75	67	,
8e5389f0-74de-426b-8afb-e2322c18eea1	998	268	101	67	4504
902a6bbf-26ff-42b1-a8a0-d69fb738b26f	998	268	101	67	,
d9236c63-6872-4885-adb9-2fed7afb2ae9	1106	268	92	67	keeps
a9d60870-38e6-4abe-902c-32cb620dcb84	1207	268	50	67	the
23ac85d4-dc4c-40e0-bafa-55839af2a5ca	1266	268	148	67	records
67ad060b-c8c5-476f-9f31-9586ec2f1f2e	1266	268	148	67	,
d8aa19ba-854e-475d-9746-e45875e37a24	763	331	140	35	Amulek
bbe236db-e8a3-423e-9590-7c8d155ccb85	763	331	140	35	,
c2101b30-893e-46fc-a9c8-ec67f2d18b1e	907	331	114	35	visited
96389f13-6224-478c-aa78-82a7cc05e876	1026	331	48	35	by
dc938a8e-c1b5-4961-9869-db0cc9f7fb94	1078	331	101	35	angel
02f2966d-cfd6-4910-a262-8c0332d66bad	1078	331	101	35	,
372d5470-9cae-444e-9ee8-fd322e53ae29	1183	331	114	35	215
7e91b0d4-63ff-42af-bec6-0e949283f1fb	1183	331	114	35	-
7742446a-4128-4506-9f5a-4d0fd1c12c9d	1183	331	114	35	20
8c47524c-208d-445c-8526-cb5b85b58040	1183	331	114	35	,
200da348-11c6-40d8-9dc8-5e29382dcb3a	1301	331	106	35	219
d6370778-6418-43a6-9c74-23b4c1602412	1301	331	106	35	-
543266d8-fd29-4314-b26f-4f0c628f276a	1301	331	106	35	7
f3779832-46d6-4a5e-995b-f708b1e0770f	1301	331	106	35	;
3b338ca1-f9a9-415a-9cde-235dbb5598b6	795	363	132	22	receives
8328c0af-0aa9-4f8e-a1ca-4b07bab4d720	937	360	127	35	Alma
c8dd52dd-27e6-4f99-b1e0-fbda5d046b78	937	360	127	35	,
9a584307-f643-404e-9a41-92dfcad8b9b8	1068	360	140	35	215
eb9e6489-a381-4898-a3a0-87ec451f58cd	1068	360	140	35	-
dc23b6a4-34a5-4809-9123-370831a9f597	1068	360	140	35	21
bfb87590-efed-457f-a4b1-86908dc1b11e	1068	360	140	35	;
9cb69c40-0d11-471b-b381-54ea3a735ab6	1213	360	122	35	blessed
6df54960-12b8-4017-b79a-6e0268c5f025	1243	388	124	32	people
0704d9e8-1dac-4564-8dad-4b40c8a9749d	1371	388	36	32	of
2983f33b-ada1-4a91-ba64-0ef27aefcd85	795	391	200	57	Ammonihan
9186bac6-f2f6-4efe-a115-d6823473d00c	795	391	200	57	,
eb25c993-f2e7-4ee3-ac85-29bc587d8170	1002	391	29	57	2
c520a1ac-584a-4a72-92ad-f0209f4ad435	1037	391	78	57	Brea
5a7c539e-fe66-4898-81ab-c6f4b45b11a6	1123	391	64	57	son
fe8b7a00-8835-4bd9-9267-4d3f55b53fe4	1194	391	43	57	of
22899688-9230-43b8-baef-0f8b963e9085	1244	391	160	57	Giddonah
b5c1d85b-2049-4484-9acb-efb15b7d41be	1244	391	160	57	,
e8d350f2-b880-4781-8d1e-73570fa5c0e0	792	442	101	35	219
6dafcc83-2402-46b4-b1f5-7d2abfc4b179	792	442	101	35	-
05655a0a-12fb-46ec-bade-7413d70a0660	792	442	101	35	2
24ce2100-90f9-43ab-918a-4c489c1febc4	792	442	101	35	;
f5b4c94e-1ad4-4988-a770-765b7714a921	897	442	175	35	reputation
ae2bf9b9-ed19-4fd2-8cac-948d2e69ff92	1076	442	44	35	of
4dce63b8-8649-4383-bf1b-c5bd38f53f80	1076	442	44	35	,
d9a48e06-e640-4618-b2d3-ceafc567bb46	1125	442	105	35	219
c819a576-ff0a-45ad-89e6-7260b86b5a33	1125	442	105	35	-
cb5b2b97-87ad-458b-9368-a9e68ce8fae0	1125	442	105	35	4
f05fcd82-a953-4c7c-bba2-a5e61f5b4569	1125	442	105	35	;
2b037d75-5751-4cb4-b9ff-a6b7db4404f8	1234	442	167	35	prophesies
5bcf6679-9011-48ba-b885-ce954051e3c6	792	466	190	35	destruction
3a161770-1b7b-4001-b5f6-37bb57991138	986	468	46	33	of
c8caa1ab-d63f-4e85-9a04-4d574b31ca8a	1035	468	112	34	people
7d4dcfd4-e045-434d-a2bd-a51b5a5d52e8	1151	469	50	33	of
b9f16f2d-a90a-40e9-9525-1d6dfc90564e	1204	470	203	35	Ammonihah
b508c912-6c29-4bb6-b9b6-ac3af7e880d6	1204	470	203	35	,
175e2447-0b75-4619-b5e9-fed688d6cf48	792	502	114	35	220
5abe0428-a732-4be2-b5e0-8ff6d3f906c4	792	502	114	35	-
78e4d2c2-2763-4091-b594-6a6b5ecfea88	792	502	114	35	23
d2d8144e-9e2c-41a4-add3-8b98d4793017	792	502	114	35	;
df888379-5912-48e2-9e01-2b2710821fbb	910	502	175	35	questioned
7f65412c-bcc6-4834-b3ce-5ee65912d5f5	1090	502	44	35	by
3e06b2d6-0dd7-480c-9ce3-aa061d5611b6	1138	502	149	35	Zeezrom
676d37a3-bb3d-4366-be1f-6e78ab08d218	1138	502	149	35	,
e22d06c4-ee75-4a0c-9518-a6b52c0da5d2	1291	502	113	35	222
4dc80f48-6f3f-442a-b62d-8a9395c51a70	1291	502	113	35	-
dce1d15b-da77-4e04-a2f1-a1c625d3715f	1291	502	113	35	21
f382e4bd-cbf8-4183-8959-3b171028f8ed	1291	502	113	35	;
256a2354-9eca-43b0-bbe9-078b174310b6	792	533	154	28	preaches
ee813d83-51e3-454e-b645-c3ab63052b46	949	534	122	28	Christ
fb20ad13-3ee0-4eef-bfd8-2501ac474d6c	949	534	122	28	,
d327fc9c-87a1-431d-8a1e-2e3a683b9788	1075	534	133	28	223
9466e147-1266-4390-a717-38c6a907b6c0	1075	534	133	28	-
2da6810c-106a-4ed7-b6a8-f0a289397e12	1075	534	133	28	39
0d8dae88-f32a-4300-9e2e-284a4447067a	1075	534	133	28	;
0b7ea013-5386-4e1c-9a9d-7a89cac1eb50	1212	534	147	28	rejected
93a76039-dced-4145-b203-6cb2da246258	1362	533	38	28	by
101409b5-1a28-4e40-a03b-e52d167bd188	795	558	144	29	relatives
1bfce866-11e6-402f-94e3-e0d904ee3936	942	558	70	28	and
409912a4-1839-4f6c-a151-e2a3a6e21043	1015	558	126	28	friends
a55e4748-5a98-47e5-8e94-1f278d8a0537	1015	558	126	28	,
a87d4cc7-1b14-469c-b909-a2af1e1a05a1	1145	559	130	28	234
19ad7a69-e5ac-40d6-b1d1-b76289cf80f5	1145	559	130	28	-
6e2c8527-c2ac-4dd7-b1a3-77fc8a5ee5ec	1145	559	130	28	16
d62b9f43-f67a-44db-92ad-d8f97cdc0f3f	1145	559	130	28	;
da583d94-1338-437d-9907-4a09b3286de9	1278	559	81	28	goes
c057d753-0371-46e6-889b-a2369d034a69	1362	559	39	28	on
a3aad1db-0dc2-4e4a-bfba-6ca6187fb9f9	792	584	127	35	mission
3e8a7a92-2784-46a8-9e27-5c0968814bf4	923	584	44	35	to
5e719174-e3e0-4156-a0a2-06dc729615ca	971	584	179	35	Zoramites
5d96ceb6-add8-4472-a7ad-e636518f5be0	971	584	179	35	,
e4e69c1d-937b-4b5d-ad32-ac1740dd0323	1155	584	105	35	274
878ce578-8684-40de-b803-13abfe744fc5	1155	584	105	35	-
7deff6aa-80d2-4a3f-9ab7-38b9d78c0d42	1155	584	105	35	6
e069b14d-c132-49ad-b54a-bcfecc6ebc05	1155	584	105	35	;
860d0ff8-3cca-4e0b-83f7-1ce4c312fa84	1265	584	139	35	preaches
0e709f19-15bf-4982-877c-6322217f30d5	798	643	130	27	sacrifice
a73ff172-32d3-4750-a419-6764556f8476	1120	644	158	35	282
9abbd5d5-a272-45d4-ba31-953dd33b6415	1120	644	158	35	-
f429374e-a008-4a9d-a39d-4d1bf04bf410	1120	644	158	35	10
88a69fb4-41be-4cdd-b890-e5b69cbf5555	1120	644	158	35	;
75ac97a9-3c53-4993-8926-19786232c511	1282	644	122	35	teaches
7ebc7ab3-0fe2-4d59-97aa-cc5f7aeccc20	792	669	118	35	prayer
f8f9983f-6855-4b80-bf78-8f2af289ed34	792	669	118	35	,
e7f93dfd-2ffa-4b5e-ba5a-64bd58cb83f8	915	669	118	35	282
adf5bb27-a5f1-475d-9ebb-dc103414d8a5	915	669	118	35	-
fa8c9b75-b77a-4e04-90f7-1af6cdb32264	915	669	118	35	17
ca63a5f0-217c-40b3-bf10-402b43435b73	915	669	118	35	;
c78d577f-488f-415f-b45c-a82d5a3b61e2	1037	669	79	35	goes
77c6e187-6bb6-44f6-9a84-c361db4abc5c	1120	669	39	35	to
b9770b12-4c09-4eae-b474-59f083ebd610	1164	669	136	35	Jershon
5f7284a4-e9bd-4375-9af7-7aea5438a8dd	1164	669	136	35	,
063116df-01c7-43d7-a76a-cb52b398ba24	1304	669	100	35	284
402cf44b-56a1-477d-8fe3-798f2a2c53cd	1304	669	100	35	-
9c4ba7aa-9a8b-4c56-8ffb-2053c9276a44	1304	669	100	35	1
9e63bc59-6710-478c-ab97-c533f214b27f	1304	669	100	35	;
73b4fdd0-0d19-4f0f-93f5-41072241a43a	792	697	111	35	quoted
0562952a-517f-4877-bebc-2ea0f63c5bfc	906	697	43	34	on
c6cd3c42-faee-4067-a195-4901e4027d06	953	697	191	34	redemption
2a7e39e3-d95d-4591-88f8-fe0ef302e65c	953	697	191	34	,
a46971f3-041a-4709-9390-1f4f1ee24f18	1149	696	123	34	369
d26993e7-6e69-4498-8997-0a97e0ff100b	1149	696	123	34	-
4d0dead0-40aa-4c46-94c4-98ad167d9be0	1149	696	123	34	10
af366e6e-202a-41b7-8fdf-c4303f5dbb66	1149	696	123	34	.
ae56b440-b6bb-4b30-918d-b30cc94034f6	1276	696	60	34	See
ee853f14-0ac4-4ee2-aa96-547b46cea66d	1340	696	64	35	also
84f137a5-973a-4dec-b578-c23b4e656a9f	791	723	89	34	Alma
5c652b2e-e81e-4238-abe1-4c0bc630aaf1	883	725	69	33	and
40fd8824-9e3f-4774-bf1e-a1fd5e570194	955	726	137	35	Amulek
0936dc32-0287-438a-9221-f4a193210647	955	726	137	35	.
2c622831-7826-4cbf-be5d-7a42c0e16b0a	763	751	141	63	Amuled
49c056f6-d73d-4220-9ea5-6f7a327b4bb3	913	751	71	63	land
4a181605-2708-460b-a495-c831905418f0	991	751	84	63	80
cc2daa0c-626b-4357-9c3a-197adb11a047	991	751	84	63	:
5093b0d3-de76-4811-ac31-6d360330cf9d	991	751	84	63	1
418e0025-1c7c-4251-8bf7-68408520b9c5	991	751	84	63	.
bbc6f83d-a9f4-4519-a2bb-8300f381b76a	1054	754	136	35	180
66974576-8295-40c6-bab2-560def107549	1054	754	136	35	-
7d2d0628-f448-4c25-8afe-57b7e8724e7a	1054	754	136	35	31
00e786ba-68f7-4d22-8abd-adc600e76ed0	1054	754	136	35	;
e38e0f93-0512-4091-a17e-bc62479ba5d1	1194	755	153	34	teachers
3e6c379d-fccf-403d-8147-f34f3e57d23b	1351	754	55	35	ap
60e3ce2b-7c80-4a31-bff2-47cfcdc11d18	1352	754	55	35	-
88517e0f-5623-420f-8868-81e57958ecfe	767	811	136	35	Amulon
f01eb906-9fe3-4860-aaf8-783e70ef83c8	767	811	136	35	,
dd1fcebb-fe5a-46e2-91be-78ad2c4e24ec	907	811	109	35	leader
feb606e7-f66e-47a7-9429-e2aa28bd1d29	1021	811	39	35	of
fe45412d-3d75-45e2-94c9-e8ff684ddb47	1065	811	118	35	priests
29720ddd-3311-4e25-be03-bf751ccdcce9	1187	811	39	35	of
9b9540b9-45bd-4133-8865-987c2acc98fb	1231	811	101	35	Noah
f37403df-6fb2-4390-90eb-61a7c781aab9	1231	811	101	35	,
f25bc771-30a9-4024-88fe-065220178d28	1336	811	71	35	180
fae3c3a4-67be-43cc-93a9-c9411837babc	1336	811	71	35	.
f1062729-ff05-4ff1-948f-cc852b7ec411	789	839	55	32	32
8b41b75b-e1d0-4d93-8116-27610caeb37b	789	839	55	32	;
47e395b8-d2df-4dc1-b4b9-394bebda2334	847	840	93	31	sends
bf0365b2-2e69-4f23-913a-49cbd99e34d3	944	840	93	31	wives
6f4d464f-fe25-41d3-8bef-4e29fa6b5475	1041	840	35	31	of
edbd83bd-8336-4402-98b2-c56dd3701cf5	1080	840	120	31	himself
af3a7573-87dd-4676-a6e7-c21aa22b350d	1204	840	62	31	and
2a7759f7-61b1-4689-9452-78e3b66e2ef4	1269	839	134	32	brethren
a0de9fd6-adfd-48ea-9e88-fb60f8e5fba9	795	868	40	32	to
133e7d86-3465-4f20-a0aa-65e53d43c282	839	868	96	32	plead
dce7ec84-0d1a-4468-84a5-d8c3bc7b5c35	939	868	80	32	with
f028ba3a-e9d8-420e-b06f-b51921d327d7	1023	868	188	32	Lamanites
ae7a85fc-3c60-4f57-aac2-429d2bdf6111	1023	868	188	32	,
f2eec3ba-27ae-4f13-971d-1f51e5febdc3	1215	868	124	32	180
a746b203-8327-4e91-8cc0-8c7be06ddb1e	1215	868	124	32	-
63dad1f0-ed29-4a54-943a-36a58074f0d7	1215	868	124	32	33
c3209ade-0847-47d6-a204-eb6b0a28377e	1215	868	124	32	;
0187f1c7-99af-475b-82bb-e242e4f09196	1343	868	61	32	and
ea250edb-dc94-4f12-9f08-ad122e2eb39a	795	1010	105	29	people
81d56da4-d31a-439e-a8be-29ffebc35013	904	1010	47	29	to
00887510-104c-4626-8fbb-b17282ce96ef	955	1010	94	29	cease
e972d720-142c-436a-b1a6-5548259a791e	1052	1010	145	29	praying
e5502635-4425-4a2c-aaf8-cd771c0996be	1052	1010	145	29	,
9cdc1cfb-534e-4e6e-b5ac-72d320c0a311	1201	1010	123	29	181
1e43ee85-9e74-4533-afbb-53ee34557976	1201	1010	123	29	-
766e5ec9-a51d-48c0-bc9c-62bbf384d2b7	1201	1010	123	29	11
5d5a2b93-d31c-4e57-8b25-6f085673c78e	1201	1010	123	29	;
12ab26b4-a40a-47e8-aa76-b52e8a9ab305	1328	1010	76	29	chil
d00b9bf3-d73e-47c5-bc5d-784f0f7fffa1	1328	1010	76	29	-
0eb907f4-ab61-479d-8642-91818d5afb41	791	1062	155	38	Nephites
bc26804f-d1c0-4655-a583-9cf76befa2f0	791	1062	155	38	,
b974183f-c3ee-40d9-8de3-e28c412fea55	792	1035	136	64	Nephie
879b7c2a-4193-4e95-a7d0-d834a6e4e322	936	1035	80	64	prop
f9a457e1-9a55-45da-9ba4-d9e00bdbd01a	1024	1035	56	64	12
4352cd9c-b306-48e4-8e53-304cea7fe872	1024	1035	56	64	;
440a738d-ec01-43ec-b575-5afc6ca3e514	1088	1035	120	64	people
790c6499-c7ad-493a-8d6a-bf593ec1c6d3	1216	1035	144	64	help
4a3f5edb-6431-4885-9e82-2934ef43ede0	1368	1035	39	64	to
8ba159be-0877-43a7-9c79-4bf696902c87	789	1094	84	32	build
f110fb48-71e2-4efb-a221-e718f9c5eb4a	877	1094	64	32	city
907cbaac-eef1-4699-a76f-8f3f18602017	945	1094	36	32	of
eb12fe5e-8cf8-4641-8540-8309780df2fb	985	1094	172	32	Jerusalem
b5b2a2a2-02e8-41b8-ba00-ad8c8d517d0f	985	1094	172	32	,
d2ab7db7-0f1e-4c6f-a81a-db2114262db3	1161	1094	100	32	249
574f11ca-2b08-4131-b3b9-05b05b234e4d	1161	1094	100	32	-
f29b30f4-ae41-4e02-8b4c-120cd98964bf	1161	1094	100	32	2
28b9f2ac-a003-40fd-913e-cf6778e48721	1161	1094	100	32	;
1a3a7741-e730-457c-9559-5300b7821696	1265	1094	139	32	descend
85efd3c8-600d-497a-ac5e-85e445ec14ec	1265	1094	139	32	-
ca12e05e-6cd0-4cae-bff4-1fecb9cd6abe	792	1120	72	41	ants
eaec69d2-120b-4d33-9e68-3846532b9063	869	1120	46	41	of
49185ec1-4456-4240-8864-48c36f147fe6	869	1120	46	41	,
ce7d2f8f-bdb2-4513-b125-8d99a6ae9854	920	1120	123	41	hunted
f2325047-8831-47d6-be09-6780038fcd51	1048	1120	87	41	down
b3400f57-3552-4498-a65f-88454dbfcf14	1141	1120	67	41	and
c7679273-efa1-450f-9cf4-9d614c53dbe7	1212	1120	92	41	slain
979171e2-753e-440d-b7b0-89f1a272b76f	1212	1120	92	41	,
f2cb1a67-274d-4666-8ba9-068886f0f793	1310	1120	97	41	259
80149c7e-6ceb-4219-a68c-251b60aa7ee4	1310	1120	97	41	-
1aed1b0e-99fb-4718-a9b4-3126d45a239d	1310	1120	97	41	8
9e9a3464-a267-451d-968e-7d7c593c81ae	1310	1120	97	41	,
521bf419-28c8-41f6-ae7d-8711590a6419	792	1151	105	28	260
95792560-4a6b-4ada-b491-d995f7cd1719	792	1151	105	28	-
f82fe1f9-e5ed-42a3-98af-4e9d1a850187	792	1151	105	28	12
fa583e42-4769-462c-a849-785debc6e8de	792	1151	105	28	.
c96d65b8-e550-4c2c-b9d1-734e7d494a6e	767	1180	190	32	Amulonites
1dd1e26f-7daf-4d1f-83b0-5b0e918c0000	767	1180	190	32	,
6f9114f6-b541-4a0d-a7cd-094042109dd8	961	1180	97	31	more
5ab9baa3-8c93-4fa2-b2ea-85fea50e2ad5	1062	1180	120	31	wicked
54d451b4-80c5-458f-b846-f910739bcf55	1186	1180	89	31	than
8c293169-6f09-416d-bf38-0be5bb1c6d63	1278	1180	122	32	Laman
45f804e4-2c30-4bd9-9cc6-9bc0b01fa0ab	1279	1180	122	32	-
930daeca-1cc6-4527-910b-19e79606ebd5	792	1208	70	35	ites
3b7c92c8-0277-4afb-b5d8-e0d5974416a6	792	1208	70	35	,
a25e8734-b0ec-42dd-9102-a07a05af78ca	866	1208	101	35	249
85a86680-e694-4d62-aa1b-4d4abb9fe5e9	866	1208	101	35	-
412787e5-6491-4bb1-b994-1998617fc59d	866	1208	101	35	3
562cea28-539d-40b1-97da-ed4034157e8a	866	1208	101	35	;
6d388181-b1f5-4391-9ba2-9322746fdce0	971	1208	66	35	not
c0ebdc55-2f07-4bcf-a8f8-e6f72678adfb	1041	1208	171	35	converted
9364470b-02cf-4be0-9a07-1ce8bcc083f7	1041	1208	171	35	,
0c055348-0ad5-47d2-b53f-565aab3b4ee3	1216	1208	114	35	256
d410aac6-8209-4fc7-a5df-369e45374354	1216	1208	114	35	-
876f3fb0-479d-4d8f-9b21-5ae52570d277	1216	1208	114	35	14
ed8729dd-7042-444f-bbb3-2bb023a0594b	1216	1208	114	35	,
ac69f4e5-c7fe-419c-a97b-740e4040827d	1334	1208	66	35	259
710601d2-cfad-4188-bf1f-1ef82aebbf72	1335	1208	66	35	-
230f00fe-0093-4fe4-997c-308dcbbc92dc	849	1233	88	32	stir
113595aa-4bfc-461b-821a-475dff3d13ad	941	1233	60	32	up
70d293d2-f991-4993-9116-003538092e5e	1005	1233	178	32	Lamanites
e0ab2634-eab6-46f6-b816-3e56528cc11e	1005	1233	178	32	,
16cce7a2-f5bc-470d-9b22-7146cd4d44e8	1192	1237	124	32	256
44ab9d81-5e77-40b2-bb69-1dc4bdd92224	1192	1237	124	32	-
427be1d8-839c-41ac-b94f-71778b0437a8	1192	1237	124	32	1
b674058b-e7e1-470a-876b-5eeeab43a105	1192	1237	124	32	;
779d6500-2a4e-43b7-84aa-56d85b26c765	1320	1237	84	32	rebel
9588403c-13d8-4edc-b846-e0feaac9f236	786	1237	120	60	against
c8906e9f-5241-42ec-88f8-6f4b9ac3ab3f	913	1237	187	60	Ammontes
10110f3b-518f-4d97-b6b3-0c72473d66c2	913	1237	187	60	,
d655cbcc-44bf-4686-9020-fff3fcfdab78	1108	1237	90	60	25632
40e7f98d-aa84-45ca-8470-4b8346db679b	1108	1237	90	60	,
2c13917b-0997-4ea2-986f-3fed589e001f	1206	1237	82	60	slain
29fbd7e0-fa79-4adc-b4ba-dc2be840c0ef	1296	1237	37	60	by
c4a0f62f-50d2-4fd6-b696-eaa0dbb6c78a	1341	1237	63	60	Ne
b2010ad5-0e78-4820-83d0-87e4d833f728	1341	1237	63	60	.
eb9602c3-1c83-4daa-a87e-6255cee85085	902	1293	136	32	259.4
a7a10adc-df3b-4c40-8eae-34ea80976579	902	1293	136	32	;
90cb76e6-1d7c-4dd0-980a-8e4ae5af982b	1042	1293	112	32	usurp
e2cc27b1-b5dc-46d2-8157-6b48567fab3e	1158	1293	180	32	leadership
d122bfc9-739e-4d4a-ba2b-4adc8c390081	1342	1293	62	32	and
846be10d-5283-4113-bf4a-e1e148ee26eb	1141	1318	119	39	252
5acac92e-1f81-4a5c-a79f-7996c253187b	1141	1318	119	38	-
fa4a0794-1e75-41f9-ba47-619e0970f589	1141	1318	119	38	5
b3eb6832-28de-49cb-a507-aea5507c8a09	1141	1318	119	38	;
5229b06a-b64b-4485-9fb7-de9bbc4bde06	1264	1322	88	38	slain
114098dc-afb7-4120-b355-175ee59bafc6	1356	1325	49	37	by
6a0707ab-d387-4a21-a4a2-45acb32845fe	786	1342	165	73	papaectes
7bec3ad1-82b2-47a5-bb4e-ce38671434a4	956	1350	100	70	260.9
2afc287e-c126-43da-9641-d15fb8a5b15f	956	1350	100	70	.
b539c9a5-abfd-4c24-803b-7e71d015c76a	1003	1350	130	35	260
43915741-f701-4789-937f-087285a7a9a3	1003	1350	130	35	-
c6c997be-aee0-4dcf-b580-26701dd2601e	1003	1350	130	35	8
320a4c6f-0b98-474f-b864-54d16aa96378	1003	1350	130	35	;
e1ae24be-f9c3-4340-99a2-68dc18b6fe81	1246	1351	158	28	Abinadi's
5024f5e0-a9d4-418b-ae83-66120b8c46c5	760	1407	126	63	Ancient
8d433f8b-f9ba-43e3-bed7-b87a7182de7f	894	1407	189	63	(
70d9e4cd-ea81-486e-9e90-b5b43a08559a	894	1407	189	63	operative
5bf43fba-1261-4010-af3c-afef92953055	1091	1407	79	63	ape
e074b82c-8a00-4b09-97a3-a2eec6396b9c	1177	1407	141	63	10140
8c195e03-b6ae-425b-83de-c3b75611dfdf	1177	1407	141	63	$
10d21ba9-3aea-40ec-ab60-7d4e26482b92	763	1467	148	32	Ancients
ae8f3fcc-6521-43d4-a57d-ea9dccdeb177	763	1467	148	32	,
56efd522-3f4a-4acc-8791-a8bcbca35032	915	1467	64	32	evil
29eaf14d-399e-4a78-8d98-de4aafbd5eb8	983	1467	92	32	oaths
2001d8cb-626c-4e19-868c-fbcfd04a5120	1079	1467	36	32	of
97732c47-b5f5-4389-84fc-872679e08030	1119	1467	64	32	the
c3e32b5b-c571-4aa7-befe-ffcbc5f101af	1119	1467	64	32	,
9b4b9a67-201f-449c-95e1-70586e2e3bda	1187	1467	100	32	493
9946e5cc-55c0-4aae-8322-60300391270d	1187	1467	100	32	-
4a22129a-b454-4a9b-928f-1677d7c890e4	1187	1467	100	32	5
39b04bcb-05ea-4aa9-9fe8-d70653543d66	1187	1467	100	32	,
b3148d22-8431-4fb3-85ba-31256bff1dc7	1291	1467	110	32	498
98f6fc9c-c3aa-4de8-b45b-0320348904b5	1291	1467	110	32	-
dd3f9e96-1eb1-48d5-b3a1-d0d9693bb37f	1291	1467	110	32	33
4ea34bb7-285d-459a-9cb4-b14981a69dff	1291	1467	110	32	.
ee7c7f48-2e2c-4d8b-b62e-7f78fad26f7e	763	1492	104	32	Angel
ee0e9049-8a63-4558-bac3-fa929267fbc4	763	1492	104	32	,
32372f8f-b8b6-48c5-aac6-2d2597167ef2	871	1492	116	32	speaks
dd93d747-6bfb-402d-9889-2053a74f12e1	991	1492	44	32	to
f5031600-d563-4bd4-8c4d-b40df5a6b680	1039	1492	116	32	Laman
86ab11a3-61e5-4e90-a9b8-571624c81bd1	1159	1492	68	32	and
06c40ae7-4e9f-43cf-80f6-dc3d91168899	1231	1492	132	32	Lemuel
410c702a-7182-4dfe-aacb-4bedb622e36c	1231	1492	132	32	,
588debbc-ab2b-440f-b817-a6e4e9e0f85c	1367	1492	34	32	6
7abffaa7-67cf-486b-a263-3bbcf65a249b	1367	1492	34	32	-
6fb5ec7a-e753-482a-9e7d-cde5f37f0b8b	789	1524	47	32	29
068c623d-3e5e-4756-b173-4bd4ff953e94	789	1524	47	32	,
d3c5f3eb-6800-4386-a36e-96b16948c225	839	1524	66	31	7
16100c30-309e-43f2-ab91-0efc475e5639	839	1524	66	31	-
55eb8b8b-d8f6-4d7c-b6de-c68a9c9126fc	839	1524	66	31	3
6b9d8d78-f463-45fb-9e35-5decaf7ab713	839	1524	66	31	,
00496f9e-4b70-4952-bd34-852e8889b808	909	1524	97	31	12
1bedacd0-1172-4bd0-beb8-fb18254033ce	909	1524	97	31	-
8d1b9430-9366-4d1e-a11d-48a077788f50	909	1524	97	31	10
6eb22eae-4866-493c-83be-ea2c2e61ace3	909	1524	97	31	,
9b55086d-4a7c-4be8-b32c-15b295193639	1010	1524	105	31	37
91d7b26e-ebf0-4cd1-9c3a-3781d3b4a9ac	1010	1524	105	31	-
b7d75e6b-0aa9-47ce-adc8-85273d9c977a	1010	1524	105	31	45
c00f8d9d-14dd-46da-9035-21a5e0574e6e	1010	1524	105	31	;
b6fdefef-2b28-44e6-aa83-18f89e089c84	1118	1524	128	31	appears
b33bb919-1435-4ad3-801c-f1020eca27f8	1250	1524	43	31	to
1736251e-4586-4ad1-a289-4617600b6708	1297	1524	107	32	Nepht
8e450ffd-9419-44b6-b84e-6c19c8a5d6aa	1297	1524	107	32	.
0e0e0d1e-802f-4441-a8a0-ce6b6972f703	792	1556	54	19	son
e2dbcb02-b0c9-47e0-b08f-2838a92054d9	861	1549	57	35	of
53264d2d-38f2-4974-8230-6111d35c80a7	922	1549	87	35	Lehi
94dffdcc-90a9-4ead-bda2-9268b259f7d2	922	1549	87	35	,
9877b0da-b85d-46cd-ba35-9c6d7e9e827f	1025	1549	118	35	18
f5816718-c565-496a-8b4b-1dc704ed88bb	1025	1549	118	35	-
e491cbcb-870a-46a9-9256-66875704cd54	1025	1549	118	35	14
80b4393c-5780-4089-a8d2-77f55c519ce8	1025	1549	118	35	;
0b2b88c4-f2f0-4ec5-8b0a-49c44d9c9585	1148	1549	53	35	of
445846a2-3f6d-4465-b73a-8a40b5c2cefb	1204	1549	87	35	God
49f3e780-86fe-4d75-ba4b-05d811c2d88b	1204	1549	87	35	,
3afe5014-9e7c-48c5-9ecf-a31e92cbd8a1	1296	1549	108	35	fallen
7b596be4-1191-43b9-999f-b5fa0f1ed3cc	1296	1549	108	35	,
e93b7218-3a2e-454f-bf87-99a52f4ae787	789	1578	101	32	54
1344331a-bd0e-443a-a483-c8fbf62fd589	789	1578	101	32	-
6295977a-aa68-41c7-9c67-e4e3923cb90b	789	1578	101	32	17
c434895a-047a-4f4c-bd91-97999fee1ac0	789	1578	101	32	.
e5116f19-3e10-46ba-9852-eec23023558b	902	1581	98	28	67
4a0e8ed4-355d-4971-9639-d349f30490bc	902	1581	98	28	-
03079bfa-2b1d-45ca-858f-8926e2415837	902	1581	98	28	8
dd5cf0d1-a529-40b7-96a9-91f1d279ed8c	902	1581	98	28	;
716eb73e-4b4e-4df7-b79a-686e24565423	1003	1581	136	28	appears
1140ae87-b0be-4a5a-9a2a-f15d8970f321	1143	1581	56	28	to
65d45ff6-b27f-4dee-adea-45b806b63228	1203	1581	115	28	Jacob
6e3d8f0a-9af9-4528-92d7-8b06b132131c	1203	1581	115	28	.
55d18aca-be7b-401a-912f-8b6ed1f1301a	1322	1581	72	28	71
d3c7a06b-042d-4afb-8623-a1c2994edcda	1322	1581	72	28	-
124942c2-3035-41b4-9771-5f2b70553f67	1322	1581	72	28	3
7e951414-d8ea-49e2-a2d4-0522a9bace24	789	1606	97	35	123
51a591ee-588c-4998-8a00-7acaa00389c7	789	1606	97	35	-
18d466a9-a91e-4408-9fb0-39ea7772afce	789	1606	97	35	5
3f6b91f2-4b53-44d6-a6da-591d4c694ddc	789	1606	97	35	;
4a3ac109-e929-49c9-a535-220be4efb1c7	890	1606	114	35	speaks
dcaeb794-31b9-4e3b-baef-986ef2f8a778	1008	1606	39	35	to
1308ee59-1b37-45a9-a7c4-ee80baeb966c	1052	1606	79	35	king
1937169b-422e-4ddd-a456-10c09ede8bee	1135	1606	166	35	Benjamin
b9dcc052-105e-4a1a-af2d-bbff5f080ece	1135	1606	166	35	,
13dc9de2-e379-4d42-adc3-5d41dedb1115	1305	1606	95	35	140
11907e40-dd18-4ddb-92ec-ab7af6245759	1305	1606	95	35	-
daddcb92-b473-466d-b704-d5acc3aa90ea	1305	1606	95	35	2
46407fd8-118a-455b-9942-4f10ab124711	1305	1606	95	35	.
8e1f9ab5-f4dd-4be5-a95d-7b946bef6786	789	1637	101	26	142
5cd7b850-3a97-4635-a209-73bcdc7bed68	789	1637	101	26	-
c4ee70f7-99c2-4760-beb8-33ca711d8388	789	1637	101	26	1
f3527b79-23a3-4101-a2a8-e9d2c55bf357	789	1637	101	26	:
d92030f4-74f1-44ac-8eb4-b56800eb5861	893	1634	145	29	appears
b0eba815-8565-4132-81fa-1921b8267784	1042	1634	51	29	to
3b645cfb-9ca0-457f-8574-be39a43b1987	1096	1634	98	29	Alma
9fb0e37e-f1e4-40ef-8e20-d2b3722026bf	1198	1634	76	29	and
7f3ef039-86d9-49b0-9a45-c1dea4415edf	1277	1634	87	29	sons
02e63652-79eb-4481-b2b2-8c293b99302c	1368	1634	33	29	of
cacd77da-aa85-4c96-8587-b93bc82571ee	786	1663	124	35	Mosiah
962f3e20-27fc-4c6f-80ea-76a6105132ee	786	1663	124	35	,
b98fe06a-825e-4f66-8e79-d6b504bc9473	913	1663	111	34	187
fbb0ced1-de4d-4ef8-8411-bd371669b34b	913	1663	111	34	-
11b3cc10-908a-4fb0-a58f-e9a7b87f2559	913	1663	111	34	11
50c0e380-7ed0-461e-8011-bf380ab45379	913	1663	111	34	,
55a5cf9a-9c90-4fab-a98d-a0980f121272	1028	1663	102	34	286
0fb3966a-a777-4b98-965f-2178000ad23e	1028	1663	102	34	-
c9ffa493-7999-4197-9ab6-dd0e9d80ad7d	1028	1663	102	34	8
33f0009a-9917-4597-972f-829f7214cb5d	1028	1663	102	34	;
89532991-0422-4304-b9d1-bcaf9af508ed	1135	1663	128	34	appears
b86b99ee-5606-438f-be71-472c07fc06f1	1266	1663	34	34	to
d7dd7b6c-b649-4d74-ac03-cdc331b35eae	1305	1663	96	35	Alma
d9cb2731-2af5-446f-bb40-c99398eabcbb	1305	1663	96	35	,
f46d4bc3-cc02-49dd-b05f-142c7fc85632	786	1691	119	35	214
52b1a5d2-c774-4b1e-ad10-dc81e88bce20	786	1691	119	35	•
d9ca165f-f960-4691-8b9a-f6d08bd119e7	786	1691	119	35	14
67bcf763-be4f-47aa-b37d-96569ea392d0	786	1691	119	35	;
eda89e21-3b54-405b-9e7f-512001b013b7	909	1691	131	35	appears
0d1dbe9d-d1e1-434d-8e82-1b9ccafa7fe4	1044	1691	44	35	to
7d97e997-ed9e-4d7e-9f66-c151d70934df	1092	1691	136	35	Amulek
7ffc27fc-b34d-4eb6-8c17-2b46a00bd56e	1092	1691	136	35	.
7b5f609a-48a3-4598-bc90-f4b7b6bcf5dc	1232	1691	109	35	219
76ced464-4efe-4730-9a9a-2b767b22faa4	1232	1691	109	35	-
44c28153-6720-4e4b-aa87-7ecfea62d6c8	1232	1691	109	35	7
0e712e2e-506c-47ea-a9c5-8365d4ca492c	1232	1691	109	35	;
551fb45a-6f44-4407-bd6e-3ce4aff230ea	1346	1691	52	35	ap
2d123263-5bd0-4590-a9ff-2037bf7f45cc	1346	1691	52	35	-
d4cd4643-22d5-4a9e-8281-2baa18198419	789	1720	91	28	pears
1acdbbc2-c02d-4017-9c77-cdb0b42e90d5	883	1720	45	28	to
6f6b2f10-5724-4ca4-875f-d47ac4f52cb6	932	1720	129	28	Samuel
33360fb0-694b-4962-ac17-3e92695347de	1065	1720	63	28	the
b66d3ac9-dff4-443d-b537-41917e00ae35	1132	1720	168	28	Lamanite
099d381e-01e9-4e59-af02-a372d852a334	1132	1720	168	28	,
57c63472-40fd-4e46-821b-92ad9044e04c	1303	1720	97	28	390
65dca2a2-c856-484b-9dbb-c896af11d61e	1303	1720	97	28	-
f903e478-5ce1-4866-b25f-96b4ff025873	1303	1720	97	28	7
d787d78c-a1ff-4343-af97-4ec2734e59e8	1303	1720	97	28	.
4f7a772b-08ce-4050-9429-9c8459311a60	757	1748	127	35	Angels
1546384a-39b3-44ea-8f7f-d43a9b158804	757	1748	127	35	,
17e41fd3-4795-43e6-99f2-f911891860af	888	1748	44	35	in
adc351d5-b80b-4958-b4a4-317508c1dd23	936	1748	105	35	vision
550258b3-a05c-42f8-89c3-405e1d5b7a43	1046	1748	44	35	of
4792539d-b817-4028-b59f-08b3eee6e2fe	1094	1748	87	35	Lehi
d09ec9f5-9e4a-49a4-8abd-040bbe69f0cf	1094	1748	87	35	,
60c4f97a-467f-43e5-b705-663269ea6569	1186	1748	70	35	2
9cd67ad5-4edc-477b-85e3-632e9f981436	1186	1748	70	35	-
6958ed67-8112-4ad0-9bc7-86d1bf69243c	1186	1748	70	35	8
56df67c5-d9b4-4820-a5f7-3193a2a9f8d9	1186	1748	70	35	;
da343079-6f8e-4fc9-8be7-940511448e4f	1260	1748	141	35	minister
e09595df-1c5f-431a-bf34-a2367b1157ff	842	1780	116	32	Nephi
82b12f47-3358-46f6-88aa-78ff0bd17b36	842	1780	116	32	,
2d9e3b75-7afb-4ca8-8cd6-73f6f19f04f6	962	1780	116	31	59
557262fe-28d1-430f-a7ac-a04e339bb6a7	962	1780	116	31	-
be155df0-2815-4e15-b31b-7f93b0f68896	962	1780	116	31	24
2905a14e-5e46-40d0-b567-7a75e3068f34	962	1780	116	31	;
85b0383d-db02-4d2c-a857-57aa707f9088	1082	1780	50	32	to
05c119cf-3536-475d-8778-d6aa6459dd88	1129	1780	80	28	the
e2fecb04-59b7-435a-874c-e6c0766b2ad5	1213	1780	93	28	devil
fcaa2cdb-4550-48e7-8daa-93ea0eecf0ed	1213	1780	93	28	,
8cda3fa5-93b5-4980-ac29-826ec3a0cb23	1312	1780	88	35	67
1f1888e0-a6cf-4b78-a063-13d4c2fddae8	1312	1780	88	35	-
fe201714-389e-451e-8962-925fdb80f054	1312	1780	88	35	9
afd36aed-ed0b-4574-8cfa-10cf15688366	1312	1780	88	35	,
bafa8a1c-ed77-4703-9fcc-a8dad5df9c25	789	1808	124	32	113
35ca4804-8498-4532-bc11-cd674804cd1d	789	1808	124	32	-
11836fda-4ea3-4af1-b99e-828d6ebf5a35	789	1808	124	32	11
b9401837-3de2-4b1e-b605-baca4893cf09	789	1808	124	32	;
814b4e87-4485-46e3-9775-3b25e44f843f	917	1808	104	32	speak
e72e86d7-378b-4a24-a276-237b247d7866	1025	1808	52	32	by
5f9aaf49-a139-4650-bd8d-b1cd7d4f811d	1081	1808	72	32	the
9a10666d-a6e4-4ab9-8ff0-53dc07d76b4d	1157	1808	108	32	power
f65241d1-53ff-4e2f-96f1-105d3c5ee11b	1269	1808	48	32	of
3f0c35c0-763b-4f77-b5c6-13f8a80da52b	1321	1808	77	32	Holy
4ce5a745-335c-4f99-bf26-8c54ebbe6b48	789	1836	108	32	Ghost
18e4278e-5269-43be-b38a-feb7285e9edb	789	1836	108	32	,
a0f9f193-b62a-4e5b-bf9f-64a2074e65c8	901	1836	112	32	105
5fa6a27c-d6aa-47fd-b995-ff35769a560d	901	1836	112	32	-
c5dd3891-08f9-4b7c-a346-4d5cd8d6600e	901	1836	112	32	3
fcd3c307-5cde-4469-9518-20436d9ddb4f	901	1836	112	32	;
3b485c5e-3141-4888-af89-a81b1b1787dc	1017	1836	128	32	declare
462e1bdb-08b5-4ad2-8abc-5ccc4f190c74	1149	1836	92	32	word
97263ecc-ea3f-4c5a-9d19-bfa37b22e931	1245	1836	48	32	to
372d7662-ab16-4419-9873-3af0e3170a8d	1297	1836	97	32	many
ab11f645-e120-4286-9034-1660c7e24f5c	786	1865	124	32	230
6bf4f728-a6b8-40ce-9833-cfa36815a8a0	786	1865	124	32	•
60324bba-9e6c-464f-a7ae-8d84eedcdc34	786	1865	124	32	24
30ceece4-92a8-4560-a56c-3f0cddb5d8b0	786	1865	124	32	;
7389fb7f-19e2-455e-9a9b-7e5b6bb64213	914	1865	120	31	appear
176dac85-4cfb-4c1a-a1e6-0a87243d8a32	1038	1865	50	31	to
7f528100-cd83-444a-b272-08f64bd761db	1092	1865	182	31	Lamanites
23e7cc01-bc3c-40db-ac30-d4a5c21cc9ac	1092	1865	182	31	,
fd8188cb-076f-436a-b63f-d23a239aa016	1278	1865	123	32	246
81008cfe-9a7c-4cb3-a6aa-8b5cf5f6cbe2	1278	1865	123	32	-
92b2b8ec-b80c-488d-8bcc-aa4fe26949e8	1278	1865	123	32	34
d2650f34-aa38-43b1-8dbb-37dfe0bf801e	1278	1865	123	32	;
dd18b9d0-a8b4-4ee1-b78a-4356cffa2a58	782	1893	136	32	doctrine
5fbacd5b-5ef8-40c2-b7f3-38c8a46c630c	922	1893	40	32	of
23da695f-06a4-4197-8308-db04e2b9ca63	922	1893	40	32	,
c276b3c2-99be-4974-bddd-9808d8efd4f6	966	1893	180	32	challenged
34031718-bce9-4d38-9fad-f14dee494b59	966	1893	180	32	,
86ce8504-e229-498d-9b6c-576d9423f26d	1150	1893	100	32	249
ff150ee0-3a23-4149-bd73-e03453156f27	1150	1893	100	32	-
ccf9dbf6-5c6f-451a-aa6d-81866125c42c	1150	1893	100	32	5
6d086057-092e-48c0-8bd5-046dbc6a925c	1150	1893	100	32	;
e9007112-448d-49a1-a6e7-7f44b38ef3ec	1254	1893	72	32	visit
39a1df6e-989e-4c21-8c57-5db7971e6f80	1330	1893	68	32	peo
aef09467-f242-45c3-b1a4-2d10d13aaf50	1330	1893	68	32	-
466a1a76-c074-4d0d-b3b1-3ef51db4cb37	789	1925	53	25	ple
b099d2ac-3c74-4ca0-b6bb-5e0fa5df9074	845	1925	41	25	of
ce0091b8-62fb-4cca-a9fe-0f454fa41521	889	1925	137	25	Ammon
9fe74280-5c9d-425c-a9c5-683db2ca8d0f	889	1925	137	25	,
dc2e0d35-4df0-4435-9c38-5d48518afcba	1030	1925	125	25	257
92303d99-33e4-4f19-85f0-1bff1689d6f3	1030	1925	125	25	-
b5a17f92-f8bb-4568-be8a-ff3ac88cbe37	1030	1925	125	25	14
bbae9680-ce73-4e9f-98c8-fc7d99a0fae1	1030	1925	125	25	;
f201ac23-72ad-469a-8356-484c68f9e42f	1158	1925	122	25	declare
4f1db993-b8a9-4a8c-a094-29016064e2e2	1283	1925	112	25	repent
62e3ee9f-f2b0-4afc-a356-448fc8987acc	1283	1925	112	25	-
1f128f63-1627-4ac9-99bf-df1ee0d96a8e	785	1951	89	32	ance
fe8fc661-e4d1-4b69-803c-27f229c8707f	785	1951	89	32	,
3502ede8-2848-41d2-a2e0-717ad0b70512	878	1950	124	31	369
9dd25016-f49d-466e-a80a-cb76c22cfe90	878	1950	124	31	-
c116c82e-7c4d-4d3f-a655-fab8691fa180	878	1950	124	31	11
a0df77f6-985e-4b22-a391-5a3ccf994ffa	878	1950	124	31	;
09df7749-c1b0-4908-999a-8eaea6323e06	1006	1950	89	31	faces
d5a26295-2011-40c8-a163-40ea21ab300a	1099	1950	43	31	of
fd163d5f-4991-4b6a-aad6-ffb84ed7354e	1146	1950	101	31	Nephi
b15c5b2e-6064-467a-9f69-d309cb36717d	1250	1949	70	31	and
43c5e159-db45-455e-b9b5-34a9f3c60076	1324	1949	73	32	Lehi
e71cde54-5090-452e-93f1-8f14bbe8368d	782	1978	83	35	like
e6f68eed-0bab-4129-86af-78d760382af1	782	1978	83	35	,
c5f078c7-2aae-4731-9c4e-b67844b622bf	870	1978	123	35	371
de1ab0f6-4ae9-452a-b270-b682b4c1ac03	870	1978	123	35	-
9ce5a7ab-b98f-438c-9c17-1282d6708116	870	1978	123	35	36
3bdc7f19-4c04-4fe5-96a1-5164642468cf	870	1978	123	35	;
710fc299-965b-4c7e-92b9-d1a2af542af0	996	1978	149	35	minister
a1fdabf7-53ce-47be-9f1c-6be3d433adbd	1150	1978	48	35	to
a7d9bed6-a967-40d8-8f9e-51bbccd6a7c5	1202	1978	123	35	people
6a37d13a-e376-4cc6-8d83-c71757d84c76	1202	1978	123	35	,
1d086e56-0a1a-453c-bfa3-a46eddf83dd8	1329	1978	69	35	373
a3812ab4-29a1-4790-8f4e-b2cd20e7c63e	1329	1978	69	35	-
86e8fe15-9afa-44d9-90e5-0b53701963f4	789	2007	51	32	4S
7f79d2f2-1565-4189-b7ba-8ad0ac7a76e4	789	2007	51	32	;
c54bffa4-bdff-4fe3-8c54-696e5b8178c4	843	2007	120	31	appear
33a8216a-c056-492c-966a-27f0f01acefe	967	2007	47	31	to
d10aa4d9-f0a1-4909-9b1e-d79e1a2043a3	1018	2007	81	31	wise
90b380dc-acce-45cd-9b40-82b59f2f84d8	1103	2007	85	31	men
3b05cdfc-6113-4c82-a130-801f07a2b6f9	1103	2007	85	31	.
707ba910-c0ec-4700-a3c0-27cadf2dd867	1192	2007	128	31	398
5b1957ce-a9ac-4c0c-964c-50fc7802d41c	1192	2007	128	31	-
2556ab28-52d9-45e8-8884-fa2c5f41d175	1192	2007	128	31	14
b0a7ae5a-e0d0-4d96-bc49-054b279a53d3	1192	2007	128	31	;
8f46dec1-c481-4024-9577-4f0487a1e434	1324	2007	74	32	visit
10ad672a-ad0b-4948-ae25-ed4d88e7ff30	786	2032	88	70	Nevil
8644d95f-2b2e-4516-8a75-a2a07c915544	882	2032	114	70	cone
7af1e1b5-368f-464a-9574-d278d78e5f4d	882	2032	114	70	,
3e39c681-1cfb-45ef-ae44-e96683695ef5	1005	2032	105	70	Hear
8d79f1ba-3da3-4e54-82f4-18dce9241122	1119	2032	140	70	amister
233a3bf8-f8e0-40af-ace1-feb2b2881648	1267	2032	35	70	to
685ffeb0-8e33-4a0d-a9db-eaf221e1213f	1311	2032	93	70	litie
