ID	X	Y	Width	Height	Text
92491b31-3419-430c-a4b8-78ce0fdbb35a	662	107	145	39	INDEX
6cf82d0e-b3ea-47dc-9a9b-bc6eb41b9bad	1325	107	76	41	543
68fdd425-a1dc-45a0-b5a8-8067259f1ebd	114	180	88	35	body
1d0dec9e-bd33-4298-942b-f5ca68843f75	114	180	88	35	,
1f7550d6-24d0-4940-83a9-b67e621bc7e3	206	180	105	35	434
b7340216-6ac5-4e46-bb98-3fe0e122bae0	206	180	105	35	-
1528a234-3a15-47a1-8b0c-c9f91d3c29e4	206	180	105	35	7
2238f477-b4bc-4a0a-9a97-10c63263bea4	206	180	105	35	;
418fbe29-8621-4e87-bb03-9c95f467ac25	315	180	44	35	of
523f0422-a1e8-47a3-8f71-2fa9d8529844	363	180	57	35	his
229ad7db-ec1c-447d-a21b-47e913e110c0	425	180	105	35	bloou
8e66847f-8b15-44fd-8673-bb4b169f2e19	425	180	105	35	,
0671cc74-996b-45a1-8c71-ca0fa0607981	534	180	123	35	434
4019e308-08ea-4340-873c-78cdd9052eff	534	180	123	35	-
597a07b6-af1c-4a18-905b-693f831354f4	534	180	123	35	11
9347ffc6-b7a6-468d-8d73-b696c60fff2f	534	180	123	35	;
2ef184e4-823a-4cfa-945e-9bcde39db9d3	661	180	99	35	for
2ad4f957-12bf-4ceb-8830-8016c9c2e397	661	180	99	35	-
cecb039a-5813-4310-ac0e-b067c00633c5	754	174	86	38	City
82496827-be0a-4cd8-b651-1464b277e3fe	844	174	43	38	of
ba04b52d-46e8-4463-a6ed-26fb4e2d187b	892	174	119	38	Nephi
45d6961d-8237-4f51-a1be-f4f7730a067b	892	174	119	38	,
d1608b84-d33d-4677-bd5a-134239519e55	1015	174	43	38	of
74d1caf7-6896-47f2-a3da-6b7094e89b9f	1063	174	185	38	Desolation
a3a1b32e-11fd-4978-9216-fbd0c3986d0e	1063	174	185	38	,
2fda96ea-0dd0-4f8c-b720-b1e724f6597b	1253	174	47	38	of
9c04fecf-5781-4692-afbc-94edc8e4b7c4	1305	174	96	38	Zara
33a7ce52-dffc-4721-8971-9cf1e2033f38	1305	174	96	38	-
dfcad3e6-1d03-494c-87e9-7d2423945969	117	209	68	31	bids
f2a598f9-fed0-44c7-91a2-16511812c6ed	188	208	162	32	unworthy
db246951-f54a-4c6c-9d98-ae286d82b49c	353	207	42	30	to
26d05328-6d50-4d74-96c0-88516886c08e	398	206	139	31	partake
d07e1b3a-68ef-4101-a494-2ebc7bc5a203	398	206	139	31	,
61cd2c55-a1bc-4fcc-a94f-683031847171	540	205	116	32	435
d9738f11-6bfb-490a-b734-864de94c0a49	540	205	116	31	-
78c12229-6f55-4077-b34c-2a9f3cc28c31	540	205	116	32	28
7deecee6-4658-4f75-95be-ffe865143d0c	540	205	116	31	.
891df2a8-7ac8-44a5-95e1-cbb1b10ee3be	782	205	109	38	hemla
83d9a5a0-dda1-4648-a2ff-f6e85124473f	782	205	109	38	,
d6d23b70-f347-4249-ab27-2489d3d94710	896	205	71	38	etc
0a9970c3-81a9-43ba-a3f3-6938d11e29fa	896	205	71	38	.,
cb9ca68f-d24f-4a21-ae78-80045c027f53	972	205	62	38	see
53f411dc-38bc-4c77-81b1-968df14505e3	1039	205	105	38	Nephi
ae252933-4702-428d-bb33-332a547c8715	1039	205	105	38	,
2571e4ff-c4fe-4281-a82d-7d3b57c31871	1148	205	71	38	city
e494f4d1-ea51-446a-aa2d-29ffa4195e41	1224	205	48	38	of
c95b4850-b309-4826-8189-0c6831d9ecd0	1224	205	48	38	;
411424ff-aac7-4a18-84d0-d34ec71b5211	1276	205	125	38	Desola
2f15a14d-36fe-4dea-b736-59e38897a7c3	1276	205	125	38	-
c3177d65-0d4a-4a99-9abd-7cc10994795f	786	234	76	38	tion
920513b4-4178-46d0-9778-4226f55f10e1	786	234	76	38	,
2dfb377c-1933-416e-b8dc-d0d8b111df4e	867	234	71	38	city
e2eb1345-7d9a-4d5c-9d21-ad019984405a	943	234	48	38	of
f3c1961f-9908-4a41-b0d5-0f28d3dbd140	943	234	48	38	,
c8a1b477-76be-404e-946e-70f1f8a6bf87	995	234	65	38	etc
1f9d4e85-121c-4fe9-8074-390094fe4ab9	995	234	65	38	.
037f3f9f-aa46-44f7-8b09-103ab068b298	754	261	199	36	Civilization
31f3783c-0708-401b-8e77-367d21dd4bfc	754	261	199	36	,
2562e122-1068-4a4f-ae48-71aefb5184d5	972	262	180	32	rebellious
cb7c6d12-b3b0-4209-b563-1f932c0b74d8	1156	262	164	32	Nephites
85679c4f-99e8-4114-a92d-7c221dbc863f	1324	262	74	32	sub
8656961b-106c-43f6-907c-3bbb95fa313c	1324	262	74	32	-
a5ea5579-db92-4c20-a7ba-5cb237ebcc3a	114	293	144	32	putation
df28a464-c3cb-4059-9789-014564594c3d	114	293	144	32	,
6484ab6a-b8d0-49bd-bad6-ae452d28cf06	261	294	124	31	422
9085c1ff-3dbb-4cf4-a047-4e15fbfe85e3	261	294	124	31	-
c117ce30-cac3-498e-a514-7cbe736ae3af	261	294	124	31	28
9cfd365e-888c-4144-87a0-76ddb6a901e1	261	294	124	31	;
a457b282-02cf-46dc-a3af-96968b385a05	389	294	50	31	all
94e10864-fbd2-48e5-8879-6e4f829916e4	443	294	78	31	men
5ec3cb40-9314-45a0-ab4e-abaeb79e003e	525	294	93	31	must
be841131-107a-4aad-9b5e-de674b93b8d2	622	293	104	32	repent
cc71b67b-0852-4364-92eb-5c2b64d8d003	110	319	65	35	and
0a8c0d17-a111-458d-83d3-acc24f51168f	180	319	122	35	believe
5d4819ef-4255-491a-8906-6ade95aad33f	180	319	122	35	,
4ba0dfd4-b866-48b2-b96a-945b7852add5	307	319	122	35	423
2984a180-c2d2-44a5-b33c-4f5efcf21297	307	319	122	35	-
002738c2-7a66-4e9b-aef6-fb9347df738f	307	319	122	35	32
7b578006-f100-4298-b64a-83f50bc901e1	307	319	122	35	;
86998e29-3523-4121-8f5e-77e1a1ec2d40	434	319	127	35	become
3852ec25-c61c-40b7-92c3-5de5ac2ad630	565	319	44	35	as
53488a3f-56a8-43f2-9368-f37cc7bf8808	613	319	26	35	a
c426d943-99ea-4b47-b9e7-73fd28e91e8b	644	319	82	35	little
8425b3fc-1909-460b-bfb1-26cecb5a5775	110	350	100	35	child
f0d4117d-5c4b-482c-934a-cb8c23616210	110	350	100	35	,
f378adf3-3585-4157-91ae-3b345862a856	215	350	136	35	423
a4a259eb-1649-41c9-a5d6-d1c4e440277d	215	350	136	35	-
c2186a6e-d657-40f8-8e28-a1eae49d61d9	215	350	136	35	37
2d81852a-197c-46d7-8831-92c8773f783a	215	350	136	35	;
852be979-6c06-4790-ba7b-e75d5b7f3c41	355	350	70	35	the
6191f99f-cf7d-480c-8463-916a4b3b83b9	429	350	91	35	rock
6aa23f64-9789-4551-9ed1-d4807dfd2d88	429	350	91	35	,
1eb3675f-ba97-4fd4-a96a-9f4e51fb406a	520	347	149	35	423
447efbf9-6389-44cb-b2f0-55f650f49e02	520	347	149	35	-
01192ded-a760-4f73-a59b-0e63d1a441e2	520	347	149	35	39
c292074e-2485-4a10-8cc2-ec5bf519d2e6	520	347	149	35	;
4c782323-0c22-4d81-b7dc-fef7644d7f77	673	347	49	35	re
08fa265b-6d69-4252-9836-9791bea14d96	673	347	49	35	-
ab4fd5fb-45d4-4325-afa9-525db6d9ce71	114	372	85	35	peats
bf2274ac-3c5a-4163-8d53-06bf4ec52068	203	373	123	34	sermon
e91ab04a-d6ba-4306-a58a-8faf77d08898	331	373	42	34	on
03d04b24-6dc1-44a5-9c58-e4ee365afe02	378	373	59	34	the
d10a4847-e8d2-4f0a-886d-48fe23eda8f8	441	373	119	34	mount
80f0bc6f-8166-4829-817e-c4f2a395e7de	441	373	119	34	,
2afea877-6853-45a2-a757-41d56b6edcba	565	373	102	34	424
f534cc41-72dc-4d4b-b4d8-c5f6de92fe15	565	373	102	34	-
7cb0a1ec-2fd5-4661-bb0f-3aafe4e5d049	565	373	102	34	3
aa55f42e-602a-4ed0-aee0-d7b05d55c906	565	373	102	34	;
e40d1072-2e4c-4ecf-a367-a12b64b52650	671	372	52	35	the
a2b647fe-e405-4702-9ac5-0247d0c2321c	110	404	185	38	beatitudes
1330d46b-df58-432c-bdc9-be458de85d33	110	404	185	38	,
1b9ffb30-4b7a-43a1-8e89-6f909b36a0c0	300	404	109	38	424
f86b37b0-37f8-47c6-a8a0-d8a4c863187d	300	404	109	38	-
58754a4c-6b42-45d7-a3db-471317a4ca2b	300	404	109	38	3
ae6a323e-f4a6-48a7-aed6-b3de081cc735	300	404	109	38	;
4feb14d3-9725-488c-847b-5313535284f6	414	404	66	38	his
09cc13cb-f9d9-451f-9e18-848894d71dda	485	404	114	38	sheep
08e30606-579f-4544-a5d0-3e8e65a9a2f5	485	404	114	38	,
da87e8a7-f8f0-480d-9778-92d63e2161be	604	404	122	38	430
f6645c45-98f6-4195-94a6-663af0a2699c	604	404	122	38	-
7209260c-0a48-4769-ab72-5e5bfcd937da	604	404	122	38	24
79b1f37d-325d-48fd-866a-1ddd2ba8dbe3	604	404	122	38	;
ef977e21-c7d5-4b0d-ba1c-b592781390fc	114	435	69	25	still
8b6931cd-2860-4f5a-931b-c6d9e38ad211	186	436	94	25	other
f28a3a4c-65d4-4578-9f5c-ff183aedee6d	283	436	106	25	sheep
b3eb1fdf-8625-48cb-912a-e283e22dfc1d	283	436	106	25	,
6004f429-65fa-46e0-90da-cf226f129b0d	392	436	109	25	430
fee578fa-eb69-4697-b04e-03e85663421b	392	436	109	25	-
3b868cab-5cb9-481d-a097-e191e55e7c14	392	436	109	25	1
f47065b0-6dc4-4983-a77b-bde3f94d160e	392	436	109	25	;
045c7411-061c-49ac-8259-2a7652d1181d	505	436	62	25	the
87a06281-fef4-4133-ba6c-5e30d0619b07	570	435	152	25	gathering
410065bf-8eb1-4e32-b8f7-fbf4a21bede2	116	464	34	32	of
72b0eaaa-56e5-4cdd-9859-ecd71ac98ec1	154	461	113	32	Israel
657c7924-5aa5-4cf2-bde0-3c3accb44522	154	461	113	32	,
b7b238d9-9868-4496-99aa-307e38f5fd4b	270	459	109	32	431
0c9253d9-aec4-42de-b738-32cede8d5130	270	459	109	32	-
6df38375-abea-41a0-8400-3bc17b0e76b2	270	459	109	32	5
416ac5af-bd49-45ff-8656-8f9f4ec3b943	270	459	109	32	;
2ebeb9e6-af53-4861-9054-023c4ab8a23b	382	456	143	33	Gentiles
a1569e38-a1b5-44ad-a725-cc8856828286	529	455	46	31	to
143b84b2-f42d-4e58-a380-f4da461199b1	577	454	53	31	be
78af8352-4729-4456-a0d6-3666696a24e8	634	452	89	33	num
4f4aa884-d559-48d3-b2cd-ef1fa38c5e80	634	452	89	32	-
afa6569c-7edf-451c-b3ae-f9fb8b2a4147	107	486	96	70	watch
24bffa9a-1473-434e-a85f-aa9b34e6dc7e	212	486	70	70	with
d40b5058-4fa0-458a-ac58-353bd27ab8e5	291	486	61	70	play
6c5765ca-c497-4d5c-bbcc-0bc57418d12f	361	486	122	70	peoples
0515201a-7b07-4d7a-bc71-39a4fa8f70dc	361	486	122	70	,
c06fec6f-be82-4413-b7c2-d355f2495261	492	486	17	70	4
c54d214f-d31c-49a5-b6a1-40871088c9b9	518	486	87	70	cd
05edb149-19c5-4e67-b9f5-44cb58cbdceb	518	486	87	70	,
30780f80-3fa2-4456-b2fa-c80a26386950	615	486	114	70	prayer
12b881e8-bac9-45b4-a63b-685b5ed9ed17	107	546	38	38	in
47df03a4-1b06-4edc-b68a-eccf249b2c5a	150	546	143	38	families
72b0856b-17e9-485a-bbce-567630a7bb63	150	546	143	38	,
beae9152-eae5-49ab-98e0-5e28ad2a2162	297	546	124	38	435
3068179a-e0d0-4f0f-ac34-b6abbc9b522c	297	546	124	38	-
a11b3c02-43d8-4fc0-8251-11d4e74e866e	297	546	124	38	21
419261d7-c850-4fc8-bc77-903058645b6d	297	546	124	38	;
eadb8b7a-15b9-40db-ab7c-be5aac1a2d45	425	546	86	38	meet
2a1826e3-89e9-4b07-9915-a145d14950bf	516	546	147	38	together
1a695ee0-7c95-457e-aa0a-709863f23f0b	668	546	58	38	oft
4239e6b5-606e-4678-aecb-63d07ca87a3c	668	546	58	38	,
ac427830-194e-4796-ada9-81ddd229ebf8	107	571	123	41	435
30c0a614-f240-4214-8f9a-db5bc9884cd6	107	571	123	41	-
08536248-491c-43ba-8f33-eded5ca995ba	107	571	123	41	22
7e6f635b-cccd-4898-8530-362611722e95	107	571	123	41	;
392ca432-79a6-49be-92e9-704a60f57d53	235	571	118	41	search
c2063408-1b0a-4fb9-8ad4-1a590f1f0e94	358	571	185	41	scriptures
f31a1e2c-b4ee-45e4-9c42-af249e46533c	358	571	185	41	,
b524b4b8-9517-441f-a900-e9b5228bf8f1	548	571	113	41	445
293b5c75-0baa-40f8-b531-f07185c84b39	548	571	113	41	-
f2214ca8-5fe2-4f53-afe9-c8f41d8c1ae3	548	571	113	41	1
2aa9a955-48b8-4796-9252-0795c0d27f54	548	571	113	41	;
66c27478-8f43-4cce-8d30-1aa63882f45e	666	571	57	41	his
3bde1b10-128a-4f32-a727-b14fde72e049	114	606	164	32	teachings
f44ca02a-b8b7-42ed-ae1b-32e88f804cf4	282	606	52	32	to
d795583b-ba48-43ab-9c28-c8f7bbee7143	338	606	56	32	be
73bcc073-0674-442b-9ce4-18ff577044d9	398	606	138	32	written
a06482f8-6257-4729-bfa8-68ba79bbb6bb	398	606	138	32	,
c932e6b1-933d-43a2-8547-3024935553a3	539	606	124	32	445
64297f3c-d306-43ee-9bcc-bb56088f75ab	539	606	124	32	-
2a7c879f-239b-4f37-bad0-1d587ddcf017	539	606	124	32	4
e7835261-a7b8-45d0-95c1-d05700447c03	539	606	124	32	;
0043e953-e3fc-458a-bf86-d35fdb4c2a97	667	606	55	32	ex
3749dbc5-eead-48be-aa63-9b1063777736	667	606	55	32	-
17c389bd-1990-459e-9611-f83ad9bd8471	110	634	123	35	pounds
8797901e-af72-437a-8a9c-bb86987baf32	238	635	178	34	prophecies
b8e854c0-eb8d-4859-b88a-a97e5e6d4c98	420	635	51	34	of
3317a369-a9fc-4a7c-a767-d10efc652c09	475	635	145	34	Malachi
c2aed362-d8cb-456b-bda0-feaf561a3ad7	475	635	145	34	,
04aafee0-a58e-4be3-ae4c-d50bfa405e98	624	634	101	35	446
52ed7dce-8eb0-4b38-a90e-97b66bed72fb	624	634	101	35	-
3dcb1acc-0229-44bd-9109-6757492b7bb0	624	634	101	35	1
97c5cf3d-d289-4aa0-b090-759e6c688a3f	624	634	101	35	.
efae86e7-05a8-428e-8d2e-c7680b0ae97b	110	663	148	35	Disciples
32410c9e-e05e-4ea8-a931-e46fea1fb656	263	663	57	35	of
14a6f6e7-6379-4c72-a3bc-f50139f3ec4d	263	663	57	35	,
5de930c9-a664-4e0c-bbd8-a07d68e6ffbb	324	663	31	35	a
aa70d98d-0ec1-4f20-a8b5-6469706d0f86	359	663	88	35	light
b5031db7-ee16-4398-94e0-7b4cf18a34ec	451	663	88	35	unto
3ee67434-b2f7-4d2a-a58b-e82f1027c0ea	543	663	66	35	the
94c0e280-11bc-4c18-8348-f7389b8143f2	613	663	112	35	people
532c94fb-4fdb-4fe5-96f1-c309668b1cce	613	663	112	35	,
b70ede17-a4b1-4a53-800d-4677f5381be5	107	691	123	38	429
3224ffe1-06fe-4ae7-bbb8-008781e1a7bf	107	691	123	38	-
eaffa01c-ed4c-4df8-81ca-6a29ba1bc339	107	691	123	38	12
167abee0-e11b-4c46-8f1a-75f5def66339	107	691	123	38	;
67217f6f-056f-4582-a503-d5dab4ee7425	235	691	109	38	names
162d7321-ea23-42dc-af58-3c68f72b4cfb	349	691	43	38	of
aa973af1-b2db-4827-92c9-3b2f09b9240a	397	691	66	38	the
a981e3b3-b060-4215-9946-ebd88d61759a	468	691	133	38	Nephite
3233ead0-5053-4264-a3de-c5d093f8d14e	606	691	120	38	twelve
6cb223c3-cbde-4979-afbd-9c91e1631fc5	606	691	120	38	,
d8c75023-84fb-4f35-a7da-0ed7c93d58b3	107	716	77	69	sires
bd7c4636-a608-4d72-8a0e-f866574cdc08	193	717	164	69	expressed
319c17af-b354-41cd-941c-239651f8f862	366	717	129	69	sealed
51d4794e-34ef-490a-8756-ca92894df8f9	504	717	112	69	orres
d1324e82-2b26-4c28-9e9d-daca264569a9	504	717	112	69	,
ae54b8db-6e0f-43bb-96c8-c874bb557020	624	716	104	69	4525
32a05c6f-87f8-4612-8e58-870448e56834	625	716	104	69	;
835ff0f2-ffe3-499c-b7c4-32c26a9f00f8	110	776	124	38	desires
c794661e-99b5-462d-91cb-6d17c4d0ff79	240	777	153	37	granted
383f4635-c0d0-45f1-8119-380bb309e507	240	777	153	37	,
7661e117-1c2a-4230-b82c-6e1ca134ba5b	397	777	116	37	452
1f14080b-eced-4756-ad9c-0660de7086e5	397	777	116	37	-
7c54504b-f413-4bb6-a879-8322b13f8d83	397	777	116	37	3
713b13c3-6746-4bbf-8fe3-bf4019666324	397	777	116	37	;
163e07c2-a9fd-4d59-be36-fb320da2fa46	517	777	69	37	the
3ec886df-e42b-49e0-8093-8cec2c5d86c7	591	776	131	38	promise
e39e7df8-a0ad-4333-b407-a68669a63668	110	805	94	63	given
4e388703-f50e-44b0-89b8-cf1fa9882270	212	805	39	63	to
cfc20f44-5e86-4735-94c5-a62945072d9f	260	805	71	63	to
19e1fee6-e36a-453e-a1b6-f6e4935f92fa	338	805	94	63	three
c6dd644e-06c6-43a0-a5a1-43903e2b71ea	338	805	94	63	,
8aa492b4-36d4-4f57-9021-58f069828615	441	805	63	63	face
b1f8604b-3c82-42e5-953f-52741f23feae	512	805	39	63	of
a67e3e7d-6128-4a0d-8b8a-8b9749074264	559	805	63	63	the
5540d2b9-3632-4c05-8683-e875b180cc63	630	805	96	63	three
e269ffb6-175b-4bb5-938c-30575bfc9c56	113	835	50	34	go
68289e9b-b5aa-4a9e-a2eb-a525c71ee5bd	167	836	95	34	forth
34881317-5108-46d0-aad0-fb8e85bd3ee7	266	837	91	34	upon
7b5fd415-5dde-4a89-9aed-9360cf35e3f7	361	839	65	34	the
60b1ea77-5a4b-4b81-b0f3-83d0e5a49bea	110	861	118	38	453
9a85d6e8-c8fd-45af-a55d-90110fd9178a	110	861	118	38	-
a331d4d7-31a5-4c23-8c3a-8fb210c1634d	110	861	118	38	18
8f85a547-6bcb-4337-9268-d68e42494fd8	110	861	118	38	;
e888c055-36e6-490b-b643-3d921e5cbc2d	234	862	90	38	their
661c842c-826d-43ac-80ab-3fdfe9201f24	329	862	185	38	miraculous
7b0f1ee0-cf6f-45d0-a6e8-25201a8cfb3c	519	861	207	38	deliverances
f2f1e8f4-0f1a-47e5-910a-d0ca3939c131	519	861	207	38	,
1fda9ef2-a4d2-40b8-9745-b3c2a90b7ea0	114	896	119	28	453
3124b96a-2fff-40d2-9ccb-efcc4b9ca03f	114	896	119	28	-
250fadb9-d806-4066-9262-899f6e5294cc	114	896	119	28	21
d2385933-4aaf-4718-82c5-168c9adc5434	114	896	119	28	;
41bbc774-590f-4e0d-b36e-544417b7d0d2	236	897	108	28	names
2ad3663d-5432-404c-a5c3-5938e0287205	348	897	42	28	of
205dc08c-38c2-4391-80c7-f6f6b3802e8a	394	897	63	28	the
d6725042-1f55-4743-a6af-22a6cd5e555a	460	897	94	28	three
6f42d2d5-cb0d-480b-ae6a-31bcc025543f	558	897	63	28	not
884d7af1-56d7-476e-88bd-9aa12aa3afb3	625	896	101	28	given
c489ccd4-966a-45ba-b90c-77fa0b269ea2	625	896	101	28	,
85a69fb8-2f46-4f16-946b-fa651fb3fc82	113	919	113	30	453
d40e6f61-bdaf-44f1-9c0b-938f3665ad12	113	919	113	30	-
ce074ffc-66c9-468b-ac61-a0f8b89142b5	113	919	113	30	25
0044e4c1-cc81-4bd8-b59b-12003f430008	113	919	113	30	;
94e45e7a-7665-49f6-861a-256f10ee9a0c	229	920	80	30	they
8cb5ad25-3385-4472-b38b-1ace0141d120	313	921	142	30	minister
19714a49-a86d-4fcf-bcac-c8e1fc8ceb5a	458	922	44	29	to
cd3f91e1-c6b2-4c57-be46-a994f5732af1	505	923	145	30	Mormon
9373fa4d-338c-418d-8c6e-0ce396a96e8b	505	923	145	30	,
615ffc25-cdaf-419c-85ed-882c5e01785a	653	924	69	30	453
1932bab7-129a-4a9e-ad7a-e619fe3d8c53	654	924	69	30	-
0b587b8e-8f06-4e2d-b2da-d5879c7be77f	110	947	140	70	Gentles
65ee960f-4411-4eb8-a624-f7ce1bc5de85	110	947	140	70	,
df8367a7-44f5-46c3-a131-fdad8cc64b09	259	947	61	70	do
fcb7b3d4-0142-44fe-a765-95f939718531	329	947	157	70	unknown
860344d2-d56f-4e42-b3ac-7884344ed1d4	329	947	157	70	,
4821dfff-3297-47bc-ac44-100d1ec67bcc	495	947	158	70	45320n5
7f668248-ebac-437e-a042-a19888574213	661	947	67	70	the
157a071a-8e5e-48a7-88c1-4276672b8c09	82	1013	171	38	Christians
e15cf460-0f70-4104-82e8-b23366a48910	82	1013	171	38	,
8a083a7c-1b5d-4f0c-ad27-6af01ab8274c	258	1013	90	38	name
197ddb26-d0a6-4120-8e8a-2ba07d6b9a7f	353	1013	90	38	taken
8b9bf26d-2dff-434a-9bd2-a7fedad01cfd	448	1013	48	38	by
379adead-a3c9-4336-a112-e96fb81ab44e	500	1013	152	38	believers
4055c9bb-65aa-4b3b-963d-f10d9fcd23e6	500	1013	152	38	,
6d102ba3-6e0e-4d3e-8684-eec8bc6865ce	657	1013	69	38	310
aeb1595d-df97-42eb-903d-401605c0dced	657	1013	69	38	,
ed405b19-e1d3-4003-b606-425b0c8c48b8	107	1038	51	41	15
189419fe-c063-4617-afcb-45eb20b5c235	107	1038	51	41	;
8a530920-7d5e-44eb-8533-e025816d1dd6	163	1039	92	41	cause
7c68cb7d-f34a-4154-be83-5fa0563ef854	261	1039	41	41	of
a02e63fb-2aca-44fc-bbe6-d95bce48b45c	261	1039	41	41	,
11608556-79f4-4c61-830e-68dd74c941db	307	1039	154	41	defended
bc9610e3-25c3-4ee4-9442-d493e0776a98	307	1039	154	41	,
a616103a-750b-4f09-90c5-6923e4353ed9	466	1039	113	41	316
6f33dfaf-ace6-4001-a441-9d747db38361	466	1039	113	41	-
5735bb67-f4fd-44fb-8235-b7404950bbb4	466	1039	113	41	10
3a3f3b6f-9309-46f4-98de-4afcca62a7ce	466	1039	113	41	;
bf2d2fab-8c5f-4c43-b134-dd0d1925ed14	584	1038	142	41	executed
ba660e44-a30c-4f7e-b3ff-c0a205f70131	110	1073	140	35	secretly
3c30a0e0-935c-4923-9cff-9c492d896552	110	1073	140	35	,
ce362b8b-1f90-463c-a671-c5f863ad8bd9	254	1073	115	35	412
d063b126-3b77-41a6-94a7-cc0f0b9750c2	254	1073	115	35	-
d528b6be-71bf-4b66-bab0-36f6907d75df	254	1073	115	35	23
8eaceabc-8810-4682-85a0-615888ac123e	254	1073	115	35	.
6a5ef756-d65e-4498-bee0-50980d80dca3	82	1104	133	38	Christs
d9ae00d9-0758-4fc9-a6c3-108b55e84b1a	82	1104	133	38	,
0a5999a3-f798-497c-8c51-f4bd95754fa2	220	1104	90	38	false
43cdb96e-4604-405d-aa8f-35b4aa1d232a	220	1104	90	38	,
9d91dc9f-47c9-4959-b4be-bb2d660cd86d	315	1104	117	38	133
e1348713-52aa-4948-bc10-ccda3b31f068	315	1104	117	38	-
4bb591c9-bf37-4a25-91c4-3f3b74a9c213	315	1104	117	38	15
d7a8a759-4015-4b43-b7a9-60d4faab3416	315	1104	117	38	.
d85db9e9-e89e-4d8d-9167-26b198fe4397	82	1139	127	35	Church
a209ca1c-66cf-4dca-8408-e2778813de63	214	1139	47	34	of
994e3c94-8427-4bde-86a6-d08bc97ad644	265	1139	85	34	God
88e725ed-17db-4b4d-b649-307d25047599	265	1139	85	34	,
f9976d09-417c-4e05-b9fa-ac0b249f3acb	354	1139	110	34	26
00883deb-6709-4a6d-88b7-899b13e594f0	354	1139	110	34	-
38fbc5d2-93a5-4bfe-8b54-70ed123a7b07	354	1139	110	34	10
615c9545-4aa4-42a9-b772-28e95f99072e	354	1139	110	34	;
f55c4096-b012-474e-bef3-4af8def1123e	469	1139	81	34	and
2d0a1118-6896-48b8-9390-b21bf10a7f47	554	1139	81	34	fold
f74592f7-f02e-49d4-bd24-3d2158674fc1	554	1139	81	34	,
32478b51-2a8c-49d3-953b-7e10a0528d8e	639	1139	87	35	66
ff97b07e-5361-4ed2-8b8e-67f28f2a1c71	639	1139	87	35	-
6a7f3656-a077-431f-b009-ac5c8591fa6e	639	1139	87	35	2
1349e3fc-06ac-4eb2-8dff-6b7380a225dc	639	1139	87	35	;
e6dd4897-7444-4bbd-a7a6-43e19b501b69	767	281	158	74	without
914e6a07-3255-4bd8-b1d7-27bbb3850db0	767	281	158	74	,
2b3b26a8-72b2-4dca-88d4-842c9006f749	929	290	118	71	s18
1785ac35-82f4-4d53-ab31-472c5ad43170	929	290	118	71	-
5b8a9d55-0ee3-4549-be05-4a8c91b23f42	929	290	118	71	11
f19eea20-a346-40fc-8be3-0a112b61ac73	929	290	118	71	.
e8ee100a-c4c5-4961-97dd-d08686b5e15f	940	290	127	35	326
a5dc64a1-4d23-403f-8cbc-d04a41794230	940	290	127	35	-
8cd4858b-e7fc-4c33-ae53-4b30f02f7c2a	940	290	127	35	22
a84f30bc-724c-4c35-b927-6a79ef51d984	940	290	127	35	;
14f194ff-83c3-4a7e-aab2-32c4842e5ca6	1071	290	179	35	degenerate
cfa289dc-1057-424a-8e03-6c59dc6886dc	1255	290	143	35	Nephites
794740ff-cedc-4144-be05-51373384c0cd	754	344	116	66	Class
eb1cb4de-6cca-4a28-8d55-b992537c405e	878	344	33	66	1
f699545a-7f9b-4bbe-ad58-3868204ad5b1	919	344	99	66	nons
0322269b-0303-4dd2-8522-4a7855ad7af0	919	344	99	66	,
ecf12d90-8397-486d-847e-5e7479c7c495	1026	344	107	66	tople
204595be-52ec-4121-88e5-fd0b73e65946	1026	344	107	66	,
09e5c025-2729-4d9c-9a6a-c81243c290cf	1142	344	91	66	276
d0ac23c6-bb2e-4833-9244-ca1157e31e1b	1142	344	91	66	-
48abdf7d-3cd4-471e-887c-98e1379535d8	1142	344	91	66	2
7864bc97-e7b0-464e-949d-41127a6c4389	1142	344	91	66	,
a9514152-ac82-44c2-9be7-f33613593e71	1241	344	119	66	458
a98ef878-221e-4759-a5d6-b633d925fb24	1241	344	119	66	-
aa2195c7-dfce-4bde-8eea-00ae0cbba928	1241	344	119	66	26
df5b78a7-2f8c-4f9c-8f6a-47354a7a58d5	1241	344	119	66	.
b9bf9067-ed6f-480f-a105-72987a136d5c	757	407	136	32	Climate
29c093d8-3b52-4e53-989d-274fa8cd2762	757	407	136	32	,
b5a6043d-0283-4893-8565-ce01aad1dd80	897	407	144	32	diseases
6c086234-46b4-4ca8-b6da-c5eda9aae261	1045	407	64	32	due
02a14efb-3536-4040-b58c-e91cb6882919	1113	407	52	32	to
c09f0f54-fb56-4405-b19e-6edfa93c7b2b	1113	407	52	32	,
f2c49928-c227-497a-b981-715a8b81c6eb	1169	407	115	32	313
27abb1cb-cfa6-4566-b437-1edc1be9af2a	1169	407	115	32	-
ef03226f-9c4c-4b2a-9629-a05a5a99db44	1169	407	115	32	40
f836dd6e-d867-4e48-96cc-08f967ad1376	1169	407	115	32	.
704b800a-567f-4e53-b61a-0929445bbd08	754	432	47	95	Co
bba10655-ddfb-475e-be7b-e860e0eced7b	813	433	141	94	pite
0953e6b9-ea9b-44f4-9843-76fea207f053	966	433	141	94	3293
00138b89-5309-42ff-8e23-367ab00571b6	1118	433	35	94	8
25f94ef1-165d-41d0-b6cb-9b52d7025576	1165	433	153	94	arealite
39d854b5-b51c-4644-8eac-94ca290a7e9d	1165	433	153	94	,
1ef4c697-daf6-4270-9ea0-5eebbc9722d2	1330	432	71	95	403
88f9863f-3a02-4fd4-9034-586b21c6c6c0	751	543	104	69	Cloth
39ae777f-d7e9-42a3-a8b5-bf1ca0e6cad4	863	543	78	69	rom
90938335-ea28-40a1-83a0-394ed974c478	949	543	129	69	ors
039d70ec-5a99-48cd-8161-4bfb54dc3be2	1087	543	129	69	3073
9da843ce-23fb-41af-9931-73be829c74c4	1087	543	129	69	,
e893d599-400e-41dd-83d7-d09e23b14f41	1225	543	175	69	Westh
96bcf353-710d-4be9-b0e8-b958304d00a0	1225	543	175	69	.
77f97242-1563-40c0-9b49-c27bf33f9e1f	782	599	128	41	sheep's
7b38d509-7581-4286-95ad-083804e3944d	782	599	128	41	,
56ababfd-07aa-4b88-9815-f0c5ddde8df7	916	600	116	41	428
0a6c3cbf-b834-4633-9ad6-71f78b7712fe	916	600	116	41	-
316a498b-b84e-4d43-9230-5cee7ea95cd7	916	600	116	41	15
9c35eff7-a1cd-4917-b745-09467666a451	916	600	116	41	.
b0c906dc-7ca5-4c32-b14b-5a7a1d7aae64	760	634	104	32	Cloud
a63594c7-d548-40f9-aedb-85c00503c317	760	634	104	32	,
4c18d9e0-9aef-40c0-a4c3-f79de5670b2b	869	635	97	31	angel
a14561c3-6dee-4915-9a72-e6fa67ddafd6	969	635	170	31	descended
d2cf3001-7c92-4ea4-958a-027ad54fd255	1144	635	43	31	in
c523a786-09da-4d1e-883c-738da8a57d84	1190	635	39	31	a
51ac22e0-6978-4377-9a08-79b519cd4c48	1190	635	39	31	,
0c8ba4cf-c9f5-4d06-89a6-4327ac1284fd	1233	635	128	31	187
13da1006-3ec8-440c-815c-a4fb028d79c6	1233	635	128	31	-
a7b38189-ab9b-47dd-984c-214b4271f8ef	1233	635	128	31	11
f55618e4-558b-4668-852f-4efb8386fd1d	1233	635	128	31	;
bd3532bc-a934-4315-833e-275269e11782	1365	634	36	32	of
f9837e28-67d1-4c4e-8c3a-7d421f9ffd9a	782	660	148	33	darkness
916a7e3f-8d19-4f84-938d-7b6acfd45da0	933	661	82	32	over
2df936ae-9584-46f2-86bf-f6ecd5639d03	1019	662	132	32	Lamoni
140ccf9a-98d5-4f2d-8dd5-92ccc01757a6	1019	662	132	32	,
21dea64d-b1b1-44d9-aed9-599a12a02ed6	1154	663	109	32	244
44413394-1f71-4bc0-b343-4e18d4f31136	1154	663	109	32	-
9ae2d0b4-175c-4b28-a8fd-587cf0104da3	1154	663	109	32	6
798dbc73-1ec4-4211-9ccd-0b770c6f5865	1154	663	109	32	;
a220257b-0ac6-49a7-b1d0-8b67b1b43972	1267	664	39	31	of
db1ef90d-48bb-4ef6-afb8-f70716be6262	1309	665	85	32	dark
b02d377a-2a4d-4162-9412-e2c46d8c25f1	1309	665	85	32	-
f43860c5-5982-4bd9-81d6-14786e6c497d	953	688	196	34	multitude
d4b9d098-fb19-456b-8e9b-fed8470918a9	953	688	196	34	,
6c97bacf-11c0-46c1-b688-f1bbb7b0daa6	782	719	166	32	shadowed
6edf88d5-789c-497a-9406-f63b6944d67a	952	720	167	31	multitude
19941800-1fe0-4881-ab3b-9d68eb688992	1123	720	101	31	while
bec0c464-86e3-49da-9b63-079ae39ca01c	1228	720	112	31	Christ
57256623-2838-4ea3-8f15-9403b0f2fbf2	1344	719	54	32	as
37f538a1-51d2-4c44-8bc6-3f8f22575993	1344	719	54	32	-
1d308950-c54f-4b73-956b-c73094db39dd	782	744	132	61	croded
95883e7b-709d-4595-be0f-2926f04f702f	782	744	132	61	,
512f96c7-5d90-4c10-92ac-d7c7a088f605	920	747	30	59	4
4474a39a-58ef-4386-b03a-5e22c20a80ec	956	748	96	60	Jazed
47ba0bd1-7537-486f-b5ec-70ce67f61851	1057	750	81	60	from
2405a7b7-3a17-419e-95e8-1c645a91d512	1144	752	38	59	a
b4c06acb-673e-4e50-b04f-246152788503	1144	752	38	59	,
41ad2854-cb54-4bb5-bb46-c9fb7e5f1020	1188	753	97	60	480
ee08d2f7-b4dc-4c3b-bb73-414b3252c90a	1188	753	97	60	-
ce3cba24-b25f-4fc0-840d-88028962f147	1188	753	97	60	4
4dac1a98-31f8-4e1a-b07a-9e97fd3cfce9	1188	753	97	60	.
e17d5b0c-ceea-42a1-a379-b40c4c6447a6	1066	742	74	35	the
704191af-7d5e-41fb-8a7d-c338e004502d	1145	742	101	35	Lord
c6b7f99f-1dae-42a6-b710-34587d31a171	1250	742	105	35	talks
433ea6f8-0e67-494d-93dc-422606001c5f	1359	742	38	35	to
5c2f2ef8-80ac-4c64-a48a-d4e2f4373a15	836	804	172	29	Moroni's
b54739af-2aa1-4c17-b848-c12f838aa8be	836	804	172	29	,
93b4b991-0e75-4b3e-a751-75e5ef2348a3	1011	805	81	28	rent
0e3cf631-d8f6-4dc9-a051-cdd25dba2f5b	1095	806	56	28	for
5635f088-b6b8-4126-9392-bd31ce04a128	1154	806	77	28	title
4a1fe315-0503-4b2b-a47c-5bf704b37592	1235	807	42	28	of
141d3bb4-a508-42d6-b72b-4f88ecc51d4e	1280	807	120	29	liberty
030bba0c-9465-4cb9-a5a1-2e6a9f2cbc90	1280	807	120	29	,
38c3ef11-aae5-48a3-9f0e-b3e77746a778	782	825	125	37	310
142ca209-b76c-4a47-b3d0-1a225731a093	782	825	125	36	-
06e11e9c-e18a-4c34-8eb1-b3b4c50eb090	782	825	125	37	12
32205b5a-da7c-4d10-8118-d0c3557fc038	782	825	125	36	;
c175c9ba-6ab8-4b6d-8ddf-8b7087fc1b60	910	830	45	33	of
1ff7a16a-1ca4-475d-a5ab-651daa55da89	958	831	129	36	Joseph
6b7af157-b803-4c6f-8909-3b4b8ebef0f1	958	831	129	36	,
3c5e869e-2fc3-4a2e-828d-f7fe6f387909	1090	836	116	37	311
733d714d-b8ea-4a48-a1a7-2f4791386b7e	1090	836	116	37	-
c1beef2a-71e2-426d-b21f-a6626d84aaf5	1090	836	116	37	24
1e781264-b831-499c-a248-bc76e3f7e4ad	1090	836	116	37	.
6cbc20d8-1c9f-44d3-9a34-ca9e708a7c90	754	865	185	38	Cockatrice
1b97850c-d52b-47df-bc1d-8615f5f744b8	754	865	185	38	,
23dd8f85-ddb7-4201-bc13-85a864a6e3ea	944	865	81	38	85
1c1fdffd-a4b9-4fb7-9735-71bcb9bdd813	944	865	81	38	-
936a1370-ce83-459b-b36f-fec1ca330016	944	865	81	38	8
145ad8be-f683-4ae2-a8ba-0f6298b069b6	944	865	81	38	,
cd228a06-b2e3-41a0-8b9c-b27c2040386a	1030	865	105	38	89
56f17940-8db7-44d6-bd66-c780f6c4566f	1030	865	105	38	-
9035be1d-6367-4ac1-a9e2-fc2ed3917518	1030	865	105	38	20
33073690-e27b-451b-bd41-b8e68c6ecd0c	1030	865	105	38	,
72d6df19-311a-4fe9-8a4d-2d2f51405bf2	1139	865	117	38	103
75064266-a68b-4d7b-8ce0-faddf315e394	1139	865	117	38	-
399dbc67-07bf-433f-a2d1-2da329fbee26	1139	865	117	38	14
0997aac3-3582-41ee-8e3c-b18153f2db1b	1139	865	117	38	.
d42d2701-7cd1-483d-917e-9292e30fa347	754	893	109	39	Cohor
b5ce51e9-1bc4-48f3-a6ea-c065637b6e4f	754	893	109	39	,
4e2a206a-9d26-4bbc-a272-cb6cd0a0d2a6	868	893	128	39	brother
93ffe373-0002-49f3-9076-fe64d81905c8	1001	894	38	38	of
a34cde35-8495-4d2d-90a7-d8c181496fac	1044	894	100	39	Noah
13035c74-5adc-4641-974a-6b76b9048198	1044	894	100	39	,
35115e95-d373-45c5-99ba-79a3f5e73268	1148	895	29	38	a
4094e498-c41d-45f5-a49d-43e260071ca3	1181	895	143	39	Jaredite
730ce57e-1be3-4b42-aa4a-1588df1c0189	1181	895	143	39	,
04aac86c-f5d3-4730-af90-29ab0a67de74	1329	896	72	39	490
1288bbd4-2cac-46ae-b1a3-50efedcc0181	1329	896	72	39	-
b5f828ea-c598-4a86-aed0-7fe4444a70a5	754	953	193	67	Coredites
01ebc95f-98ca-4204-8026-5775af32796a	754	953	193	67	,
f9915385-3f70-4c96-a2c5-e31ee3f91337	955	953	151	67	490
f406c531-f7e5-40ce-94c9-d8685ea17422	955	953	151	67	-
a356a400-7963-4c94-a9d0-addf80c410a3	955	953	151	67	Noah
4f817492-873b-44b7-8855-349eb4406404	955	953	151	67	,
1f350c42-4a50-461f-8bc4-b48d6887c4b2	1114	953	142	67	becomes
c6518ef4-0cce-49ff-97fe-ee9a4ae62d0c	1265	953	84	67	king
7fd3b899-be0a-4801-9ffd-ff349f1067d6	1357	953	47	67	of
4b7a3825-b496-4e83-aea8-12efb5bdd061	757	1019	85	35	Com
d40be51e-1e4d-4797-ae4e-0a60f03ed489	757	1019	85	35	,
a4361e45-bafe-47fd-8fec-09910513e595	846	1020	136	34	Jaredite
1b8c73f3-9171-4780-973c-0d94abc112df	987	1020	89	34	king
4db65bba-ba84-4b5a-aa93-1417f41c9fac	987	1020	89	34	,
61503133-98b6-402c-b0c7-5b8ab3dc7612	1080	1020	102	34	father
e96243fc-882a-44fe-b853-44ac6fa2414d	1186	1020	38	34	of
3339fb97-6c0f-48bc-abed-eac70c2e0481	1229	1020	98	34	Heth
c9d56992-a6ae-4119-a83f-4f28beedf4cd	1229	1020	98	34	,
c8e9a8de-7a3c-4d2c-ab2d-e09f107c5f5a	1331	1019	67	35	479
72d9b413-6f3d-4209-9256-89c1a57376ca	1331	1019	67	35	-
daac2b11-4a28-4cc4-b17c-946364cb55b3	782	1048	48	32	26
b4da0364-783c-4637-be4a-1716bd2ee839	782	1048	48	32	,
b7cd4916-ef63-48c0-bf91-a9f58171ee11	834	1048	120	32	495
dd59ebd4-00ac-4c40-9b53-e6ad44b5b473	834	1048	120	32	-
3d085006-93c5-4491-82dc-c8f644bd73f5	834	1048	120	32	25
7650e94e-2885-4982-b687-d0b7d431d289	834	1048	120	32	;
d7bd68d8-a510-435b-8e7a-60ca48fc2b7d	958	1048	164	32	dethroned
e667c7f9-7451-45af-9a0d-a1f42720728e	1126	1048	64	32	and
d23b972d-b61d-44fa-b6c0-6e778021f5b5	1194	1048	92	32	slain
f6cf201f-2b58-4fc5-938e-f7b8aaf6ae62	1194	1048	92	32	,
84ed70bc-2b03-49e4-9003-83b2ff93de14	1290	1048	108	32	495
ae617e32-4fce-4a37-90f7-498cdb1d4b32	1290	1048	108	32	-
94b00f23-4847-4888-8611-3c8459dc0ab7	1290	1048	108	32	27
32c867b5-b5cc-4225-812b-eea479a557c9	1290	1048	108	32	.
79d7ccd1-eef0-42bc-9105-9a638b392633	849	1079	151	28	Jaredite
3d7f422d-d226-4667-b4c1-c7b99a448d79	1003	1080	94	28	king
f0302857-40de-4928-808f-3131a0f0e1f2	1003	1080	94	28	,
f19889d8-7fc7-43da-ba9a-dac4f71a87dd	1101	1080	91	28	born
a499d9f4-8e7e-4ed5-adde-5e45da328d3b	1195	1080	49	28	in
22ed6581-0554-43a4-a284-e8260e289739	1248	1079	150	28	captivity
4e20bbd3-a1c8-4d69-b1a9-9a6ec692227e	1248	1079	150	28	,
1c7b8d37-eeb8-4de1-8e25-52fa644cbd1f	789	1107	119	25	498
762abd85-adef-4097-9598-814efce43ee3	789	1107	119	25	-
7994404d-6dc8-46e9-8da2-00507d468d95	789	1107	119	25	31
01f8e78e-74f6-4680-b97a-6a3d2643e003	789	1107	119	25	;
7ae3d9a5-4954-4f21-a575-b0c770ea0bae	911	1107	134	25	subdues
3c35665c-6646-4275-8b1c-05e0de0e22b6	1048	1107	112	25	Amgid
be3899ea-e5ff-4dcc-9a29-9b45557fc814	1164	1107	60	25	and
e9add458-5283-4b51-a0f2-2534c643919a	836	1132	162	35	kingdom
5ddbb1d7-af66-4a9f-91c6-ac8ee9c3e090	836	1132	162	35	,
95e56e05-df21-4d0d-b991-b3c386ea40e1	1002	1132	131	35	498
fea500ec-62bd-48ec-bf32-d2e39bd4f519	1002	1132	131	35	-
cbc09102-f283-45b5-b60b-c0e2080b18c0	1002	1132	131	35	32
225ad2e4-f188-4832-aba5-b47bacc86e43	1002	1132	131	35	;
f9670e0b-076d-499a-a08b-87dcc14a5862	1138	1132	124	35	fought
dda537b1-6f13-4d7d-a61a-56ea495ffaee	1262	1135	143	29	robbers
8d345b15-3145-41fb-ba76-4df41a38a196	1262	1135	143	29	,
10e3315e-11b8-4428-bd6f-3168ceb10c1f	782	1161	118	38	498
3e0fcc01-b752-43b0-bec5-08eab9777546	782	1161	118	38	-
84cd3ad0-c12e-4d44-aecf-f1e52f16215a	782	1161	118	38	34
1fc6211e-1e2c-4262-9467-f49c43eb995d	782	1161	118	38	;
57b20260-a6e4-4d20-92dc-37216b4597e8	906	1161	157	38	protected
f32c61ab-e829-4743-904d-828aef6bee11	1067	1161	152	38	prophets
c804543f-9ad4-4da4-a90d-0b465276ac4c	1067	1161	152	38	,
9cfee02c-9d59-42f6-8f5e-39d0b8b6f70a	1224	1161	101	38	498
fa6ef249-c415-4665-9bb3-f2ca13046b38	1224	1161	101	38	-
22e90cb8-6c52-4775-a86c-a56a8116c7a2	1224	1161	101	38	2
1a6dfde5-45d4-4d69-bc65-37d4c884a6a0	1224	1161	101	38	.
7d2c3c3a-60a9-4a15-8565-8044995c8ef0	760	1195	208	32	Combination
c33de4e0-316d-4e27-9aa6-8f8f503ceb45	760	1195	208	32	,
680732fb-9241-4957-991b-b0919ca4f286	972	1195	112	32	secret
90180aa7-b0e9-418f-bcae-8f7c25a1e685	972	1195	112	32	,
3651830a-e0de-4bf5-995e-c02c97a71494	1088	1195	40	32	of
9ab65cb5-ff3f-4bea-a4e5-e777ff2e837d	1132	1195	196	32	Kishkumen
37873a35-fcc6-4084-8d77-25be112a015e	1132	1195	196	32	,
6c8144f0-e8bf-4262-b671-c07ad38a60b6	1332	1195	66	32	363
93b266e1-9328-4e7c-a0d8-2308e4c8cb2f	1332	1195	66	32	-
6bfbc47f-d8af-4ca9-acde-a14d2ed5ffed	107	1224	90	38	come
8c23f70e-0022-4488-bc00-603d96785da9	202	1224	123	38	wicked
933a8090-ac8a-41d7-b001-e2987a124b32	202	1224	123	38	,
46a48387-390c-4f82-bdc7-7eeb2cb63415	330	1224	124	38	204
9ea69503-d796-4f70-be79-335c6e0dc4be	330	1224	124	38	-
be983c08-1b03-4793-94a1-799957df6b04	330	1224	124	38	11
be834271-2379-4c92-b38b-b9d648612d00	330	1224	124	38	;
d8afbda7-dc48-4886-8237-f235bcc2a419	459	1224	119	38	among
4d6077a1-92c9-4dab-acf7-981ff14cb5d9	582	1224	144	38	Gentiles
bc02d32a-bf23-4de5-a8c6-ec3bb6e4bb7e	582	1224	144	38	,
d817c7cf-f3b5-4d39-a67a-a288b89051d3	107	1252	118	35	443
b4224a0d-8d20-4935-a6ae-54e5c0d9236b	107	1252	118	35	-
3a65ab54-fae0-4806-9654-be58aed6c5ac	107	1252	118	35	22
3964b4b8-2a4e-4bce-bd4f-8bc18cf1f6f5	107	1252	118	35	;
26d18a89-2e92-4c7d-ae8b-204509fda75b	230	1252	39	35	to
bec6ffaa-4439-476c-9bd9-a949cd7bd5b3	273	1252	44	35	be
c8f54502-1b00-4969-8b26-54141650b7a9	321	1252	96	35	called
c11f0e18-f87b-471c-9727-e298f67294f8	422	1252	48	35	by
115a6c39-5159-410d-baef-3dc72a945dd7	475	1252	92	35	name
76c8ed2c-6160-49a7-ab93-12267ee3b4f1	571	1252	35	35	of
072ffcbf-4afb-4d03-93b9-cdf1f60e0bbd	610	1252	115	35	Christ
98ba5081-24c4-4a81-bfd8-75036d450083	610	1252	115	35	,
189cdbe6-5e42-42b0-9f1d-68003d00f58f	107	1274	106	42	450
447a0cf3-0fd2-4829-9a84-ffb2a025f752	107	1274	106	42	-
c7b40dfd-642d-40cd-a9a6-44c064321531	107	1274	106	42	8
0a985f88-85b9-4d17-a967-bb860613cda7	107	1274	106	42	;
e242f15b-1fba-42af-94bf-cd761743a5d7	217	1276	171	43	organized
a72e7a1c-e93e-4c39-987b-62a3eb9cc381	392	1279	56	41	by
bf1ecc98-8583-484f-ab4a-aedfb5c96301	452	1280	166	43	disciples
dd1a6246-b2bc-4692-a569-63f3717d95db	452	1280	166	43	,
09166080-ef3f-4ff4-a07c-6b4ff095ca78	622	1283	104	42	456
34336dd6-a02f-4fcf-84ed-2a17cf2d77d3	622	1283	104	42	-
9efe0a9f-c6ad-42c3-9798-222bfbb217ac	622	1283	104	42	1
05dbcefe-91c2-461c-abe6-9fa811d507d0	622	1283	104	42	;
6bf7cc80-a460-427a-bed6-125c900cdafb	107	1313	100	38	meets
5b0625e6-c2e3-40c8-bc3f-753b806613a9	210	1311	95	38	often
e9f1255b-b878-4f7f-8b16-de6ba1af7641	210	1311	95	38	,
ecfa697e-344b-404e-b104-4257c4eb04e1	309	1309	104	38	511
9968eb6f-a557-4bc0-8df0-a3cf4b6364c0	309	1309	104	38	-
a49ed4fd-762b-454c-abf1-406dce32b505	309	1309	104	38	5
6ea2dc88-77ce-4313-9b74-ec37153dbe87	309	1309	104	38	.
fdc8cb6a-127a-4349-8557-4e83056e8c57	789	1225	44	26	o
65be378b-dc13-4f67-938b-ec48e4efb5cd	789	1225	44	26	;
ae972425-72e3-45b4-861b-f4959c8ed5ec	835	1225	47	25	of
64835641-d379-4006-92f8-4c89ca542438	885	1223	178	27	murderers
c3cfb4aa-cd6c-4ce2-b985-204a72996334	885	1223	178	27	,
61fd2bc0-f044-4090-a713-14ffae069b35	1076	1224	110	35	413
cb28bfa2-2ee6-43cf-8c89-7842208abd14	1076	1224	110	35	-
11a83873-35f2-472e-ab1e-a46a7d8ced45	1076	1224	110	35	6
d112b1fe-b619-4c39-aafc-b75722b944f7	1076	1224	110	35	;
a1349453-2504-4188-9b1d-d8297fb0b7bf	1190	1224	123	35	among
13d7c3fd-5b04-48cb-a74c-cc80909b32a0	1317	1224	84	35	Jare
836f8402-ec44-4b5d-82e5-5e0645906984	1317	1224	84	35	-
ffc16c8c-3f1b-421f-9830-c769939035a3	785	1252	96	36	dites
59bf9ca2-7b2d-4c04-ad4f-e58a41dba53f	785	1252	96	36	,
ae4815d9-feba-4206-8ae8-8c64824c8cca	886	1251	118	35	492
e33338bb-7418-4279-90d9-f5d0c8a6c580	886	1251	118	35	-
4fe9c544-0e4e-4083-9129-4366ffb56d2d	886	1251	118	35	18
5e926644-6262-410f-96b5-0a36c36e40d9	886	1251	118	35	,
6425f962-b3ed-426f-bd2a-bc9e3aa60413	1008	1251	118	36	499
77e6dd8c-46e2-4bd5-8af5-93ee718de2b6	1008	1251	118	36	-
8872c8c0-7902-471f-a9cd-c41f1b404faf	1008	1251	118	36	15
685d4475-4331-4f1e-aafe-9592c6c5e42f	1008	1251	118	36	.
7750679b-e8c6-402a-b171-58be7cc8ef3c	763	1281	219	29	Combinations
26a995ee-bfbe-4f7d-99ee-b2b9ef7b972d	763	1281	219	29	,
5474a431-9fae-4718-99e3-ae5ce18185be	1120	1284	107	35	94
c3c94c4d-6b8a-4c67-82c8-b0b7045eca0e	1120	1284	107	35	-
f22113ca-dea7-4e6a-81d1-e6ba710628f8	1120	1284	107	35	22
9931a4ca-64c1-448f-bdeb-07d405ce0768	1120	1284	107	35	.
d30ff275-31ff-4de3-b42d-f0121d80be44	1252	1284	81	29	See
db6f59a4-9d96-41b6-b48e-811fad7f3387	1336	1284	65	29	also
2c5c1d08-e039-4ab6-8640-5e03faa0a4ab	789	1315	163	26	Gadianton
3bce0d32-23a5-4c3f-afd3-621d48e371bc	955	1315	140	26	Robbers
a652f43c-cd73-486d-85f4-6477b3603b97	955	1315	140	26	.
5258c3d5-cd31-4dc1-8c8e-4253de0d3aa0	1000	1287	114	57	bbers
819d2980-96a2-4330-9e61-2f26948cbf5c	1000	1287	114	57	.,
f97ad123-322c-401b-8684-06be2e5feddc	1121	1287	171	57	Juigments
3845ecb9-7daf-4502-a31d-0e100874647f	1299	1287	36	57	or
cf547552-fea9-4514-94c9-87b3cc8b557e	1342	1287	59	57	God
dc41d0e8-529e-425b-912c-624b6f5cf524	789	1334	98	41	upon
14d45ebf-f367-41be-87ec-6af4ab6a17b5	789	1334	98	41	,
3eb93901-f6e2-451d-bb68-46c270edb432	892	1334	128	41	290
ee3251d5-052a-43c5-829f-ef6f88ac0e5b	892	1334	128	41	-
5cd60591-4b3e-4b52-a2bf-65aef06e9b67	892	1334	128	41	30
a7b6b59d-9422-4da5-bed9-1aec9bd31f7e	892	1334	128	41	;
ca637c99-ed1a-40b9-8c9a-8b83127da83f	1025	1334	118	41	origin
44dc2de1-f456-4ac7-8bf6-52695fcd7478	1148	1334	51	41	of
ee00b75f-d7db-4939-8edb-765516368379	1148	1334	51	41	,
47fc88ec-df3a-4a77-970b-795728f68766	1204	1334	115	41	among
295bb992-32ac-4d9b-bed3-b65d5a2842a0	788	1366	106	35	phites
97614816-fe38-491f-be62-361c50b23279	788	1366	106	35	,
343add1e-9d63-44ea-989a-d2dcc68e0fcb	899	1367	119	35	374
5ff77bea-9e97-4707-8f0d-4e68b65ecdb3	899	1367	119	35	-
ed4e6efb-0394-4f20-acbd-b36926a26faf	899	1367	119	35	18
5bcc6cc8-b99d-443b-a6ff-ed9ce8c3b419	899	1367	119	35	;
4ddfdac6-4e8d-466d-94f1-b13c7040c509	1022	1368	89	35	signs
175987f8-13b8-4d0e-b887-4c91121c9497	1116	1368	64	34	and
75a158ef-7153-430d-8a1b-0235ca3d71b6	1184	1369	98	35	words
3207693b-acee-41e1-aacb-45d5fe01d56f	1286	1370	115	35	among
98a26a04-66fa-4800-b964-b162575858ae	1286	1370	115	35	,
0eacd7af-dff4-4f1f-af13-fa23fe601a53	786	1394	119	38	374
54708a22-c9a3-441a-a836-984056572d67	786	1394	119	38	-
612f6a31-d4ed-4218-918c-b069690fcbaa	786	1394	119	38	22
8a596ec3-30b6-4c63-800e-69f14f70c74a	786	1394	119	38	;
0d269205-1707-4e9e-9a7b-f82089420ca2	910	1394	90	38	their
1289c1db-710d-41bb-8c74-6e320520bb81	1005	1394	109	38	sccret
d0742cf8-3885-4239-804e-b45924655125	1119	1394	100	38	oaths
01b4156d-861b-42a0-8929-80ea2f5bc364	1223	1394	43	38	to
0aba5429-b07b-42d4-91bc-d9bbe7780c42	1271	1394	52	38	be
fc45fa87-0d9a-455c-9c7c-fb028364abe1	1328	1394	73	38	kept
102cf77f-0eb3-4cb5-85d8-1893d0a895f0	110	1432	120	60	Christ
857651f6-fc47-4843-b1fb-f532eac1719e	110	1432	120	60	,
4d93907e-5e37-431d-b63e-92c75de7e593	237	1432	112	60	458
93bc447f-e2e1-452a-b71a-673ddd087642	237	1432	112	60	-
541aaa3e-19cf-443d-bbd4-c05776df4956	237	1432	112	60	29
99890f3e-197d-48fe-a193-f3b5e43c57bf	237	1432	112	60	.
4b02bac2-be97-4aaa-a4f6-d6ab29e86629	357	1432	112	60	72
93be20b1-c344-4bd3-a98f-64d435504237	357	1432	112	60	-
e54b7715-aff8-4959-9f04-16d828bdfe91	357	1432	112	60	16
a67314f8-f7ad-4a9d-ade7-58916f32eabf	357	1432	112	60	,
479ebbf6-15b1-4d92-bff4-c23b3a5dc3f0	477	1432	127	60	99
05ea8460-8f2b-4e50-8e6d-9cac05d7addd	477	1432	127	60	-
d7b20dff-ce85-41e4-8f3d-a158a69f1597	477	1432	127	60	18
5488b4cf-75e3-45e2-8429-d8f559ce10b3	477	1432	127	60	;
cab22d9d-3836-4a99-a108-0388e0386ca1	612	1432	110	60	denies
fa110886-7137-45b7-bfc4-b8cd9cb32e05	110	1548	88	33	many
c163d4c4-cee9-49e6-820e-08d8613d8c5d	202	1549	140	33	branches
b1fffa4a-8089-4ea2-a299-99dfb4318354	346	1550	112	33	among
fe5f89e3-769d-4c69-878e-bafd6827c39c	462	1551	152	33	Nephites
9039b6d4-7aa9-4a51-96c9-28f2b41d4b23	462	1551	152	33	,
b39b5e7d-1979-43b6-9b11-b5d83b5ae534	618	1552	44	32	all
f1728566-496d-4440-ad6e-732624c93f39	666	1552	60	33	one
39badacb-3266-486b-8e0d-a69d3104212a	110	1577	122	70	church
a8e5c7a5-0cea-4ed7-ad36-5d34f5797e49	110	1577	122	70	;
9553f268-5776-45d5-99c5-e52804880574	241	1577	26	70	to
b13df4e2-1cb2-44a0-9025-eb2beb55b17b	276	1577	114	70	forgive
25cd23c2-c2ec-44c7-b654-86578fbc4987	399	1577	61	70	sint
83aed79c-6ea7-4f3f-8b84-42479ac880a5	469	1577	52	70	or
5abe8760-8f03-489f-9b5d-290157a6e082	530	1577	35	70	to
353aa7d0-718c-4b33-87ef-8c3ef48b5814	574	1577	70	70	get
a5bc17e8-9765-47e0-a635-d0d327ab71b7	574	1577	70	70	,
d2eda200-0758-4e04-bc16-7b8ccad97a49	652	1577	79	70	474
97b48683-54bc-41a4-b2e0-58b6c6ad07ae	653	1577	79	70	:
dc21599c-52f9-4f24-be94-0cf07d598eae	85	1666	132	44	Cimeter
7d76ffab-e379-46a6-b931-507760b91040	85	1666	132	44	,
d4615266-18e2-40c5-baba-9e3ce9ff7a72	222	1666	176	44	Lamanites
48e9e49f-1e9b-4d0e-ae8b-5c1e7ffba73b	222	1666	176	44	'
700c66d6-faa1-4289-9671-39dd3fa7b882	404	1666	77	44	skill
b1ed0bc5-1aaf-4452-bc23-2bb322ebbb64	487	1666	44	44	in
a04d7bf7-77ce-47ae-9d8d-af5970f7b48a	487	1666	44	44	,
519b5242-e7fa-42f1-aace-baf23e11fb37	536	1666	116	44	127
aba77389-af04-40fb-a12b-51c97e3b6be7	536	1666	116	44	-
feac3fee-46e7-4869-abf0-b3ffe37af85f	536	1666	116	44	20
3de7357e-6fb9-4a6d-b8e2-cb1fee001809	536	1666	116	44	;
f9bccfd3-c7b3-4bde-bca8-d08dc3e622e7	657	1666	72	44	sur
9419849a-7628-4529-88a0-b1ed5c6b7704	657	1666	72	44	-
92bb618a-fe50-4c56-8ca4-ce364086f628	117	1701	144	32	rendered
1b5e66a0-9a5d-4f15-a292-2f52825fa8a2	264	1701	54	31	by
feefa1f5-cc87-4e58-a4e1-d2063aa9e588	322	1701	217	31	Zerahemnah
9a5aeb23-6b72-40d5-bcaf-c0404ff8980a	322	1701	217	31	,
7ab46387-df1d-4a1f-be5a-edb109788703	543	1701	120	31	306
6968f4a8-e616-4556-8a5a-8000d9586688	543	1701	120	31	-
ad1eed72-d337-45ce-95c6-65e065b4cead	543	1701	120	31	8
891a6e44-2f49-4a8f-a4c0-43961877d521	543	1701	120	31	.
41ea5e55-7ff7-47f6-8677-f528f515644b	667	1701	61	32	See
82747ec8-177c-455f-bd01-3c0c55d0f5c5	114	1729	74	28	also
63be836f-a222-4b86-bd45-cc83e445c68c	191	1729	156	28	Weapons
5feb9029-d024-4597-bdc0-af3a37d89868	191	1729	156	28	.
a7685794-1320-46a4-9298-c191c225fd87	82	1764	214	38	Circumcision
faad0c65-310c-4ef2-a9ef-5211fddedbf9	82	1764	214	38	,
762d9bf9-aa27-43e8-aa61-eb95457b99c4	301	1764	62	38	law
e112505d-a3fb-4c69-ad24-d2a69b039d12	367	1764	33	38	of
5f74dc5c-8aa0-4442-bc6f-4973658bedca	405	1764	76	38	done
d8fc7cf2-1f9b-4a27-85e2-596cb8fedbbf	486	1764	85	38	away
d1120711-98b4-4552-afaf-1b01334fe9dc	576	1764	33	38	in
594088c6-058d-4de3-84af-e54882c066f4	614	1764	115	38	Christ
21e543eb-702e-4437-a2e3-18af1f103542	614	1764	115	38	,
710f6e4d-eae6-4d98-b162-a2b87dd13c42	88	1833	100	35	Cities
1c00a541-2820-4b75-b0ef-842942638afc	88	1833	100	35	,
de14acb3-b8f0-4806-b4ca-13a4d9fe7b91	193	1833	192	35	destruction
60a6372d-305c-43a5-9cb5-6281cb711f2c	390	1833	48	35	of
17d8879a-1179-4e45-9f95-250709e79686	390	1833	48	35	,
1eb3a54e-a691-4afd-996e-90ddfe33657f	442	1833	39	35	in
e21f2971-4f12-4c9a-a1a2-9d65e92ad07e	486	1833	131	35	Nephi's
567614fb-be98-466a-82ff-93892b39d82b	622	1833	107	35	vision
c0154402-2b83-4b39-9111-cd2864896b09	622	1833	107	35	,
e997b8e6-cc21-4f5c-90c2-b54c9fb9f7f6	114	1857	85	35	20
a08b1e37-3aa7-405e-b659-fecf38bd7501	114	1857	85	35	-
0daeab95-4e12-4b27-baca-5fed4ead9d59	114	1857	85	35	4
580ed7f4-cc7f-433a-8b41-a57b74743e4b	114	1857	85	35	;
a8ef1674-9696-4509-9d1e-3054b5d5b9b6	203	1858	98	34	called
18c04974-ed1a-4fe5-8498-cc9b8d964201	305	1858	89	34	after
842de185-416e-4fa6-a736-919a49bd4984	398	1859	94	34	those
dc205437-2469-4f38-8962-43d26cd9bf5a	496	1859	72	34	who
e0f426c0-fa93-4530-b72d-857be4e9fc44	573	1859	81	34	first
13348b53-74c5-4e9c-a54e-523ac83b4e41	658	1859	68	35	pos
48dce626-ddaf-43b1-8153-3977e351181c	658	1859	68	35	-
a59fa94c-1f25-47d3-8033-3c4d91bdb9a4	114	1922	143	60	Nephites
0c0d0650-4f76-42f3-844d-713863c383ac	264	1922	142	60	captured
8658448e-2bb2-4b81-926d-14721ab63060	414	1922	45	60	by
9c03b642-ea67-4d88-ab75-ddebd55833d4	466	1922	180	60	Lamanites
d7264e3c-4381-401e-ad44-5d883d96e11f	466	1922	180	60	,
2dba61b8-51a0-4e00-b52a-2963c9c8b6a3	654	1922	72	60	326
1509f988-5d52-4f4f-a732-e356f43fb1ea	654	1922	72	60	-
6862c132-7a62-4abe-9628-3b6f0a67851a	899	1511	123	35	412
05dd5e09-b6e5-44ef-abd5-2ce6d6082d2d	899	1511	123	35	-
71bf5f4e-39b3-465b-a423-56d553c05654	899	1511	123	35	28
b545c487-e83b-459e-a2e7-96114c5abe0b	899	1511	123	35	;
c0a4fa83-021d-4fe2-b66b-466445d3f9be	785	1510	97	61	413
88ca4fec-7d90-4594-a09e-9cefc1172279	785	1510	97	60	-
21d7e680-adef-4015-8198-d442ef460ab9	785	1510	97	60	6
9164a2fe-9460-4e9a-aa65-7d90c976cd00	785	1510	97	60	;
0ba87535-0265-4f53-9027-7fb996b355e5	888	1512	112	61	gather
3748c121-ccdc-4f37-a088-536e4f78fe63	1006	1514	60	60	and
c504f200-705b-429c-836c-53029305a53d	1072	1515	126	61	appoint
f284f45b-2f4a-4e46-8eb0-116af38835c9	1205	1517	89	60	king
bb3f7ade-2209-4ecc-a68a-385de2d8efaf	1205	1517	89	60	,
c41e6b65-8f42-4d13-9619-f76c5bd4cb70	1301	1518	101	61	413
b9684cb9-a1b7-4526-8987-589a8216b3eb	1301	1518	101	61	-
2ac33392-57a8-422a-bcf6-4124fa687586	1301	1518	101	61	9
1a59a52a-f013-4f3e-bad6-d9fbd349e5ac	1301	1518	101	61	;
d5b09725-2683-44fc-b6cd-7552da53c1aa	1045	1506	134	49	destroy
20d910e4-8ef7-45af-a259-8af7bd96e3e6	1045	1506	134	49	.
8cdfec92-3f40-4a8a-96de-b48539601c1d	1196	1518	205	25	government
7c70722f-e962-42ae-9eaa-0eace047ef4d	1196	1518	205	25	,
2eb163c9-cc65-4a1d-af8f-073ec4deb5c2	786	1568	123	35	among
6fb0fea3-df99-4056-bb50-fad57bedbf43	913	1568	153	35	Jaredites
e3cc6a55-83e4-484f-a478-0ca0b8753427	913	1568	153	35	,
b7b651f1-973a-450d-bc81-551cedfbf455	1088	1571	141	29	492
5ba75c84-9558-4e96-9da6-7833d0ef5369	1088	1571	141	29	-
2f33980f-f3d2-4607-9fa6-bae30d0a3e97	1088	1571	141	29	18
2cc34f33-e271-43ee-9ad7-9df6a4b3b42e	1088	1571	141	29	;
e0c3805d-4fb8-4e6c-9d2b-72d20ccbf916	1233	1571	112	29	cause
ac94289b-5671-490b-8cfc-f087dcdfde54	1349	1571	52	29	de
09c5a01b-c383-4eb2-925d-f0244683ab1a	1349	1571	52	29	-
40d2a680-f4bc-430b-905f-cfc8db5f25f0	786	1593	95	63	sirest
60241199-ce38-4ccb-a593-7732641dc3ee	888	1593	47	63	ton
e57aa02d-38be-41e6-8bd7-e3a98b255bcc	943	1593	31	63	of
0867817b-da77-4c19-ab28-15076afb1ff3	983	1593	157	63	centees
78317f6e-d09b-4e22-b821-316aef7cc525	1148	1593	118	63	warned
9f2d647e-b26f-4738-8bfc-e5afe0ee98b2	1274	1593	39	63	a
d37afb78-11b8-4506-b232-70861aafe3a3	1321	1593	82	63	Jane
e3bac499-b3d6-4fa4-886b-12e00f157ad0	1321	1593	82	63	,
fd427125-ed4e-46c0-b857-bbeaadcec719	789	1653	120	60	stigated
7448d47c-8757-42fc-b327-0bb2e13c54e6	916	1653	52	60	by
f546bed3-9b15-47d1-b368-e361542e4a04	976	1653	150	60	daughter
76ad30bc-18ab-4a45-bbe7-ba2e100cf3c7	1134	1653	37	60	or
fa01883c-e2b9-48dd-811f-205998990c58	1179	1653	52	60	the
4dcf3968-7d36-4576-aeea-abeead047dcf	1239	1653	165	60	dethroned
0ad29bff-3bc4-4be6-bbbd-a844b2e10b70	789	1767	95	32	fights
61b1dfec-f156-47f7-a20b-7ca2befe62bd	786	1852	58	66	der
4236032e-496b-4243-a2fa-2d69acbe4b53	852	1852	33	66	of
e7b084f4-95d2-40d6-bfcd-90b068c5ce52	893	1852	124	66	citrad
c1d75fdc-c52f-464a-9ba0-39f5381b32e8	893	1852	124	66	,
0eb2d00b-3123-4153-9d25-8e26a33e6e38	1025	1852	74	66	bo
08cdb871-fabb-45f9-bf4f-15773fd1a9e6	1025	1852	74	66	-,
9730650a-6956-4832-9378-3ad663c58fc7	1108	1852	99	66	506
9f5169f8-6677-4839-9204-0be32a36532c	1108	1852	99	66	-
d2c9face-974e-4bfe-99a5-919b149ffa64	1108	1852	99	66	8
8f034a8c-1659-41cc-abd1-86a4c8dd8ac8	1108	1852	99	66	;
1b5308aa-0248-4b32-99a6-3b0e94f2831d	1215	1852	91	66	cause
2bd120f3-2a5f-4c2e-a22d-591e1f0e5a89	1314	1852	90	66	mur
6fc55658-d79d-4aed-921e-c3d6fcd0cbff	1314	1852	90	66	-
93151c80-5170-4abb-924b-7fe2aba65250	757	1909	129	69	Comfort
405aa7af-ca7b-4949-8bef-3d883e44bf21	895	1909	26	69	or
a999b98b-d5dc-4e9b-a6b3-0a407aaf1461	930	1909	121	69	Christ
979f57b6-c17f-4571-b7bc-254428c763b6	930	1909	121	69	,
f827e7bf-e3ac-4c22-88e6-3436701d4335	1059	1909	43	69	see
fc84c729-a23c-4532-9a6f-248ae27bd646	1111	1909	95	69	Chris
b7e81eaa-3975-4c1c-8f07-a37ef68cd223	1214	1909	111	69	Ghost
c88b43f0-dfb0-4d82-a45c-55b699b3379e	1214	1909	111	69	,
28861f50-a05f-4b0c-bcb6-f6a339f47a5b	785	2032	76	39	doni
4fa5bf83-87e8-471d-9a14-09f7f2045959	866	2031	95	39	chief
e6f4aa1e-d2dc-4b7c-b7ee-9b93448dc3bd	866	2031	95	39	,
ed1fd5a2-3112-4263-9746-1b528f6e7236	966	2030	119	39	405
721b01fb-4539-4563-b7a3-04d1ae197c9d	966	2030	119	39	-
4d675e52-92d8-4035-9312-f31ca6f777f7	966	2030	119	39	18
cd1d045f-3e5c-4f05-b8cc-68a9313445a9	966	2030	119	39	;
dd49f08b-bacf-4662-8540-eeec2bec1ed2	1089	2030	143	39	Mormon
a816b7f7-ea6f-45db-9d2d-66432caec638	1237	2029	124	39	refused
438a67bf-3bcf-4e79-8c20-978da092a88c	1365	2029	39	39	to
fabc2e08-6c1e-495f-9808-0c4ea3020eaf	785	2060	51	38	be
8b4d22d0-c715-4509-9729-854ee79fe7c3	785	2060	51	38	,
02903bed-f845-4a2d-838f-21e12b62dacd	841	2060	115	39	464
751cf561-229a-42dc-9325-7924be5f6f46	841	2060	115	39	-
8b91bed9-8729-476f-9748-890974328c43	841	2060	115	39	11
5f93a67f-6015-43a8-b81d-63b1848ed0a3	841	2060	115	39	.
