ID	X	Y	Width	Height	Text
e290b9fe-1900-44e7-a4f9-cef2749e6d9d	63	135	76	39	544
4896235d-b87f-497f-a660-9dd28713a00b	640	129	148	39	INDEX
a4a8f7d6-e3b4-48a9-aa88-84f3e7e8fd95	69	192	264	66	Commandments
5b8c2d2e-04f1-4140-8d72-9f2152d362d1	69	192	264	66	,
451ca0e4-e0c5-4e11-9d18-a9f7e3390ab2	341	193	74	66	Cord
d0e498fb-3d04-4f59-8bce-c694bbe6ce0d	424	193	66	66	ope
ea8f637b-c0fb-4e05-852c-a9885c271c28	424	193	66	66	,
0a9517ce-e808-42a7-97f5-9a6ac357c79a	498	193	99	66	in
5251774d-dadd-4bc8-9d77-3e08ce4b1776	605	193	107	66	tess
cb88ee53-6a8b-4683-8cd6-c12ad2d0476b	605	193	107	66	:
4b23b7b3-1fe9-43b6-a70b-fe974a612128	721	193	181	66	Corianted
cfb5c0f5-c2ea-4888-a9fc-c3fd789cb9b0	911	193	41	66	go
00250e97-19af-4407-9910-e3bccbe0da6f	960	193	66	66	to
3f7113d6-3835-4ecc-8346-facc642d811c	1034	193	25	66	2
996c5ab0-3232-49bd-992f-7fe34a8957bf	1067	193	74	66	053m
1934eaf6-ae47-4f74-ab83-c4b4200a654a	1150	193	66	66	,
55265820-c8e2-4af4-a458-6c3e98a20c6c	1224	193	58	66	70
a0cfcac6-23bf-43ee-ae19-447ab0a8a3b6	1290	192	92	66	saken
7fcc727e-b103-45f3-bfc4-e258f9bb5868	98	224	35	70	in
7f950986-2060-4341-b9ae-9260f9a36fbb	142	224	122	70	3055
8f350c0a-b95c-4b9f-8bed-8d6709151f68	273	224	149	70	Neeries
2a459f70-de5f-4a2b-bb8b-01bcb7385c2d	431	224	79	70	odot
ece0cb57-53e8-4a7d-b4db-c7e5df4b1d39	518	224	61	70	ran
3754f732-7a94-4a88-8f5f-29571f756238	588	224	125	70	belause
90d42a9d-3ca1-4554-a654-792f44980a7c	95	265	54	54	ing
28a27999-1471-47c9-926a-2008cef0a8c1	156	265	112	54	92.253
cda8819c-204a-484c-95e1-6964530e3e34	766	253	61	39	the
5cb671e3-9d7a-4d36-b493-5e66ca5c0655	831	250	163	41	ministry
d3c32a5d-fd43-463f-8e02-3722513ea0be	831	250	163	40	,
e8d5975c-c1c8-497e-87bc-1ae13b6e8749	990	250	118	39	293
a0a02542-9ca2-43b0-92aa-d6ecef539eaf	990	250	118	39	-
d6addabf-d4c5-4426-936c-09fadec02cb0	990	250	118	39	3
d10149e0-8c75-4782-8db7-593996c0b26b	990	250	118	39	;
cf7e92f6-f090-4e7e-92bd-8b53ad5d8bac	1111	249	73	38	had
3223d913-877f-405b-90dc-c4581879cce7	1188	246	131	39	injured
0ff28a88-ac2a-42be-94a0-8a9cde55fa54	1323	244	56	38	the
7ca9e2a7-d06d-4433-9179-11b624c7a87e	98	316	85	35	kept
4e94525b-08f6-43d2-9ef5-6b9b95a0a01e	187	316	51	34	by
93cdc7ce-0feb-46e3-a60b-63a5b7a1d9ea	242	316	168	35	Nephites
1712eca9-5d8d-4a00-ae57-594d4ab4ee33	243	316	168	35	,
f9e0c89e-cccb-42a0-aad4-34272e00db19	268	284	134	63	summar
21a84900-6158-4ba7-ad4d-78a2f50c7854	410	284	110	63	2021
27f81bcd-8fd8-4f3f-9e61-85225446cc7b	410	284	110	63	?
b142cf1c-1bc8-462f-8164-4b55ba41ac4e	528	284	122	63	keeping
e36c8199-3058-4a05-9e3d-04fe9557edc6	495	284	112	29	95
ca0b4ba5-6170-406d-a374-7c45c00c2c54	495	284	112	29	-
bb38846b-917c-4a1e-84e3-5b6abd83e36b	495	284	112	29	32
78c8c858-47e2-417e-a9f9-9cf4e44cad36	495	284	112	29	;
1b7744b3-21a3-4c34-866e-eee42836ed11	611	284	58	29	to
39caca22-6a99-4f0b-a7ad-fcab8c5a5bd0	673	284	37	29	be
b30d41aa-cdd2-4b8b-ad71-72300e8e3e86	662	312	50	28	of
2bb1d7cd-71f2-49d2-ac0c-6471ccc0da86	662	312	50	28	,
11fe6dd8-d35f-4727-b42d-f52d988b3886	767	281	113	60	2yssion
20bf9da8-a4a2-48b6-aec7-6846b6be9695	887	281	172	60	instructed
8fb6abbf-b442-4d6c-9f6c-b07a7bc0b7a4	1067	281	150	60	outama
2c8fff9b-6090-43dc-aa39-6b915e4669e3	1224	281	45	60	b
f5d1ca62-ad49-4089-8e9f-fc9ac277b19b	1277	281	105	60	proba
4276ca24-288e-4424-8913-cbda681a4842	104	341	132	32	prospers
c25942ef-0857-4b9b-b47e-906b1c78d5b8	240	341	116	32	people
ef22b9ff-9f62-4977-9b8d-08e16684de60	240	341	116	32	,
b432f6cc-8bab-41f3-a7cf-255d9f95875a	360	341	104	32	128
a8d52f11-5b15-4c18-b097-69ec17486121	360	341	104	32	-
82a4ae7f-f442-406a-9e20-9fdf968fb300	360	341	104	32	9
dad84a51-d2c1-45f8-9b89-963953865d35	360	341	104	32	;
810bd58b-0f3b-466c-bec8-4b2f9cd4b86a	468	341	112	32	taught
933c987d-b270-4430-8aa6-233671c8921a	584	341	48	32	by
f200a163-7160-4175-9e05-585eea140071	636	341	74	32	king
50db6d86-e1fc-479d-bd70-6d9b73750ac6	104	369	157	38	Benjamin
729e7a30-7c14-4f70-970a-33c4de98e561	104	369	157	38	,
d35b3ebe-33da-40fa-8d3e-6d0bbe225df5	266	369	119	38	137
6ba2315b-dff5-43cf-8ad0-b1c3c15b7189	266	369	119	38	-
8d19949d-550c-41a4-98f3-ddb62d553300	266	369	119	38	13
6df7393e-f1d4-44a3-a27a-3a729c3613f3	266	369	119	38	;
4b5dd5a0-8453-4488-a8ef-8e82870075cd	389	369	57	38	the
1df0ac89-38db-4c5f-aea7-67ac8071b6ef	451	369	71	38	ten
49eb47a7-db84-4ccd-b1b8-eea0e3827b4b	451	369	71	38	,
fbadffba-08a9-4a70-9540-8c1713f08997	527	369	114	38	161
3f507684-da4e-4c81-ac04-4d6933bda040	527	369	114	38	-
fe7da716-8b96-4cc9-a9a8-ecfb133daa71	527	369	114	38	12
56122cf9-9436-48d0-9e6a-af7b9ed831a3	527	369	114	38	;
c88058de-01cf-4d70-8e27-9dfd2c62abbc	646	369	64	38	dis
8e3a5592-aa4e-43d1-8e4d-ee5a31d42ae0	646	369	64	38	-
39470282-1930-4a78-beec-9aafe316ae78	763	338	82	66	fist
b19af91a-595c-4b10-a96f-7e9810ca8467	854	338	33	66	2
15d90a23-eede-4668-8258-7681a6a5758e	854	338	33	66	,
2cc4c48b-b72a-4462-af25-f8294ed6926e	895	338	116	66	299
ee3d6b0b-ef9d-41f5-b33a-bd7e8e8d0a54	895	338	116	66	-
961a1a20-0a9d-48d8-8f42-f65e89b32924	895	338	116	66	97
6867d2d2-2490-4572-b4b3-82f63b4be327	895	338	116	66	,
ef6cb1b0-092d-4efa-a580-fab88ca7b66b	1019	338	50	66	o
ca56a00f-8141-400c-8f04-37cb2eb67550	1077	338	181	66	monoment
af1e713e-359d-41e9-b1da-a2c5bf91e271	1077	338	181	66	,
1212a456-ddd9-4bd4-a020-5cd3360ddd8b	1266	338	119	66	299
b9e6cf3a-c20b-4c54-8a05-1f575ffa4a1d	1266	338	119	66	-
262dfa17-c09f-4309-8fcc-5d79912eb6c1	1266	338	119	66	15
86a2fac7-f1f0-464c-884e-dce1de99443f	1266	338	119	66	,
671d2019-1787-4c5b-9abc-eb759e82b553	101	398	127	35	obeyers
790a0cd3-e8b1-4abb-80da-096f61570ad2	232	398	53	35	of
bc073e49-f3aa-41b3-9d50-9417b53491d5	232	398	53	35	,
0f59bd09-f765-4977-a944-4256738a7f0e	289	398	44	35	to
b7ddb370-a33e-4496-8f47-849744f38f76	337	398	48	35	be
2396e542-06ef-4b3a-a231-1de41710cd24	390	398	66	35	cut
0f73e937-4c9f-493d-9846-e35c40ec6fd6	460	398	58	35	off
15c11357-c85a-4ab1-aa28-d068c845da05	460	398	58	35	,
c33bf6e3-b6f1-452c-94ee-f71c3b7d202f	514	396	127	34	217
5c598f93-337e-4c4a-bb31-855219742e1b	514	396	127	34	-
83b922e5-93f8-4114-a129-451b81c65403	514	396	127	34	13
c4142d9f-1716-4519-9cd2-752e2de75557	514	396	127	34	.
2bc2da98-2d5e-43e1-b07c-1fa7831c99d8	73	429	257	41	Commencement
7bb9591a-2f02-4503-8003-f48c33dca7ca	73	429	257	41	,
b4ec0d22-0547-49f5-9c67-d626ff41a66d	334	429	41	41	of
32ebacb9-26cc-4ee9-b137-1aede6013ee5	381	429	87	41	reign
76267d71-f1b6-498b-b16e-fbb903096cdc	473	429	41	41	of
83aa3373-05ad-4051-ba15-0c429d71c6d9	519	429	118	41	judges
a242e9e9-22c4-46d1-9e16-728f309a0d5f	519	429	118	41	,
5f3c7059-5fd3-48ac-89ae-8f5e9d0b8887	642	429	71	41	194
7579a9b5-7c83-46ef-b117-26672402e5a4	642	429	71	41	-
4fd845cc-8e76-4234-ab10-01bd1d1867c6	767	391	109	67	3025
a9bb98ba-84d6-4c56-b25a-2ed6be4cda72	767	391	109	67	,
c8df5d0a-88c2-40c7-bc85-70de41116c27	884	391	100	67	caned
8c524e52-3e48-422b-9dd2-d5c52c9c1b49	993	391	33	67	to
65c2f6c8-aa75-43df-87fc-783df6f40582	1035	391	117	67	preach
1ba2f179-7ba9-4d92-95db-e29c47f0a4ba	1161	391	101	67	again
a44ac045-b814-438d-a021-f3a8366d648a	1161	391	101	67	,
5d1307d3-8f88-43f5-9789-67234ba553ad	1270	391	115	67	0
e92db30d-2c83-457c-aac8-418fd494e437	1270	391	115	67	-
191d7e93-6850-466e-86a2-54e90decc5ae	1269	391	115	67	51
f961c5fe-5189-4584-bc46-348188e82e3d	1270	391	115	67	:
97b04e65-8ce5-4d4e-89a9-ef95c695e4f2	767	451	79	35	sails
ecdec8b8-85e1-47c9-b61f-091c1703a845	850	451	179	35	northward
d72c3877-6671-4a65-99a0-023a26835aa5	850	451	179	35	,
ea87cff6-d124-4acb-b17a-dec89903dbed	1034	451	114	35	358
18642577-8585-442c-a96f-013a05a29559	1034	451	114	35	-
cb38cd19-8d0f-4a60-8019-33f16ff528e0	1034	451	114	35	10
cf506b2d-9ea5-40bf-a415-e6443cc0ca11	1034	451	114	35	.
9a4cac8d-a07d-478f-9179-6a603115ee06	72	489	129	41	Comnor
fd13959b-290c-404c-937c-4408458f723d	72	489	129	41	,
f2f77032-e068-43e1-890a-6203cc14ca29	205	488	67	39	hill
1a6f5642-0319-4e13-a6a1-2d1076cbdf69	205	488	67	39	,
c66794c2-5998-4890-841b-9ad3ba124853	276	487	96	39	scene
8bd32306-fc89-4f3a-b391-a55916b971b0	376	486	34	38	of
af967bbf-e97a-45b3-9148-881c5f005a59	414	485	91	39	great
ff396cdc-d06e-4543-8d44-fab12d2d41d5	509	483	129	40	Jaredite
e959f9c4-d5e8-445f-86de-149ddec19d37	642	482	68	40	bat
03fc0fca-d33c-41bf-8164-d4553e211d7f	642	482	68	39	-
1b203b4e-3abe-492a-bd44-f047cac8aa06	741	486	164	32	Coriantor
9a6f0bf4-c17c-4866-bf22-01db59bb6202	741	486	164	32	,
606c17f3-b875-4ca1-b9aa-8a9fff889d18	909	486	68	32	son
9c5ca705-a681-4658-b289-601baec34d21	981	486	40	32	of
4f4233b1-f0a1-4faf-af94-b9306f4fb616	1025	486	120	32	Moron
18cfbdd7-56f3-4c5c-ad26-36ed934df3c9	1025	486	120	32	,
ee74c522-6b1d-45fa-bd61-494a520ac15d	1149	486	104	32	479
86da9223-19d9-4fa8-bd1c-c0283be848b6	1149	486	104	32	-
5e57f2a9-da26-47a7-9ed9-c5cdeba03b48	1149	486	104	32	7
45092c85-681e-429b-8ffb-74b1d9451536	1149	486	104	32	:
53ad3be7-a09c-4b0c-923b-7b355c71fcd5	1257	486	84	32	born
843689f8-b992-46c3-8372-f26f6de20fdb	1345	486	34	32	in
8861e63f-b9e9-4ba6-a95f-3f6d09ed9745	98	517	56	38	tle
61456e5e-b30b-4c72-a5dc-35879f1fefed	98	517	56	38	,
38de8514-948d-4b3b-b583-ce973bd3252c	158	517	114	39	507
e58b7c10-7e5b-4a02-a75c-e744f09f539b	158	517	114	39	-
a2daec8c-196b-48fd-9b6c-25d0d0ffaca4	158	517	114	39	28
eaaab2ec-07b8-4bf2-87e1-70d5aabc2d0d	158	517	114	39	.
8d87f4b0-9389-475a-ac7a-9c2e9dbe6f7e	931	515	133	29	499
eb13f8ec-5140-4d16-959c-2cb1b365a34b	931	515	133	29	-
286af049-f7cf-4c57-b36f-79085699c7a9	931	515	133	29	18
4dce0555-1716-4064-9400-9d61b1d55f76	931	515	133	29	;
ebc784c6-d3fe-4ae0-901b-33324bc0003b	1067	514	126	28	begets
c10f1292-fbcb-4aa2-9e0c-ff106c9150b7	1197	514	112	28	Ether
88a98719-55c0-4c0d-adf8-817cab480ada	1197	514	112	28	,
eb80d6bb-9575-4108-b84a-c6975f73c646	1312	514	67	29	dies
d0aadfd9-675d-457c-9abe-fdb5e2c3cf3c	73	549	195	60	Compassion
9bfa7924-ff1f-499d-9c85-cbbff7b139ec	73	549	195	60	,
9a8af17f-ef16-4745-8ab8-2cd5ef1e61d2	275	549	112	60	divine
3edb417b-daf2-44ed-93b5-5a4a1bb16cd7	275	549	112	60	,
651c0f5a-41fa-4a72-a56f-c5644b76dfe7	395	549	127	60	towards
09591d1b-c754-4c2d-a7ec-b9919c147f35	530	549	135	60	children
3965a141-7c48-4f85-b2ad-7239fdbd693d	673	549	37	60	of
6101acd5-600d-4313-ade5-8abdda986856	767	543	36	32	in
440e2ad6-3550-44e7-8e36-aeb8c761d81c	807	543	160	32	captivity
86426514-6905-41d4-addf-8f1a491906ec	807	543	160	32	,
033631b2-0482-4ea3-b870-1a9231b4f046	971	543	111	32	500
a3c46a02-f446-46fe-b8c2-049868528386	971	543	111	32	-
864b6da3-e5e4-4bed-88c0-0a593c6efff4	971	543	111	32	23
deca353b-8402-46de-a8df-9e88d3e34d55	971	543	111	32	.
cc883d96-78fd-4e12-a260-13c3576e2b1b	741	571	180	38	Coriantum
2ed5163d-f8f3-4ca6-9b3b-dfed6d583c8f	741	571	180	38	,
a5a59b15-9371-4483-b04b-bd00f138c87b	926	571	66	38	son
9de010f4-c26f-4ec6-a173-b7332c5cd539	998	571	43	38	of
17e256fa-a53b-4c56-ab6a-558c8121cbac	1045	571	214	38	Amnigaddah
0e153593-c7d0-4b67-9931-1dab0c52a9ee	1045	571	214	38	,
99b9d8bc-131f-4326-b1b0-d3d323b0827e	1263	571	121	38	479
5f7b99b1-d3f8-4f02-806c-e97a15ff82b9	1264	571	121	38	-
ddecc2a1-55c6-4aaf-9a0c-c48ed7516505	1263	571	121	38	14
82133b59-cd8e-41b0-9edb-44d46a766733	1264	571	121	38	;
07af868e-383d-4f51-953a-74a8fc2df2a9	101	603	70	32	men
a85a5d12-cd86-46e9-83b9-4602c32288ba	101	603	70	32	,
bd955d20-8dda-4358-8c9c-3dbe51131733	174	603	101	32	163
ed24ba20-3be5-4e5b-aebc-5768fa63bea9	174	603	101	32	-
8ca73864-9f92-4d86-bb16-ececb03a62e7	174	603	101	32	9
d3b0ebc0-8bce-4997-8374-b8eb3a78e9ec	174	603	101	32	;
074c90b3-06c6-4602-9170-29efbc00e253	279	601	171	32	Lamanites
eb849bb0-122d-42be-98a5-d76695ff2fe2	453	601	66	31	had
c732aba9-12f0-4b9f-8f87-caf5d721c72f	453	601	66	31	,
8895dfa8-182f-4838-a65f-505d68ca70c3	523	600	116	32	171
32e80694-0af8-4972-b6b1-af702ef8c3a5	523	600	116	32	-
df0b5405-7746-460a-98e9-f7e7a17b1456	523	600	116	32	14
481494f3-ee82-4084-ad02-24febde176d2	523	600	116	32	,
c2217887-3f65-4908-8f0f-f72f209fe1b1	643	599	67	32	174
1bda7998-35fa-42e3-acb5-3cc9e9f4fbda	643	599	67	31	-
2c0ee5ef-aab4-4d7e-81a4-faeedae853b8	767	596	103	41	dwells
cb9fbb68-6397-45f6-8ebb-c36c2708195c	875	597	41	41	in
efd3993e-c761-44a0-b8c9-e863ecb656ac	921	597	159	41	captivity
356e0c3b-2f81-49ec-8bdf-b1d66f813ba8	921	597	159	41	,
96cb897c-756a-4470-9cd9-8e1e03b89331	1085	596	114	41	498
b3c048a4-e656-4c31-aa62-e166c2c7f01a	1085	596	114	41	-
d90d04e5-ba6f-459c-9f8c-ba23d6a3298c	1085	596	114	41	31
993e6abc-c5cf-4404-bee9-c8e66a51cf2d	1085	596	114	41	.
265f966a-ce7e-4bae-ad84-cbcb85f0b095	97	633	50	37	26
a2ba0316-40c9-4ba7-8e81-77b6649b75de	97	633	50	37	,
5c2f4cb7-5cee-4f96-bb6c-f82a534d52b6	151	631	118	38	180
ade14bf4-59e4-4ec5-a9da-8fdd23d597f5	151	631	118	38	-
86a0d365-d144-4740-bc93-1f07dd7f6fc8	151	631	118	38	34
474ae141-15d5-42b5-8fa6-a1e200dff4f0	151	631	118	38	;
0df92162-547f-4659-a03e-5116dbb06e61	273	629	131	38	Ammon
e5b09a6b-052e-4c70-a76c-b8d53724c70f	408	628	109	38	moved
1f6a2d97-74bc-481b-b002-a0a3a6263a24	520	626	86	37	with
1b684851-d8bf-452c-b861-ec65d1d2afa2	520	626	86	37	,
edf631ad-6ffc-4ba6-993b-0a573a78bccb	610	625	90	38	264
5c82f8c3-a5ab-46aa-90d8-ff5dfd05f265	610	625	90	37	-
1d5d9618-60fd-482a-b1bc-577b1790b37a	610	625	90	37	4
708da053-c4be-4bbc-a038-37801a0c0a04	745	634	175	32	Coriantum
b5d3212e-2735-40af-81fc-7eec47b2b1d3	745	634	175	32	,
7cda090b-6def-40c7-a618-c1e9ceca1cde	923	635	58	31	son
1a585c3b-495d-4086-8816-10464bb55988	985	635	39	31	of
d917d3f9-30b0-4a1f-bb5d-c9240026ac86	1028	635	97	31	Emer
dc662f85-1968-414d-a56c-3b1783e46bcc	1028	635	97	31	,
5eefc982-6dda-4c85-bd0f-e52740eebd6b	1129	635	112	31	479
2074578a-b3b7-48eb-8789-7f1ce36a5d2d	1129	635	112	31	-
6bb68e09-9097-4c3c-8630-c7a6cf14df96	1129	635	112	31	28
44a5d44a-2ec2-42d5-82ce-0545eb6767bb	1129	635	112	31	;
67bc70cb-46fa-45b6-b3ab-1e5e3dc050be	1245	634	137	32	anointed
7d83ce5d-2f12-4c82-bcad-7da7c10315b4	101	660	101	35	Jesus
d6426e76-7fbd-46ae-8520-5d52bff828fc	206	660	92	35	filled
d088ca22-bd23-49e7-a7fa-066fbcb619c3	302	660	92	35	with
a4d92dd0-977d-4bcf-87cd-81d11bc7e327	302	660	92	35	,
b5b4491a-3177-433f-8ffb-5db9f4dc589a	399	660	109	35	432
fa13c1df-d9a9-4753-b715-7b13ef6bd0a2	399	660	109	35	-
3b35f560-25e5-4d15-adf6-17c9d35a6912	399	660	109	35	6
65bebc27-7890-48d0-800d-0f83f0b04017	399	660	109	35	;
9621232f-659f-4a51-b73d-9c94367e75f3	512	660	48	35	of
638bcbfb-f30b-4f38-9c03-98e2e1e3e3f7	565	660	66	35	the
e907edb6-a1c2-43d9-8bce-683b59a992ce	635	660	75	35	Lord
7daed176-7474-4d1c-8b7c-def22771b41c	767	663	92	35	king
b98faa09-539e-4b82-b219-7a4dd2a5a345	767	663	92	35	,
2bb5b810-4343-44ab-a6fe-b89c0b2c88a0	863	663	123	35	495
9e0ea9af-035f-4495-97ed-5e898cbf728b	863	663	123	35	-
4f5535cb-9600-4fd2-abaf-4c3c91a7d5ee	863	663	123	35	21
615fb9de-fa5c-4b04-9dde-3caf3d6f8d8e	863	663	123	35	;
03780650-6ecb-41c0-b37c-480b7efeafbc	990	663	114	35	reigns
00744675-56e6-4326-ba70-fcda80788ac9	1108	663	201	35	righteously
14a7a5d7-44a7-4ee2-9ac9-b395f123a520	1108	663	201	35	,
4d8c2078-1e0e-446e-b97e-4bfb25b18681	1314	663	68	35	495
2c058f26-6885-4af3-b0f5-26547252a05c	1314	663	68	35	-
e78b41ea-3bb5-40ad-ac29-81edfe8fe049	101	691	56	32	for
995b9bb6-83fc-41e9-a0a9-a93576308740	161	691	104	32	Jared
2a2ab89b-1a0e-40d1-8fba-ed79a1902df1	161	691	104	32	,
c8531cb0-d103-4167-a61f-da09752a8c4b	269	691	113	32	479
e21fb8d9-9270-41fa-8460-640b1c29c9a3	269	691	113	32	-
76fe636a-54bc-498a-8d4f-b10c0f633163	269	691	113	32	35
d9c75526-84e7-4b94-87ef-b8a19c26f754	269	691	113	32	.
192dd6e7-e424-470f-a28d-8ea778f27db8	73	716	175	41	Complaint
ff52ab6f-7f89-4d5a-9212-d4a60f420fb0	73	716	175	41	,
5a24ac01-8103-452b-8d77-c6f0af8aface	252	717	133	41	against
424a8afb-2aad-4292-8c74-3f94397cc83e	391	717	200	41	unrighteous
67229aaa-e792-4a88-8fb3-d57d0b84624a	596	716	120	41	judges
2084f1a3-1a76-4932-893d-14241257ba80	596	716	120	41	,
d5434ac7-460e-4662-a4c8-38471cfa91a0	98	751	114	29	412
89984ca0-7ae2-40ca-b4d5-b43a6d0aa0b5	98	751	114	29	-
9a900722-b0d0-4e71-a46d-8ff6b4db0e8e	98	751	114	29	25
4c9ea125-3945-4bf1-bb43-ac43d944b2bf	98	751	114	29	.
1d8cf2e4-c966-4cf0-ae52-15e7f087d352	741	719	132	66	Coriant
cefe19c4-b207-4edc-b6ee-e5ad9ad01c16	741	719	132	66	,
904f1f23-4179-468d-8e24-d1da4eea8547	881	720	50	66	491
64149cf0-8c12-4c5f-83b5-d20bbfd56f8d	939	720	58	66	ton
199186b6-97d8-4df6-a6f5-85273e8fc149	1005	720	41	66	of
d1651b3d-3381-47ea-a9b1-3ee9d477543d	1055	720	99	66	Omer
fcc6e460-0c84-4b92-bb6a-a1b06c0fcacd	1055	720	99	66	,
6364500e-a741-4da2-8097-bfb0107b3a85	1162	720	99	66	491
b7093ca9-2014-4d33-9fdc-b5d485cb8853	1162	720	99	66	-
7012f9db-5062-42ab-bec5-7de4c5750abb	1162	720	99	66	4
2505495d-13af-44ee-885f-b8ccdaec3726	1162	720	99	66	;
04c91b8d-19df-48ca-bab5-682ff5fe063c	1269	719	113	66	defeats
c125c2c3-a98a-4c34-943d-851bb8ea89c6	72	773	202	74	Concubine
38e06b68-4810-4c37-986a-9ee705c44cfc	72	773	202	74	,
01021a56-3afe-4b36-ab79-a2536d994613	282	771	167	72	pDabiled
fe936135-8853-4477-9a53-845db5da07c3	457	770	27	70	1
d73d7445-951b-4e1f-b5b3-f24f4c665321	492	769	97	71	1027
e95955d3-a847-498f-bd2d-98015338317a	492	769	97	71	,
c8954499-c04d-4120-a210-fa8f537c5b25	597	768	36	70	of
175b5b73-3c8f-4cfb-a9a3-077933e71af9	641	767	76	72	king
55440918-00f6-4bd2-a32c-3abb88db3a65	738	779	195	35	Coriantumr
587ef593-df0a-46a7-a02e-72c020843682	738	779	195	35	,
30571105-89e9-481b-a43b-6228ca305613	938	780	64	34	last
5cc11e98-da60-45a0-b8b3-17f2caba3177	1006	780	127	34	Jaredite
a8ad25d3-551f-4e7c-9ab3-6c9b58d1e23c	1138	780	145	34	survivor
76201d9e-31d4-4a64-b8fc-46a21697cfba	1138	780	145	34	,
e319e092-674b-4fd0-8032-5896bd2dd925	1286	779	96	35	dwells
b903be34-cff0-4e61-bd62-38aaff7ecfe3	101	830	92	35	Noah
edeefd72-00e1-4c31-a11d-363521216763	197	830	70	35	and
9086e641-4cab-4df0-892b-051d73cb9224	272	830	61	35	his
a0f3ef9a-3884-4be8-86d8-7606a9ac763d	337	830	117	35	wicked
0c07f446-6149-4b0c-88c2-5f4125cc6e01	101	830	101	67	among
de8936c2-d174-4ed3-80e1-0a4277681acd	210	830	168	67	Jaredites
a0b2359d-4d5a-4bc3-b9d8-4519b5fc104c	210	830	168	67	,
28691b48-7d66-41d4-9d52-9ca1aa48fef1	386	830	59	67	496
17e7103d-d5c7-4df1-85b9-c632ccb48233	453	830	142	67	priests
8b6a7310-6875-4f7e-8989-de412ab1a833	453	830	142	67	,
aac0f023-926d-40c3-955c-cc384df1fc22	603	830	113	67	156
1e2f631c-97a5-4924-b4ed-5ad89d2e31fd	604	830	113	67	-
7fb89f3b-96c8-465c-832f-1e1f309a4e97	603	830	113	67	14
1000e746-d6c3-4902-93ab-338fa5b9a137	604	830	113	67	;
7ba6ed49-69a6-4e2f-8325-a59310376eae	770	811	75	60	coth
dfb36b81-761e-41b8-9125-60bfebfb9cec	852	811	135	60	Peoples
a66e40fb-8227-4b1b-943a-6be5a0442025	995	811	120	60	peopa
232cec9c-b0e3-4d63-9af5-658ff2c526b1	995	811	120	60	,
2521fb47-c657-46f7-af8b-e42dd48fe140	1122	811	120	60	131
72c85652-350c-4269-8a55-13a665973b52	1122	811	120	60	-
c6f38441-1d3d-4443-84f4-7e464789bd00	1122	811	120	60	21
46803788-faba-4cb8-93e6-cfdab276f305	1122	811	120	60	;
932ddc79-17b1-4f71-8b1a-bff428706ed7	1250	811	82	60	king
a5b5b961-c803-4da4-b323-f7bade55e478	1340	811	45	60	ot
85bb2fc5-2dc1-40f4-a5d7-5708dc23d19e	773	839	100	26	count
69b5374a-1433-4e00-80f8-61d7eec40df6	876	840	39	25	of
32cde214-fe65-4a18-8c64-7302d3d37f4d	72	893	241	40	Condemnation
f9a61593-629a-4a65-a8a0-595a5bbd95c2	72	893	241	40	,
51f1739c-02f9-49e1-92c9-05b98f08edc0	317	892	88	38	none
413c415b-21df-47d1-b48c-ac404fef520f	410	891	107	38	where
36264bec-2174-40a4-bbcb-e80eaaed047b	521	890	98	38	there
dc4b4df6-377a-4d27-953c-b9ffae97102f	623	889	42	37	is
7aea4fc4-9e77-407b-b0d6-78632200c4fc	669	889	48	38	no
d8ad9da0-8991-45a6-aa1e-b91032530909	98	925	75	35	law
769ca5dc-dcb1-42e4-a4a2-0c9399b5fd3a	98	925	75	35	,
67c6476f-7fa2-4e2b-a4e3-759c437c6adf	177	925	98	35	69
688d0c81-8fc2-4015-8c6b-ab0cd5e1095e	177	925	98	35	-
5d86cc5d-5f09-4aee-94b0-b80c707ffdb8	177	925	98	35	25
f08e1432-13c9-47c3-8d22-ea52ae253316	177	925	98	35	.
36a356ce-162e-4ed9-bbb5-c92b2185bfce	770	893	118	67	warned
b47e0268-86a1-4564-bb67-334e55160cca	896	893	42	67	bs
33f55217-396e-4043-8fa2-d2ae4ff1827f	946	893	109	67	Wee
659e9034-d674-46e5-8d3b-7ad95cf39d06	946	893	109	67	,
11d0f5d9-f000-45b4-908f-3e5f9a91ee25	1063	893	50	67	504
2424d2a8-5c4d-4927-a60e-440f86ee1649	1122	893	59	67	of
9b89e06c-e8e2-4930-8840-1798e2cf88cc	1189	893	33	67	an
98592324-8d8d-49ce-bc7f-b7917fdf811e	1231	893	42	67	be
cfd1755c-3360-49a3-92a6-d4ff6ece7672	1281	893	104	67	buried
a1192093-15a5-41a4-8279-ad9ce496019d	72	952	186	41	Conditions
16ddccb9-21be-4d8b-8e93-2353c8147c2f	72	952	186	41	,
efa47d7f-04c5-48dc-ba02-fadb7748ad5b	262	951	48	39	of
8fb8455f-2880-49ec-8317-0c99a1e090a7	314	949	167	40	salvation
7ba3eb07-4171-4561-a94e-7ca9114f3664	314	949	167	40	,
f806da27-2b92-4836-a0c1-69cbfbfe6e95	485	947	111	40	143
be507564-a14d-4822-b70d-03d2c8841498	485	947	111	40	-
21ee052b-511e-40f4-9491-4200705e8842	485	947	111	40	8
7f48d557-b510-4ce0-a57c-0e4320a1e445	485	947	111	40	,
a4d14602-dca5-4337-90dc-635ffe257376	104	982	158	39	Moroni's
edcc7f08-affc-4acd-9798-82d8f5093de6	104	982	158	39	,
376c8cc3-6318-4ba3-a1cd-602b0d5061bc	266	981	64	37	for
cde4ae7e-d8ef-46c3-a1aa-fe622f5a2249	333	979	167	39	exchange
ddd7717a-3919-435e-8765-2071fb1c1131	504	978	42	38	of
7dd85d26-4b79-4b71-ab5c-9e8e5732dc2d	101	1012	114	33	333
def07796-8a7b-4904-9584-a8353bbfa36a	101	1012	114	33	-
e5a86a2e-11a1-47d9-aa12-e39548aea17e	101	1012	114	33	11
a0682c39-9324-4d5f-94b0-d1882d64d99f	101	1012	114	33	.
75fa83ae-0f80-4e72-b9f9-d20c1b20c3e4	73	1038	228	38	Consignation
5720c070-e505-42ba-9913-869212b79dad	73	1038	228	38	,
38e27742-5e71-4855-8b8c-86169aa17972	306	1039	48	38	to
7ff2a3ae-b18f-4682-9a76-5fdd6dd42ef2	358	1039	176	38	happiness
179f33df-9a7e-4115-959f-612fb643f063	539	1039	48	38	or
ba7a2562-d6d4-46cf-b51c-9e05565d7e13	591	1038	129	38	misery
19e699dd-8969-44e0-80a9-707a3777dd68	591	1038	129	38	,
0ea094e0-2825-460a-b469-c67463e89ba4	69	1070	208	66	Contentions
3f01b0d9-8150-4ff4-86a8-36f1bed6a92e	498	1094	166	35	recorded
0f9ba31a-18ad-4674-bce1-d6fb8e82b8e0	669	1094	44	35	on
5f94d4af-dfa7-4cb3-b8e2-fcf88b3c5036	101	1183	88	35	92
b9584e20-fa26-4f17-9bef-4aa7ab9afc0d	101	1183	88	35	-
0ebafca8-018a-424a-a0e5-a64dc8f90659	101	1183	88	35	2
20d49bfa-3dc5-4516-857a-739db2f46213	101	1183	88	35	;
05e82ccb-c46b-4f97-ba7e-4f12a1587a0e	193	1183	166	35	witnessed
e2a342c3-bec0-4d19-8cec-c7907f0f3675	364	1183	57	35	by
36496039-6948-4e2e-bcee-2303efabcf41	425	1183	109	35	Jacob
19ae9a8f-e3b9-416a-ad39-62800e34fb92	425	1183	109	35	,
746b83d6-bd75-434f-909a-86e48ad6f6c6	539	1183	127	35	125
c676d7e9-0ba2-4369-83d3-085625e1d680	539	1183	127	35	-
d0b4149c-1ebc-4b4c-96b7-d5d7bea80674	539	1183	127	35	26
fabd50e1-3331-4ff7-be80-cabc4117b5b8	539	1183	127	35	;
380ee254-2399-46dd-b064-ad70fbd34a28	670	1183	40	35	by
ebc036d5-261c-4fde-bb48-14a16f7c8e26	104	1218	97	38	Enos
ba07cc83-0070-40ec-be07-55c7af441dc9	104	1218	97	38	,
a03ba353-2c41-44b8-aeaf-c9d491b0492a	204	1214	132	39	127
6114b526-14f6-4c1a-9d30-d1ea723f40c5	204	1214	132	39	-
525beb4d-ecd7-4e0d-baf1-a1799929bb52	204	1214	132	39	23
0ce0d500-2ad1-4fc2-ac02-9a759771b2c1	204	1214	132	39	;
b848a433-7800-4880-8398-9932a31373bd	340	1212	58	37	by
3fb68d37-cdaa-47af-bf7f-a6d2b06ed1db	401	1208	117	39	Jarom
0c088687-57b9-4d7f-b077-b2a629c3e8a2	401	1208	117	39	,
5d0780be-2981-461c-8ecc-f42ae28f3335	527	1211	136	32	129
d2e0b4ac-3637-431f-9a55-59c9ea66ea34	527	1211	136	32	-
78b4260f-070b-4cc9-ad59-5950b2a39f96	527	1211	136	32	13
10eaed52-b84a-4b40-a4eb-99f9b5b3166c	527	1211	136	32	;
71f7b468-0fd8-4402-bcc6-8a8c8a7b368c	667	1211	46	32	by
c66f4b6b-1c19-40af-abff-92fc59a79165	104	1240	167	38	Benjamin
0abc74d3-451e-4512-84b6-63caa1848ca6	104	1240	167	38	,
1c0fb2c1-3975-4294-8a73-2678c5f167e7	275	1240	125	37	133
083519ae-4e4c-4085-90a3-9f8ec77b6510	275	1240	125	37	-
cd6ac922-37c4-4deb-8885-f11a63158e97	275	1240	125	37	12
e68145be-2e97-44d0-86e7-01ab35bac087	275	1240	125	37	;
d600c2cf-2e2f-43a4-a140-9b6697204f6e	405	1240	60	37	by
54a811b1-0699-4c47-ac7a-ccb587236411	469	1240	120	37	Zenif
16b350bb-746d-4c34-9866-5c6d0df57f0d	469	1240	120	37	,
d65e9cf4-ed06-430b-800c-feb64b4a90e2	594	1241	116	38	133
31007f84-ab25-4668-879b-8675bac74e47	594	1241	116	38	-
92f4032a-76a3-480e-b43a-bca714eb626b	594	1241	116	38	13
5cc5a195-0830-467f-8c5f-47fe198e1de4	594	1241	116	38	;
1fa7adb7-1013-43b6-8cbb-398f9ddffd36	104	1274	126	26	warning
c7159831-6738-41cc-b51a-7b39713d9340	101	1274	107	57	among
6cc4a603-4704-4cca-bac4-d9087c365fc0	215	1274	114	57	People
52f13cb3-2c3e-41d0-ac00-bb522514fd41	336	1274	57	57	Of
85a9ab78-e3fa-4ee7-b7e4-6f7470e1dee4	400	1274	183	57	Zarahemia
d11c58ef-1b38-4177-a3fa-46715f19c1c6	400	1274	183	57	,
f9292625-86f0-43e4-b15f-878897314af2	391	1268	70	35	by
32c49769-fd97-452d-b55b-27a0caf4612c	465	1268	140	35	Mosiah
1d3cf175-ac96-443e-accd-a2d494cdd882	465	1268	140	35	,
ec1424bc-f774-4ffa-86b4-164f755879ad	610	1268	94	35	121
6e1c74e7-ff51-41a3-a9f6-b68e8bf7b893	610	1268	94	35	-
2ae4a538-de63-4545-98ba-2c90d0467f57	610	1268	94	35	7
78bfa6ed-577c-4872-8a0e-07abc20ac8e7	104	1333	115	30	people
e19d3735-00cb-4fa0-b139-8e9ae990194a	222	1330	136	30	warned
11b2a0f2-969e-4e01-a93b-fdd9b69b5ef5	360	1326	149	30	against
302e536f-1d6c-45b3-ba12-cf765fc2d100	360	1326	149	30	,
d26d018a-4aef-43be-be4b-747742d3a807	512	1323	136	30	138
d73ca60e-1a10-439d-b0eb-128b54e211bf	512	1323	136	30	-
92a0d3c9-d10b-4ebb-89f4-b95d0b9e7f6c	512	1323	136	30	32
c29fb821-3df9-4781-a090-27b51c3ed581	512	1323	136	30	;
142e29cb-e0e1-4e14-8309-98cc61f35423	650	1322	63	28	for
102a2f7b-5e2d-4e57-befd-c9af76be3796	650	1322	63	28	-
e7bbda6d-3452-4019-a02a-a883f677c841	101	1353	25	67	Si
4acd7521-480d-45cc-900a-72e4ef365f1d	135	1353	42	67	de
89491034-2ec6-4dfb-9d0d-9843eeded275	185	1353	126	67	church
d15e9099-43d6-46b8-94de-dedceb6b442d	185	1353	126	67	,
e8db629c-08e7-4233-842f-6596ca11ed69	319	1353	100	67	203
9a762f12-8629-44ee-b1b1-30b164b84c0a	319	1353	100	67	-
4c6657c5-eb5a-472e-8584-5eab0695e33a	319	1353	100	67	5
621bd4b8-c913-47fa-81c5-7f9def42acb5	319	1353	100	67	,
52bdafd0-b17e-4e70-af9e-449be44a6780	428	1353	109	67	iong
824e952d-27a0-4a36-966c-f58c3bd6b4c0	545	1353	171	67	Lamanites
e4ec6b4f-72ff-4d78-9cf8-f226ebdef5cd	101	1410	162	38	regarding
d756c030-a863-412a-b0fa-8b0ce3bbf825	267	1410	143	38	Ammon
6ec09572-27c0-4912-8c9c-06baf69abce2	267	1410	143	38	,
5ebea9ae-0406-4228-8103-6f1336fa6a24	415	1410	119	38	246
e8149e5f-d532-4f94-aa82-cdfa871fac68	415	1410	119	38	-
732df07a-130b-452c-af3f-67a78b56fa94	415	1410	119	38	28
e39cbc5a-b178-4ef7-8153-451d7265c4e8	415	1410	119	38	;
ada06203-6789-4b4e-ab8f-2ad2caab2637	538	1410	178	38	concerning
d8b3de21-aff7-401a-a8f8-058cdf76b2cb	101	1439	97	38	lands
4c52cd66-7519-4ce3-9865-6514638369e4	203	1439	42	37	of
6523eb8c-be71-40fb-8d0d-b8578885cfab	249	1439	83	37	Lehi
58fcc956-032c-4b5f-90a0-7e36e5a77b1e	337	1439	69	37	and
91893024-9997-4517-9a21-a1583ae4ea91	411	1439	185	37	Morianton
4d52d3df-9133-43f4-8825-1d7810802b6d	411	1439	185	37	,
2f6b5b7d-2f02-4ac1-beb4-cdc3a96243fa	601	1439	116	38	322
3bb915a8-eea6-4be8-84f3-8b4068828a6c	601	1439	116	38	-
ea961e67-1c35-452f-bfd9-54eed61cdcaa	601	1439	116	38	25
b2374b0b-1113-46d6-b04e-fb6f44228043	601	1439	116	38	;
4fe555f2-ae4c-4c50-aaf5-a6124c9fadda	104	1467	96	32	cause
d7464b82-2ffa-4498-855b-ac9a00f60500	204	1467	40	32	of
332bb007-efa0-47d1-bab6-a4fd029a9672	248	1467	88	32	wars
3918f983-275c-4497-8a14-001c48f9ab57	340	1467	68	32	and
c96dc65b-242b-41ac-a5af-4db8df01dfef	412	1467	192	32	destruction
86953a10-1e1f-4ec3-8eae-1cfebb317433	608	1467	40	32	of
7244ff88-3d67-4b67-909a-faa6f793a23a	652	1467	64	32	Ne
be1b40a6-6219-4fd3-a5dd-4b610ab433af	652	1467	64	32	-
9674118c-14ce-4af9-b431-f686e869be47	107	1501	120	31	phites
4b38ed65-bd4c-4c79-8d7b-4aa653907aa6	107	1501	120	31	,
57400a47-8bf8-4ca4-8fa0-abc81f8a4edf	230	1499	120	31	325
55930182-f604-40ed-8d27-099900a7dca3	230	1499	120	31	-
9f3db78d-2b40-4e47-ac15-97202313eb19	230	1499	120	31	9
c0eea326-487d-4922-9833-96732207c190	230	1499	120	31	;
e1900b23-9172-444c-ab40-dcb2c212fca3	353	1497	127	31	caused
57a3a1d3-9ef1-4fb3-ada9-0ce7019072db	484	1496	66	30	by
6ff15523-c425-4253-8a1d-56fab083783e	553	1494	160	32	Gadianton
7ce96f4a-705b-4c95-88fa-34e68a49b191	104	1527	128	38	robbers
41541dba-7fe6-43b7-8edc-236179951036	104	1527	128	38	,
1b4ae287-4696-4a9a-a18e-94e3b1e8314a	237	1527	119	38	402
4894e850-8253-41e3-a488-5bc3b2afdd9f	237	1527	119	38	-
6272fa79-4979-4867-bc8f-03786ddc16c9	237	1527	119	38	11
54042179-6c46-4b01-8e05-6f69a3447c27	237	1527	119	38	;
0815d475-634d-4794-83ce-d57fe633454a	361	1527	57	38	the
04ca3206-06fe-46df-951e-b292729f0be2	422	1527	81	38	devil
bd8c1cd4-efc1-4f13-85a2-20d1a0d74fd8	508	1527	57	38	the
d7eed9f0-dfae-43fd-abff-08565d473d29	570	1527	100	38	father
d5c745f4-b187-45c6-9789-e7d8a44ee12e	674	1527	45	38	of
4d12caa5-ee53-4322-88b6-668d4dcc9851	674	1527	45	38	,
cb41905e-3082-4cfb-b86a-a5a509885217	104	1557	116	73	entrice
6c6d8e3f-3dd0-452c-b92d-b631bd57b4c8	104	1557	116	73	,
2afdaae1-7985-47a8-8768-9ed2885da78f	228	1556	90	72	amiit
9ba55eb9-5f35-4efd-b136-15cbbb191414	326	1555	54	72	and
d3114a0f-2d61-4638-875b-bf4d53fa3440	388	1554	116	72	toten
25cb0fa1-eefd-41d1-922e-a98aecdccae7	512	1552	107	72	heart
d55f4fb4-5e11-4719-b187-f685f7caa0c1	512	1552	107	72	,
ece45cd1-e8ae-43b2-b9fd-5cc5dca6bbd0	627	1551	92	72	50
e7966001-4f1a-4300-9e0c-5d6b1b27ca45	627	1551	92	72	-
9a3a9a2f-58a9-4942-bd4f-4bad9948a159	627	1551	92	72	32
63e5b258-3914-4bde-9361-ed3c6d34c66f	627	1551	92	72	,
71295e1a-6598-439e-9db7-9568048e8519	76	1581	147	69	Contrits
2f1ab796-581e-42a6-8a7a-96bd6464d23e	76	1581	147	69	,
c8b6633d-14c5-4c1f-965e-1eb02346ec6c	231	1581	86	69	shirit
0eb2d0dc-1241-4741-ac4a-002c3e130a02	326	1581	60	69	od
105ca810-29a8-4c04-bb33-2df98b23dc5c	395	1581	60	69	ban
8a9662c5-31f3-4214-bd20-d3580dd0efc8	464	1581	34	69	en
669b32cd-baa9-4325-83b4-10aceea18377	507	1581	112	69	hearte
5a19cf6d-072c-4d70-85c4-9f31811cf7ab	628	1581	88	69	oter
074ed5f7-fe10-49dc-908f-d788fb1eaea0	628	1581	88	69	:
14181692-5661-4c50-8247-2f383fc04116	104	1641	62	38	ing
a1a34209-19ca-4786-a9de-48be5483d80f	171	1641	41	38	in
04470a1e-7ec7-4d1e-a584-794927b48c14	211	1641	95	38	place
3cf313a3-4793-4576-a7ae-306c20722db4	311	1641	38	38	of
569c8d44-41cb-4535-ace1-ca7b9aaf795c	354	1641	123	38	Mosaic
eee58659-baa2-4b7f-bede-5695acd2cba2	482	1641	162	38	sacrifices
bd4708bd-16db-4572-9117-004670f6e3a0	482	1641	162	38	,
a7aa7df2-c1b9-4387-82c7-8d8efd111fb4	648	1641	71	38	418
cd23faac-c517-4ed3-947d-6b1c5c9e5c79	648	1641	71	38	-
a4fd9c51-5a23-47d1-9871-8b852ab15397	107	1672	48	35	20
71772ba4-825b-4dc6-b684-cb9147ee8870	107	1672	48	35	,
9678a0e8-c192-4153-9789-8abce57fb129	160	1672	118	35	424
fa1dffa2-f4b4-4601-8e96-1bf110fce52b	160	1672	118	35	-
ff592973-6bb0-4e3f-bae7-1a8fbf697be3	160	1672	118	35	19
bfca0824-ac81-46f7-8c01-f67156489b83	160	1672	118	35	.
5486f164-17a2-4f79-a758-ccd5a40e35ea	770	1013	66	29	24
f8d98fd7-0942-4dc8-89e9-21c26ae103dc	770	1013	66	29	;
98d47bc1-0b78-4fed-8ef2-909741c29397	839	1013	101	29	meets
c91ba1d5-e999-4c06-860c-99a1d23b4f6d	921	1007	16	63	$
254d2897-10dd-4425-9f26-c23b20e0e060	945	1007	118	63	505
278dcf44-6e77-4634-9477-064456c50342	945	1007	118	63	-
d56dac21-0761-43c4-8b09-f00f6554acdc	945	1007	118	63	31
63e73c03-f843-4bef-ae54-ac1d1dadc1b5	945	1007	118	63	;
2b27a8f1-c3b5-488c-a486-b36b8ef5cc04	1071	1007	71	63	ice
61ed7dbe-86b9-4eba-8788-79b92de7aa8b	1149	1007	39	63	dis
88952e59-16eb-443a-8073-28e7c4360ff0	1197	1007	134	63	brother
a1a97338-17c3-440a-96b9-2890b7054ff5	1338	1007	50	63	01
299561a5-ed0b-46c2-af81-aa5f11695d94	769	1067	127	33	Shared
742d51a4-926c-4bbc-ae02-bc40f7d1f074	769	1067	127	33	,
fdc19f9a-207b-4a5c-b39e-fb4e5a4dca1a	773	1038	99	88	chead
15498a0b-76b0-4f45-b471-c05f6b381abf	883	1039	99	88	08
4eb66460-5e0c-40a2-82a4-518fd4f43666	883	1039	99	88	-
f7864d44-7a85-4cad-b54a-15be7112f3fb	883	1039	99	88	6
3cba8f3c-2599-41ea-a9f0-55afccd4e811	993	1039	110	88	at
678b7542-5aea-4b1a-ab6b-c77c566039d3	1114	1039	66	88	with
2494e1f3-729e-4b19-80cc-2fa1b72fb89b	1191	1039	66	88	16
14667478-c29f-40fb-8413-28985140b41f	1268	1039	66	88	506
d53dacc1-2863-47b7-bf1c-29bfaa0c123e	1268	1039	66	88	.
f23db296-0e4a-49f5-a6e1-e8969d1bf104	1345	1038	40	88	12
25307cc7-6cdb-4631-b904-3cc6fa20c939	1345	1038	40	88	.
493b4bec-3715-4139-8d35-ece9600042a7	773	1120	77	35	flees
71741cf3-d54a-4e48-914b-ea29c0d33701	854	1120	42	34	to
61493181-61b8-480f-b8a2-b44fe0fac0aa	901	1120	115	34	Agosh
d814cdd2-638e-4418-ad55-a00ac21f8e10	901	1120	115	34	,
0be74f2c-4d84-40aa-b785-3f944f59b627	1019	1120	123	34	506
1710b4f7-0823-4c7d-94d6-78ac74acd6e1	1019	1120	123	34	-
9188b2b7-c8b3-4e57-863c-6224baf1a5e8	1019	1120	123	34	15
11b7efbc-5047-4c2d-9e52-93ba8ff89218	1019	1120	123	34	;
b0874bd2-946c-45c6-b982-37420ea13173	1147	1120	89	34	slays
bbca3a7d-77bd-4e03-a3e0-171df83a3fe5	1241	1120	72	34	Lib
94c42c4a-0ed2-486a-9d2b-806a73c5084e	1241	1120	72	34	,
88169278-7623-4db6-818f-8b59d1521b3e	1317	1120	65	35	506
84f43856-b147-4aa0-816a-99e499908f7d	1317	1120	65	35	-
516b61c8-7187-46df-a0d0-76ade59c1b5a	776	1148	48	32	16
7798f3b9-cf27-414f-8f79-4273a6c0a39a	776	1148	48	32	;
e92c5322-773e-454e-bdb3-0bf96937c69c	828	1148	120	32	battles
604daf62-6b8c-4f66-b67d-b80d8c791168	952	1148	80	32	with
e1856787-21b6-4285-a226-80edd4991497	1036	1148	80	32	Shiz
0c493022-219a-4b89-903d-81c1c67ae085	1036	1148	80	32	,
7e5cb94c-f37f-49e3-bd6a-11df8c5ab60e	1120	1148	124	32	506
849b0c0e-8b03-4638-a949-c16df01c72cb	1120	1148	124	32	-
cf452c23-f9c0-4770-8fdd-e825894fbfa6	1120	1148	124	32	16
71d4f40f-3e3d-402e-b476-fb3d6d28dcad	1120	1148	124	32	;
af1ad28f-0ee6-4e7a-9c4f-c3f74068cc2c	1248	1148	80	32	flees
56e1a2f0-3716-46cc-becf-c31944dee1c4	1332	1148	50	32	be
e473acd9-6bfe-4a8d-ae66-36497371c3f9	1332	1148	50	32	-
42d1de02-4b37-4b76-9b99-c00a5077a5f9	773	1182	66	34	fore
2ff196ee-3077-4a35-a12b-2b9839ac115c	843	1180	83	34	Shiz
51b7d351-3ad7-402c-b380-376fa4921e0e	843	1180	83	34	,
6c4951c9-2117-4ef6-8159-4d342b291b02	929	1178	120	35	506
fadb0ce0-b1fc-4768-852a-3c4499b4bdd2	929	1178	120	35	-
28c1791b-dcb0-4100-a98f-83d0ff139c75	929	1178	120	35	17
3f651b2e-f376-4427-91ec-1599433eb2af	929	1178	120	35	;
04272835-b256-4417-aaec-330c8259f2b1	1053	1178	62	34	not
68199cfb-b632-4c75-a44f-16a14f4058c1	1119	1177	42	34	to
541d519a-eb29-48d4-b5c7-5090172b6042	1164	1176	58	34	fall
ee07392d-0c7d-4fb8-87aa-dd2f790deaef	1226	1175	46	34	by
5d9286e7-7eb4-42d7-934e-e5925ea09a1c	1276	1174	100	35	sword
b75cf82a-e9f6-4d39-bddc-affd7b897ad0	770	1205	118	35	507
98f6bb8f-4f72-4e9b-a542-1aacbcf5671e	770	1205	118	35	-
17b728a5-3aa4-4dd0-831b-a7ddf9e85b82	770	1205	118	35	24
813fab4c-b775-42ab-a71c-148db35babab	770	1205	118	35	;
1f2a2321-0639-4cf2-ac78-3988ce72232d	893	1205	105	35	meets
1ecce72a-8630-4825-ba9a-4c2b1a0cfebc	1002	1205	74	35	Shiz
b84d1b09-abce-43e1-ae0a-5004c6155d08	1081	1205	44	35	at
8d17612a-294f-48e4-9fad-5ab206f24f96	1129	1205	136	35	Comnor
3d979266-9491-4983-8402-d4bb780dd2dd	1129	1205	136	35	,
354c11e2-35b6-4324-abe5-35560665a62c	1269	1205	116	35	507
4896a1b9-2c57-40f2-ae80-cea10eace53d	1269	1205	116	35	-
3efdc296-756d-4c05-afdc-bfbd60258333	1269	1205	116	35	29
4bcf1fc0-9390-4d21-a0fd-7ae78d6f15ef	1269	1205	116	35	;
8692c165-2b93-4265-a10b-dc79f7a6fc0b	773	1237	151	32	wounded
ec01f22c-f0e5-4ef6-b3cc-e6b67403ee8b	928	1237	44	32	by
f4e924df-034c-4eb0-9d04-47b130a52c44	826	1296	120	33	509
6843d7c7-8c33-4eab-8e8f-18495561af36	826	1296	120	33	-
aa413119-5da6-42ef-ac3e-e9b814a36b21	826	1296	120	33	18
739d7b2a-eb0e-4a2d-83f1-92dcbece0382	826	1296	120	33	;
8df28d75-7167-43b1-9370-ac46d6403a4f	931	1322	196	32	Ripliancum
1fc380b5-38e4-42d0-b51b-8cf45beedc19	931	1322	196	32	,
0461d46f-8b87-405a-8d56-249b9e37ae3e	1170	1290	97	60	08
f4ee000b-4d7a-4d73-a562-03ca1bac9b51	1170	1290	97	60	-
db96dbbf-9908-42ed-b3ed-ee8e32c3d5f3	1170	1290	97	60	siz
81686f17-8e3f-49a9-8d53-25050642787d	1170	1290	97	60	,
31fce794-a5f5-4a8d-ad77-620ab8bd81c6	1275	1290	110	60	deients
84b4f0f0-f583-49e7-a3d6-de893b924bdd	773	1350	79	35	Shiz
90cdd43e-a4e8-42e9-ad2e-1c94206b6100	773	1350	79	35	,
57f54d74-5acf-461b-8977-25a8dd96ecb7	856	1350	114	35	508
9e15af9b-d339-474a-b04d-8ca0c287e553	856	1350	114	35	-
7abb9a9f-0d47-426f-977d-68e908824ab3	856	1350	114	35	10
814b4a1b-b110-4d72-8744-e6f7085db30f	856	1350	114	35	;
5eb921d7-1b83-48e3-b07b-38c077c50870	974	1350	109	35	camps
353b0aab-dd30-4652-a300-8776ff2caf17	1088	1350	35	35	at
5b59994c-7164-4c57-93c5-4f786476f62f	1127	1350	61	35	hill
e9047e3d-34c3-4ee8-b6ed-c91e7cd24012	1193	1350	122	35	Ramah
159a8cd8-999e-4b20-843c-13708e2cb608	1193	1350	122	35	,
680db38b-d2cd-4244-b1a9-89a2831b937f	1320	1350	62	35	508
fbc12247-2454-42cc-9d2e-5b08adb9a28e	1320	1350	62	35	.
6a0f61e8-2981-4936-99eb-12fc25b09875	773	1379	64	35	11
1674567b-8626-47fa-96da-1d14cb5b7a17	773	1379	64	35	;
ff33f4b7-b27b-4576-b917-a4511167adde	841	1379	145	34	watched
107629b1-9a14-40eb-b8d2-7bd6d6f9c6c9	990	1379	64	34	by
5bcc3545-f949-4220-b05d-0a816b3884bf	1058	1379	115	34	Ether
beb48db9-332e-4fde-9ad0-3b793595031f	1058	1379	115	34	,
704981cf-8e0b-4c88-ad06-4c296c5c82fb	1177	1379	120	35	508
2eca9815-afb1-4d26-8f01-cc3f0335fb55	1177	1379	120	35	-
95e4909f-360f-4315-83df-f389e728c4ad	1177	1379	120	35	13
74284eee-6c84-4261-9f72-75aa1888e0b4	1177	1379	120	35	;
da16ea74-99d5-458e-9921-695d0e3743be	770	1407	105	35	battle
741338da-edf9-4e3b-aefd-c27c55d7695d	879	1407	87	35	with
f8097203-c9b3-472d-81b3-fef6432ce6f6	971	1407	92	35	Shiz
1ae716ee-c936-492c-a065-1098d2276c43	971	1407	92	35	,
ffcbbb64-8073-428f-a6da-84ef127692c7	1068	1407	131	35	508
d12c02b2-a9f6-4f37-8c1f-73b12682ea68	1068	1407	131	35	-
77f55e3b-a6f4-48dd-9743-873a0ec6422e	1068	1407	131	35	15
deb26714-e5da-4e2f-ab0e-39cae1b50636	1068	1407	131	35	;
3a30cb0d-14a2-4ca2-b53d-a06b988e9077	1203	1407	96	35	slays
ff7ee716-4813-4dd6-8fce-2d00c0a6bf3d	1304	1407	81	35	Shiz
1de6d5f4-0fcf-4c1d-b4dd-3dc1488e0138	1304	1407	81	35	,
71130200-0948-4194-8b19-fea34c95c993	773	1440	120	36	509
3cc6b46c-b2c2-4bfa-85e0-b0df4e7a470c	773	1440	120	36	-
c694ab58-a538-4e39-86c6-577954104991	773	1440	120	36	30
b03acbc8-1758-48a6-935a-594a2c408995	773	1440	120	36	;
182524b4-90ee-46c3-bb6c-4fbd4590e4ab	896	1439	77	35	falls
820ce7f2-98f8-49c0-9759-df981817f198	977	1436	162	37	wounded
710c76f4-79d3-48bf-aafa-1bf54e1fd995	977	1436	162	37	,
c15a3802-e39f-49f8-9f85-cc8a15a76d6c	1142	1434	114	36	509
a3703e3d-054c-49e0-a628-a3576e1f2b05	1142	1434	114	36	-
22ccbb86-d45f-461e-86ce-e4e90541f720	1142	1434	114	36	32
77a21b83-7118-43bb-b656-6d551853b19e	1142	1434	114	36	.
0051c024-6519-4917-9745-29ff32a6c74a	745	1464	200	38	Coriantumr
d650f9ca-6ac7-471d-8f7e-7f239b53f526	745	1464	200	38	,
5b55c0e2-2447-44e5-a8d3-4713f435bcbc	949	1464	133	38	Nephite
8fd7110d-f517-4919-8b50-9ccec22f7524	1087	1464	166	38	dissenter
f0044f7b-5a83-45d7-858b-f046fbbae312	1087	1464	166	38	,
d4e88668-8ac2-46ec-85c8-de1f7a28cf12	1258	1464	127	38	Laman
5f3752eb-bfe4-4b5d-9700-8af0920bcdc7	1258	1464	127	38	-
628e963b-ba68-4c19-a27f-311fa303eb22	1180	1492	113	29	takes
a651dda4-cbc0-4398-bdbe-1f248cded673	1296	1492	92	29	Zara
edacdf55-b1a4-4c25-877e-a1b2a1d959f3	1296	1492	92	29	-
77ae7511-e385-486d-8dcf-bd35b9bb533a	79	1991	126	101	carden
bd8d1176-a832-4930-9ddf-38d990a017f0	218	1991	76	101	a
19f4a67e-13c4-4818-b4ae-06d1b20102d3	306	1991	101	101	bound
81006d01-ec38-44c7-8431-c49beee89a24	420	1991	76	101	with
cbe8a963-a60a-4d85-bc18-29a53431171b	508	1991	101	101	laser
095554d1-1c7c-46fd-a689-74271d244e7c	622	1991	104	101	sld
2605f777-3634-45f2-9b57-b25cd27404b5	110	2079	47	38	by
54df3ab3-d738-4e49-b75b-522f63117e46	162	2079	133	38	Moroni
db687520-1e8c-48c9-8301-cc0574fe68c2	162	2079	133	38	,
a9e75cfc-70e7-4434-9325-8388af306ff7	300	2079	113	38	355
47f0572d-656e-4691-ab56-f04a3e084729	300	2079	113	38	-
04297844-dcf6-453d-aea0-139a4b0609c7	300	2079	113	38	21
a6b18180-f9bc-4159-90e0-04d1f8afbcd4	300	2079	113	38	.
abb1ca7c-bfcb-4ac3-82c8-3b5d56d7bb30	827	1581	149	35	361
4b6a1e37-bce2-4801-bc8c-78e3f3e8a2ee	827	1581	149	35	-
bc45ff87-b385-47d0-941c-81f197e7750a	827	1581	149	35	23
34691e58-e486-4116-9d13-4dd702f91899	827	1581	149	35	;
a25a4c66-2c6d-4ea0-bebe-3e9e1f59341a	980	1581	115	34	killed
cffc8493-fb22-4f70-92bf-862aae544d71	980	1581	115	34	,
b8be4852-5089-4296-a3cb-1d002544c73e	1099	1581	132	34	362
4fd8c94a-0f73-4dfb-a8cc-0797522d0a1b	1099	1581	132	34	-
4b2e338f-5504-4b94-96a2-f188f019a2bf	1099	1581	132	34	30
20b059f3-023f-4669-b1d8-8b410534539e	1099	1581	132	34	;
f84364a4-cf82-4bcb-b5bb-a4329bd84331	1235	1581	106	34	army
74ee5a6c-6404-4659-8080-422211c6ead9	1345	1581	43	35	of
8892bff3-533d-420f-9599-7feea44d533f	1346	1581	43	35	,
90ad40e9-7d83-44c6-bba2-80ff7be2131d	773	1609	152	32	captured
fa1855f6-ab38-4855-bc6f-28ac2225456d	773	1609	152	32	,
a41291ee-9acc-43cd-a39c-4115d87d2991	929	1609	115	32	362
9ad6f1c0-4bf9-43f6-bc8e-412b4f5ec445	929	1609	115	32	-
106dcfe0-fad5-4161-bc0e-84c38649f853	929	1609	115	32	32
36b8f076-eea3-46b5-9480-134dae13db51	929	1609	115	32	.
af8eccaa-d46c-4c5b-af46-996b97278691	748	1637	133	38	Corihor
8236c183-0191-46ae-8b4c-d637cc27ae5a	748	1637	133	38	,
22acfbf2-b69b-44a3-b8f3-b7b4f289d0b3	886	1637	76	38	land
6d0ec556-d14c-4f78-bc94-793a40631272	966	1637	48	38	of
ce36020c-38a8-4b8e-9979-df1ba51fc7f4	966	1637	48	38	,
19dcfc95-4d64-4633-a38b-6ce1e396e1c0	1019	1637	117	38	507
83b6d609-141f-4a7c-a800-b5b5720f922e	1019	1637	117	38	-
c5ed05fb-e8a1-4e47-95b6-0a666a80f59d	1019	1637	117	38	27
4ff466c7-1a3f-4f40-9abc-3750a5595bcd	1019	1637	117	38	.
5317ff23-86ea-4caa-9dda-67a863bc80f2	751	1672	127	35	Corihor
331e2e13-a40a-4ff3-bbee-5b50fa71ff14	751	1672	127	35	,
2ee96750-d4da-4988-b7e2-e8a2ff048841	882	1672	61	35	son
78eeef16-f1e9-475d-b570-980b7832cf87	948	1672	35	35	of
47c4e247-975b-4d7a-a5fb-8de1eee2d8c7	987	1672	70	35	Kib
857ec6af-ac0c-4dad-b6ff-7daa3e6550fc	987	1672	70	35	,
d38bd0c5-eed2-44e3-8b09-f070d4b93207	1062	1672	101	35	489
eb004736-a8fe-4ad9-a022-efe9bf943674	1062	1672	101	35	-
44422f9b-f07c-4f29-93d6-f8aa1293d6e3	1062	1672	101	35	3
4855802c-b6a3-4984-b731-62681fc26414	1062	1672	101	35	;
9aacf3e2-e4ef-489a-a89b-4d4a7ef8536f	1167	1672	96	35	rebels
b539930b-3c0d-496a-bf6e-1a1ea9262e59	1267	1672	121	35	against
5ecd2588-aca1-4c2f-aa1f-8359e513c799	861	1701	109	26	489
b8849db3-6652-41a8-865b-b709e7674be3	861	1701	109	26	-
cf8194f2-8585-478b-8100-adf593ea574c	861	1701	109	26	4
826cfea7-4fac-414d-b2fa-f3157fc67b22	861	1701	109	26	;
bf37737a-c03a-49f6-ac22-d7b9571ccb84	974	1701	119	25	makes
e74ed38f-ba77-4c3d-98a4-1f41effaea0e	1096	1700	128	26	captive
f50713dd-9106-4cc4-bfb1-3d17d2f454a4	1227	1700	50	25	of
36b7ed92-654b-4cb9-ad81-6cccb5d148c4	1280	1700	108	26	father
bcb16f74-b97b-464b-bf61-0cebeada6d5c	1280	1700	108	25	,
aa7d436c-c735-40d7-b8e1-a38e2dce19d2	773	1726	105	32	489
e2a7e069-4c7d-411e-b759-187fb5fdb3da	773	1726	105	32	-
c1c3e1a4-5b19-4dec-8d6a-7accb2091ba4	773	1726	105	32	7
63eaab31-015c-4f10-a31d-0d5e82480dc8	773	1726	105	32	;
c4c4bf3a-e5d5-4efa-b302-5c5765b4fde4	882	1726	93	31	loses
c2000b90-99bd-4943-97dc-21c223af6f0a	978	1726	147	31	kingdom
90c18c9a-3234-4759-98c6-3cc61ef4dd8d	1130	1726	43	31	to
7ce6a1ba-33c2-47b1-8bef-a86db43a9065	1176	1726	108	31	Shule
b02acf76-8726-4736-aade-c1852c549736	1176	1726	108	31	,
d2f1d19c-da22-445c-8a40-a93059611a3d	1288	1726	100	32	490
3ab53f13-af21-47e2-b8d8-21d8d4c8aae4	1288	1726	100	32	-
f29d3f37-c50e-4a54-bca2-3e6d82086542	1288	1726	100	32	9
4fc9f7b7-d931-4084-b758-5d35c7f66e60	1288	1726	100	32	;
a56704c9-7c1d-4bbe-9717-ac15e9f24953	776	1754	122	35	repents
8b05fcd9-b798-4088-aed8-e009f3e06b9e	903	1754	70	35	and
0fe4a16f-8f6a-4221-af5c-f9213ebb8f73	977	1754	92	35	gains
27a51ba3-ee91-45fa-aca0-7ed2a55f8955	1074	1754	87	35	favor
878cce80-2e98-4692-a5c4-3b8e86a92b9d	1165	1754	44	35	of
f8502a2f-f8e0-4414-83d1-e8d73f4739c8	1214	1754	101	35	Shule
dff983bf-a53b-4683-b588-757b8c456af3	1214	1754	101	35	,
18d8868c-e212-421b-912d-19f79b267dce	1318	1754	66	35	490
bcb809d8-02f7-4cfb-ad60-115c4d427ff7	1319	1754	66	35	-
596e8faf-f597-4a6b-b240-946ef9a4a981	747	1816	127	41	Corihor
58f30d06-7c64-4304-a3fa-d275e5dd9e4d	747	1816	127	41	,
e1104f4c-ae82-4f78-96eb-fe1dfb6ed31b	879	1816	44	40	an
1ccab0cf-098a-4d17-ad32-2afc51a0c803	928	1814	152	41	associate
c54b5214-36a6-4317-a8bc-cd399b940557	1084	1813	35	39	of
b3cae02b-4757-47f9-bb0c-59077eb52f47	1123	1811	191	41	Coriantumr
2b94e494-ab68-4f55-aefa-4798f901506e	1123	1811	191	41	,
e8b906af-75f6-4a62-8e49-b2ab39f87c1e	1318	1810	74	40	504
ff8591e4-0933-4798-9aa6-2db7a3b8cca7	1318	1810	74	40	-
73878cbe-3697-4340-a620-6bf0f1d6bd40	747	1875	121	39	Corom
1edf789c-af13-42be-8455-f5062e547c87	747	1875	121	39	,
38c7bda6-219a-49b2-9b98-d540e9a574a9	872	1874	65	38	son
2922737a-8eb0-458a-abb9-96a1fe102ab8	942	1874	42	37	of
fb4ff611-0b4f-4d9c-ad48-a27063852b3f	988	1873	93	38	Levi
2d1ee955-fd4b-434f-8d10-75fa011b91ab	988	1873	93	38	,
a775f043-f0ba-4ec5-bf9c-aed41e30b5aa	1085	1872	116	38	479
f93ccd54-8c3c-4901-8e62-cbcd43ae50b2	1085	1872	116	38	-
4503b811-7e4a-4fa3-89ce-104a49c5541f	1085	1872	116	38	20
32367c34-64c2-42fe-abc6-644fc1a0ef94	1085	1872	116	38	,
e47a8647-c5dc-4c25-b6aa-a89ef644ea9a	1205	1871	117	39	497
bd1cadfd-53fb-4cc7-b167-36750f7ba029	1205	1871	117	38	-
c02aee79-ebe4-4282-b495-609967f12c1c	1205	1871	117	39	16
db6c3714-4026-44d0-bac6-3a472a66ccee	1205	1871	117	38	.
e1834c4b-7861-44d3-9638-b9b1d6b49dd8	748	1903	257	38	Correspondence
fe66693c-0423-494b-9f9c-b33acc880a02	748	1903	257	38	,
2157e451-e7c7-409b-b23a-9ed79d5dbcf4	1009	1903	138	38	between
61e0fcaf-9ba1-46b7-8dc7-e8bf13527331	1152	1903	176	38	Lamanites
257ce398-7314-4643-aa5e-38f528ccc944	1332	1903	59	38	and
ce5a4d74-33c0-438f-b44f-a8f4de2d4e93	779	1939	152	34	Nephites
05e75dec-5242-4d6a-bf7e-369f178d8eb6	779	1939	152	34	,
d8679389-d3d7-41f6-a15a-b7994f165b6c	934	1937	124	33	256
25369377-b964-4f6e-8e38-ec419c577729	934	1937	124	33	-
4d81103a-5652-411f-a7f4-163a6fe67041	934	1937	124	33	18
3511cc2f-8a41-453b-b91a-1b7fa3faf9fc	934	1937	124	33	,
46a8bbee-6e75-47b7-8f12-3c063b0bf413	1062	1936	109	32	257
be9ba901-ec87-49a0-b987-4586d50caa29	1062	1936	109	32	-
e7107228-de9d-43a3-a891-941afec9396b	1062	1936	109	32	8
f40cbd4b-99e0-47c0-bc82-4a89d275ebfc	1062	1936	109	32	;
a1c3a524-a48c-4479-bd11-eb19c5c871fe	1174	1935	78	32	fear
67fcdb8c-1bda-4cc8-aa3c-51d1a9f1742b	1256	1934	39	31	of
a57a8d77-7783-49cc-b3c4-ccef1a6cfb48	1298	1933	90	33	Zora
2c84257a-a790-4492-9661-ecab15576a13	1298	1933	90	32	-
029a214c-3b9d-4381-9614-9254b2235888	782	1959	88	32	mites
eaf7b295-f800-49f8-8d84-7b9d59feec3d	874	1959	144	32	entering
e53fbd6e-a44b-4c19-b47c-7f85a09eaaf1	1022	1959	72	32	into
19604db4-84e7-483f-8bfd-79033561adc7	1098	1959	36	32	a
d63f60ec-9431-4a81-9b9e-baf99cab9d18	1098	1959	36	32	,
b8d0a77f-92ad-4f56-8ec7-a3dc4c003268	1138	1959	95	32	274
0574ebf4-0fdc-4dd2-9fe5-3784d00cc2ad	1138	1959	95	32	-
d0bc39cd-eb45-4bd0-a432-6ea178c32b6f	1138	1959	95	32	4
b87e9eaf-f65a-4bbb-8899-c6d05ec0a92c	1138	1959	95	32	.
c0c701cf-ceac-4d9d-b771-f309210d4e08	751	1988	181	38	Corruption
2c66b6f4-fd97-4299-bfb8-752af91fabfd	751	1988	181	38	,
1bd4b825-53aa-4a4b-b52d-8f7df9984610	936	1988	38	38	of
05db6c32-7392-4ab8-94c5-3e33d84b26e9	979	1988	157	38	mortality
deb1fbde-1a37-40ca-bf9f-229e02ba9f2f	1141	1988	38	38	to
ee0451f8-383a-465a-a85d-7f9f5c73341d	1183	1988	57	38	put
9828e4e1-aa57-4cea-9f0a-03fa5933801f	1245	1988	43	38	on
9b8dfff1-e59c-4f1e-a824-099b68155e8d	1293	1988	99	38	incor
1e3bf8d1-1592-418e-b82a-f4b67c8df7fc	1293	1988	99	38	-
322ffd10-afbb-4b9c-825d-9d30f498657e	776	2023	185	54	ruptioness
f2087223-37c2-4456-b94f-4a971e44fb39	776	2023	185	54	.
2e2a8968-8a92-4ae6-8c13-c2e34b571bda	968	2023	46	53	of
bb763014-e19c-4bba-a722-5b47030285a5	1021	2023	86	53	0
17215ef7-99d1-4703-9a52-e76a578c7412	1021	2023	86	53	-
7fde7621-3c61-4662-a67d-d5d04b91ce2d	1021	2023	86	53	w
8d11ca64-7bde-4068-90d1-f2080f13049e	1021	2023	86	53	,
87fdc516-6d6e-4b4e-a5b7-7eb9bff5c967	1114	2023	99	53	under
ce3f2867-45b0-48ad-8b7d-70e4e9872c91	1220	2023	168	54	Gadianton
fd3bc31d-8ea9-4f0b-9914-1d1084d17c32	751	2051	205	32	Corruptness
adbbae51-cb9d-4e94-b2d6-8be5f2bb340e	751	2051	205	32	,
1fba034f-9d22-4cbe-9216-ec4fc500f8b2	956	2051	72	22	of
0d85e383-3020-4d4b-8054-e27458e0bd3e	1030	2051	58	22	law
b862c578-36b0-4cf4-b811-2ef2a8cacae5	776	2076	97	38	sway
dd63c4be-45b5-42ff-b810-a2f893ea5470	776	2076	97	38	,
7be4cc21-52f0-461e-8b62-6b8f88d75eda	878	2076	97	38	378
3a77ce86-608d-405b-9e5a-ebe096a48496	878	2076	97	38	-
7c686335-7358-4c78-b07b-31f8a3b50305	878	2076	97	38	3
039f5fb2-a481-40f9-9ae9-4b2175617498	878	2076	97	38	.
