ID	X	Y	Width	Height	Text
91238a1f-7062-4906-9bdc-8879fbb98d44	656	87	146	40	INDEX
8c036546-8aea-4382-ae5e-7d5881843b82	1312	85	79	44	545
b6e2a563-538b-45af-8c0f-3339abf6b9d9	78	156	133	36	Council
5b293bb3-2aa6-450f-9f9d-8a89adc5b422	214	160	49	33	of
6712ad59-ef82-4a2f-b752-f2904a376c5c	266	161	85	35	war
8eef5508-d084-432f-9f42-7782bafd591e	266	161	85	35	,
a000bd35-d07e-4dee-a114-fec12427f50f	344	155	116	66	Called
6d71d1fa-1859-4405-82e0-0cefbcc9d46c	468	155	41	66	by
acb560a3-b73d-4c74-b481-96800a9f8662	517	155	132	66	Moroni
8c2d92b8-d6de-483f-aa68-02b6f9067f38	658	155	66	66	and
afd6540c-bc03-4130-b8af-60c3ff7b7d62	732	155	148	66	Custom
84d5745f-1179-4137-aea4-593927e6864f	732	155	148	66	,
145d93be-4a8a-432d-97f1-796a600ed6b9	888	155	50	66	as
e4b1cba1-ba79-4ab8-a2be-de42124f44b5	946	155	33	66	to
893d9f5e-41f6-4e9e-8e20-ba2023c93178	988	155	124	66	naming
08cb4b1e-90c3-437e-ad85-3dd4d676a8b8	1120	155	41	66	of
c3af9646-986f-4a50-84f9-638f2acd8090	1169	155	107	66	cities
f057f87e-9368-4561-a325-b0a7e1e57ae5	1169	155	107	66	,
7cfbb422-e369-4cf2-b071-bbd20a3cdd0f	1285	155	107	66	214
f59b8239-9be1-49b7-b79b-9d982e426069	1285	155	107	66	-
691a9930-c9ce-4e2b-a90f-df9938d8d21a	1285	155	107	66	7
6284f3b7-b550-408e-84df-ec8a026301a7	1285	155	107	66	;
2e56e756-622b-4f2b-adc0-d3063b891554	773	239	132	33	cession
31892f2a-059e-4930-8212-ba769a5795c2	908	240	35	32	in
aa507a34-6c21-4254-ac4a-6db87d267a42	773	208	35	70	ce
06e3a13b-d4ae-43e1-98bc-6be6908cbb18	817	208	79	70	sion
0a03a192-6180-41af-8754-2a6d04a79896	904	208	44	70	in
a3703a49-c932-4c41-bb8a-6525d82ec8ec	957	208	184	70	strangers
02f267f4-5511-4c94-92e3-1cdc3b6b8ccd	957	208	184	70	,
e3c3d899-1e85-4ded-b18d-4e3da21283cf	1149	208	122	70	338
c1b3116c-29a4-4a53-9870-28eaf1263d0a	1149	208	122	70	:
0f1f62b9-b33d-497f-a35f-47772052cfc9	1149	208	122	70	20
68935f44-2296-4f72-af91-ae0e71c278b1	1149	208	122	70	:
a94f5707-8f67-4e27-8e29-0a3b06e557a1	1281	208	35	70	of
bf2dab3f-7fc6-4299-9853-19a975a4b806	1324	208	70	70	sap
918f48c1-6b02-4e8b-8ef7-c4f27387acec	1324	208	70	70	.
db370f63-c2a8-484b-9771-c986ba5a2fa9	772	266	139	51	pointing
97d2f77f-4479-4832-a863-42bce42243eb	916	264	103	50	gifted
db964250-f2b5-4de5-89bb-ca117c1b8514	1024	261	127	51	leaders
3a07f2d1-9d48-422e-9bfd-f72d370bf13f	1024	261	127	51	,
8f800ab0-fd8d-4641-a19f-dc163781a036	1156	258	119	51	405
657790c8-8f66-4583-8c0f-cffd35566b2e	1156	258	119	51	-
928d3e4c-4383-446e-8221-1ce673f08155	1156	258	119	51	19
b273e6ba-2760-418e-b0bb-c367f0c1cfbe	1156	258	119	51	.
03333f89-29ec-4258-804c-687aa6a956e6	745	325	154	41	Daggers
275acfb2-6f48-4621-84f9-b98fb272a445	904	325	205	41	(
cb8e2f9b-b881-4ebf-81ef-20ed0b351dee	904	325	205	41	figurative
ec01068c-37db-4a56-93a8-6fb6cacc5575	904	325	205	41	),
768d0722-4384-46d5-8a12-5ff69522b7fa	1114	325	51	41	to
506720ed-8b7d-4c05-bfc0-4a44396742f7	1170	325	118	41	pierce
cb4481ef-6d1a-4e5f-a25f-444d32216c4e	1293	325	98	41	souls
f0d7ba79-bed1-4953-bd44-fd2997c38e6c	1293	325	98	41	,
93c12f34-9eee-42aa-aa43-e3efab4874b3	773	356	98	35	109
d157b41c-c32e-4fb0-b1fd-51eb1f345a71	773	356	98	35	-
97038307-b190-4b07-b8ca-9bf1581e6398	773	356	98	35	9
b34cc153-5da0-4b09-a774-f127da12cd6b	773	356	98	35	.
1f26f8e2-89be-4528-b1df-5243ab47afbe	104	300	38	38	of
014f7eeb-a9c3-46ce-b4a0-173b3e7b0a4a	147	300	105	38	Jesus
00e380ef-7ddd-4fdd-a2b9-feea050c9922	147	300	105	38	,
a9158574-6a30-40f8-97ee-7ac9b5248ee0	256	300	116	38	438
a035c87f-8374-4b66-89ab-ea390986fcaa	256	300	116	38	-
cef3d19a-25f5-42c3-8a9f-5076d0a2d87d	256	300	116	38	25
0abca541-e6b5-4393-a287-9d3ec64834fc	256	300	116	38	.
9cde20b5-b745-4c30-b67d-ce7714182358	243	328	57	38	to
ef728195-1efa-4d57-9f96-f610a57757f8	305	328	162	38	Abraham
7c2c1233-d3e5-46db-805d-614aad9d3ebd	305	328	162	38	,
ccb8514e-e214-45db-b37c-e5e23e4b3e3f	471	328	109	38	29
b4cb71b6-0bb4-4c04-b85f-ef91eee7873b	471	328	109	38	-
25145eb7-b6f4-4a1f-98f3-166d37a82db6	471	328	109	38	18
50f7684c-1c44-41f5-9bbc-0d009d765893	471	328	109	38	;
3d354e07-9e37-4832-82ed-5d0059db09e2	585	328	43	38	to
77429739-4776-4f18-926c-20ed1386e638	633	328	90	38	Lehi
6095d975-5b9d-4dd1-9279-278246adf96b	633	328	90	38	,
8b14820d-938b-4441-9d32-161832c0c0b3	593	356	130	36	168
7568d9a8-cf9a-42c3-8ddd-c0505ec1f7a1	593	356	130	36	-
c7947b43-19a9-4184-8264-bfd448aed90c	593	356	130	36	13
bd2dbafb-e578-4756-aaed-c306aa904aaa	593	356	130	36	;
e8c1c622-76ca-486b-880a-867b36b4b79a	104	381	108	67	Christ
26a54145-47c3-46cf-9240-a95a312760af	219	382	93	67	then
f0e76206-dba5-41e9-a5d3-e01c8e01a44b	388	360	67	54	not
56507764-652c-449a-b8bf-388b0d07d5f5	462	360	54	54	all
eff09f4e-565c-4ea2-b1cf-2e3071078ab8	523	360	142	54	inlalled
cae18124-4e7b-43ee-96ba-e3f22eb14491	672	360	45	54	by
6d226244-47d9-4215-aedc-327b341d7719	243	388	68	60	hen
28c54085-e332-44b4-ae70-b7f7d6738742	243	388	68	60	,
67cac425-e99a-4a01-9d89-bdb410695d01	319	388	106	60	429
1d9b3eee-eaf2-41f1-a375-3e11e2953f9e	319	388	106	60	-
765b5195-d345-4639-a4e5-aca771eaba15	319	388	106	60	8
b10be462-a700-4916-9dd7-b645eb8dd84c	319	388	106	60	,
254592ab-c030-4d3f-a192-5f4b8358caca	432	388	45	60	to
caa1c8ff-646a-491d-9c0a-7a0907dd9636	485	388	38	60	be
d41d5a52-834a-41f8-b8f0-da88e5ecdaf8	531	388	144	60	fulfied
556410e4-02e3-4315-b0d3-8af19fbc2b22	682	388	34	60	i
e08231b7-44c1-434a-984c-aa8eded91243	78	442	178	97	Cove
aee0e50c-db01-4458-b6e0-d61e01df5297	266	440	142	96	Or
a0f1eee7-b120-4141-8ce6-2d56543dc4c0	419	440	37	94	of
88dc6784-0b02-4ed5-84e7-034fe3d9c522	466	438	95	95	ca
d8d3a044-6264-4fbb-860b-ded895d7a0a4	572	437	95	95	23.23
9ee4f6a2-c718-43e7-9152-e5248e18bf1a	572	437	95	95	,
fd6889da-9d49-4216-b737-de805e96404c	677	436	46	95	13
2eacf3c7-f193-4cfb-b17f-7502e5b260e8	677	436	46	95	;
35753b3b-e5a6-4570-a8d8-ef4370045cd6	101	530	138	92	children
ba808407-edb2-488e-90db-b641fa4c8c03	251	530	12	92	6
6ee1b5be-4bba-404d-837a-45bf448311eb	274	530	92	92	men
e7a77bbb-2a87-4c11-8b36-89b06eebb334	274	530	92	92	,
56868d00-7a5c-4d42-9bb8-67564fe52d5d	377	530	92	92	10,15
9ae71d97-7887-4635-9cc3-fa24cb0d1938	377	530	92	92	,
534871da-b34f-4d11-b0fd-f8d6106a7adb	481	530	104	92	300
4753e297-ac3b-4caa-8c0d-2206efcff060	481	530	104	92	,
e4abc83d-d7b8-43ac-b9ba-c407d7a2717f	596	530	58	92	2
cb16633b-8158-420b-bf36-57a0afa1d27b	664	530	55	92	and
215b97cd-21a8-41c3-b464-bc154eec9322	104	611	111	35	secret
f60c1134-d885-472e-a80f-89e3c012c9f6	104	611	111	35	,
0d961d03-556e-4ebb-a801-38670608a4e5	219	611	43	34	to
bc61ecbf-a8bd-4e7d-a34e-1c920bfe5d78	266	612	47	34	be
32478da0-2fc4-4186-9fa3-55f1ef677fc8	317	612	77	34	kept
413f9bea-0ceb-45f0-aa9b-7bbcb5e0112d	397	612	85	34	from
90df1ab9-5d49-47ab-b0e9-c9f030726361	487	612	115	34	people
d5fe8fbd-075e-4e73-a81d-928a083a6af1	487	612	115	34	,
cd8ddc07-0d18-4dae-b518-1a3722e8ef86	606	613	111	35	290
5119390f-9dba-43c3-98dc-62e52fcfb261	606	613	111	35	-
ee4feef0-3d11-4121-9fb9-1d5e50684ccc	606	613	111	35	27
e0de97b8-a898-4da0-bceb-903fca699a87	606	613	111	35	.
c2221edf-e5a1-4422-b698-40e8adf5d047	74	639	92	42	Cow
7f77e873-b124-4354-b8b9-34cb89c85384	74	639	92	41	,
532beb56-bb45-4f47-816c-2a9e6a476baa	167	646	56	39	on
6bc0eb3d-6cc7-4902-be68-fb984c727147	309	641	91	35	land
91c3f873-a1f6-4605-ba88-5501bce6fb69	208	647	7	60	•
ba96845a-0031-43cc-b7db-16bdb0c80ad5	223	647	157	60	Jaredites
4a24ea47-a21d-4431-ab51-b15e4c8c75f7	223	647	157	60	,
5d7a3a0b-6743-4f48-80d7-13f722bbdaea	388	647	114	60	494
c0928b16-b9c2-4091-b13c-ea0fe1879e25	388	647	114	60	-
b69495eb-55ef-48be-a416-6959461dc573	388	647	114	60	19
11246ee5-2e6e-4294-ac56-035b55ffbfd2	388	647	114	60	.
d3ac8800-7f9c-4c49-921d-0144ddcfbd0e	454	641	156	38	promise
0664b68b-a7b8-4171-b32b-1659e351f7d5	454	641	156	38	,
28958865-9dd5-43d0-b536-42b874e31283	616	641	104	38	40
11f2461a-ed0c-4530-914c-01201ad95ebc	616	641	104	38	-
fb88346b-be95-4f31-a5e2-4ca16bc13700	616	641	104	38	25
3a817052-c059-4111-8666-a8364d4314ec	616	641	104	38	;
d8b02f3d-f628-430a-b4cc-81d57512b998	76	701	119	38	Cracks
c6df01e7-7e5f-4cef-80c0-fcbfe086fb5b	76	701	119	38	,
98d3a8df-dc08-49af-897a-6ebb31c726ee	199	701	38	38	in
cb9d2a2d-e08b-40b7-add2-a2122f4e169b	242	701	100	38	earth
d1d2e249-b3e2-45f0-b2ff-e8a6f209d56a	242	701	100	38	,
92cf583b-c0ec-4e29-af5b-d4a2f6ae1cb2	347	701	119	38	394
7d9904e7-fba7-4648-aca8-f72ea953c7de	347	701	119	38	-
76293ecf-80a4-407c-86ff-1e1984648dc5	347	701	119	38	22
73959501-deff-49cb-aa3f-f1e0342b3add	347	701	119	38	,
9c9867f9-4c65-4589-a65a-1d46157da407	470	701	107	38	416
3f7580a1-4858-466c-b7cd-4744ecaf1d6e	470	701	107	38	-
3634cdb0-700a-4aba-8d02-041f80d9aae6	470	701	107	38	18
dfd16805-c1f2-40a4-98d0-4b35ddc110e8	470	701	107	38	.
901eb789-d1d3-469d-a67e-13d113513fa8	76	732	176	32	Craftiness
f746e1d8-96d1-43dc-af44-87b65aad20b0	76	732	176	32	,
51f4f9ca-39b1-4227-a894-56f221b9ad48	256	732	44	32	of
389f55e5-64a4-4bf5-8697-5fdb9d7fda35	304	732	88	32	king
7ac39f3a-3cbc-43e5-a501-dbbc30c57c3c	396	732	124	32	Laman
3d63319c-10f8-4ee7-b2d1-45bb83628d55	396	732	124	32	,
76b38865-8340-41dd-a56a-ad6f66633b27	524	732	116	32	149
08f64acd-2012-4ce9-bc36-9e3a56f58bcb	524	732	116	32	-
5a91afa2-370c-4e16-ba63-961e4c4fc616	524	732	116	32	21
2a51ec46-b8d9-4fa6-8298-55b0ebd84f63	524	732	116	32	,
0fd2e78a-552a-443d-bd3e-ba118649980b	644	732	72	32	153
05fef9b1-9c96-4b3f-bd9c-9f72b52192ff	644	732	72	32	-
352424f8-7cc0-4d40-af9d-5ec8bc5ac959	73	757	153	95	скайо
bccab437-749e-43b6-844c-5d3c97d1c818	73	757	153	95	,
082daea3-4440-4825-9205-5e6d6c6a2f5b	238	758	23	94	о
c9c5a1ef-5835-4041-8b91-08b713fb5404	273	758	47	94	бі
82eca562-60ea-4f9f-a628-bd04fc28e55c	332	758	106	94	Ал
fd7364c8-43bd-4707-ac81-b4225e4ff5de	332	758	106	94	,
63402e52-8cee-41d0-9573-9f43a8f60084	449	757	131	95	180
0445c443-08df-4547-afb6-261aa6afd36f	449	757	131	95	%
b98cd9c0-d142-4943-a02e-1c91307d53ed	449	757	131	95	7
dbf4fd56-9e66-4682-9f8e-1e5e2e1ec2f6	100	819	104	56	114
d737847a-3b99-4243-a71f-04e7d2f4b439	100	819	104	56	-
f1d586f7-e98a-4743-bd67-44045ffe5a7e	100	819	104	56	9
fcf73fac-2c11-4f76-ab70-037093a0ec40	100	819	104	56	;
688dca21-10bd-42d7-b52b-a5d73925e0d4	208	824	41	53	of
db6ca57a-6442-4f20-83cb-0368997866e8	253	826	66	54	man
2df186ea-722b-4773-b28f-528c4b4d9e7f	323	829	41	53	in
a3225cfa-d86f-4bf5-aa33-19dc62e6ad8a	367	831	111	56	image
6bb5a1b1-6419-485b-98d5-6e18b2649fc3	482	836	34	52	of
baa6fcf1-322e-4e64-9dae-a42a0150029b	520	838	79	54	God
980b0882-d480-4722-9c91-008d61f3dec3	520	838	79	54	,
751d85d6-9283-47ae-9fef-6b53ada00040	603	841	114	57	484
6486257e-16bf-40ff-8ffe-769d60761906	603	841	114	57	-
22094f75-1d5d-458a-a16f-d37c80018448	603	841	114	57	15
241e8fb4-e562-47ea-9f83-cfc8a56ddbde	603	841	114	57	.
a1e13aea-25d8-4671-a212-f1f337e75123	73	871	133	38	Creator
2e89065a-3cd8-48a0-9b4a-194622fbab87	73	871	133	38	,
fc5ff084-ac14-4e2a-984a-748a079c4617	211	871	52	38	see
bfd8ec87-d78c-44bd-9e47-57abce775f15	268	871	117	38	Christ
3024ac9d-9595-4dcd-953a-ef1f754a914e	268	871	117	38	.
e913cab6-b913-4424-9cd1-f639750fdfb3	73	893	97	70	Great
d8e76ce0-94b9-45fa-8fdb-e11741cf2c33	178	893	122	70	claims
f59a06aa-200b-4f29-95ea-cb6b0cee4d19	309	893	70	70	ton
2ecab8a1-062d-44c3-9aab-eb6ef446acee	309	893	70	70	,
41722506-47c4-45d1-9bc3-dbb64a288b2b	388	893	149	70	00
ec0fed03-50b8-4a6d-95a2-3a71d5928b1b	388	893	149	70	-
cca46780-7002-4e1f-8cce-07b944687318	388	893	149	70	27
0ef46153-e3a0-4c78-915b-64b53a3925fa	388	893	149	70	,
9518047b-cd71-4004-9cb6-3f7e7eaf7b62	546	893	52	70	808
f512dd10-0061-4dcf-9ef9-9467ce44fd5b	607	893	44	70	el
48a5e52c-ca44-4e21-823e-725704b498ba	659	893	60	70	tor
c9eecc7a-c5a7-40e1-a0bb-664201630e9b	306	930	88	39	the
b3b6772f-1cdc-4409-81d6-659a9ccb6959	306	930	88	38	,
2986c0ae-9aa5-4172-a5c4-1fc0dd96ecf6	398	931	126	39	300
6ac96525-6424-4b06-9115-b830a78b2b8c	398	931	126	39	-
ba910d8e-fad9-4397-87e9-9ba2055bc4c7	398	931	126	39	22
4ed23541-d07a-43c3-a5ed-ae01cc1bb42e	398	931	126	39	;
732e57d5-37e7-48df-ab19-ae4f16b95016	73	956	99	66	Cries
be4b7cd9-330a-40cc-88fa-9a22492c0813	73	956	99	66	,
d7944275-f87f-4ff3-a625-858c58d51d35	180	957	25	66	of
d27fa675-bd80-45e5-8e66-03e2f5145c0c	213	957	206	66	unrepentant
ab545860-2031-41d1-a90d-278f1405486b	213	957	206	66	,
ee4225ba-c16e-460b-bee6-3026182dbfdc	428	957	66	66	God
9223bfa9-75b1-4218-9b80-eb0f85f523e7	502	957	74	66	slow
bb6b64da-3689-4f93-8463-2a3e750ee94c	585	957	33	66	in
84b61e8f-1c76-478c-96ae-711e0d116fbd	626	956	90	66	hear
b6e746cf-0783-413c-8382-a31ab9700d59	626	956	90	66	-
b0ea7e9d-2f9c-4545-a23f-b4e2f5fec165	101	1016	66	32	ing
48a28183-6024-445e-974c-6d4e12c18637	101	1016	66	32	,
7bb862f5-f5bb-40f2-8985-a727c8396d32	171	1017	120	31	157
6191ed47-a4fc-43bb-a6a7-20123eaf01d9	171	1017	120	31	-
f63b9da4-bc6b-4924-89c9-1aa6be3985f6	171	1017	120	31	24
e5c6d80d-cf09-4657-a76d-abee13af7b42	171	1017	120	31	;
84c8bf15-6c2b-4918-bfbb-7675fb3f5d7c	295	1017	39	31	of
6425e81c-d5a2-492e-b1ea-1b0f444ea42a	337	1017	167	31	righteous
eea4b4e8-2834-4364-9e78-f02075d902ec	337	1017	167	31	,
20a2af91-5c7c-4af5-a9f7-e563686ea3d7	508	1017	70	31	God
c54cfee6-cdb9-4b67-b1e4-d16c5462ab0c	582	1017	93	31	quick
de4a69ac-4284-434d-b901-b10690535636	678	1016	35	32	to
ca6b7a08-0b50-42fb-9ea4-5c235c90156e	104	1044	84	32	hear
a81b0f84-3c44-458b-b2a0-445b855aa959	104	1044	84	32	,
771f6fc0-b697-4d29-85bc-6a78a28277c9	192	1045	132	32	218
79edf8bf-98b9-46a6-a761-62dc8c5a1767	192	1045	132	32	-
870ccef1-e381-4307-8afd-0cea2e4cc105	192	1045	132	32	26
aa23ed6f-f0e4-4ed0-a65d-4b6277bcfde1	192	1045	132	32	;
8de8da23-e285-45e6-bb9e-c51180385364	328	1044	44	32	of
ddfcb52a-668a-4a8a-b84c-ec895dac7402	385	1038	135	39	Nephite
8e586abe-b42b-41b8-b71a-9a961787c455	523	1037	95	39	spies
ecd45e12-0830-4ead-b182-c801142f4601	101	1070	48	35	by
49bd022d-d993-48d4-997c-e127675cd57e	154	1070	162	35	prisoners
f893302d-f94a-404b-997a-ac019ff6f9a1	154	1070	162	35	,
a3bf2f63-bdc6-4c3e-833d-fbdc51c616a4	320	1070	118	35	344
0b6a98be-ed22-42f9-8117-06f7e1bfbd84	320	1070	118	35	-
b2837674-1e92-4435-81dd-876d212c5599	320	1070	118	35	32
ef66dc88-289d-471c-b5b3-1f5b7d5761ed	320	1070	118	35	;
92ee8e4b-dd02-442d-8d61-c3ea97ebd6b1	442	1070	44	35	at
d5087b57-6142-4132-80f0-db261ed83e91	490	1070	188	35	destruction
c302df47-78f4-4c9e-a3be-ef7b56e0f809	683	1070	33	35	of
269e85e1-8c36-49ed-892f-9cb0da7c26a4	101	1100	155	33	Jaredites
47dc3405-8388-4be3-b1cb-d2985598ab42	101	1100	155	32	,
ad7db105-0a60-4e0f-b579-f78fcd60f906	260	1101	119	32	508
fbf6f7ed-943f-43c0-8cd0-c5f258a23b6a	260	1101	119	32	-
bb89d82e-5817-4331-b789-d7e797c8bad0	260	1101	119	32	16
9e492189-983c-4342-9117-e402747b80bd	260	1101	119	32	.
5ff4bf7c-18f9-4666-8222-1ba89b23c5ff	73	1126	124	38	Crimes
9d6719eb-5070-43ef-bc7d-80a3ebe7ceba	73	1126	124	38	,
7a3749f7-ea49-431f-b0ab-9ca24f08f918	201	1126	152	38	preached
b956bb6c-0c15-4758-8b6d-79826448c6c4	101	1214	114	36	270
36e3b929-2546-4a89-a34a-47b34f69e8fa	101	1214	114	36	-
c774adf3-af57-491e-ac45-b827ebb37468	101	1214	114	36	17
ccabab98-d6cf-4f4b-b7f3-33417d7f7649	101	1214	114	36	:
6c55055d-1faa-43f6-bec7-9482636e17e7	76	1243	105	35	Crisis
c75455b3-ee21-48b5-a081-99c621027e47	76	1243	105	35	,
aeca6f28-52d2-4045-afa8-e8f0917bfa79	185	1243	57	35	the
fdb9bdb4-aa6b-47bf-b1cc-244c8b52846f	247	1243	105	35	awful
d7d35e00-b8f6-4b71-b8f7-175236b1ca02	247	1243	105	35	,
4b384e82-cf62-4946-81f2-c46eb83ee3ec	356	1243	44	35	at
d2d4190d-2d0f-4173-b62d-92d2814e3ebe	404	1243	166	35	judgment
26486554-460e-4ef4-8016-1da24d46bbc0	404	1243	166	35	,
521f876b-6b7a-4524-b177-159b7806fe9d	575	1243	116	35	283
e600c052-265b-4142-af2a-d68f16253954	575	1243	116	35	-
0bc60247-ad50-4f9c-86ed-475f7cbf1b07	575	1243	116	35	34
2d536d5c-8d3c-443e-9c05-29e6f822a47c	575	1243	116	35	.
abed7db7-44a3-4759-9911-586b331e4157	183	1265	46	41	of
03a00c7b-23ee-4635-b4d6-468fe8031b24	234	1265	190	41	crucifixion
25e1e9ad-3988-4f4e-8222-473516fe0366	234	1265	190	41	,
79508c55-4301-41c8-bd74-24e524adca3c	429	1265	76	41	seen
3a482144-864e-4f3d-aa3d-26d37ef8c47e	70	1268	140	67	(
0fa30c1b-f4ff-401d-9679-eeb6406b4092	70	1268	140	68	Nephi
82406d11-432e-4789-86e5-893d41b988ac	70	1268	140	67	,
90f82ffa-d9e0-4d68-889a-0f7f4e5759b4	215	1274	102	66	19
c2576329-9d99-4184-bdbe-644c8fdcbd5c	215	1274	102	66	-
7b1d9065-126f-43df-b117-3938ee2bf06c	215	1274	102	66	33
10b74676-c060-4442-9531-d77e90aebf37	215	1274	102	66	;
3608a0dc-01c6-4008-9013-01f3ec3042ea	321	1279	102	66	Christ
e1344602-0dee-4de5-a6e4-7f4b321ea647	428	1284	109	66	speaks
8688fe48-7c1f-4052-817e-19a4595aafbc	542	1290	56	63	of
4137d736-c65a-449a-b66a-626ab90cb8f0	542	1290	56	63	,
b9cd196f-e369-43b6-9c97-62f205a41bb0	603	1292	118	67	450
9c93ade7-ad54-47f8-acf5-fea8e2aa5a6c	603	1292	117	67	-
1255928f-8f55-4826-995e-92aac459674e	603	1292	118	67	14
e9c9e24f-2788-44a6-ae45-7641ac3a31ab	603	1292	117	67	.
bea1a327-f397-4045-a2fa-0c8711a649a2	101	1384	96	86	Ches
ea6b23ff-8460-4fd9-971e-55133319e5f0	207	1385	128	85	formed
85806171-cf2d-4326-acfa-d15938d62ae7	345	1385	53	85	by
d5a5c0a2-dc48-4e57-b3d3-c1e285f808da	409	1385	117	85	Christ
15ec6ee4-df62-4f81-b5ad-1372a61e5ec3	409	1385	117	85	,
c7ffa396-f1db-407f-9431-f51a6cbabb3e	536	1386	117	85	425
8ce3ce3c-6782-4178-8f90-a3f6c0c8229f	536	1386	117	85	-
d6bdfcdc-cf55-47e2-800c-9581d08c9bff	536	1386	117	85	17
b57523d6-28fb-4d72-b3cb-36f50383ebe8	536	1386	117	85	;
cc39e614-8c81-4882-b0dd-94469701eb9f	664	1386	55	85	Bed
5c13da4e-828a-4698-a9cb-362690332f35	101	1526	111	34	494
220ae15e-87a7-4989-b44f-80eb8f8cb789	101	1526	111	34	-
6ab3933a-0c4c-4cc6-817f-8ad7fa33dd69	101	1526	111	34	19
5d1f9fe4-d621-48af-a206-aff1ef3647b8	101	1526	111	34	.
429cdf47-3666-4504-affd-3e78e5cadcaf	76	1555	149	35	Cumorah
35496606-0046-45ad-a899-1762786c3218	76	1555	149	35	,
94a1313c-2c61-4810-8dcd-e42d4cc6cea1	229	1555	66	35	hill
3b7efc0b-2ae8-4acc-8efd-dcf2f3088754	229	1555	66	35	,
5ee4d1b4-151b-4469-b2c6-b8a1538e2558	299	1555	109	35	named
7c9ef37e-53f3-4e3b-8de1-7d89d82af675	413	1555	44	35	by
db79def6-bb19-465c-8ac3-cc38071e3ab4	461	1555	153	35	Nephites
83aa199a-41e5-484d-9ddc-13557e894b81	461	1555	153	35	,
1eb6cd18-3fac-4d99-9e49-60bf59e714b2	619	1555	98	35	469
936503f0-bd27-4045-b641-b78d3cddad5f	619	1555	98	35	-
b52be5eb-bd38-49b8-a4f2-a991a146bd9e	619	1555	98	35	2
591d486e-d7a7-4129-bf3a-c8d356f76d87	619	1555	98	35	;
4e31a43e-7099-4b21-8ad6-7b877253659e	101	1584	36	57	of
ab69f4c2-546d-4348-8f51-0e7660cf03e1	144	1584	86	57	man
198f648a-3a1d-4695-b99d-d62d08b038e5	236	1584	100	57	battle
4cbdae7c-7316-409b-8990-473dd2c49a2d	343	1584	143	57	between
73d86e9a-d8b3-45a9-9db5-04165211997d	493	1584	150	57	Nephites
36528ea6-012e-4a11-9331-16d1b54d0748	650	1584	63	57	and
325a6687-8bd9-4513-be92-8d6ee542e733	101	1609	44	35	of
1a4e9b3c-e621-45d9-aa59-c56eca2ac1ec	149	1609	83	35	final
e63c1ecd-e6f3-4e44-8e2c-9900dce518cb	237	1609	105	35	battle
40dc003e-2d45-4ede-95a1-c9d0cba1a472	346	1609	134	35	between
8e35edb4-3102-40c3-a25f-20b48f6fae01	296	1637	113	42	472
1328788a-04e1-465d-a6da-e7f8f0cd5d58	296	1637	113	42	-
16daca9f-906a-480f-b926-d7a415919fa1	296	1637	113	42	2
24e157fe-1170-43f7-b5d6-b1fb72b6bd74	296	1637	113	42	;
9741d27a-e1fb-4515-bcdd-344b691473a3	414	1638	100	42	called
a0290b95-4555-4c58-9f4f-b84d972c029b	536	1638	128	35	Ramah
bb75590b-483d-4acc-a950-87fb0f4cd351	668	1638	49	35	by
802a5bfa-9b3f-44a9-9a7f-15b60870cba2	101	1726	119	28	326
547e4f93-a793-46be-bc1b-22bda1544e2a	101	1726	119	28	-
f9d75e41-2545-47df-bd75-0d8ce3bc4bc8	101	1726	119	28	27
d78bff58-c029-42e0-904a-16183942d9f9	101	1726	119	28	;
46bfcaf7-ab56-4f50-9258-a5641c701679	223	1726	42	28	of
9d076849-431e-45ec-a604-d0ed8283ca2d	269	1726	91	28	devil
6f23369d-9136-43a2-a769-914c3538c773	269	1726	91	28	,
9be6fe90-3155-47d1-ac28-fec1b93abe93	363	1726	116	28	443
bbfc9353-abb9-4364-921f-faeab4eeea27	363	1726	116	28	-
69e85a3e-1468-41f9-b9c9-97e82fc2f7ec	363	1726	116	28	10
a11d487e-eba4-4329-a46a-5385f907e5f1	363	1726	116	28	.
0bcbf371-1723-4ed8-9f9c-2bcf3fb71158	161	1751	101	32	bitter
5085c2aa-5f5f-4bb2-80c4-333727db7e69	262	1751	212	39	(
21fa4f11-06f6-4bc7-8a72-7f9028aae02a	262	1751	212	39	figurative
61c48e7f-194a-41cb-98f4-2d990264fb63	262	1751	212	39	),
99d4070a-d0e8-4132-a087-39ac9d5ed35e	596	1754	123	36	142
4b246e73-4af3-43c8-9961-b9ef9d1b07a0	596	1754	123	36	-
3011aca6-e7e9-46d0-86eb-3f870d2bf1cf	596	1754	123	36	26
e33d5b30-7498-4734-9700-493aded8bee0	596	1754	123	36	,
ef29a905-eb44-4a5e-b49f-4f978673a59b	101	1781	118	38	396
bbb356ca-9677-428c-89bc-c664710bbbbe	101	1781	118	38	-
f36f7069-d719-4909-8e09-44ec67b280b2	101	1781	118	38	26
e74036aa-aa2b-4dfe-9ec6-fed50b71660d	101	1781	118	38	,
51929720-3bc3-4996-bb84-ac540f2d2180	233	1780	129	38	421
c1c6bf00-4dfc-43f6-87b3-37692afbae35	233	1780	129	38	-
3b2f1576-d69e-4b01-bed1-5fb633a8d33a	233	1780	129	38	11
d2b425d5-8520-4f1c-a65d-f5f270593a4a	233	1780	129	38	;
3f53247e-72b8-469a-832b-980a43605816	615	1779	104	42	434
729d8219-344c-4a97-8c40-6d5d0d2627c6	615	1779	104	42	-
a1cbcc30-8cb8-4952-a496-501789e90f0d	615	1779	104	42	8
33991fe6-71e4-41a4-b42d-832962f5c986	615	1779	104	42	,
222fc9f0-caa6-44dd-83b1-a97c3bf7dabd	73	1805	99	73	Cures
5cf3b29f-196c-4dde-8c56-23625fe33373	73	1805	99	73	,
7e586142-cd43-4242-a44f-efbaacb55108	181	1805	198	72	miraculous
fe9b5ad5-c630-4f84-936a-5a43d33c6bf2	181	1805	198	72	,
a8ca096a-fa7f-4021-9d2b-b4aa3a394105	388	1805	90	72	140
82be11a4-2741-4bc6-ab7a-35256b0aaefc	388	1805	90	72	-
03e6bc79-158a-41fa-a411-0f2a782b11bb	388	1805	90	72	5
ac70a785-b5b4-406c-a7b0-3041ee88d0d7	388	1805	90	72	,
4ccf9fe1-9284-441d-ba11-58e08103252a	487	1805	119	73	449
cb829614-dcee-4980-8208-9d1d5ce7a2ca	487	1805	119	73	-
54311a40-b4e4-41c7-93e2-a6b685b07699	487	1805	119	73	15
415aef20-4bbf-4842-810f-cff12b6b1cde	487	1805	119	73	.
d11466f8-34f2-436d-bfd3-6edfae000ce4	72	1863	164	43	Cureloms
838325a4-5697-44ca-85e1-fc609a123131	72	1863	164	42	,
8b0dc311-5e4d-4ad3-88c5-e5197b08049c	241	1864	139	42	animals
0f7e106e-577e-4470-960e-3147689ece22	385	1866	118	42	known
24240acd-d5ab-49d1-a9ea-7950efe29716	508	1867	41	41	to
963e844c-9299-4438-828f-0ccddd5e7cc1	554	1867	162	43	Jaredites
d2e6286a-0bc0-4760-ad63-9ff2204d8696	554	1867	162	43	,
d7c414e4-d30f-44a0-a77e-3d0c3ab272d0	98	1899	117	32	494
cc2c2724-568d-4c78-85dc-2a997e623e56	98	1899	117	32	-
49c73881-2ffd-4978-83c0-79678229b774	98	1899	117	32	19
50a5709f-be57-461b-a604-1e78e2f81b8f	98	1899	117	32	.
bb81ad5f-ccc1-43f7-9029-b1a01c61bd0e	70	1924	75	64	Cur
d4552bde-6265-4212-8800-f2046f391b46	145	1933	177	76	Lamanites
9c948aad-bab8-4fdb-bebe-17983c776da9	322	1956	175	76	Lamanites
0017407d-a760-4494-b6be-e2b984d6a385	322	1956	175	76	,
cea3fb09-4b5a-471a-acd2-d3caa6605b33	425	1957	60	36	by
0373a451-8546-4d45-9916-09bc1eebdb29	489	1954	123	38	Nephi
37c8a499-1e1d-4051-bc4b-e5f276c6070a	489	1954	123	37	,
a894e4c4-8072-42a7-aa6f-628c45c4b95a	104	1991	109	25	comes
5b0f8110-c17d-46fb-96f1-dc64f3ffe808	216	1991	93	25	upon
878ad71f-9779-4fd8-ba9a-fe0bf05911f1	612	1985	101	38	112
9282a364-53ae-4152-a117-e36e1c5e8443	612	1985	101	38	-
d3fbab9b-f983-4048-b174-40fe6c528bbf	612	1985	101	38	5
558fe715-93e9-457f-8217-359d43efb11e	612	1985	101	38	,
beb8161a-15ce-4748-b518-7596e00df320	770	470	60	32	for
e22dc975-131b-4bc0-8ec1-9582955c8e51	834	470	168	32	evil
7ac12161-60c2-4c66-8ebb-0c77f0cf94e7	834	470	168	32	-
f9e88441-2c65-40e3-9582-017a4bab7489	834	470	168	32	doers
75a02dd8-f858-464f-8131-79da33b7cdcc	834	470	168	32	,
dfe8edc2-2784-4c85-ad16-12ed83374520	1006	470	124	32	389
8331096f-0d4a-4532-b107-44ff0f55a656	1006	470	124	32	-
1abf2508-29ca-46b5-8929-85915b657503	1006	470	124	32	26
bbb849cd-8785-4650-8ebf-efce42d8ae4d	1006	470	124	32	;
90712d0c-eb5e-4c85-b6cb-1b2d3c328924	1134	470	204	32	resurrection
6b554737-367f-4a2d-b8f5-4c62de6691c4	1342	470	43	32	of
e7cba60d-8266-46e6-a53a-da05cb431393	1342	470	43	32	,
4f1e56e3-bdb2-4b85-b349-be7d2defc608	773	495	97	41	448
31825870-042e-4d4a-9b15-da91efa04b0a	773	495	97	41	-
92d4190c-1f43-4d3b-b4ae-65f24c7dc444	773	495	97	41	5
bf7d3b33-0ae8-4048-86fb-780a4a7653fa	773	495	97	41	;
bfca4a55-d4cb-46fd-8f4d-1972f09177c9	876	496	56	41	for
85e01983-755c-44a4-a6de-b447b7e16a55	937	496	169	41	corrupters
c40e2b29-8324-4e3a-89cc-90d3708a56bd	1111	496	36	41	of
e155c79c-87da-4b95-b92a-8fc72191827b	1152	496	62	41	the
86c1ad91-56ed-47b8-a543-197b6e7cea3b	1219	496	92	41	word
3662a0fb-d0ac-453e-ae70-ad652bd0f066	1219	496	92	41	,
56e334d3-96f6-4cad-924f-a36072c6c4f3	1316	495	72	41	474
f81f3ba6-bb6e-4e8a-9230-8bedd561b858	1316	495	72	41	-
52d89819-2027-4f43-aff2-005d6dcf092a	745	555	68	60	Dan
85671c4b-f5cd-440c-beb2-5bfc152d7b95	820	556	195	60	Lamanition
5ecc811e-e7f6-4318-a48a-8546e2e0e48c	1022	556	187	60	daughterse
c977c69c-a23a-4938-9e37-a26d62e07507	1217	556	127	60	h21
1a129a9b-b436-4657-b2c7-23670cb06c6b	1217	556	127	60	;
0eac34b1-9780-4209-9838-fc56514ad5bb	1352	555	39	60	of
0fe906f2-7c13-4758-9826-0e5867d7d2ed	770	612	149	35	daughter
3bc0d9e7-5afa-46e3-b540-f5bb13d9aefc	923	612	39	35	of
18e4a291-2c6b-4bb6-bd78-1940eb65351e	967	612	101	35	Jared
90f20dbf-86e5-485c-bd3a-055aa536d6c6	967	612	101	35	,
60afeda0-cff3-4a04-af07-9d5159bbb23a	1072	612	57	35	the
700b508c-a9e5-45c6-848f-a99d4ec8ab18	1133	612	166	35	dethroned
2788b153-41cc-4898-b979-ef03fe4c7c6c	1304	612	84	35	king
8697d83b-15e5-4412-8f5c-74092c69ead2	1304	612	84	35	,
c173f1d6-35c5-4dbe-baf4-8501bed6890c	770	641	114	35	492
e91328ea-5b63-4652-8609-b6b4f857dc1a	770	641	114	35	-
acd270e1-124f-499f-b4ae-c67ba3177cc9	770	641	114	35	11
4c6ea658-487f-4229-8982-cdbb212f08bf	770	641	114	35	.
af9e8a24-fdec-4c47-95a0-004e21001248	741	814	137	63	Darkie
46412336-bb69-434b-a828-afb512ebd141	887	815	43	63	by
0d45bfc7-5b32-465e-b863-b9cb9da6b068	938	815	112	63	Nand
3caa442e-a9c9-4d74-af09-5b82f0763f8d	1059	815	146	63	20
ceaf3062-9b22-4e6d-9075-0b7dc3627853	1059	815	146	63	-
f174f45b-54b7-4e4e-ab08-da86a92b046d	1059	815	146	63	7,0
3941ee39-6490-418c-b2c4-22d996f18c4e	1213	814	172	63	visite
c80ec134-1ba1-40a8-b2af-15458c9dc184	1054	842	107	36	20
1946edc0-03d5-4374-9095-dbee0e77cf4f	1054	842	107	36	-
8c30c68d-f469-4747-8a5e-93d019c9ecdd	1054	842	107	36	4
eb444f18-d06f-42f0-806f-e2067fbbab92	1054	842	107	36	;.
b4f610f2-91bc-480b-b20a-15572645fc62	1164	842	38	35	to
c7fc479b-c576-4276-bc40-ef3668424d6c	1268	841	117	34	visited
ffdf4dd9-9c66-4445-a7da-1b5171961bd4	773	846	71	57	upon
5db18b7b-1af9-4ebb-8323-c1ac0d6d4bfc	851	846	107	57	Israel
771a2c28-1de7-4efd-8f71-eb1033081de3	851	846	107	57	,
298c603e-538e-4c41-b5d8-05ffa1e41023	965	846	100	57	42
d87cdfb7-c253-4a7c-ae2e-f7669821889b	965	846	100	57	-
aa09b012-c830-4fcb-a904-ffe1a68233e1	965	846	100	57	11
c44f9914-8a4f-44cc-b0b8-0a1387a5a8a2	965	846	100	57	;
3b687d36-dd34-4749-944d-86405a40514a	1072	846	93	57	Israel
a8280822-11b7-44fa-aea7-76ba7f7da38c	1172	846	28	57	to
1acf0a62-6993-4004-96b4-e9e5929ad447	1208	846	43	57	be
78b6e82c-fed0-46a2-a428-bbfcbd1c8b64	1257	846	127	57	brought
49106b68-0b6e-4717-97a4-00c33baddef7	776	902	59	28	out
a19e53af-9bfc-4286-8f2a-bfe316116cfb	839	903	52	28	of
f7ccb1ea-6d22-4e24-93b9-8229ee4940b4	839	903	52	28	,
7d3ac60d-ba13-4257-b010-a4190d3aa5dc	895	903	112	28	47
f8eb1e75-8e59-4fca-ab21-dd5a1c603d41	895	903	112	28	-
ea730ea2-4396-4b21-abc8-08770405d875	895	903	112	28	12
21d2465a-ed12-4cd9-892f-a4f05c5c9eaa	895	903	112	28	;
80af3c98-efb4-4552-8cbc-162bf3f4be6b	1010	903	108	28	secret
97afd9c5-7bff-482b-94a0-e1d29c135c5b	1122	903	112	28	works
250fc35b-a9eb-42d2-965b-87fdee867744	1238	903	49	28	of
3a7a069a-7dd7-4de9-b5ca-442cc1761a39	1238	903	49	28	,
92545f32-bf47-4f5f-8ae8-64ba29a866be	1290	903	49	28	to
52b3090f-2402-4a19-8394-06b5fbf05250	1343	902	39	28	be
676b7b84-4a68-4c50-b4f0-d770f989fc07	773	931	167	29	destroyed
cf4eda3f-fe70-40e4-bb77-2dcfc8ac0b8d	773	931	167	29	,
ef6b1135-19df-43a0-9915-d6c27ad89d1c	943	931	112	29	72
9220c59e-6d69-4a41-804c-983f4fd834f9	943	931	112	29	-
5938fe4e-70b9-402a-87fa-f2edc2606a7d	943	931	112	29	15
cf2c1454-8f12-4deb-826d-a998a377c430	943	931	112	29	;
c1cd68ad-18d2-444b-8158-bd056af443c7	1059	931	109	29	scales
e87675f9-a498-4889-9aea-4c5c17ae32fd	1172	931	51	29	of
4efb60b8-acb7-467e-a403-5c74cabfed82	1172	931	51	29	,
b0d9593f-c254-4ae0-8ee9-dcc09e69fb69	1226	931	91	29	shall
521eb053-bba4-4341-8538-406db5589373	1320	931	65	29	fall
6a537bcc-a3dd-40d7-bfb0-0cec9bf9c6fc	1320	931	65	29	,
2272eef0-c817-4c61-8672-ccf1050d33ab	1287	984	101	36	393
f0323c13-a016-4d75-8be1-8d5bf42ff66c	1287	984	101	36	-
463c282a-cb15-41fa-9fca-58936a565c2b	1287	984	101	36	3
0ebec1e5-10c1-465a-9264-ff6ecd8bc3f8	1287	984	101	36	,
94137d36-d957-4136-b102-02bc0c92e67b	1155	1041	105	35	could
579b2e94-9a52-4101-999d-97a32fdd60e9	1264	1042	52	35	be
27141a19-ecb0-48ef-a759-00d7ff7646df	1321	1041	70	35	felt
270236fe-2e18-4c3f-9cc3-d25df4e3d61f	1321	1041	70	35	,
fb408e91-a552-495e-bf8c-fbb0e163df66	745	1067	83	66	Dark
54008bdb-dbd6-4a4f-916b-e298b8952eb2	745	1067	83	66	,
b5990957-5cee-40ed-846f-f4dc6c931cc4	836	1067	58	66	20
7dc5101f-6bbf-4e51-97b4-143db7212f35	836	1067	58	66	;
32c90846-069a-48bd-ac78-d7330ed4cd52	902	1067	99	66	apop
909ba301-8577-4509-b428-b56d2531ee79	902	1067	99	66	,
0deffd6f-589d-41b9-a8a0-df67c8881b63	1009	1067	91	66	128
4761540b-bc13-4982-9958-40c1ee01a285	1009	1067	91	66	.
bfb582ed-7c16-4643-bc7d-07bad18a0e66	1108	1067	94	66	419
a1e7b181-8612-4cde-b383-15e21008b469	1108	1067	94	66	-
915d2f23-a9f3-4cc9-a3c4-bc36e6b398dc	1108	1067	94	66	9
f2800018-b9ce-4274-a485-65fa918cac0b	1108	1067	94	66	.
07b9bb6c-300f-4b24-a855-17d58b232dc4	745	1129	100	32	Darts
7f25cb19-13bb-4d21-852b-529920a49420	745	1129	100	32	,
db37cd1a-fa20-4d02-8836-5b1e3199472d	849	1129	44	32	of
143247bc-0442-4da1-b90f-6120b2e4432c	897	1129	172	32	adversary
ea5e2456-3b5e-435a-8496-f67c2f10bb5b	897	1129	172	32	,
2dbe6615-4421-497e-b3bb-79a1e9a395e3	1073	1129	101	32	29
bf2dca32-1fba-495b-9bef-c4ed277dfc28	1073	1129	101	32	-
e124844e-74f5-442b-886c-cd267a0f0f35	1073	1129	101	32	24
a096667d-67fe-4850-aea3-8cdcfc2a0475	1073	1129	101	32	.
5a92e23a-7580-48d4-baa4-dd85597b1da1	745	1154	128	64	Daught
3c3018c2-86aa-4a57-b5e2-d561c3c507f5	881	1154	64	64	and
f8a5a065-40ef-4c1a-b761-bcfec98bece8	953	1154	88	64	Sons
64132235-95ee-4c7c-9ad2-a69c7736a19d	1049	1154	40	64	of
d2722f23-d0b1-4821-830c-70e43ccbb1e1	1097	1154	80	64	this
635d5210-1c09-407a-ae7d-275037063f9d	1185	1154	64	64	31
99d6760a-c84b-4b4e-8f6d-a8b4b6a9bfb9	1185	1154	64	64	-
9169121b-5fb1-489e-b9d0-e96565e655fc	1185	1154	64	64	7
6ee14075-bd4a-42bc-b8af-4bf1786973da	1257	1154	56	64	of
44747995-b508-4892-9493-4e295f45fc6c	1321	1154	67	64	La
e0e44288-eef8-4974-a4fb-544bae93a5f5	1321	1154	67	64	-
605e1ca4-5ea4-48eb-8be2-912eff493fe8	770	1211	133	38	manites
bbe57a21-146a-4268-b131-77f9a79b8d52	908	1211	157	38	captured
236f9656-b9d2-4547-8c1d-594d886bb5f4	1069	1211	57	38	by
e000d326-4cc1-4192-99d2-aeae12f10490	1131	1211	119	38	priests
29fb090c-2247-4404-9d57-5ed4116af89d	1255	1211	47	38	of
2b1b5b6a-1025-4c51-8365-0e1a594d9787	1307	1211	81	38	king
243e2de6-4fcc-4de2-a068-27b83aea08cb	770	1240	98	41	Noah
d7b0253e-cf2a-4b61-b479-d57eef356fa3	770	1240	98	41	,
aef36b84-486b-4248-878a-72d4cfc1ccc6	873	1240	103	41	172
5a7a7808-56d6-4c2b-9540-4e4f2cfc1ec2	873	1240	103	41	-
6e581ff2-8d45-4a34-ac32-52798ec056cf	873	1240	103	41	5
00636cd4-af98-40c4-8c3f-bff2913b60d0	873	1240	103	41	;
508c43f3-e10f-451b-b679-5a4aec454788	980	1240	41	41	of
eb8e47c2-8a4b-404b-bac6-705316389852	1026	1240	169	41	Lamanites
68916937-43cf-446b-b689-00f69263f5b5	1201	1240	188	41	maltreated
52d5eb37-8c54-44f0-933b-0bd11363a9fb	1201	1240	188	41	,
4cb7f8d6-f5a2-4bf0-b30f-33752eeb1ba6	773	1331	58	29	15
6f7083a5-fee4-4cd6-bbe1-1f3efb75dab8	773	1331	58	29	;
c093e0f3-54e6-4e76-bfd5-73c31853a04f	835	1331	206	29	concubinage
fc894888-ea65-48f4-9303-bf8bb11a64b6	1098	1325	209	35	abominable
b7ee9662-37d9-41e8-b8ea-564cec419de5	1098	1325	209	35	,
6cfdcda5-fddf-4341-a717-1db827a3dcd1	766	1355	58	32	24
ad904f41-9ea8-472f-aa39-bffffdd75f30	766	1355	58	32	;
6ed35fd4-1440-4643-a09f-366af99e89fd	828	1356	101	32	house
7994feac-64bc-4fc1-85f5-252f1706fd40	933	1356	51	31	of
f7b12ee0-7800-4b85-9c41-539eb2d1a996	933	1356	51	31	,
df72f3f6-4aff-4166-9ee2-dffc2584581c	987	1357	85	32	79
15795948-60a7-44a3-a5f7-257ab9e54570	987	1357	85	32	-
4c218416-6b77-4a32-bde2-c043d11f3e71	987	1357	85	32	2
bd732009-6d63-436b-8d3f-daf82d7f3b53	987	1357	85	32	,
c1a998df-f85d-481e-9f94-efd75eb13e35	1076	1357	101	32	80
723f9cee-8948-4a7b-acbb-e303b8054da6	1076	1357	101	32	-
5c839d5e-eb8e-49ad-b9a7-a680a83334b4	1076	1357	101	32	13
86096cb3-812e-4be6-825c-40110afae338	1076	1357	101	32	.
c51be907-e97c-43c3-902a-bdcf58a8f358	849	1378	87	41	land
68acc257-7e26-47c8-a63b-68d683675f82	941	1379	51	41	of
06e22357-5143-4b0f-92b7-9f81ed0458bb	941	1379	51	41	,
7f9f5cd3-fbbb-403f-b443-7b0232c1ebfa	997	1379	98	42	461
788685bd-ea9a-4fc1-9fff-85e85611847b	997	1379	98	42	-
abb86691-aa56-4334-a7fe-076283846242	997	1379	98	42	5
437843da-fab1-47f5-9ee5-4f8580e51f47	997	1379	98	42	.
48860b3b-3982-4a22-a3f4-fac5a3e03f63	817	1470	155	32	execution
8d4328fb-4873-47a8-862c-2979c6778bbd	1054	1470	57	36	of
b6af438a-10fe-42a4-97aa-731ea2c64672	1115	1470	157	36	believers
27246f0a-87b7-45ef-869a-a94e197f0ca6	1115	1470	157	36	,
91b1ff58-52fa-4346-9a4e-64ba0febc62e	1284	1470	104	32	399
782f4653-2d87-49f9-963a-4ec27a9f4af6	1284	1470	104	32	-
e49694f1-7124-4f4f-88f2-5f113ef2fedd	1284	1470	104	32	9
750b3fbe-7d17-4f49-a220-c41c957b0b3e	1284	1470	104	32	;
75828927-3633-4698-b16d-87776b2ac4c5	773	1499	94	35	Ether
d774211e-d4fb-4239-b136-79ab5eb79b1f	871	1499	59	34	hid
8a32dbb1-cff0-40ff-aa86-39cce3de3653	935	1499	38	34	in
dce2dbd5-7a67-4472-8717-cdc745c3ebf7	977	1499	106	34	cavity
df5342f4-ee6f-452e-924f-0fe63a19c367	1088	1499	42	34	of
7e9e5e92-4968-4623-8393-cdf9d4fe30bb	1134	1499	77	34	rock
befea9bd-3e51-4027-8be2-64886cd329d0	1215	1499	55	34	by
446adeb0-5255-4415-a843-0a8506a47a15	1215	1499	55	34	,
b45a9ac9-1340-4f6a-af12-aa84d50ff183	1275	1499	101	35	504
ca717636-d754-42c4-ae35-9819521f3b4e	1275	1499	101	35	-
ede5a1b8-80d6-4ed2-bfb7-34db30e7e533	1275	1499	101	35	13
335d275e-283d-4d48-8f34-4b9f3351c8b6	745	1527	91	38	Dead
2e95072f-0e12-4055-b500-eb3ca81cc05d	745	1527	91	38	,
ff8e89c6-35a2-4c88-af00-b68beb78c139	840	1527	57	38	the
83d023bd-f021-471a-8b5a-e11e539ed044	902	1527	100	38	living
0cd4c5fb-8974-4389-a134-5c4cb5cb4778	1006	1527	38	38	to
3f61d475-f13c-451d-9502-5fff7e12fc88	1049	1527	76	38	hear
ea96d2bf-d3dd-4389-b4f8-1a43aed174be	1130	1527	81	38	from
0debc3d8-b9dd-490c-8a3a-3032226d1344	1215	1527	66	38	the
84b13b9c-77ff-4e9e-bb4c-2daf98718107	1215	1527	66	38	,
2065e078-fe91-41d6-b069-595617ad503b	1286	1527	98	38	81
710d7548-eebc-4e4d-bda2-13054566c71b	1287	1527	98	38	-
91531dc1-252b-4d9f-8abc-3657e4aec437	1286	1527	98	38	19
9f152cc2-b4f2-4f5f-9520-76c31ab9329f	1287	1527	98	38	;
d2f91076-689a-43ba-b074-7f916da1cc13	770	1555	116	32	raised
a8f998d6-e6dd-46ad-86c7-8026a1ccccd6	890	1555	82	32	from
9f9a6b57-d93b-43fa-a3d1-c9e1c853ae47	987	1555	70	35	the
982a16bd-1084-47d5-b9c5-b2a1b9345370	987	1555	70	35	,
a7d04fbc-bca0-4598-89fa-a658f613cae6	1061	1555	59	35	by
e050e44d-5f6e-4e99-b6c1-2ecd1132eca0	1009	1584	135	32	raised
8185643f-80ba-41f1-9c95-7b07250a35ff	1148	1584	76	32	from
412c4358-07b8-493d-b27f-a6e90a342ef4	1139	1555	96	64	from
b95012c2-3687-4a4d-bcc4-831681d05c8c	1243	1555	79	64	the
4b9e7d75-dd5a-4fab-9c95-bce7df13391a	1243	1555	79	64	,
9514212f-170f-4e01-b34b-b051347aa7a5	773	1584	114	57	Christ
5faf4442-c9fa-4782-8253-84805394af91	773	1584	114	57	,
6f83b2e3-37c4-47ee-b652-eb4437b0059a	894	1584	121	57	437.45
24574a88-5ab2-4372-9957-a8f98ea6c9d5	894	1584	121	57	.
06976a23-1a4a-46b6-8838-c75b7de7b89c	1022	1584	121	57	christ
ec491c2e-5ce2-49c8-8420-c4759d97e049	1151	1584	86	57	stores
b77e982a-f0ca-4b20-aa5c-ca15e7365632	1243	1584	139	57	utrection
6507f078-212c-47d1-999c-dc86293a1191	770	1641	81	35	from
2ad8564f-4a43-4479-845a-bd1f8198d682	855	1641	68	34	the
c4c60ab6-21cc-4d2e-a062-6770f3beb283	855	1641	68	34	,
1494dff6-1f09-43ed-843d-8c0e8d775c46	927	1641	59	34	see
6635b9e1-8225-46cc-b4de-24da73e5d897	991	1641	115	34	Christ
dd8dfbe6-2e27-4cae-8a38-40504dc45d4c	991	1641	115	34	,
7ea26081-042c-4244-ae60-c9b199baf941	1110	1641	55	34	life
ab7f9cee-850a-49ad-8e3b-07f44722f25d	1170	1641	64	34	and
5eddd88f-ea31-4763-8b88-8d64995e456e	1238	1641	98	34	death
627a2c5b-3e86-499a-a16c-78f7dd2b3e4c	1340	1641	49	35	of
bc911fe0-d3d5-48e9-9303-025755fad9df	1340	1641	49	35	;
f6ef9e03-281e-476d-8444-08a628595bb0	776	1666	53	29	all
cbc5b8d0-17b5-49cf-9a0b-9d53f83d9c91	832	1667	49	29	to
78b51a46-7219-4ef5-b808-a5617a557987	884	1668	56	29	be
915c5b69-22ed-4e82-a33c-7671ea7b7a3e	944	1668	203	30	resurrected
0b718992-5b70-4b96-a8f2-1bb9db737604	1150	1671	95	29	from
1c13205b-2c77-4bd5-8214-7411522fa2cf	1248	1672	77	29	the
97bb91f9-7fe1-426e-84ce-0bdb5f8c8eeb	1248	1672	77	29	,
cbd9c435-d1e1-4ceb-8d6a-7414552a53ab	1329	1673	56	29	see
89ff7819-d4ff-4704-8a28-7ba8a8e18b18	770	1698	218	32	Resurrection
f5d5c476-6297-45c0-a7a2-8e7683bdcb6c	770	1698	218	32	.
ed016344-ab41-4079-9a98-b25b40fd67b4	741	1726	166	38	Deadness
fdb0a7f8-1d5f-451a-afc7-87b7da2c96e1	741	1726	166	38	,
2a2d78f8-ddba-41ed-88d4-da94930d5d8c	912	1726	38	38	of
36ba9b4c-fa61-45ba-95df-432183889d0f	955	1726	119	38	Mosaic
5b90d2e8-c91d-431d-b894-d350a3b7dc7a	1078	1726	76	38	law
22e17a23-da35-4722-83cd-d98e5749cc59	1078	1726	76	38	,
c2d2402b-fae2-4cb0-9817-ada4e68f2a6f	1159	1726	100	38	92
db2f883d-96a7-4826-9ff4-ca69bbbdd8f6	1159	1726	100	38	-
6691e2e1-f46f-4145-979c-8a538c89f736	1159	1726	100	38	27
088c6adb-36bb-4602-a7be-8864e1acc67e	1159	1726	100	38	.
52addc1e-aa0f-4de3-baf2-94e7b1548cd3	741	1754	90	38	Deaf
0ddad6b5-a8a8-46d4-ad15-7f795ce97512	741	1754	90	38	,
a1dafb8a-678b-48ce-9ce8-0200f5f98579	836	1754	76	38	that
9841790f-2eeb-4c5c-bf5c-5ebe2d28e478	917	1754	66	38	will
2e752f0a-a974-4fb9-b9c8-0efb0d4614fe	988	1754	62	38	not
76aba49b-b49f-4418-b196-30b04fb1ee51	1055	1754	90	38	hear
aebab3de-679d-46e4-96aa-311a0494f209	1055	1754	90	38	,
62fa3afc-7006-4a7e-83c2-e8055dd181b8	1150	1754	105	38	69
6e6c83f2-9b21-4708-a747-7e4888e02ae7	1150	1754	105	38	-
3596f43a-f003-4a97-99c4-7d890bb3031b	1150	1754	105	38	31
a00be258-f17e-489d-bf87-21d7106c81fd	1150	1754	105	38	;
4e371032-519d-481a-b30e-ab609f5bc813	1259	1754	47	38	to
64aab589-223a-4f12-be9f-75e47e50c596	1311	1754	74	38	hear
01d412e8-b256-4570-8c17-dbc69060a4ac	767	1780	99	73	neated
96bb1471-e514-461e-9fdb-0b19a195f3b9	875	1780	45	72	by
af6df355-f27b-49f5-8152-18bddbdd7f15	929	1780	126	72	corist
9087ef87-5669-4588-821d-ee044958ffc3	929	1780	126	72	,
1eb93a91-090c-42c7-a74e-6503e371498d	1064	1780	99	72	432
62f34fb2-250c-4e58-8ea9-daef5000791a	1064	1780	99	72	-
b9e766cc-f8cc-45dd-a617-54cd6f78533d	1064	1780	99	72	7
4f464824-b23f-4cb6-988f-82a008331120	1064	1780	99	72	,
53921196-0da0-4ff6-8beb-76f8368bd736	1172	1780	99	72	laid
9d4465a4-bee6-4c69-85d4-5eb653009e93	1280	1780	36	72	by
e2ab534c-f7d7-4197-aa6f-c126cdd396cf	1325	1780	66	73	the
68161f7f-af36-4824-96fa-deb988ce1b23	770	1840	148	38	disciples
f9f06a7c-de21-4e9c-8818-d1d561aff692	770	1840	148	38	,
75a93d56-7f1e-4d60-9ea6-aacd42921dd7	923	1840	103	38	456
6ed20472-aacd-4160-bad6-02130d01f3e7	923	1840	103	38	-
f4f57112-185c-425a-8fa6-675b012d0a92	923	1840	103	38	5
b6489e09-50d1-421b-a221-4303e8e33ff3	923	1840	103	38	.
496216a1-f3a2-4cb2-9fff-88413ce98c31	744	1867	165	41	Dealings
bd3c7cca-cc61-4d08-871c-be79a5dbdcba	744	1867	165	41	,
de7e818c-495d-4007-a7b1-4a33ffa59ed1	905	1868	60	60	and
8c9efe49-5348-4086-93b0-86cb103c92e3	972	1868	157	60	Lemmet
f1452312-8e87-4dff-a363-18cbaf06c36f	1137	1868	127	60	44
21caa188-d83c-487c-9522-e92ebc36cb9f	1137	1868	127	60	-
48c74927-75f8-4669-8ff8-7bccfe8fc78c	1137	1868	127	60	22st
59dc97bb-9f37-4628-bec3-9429b08324a0	1272	1868	112	60	154.14
dbab7387-1a0a-40c7-972d-8d81d59c0eec	1272	1868	112	60	:
1fa68591-b22a-4242-a59d-ec8669c1d559	991	1896	142	38	Lemuel
298397b1-8b80-4000-968f-2dc8ca178bab	991	1896	142	38	,
74431457-c6de-44a7-a12a-34c91378953d	1148	1896	95	38	4
91d3d5df-65f7-4ef0-81e9-c783056d38c6	1148	1896	95	38	-
1f13d054-29b3-4b44-85c6-6fd38af8864e	1148	1896	95	38	12
cea6ba44-91ce-4d58-ae78-33a23cb3e5e5	1148	1896	95	38	,
f10a52f5-04f0-440d-9b22-b518fb9609d0	1265	1896	123	36	154
8146cda6-4dfa-4be0-8b24-466ff09bd303	1265	1896	123	36	-
362741db-04f2-4cd9-bb6a-d56499d9c339	1265	1896	123	36	14
1a6e3579-6695-49cc-96bc-aaa0a288456a	1265	1896	123	36	;
b20929db-bc47-475e-84ad-2d5a4e8c7a9f	736	1900	131	99	Death
7b0c226d-69ee-4652-a80a-9f0bae9f3fc2	736	1900	131	99	,
392ea763-1969-4177-aa15-d858f1de3932	874	1907	97	97	lamin
d3f809b6-c398-4c88-a09e-3b5d9f342538	977	1912	97	97	da
da68ec3b-e0f8-4d1b-b44d-c486852b5421	1081	1918	189	102	tet
434534e9-297e-43bd-8cfa-547688abe23c	1081	1918	189	102	,
e892c77c-ceac-42d6-9c27-c68f311784f1	1276	1928	62	95	19
49e5a377-d7be-4a05-a75c-729fcb77f980	1276	1928	62	95	;
ebead18a-809d-403e-9c50-6ab0d97b5062	1345	1932	50	95	30
45a87a41-9c89-4af8-8b0b-1140b71e0683	1345	1932	50	95	,
6f011f89-608e-4382-8daf-d1c2b4959036	748	1988	109	28	Death
606ce759-ac1f-465f-bcc5-c08940544b60	748	1988	109	28	,
ba583255-7528-4dc2-9245-d20c2b051869	860	1988	126	28	passed
252b6afa-140e-4a6a-aa5c-5c102c979fd1	989	1988	94	28	upon
16cef183-623e-452f-ad8a-761d575e980d	1087	1988	54	28	ail
f7c4e3d0-5f85-43e8-9f35-495f579a776a	1104	2013	117	36	67
a563d1dd-f8b9-4ab5-9d36-812ad13a5dcc	1104	2013	117	36	-
a9dedf9a-d9c5-4d4c-b91c-9781f5670e04	1104	2013	117	36	10
9752d391-8b7e-430a-a000-c1332f6b5715	1104	2013	117	36	;
8a235369-4ac9-4020-9662-0d2893fbeb15	1136	1991	83	51	10
378ad0a4-40e6-4060-8718-fb71e9303790	1225	1991	103	51	bands
e991417f-a24b-45b2-8bb9-bf28ccf578c9	767	2013	111	63	trolen
092083bf-e74e-4c51-a1a8-1c1663a21ff7	885	2013	63	63	by
412cd4cc-8540-4840-8b30-7f05f688cf67	885	2013	63	63	.
51734814-e9dc-444b-a83f-185c6730b1a3	956	2013	79	63	Go
fee1f64b-bb3c-4462-884e-768ce4b2f9e7	956	2013	79	63	,
654b2456-2e4a-4869-baab-871e1777df03	1043	2013	110	63	103
dcda9fc9-fe14-4454-9ca7-a17bfb30264b	1043	2013	110	63	-
f4277bf8-d4bb-44ee-a24b-a04c6ead64ba	1043	2013	110	63	8
f7a9f359-5317-4605-ba1a-a9ff9fd79728	1043	2013	110	63	,
fff951e7-7800-4aa8-84ff-ec1322504082	1161	2013	173	63	Swalowed
822cc178-3372-44d2-99ec-143107c47ecd	1342	2013	43	63	up
