ID	X	Y	Width	Height	Text
604c9778-86e4-473d-b6a6-b1846c027f11	69	120	73	38	548
062141f7-17d3-4bba-a70f-8906d881771c	643	116	149	40	INDEX
3bcd8410-b702-41b0-8b4e-1ba6ece6e375	73	183	189	63	prophecies
57dec3b9-c491-44c4-b0d3-15d5bbcab2b4	270	183	31	63	of
63475986-4e8c-4cc3-a87a-427ff44178b0	309	183	157	63	Cosion
910ab02e-67ff-4838-a401-31177ffb8b49	309	183	157	63	,
9354a930-af50-478e-8d72-1f20963ee541	475	183	110	63	words
776c8254-f951-4ff3-b1e1-ad2f2bd24b39	475	183	110	63	,
e83bc078-b938-463e-b294-c8b9ea477194	593	183	117	63	500.23
07c8531e-eef5-4d20-9125-b3cc2b5c56f0	593	183	117	63	;
9829ee2a-6bfd-49dc-b991-faf357c2bbf7	100	212	178	36	prophecies
fca82133-0f8c-4075-98e3-0860b3fca81c	467	214	107	29	words
ce859572-a7dc-4cc9-b6c5-5807af884c1e	101	246	106	31	jected
87d1126a-60f9-4b03-b2a4-3f1e33e8f526	101	246	106	31	,
2cba7169-1ab7-4496-a415-51f32525307d	209	244	106	31	503
567cee75-ad31-426d-bdac-98a70980e38c	209	244	106	31	-
c75e3316-2346-41a4-b5c7-79e33b875c05	209	244	106	31	2
1839a8bb-8da9-4478-9196-475e1960337e	209	244	106	31	;
14b44914-44d8-4b8c-a70e-aa4b756eecdf	318	243	73	30	sees
6cf52aaa-4bf9-40b5-baa2-21b4fd0e82a6	394	241	80	30	days
93338f83-8506-4d9a-bf19-abdd4497c538	478	241	40	30	of
eefa0069-112a-4213-8863-ad3ebc5660ae	521	239	120	31	Christ
3076b336-d7a7-4c85-bbcb-2c352bcdcdba	521	239	120	31	,
2faa3ae3-95a9-4b3b-b3c6-f6d2551db24b	97	269	42	34	4
0bb4530d-bd3d-4073-b768-b368c52d5172	97	269	42	34	;
f8f371fe-748d-4676-b538-cdf04febc3ae	143	269	112	34	dwells
6e3d4efd-ec29-4578-85ef-446ce53ad5f2	258	270	39	34	in
70b26a85-11a8-48fc-8ed1-d578e7b5e2d3	297	275	122	25	cavity
f5eea6be-7613-4e15-80f4-d441aaa248ee	422	275	44	25	of
f10865b9-781e-4f06-9d1c-df054eaf197b	469	275	31	25	a
b6f6730d-ba9f-4979-8255-ce93a1e592a8	503	275	91	25	rock
f2449214-ca83-4df3-aac5-9b274f8ee990	503	275	91	25	,
3fe88eb1-25e7-4d86-b53d-59a4b956c3c6	597	275	113	25	504
0e844a4d-84f8-4300-81d6-2eb4108e61f6	597	275	113	25	-
a75bda87-9038-4c99-bab5-2dbeece78083	597	275	113	25	10
8663505f-fae5-4f3d-85a3-adf915d9f8f7	597	275	113	25	,
8e5c9729-29cd-4c92-959a-f0170cf3e509	98	300	123	35	505
bcfd5045-f600-4d31-9cac-dd530283e901	98	300	123	35	-
8a1f50da-5b81-47fa-9b40-a4b89c7a72a4	98	300	123	35	22
1637a803-2dc5-4355-baa4-ecf85f3a8a61	98	300	123	35	;
29a164db-88cc-495d-be05-46b87c5a9c65	225	300	100	35	word
ab00d8bc-c8e5-4347-80f0-9b57c77b2f64	98	327	109	33	words
5d9fd36a-1cd0-4d5b-afee-0c5ba5e26c54	210	328	52	32	of
2e8a017b-a18a-4088-9aa8-6f0217ac03ed	210	328	52	32	,
7704ecb8-e592-4099-a64a-654cbcdf2979	275	322	212	35	remembered
f3e3c93d-6732-4675-8d29-4806ff4d9430	275	322	212	35	,
ee012860-ba48-4725-99f0-08d5bf1844d0	319	297	43	57	me
68095ecc-0dc3-44ed-880a-6f8a227cb81b	369	297	57	57	the
6a5e4cba-b341-4f7b-88eb-d5f0b25caae1	433	297	86	57	Lord
b25f8030-2170-4716-a775-8f9abe01f002	526	297	80	57	to
964e90c8-09b8-41c7-98b8-d36f70b26d43	526	297	80	57	.
6debede3-d072-4ab9-a533-19b5eafa658c	587	296	123	35	507
670ddab6-c612-4225-b852-b9f14511cdf0	587	296	123	35	-
a1702c4c-097e-451e-b728-90775055f26c	587	296	123	35	24
593b1861-0fdf-4364-8d04-2c46c1bed08f	587	296	123	35	;
c99b9570-9315-48bc-bfc0-0ed75427f047	609	325	101	32	hides
a1665f80-504b-4e6e-a07e-35a3905de995	95	357	132	35	records
72d3fba4-e84f-4568-8933-7ebb46c434db	95	357	132	35	,
15bcbe35-57fe-4ca4-89da-142fb5d8b335	231	357	115	34	509
bef90a51-6dd7-460a-820f-769dc87f9d6e	231	357	115	34	-
c4ec869a-8614-40cf-afce-254e8e31f650	231	357	115	34	33
72f390f4-2ad7-4edb-b6a8-b554457c369b	231	357	115	34	;
259d3912-4840-42ce-aeeb-c886719819f9	350	357	68	34	last
e1bbf38d-29e7-423f-9bb2-da6b7955445b	422	357	98	34	words
32c1ba69-eaf6-4bfa-8c6b-a86b7ed5d65c	524	357	47	34	of
692ed51e-c0c3-4cc8-a757-2f20a60ca9da	524	357	47	34	,
08bcabe1-9441-4f14-9c5b-511c50c52399	575	357	109	35	509
eaaeb5f5-019f-4f37-8ede-d48dc4ab3ddc	575	357	109	35	-
b86d0936-a752-4547-9106-0898ef236420	575	357	109	35	34
11754263-6e18-47e8-a125-cd7c7047aa06	575	357	109	35	.
b4165309-b888-44d1-b342-bd00255b8456	142	385	68	32	see
022c0655-919e-4e6f-b590-18371bb25f82	214	385	104	32	Adam
a173ce04-11ee-4ddc-bf0a-85608a6c583c	322	385	68	32	and
4cb856e5-bcf2-4cea-a756-ded0c0ae5089	394	385	76	32	Eve
07a635bb-18fb-404b-a24e-4f3fadd392ed	394	385	76	32	.
c51653ea-80f9-4f48-a676-18772dc546ca	69	410	156	38	Evidence
2e25995d-6c49-42f0-83b7-972e914bf699	69	410	156	38	,
990f5b32-fea2-4557-8fdf-cd900103a087	231	410	171	38	demanded
6b73071f-9fbe-47ac-b195-49ed5e94fbc9	406	410	43	38	of
b10c7e46-9deb-407b-b5a7-9e36b455eaee	454	410	138	38	Korihor
1b761e6c-435e-4b62-8b08-8621455c48fd	454	410	138	38	,
98e31396-8a15-4532-a8f5-b7489e07bc75	596	410	114	38	272
8ae1ffc5-8fb9-4219-a51f-6206370cbf67	596	410	114	38	-
87599a11-a230-41d5-959d-db7b89ecb578	596	410	114	38	40
a0c5fb1b-d99a-42a3-89ea-aa4c4e9f8883	596	410	114	38	.
3430ffe2-e3eb-4784-975d-17395298a455	73	442	168	32	Evidences
02c21403-6826-4148-b7d1-33d435ed9490	73	442	168	32	,
433f5dfc-8f16-4b60-b0fa-9b62a2ef8b3a	245	442	92	32	basis
a635d413-f07a-478d-aa06-e1968ecf091d	341	442	36	32	of
3df27ed7-e9b3-40b5-995f-c7097726f97d	381	442	72	32	law
90e7afbb-269a-4f3c-952e-caf66806f042	381	442	72	32	,
fb89dc8b-6432-4774-8e9d-db4dfe1138bd	457	442	104	32	221
66c5bfc6-1493-4c4f-b1cd-6306ed7e25f4	457	442	104	32	-
ba9dd4d1-7431-4a2b-930c-09febaae0f42	457	442	104	32	2
e88c9bc2-1008-4069-9a06-96b6a14bc860	457	442	104	32	;
ad13aa63-9d76-4663-b174-7075758b086c	565	442	40	32	of
5d936be5-d4db-4442-ab4f-1360976416e2	609	442	101	32	truth
c2523ee3-f0e7-4532-a964-d95c1a613294	609	442	101	32	,
c22fbafe-5f96-4734-9053-61211e88f4c7	95	473	116	29	372
f6e2f22f-4764-4895-8535-f8e2bcf64ef7	95	473	116	29	-
6894bb4f-225a-4e8d-97cd-961e3a639f6a	95	473	116	29	50
4a0359fd-041f-4bdc-9e6d-13d0fd3b304f	95	473	116	29	,
370be258-40c8-46df-bd81-e7f5ed9fcc52	214	473	108	29	380
2716508a-4bee-4a8a-bba2-0f3be578602f	214	473	108	29	-
642a4d3b-a05a-4d15-a249-d48c1e1576d3	214	473	108	29	24
16aced44-2fcd-4df0-a151-26907b86eb9a	214	473	108	29	.
c5bbe4a5-e701-4685-a45e-9d443cb86610	69	499	74	35	Evil
0513f62a-b485-4a69-a0eb-3450cdbddf11	148	499	70	35	one
0cbb9d72-eddb-4635-9f7b-7ab3d7c3e6e9	148	499	70	35	,
8eda9601-0196-454b-bf95-1ca5a9c25e8d	222	499	61	35	see
17a44ce5-38df-4d68-a0f8-0e8734afd51b	288	499	100	35	Devil
a8adccb5-d1fc-4e99-9ac9-4761df1d3912	288	499	100	35	.
81ddecb5-342b-49c0-b926-6972a3cf1a0f	66	521	86	69	Evil
0c7af9a6-250f-42f3-8fb2-4dc942ce5f54	66	521	86	69	.
2922ebdf-75f2-41f8-8fd1-308ed78ed9bb	161	521	52	69	co
0dc9375b-e780-41e5-890b-4178fe75d28d	161	521	52	69	,
a730dcad-4efb-49b4-a6bc-04d3025dadf5	221	521	43	69	ns
1c7efcb7-3edd-4368-b780-c87d4556b3ab	273	521	17	69	i
dc745c21-c7e5-4109-9212-9b690f8da545	299	521	60	69	qui
b84cfad0-60c0-412d-a6f6-e9f5b46c715b	368	521	95	69	devil
e785feeb-4f29-4b59-8f2b-138206d61691	368	521	95	69	.
ea167089-7436-4385-8422-c35304a4fcc5	471	521	26	69	,
3ad5eaff-c06c-4b21-a162-32b71461cd8c	506	521	86	69	31
50efec56-76bd-4b38-9b1d-522a6b6db355	506	521	86	69	-
c26b8104-c1dd-4a1b-8529-47d416a2f3ca	506	521	86	69	354
b5e2b30c-fa35-43c6-838b-0f0f058c4bd2	601	521	112	69	208
764169d4-5fc2-422c-afd2-deec74eaf6bc	601	521	112	69	-
ed1a9a8e-f84e-4f61-a02e-3c1c34a9c049	601	521	112	69	40
3c7994ba-7d08-458f-94b1-33c21f55f5e2	601	521	112	69	,
c6df51ca-caf7-4f0a-91d3-621d1738cec0	66	584	176	38	Evil
b206e851-930d-435d-a1d1-57d2707b59e0	66	584	176	38	-
66730616-f078-45b7-aa2c-ed1ff24d9e09	66	584	176	38	doers
51de902a-0113-46b6-8faf-cadaf26b5ece	66	584	176	38	,
b3a53a42-d807-4d17-befc-ee0a1d7e8ad7	247	584	100	38	82
80cccef8-af90-42e3-94b2-eb7a82f5dfcc	247	584	100	38	-
bef1fb5e-7047-4306-92ac-b4a2040fefcc	247	584	100	38	17
0f45a742-7eb1-45a8-8fb7-450601bbba68	247	584	100	38	,
bfcd5250-7d51-40d4-b3a7-ce1d3b6876fe	351	584	103	38	88
19313248-506b-4600-951a-0e49c0f302cf	351	584	103	38	-
a69f97cd-317d-4a2a-a3d0-05f982c0a819	351	584	103	38	20
895261c0-b3c6-46d2-843b-2ab091748970	351	584	103	38	.
1862df31-5385-4e67-a0d8-27ee88b7cc1d	69	612	156	34	Example
7d45c528-ff78-4a44-9697-704c38674d37	69	612	156	34	,
0849cd9a-8511-4a28-b0c0-43f50d1cd872	230	609	66	41	set
09cc8732-20fb-4643-b0f0-c70052e1f45c	302	609	56	41	by
56dcd779-7aa4-49cf-9d42-b16182497301	363	609	118	41	Nephi
c7ca740c-7823-4938-99ce-53f590d7b8df	363	609	118	41	,
16e77e9c-9f4b-4c12-85bd-f3256099568d	486	609	97	41	11
6f1e088d-50f8-4b9e-a7fc-1e5f3c331f2e	486	609	97	41	-
010e0b37-5e18-475d-8f23-f953367619d1	486	609	97	41	8
a72854f3-6e32-4a62-b514-788dbc240fa2	486	609	97	41	;
a1a7dd09-689c-49b8-843e-03f4454da6bf	589	609	67	41	set
d6b5bedd-8361-4c33-869c-e18798ac28b3	661	609	46	41	by
bee0f2a6-4c5e-49b5-8b13-666fbc45ca26	95	641	118	35	Christ
64c71e8a-a1b8-4bd1-b979-7e95c0c590fa	95	641	118	35	,
8003d876-c204-4ac2-9623-c9fe0b6ad847	217	641	117	35	104
612ca7c2-c808-463a-accb-2704cd65d8e2	218	641	117	35	-
bab00395-d547-4be4-b22d-c3f75d3ab17f	217	641	117	35	16
753b023f-0c66-4bc8-a48b-6c0b53f6ac18	218	641	117	35	.
6e17481e-e503-4cda-a6eb-bc37e99f96d1	66	669	175	35	Examples
11f538a8-7b97-4028-86e5-fd488f2d66e4	66	669	175	35	,
8fba7248-3871-452a-a774-7ef8bbc1b9cb	245	669	76	35	bad
f029ed88-3a18-47fe-a306-5c7e17ee3de2	245	669	76	35	,
9768bb1f-4aa1-4811-9197-d062c2ba7373	328	669	128	38	111
f8b276fe-b881-4fe1-91d3-20bf647c05a9	328	669	128	38	-
5bb84a7d-75e0-4046-897f-56cf3df976d8	328	669	128	38	35
da601e8f-bc3b-49be-aa31-81c42446ad75	328	669	128	38	,
fb073251-fbc5-4ed3-aa75-053f341865fa	461	669	123	38	112
b3c21d3d-ed0a-4a0f-967a-f538b7a9757e	461	669	123	38	-
ee54ef9c-a32c-4de1-afff-876db9e2a561	461	669	123	38	10
61fc5759-7ca1-4719-8aa3-6637d304b362	461	669	123	38	,
ace1b8b8-1c65-470d-a956-a1b82c173078	589	669	121	38	204
f3fa7829-d884-487f-86d5-fb4f5f65c158	589	669	121	38	-
ec5a5e42-4525-4751-bb32-b36157a69dbd	589	669	121	38	11
b9777c8b-6905-4aa6-8714-73d184e765eb	589	669	121	38	;
a8f7724f-80c2-4364-887c-02b6ad15dc8d	69	697	196	63	Exhortation
e5b3752d-3706-411a-92cf-32dcc307d96c	69	697	196	63	,
35e207f0-f2e5-44fd-b2aa-12c9e80fadfb	274	698	142	63	Moront's
3dab7d65-aa0d-43a0-a456-22041bacd111	423	698	94	63	final
34a271d4-fb08-4145-b0f7-56bc0cac71eb	423	698	94	63	,
6e1bb3d8-e752-4302-9aeb-777b9274a0b8	526	697	99	63	520.2
c5d21225-b897-4027-80ff-96df66e82063	526	697	99	63	.
2b909a56-689b-4e50-aa84-ea1bb06932fd	69	751	125	67	Experim
e43ce343-6d7f-4115-8762-3ac12982341c	203	751	25	67	in
483b55e8-8a60-4a64-a387-eb11c635b476	237	751	101	67	wicke
3d5bd4e8-12fd-4a68-b51c-603e66449cae	345	751	92	67	faith
08847411-c4c1-464f-96eb-b3ed54b6fb0b	345	751	92	67	,
6c8b9646-0494-4b2e-96fd-834d07b6dca6	446	751	142	67	28220
dcdd3b59-f401-4f6b-b5e8-ce62ba00452f	446	751	142	67	.,
a741c014-e8a2-429d-829f-2407e0890556	597	751	113	67	221
ad17d455-fbc4-4146-907e-8539b5f30bdf	597	751	113	67	-
25b2adb6-6b2c-40da-9e08-2f4cb8c11a16	597	751	113	67	31
c1d36c6b-b1d8-45e7-9c95-2cbde7847c50	597	751	113	67	,
fda6848c-7b78-42ef-a7da-d0329b830bc5	95	811	127	35	222
28ab73bd-d54d-45c2-a21f-1c57c0ac0669	95	811	127	35	-
f889d5da-fde3-4bac-add4-c6b452a123ec	95	811	127	35	21
25b2ef07-f070-45bb-ad82-3224917c4323	95	811	127	35	;
fa1bb62e-7675-4a06-9c0b-a02106192f01	226	811	181	35	Gadianton
b53fbe9f-ce6c-45da-9861-f2e27108c15f	226	811	181	35	,
0ff52433-84b4-44cd-8bb6-47d83cef7f30	420	811	114	35	362
40fcdd3e-6e3a-41dd-9d9c-e0586f5f2404	420	811	114	35	-
a0d47a4b-a7ab-43b0-a690-312facd3e44f	420	811	114	35	4
f9ad70a5-eddb-4846-95bf-e8638eb290d4	420	811	114	35	;
6c06b8d5-21bc-45da-b62e-f1546674a85c	538	811	123	35	people
a2030128-cfc8-4abd-864b-ee8714ad84c6	538	811	123	35	,
5dec8440-ca26-49cd-92ff-4a49d78ad6de	665	811	42	35	in
b899d515-5afa-48ef-841e-93722683457f	95	836	134	38	working
b8a79255-a0d4-4778-8bd9-890a60b54957	234	837	37	37	of
419ce727-4c6b-41d1-b0e6-7a838ff50454	275	837	134	37	cement
be775dc8-094c-47fa-a573-cd6d4eddd037	275	837	134	37	,
0491d3da-66d0-4005-8656-d6562fc9ff66	414	836	97	38	364
3112c0c1-266b-4cef-b21a-a727e539c830	414	836	97	38	-
fa679660-bbc8-4319-80b9-5544cd23d6d1	414	836	97	38	7
dd75055c-676f-41be-8326-e0a832a35a9c	414	836	97	38	.
d89d38a0-819d-4ff7-933d-bc9026923195	66	865	189	41	Expertness
74458814-0a94-4eeb-b8c9-2524b856db9c	66	865	189	41	,
42c93e27-06bd-47b8-a7ac-e0d1ebde45f9	261	865	51	41	of
936ead53-307a-4de9-ab91-ab722b4309a9	317	865	138	41	Ammon
acac475b-c377-4c4b-aac1-7a98b74cb0d6	317	865	138	41	,
fee4def5-d9b6-40f6-9443-54411106dfc7	461	865	101	41	240
926596a9-cd5c-467f-aff1-00de7aa06819	461	865	101	41	-
bc34f1af-aa0e-41c0-b467-fccad448d73a	461	865	101	41	3
7e0203b5-d2c3-4a5f-b49e-a6efe86f424b	461	865	101	41	.
a73ad39b-779f-4a71-b77d-37207aeefcd1	65	895	166	37	Exquisite
6d5e7b0c-ee94-4049-bb37-3f08a61d4687	65	895	166	37	,
6474f86a-b13a-498d-b154-6e7459c6e7e0	252	896	164	28	bitterness
96cae7ce-8ceb-4d9b-95f3-91c4fe579820	524	899	186	28	sweetness
d1abe87d-21c6-4949-9082-679bbf9dbdc1	524	899	186	28	,
6b078368-356f-4fba-8d08-187c54533648	65	921	82	67	Eye
0a8778c6-aaee-4979-8b50-1e3f00949b6b	65	921	82	67	,
f027b090-5c48-4b73-8bfd-da335a7a047a	151	926	50	65	ot
81bd635c-422b-4aa2-84f7-e41fc691f7ed	206	929	82	67	God
86a63601-38ab-46fc-8369-6c55c47b2e88	206	929	82	67	,
3e5c9dce-d2a4-49c3-9aac-90f0a6e28f6a	293	933	176	72	searching
7c73fd47-d3aa-423b-bc52-e2ff17ec71c0	293	933	176	72	,
adde058d-d2dd-45ac-a0aa-a7d7cb5e132c	474	942	105	68	7044
b3cf7482-6feb-4856-97e0-24f06607c0eb	474	942	105	68	,
8cae08a7-fd8e-489a-a80c-521a19fcb84c	584	948	124	69	139
02e706f3-c73b-448c-9586-ce46c49f930a	584	948	124	69	-
c53a4dce-39d9-4630-82a4-438adf0cc648	584	948	124	69	31
91a6e66a-09df-41a7-9678-6f471a3da938	461	985	67	28	eye
3bc44463-a1e0-4cd0-b6f8-7abd6fa6ac5d	531	985	49	28	to
d8ffcbfb-ab8c-435c-b4a4-4238fd838e6c	531	985	49	28	,
6237638f-bafd-4d76-920b-afc26e072db8	397	1010	123	32	432
abe63157-bc91-41f2-be37-27028b179edc	397	1010	123	32	-
f28ac646-5d52-49a3-b846-2265a259e58b	397	1010	123	32	18
43967ae4-5d63-41fc-912e-e866d46637b0	397	1010	123	32	,
8be09c8d-b1f0-41c6-a1d3-c5f38644bf35	522	1001	138	57	441
3634adf9-ee8f-43dd-a129-9e3a8db890b1	522	1001	138	57	-
11017fdb-167e-4bb4-adc0-c8764589d316	522	1001	138	57	32
35a71cbb-7dc0-4c99-a48e-b05b86c283f5	522	1001	138	57	;
7b0a0302-045b-4ae1-b8b1-d32eed32df88	661	995	52	48	of
970150d7-cc16-4271-be53-a1009a39fd34	91	1085	111	39	427
b594086e-687a-4f64-b364-bea52b3c23c8	91	1085	111	38	-
dd983b2f-d8f8-40eb-bd71-d3f5c5002970	91	1085	111	39	22
b4862f0b-c10b-4326-9c2f-03a9ea86180c	91	1085	111	38	;
00d97f25-cba2-484a-84aa-ef4ba2d436ec	207	1086	84	38	mote
8a238736-49e8-4dc9-9493-bd94daaf48a0	295	1087	37	37	in
a4ca97cc-9cc2-4e60-a801-9c1a3b1d96b5	336	1087	153	39	brother's
b17ffb70-fe7f-4b51-9fc3-01d212bf17b3	336	1087	153	39	,
54af0f71-0852-4177-9a5c-743a31e644c9	494	1089	98	38	428
e6eba5c8-b898-4fc4-916a-60031cd56c52	494	1089	98	38	-
4c6515df-40bf-40b5-b495-73e6c5d92cff	494	1089	98	38	3
9a2754ef-d9d6-4d77-9d7f-9fae7da6b46e	494	1089	98	38	;
bfe18fa8-5bea-49e8-93b9-d709ed5e1ba9	595	1090	108	39	change
ba2cd8be-94c5-490c-af25-eb6da594eb82	91	1123	38	38	in
b0fd72f1-0cf8-406b-a20d-4cf64bfaa676	134	1123	162	38	twinkling
b6fe6563-ed73-4554-9078-fbabf5faaf0b	300	1123	48	38	of
e1be5ba3-72b7-49f9-b0b6-e24858cce436	300	1123	48	38	,
9d5489b8-a140-4d5c-9d42-ff329fe98877	352	1123	104	38	452
4748b5de-3d76-44fa-bda1-39bb76300000	352	1123	104	38	-
b37a4467-4507-441d-afab-1ded497184c7	352	1123	104	38	8
c33f0e98-17ba-4e8e-b5e4-6b8a3e329aff	352	1123	104	38	;
cd53cc4d-4728-43cc-b0a4-ae55a79be1f0	462	1123	104	38	single
93b6aa60-fcf2-4941-9ca7-f3d699ee52d8	571	1123	43	38	to
14f43c7d-c8d6-4560-afc3-951d4aa893f8	618	1123	85	38	glory
57ad69c1-96ed-4870-9f24-c12b704eb2d0	66	1150	87	64	Eyes
b52c4fbb-5e2e-46f5-8a99-52b6265b2ad3	66	1150	87	64	,
f95c3401-dddf-4332-b78a-dbcf8f388218	160	1151	40	63	of
1bc2ed48-924e-420a-943d-48b7c8b93c97	208	1152	103	64	world
fe547ba0-4f08-4abd-bd70-73aa92e45e5f	208	1152	103	64	,
affc181e-5658-4fc9-a516-59ec37cb28c7	318	1153	20	63	i
a9184737-4e1e-44d3-8f1d-8c2a1c6cb7df	202	1180	111	35	world
3a7439cb-07e5-45af-a3cd-848c380643f3	202	1180	111	35	,
2721b2fd-bb4b-4732-8dd1-8d171cc797ba	317	1180	81	34	book
fd0b2bd9-e8ea-4689-b7d4-c7cd5d7cb274	402	1180	59	34	hid
350cd2c2-5f90-401a-880b-13d3260507b7	466	1180	94	34	from
0f1675c1-2a69-45ee-a00f-bef907828a65	466	1180	94	34	,
f0d08626-66d5-4575-a065-a43159c58cce	563	1180	102	34	96
9b0fc6cc-863a-4fd4-b8fd-f4069e8744e2	563	1180	102	34	-
4dc4302c-c341-4665-ac00-5e3f33993639	563	1180	102	34	12
817b0714-a5cb-4cd3-8434-e6acfcebb42b	563	1180	102	34	;
94861f1c-c07b-47b4-8d66-64ce6ef623c6	670	1180	37	35	of
93b51b9e-1706-44de-bcd7-6a73f79a02ed	91	1208	59	35	the
efb914f3-676c-4435-8737-9b1a8a88e501	155	1208	93	34	blind
c62dfb4e-4d1f-4ed9-a946-b1a952d1b7ba	155	1208	94	34	,
b95bd0b9-a6cf-474f-912b-7596a4c7f6b1	253	1208	110	34	97
dff58f71-60ea-46db-8ea2-87433a68b8c3	253	1208	111	34	-
019d4747-4dc9-47fa-bebe-79e15905dc1e	253	1208	110	34	29
ddbc9a2d-b58c-4010-adb2-93395b15d053	253	1208	111	34	;
8d765589-9aa7-4aeb-9442-7e1f9fac443e	368	1208	43	34	of
b32fabe0-f56b-4ecb-9a64-99d5d776d3e8	414	1208	85	34	blind
a3341509-8fea-4aff-844e-71ac4c844791	504	1208	127	34	opened
e32b3364-4406-4a0d-9c77-cd4fb38e424b	504	1208	128	34	,
47b350c0-640c-4683-8cab-5d6f10717314	635	1208	68	35	449
af9f8bb5-0efa-43bb-8d99-8023c95719d7	635	1208	68	35	-
0a4b5cb9-ee36-4eec-8f66-876c6f4f8fde	66	1265	100	35	Ezias
153ee896-5bac-4c27-9558-6e1f66ffcc44	66	1265	100	35	,
3b537391-02a3-440d-bb16-9302aeda2e65	171	1265	116	35	380
d556b486-20cb-44c3-899d-1c13e7ad1253	171	1265	116	35	-
25ccba0b-ee0e-4979-99cb-daf98c06ad47	171	1265	116	35	20
c2bd47ce-afd1-4b50-95b8-d4485f2165e3	171	1265	116	35	.
bafa4663-e189-43a8-ab5d-387592d0436e	66	1293	119	38	Ezrom
d8a6a267-dc6d-4623-a66f-82337bde090c	66	1293	119	38	,
9808a7c8-e2a2-4af6-9ed1-28bef15b2fd8	190	1293	28	38	a
04df0679-0fea-4ee8-b711-f09cfda33d12	223	1293	95	38	silver
12753447-c8d0-4fca-8198-67a72dd3d372	323	1293	85	38	coin
1457ecf6-24fd-4ae3-ba7b-abab57a57a7c	323	1293	85	38	,
214b95e8-2f16-4fa7-ac31-6ad93bb5ac1d	413	1293	100	38	222
a6dbd531-bd39-40b2-a107-866f0c243081	413	1293	100	38	-
266d5ded-143c-402b-8096-8eadd037c26f	413	1293	100	38	6
a37f7a66-f8cb-4915-9a04-ff54d7455eef	413	1293	100	38	,
cc9558fb-25c4-4631-8e78-b501965b9d8a	517	1293	51	38	12
3f3c9b4c-8223-4232-8981-833654307763	517	1293	51	38	.
05d81a5f-1273-47fd-8b78-49386d5bbfa2	66	1353	138	38	Faction
27bc3d98-0039-4619-b7d8-71ab7a50578d	66	1353	138	38	,
275e148c-afb2-46e4-a5bf-1b5920148e88	208	1353	48	38	in
69fdd3b5-377f-4914-88f7-3cd0301b4d9f	261	1353	204	38	government
6642dd93-28f3-4023-9577-878034ef6a1e	470	1353	114	38	feared
b2ec7ce8-5b6f-4037-b0a8-d84d54794a82	470	1353	114	38	,
be547b0e-1f34-4bb6-a80f-a2c38f9b2933	584	1357	123	32	347
7ab53ea8-a0bd-481d-9fa1-93f660f26699	584	1357	123	32	-
370aa406-e401-4ee4-b7d4-46f8f187a02f	584	1357	123	32	36
a5e4a55e-f4af-4d7e-872c-3ce3e63e711d	584	1357	123	32	.
425b350e-7238-4d25-a15a-87ea9b8ea344	66	1385	96	35	Faith
887d06a8-e3a9-4495-9a26-a848eb67986e	66	1385	96	35	,
e703be82-21d7-4a50-9c2a-41da5b656378	167	1385	162	35	necessary
d06c7b2a-d82c-4c54-afa4-8a168592a049	333	1385	39	35	to
3cac5ae1-3233-43b1-b6d6-cd04f85f8067	377	1385	153	35	salvation
32a0df9d-c662-4748-8e83-530da380cad6	377	1385	153	35	,
0a77a44a-df1e-469b-9272-d03fd89d4b21	534	1385	101	35	68
720e29d3-0f68-4276-b6c3-8e61ed2f50fb	534	1385	101	35	-
404e6f4d-9018-466d-8450-af1da32b167b	534	1385	101	35	23
aa6a4654-669a-4036-beb2-dfc3b600795a	534	1385	101	35	,
b7ba9ce0-b1f3-468d-b6c6-32b431e0c5ca	639	1385	64	35	140
a12c7605-10c7-43c1-a0e1-0dac75a784c0	639	1385	64	35	-
5ee03802-4c1c-4924-ba48-df33560d0c72	95	1416	100	57	271.6
0e7aa39a-a1dd-46ac-9ae5-fb45fa490424	95	1416	100	57	,
51c2d078-a51b-4a3a-8b6b-805d90076fa2	202	1416	135	57	234
dbc28ab1-640c-4c00-8a5b-31e1166f496d	202	1416	135	57	-
d57d225a-8b0b-4401-aa52-cf293a953a26	202	1416	135	57	10
ff4f7ef3-1e40-420d-8661-d9181d234115	202	1416	135	57	,,
45f04c12-69e5-4526-9798-43b944b05c4b	344	1416	100	57	281
bdcb9d5d-1689-4985-9c5f-6703ff8f946e	344	1416	100	57	-
37acc455-63af-467d-85e5-b83cfb4f514a	344	1416	100	57	4
8e16ff8d-b242-4a11-ac3f-28d218ede85a	344	1416	100	57	,
75b6498c-836b-4422-91aa-029cc05144be	451	1416	128	57	291
d6c147dd-4ddc-4116-afaf-70b99eb37dca	451	1416	128	57	-
bb4a23e4-0a36-4615-8eb7-5f5264379b92	451	1416	128	57	33
debe4cba-8b46-4482-8838-ccde73ff7f89	451	1416	128	57	,
7e906f87-e400-4724-a775-c60f438916ff	587	1416	117	57	379
7ff40129-f76c-4228-830f-323256c20e27	587	1416	117	57	-
9aeebd22-9027-4b7c-8917-29abf4f4ecba	587	1416	117	57	15
79615ffd-70f0-4ec7-805a-23849310ba9e	587	1416	117	57	;
d75767ab-41cd-4ca7-93bc-20d9003f3453	95	1445	105	32	211
8c197129-5833-4ac1-8867-ff20311733b8	95	1445	105	32	-
37508ffc-b749-431b-8e2e-95009768d264	95	1445	105	32	6
844815d6-5a30-4967-bfef-8d368da9cd6f	95	1445	105	32	,
0d6d8de8-ca4a-423b-8f0a-56bb2b60ff1b	203	1445	121	32	234
55427f54-96e4-42ac-89fd-3baba3e9ae08	204	1445	121	32	-
527b3920-319c-47e5-8e91-ed0739abcf94	203	1445	121	32	10
9e454eb2-a7ea-4db0-a86f-a4328dac5149	204	1445	121	32	,
c1687b1c-778b-4b25-9185-09b49b5ceb2b	337	1444	108	33	281
45a80b05-4cce-4ff0-a4c8-368d82a24933	337	1444	108	33	-
99fda81e-a33e-411b-99c1-43cae0c61581	337	1444	108	33	4
6d862502-e4b6-40d4-bbdc-05341b5a92ec	337	1444	108	33	,
c1d88e1d-c841-4440-a6ff-877cd00dd639	583	1442	123	36	379
a2838d26-b8e5-46fe-9601-01c5aa12f0dd	583	1442	123	36	-
214bcd4d-1406-4217-a46d-c79d0b5810df	583	1442	123	36	15
788ad1bc-9119-4332-a864-831694f3021c	583	1442	123	36	;
4e133e46-f7a5-48b3-8eb1-4d68995208df	95	1470	105	35	brings
0aa8394e-db63-443f-9a84-947ea21d6538	204	1470	179	35	knowledge
a7c25bfe-e743-4b7c-8110-017ff3cef87e	204	1470	179	35	,
41259489-4305-4e29-8f36-b04c01c22e3e	388	1470	101	35	108
053e40ee-05d4-43e1-a55a-f6c5043c55c1	388	1470	101	35	-
8d8e8ece-60be-41e6-ad4b-47e045e8be92	388	1470	101	35	5
54ac632d-07b5-420c-a964-0a6448c6f8fc	388	1470	101	35	,
9f691406-0f34-4ea9-82f1-0f640f53bfa9	493	1470	96	35	145
c45ef792-6401-4174-aea7-bc8d010424a6	493	1470	96	35	-
e2821bae-b06e-40a6-bfaf-a4baf23a62b0	493	1470	96	35	4
36511344-3b50-4fbc-a83a-53495fdeff5f	493	1470	96	35	,
08333851-e33b-45c5-81b5-2c534bd7312f	594	1470	113	35	243
16ad332b-a022-4a4e-80c6-fdfcb3b627ef	594	1470	113	35	-
47379a9a-59ac-4b98-a379-10a94896a39a	594	1470	113	35	35
706e0637-8631-49bb-bffd-22bbf0e14845	594	1470	113	35	,
a197c650-513f-427f-8b3d-8e6358338b52	95	1498	114	36	262
e8f4c89c-23bc-454b-929a-90cab93140f1	95	1498	114	36	-
71f508a6-3767-4439-8cee-1c37404c54da	95	1498	114	36	22
ed5a29a0-43fc-4522-a886-d063b27d90aa	95	1498	114	36	,
a59cd432-6335-42f1-ac1d-8614ac5c1782	429	1530	128	32	206
aa170279-299f-45c7-9022-5f3ff081b995	429	1530	128	32	-
bc87688a-b580-4c3b-b4c4-fb9bf21f72f0	429	1530	128	32	12
1a4a247f-5c6b-4ed4-b81c-a26fe5e8f0a3	429	1530	128	32	;
09a20f30-14c6-438f-8ea9-a1e5ad57f49e	561	1530	146	32	protects
2d0f6f75-d7cd-463a-a523-262db19275ec	561	1530	146	32	,
b869691b-ad97-4ca0-b515-6cff32a76537	151	1605	117	33	234
90b9761c-a47a-44af-8825-4a3b1d8d8c04	151	1605	117	32	-
9f9fa5eb-d599-43bb-bd82-af771c6311b1	151	1605	117	33	10
a88e6d63-9595-4afe-b0aa-ed65132cf492	151	1605	117	32	:
c930c03c-c084-4c82-9869-41e2a0eba2c4	271	1607	46	31	in
c25ec412-c214-4eb6-8233-9d80c8e89bb7	320	1609	162	33	righteous
d598cfa7-a3dd-4233-bcd8-c696caef9e7b	485	1612	106	32	doing
1160c661-1948-4310-97b5-79b4e386b922	485	1612	106	32	,
4fd8468d-1017-4e6c-8ffe-7898f64d8f2b	594	1614	114	33	343
c8934c02-886b-45b3-869e-f7c61d354a48	594	1614	114	33	-
e8f7d7b2-d1a0-4db2-a9a8-10fa39a792e7	594	1614	114	33	27
9a46019c-3270-4d49-b246-936130b2e92f	594	1614	114	33	,
796b5a01-ec84-40cc-9527-8f0ad0baaa25	91	1641	82	66	3d
f52bf6ca-dfe1-4e37-8b26-9dd328eb2f52	182	1641	124	66	213
9d13da61-0605-489a-91ae-51c21e915076	182	1641	124	66	-
efe78758-2687-4d37-9882-0181b8af2175	182	1641	124	66	15
da15f64c-6bfc-4efd-85dd-8356a2895d4c	182	1641	124	66	;
f85b96d5-eeb4-4709-8c6d-21faeb674923	314	1641	83	66	hope
bd6b9e24-c9f6-434e-bca5-02998550c080	404	1641	58	66	and
7fee29a3-8159-4cf7-942d-98227efdd27f	471	1641	132	66	merriet
300b5014-0d04-4176-9c6b-69e5f32d62c4	471	1641	132	66	,
83bd19a4-05cd-473a-b58f-5c077caf6ed5	611	1641	102	66	nood
7b535dd7-55c3-4f12-b1b0-9a437197815c	611	1641	102	66	,
dddffe10-adc9-47b0-bcf8-3329ba86c0ab	95	1840	56	35	16
c48a4785-cebb-4350-88e4-fe3ae2856b74	95	1840	56	35	;
0a0721d9-4447-40d4-afa9-b1b7e5922911	155	1840	47	34	by
f90df7d3-9ac9-4f64-81c6-61ec1b3910aa	206	1840	144	34	Mormon
05437150-45fc-41c8-b08d-6ef0b778ff3f	206	1840	144	34	,
1890dedb-7712-4445-8b7b-eca774b31d18	354	1840	119	35	476
406750c8-e45e-48e1-bd9c-45b70141e3e1	354	1840	119	35	-
ede6f1b4-5468-4000-900b-36054a4599cb	354	1840	119	35	12
8406b77d-52c8-4601-b0a7-41fe15f1de52	354	1840	119	35	.
3cc00dd1-1a88-4ee1-ad2b-7489e4a5938f	69	1871	144	35	Families
83cd3493-cf59-459d-adfb-5d84b8c4b9d6	69	1871	144	35	,
cf6f0f69-02ac-4f93-92f1-fda013f383dd	218	1871	44	35	to
354975b2-6680-4a7d-9db9-202f449b42be	266	1871	48	35	be
66496c9d-e36b-40d2-91d0-c8eabc2e20b8	318	1871	153	35	defended
036e75e1-8a08-4f4b-a84e-e777586bcf12	318	1871	153	35	,
37096f4a-c980-4f91-be04-2758c4b700ae	476	1871	118	35	304
8cf57118-c372-4849-9faa-e0691491b811	476	1871	118	35	-
f170ca70-c3e8-4a68-a722-ce962fed8449	476	1871	118	35	47
b9967615-2420-4319-bb6f-d4269bb6a5b2	476	1871	118	35	;
721ed54d-6012-4c80-9331-8f7a724cc62b	598	1871	111	35	prayer
eac69f70-870c-40bc-bd0c-7b398238f5a5	95	1900	47	32	in
ad58e21f-7bce-4118-a0e4-db7a2cd93b9f	95	1900	47	32	,
509ed64a-0f8a-4a97-973b-27bfc05d089d	145	1900	147	31	enjoined
91df927b-75cb-4227-abab-dd4f4b7dcd8e	145	1900	147	31	,
2b3805ba-0419-476b-9fa7-47d30af10405	296	1900	114	32	435
9c43efa0-c361-47d7-a0f4-03c444c52f3f	297	1900	114	32	-
ed207dca-ab4f-4a00-8172-06ef33588e50	296	1900	114	32	21
b91e2e26-2067-42f2-97f7-ed8506684b63	297	1900	114	32	.
7f5b649c-a328-4167-b7b5-7d059932ca5a	69	1928	126	35	Famine
8ba681fc-4e90-4238-969e-eccf73845a73	69	1928	126	35	,
1c05c633-c33e-4eb4-9673-59f961a67dcc	200	1928	162	35	predicted
b0004ff3-73e9-468f-8241-9e7857533822	200	1928	162	35	,
88d657ef-dad3-4a82-9ad6-bb4b88e5c2c4	367	1928	96	35	51
f3610b0f-f460-43c2-9d55-f792622ee419	367	1928	96	35	-
abd2e4c6-389e-48f8-9e91-e4cc1db8d45d	367	1928	96	35	18
fddfd3fd-4a77-4e31-90bc-aa530a1a25dd	367	1928	96	35	,
fa7b280a-8038-4fdd-b4ab-37cef594ef99	467	1928	96	35	63
aa0007fa-5e9a-4061-a00b-711d8d5965fa	467	1928	96	35	-
97eb4ba2-1642-4697-b295-540f44052be4	467	1928	96	35	15
13488f47-3c75-4165-b172-3144162cda29	467	1928	96	35	,
7980fa91-a12d-4283-9beb-48aefcafd932	568	1928	83	35	71
ac8d7a6f-8da4-4762-ad4e-252b27e319fa	568	1928	83	35	-
482071d1-786c-4cc3-b833-7d0e95d4a7cc	568	1928	83	35	6
1d1c6d57-fec1-4bfc-9d9a-e03064fa5c32	568	1928	83	35	,
c875a8f4-b66f-42f7-8be4-0719ce86227f	655	1928	51	35	89
3f1737ce-fadc-4275-9014-f83465c762da	655	1928	51	35	-
909d349c-9944-4d7a-8a53-29455dc5d9a4	268	1956	108	32	390
8cc569b5-0b77-4be7-b15b-469bcf595ff8	268	1956	108	32	-
3a201de9-9bc7-4150-8658-4a0f476d8f80	268	1956	108	32	9
2e87b482-4971-4f43-9bb3-99837f6ec6ae	268	1956	108	32	,
6afffae7-60d6-416f-8091-8023269a1992	380	1956	128	32	495
3badaf41-2da5-472e-a974-84b0222ea0fc	380	1956	128	32	-
d7603178-dd7a-4a7d-8ed0-73c47b498e94	380	1956	128	32	28
a5670afa-a885-44ad-8fea-561e01d84792	380	1956	128	32	;
92c50b84-335d-48bb-b7d6-35ac309306a2	512	1956	141	32	suffered
478e0bb7-5fb0-4372-b8c9-5d075013481e	98	1959	105	60	people
152b78ad-ef40-44f8-ba8b-9fc9bea853d6	210	1959	37	60	of
8fe001bf-7862-4f52-a1a4-678e97e00a7a	255	1959	120	60	Zenift
f8a56d59-65a3-49c3-8228-1fa06c57443a	255	1959	120	60	.
3064ed0c-c1e9-489d-94f4-4dbc5b0988dc	383	1959	97	60	152
242bb97e-7208-4134-8893-772d4b55689e	383	1959	97	60	-
d0aae29a-9800-48a7-b2d2-efc333441a11	383	1959	97	60	3
7b5a4d00-1dfa-488b-b354-032eefe335fa	383	1959	97	60	;
99f26183-607f-469e-aa8c-796acaee05b5	488	1959	52	60	5
9cbd5368-91ac-4b8e-9ba8-29e9ae1de5cc	548	1959	162	60	Nephites
7a373878-8537-47cb-83e2-d0cffcdee144	548	1959	162	60	,
9b03e1b4-5c95-4163-a066-54b58f348388	98	2013	123	35	356
fe6de3e1-9236-430d-aa4c-8d5c15ba2c6f	98	2013	123	35	-
a7243f61-aa6d-42c1-a674-70e61958fa41	98	2013	123	35	35
1d517c95-c923-4b06-8bc8-b433ecdea068	98	2013	123	35	,
266c5cc4-a20a-4f22-93a4-6e685abf2bfc	225	2013	118	35	385
8ade1768-93c2-40bc-ae46-3418354b76e1	225	2013	118	35	-
914cfd46-ebe9-4f8d-a107-48a518a46364	225	2013	118	35	4
552e6d22-ff29-442c-8a90-a892c9e5b4a1	225	2013	118	35	;
dbe87dbc-a5df-4e5d-a9f2-a32af8bda422	347	2013	66	35	by
18061181-b711-418b-ae75-1b8ac8d86582	347	2013	66	35	,
be12117c-4f8c-4799-a76b-047c00cc9f4b	417	2013	166	35	Jaredites
2369de45-a8b8-4327-9546-e26911379023	417	2013	166	35	.
ef20cf3b-7d36-459f-84ff-825739aae986	587	2016	123	33	495
20770f54-219f-46ce-86d4-596e6d7ba996	587	2016	123	33	-
f16aa3b3-6fb6-4e4a-8e37-1b9ecf1f4d5f	587	2016	123	33	30
0dd8d679-79ce-487f-a146-faf82ff255e6	587	2016	123	33	,
a742e303-97bb-4691-b538-b4e71cba9b8c	98	2045	98	35	499
ce5cea77-d7e8-450a-8350-63e4f1a2b440	98	2045	98	35	-
d4eec1a9-7c96-4d77-8251-ce170ac67830	98	2045	98	35	7
26165aaa-31cf-4508-96a8-f5388d551395	98	2045	98	35	;
d2414ace-ba83-4c96-a502-2bd535f78358	200	2045	110	34	people
dc3ee8fe-0c0b-49b8-9af7-a1afa9cc99ac	315	2045	98	34	saved
8d9a2810-2ebd-47bd-847c-f80b7a3c7069	417	2045	94	34	from
b97823d7-bd29-4de6-9d49-bd2f79e3d436	417	2045	94	34	,
2ccf4ce1-f723-4bd6-b5ca-e0dcf7c91c12	515	2045	119	34	218
f0465b71-e409-48f8-ae53-23dbaedbcf4a	515	2045	119	34	-
353cde8c-283c-4c1b-b832-c1020b73baa1	515	2045	119	34	22
67032b25-0f15-446d-a361-459b906ae01b	515	2045	119	34	,
59159e35-4244-4cb3-a7eb-28e709e219b9	638	2045	69	35	220
c2ab78cf-b017-47ef-b56b-f84cf185a200	638	2045	69	35	-
3eab406c-97ff-4e17-81f3-25832e1109b7	98	2073	53	35	22
84da11ed-c28a-462a-ab69-34d382dc5987	98	2073	53	35	,
ac0f0ce6-e131-442c-9cf0-badfa9ca9ec4	155	2073	97	35	331
8a2427ba-df62-4c90-95af-e42e4ca0532d	155	2073	97	35	-
6e0a6ba7-9c7f-4601-81f2-d6e967fd3f72	155	2073	97	35	7
0e72e7a9-dde1-4ad8-993d-4e90ee9af92a	155	2073	97	35	.
79a330ac-88ff-42f3-ae99-04ee85a9b6db	735	183	152	38	Fasting
2d51e952-a501-4858-afe7-3f06adf201c4	735	183	152	38	,
981047fe-ce0f-4dcb-a18b-b03e0fb35724	892	183	76	38	and
dd1b4994-6452-480b-b41b-d42d8b29d4c6	973	183	123	38	prayer
d35bd65b-5247-4f75-969d-5e1ee95816c2	1101	183	162	38	enjoined
5f932fb2-bba8-4304-a2d7-736b0f43418d	1101	183	162	38	,
235f4a4b-bbbd-44a3-9ec0-74f4015242bd	1267	183	112	38	131
564f5c98-1698-4e32-a8ae-891f366550cd	1267	183	112	38	-
211869d8-0156-440f-941b-9eea536d5ded	1267	183	112	38	26
c766c851-eb3d-43be-8a42-6e6082dad509	1267	183	112	38	,
8cb27fb4-d9b2-4ed8-bcde-b187a8bdd960	763	211	107	41	210
6b57d6d0-0c75-4aae-b907-9225a9625c81	763	211	107	41	-
b699b4dd-4872-444e-a5c2-726fff284599	763	211	107	41	6
d9ec3dc3-6748-41ec-b1c1-2d800560c2b2	763	211	107	41	;
03f3a896-1255-4ee8-abc4-1cb6cb9c83fd	876	212	67	41	and
89d911ea-d262-4bfe-8961-0c48f7102e2f	948	212	113	41	prayer
422753ab-d72a-4f56-9f31-7a80fa3c962f	1065	212	138	41	brought
b4706c87-8116-4496-a19a-a656c62e353d	1209	211	170	41	revelation
ced448db-d626-4aa6-9633-0bf201d1da2e	1209	211	170	41	,
eea963e9-45fb-4da8-bae3-a5ac36632249	738	268	122	70	Father
bc7061cf-3baf-47fd-887d-ecf199ee2dbc	738	268	122	70	,
b6decc0c-eaa2-4414-881a-f315b60fbc23	869	268	131	70	Eternal
1fda31e7-f3eb-41f0-a3dd-9e4818d03853	1009	268	105	70	alo
a979d7f6-814b-4cbe-b13b-dccca1398a53	1123	268	122	70	Bernal
f4501f73-307b-4d57-bb9a-41308f7523cb	1254	268	128	70	Father
16181ba2-dd0d-445b-95fb-5664ad2f6ed8	1254	268	128	70	,
0ee3b091-30b8-44b6-8b80-fa4a518ef621	763	448	118	35	422
0c6ca64e-207a-4a1f-b50d-092ecb44c371	763	448	118	35	-
1fc3f013-e2a7-42e8-abf2-3b2a76c26a89	763	448	118	35	29
be88f5d1-e77d-4f05-b25f-0fedbfd66b18	763	448	118	35	;
bc9aecd1-a374-4884-b1b7-00398fb70a0e	886	448	35	35	of
4f1ddb5d-0fe7-4571-83ff-71f8844c458b	925	448	114	35	heaven
404d73fb-2c5c-424d-8c67-f397f87b3e4d	1043	448	61	35	and
2195a043-7f28-4fc3-ab69-f0887edf3a20	1109	448	96	35	earth
5bb320fc-dd09-49a1-b26e-13b5125b91cc	1109	448	96	35	,
678808e2-bfe6-4431-b30a-60e071cf9bd4	1209	448	96	35	140
5e96688d-685c-45d8-8c29-1fe3064234f4	1209	448	96	35	-
652175be-f414-4d3b-9118-3fe1ecd0fae6	1209	448	96	35	8
a7af782d-0e30-451c-9b21-7878096d611a	1209	448	96	35	,
7151f116-0e50-4dcd-9072-b4a6d713a1bd	1310	448	62	35	393
a25df29a-bd05-4725-8392-f54ddf1c8d61	1310	448	62	35	-
b1a208df-c7e3-4def-a751-5862d00a9e38	767	473	48	63	13
b9bf8f4e-c1ef-426e-8636-9707f590b4aa	767	473	48	63	,
415a54a9-95fc-4abb-b007-7cf24e82d9d6	822	474	110	63	452
ccaf5b6c-56a3-4218-9573-2d5272ca4e1f	822	474	110	63	-
ad3e672c-ddf0-4afe-80ed-a37f8384d852	822	474	110	63	16
7b5566aa-cccf-492c-9f15-f9f5f7a584d7	822	474	110	63	,
417d309b-2a36-44ab-bb04-70444fc4643f	940	474	134	63	454
f525379b-9493-4a82-96cb-0f2603cdb99f	940	474	134	63	-
f83e8fbe-6392-44d0-927a-f78608f0b252	940	474	134	63	171
fefbdb2c-ca11-44ef-8bc4-4067df0aeac1	940	474	134	63	,
99496e0b-f227-43f2-ab76-8a14d7f85211	1082	474	94	63	163
9e4a9dfc-9c6e-4d4e-adaa-af0ca68a514e	1082	474	94	63	-
fcc02975-4372-4df4-bdc4-1864d361f432	1082	474	94	63	2
91047628-b1d7-4e8a-b9d9-e0453b873db6	1082	474	94	63	,
30c09c23-b3af-467a-ad74-06ed92a8ad5f	1184	474	118	63	422
b66274d7-64c3-46a6-9692-fcb71a7fa9bb	1184	474	118	63	-
3a981184-dfe2-47fe-910a-f1aa4c927947	1184	474	118	63	27
2d50384f-5ef2-4854-a90c-05e2853bd271	1184	474	118	63	,
0e877e40-7f7f-4697-a857-b425a850d0dc	1310	473	65	63	441
93d23112-8852-4792-8182-c00d33a098dc	1310	473	65	63	-
733f3d1a-4e51-4366-b6e9-0101ba3bc8f2	735	532	146	38	Fathers
e24c0557-f118-4d78-90a7-138b4765da16	735	532	146	38	,
a42e8ab6-6a47-4f80-a2ba-c017a9c46898	763	530	117	67	11
db4d8473-df56-46f2-833a-8621d005e267	763	530	117	67	-
b79542a5-9049-476e-806c-d4c8451491d4	763	530	117	67	13
847b394d-34b7-4ac1-8654-5eee5c81484a	763	530	117	67	;
14a566b0-c57c-40ed-bf52-7e0c8ae698a2	889	530	109	67	morin
74238980-cc72-4d26-a5a4-ffc6744ec22d	1006	530	50	67	for
04fc8266-335e-4160-a479-8ab2981d8301	1065	530	92	67	sons
477d3cd4-55ce-4b13-a97a-af3a3c0273f7	1065	530	92	67	,
61d28347-3c40-4b28-b52c-81691a811e50	1165	530	100	67	nigs
fe088c29-dc3f-4547-860d-3a8132410eee	1274	530	108	67	hearts
24a81f24-1769-4190-8bce-5c6c83b12765	763	587	43	70	on
ee72c66d-7bb9-4b73-96b3-fc31e96f13af	816	587	140	70	turned
2b71336d-f615-4bb2-a408-61765c69f1fa	816	587	140	70	,
07097ae2-6fe7-4669-b9f8-f7eda6f38d43	964	587	99	70	318
e229f8d5-583c-4718-8202-a66a7dc0390f	964	587	99	70	-
8d513f1a-c257-4ea7-a03c-eb136bcc76ec	964	587	99	70	8
14900597-bc4a-41e4-a6f6-da91164b5d3e	964	587	99	70	.
4f42e99a-11b8-4d52-b9a5-35337e943ce3	956	590	119	38	448
ebfcca88-19b0-497a-9e6b-1291e8da6199	956	590	119	38	-
66438ad0-8f0c-4d32-8e95-52cff874d224	956	590	119	38	ch
479d1fc2-46be-478c-ad92-68d0130d44d6	956	590	119	38	.
f4ae105e-0263-495b-9480-aef68279f78c	1080	590	90	38	25
482b89d1-82bf-4022-b0c3-157ee5af5f86	1080	590	90	38	:
0c248626-6dbb-49ad-a3a0-3c6c300e4938	1080	590	90	38	6
b962e525-54d6-40b2-82d2-3b15116d9c8d	1080	590	90	38	;
e22d21f4-4a58-4b72-9591-d764f463eac8	1175	590	147	38	children
86d59c49-c382-4092-8947-7cb74489eeb2	1327	590	52	38	fed
62a34a71-74a5-4833-a7e6-bb4ec2e908b0	732	647	147	98	Fast
11b8bbc3-7143-4e04-bb64-2d6f80910c14	732	647	147	98	,
25c5db87-ba25-4009-9dc5-075a54e3260a	891	647	37	98	0
ff75cece-82af-40ae-8fbe-cab5bc3b6e50	940	647	61	98	25
54992e03-547b-4f3a-b45e-aad507c3567f	1014	647	37	98	4
9d619e24-96e8-4239-a928-cc2013bd7fea	1063	647	110	98	ord
65ff3376-1744-4e7d-b13b-c06786780124	1063	647	110	98	,
376ff217-ca12-4f72-836d-753cc843ffd7	1185	647	61	98	are
3b96e430-9ed8-4e6e-be71-76d2022a11c5	1259	647	123	98	omen
51cfe2f1-1669-474d-83af-77dc120d5b0b	1259	647	123	98	,
fc2161a8-ad53-49d6-92ff-fc3825c54c74	735	824	87	41	Feet
f480a806-a7c7-4c07-9e8f-c57fea450384	735	824	87	41	,
2819101b-f305-4582-837f-bff422b8c2c2	827	824	46	41	of
de2ca17b-5def-43af-b486-5e182838d015	879	824	118	41	Christ
20c16299-a9ff-450b-85c8-e77bdc105cc1	879	824	118	41	,
e6e2dcb2-f2d8-4e5c-91e2-12e74d9f88f8	1002	824	77	41	men
62191634-5e97-4905-baef-bff8f76deca7	1084	824	133	41	worship
78eddd71-a63d-4ea6-b252-115a89a47270	1222	824	56	41	at
9856f80c-11eb-4d07-9117-a8ad2f92d28f	1222	824	56	41	,
96c3eed3-6ccd-400a-9578-6545b8eec928	1283	824	92	41	19
2860cafc-d29a-40ab-847b-4cd367ce5899	1283	824	92	41	-
3d9cda2e-e2dd-45f0-a605-e5f286e30d33	1283	824	92	41	24
1f6decb5-0753-42c5-9ef6-ae75ad298f36	1283	824	92	41	,
974205f9-0ec7-449f-940e-dfbda7ebf592	763	858	114	35	433
72f06ba1-4e20-4599-b25f-56e583121329	763	858	114	35	-
f92666e8-d4f9-4dc1-98bc-54c491bb1ed1	763	858	114	35	10
f7ec2657-9679-4e48-8883-4666ba7c7666	763	858	114	35	;
dee972f9-7496-4b12-804e-63734c3baafa	882	859	102	34	prints
73cb0b0b-68b9-4719-96d1-3da17acaa59a	988	859	34	34	of
d3fe4a06-047c-498e-b9b6-2c0f42a1da0b	1027	859	85	34	nails
b6689bf3-0068-4c40-870d-393633ef6969	1116	859	42	34	in
1f2ec91d-a5ac-4613-92cc-b89af81ed68b	1116	859	42	34	,
681c3c6b-2b7e-4611-94ee-ebd34823ee4f	1163	859	119	34	422
dc816637-b75f-4506-a746-3694b2127c2e	1163	859	119	34	-
12b2e547-c253-4893-9727-35b23dd969d8	1163	859	119	34	14
005afc3a-c74a-4cac-9c3c-b05573614b26	1163	859	119	34	;
81267eb8-9a63-4c29-8fd8-e7ce9dc2ba49	1286	858	90	35	beau
fbc4d8cc-688a-433f-95c6-9113ee5d1811	1286	858	90	35	-
d3ce6f37-d013-4d62-9159-a4dae410bfe7	767	887	72	32	tiful
b45aeb5f-a335-451c-a7d7-5f972b2dbba0	843	887	88	32	upon
edfe33ab-8889-42b2-9fac-2dac42fcb444	935	887	184	32	mountains
a250d0ca-ab69-42c5-8192-ef5e69079bff	935	887	184	32	,
6da8658a-7799-439e-bf52-cdd73ec07601	1123	887	114	32	164
4ea220b2-7bf7-45f1-9fe3-734e960213a6	1123	887	114	32	-
5e499b72-df35-4f75-9a3e-57282f310611	1123	887	114	32	15
a7eed93e-e321-4e2b-8f0e-05b306a1ae60	1123	887	114	32	.
1776e4ec-c233-4eb2-b8dc-d0ca6fba8cfe	735	912	100	73	Fees
28d6b832-db5f-45c9-a029-904c076898ff	845	912	146	73	monus
0a846b95-97c2-4616-892b-48c4acc13262	845	912	146	73	,
2b61fcb6-b807-4315-9208-2c8a469862d7	1000	912	46	73	Nep
a321a2d7-81e9-46cb-9608-76c5f939a90e	1054	912	91	73	te
76111b9c-d78d-4df8-b65d-ac677745cd73	1054	912	91	73	,
533ec008-27cd-46ec-82c7-ef6dd797494b	1155	912	128	73	Vision
d018c604-1037-40e1-90b1-71526cf40c95	1155	912	128	73	,
369ab691-d552-4e39-afda-f6d00173bd37	1292	912	90	73	13.9
20f8dd0c-9100-4d3f-bca0-27c8d5e5dd7b	1292	912	90	73	:
78fdfbfa-73fa-4a29-9333-e902ff805cfe	763	975	99	66	Lsb
2531b313-77d0-45a2-9e64-d484b40b9c18	763	975	99	66	-
8001a913-8562-4b61-8540-127f7661a84e	763	975	99	66	5
df8122a5-8f5a-4e21-831c-d6c656bc2a68	763	975	99	66	,
04ecb619-d8aa-461a-b526-2fd235741fce	870	976	49	66	283
464b9fd8-285b-4e27-a272-e8a2163c219b	928	976	58	66	6
06b2ac85-be3b-4770-bbc8-b5cf1afcfb30	928	976	58	66	,
0049d7a3-4e60-4398-ab0a-3f319590796e	994	976	91	66	titles
8686c338-b7d6-427a-9feb-b2e79e8c3267	1093	976	50	66	07
82cb59a6-e159-40f2-b2c7-0af032ccf63c	1093	976	50	66	,
cd6d219e-5625-4815-ae4b-9eb6f041f86e	1151	976	50	66	4
96f0b047-2e32-4289-9201-3055f7f434e5	1151	976	50	66	%
59393059-4b43-4ad3-8592-b1e19ff64c11	1151	976	50	66	3
562ff068-68dd-4a29-8163-0d95ce9d1796	1209	976	107	66	prayer
b11197d4-2ae7-4c01-b97a-2ccc87087ee8	1324	975	55	66	in
adfceee2-7548-4358-9b61-3c2bbda4cb3a	1324	975	55	66	,
2d43056a-d60e-445d-a177-214aaba7ba26	735	1034	101	36	Fifty
ac381e23-797c-4ff7-97de-295eaa7ff82c	735	1034	101	36	,
852d1b2b-1093-4688-9661-f7d8ab08ef5c	840	1034	48	35	of
5f75086f-acb6-4e2c-93ec-0c541960330a	892	1034	123	35	Laban
307f136e-42da-45b4-981c-c9d4330e19a7	892	1034	123	35	,
d4d130ae-4feb-4367-9888-a44671251d05	1019	1035	88	35	7
332aa470-efec-4235-9c13-5a7235db4c13	1019	1035	88	35	-
391b12ae-03de-442e-9a25-1b02699e3713	1019	1035	88	35	31
06a68216-c989-42bf-8659-aa0e97fda76f	1019	1035	88	35	,
83c14d13-efea-4ee8-860d-d13c5165016c	1111	1035	79	35	7
e707b383-f89e-4978-903d-0f05b1130c03	1111	1035	79	35	-
424ce851-2d46-49a9-ae34-89b897efc536	1111	1035	79	35	1
9a2525d3-fe46-4c95-8d74-66e3186f92b8	1111	1035	79	35	;
54a61a85-0835-4461-a184-3a219dd33d01	1194	1035	131	35	captain
3a32b0a1-56a5-4c09-9e8d-273bc0ea4dcb	1330	1035	45	36	of
5f5cb686-3552-462b-838a-2f98c47564f5	1330	1035	45	36	,
eda056aa-a139-4334-9228-303888b6003e	763	1067	87	28	75
0b4101b6-2e84-4520-9922-e14ec7fc3720	763	1067	87	28	-
6bf20c6b-0845-4919-a033-f51bc1572a6b	763	1067	87	28	3
7d9e94a2-3872-4f92-95b4-1cdf1bb47209	763	1067	87	28	;
a1fcf086-e5fc-4c8c-a622-006cb7588b6e	854	1067	56	28	all
7c2dda84-68f3-43fd-b86b-f9b7890f79a3	913	1067	45	28	of
cb7ff054-5ddd-49e1-91c3-b600b7c8a6a4	962	1067	150	28	company
191c7d5f-c165-425f-b291-f4ffa3026b66	1116	1067	87	28	from
457e7336-f04e-4a8c-b64a-3672aac7eb24	1207	1067	165	28	Zarahemla
4b866157-0f83-47e6-8e96-ca964f197287	965	1097	127	33	131
ace129d9-84e4-4ba2-80aa-ad1f34e73ec2	965	1097	127	33	-
02e212e3-5aca-4e7a-b743-4a39403fcbad	965	1097	127	33	28
e4a4f36a-e909-457e-8821-ccbcdaa2334a	965	1097	127	33	;,
dae0ab62-aab9-4451-837a-f707344fd8d5	763	1101	100	58	priest
3de329e0-9c38-4ab5-8d38-9286583c39e2	763	1101	100	58	,
64ad5660-4f9e-4d83-96af-066b5a674425	870	1100	136	58	169
1795b5af-1e61-4da0-ae8b-2db72996b160	870	1100	136	58	:
3373c2c4-9abc-4ac9-bb9e-92b214562ca5	870	1100	136	58	18
ff4acf43-9c1e-4a8f-868c-c864455fea34	870	1100	136	58	;
7cf5dd10-20ef-4da3-85e2-3e9c21a7dc39	1012	1099	157	58	Nephiles
8764aabc-35a4-4980-a753-1be6018bcab2	1176	1098	143	58	wounded
64227521-7dbb-4784-916d-56b6e4d1d975	1326	1097	50	58	al
e5f227a7-ee20-49d7-a009-6d959f5cd0dd	760	1151	87	35	siege
764b55ab-3fd5-475a-9fd6-980e8332638b	852	1151	44	35	of
2b66b111-0570-48fa-ac62-a39e754d43b8	900	1151	70	35	city
7efc0849-c268-4118-a406-e9192fdad0eb	974	1151	39	35	of
6769295d-d8b4-4a3b-873b-0bed94e2a406	1018	1151	101	35	Noah
058b0410-8cee-4e07-94a1-c6b823044a7b	1018	1151	101	35	,
7fa6745f-220d-49b0-9d6d-836eaba4ef9c	1123	1151	117	35	320
72bc0066-344e-4856-b330-437bdd88c52a	1123	1151	117	35	-
4143b314-54d6-46f9-abff-9d4536f95ecd	1123	1151	117	35	24
efcb09cf-44b4-42bc-bc4b-aaa3daf05bf3	1123	1151	117	35	.
4020a850-436b-498b-8b91-7efba25901fd	767	1177	103	63	Neph
be045d13-4bbc-459b-a835-4d3de6f5c804	767	1177	103	63	:,
0b9d474c-ed96-4a1b-8e6e-4467efe4efd4	877	1177	102	63	20
dc3c6fd3-662f-4302-a175-92f028a504ec	877	1177	102	63	-
88c08e74-a3ad-431d-b857-c1346ff9526e	877	1177	102	63	341
8409adad-eeeb-4a3e-ac11-7dd37b0e6dfb	987	1177	118	63	against
30e44ab7-1775-4e79-8d0d-1b64eccbde2a	1113	1177	94	63	Lamb
8c6f4e50-8320-45b3-a894-7e8e9e7247ab	1216	1177	118	63	visiod
39cb0507-8a57-4642-8204-605fa3f278f4	1216	1177	118	63	,
c7a3963d-3b44-470e-8c3c-81a76036395f	1342	1177	37	63	of
8850b555-e1e2-47eb-add0-e4edb170aefc	763	1240	108	34	vision
61f555fb-f324-4cff-8b2d-67993fd55a50	875	1240	48	32	of
69db8fc6-f056-456d-b6c1-3499c422c955	927	1239	116	33	Nephi
3bd6a57d-c409-4d85-806d-71f51ab47d06	927	1239	116	33	,
5fd60aca-bbb6-4918-815b-0a007c39b3dc	1047	1238	112	33	26
be673571-b9e6-4188-9d30-b537ca8138fd	1047	1238	112	33	-
c2b575ed-eb6c-4c90-8e87-b058d60a3f84	1047	1238	112	33	13
547340a4-3b10-4e52-8468-d0adb5d2b91b	1047	1238	112	33	;
03af8245-3652-4925-a6b7-8c3b8dcd5a1f	1163	1237	132	33	against
96110638-9cf4-4a98-be40-1408cc2ad9cd	1299	1236	73	33	Zion
9f4b6906-cc89-4aa2-abb3-bad60950cd61	874	1264	159	30	disaster
b9ad45eb-88e9-458c-a13c-d02f5d405733	874	1264	159	30	,
e0b58b1f-d6c2-4789-87cd-4ab481612f4d	1038	1265	124	38	47
cc4f18d5-8d37-4d9e-b11b-9ce4e0fd7a89	1038	1265	124	38	-
ec94742e-0bbb-46b3-9a52-417fbd366bf8	1038	1265	124	38	14
44159eeb-e63e-40ac-b0cd-5db6f2335163	1038	1265	124	38	,
b1887a39-a142-46f8-9c55-bfe944146ce0	1166	1265	114	38	63
7f412832-2677-42dd-a434-d5d5eb13426e	1166	1265	114	38	-
b881d9b9-aeda-4da0-a7a3-e16f320ae4b2	1166	1265	114	38	12
e82a98a3-200a-41bb-a3c3-75dce46af738	1166	1265	114	38	,
0b21fcf1-2412-4747-bfce-14d14c2d7b48	1285	1265	90	38	95
fa4d245e-bb75-4c49-9511-ab3ab1be7da0	1285	1265	90	38	-
fd790a3d-7b0d-4c13-9b74-21fa0aec7a6c	1285	1265	90	38	3
d37e7614-f934-4049-91aa-bdb9fb0a76b3	1285	1265	90	38	;
04a16ea5-ba3e-421b-baa8-bc0e9104de07	732	1290	83	66	Figs
ca35244a-0fa9-4ac9-ad46-b7cd8fed7a75	732	1290	83	66	,
f4622576-88a4-424e-95b3-f490be841845	823	1290	58	66	not
b35d48d8-89d9-4b40-b6a1-541be4d93d5d	889	1290	140	66	Gadered
bc38e9bf-5095-4dc0-a5ea-d9636deb7f3d	1037	1290	74	66	from
873d78b4-33a4-4f39-82d9-71527d1a8d5d	1120	1290	140	66	thistles
0682e253-2a4f-49c7-8444-792001f0daed	1120	1290	140	66	,
bc89c812-f6d9-4d10-be88-4deffc94a32b	1268	1290	110	66	428
7f3f52c4-f66a-4e03-8f5f-5db8f37ea0df	1268	1290	110	66	-
7f546694-f793-4154-a1b5-d07f652caf44	1268	1290	110	66	16
0b1fd55f-7272-4f7d-9ba2-bc43e87b0e7c	1268	1290	110	66	.
5b7b07bc-c13a-484f-811c-19b06e35254d	735	1350	171	38	Filthiness
8c7370f6-dff2-434d-b655-505d5c265d77	735	1350	171	38	,
ae75915d-95ce-453c-b275-8f52424c7ac6	911	1350	43	38	in
bee71247-d2c7-47bd-883f-03250adc831d	958	1350	109	38	vision
2c67edb3-50c8-4b0e-9ab6-873a0990a13c	1072	1350	38	38	of
9b5ae048-7d8a-4b10-a9d1-9e423e1aa534	1115	1350	109	38	Nephi
971a35b1-ce8b-4691-aaff-d1dab7d9e0b6	1115	1350	109	38	,
f8630d98-759f-4b0d-9768-92e515c3b3b3	1229	1350	105	38	30
925753a9-8623-4e60-9d64-049325eb3359	1229	1350	105	38	-
108e96df-b7f0-48ce-8858-dd591ac1a88a	1229	1350	105	38	27
c6861cea-31ad-4bfd-8a03-1cee981108d5	1229	1350	105	38	;
0981977b-28a9-461a-a38f-1d1050211873	1338	1350	40	38	of
9e1d8977-b76f-4f24-af0a-312dd5d33809	767	1385	182	28	Lamanites
68d115ee-41f3-4d81-ba02-f0c419f5b964	767	1385	182	28	,
16a25325-f841-46f0-b900-734d0c8f7fd5	952	1385	115	28	112
59a4c87c-6c89-43ab-bd96-5bfe8acf5f3d	952	1385	115	28	-
e25af750-b3f1-44d1-a233-d79a966f5b1c	952	1385	115	28	5
66a8148f-00c9-4efc-8c73-c8428d38cf0b	952	1385	115	28	;
11b3402e-a3db-4ea3-bd29-fb7e14cba918	1071	1385	87	28	poor
b8068881-8c97-4712-a7a3-892bb95e0c86	1162	1385	156	28	esteemed
faa1cdc7-d76d-4cc4-afa8-4b2507f8fdd5	763	1412	111	39	276
b1542d57-2c5f-4e7a-8cae-265b18a6febf	763	1412	111	39	-
2c2677ef-e381-447b-8cd2-3e89fe11e97c	763	1412	111	39	3
ba96e91e-9c00-44e7-92cd-b8a1fb4b2c5b	763	1412	111	39	;
ad5f20c9-1955-4e6c-8b46-1ff3e786b74f	879	1411	116	38	moral
6a8163b9-5379-486f-a01d-9d75c81f679d	879	1411	116	38	,
cddeb1f1-d0cf-4860-b103-f70a99866592	999	1410	125	38	150
50cc7314-6aa7-40ab-962b-0818ddd8fa73	999	1410	125	38	-
503feef1-0fd9-467d-ba9e-ed8c83d9ec70	999	1410	125	38	30
5bd4dd26-e5a1-499c-8648-59bcb0831542	999	1410	125	38	,
03d10fd6-f3a3-4d4b-b25a-b1cf9e1407a6	1129	1409	130	38	206
01f8803a-c406-4cba-bb3b-7d93c3c49fc1	1129	1409	130	38	-
8977f7c1-7d07-4f0a-a2b7-cc0f6e00932c	1129	1409	130	38	22
2982c959-5542-4773-a069-adaa27aaa840	1129	1409	130	38	,
80a06156-16dc-4ef0-bae7-398961a7c425	1263	1408	113	39	213
29930dbb-91da-4acd-8344-a7dd71d5e98d	1263	1408	113	38	-
baaecd17-1e50-40b1-b3ab-80c3a745f245	1263	1408	113	39	21
2875685b-303a-4d46-bf08-1274cba5577d	1263	1408	113	38	,
4b685a67-89a8-4112-81a7-edc352cd92b9	738	1470	142	54	Fingere
c49feb75-d884-4bbd-aad7-67c1e1389cd4	887	1470	95	54	Lord
3124f830-2e15-4222-b616-290efe086cf6	988	1470	95	54	wrote
88da45a9-ae23-4d0a-9a0e-35b3a61241cf	1089	1470	88	54	upon
e5c42a57-a5b9-4889-b9ef-89d591c01208	1184	1470	81	54	well
5b5c6edc-bc20-4589-a75e-8b18f6cfefa5	1184	1470	81	54	,
3124b783-3a96-4f69-89d6-30dc2191a246	1271	1470	104	54	453
3a52611a-1f9a-4bd9-8a7d-5856edef69b4	1271	1470	104	54	-
f3f80220-5352-4850-86f9-f7fcb3b3108f	1271	1470	104	54	6
1690b2f7-bf75-4dc1-9a6f-aca3a9ffbd7b	1271	1470	104	54	;
1b0fc069-9470-4cb9-b78e-b6d6f25d55f2	814	1499	78	25	the
8f70da28-e3cd-469f-be40-48b4d1677fd0	895	1499	100	25	Lord
ed838c77-c0d0-4899-98c6-5d1715541428	998	1499	71	25	seen
b8c50c3b-14df-4f89-9ed9-001f0eefe0b5	1072	1498	81	36	by
856c9bb0-87c6-4a10-b8f4-6922930f6414	1157	1499	102	36	Jared
7d6d4b05-9ac4-43e0-9302-d06a61ee7979	1157	1499	102	36	,
2893c182-b1db-44b3-a755-9aec1aeb414b	763	1527	104	32	Christ
5fb5767d-d481-4140-aab2-39ff68aa1aa3	871	1527	128	32	touches
d718c542-b973-488f-a822-99f7bb1bd5bf	1003	1527	140	32	disciples
f5f8df3a-dc15-4a46-a9d1-09749590c2cd	1147	1527	84	32	with
b30ddf91-8600-48ce-a394-9dabd027bb59	1147	1527	84	32	,
dc947aba-2ecf-4348-b399-c9622e05ef07	1235	1527	115	32	453
a5ab31ed-68fa-4d0b-96e3-a798199765c4	1235	1527	115	32	-
edc14633-d842-4dbf-8340-f2697842b116	1235	1527	115	32	12
278622c3-3c5b-488d-b597-c65d3ce60bb3	1235	1527	115	32	.
e27636a6-960a-47a6-9be0-ee45d19ffd78	738	1552	85	38	Fire
6f54dd51-acd7-42f5-b8ec-9adb8b2b3099	738	1552	85	38	,
76a295e9-2f31-4eff-8067-cf0a9e7755d9	828	1552	95	38	pillar
4a9451dc-2b76-465e-9fe2-c80e72927ba2	928	1552	52	38	of
32ea24ed-05f8-40df-906c-3cabcb4a8aee	928	1552	52	38	,
58831260-8dad-428f-a798-560528bb7c62	985	1552	86	38	seen
877a0a9d-f410-4993-8aa7-45881881a39b	1075	1552	52	38	by
9a25c88e-fb1b-4a62-9d32-ce7beb655b3c	1132	1552	95	38	Lehi
151dcb50-d77d-45c3-84f6-f0df689835e6	1132	1552	95	38	,
b10d69cf-873c-4fd1-a91d-755cb2aa24f7	1232	1552	76	38	2
77c5dd28-ccb4-4201-9d1e-a02837ce2939	1232	1552	76	38	-
39522044-9f3e-4ece-9a7d-7df6c7d3d1a6	1232	1552	76	38	6
9e3de8f9-a03b-471a-bfbc-f8df860fe126	1232	1552	76	38	;
19de95d7-70a8-44ec-bf0c-3c8b51e3d6db	1313	1552	60	38	and
0313dd02-7f34-4b09-8fb2-b15cea8facfe	763	1637	112	64	205
bcc8ae05-68eb-4e2b-951f-09206cc2442b	763	1637	112	64	-
4e82f2ec-a154-4070-9975-c70c8d04de93	763	1637	112	64	32
f691514c-4149-444d-bfb3-e390c3869445	763	1637	112	64	;
6f653cf9-0bbe-4e10-88ad-7ed0789a6694	883	1637	96	64	4753
43da0aed-c43a-42d7-b9eb-b9a01ac755af	883	1637	96	64	,
b6a0b213-8bda-4b12-8113-5d5f550f3f06	987	1637	24	64	A
b97dab0b-f13a-4e87-8e30-03114027f38e	1019	1637	200	64	inaunchel
4171b393-85ac-409c-bf03-030337f66404	1227	1637	88	64	death
2ef28f43-4eba-4922-909c-3a046c6b610a	1323	1637	52	64	38
2e18e209-6b3b-43e9-ae5b-485a72ec9253	1323	1637	52	64	,
02ef773f-aaf5-425a-a25c-c7ccccdf6393	1242	1633	136	41	139
27746aed-e1c2-4cb5-a3d0-5164f4f66eb4	1242	1633	136	41	-
2e1f1953-3389-4abd-95ae-3f6114f4de87	1242	1633	136	41	38
1450ff96-9aea-43ef-acde-5f152d033c58	1242	1633	136	41	,
426e34cf-e4c1-487b-8f6d-edc723351084	763	1751	56	35	in
bab3e9d0-7d94-4e3e-b5a2-6247f2e2d192	824	1751	123	35	danger
b84513f0-b53a-402b-a13a-dfeffa1e2481	951	1751	55	35	of
20c3bb01-602a-43a3-80c8-5eb5c95a9127	763	1811	122	35	372
cf2c0f87-38e4-4b94-b2e3-dfbf04ee153a	763	1811	122	35	-
1b9327cd-7499-4552-97c2-507d0fe21c11	763	1811	122	35	43
55dd4ed7-ffd2-4e40-988d-0d1ac729e2ce	763	1811	122	35	;
c0e90222-1be2-42ec-a152-6453ea5ee93a	890	1811	92	35	little
5a5d87b2-f310-45a9-94d7-428b19446dc3	986	1811	144	35	children
9e3a814a-38bb-4b96-bcf7-dae98491e6da	1135	1811	153	35	encireled
eca98407-797d-407f-b243-4d907b3ab5f1	1292	1811	83	35	with
40a15fbc-1894-4cd1-abfd-785263a96347	1292	1811	83	35	,
2d36e75d-5b72-4da2-805c-76ccf09c0784	763	1843	114	35	433
570eaa3f-7724-4bab-99b1-1343d1b9ad66	763	1843	114	35	-
a32a6153-a41d-47ae-bd78-b6b1d5421937	763	1843	114	35	24
8d9fa6df-373f-4639-be08-42b92a791470	763	1843	114	35	;
856d10ee-c2b2-47da-b4ae-8e6a9136fa60	882	1843	64	34	like
5cf77888-e939-4154-9dae-04728aa9424a	950	1843	25	34	a
ea62fbfd-74d2-45a4-afdb-2ddca69f44ed	980	1843	145	34	refiner's
9de779d1-bef8-4ca4-b013-98fb8521f90c	980	1843	145	34	,
8e8aecc8-53c0-428e-943b-e45b357693c9	1129	1843	98	34	446
037e3ffd-7f3e-4d39-94f2-68e6a318e811	1129	1843	98	34	-
27819a41-3c5f-47de-8d4e-bdd5e9e935df	1129	1843	98	34	2
6d638734-eb93-4a05-bc8b-668e6779e013	1129	1843	98	34	;
328af1a0-c87b-4eb7-baf4-78853cb7aae5	1231	1843	55	34	the
3c1e30c4-3772-499f-9f98-983e5b7f169f	1290	1843	85	35	three
75109668-1de4-40ea-91d3-bdcc8da0664f	763	1868	142	38	Nephite
ad631818-4fdd-43cb-b705-0fffb826c6ba	910	1868	152	38	disciples
8daab382-8ce5-4e22-b0ef-5262644e0f43	1067	1868	86	38	cast
496587fb-5a4b-4890-ab1e-217d424a85aa	1157	1868	95	38	into
7b1250e1-83b1-4ea0-9d11-00d0173daedf	1157	1868	95	38	,
f43a6fcf-a247-4cd0-9b3e-6848b46a85f5	1257	1868	118	38	458
b700f35b-3719-454c-956e-26711a3753e9	1257	1868	118	38	-
53f3da78-1510-48c5-aa1c-ca6e854fa11e	1257	1868	118	38	32
a97378ee-95ef-43fb-b1ee-ae05f09aec23	1257	1868	118	38	;
da8014f0-48bc-4cf0-88e3-60b2fc357a74	735	1896	167	67	Firstions
4077c703-114d-4e04-9d6e-744e6a4dab0b	735	1896	167	67	,
6c0956ec-2fb5-4a51-9ba3-7e14ed839cf4	911	1896	92	67	offere
ea9b432d-68d7-4c63-8866-40eb65fae445	1011	1896	59	67	Has
3116add4-b8c8-47f6-b844-0b4a974f74c2	1078	1896	151	67	sacrifice
cc621406-cc6e-423c-a395-8f592717e715	1078	1896	151	67	,
3265cf05-81fa-4543-8306-1e169d6e7b54	1237	1896	97	67	136
70dd0ad8-cf3e-434a-9b4a-c072bddc2a47	1238	1896	97	67	-
0463650a-97f6-441f-8a80-99841e857696	1238	1896	97	67	3
c696ff51-6bdf-46fb-bc37-4d9583fb7842	1238	1896	97	67	.
80c067d6-5979-42bc-807f-b6acb7643cba	1028	1956	80	38	by
6d87a676-509d-4871-a33e-633b8b38a875	1114	1956	138	38	Christ
47dadc19-9f59-40db-8e22-dfed2e34cf7b	1114	1956	138	38	,
7a2e7ad5-b3e8-4e69-b6e8-7c2476161d5c	1256	1956	119	38	428
cd7242e2-eee6-4233-88ac-b2ecc12f0eb2	1256	1956	119	38	-
7d8c7ffb-e7ba-4c64-9e41-b23f7e8d5e26	1256	1956	119	38	10
0e32e05f-cb68-4449-a773-643a0763465f	1256	1956	119	38	;
