ID	X	Y	Width	Height	Text
db2c2344-c2db-4441-9b62-df46d0a158ec	643	97	149	43	INDEX
094fc249-088c-48b2-94d6-941275642b84	1303	98	73	38	549
e488b1ab-430c-44fe-b9d4-5526bf72d884	66	174	102	35	Flesh
8ad43460-cecd-4d63-bfe9-abf69e96af67	66	174	102	35	,
b5aec70b-f149-4df8-8f7f-c66735d966a2	172	174	72	34	lust
fb492af3-4b35-4716-8484-5dfb527e1ece	249	174	38	34	of
225f4c72-788f-4cc0-8f2b-67ed09e05a1b	291	174	64	34	the
ab13159a-ab42-48d9-95c0-81c730140b50	291	174	64	34	,
75dcabdb-91f7-43a2-85a5-bbd902aca6da	359	174	106	34	48
b367e394-3045-41b0-8282-60600f471386	359	174	106	34	-
930583e8-b0cd-4e84-b186-1e7b69ce27c1	359	174	106	34	23
3f545a95-f20e-4ca8-95c1-467bb4795687	359	174	106	34	;
eb1fed7b-0c3e-47d9-a883-e3b9ee4f97b2	470	174	106	34	Christ
9655e8a1-d05e-49d4-a538-069f8a12c54c	580	174	59	34	the
55fda27b-97a5-464a-b391-b3d9e87e6b07	644	174	85	34	Son
cb0e7418-98b2-4ca0-99cc-4fcc8ea958e9	733	174	235	35	Fortifications
c60daad3-d9af-4a36-be9c-0c9b9ba08ce3	733	174	235	35	,
02a96649-8ac2-42b5-b36f-1ad4bc7f910d	95	202	136	32	because
72b0e7e2-738c-416d-9cd5-81a3c344de45	235	202	48	32	of
dccff8db-3b9e-4ac9-b4dd-805d3db5e5d8	287	202	69	32	the
85a04944-3c83-46b3-8df6-125f00822873	287	202	69	32	,
4787c693-db9a-4bab-b600-a47ad93d3566	369	202	112	32	163
221cfa4a-b95f-4053-af31-5be0304132f2	369	202	112	32	-
fc8cd0b8-97e3-40fd-baf5-59b2fed05000	369	202	112	32	3
37c65e93-5faf-4618-abd0-8dab4181a7d3	369	202	112	32	;
050981b9-c10d-47e5-bfd5-0846b4b415f5	485	202	80	32	and
fb437e7f-fa59-47f7-bd49-d3707c6fade1	569	202	100	32	blood
6242c0a3-dd02-4d33-98ce-6eb41983ed8b	673	202	34	32	of
85b99b3a-6420-4991-932d-abf6aaa8c606	868	177	122	60	319
59af1dfb-e026-4d5f-9575-793ae619a48b	868	177	122	60	-
a08b0ebe-d6c5-45b5-99b9-dee9b949c1e2	868	177	122	60	13
9a64e069-583b-47ba-a2fd-be9f5ed880be	868	177	122	60	,
6309850c-85dc-4c2e-bbf8-2f38dadb4064	994	169	149	61	321
280a1c67-7919-41c2-8b15-436882af285c	994	169	149	61	-
a10e6eda-99bd-44a6-8a19-811500c6d599	994	169	149	61	10
db27e440-f527-4356-a1cc-b37f780d6f6b	994	169	149	61	.
3a2792fc-8a3b-418e-87ef-a5cf8f3b427c	1146	165	55	56	b7
1f7a696f-8b9f-480a-be8f-7e44c665932c	1133	167	114	70	33.7
deca42e2-a771-41e3-ab93-00725df08225	1133	167	114	70	,
ebb02071-c262-48fa-9a6d-cd21263f40f5	1255	167	126	70	404
39a6e343-8e6c-4885-beeb-9533888cc62f	1256	167	126	70	-
851b4847-e09c-482f-9e16-54c72fa6d49e	1255	167	126	70	14
f219623d-93ce-47a2-bed7-f16ade005a09	1256	167	126	70	;
209d78d1-1f9f-4656-83a6-9af5c428e87b	1243	196	136	35	404
73753181-9b93-4bef-bec8-59a7f8f88a27	1243	196	136	35	-
0753f073-fcdf-4876-8739-8af46f0c3d11	1243	196	136	35	14
f93ac791-6a26-47e6-9a18-7a61b1bb0d4f	1243	196	136	35	;
9747b7c5-3a62-4708-a902-c4e16784e00d	91	227	112	60	Christ
44cc172d-0573-41cd-b735-7649edec9665	91	227	112	60	,
0f7709e0-75c7-445a-b502-7d9d0b138e0f	211	227	67	60	how
ecce9615-5351-4b36-b947-1382dfa5635d	286	227	225	60	administered
bbb7a02b-8f65-4ebe-929a-aeb53378c259	286	227	225	60	,
eda478b2-b10c-4cd1-aca5-16e891f359bb	518	227	120	60	women
8bb93d36-c5ae-46c1-9f88-45c771213625	518	227	120	60	,
05eff33e-9dbe-4573-ad06-46c38ffd91db	646	227	61	60	and
b70268e6-530f-4604-bd94-d18886b62d4c	95	262	48	35	ch
7d4fd8fb-6f16-4c09-82da-93c8e5724549	95	262	48	35	.
9ebb34cd-8662-4c6d-afa4-bd7228d29a8a	148	262	83	35	5
eaef4154-9854-474f-872b-ff3a3b929645	148	262	83	35	:
5f126cc7-c078-4ac7-9033-d7edc61fa097	148	262	83	35	1
fca72748-e7bd-416d-ad61-bea571563756	148	262	83	35	;
28eb9fa1-2a2c-4494-9642-f02f52a6d4a5	235	262	125	35	human
23f03068-4999-413b-99f1-533a22e3441f	235	262	125	35	,
341eb8dd-3640-4626-8760-224da5b0aec0	375	259	73	32	fed
f47ec842-fb9d-4ed2-a766-a5842abc1c4a	452	259	36	32	to
67ca37b0-9193-456c-a8f8-e43d1a76f988	91	290	144	35	children
70bfb3f5-0f5d-46d5-9087-bf54af6182d7	91	290	144	35	,
d5ff0f13-cfee-41a7-b872-29dc087aea12	240	290	95	35	518
458a159f-0209-4ba9-ac7e-bbab6bf9c454	240	290	95	35	-
a6028657-5efa-4f8b-9a86-a28ecc96427f	240	290	95	35	8
ce3dddb6-f482-455a-bd76-27e47e78cbfb	240	290	95	35	.
177db17a-f17f-4b5d-9166-5f476a2349f7	63	316	114	38	Flight
08233dc0-f814-4ba1-baa5-2f68550cc3c0	63	316	114	38	,
facf38fb-7661-4ef8-a843-cee26fd3a63e	182	316	38	38	of
8154884f-670b-4490-80da-43436a901dab	225	316	81	38	Lehi
28d7f4c6-4f9a-4d5b-8976-ac4bdf5ff1fd	310	316	84	38	from
c4ba9346-a956-4256-9625-55203c306172	394	319	182	32	Jerusalem
cc651227-9d3e-4dce-a108-e56cfe66fc1f	394	319	182	32	,
be7d8eac-06b2-4eba-a71b-dba1187a9160	580	319	89	31	9
eace9f2f-9dec-4e4e-befe-8275a85df4cc	580	319	89	31	-
635c10f7-9d4e-4475-896a-8594917979d2	580	319	89	31	36
3227928f-428b-4a69-93c8-c34bad995ecd	580	319	89	31	;
c9a3165d-d320-4767-93eb-65d46144bf27	673	319	34	32	of
f468f025-34d5-443c-aad4-b11e52531434	91	407	126	63	363
9b31bc49-bf3f-4775-bd69-4b5a9b9e9e5c	91	407	126	63	-
f8749407-443f-47b7-a431-1cf5297a99fa	91	407	126	63	11
d38bbef1-0701-4b4d-aa30-40e002a148dd	91	407	126	63	;
3fc1c8a2-8291-4040-8c1e-6425c610cb87	225	407	52	63	of
70665819-443c-41b1-82fd-5dccfb1b9211	192	403	123	33	360
5d126c44-782a-46b0-8b13-b879141b809a	192	403	123	33	-
33a9e308-4dd6-4caf-a126-bb5e010ac4d7	192	403	123	33	10
d17abd44-8fe4-45fc-bad9-612280974f3d	192	403	123	33	;
9f4670c5-dfc5-4dca-90c3-6d8a56a68e4c	91	461	148	35	Mormon
14d07f42-9a2b-4faa-ad34-995590387d87	91	461	148	35	,
3858cd1b-1d31-4279-b874-30ef296aedad	244	461	97	35	468
ad0f54a1-378f-45f3-bbd5-7526b21d03c6	244	461	97	35	-
0512f768-4462-4856-8c64-e3c0706acbad	244	461	97	35	7
364127a6-6c34-48c4-b31d-8c2a768bfd62	244	461	97	35	.
8a1242cc-ecaa-4a68-a5a1-d2571b19855f	292	421	93	72	Ling
35e952f4-f84b-48cb-a83c-7ca4f7b8a1cb	387	411	125	74	Jacob
46d19ca1-7d59-46dd-9bc1-a434a3383073	387	411	125	74	,
6d78ad3c-8dee-4bff-9141-0b5377267c1d	515	395	198	80	413
575e3fff-1943-47be-b326-821d28f7e99a	515	395	198	79	-
2dfee9c8-5ba2-49e1-b2bb-b309274a731e	515	395	198	80	ble
cb569ad3-72e9-4e62-9cb1-3c8c96ededb5	66	488	129	43	Flocks
4f26e5b1-ed4d-4e81-9f91-275ffb14bf36	66	488	129	43	,
002a5dae-4ce5-4284-a481-6f8cc97be029	199	488	38	42	in
8a7148d4-7021-4e76-a024-3c747aff2db5	91	486	100	73	locks
88a2d63d-73bb-4717-a737-4087f130cc42	201	486	91	73	roti
1e36a6e9-8bb5-4483-86fd-5013f3aa79d7	301	486	155	73	shepherd
63ce855b-d71d-41ca-8298-f90c5e6be98c	301	486	155	73	,
4cc90135-ff16-4e1e-bc07-aeba08ee56aa	465	486	128	73	132121
b29de0b4-8278-4f45-ba86-a6e791dfd69d	465	486	128	73	;
c0417d54-252e-4248-81dc-7b3126334bb9	602	486	36	73	di
7a460a13-574d-4e31-8a58-fddb48005467	648	486	62	73	s
759f17e6-32cc-4053-846b-f740a085bf4c	90	574	135	39	guarded
0654b1a8-cddf-45d8-8298-315dbcc5dbc6	197	521	128	66	desired
3219eded-f535-48de-8ee0-e73c4849d828	327	532	60	60	by
299681ff-e95e-4c12-8cfc-ed27e2dcc704	389	538	183	70	Lamanites
e61b502f-4bd5-4792-974d-df5c318c30e9	574	554	71	61	3
51b2433b-86f6-4ea6-87c6-e79eb53eb8b4	574	554	71	61	:
c12119a1-b3a9-49f8-9df2-df3fe992a31b	574	554	71	61	2
5cba0ac2-fb3b-4a69-ace6-e6e3faff1aaa	574	554	71	61	;
bcd328c9-3d48-42ea-9ca0-24b5562bc69d	583	549	123	36	153
4fe210fa-d0ca-4d51-8a0e-73e521eed4d1	583	549	123	36	-
dc493030-b6b7-4dd0-b819-9a11c6f27e76	583	549	123	36	12
da45a2bf-bf66-47e6-b4a3-5f3a81b761cc	583	549	123	36	;
bf137627-395e-41d1-afd4-07f06ed195b2	227	574	113	31	from
a064452d-d5ea-4356-bcea-5b8652a7011b	342	577	188	33	Lamanites
1e51e698-87d0-4e07-b8e5-1eaa746cc2eb	342	577	188	33	,
471de263-0ae4-468d-8c85-03da2e535e53	91	602	119	60	driven
4a0fb0df-e609-4498-ae07-4464aa934558	214	599	57	57	by
6f2bf091-b102-4c7e-9ae0-f7d62907e14d	276	594	133	60	beasts
a0f4c8cb-f467-4fcb-88b6-98a9b3b87fc6	276	594	133	60	,
e173e1b5-9985-47ac-80bc-c2440e17d11d	414	588	133	60	167.17
ae4ebca8-25a6-40c4-b2f2-7e3caf0c8877	414	588	133	60	;
9ea310eb-46ae-49e9-b200-26883b30ad1a	551	582	161	61	shepherd
285d6724-7ad9-4144-9ec4-cecf5f1fab96	101	637	94	25	would
41918f88-23f8-444f-89d2-2b7b8c5cb06d	198	638	125	25	protect
55dccfb3-53ff-40b1-83e1-46eec8718dfb	326	638	87	25	trom
3fa8153a-4851-455d-b3b6-e6f85717adf6	417	638	125	25	wolves
b22db622-d139-461d-a515-97a807dbfa32	417	638	125	25	,
3ac706e0-729f-41ee-8938-967e5f9f0578	545	638	125	25	209
5425ef1c-ed0e-430a-bc93-a3e02c838904	545	638	125	25	-
e354b030-e2a8-4f9f-89a8-c2a2f967d633	545	638	125	25	59
e9c6369d-85eb-444f-a33d-a583330a01b6	545	638	125	25	;
dae903fd-2849-45ab-82d2-84e8ae445780	673	637	34	25	of
56c5e9d0-6a6b-4e7a-8cf9-0edc8f11af9c	95	663	128	32	Lamoni
e03bcc63-49e3-4fc7-9854-6af07762fe88	226	663	163	31	preserved
c4120e26-c880-41d2-aff4-3ddbe54ce668	393	663	54	31	by
533caf17-46d8-4a61-8906-80daf50991fd	451	662	140	31	Ammon
ac0b4d3b-0263-4a72-b665-1c64cfd41a4a	451	662	140	31	,
87a83ba0-12f5-4b48-91b9-61c1110d9e8f	594	662	112	32	239
de0b9fd7-7a8d-40f3-b0f6-e83a0e71c380	594	662	112	32	-
da1ec322-096d-4d8e-85c2-3f2ab74d154d	594	662	112	32	25
3c315a30-56b1-4e1c-b13f-f8dde9470eef	594	662	112	32	,
b319a301-c020-4df5-8951-0ea0cddae8fa	91	691	111	35	240
7cf32830-2460-4e3d-bb65-18796e1bc9b6	91	691	111	35	-
ff3a832a-392c-459a-ad16-c7f90fa5fbfb	91	691	111	35	2
2c20496e-fdf8-4c28-92e4-f7e79bd8769e	91	691	111	35	;
4c63ef06-7a05-40b6-8d84-adea0711783c	196	691	171	35	protected
1002d72a-24ff-4cba-a3c8-5f97a97350c6	371	691	87	35	from
cd4c2eb0-6e1d-42c0-9522-9cd12b4ca6fb	463	691	143	35	robbers
3fd5ff50-93c5-4edf-ba27-75f4c11c41df	463	691	143	35	,
c0934946-5e2f-4772-8b54-b0017dc53a14	599	691	108	33	406
efdb4980-d2aa-4031-9498-7f1062caff77	599	691	108	33	-
89854cdc-4a90-435e-9783-a0efd5e9abc2	599	691	108	33	4
6b0f7524-05e4-4ff3-bf38-1c8327dc9231	599	691	108	33	;
178c0015-5a41-4696-bb0a-4c945356ded0	91	716	41	41	of
b9cb63ae-2c99-4057-8a9b-12671092ace9	137	717	128	41	brother
27cc0ab1-95c5-4a04-88be-d14d820785ac	270	717	41	41	of
a85da796-fd90-475c-a3d0-014260c1b7fa	317	717	108	41	Jared
491bba6d-ecab-456c-b413-1ff5ac63c6ca	317	717	108	41	,
d4df5ecd-b18f-4dd5-a5fe-e2e44b1f302b	429	717	123	41	480
bd71b675-8b85-46cb-86c4-ef603ddb9ab4	429	717	123	41	-
3f8517b2-e6e5-4a08-b3af-0e62925bc07e	429	717	123	41	41
c3271042-3a92-4381-b218-aef8fe35ddc0	429	717	123	41	;
2db3a5b5-720d-4861-beac-af43edf6fa6b	557	716	149	41	Jaredites
71136902-c63a-4e49-ba8c-b70111255b14	91	743	74	43	rich
068b88ee-7495-4a69-9364-5fd189a14b4d	170	744	47	42	in
f8ad369e-7aea-4be4-a673-f8fefaca46f7	170	744	47	42	,
d36622e3-f6ba-4a44-827a-a087ce2a626a	223	744	122	43	497
e12afb19-9e2c-4a36-a6ec-fe6b7e26e0b9	223	744	122	43	-
ba6316a8-05e6-4daa-acea-21bbbbaf2efb	223	744	122	43	12
84085f13-fc93-4daa-bad2-0bbaa5a0c7cf	223	744	122	43	.
495753b0-3bdd-4cf3-b2cd-da92f8325f0d	66	776	104	35	Flood
4c6105bb-b371-491b-8493-fa5d9b572120	66	776	104	35	,
6b050c20-cb6e-4f9f-9604-c393637bd668	164	773	209	38	destruction
bfcea131-6317-4cc7-b5f7-2f3339d07dc4	378	773	43	38	of
7ea2e7cf-324c-4ba6-8089-7c953bf80f67	425	773	152	38	Nephites
5c5c384f-4a65-4c8d-b4e4-da5cdcaa18b1	582	773	66	38	not
38c2a7bf-dc35-428f-946d-fb61bbf0f7e4	653	773	57	38	by
4d585abb-61f3-474d-ae97-106869218db6	653	773	57	38	,
761bc798-768d-4d5a-a62d-de8ad5a5e67a	91	802	103	69	Perish
7185c256-7219-471e-aede-6b10f0dd9762	203	802	43	69	in
de3b68e8-3a91-4f47-85a1-ae48bb8a68be	203	802	43	69	,
69f59634-9d59-4520-87e8-51fc5767a208	255	802	121	69	452
583307b7-fece-4ca0-9c93-a84f111163c5	255	802	121	69	-
943a64b3-9711-4757-ad85-8172bfc7fcc4	255	802	121	69	20
485ae254-a5b9-48dd-aeb7-fc235d264b2a	255	802	121	69	.
5c90c3b6-27a9-4c34-bd34-db40ef1b0157	322	805	83	35	and
46641e02-1ba1-46cf-861c-c3fdd2475499	410	805	61	35	his
6aea97f6-2751-48eb-a1eb-f3da925197f6	475	805	118	35	people
554166b3-cfff-4002-845f-6d77e89767bf	598	805	70	35	not
c95f64b6-72e4-47d7-8d96-8692b20f4930	672	805	38	35	to
b8cf2f31-e348-4c12-87de-d16f14c3b57c	91	871	101	54	430
2f5b4e4b-5d56-493e-812c-fd40c01ad51f	91	871	101	54	-
591d3909-c825-444c-9746-4c6b23fe0c4a	91	871	101	54	3
9ada7b23-3c96-41b5-a43c-e90eb531db8b	91	871	101	54	;
a7d8f317-efcb-45de-b62a-792566be1843	199	871	34	54	of
525933df-4ba3-4b69-8227-920451b3c4c2	240	871	74	54	God
55586a8b-e97a-40a3-b150-a61c588ac9e3	240	871	74	54	,
54bf4637-6f10-45f7-9c5e-c890882d521b	321	871	81	54	66
a0c9449a-23ae-4e92-ace5-6683f5c3a56b	321	871	81	54	-
c10c78d3-4b3c-4894-9abd-269de7f37bd9	321	871	81	54	2
0f8bea2e-8f5a-4d09-bfc3-03ba59fa3b76	321	871	81	54	,
d2c1ebdc-63fd-4b3a-ab1b-fa40a4fdbffc	408	871	90	54	261
b2861283-a690-4153-9b56-3bbce355f083	408	871	90	54	-
13177b17-e738-4d0c-8df1-1c1e996dd5d3	408	871	90	54	4
b5cf8cb4-5d46-4297-8e64-0a01087c1014	587	861	123	35	49
31df1b2b-22a7-4011-93b6-1e5799922b9c	587	861	123	35	-
7d59949e-95a3-405f-a8fd-32504d319b6b	587	861	123	35	25
3181cd38-aa84-4aa9-96fe-c7c85ad06207	587	861	123	35	,
57ba8495-b040-4a5b-a1eb-e83c94ba9099	492	890	17	35	;
563de8a7-d5ee-4385-974c-c15f05228e16	514	890	35	35	of
879588b5-b843-4810-a118-c8e808ef8cac	553	890	61	35	the
e6244748-e6d9-4eaf-b7c7-d00edceecd7a	619	890	91	35	devil
449c4cdc-6625-4034-a85b-377c4bece917	619	890	91	35	,
c82de710-9726-4e08-81d3-9bbaa9d74030	95	909	116	44	207
87ae494f-3f7b-447f-9d8b-c1002af6b9db	95	909	116	44	-
423dff45-6dad-4e93-8194-c0b29cd65a3a	95	909	116	44	39
244cb02e-24f4-4cfc-a7ad-bea6e190f2b4	95	909	116	44	;
49ec5300-909b-4c2d-a566-39d745f69bbc	216	909	88	44	other
2b2deffa-05af-4c91-97f0-1f491895be65	310	909	94	44	sheep
fde85c9a-fe2c-467d-9bfe-bf019caab755	409	909	60	44	not
2541716b-b3d5-4386-9bdc-4d2eacf4d223	475	909	33	44	of
84b09836-d291-42b3-990a-82ca1f48c7c8	513	909	77	44	this
f6f5bc4d-b692-4e95-b72a-0cd04a946caa	513	909	77	44	,
c098a566-a6cb-4be0-bbb5-d8074613b863	595	909	114	44	430
1433e9b2-3d4b-4c4f-b5a6-28f62569733c	596	909	114	44	-
3c809662-f5c3-46d4-ba2a-6a900ced68fa	595	909	114	44	17
ff7e3a0e-a2f5-4eaf-bd8c-558a7678f3b5	596	909	114	44	,
68b14e29-10d2-45a5-992b-870172c49573	60	969	91	104	Fold
b8c5cb31-ba7d-4470-9c33-9d85af82b554	164	969	117	104	rose
27c179cd-424c-493e-8538-dcbc16b2c586	294	969	104	104	is
efe50812-abe7-4802-8d8b-f3dd251751b9	411	969	169	104	mut
62a512c8-3262-480b-a536-80af1a30815e	593	969	39	104	3
2484bbec-e6d2-486a-bb60-486b5c5f787d	593	969	39	104	,
30f6c432-26f0-4c0f-93e8-0844d93de007	645	969	71	104	25
dc703eab-ad8b-48c7-9fc0-5116d95033d1	645	969	71	104	.
73c3489e-125e-43a7-bee2-afc2b2f89e76	94	1062	136	31	withheld
a032c831-654c-4f97-8b39-8a3dd95238ab	233	1057	110	35	from
3c1d2743-8e6c-43dc-9a5a-bbd2907a8b67	348	1058	98	34	Alma
aadd4191-aa34-4d4d-a4e8-a303ab5b8ccf	450	1058	77	34	and
bad3880a-62d8-4450-8cb8-f821837dd42f	531	1058	136	34	Amulek
aee3c264-77d5-4673-8b7c-e375180fa50f	671	1057	36	35	in
60b82fbc-5a4e-4898-8eaf-5737ca27c1aa	91	1088	128	38	prison
04d87911-8876-4230-8825-cc22f2a4ce84	91	1088	128	38	,
ba905427-db4b-4e63-8c30-91b30f1df8e9	224	1088	133	38	232
36616bd5-d18d-4862-bffe-d53215b10548	224	1088	133	38	-
8f094902-90b6-443e-888d-1b9ec1f69917	224	1088	133	38	22
a9310129-0a6a-4e51-9bc5-5c2cf6dd82b1	224	1088	133	38	;
66d56e43-554a-4830-a639-38509a8f4035	362	1088	138	38	begged
808c514e-fa6f-4fc4-bb8c-715a15dbd209	504	1088	62	38	by
a4d6369c-1ae6-406d-8f27-990a9c31748d	571	1088	139	38	Korihor
9d6493be-e280-421b-b0c2-9f7f84afb07d	571	1088	139	38	,
c6ca5cbc-d1af-41fa-aae4-d626320d4f48	95	1117	130	38	273
07f88cf0-358e-4acf-9b1a-4f3463e04155	95	1117	130	38	-
a3a6e3a1-f0f8-4df1-af54-1c54907ade16	95	1117	130	38	56
5c570f42-5798-4349-8fdc-b567b27640d8	95	1117	130	38	;,
ba2f9fd9-43a2-4d02-a934-531428faba0c	229	1117	168	38	Helaman's
10836e15-2e78-4ec8-a9f2-30e9e017b4bb	511	1117	129	32	suffers
8e02f673-4544-4ff3-8ee1-68d7caafd753	95	1123	75	60	want
92670f8c-e102-455a-923f-d7894816ad13	177	1123	52	60	of
f5b2a2fd-5c3a-49d5-b833-0f7ef789acb4	177	1123	52	60	,
e3f031d9-5277-45c7-9fc3-06d2ed84f663	237	1123	97	60	345.7
ee8475fe-8372-4a7d-82ef-330749582983	237	1123	97	60	;
7da9402e-154b-49a1-bf8c-816043069c16	342	1123	52	60	not
51e68aa2-876e-4d6e-ad14-a1c1d2559a9e	402	1123	75	60	sent
cdba276a-c36b-4451-ac9b-76776e2a61ef	485	1123	37	60	by
e5e5238b-0116-41d9-b4d9-556fb72a3252	530	1123	60	60	the
ffba658f-caa1-463d-8073-8bbfcaec15bd	597	1123	112	60	rulers
8ae4d7ae-90f1-460a-93bc-ce3f15320527	597	1123	112	60	,
876dd3ce-f72e-4ec0-a28d-63be3c203594	95	1173	114	38	350
e4ecc78a-9906-4757-ae69-8e7bdb059ba6	95	1173	114	38	-
9b3d8514-1dc9-4ae5-99d5-a0545b8f26be	95	1173	114	38	19
323c8b6d-f23f-4098-bc65-31ecc209121e	95	1173	114	38	;
1ae542c8-209c-4e3b-b020-b160dfacb31a	214	1173	138	38	received
19ca3ab5-76f7-4283-8f80-07e68ae36949	356	1173	43	38	by
61687d4a-8363-45ea-bc99-eb43ab4fa4fb	404	1173	76	38	Lehi
6279217d-25a5-4ddd-9a9e-cf26686cd6aa	485	1173	66	38	and
e05d039b-91a8-4946-8bf9-22c5c31ac152	556	1173	154	38	Teancum
c4fd324b-3738-45f5-8b89-aefae644ce50	556	1173	154	38	,
56c4e46e-1312-4f99-a867-0fc821c98c3a	95	1205	132	32	354
41249a33-355e-4381-b919-90d4bb28ed04	95	1205	132	32	-
fd1c8f2b-cf05-4cdd-8487-84bda858724c	95	1205	132	32	13
9d413dab-8a93-48d4-bbf8-98e6e9df5248	95	1205	132	32	;
5e395c8f-aba6-48be-8ffd-f0c99a76169d	231	1205	103	32	Nephi
a31a9a36-7af7-4e0b-85d0-1f6b0f663171	344	1202	88	35	and
4f4d7cf2-406d-44cd-b41a-081df822bc93	436	1202	92	35	Lehi
0c00cc13-3761-4420-af45-60b676bc9eac	532	1202	178	35	imprisoned
11d879d7-a736-4917-8a69-5e4a76796353	95	1230	133	38	without
ee9cc551-194c-40be-bd82-8d11ae16a9c8	95	1230	133	38	,
81e0506c-b773-4f08-86b3-ff8211875454	233	1230	119	38	370
8cf695a5-8270-4b4a-aaf2-0466f0d654da	233	1230	119	38	-
064e9ad1-f020-4dff-a08d-cd68dc3ca232	233	1230	119	38	22
5073817f-198e-4619-904f-272c15039ade	233	1230	119	38	;
96c464c7-45da-4baa-b91f-5104b6e75c0f	356	1230	38	38	of
69f58c32-426f-4bc2-affb-84639e0530a6	399	1230	147	38	Nephites
10959311-0749-45a5-b739-5f7d9a814174	551	1230	76	38	kept
ad2e3887-9c60-4472-af45-361ff3d37823	632	1230	75	38	from
981cf1b8-e137-4507-b886-9815e5e0ef70	95	1259	138	38	robbers
5dc6e328-09a3-4018-9b5d-3bd132dd5813	95	1259	138	38	,
f0f8564a-f3a5-4a55-a867-6e1c673c0520	238	1259	114	38	406
c21df098-727c-43a4-9aea-3e6c41fef778	238	1259	114	38	-
8a05f090-5bff-43c5-a250-8cf57281ff7f	238	1259	114	38	3
a1be017f-05d4-46bb-a73e-ddb7e91d1d10	238	1259	114	38	;
0a9f6dfe-3ccd-434a-8c4c-e1934a5cc729	356	1259	143	38	animals
49952492-6a8a-43a9-8d6b-2113142b0d25	503	1259	86	38	used
4d99a084-4f0c-48b1-89c7-4a2f06d25572	594	1259	62	38	as
a5fd27dd-aa63-4a58-871b-2e4ce6773cf9	594	1259	62	38	,
99b581ad-ed64-468e-80c8-d9810d5288ac	660	1259	46	38	by
6bc7887e-0342-4969-95bd-a4bd8768f76f	95	1287	162	38	Jaredites
9f5d3297-9073-4272-9a6f-d082b357b127	95	1287	162	38	,
fcc6e10c-0f5e-480f-b832-930042853a63	261	1287	128	38	494
5183bc22-544a-4ecc-b493-787e0d41fe1e	261	1287	128	38	-
e2050447-4b68-431e-96d6-8e90271fb6aa	261	1287	128	38	18
7c2ed748-eeea-4d1f-a5e5-e9a6660ee133	261	1287	128	38	;
d7c1de62-897b-4f7c-9d93-b038b261d2e1	394	1287	133	38	hunted
e2bbb4aa-16c4-4e87-9f42-6134c21d58aa	532	1287	57	38	for
92386c22-803b-449e-b72c-d783f9fb142a	594	1287	119	38	people
8495500f-09a1-4ef6-9374-f60333c6c204	594	1287	119	38	,
b0f7530c-24f8-45cd-99d9-adc51d81caa7	94	1318	118	37	497
537ecc3e-cce0-474d-8177-26f0fb55450e	94	1318	118	37	-
50a0018b-cf83-47af-bd94-8708935f03b2	94	1318	118	37	19
9ef24f41-ce01-437e-9e34-b125b5055259	94	1318	118	37	.
451ce3e6-a332-4067-a030-72eaab839b25	66	1347	85	35	Fool
dd4cd1a5-b204-4bf9-8229-23513279162f	66	1347	85	35	,
a2a3d13d-887a-484a-89be-ff2ff2a2bdf2	148	1347	122	35	Nephi
7f226b0d-0dd8-47ca-86f9-aab1e32fdf59	275	1347	101	35	called
96400fd8-5f28-4d1f-8243-53b850691737	380	1347	46	35	a
670f3380-75c5-47dc-85b2-6b78a6df9f16	380	1347	46	35	,
dd3ef730-edbd-4999-ac34-1ff066029dd9	426	1344	108	41	35
960f5f8f-7886-4df0-8ad0-06c08fdae97c	426	1344	108	41	-
c731e0f1-bb54-422b-93b0-b5905ed9c27a	426	1344	108	41	17
f63ae805-db97-4dee-9f96-75c39862ecd7	426	1344	108	41	;
0043b173-87c9-4f11-90fa-e350f5f0db47	539	1344	171	41	misunder
abdf4f74-315e-47fc-ada0-f3e02e3d95c0	539	1344	171	41	-
14edc009-058f-4286-8285-a3fed105628d	95	1375	143	38	standing
cac623d0-b1d8-4e1f-949c-49b971d390a4	242	1375	100	38	Bible
d0a4be93-b50c-4e7f-ac06-9e8614a9d250	242	1375	100	38	,
cc4f90c5-c2cb-46ab-b9e6-1b91f0fcd4d6	347	1375	104	38	101
787f6145-24f9-4b8f-b46b-cce559376925	347	1375	104	38	-
c3ee851e-1a70-4cbb-8f69-04d594cd871b	347	1375	104	38	6
b885d536-f880-433a-8c00-0eeec3145ec6	347	1375	104	38	;
e9f491b3-97bc-4cf4-9318-b2e588c96958	456	1375	119	38	calling
5d8feae7-8981-4f8f-b58f-0da63642c38c	580	1375	130	38	brother
1f5de77c-3c78-457d-abd7-8695f99d641b	580	1375	130	38	,
2e052878-8e6f-48b9-8903-6a976d835c10	91	1404	166	35	forbidden
5b485f09-b184-4387-b6d9-8861c1926ccc	91	1404	166	35	,
bcec7476-f2ed-490e-8ef8-2304c59c45ae	262	1404	117	35	425
19c4d1e4-e0ea-4c7b-8c6d-0a05de146b1f	262	1404	117	35	-
816da45b-6c7f-4b1f-9e9f-95805916ae69	262	1404	117	35	22
a51472bd-a7e6-4ea7-b6b1-24ba0a994057	262	1404	117	35	.
ae2119c3-cab3-432c-998c-cf4dce429bba	66	1426	103	69	Fools
cb5bccf4-9d23-4659-bd05-5e5c7f5a4e0d	66	1426	103	69	,
a318af22-38fb-4c0c-a3ac-8a7f55eca6e3	178	1426	26	69	to
5b54db24-144f-423c-829a-b6085a6c824b	213	1426	138	69	consider
99c5ec8c-998f-4ea8-b5f5-ab83901ecabc	359	1426	95	69	sees
67196674-6b4f-4f06-a920-f700cd6fa58e	463	1426	52	69	23
ad23561f-01e8-40f6-b5dd-2b4ee8a09c02	463	1426	52	69	,
361f1c02-1dfb-4aab-95fa-d615ad631cf6	523	1426	103	69	before
c7ca2943-855f-4c2e-8177-30629af230f7	635	1426	78	69	God
70098206-aa63-4473-b32c-ec116e329568	635	1426	78	69	,
a1ea444a-24fc-45ff-8e43-a16549391eb6	95	1489	101	35	70
38fdacc6-41c7-4b4c-bba0-a62dfb09a5cc	95	1489	101	35	-
8ac2b9ee-2a5b-4d4d-9d1a-7d05241ac58e	95	1489	101	35	42
eb8b1430-74e8-45d5-af35-d9f88a43ec6f	95	1489	101	35	;
b7e9a076-fb2d-468d-abf5-275aef7a5fc1	200	1489	118	35	wicked
13733467-5097-48eb-8fdb-2359c03067f3	323	1489	149	35	Nephites
19b5ddea-374c-4417-bae8-68aaa433cad3	476	1489	114	35	called
90f09e76-32aa-4748-9afb-d33eb936a108	476	1489	114	35	,
e89d6faf-49a4-4c27-b93d-a78a61a7b338	594	1489	116	35	382
d2439ad8-0469-4bb1-86c3-eb2726132c06	594	1489	116	35	-
50acdc5b-19b4-4e9b-999f-9427cfc8bce9	594	1489	116	35	21
782a7bf1-7ee8-4965-ac81-bc0e00e849dc	594	1489	116	35	;
1a4e92a7-8759-4213-b7f1-10e76e5126a4	98	1521	144	28	mocking
6acd6437-6517-4e77-87f9-11bae4b3d78e	98	1521	144	28	,
99413fbd-0ecc-4577-83d4-99b87fd7d483	245	1521	87	28	shall
24c0e880-b775-4abb-b121-a0ed844d731a	336	1521	119	28	mourn
b851ad9f-eb97-45ba-b78c-cb42023bd4ab	336	1521	119	28	,
0bdaa48b-2248-4b72-ba1e-e13b86248728	458	1521	116	28	502
302f4cbd-ecfd-4fc4-9891-340851e44dc2	458	1521	116	28	-
cea268e6-b629-4549-b487-3db8a7e7017e	458	1521	116	28	26
5c92418f-84bd-40d2-becb-0004e33233ae	458	1521	116	28	.
a6e32058-ce75-41e9-ad04-ddca6feb56dd	66	1545	199	37	Forefathers
b8479f9d-3091-4ef3-8280-29e6b8e572c4	66	1545	199	37	,
d80fe341-8bd5-437f-9e19-0f7624b93dd7	274	1543	123	41	Lehi's
0c17a820-fd86-4420-a957-28d22a718a7b	274	1543	123	41	,
813722aa-bf05-4c0d-bbe4-7700966cdead	420	1546	175	32	genealogy
6bf3deff-ee1a-4005-ad4e-6b2dde7d00e7	598	1546	62	31	of
9c611723-680a-42a8-9009-4156b640b235	598	1546	62	31	,
74b8e584-5e3d-4af3-8c3c-80f9e5730a95	664	1546	46	32	on
dcc9ae94-5737-4c93-93f7-97e30e95711e	95	1574	91	38	brass
6c4e21a0-f7e4-4847-9849-31024fff5276	190	1574	109	38	plates
d23ea18b-0d9f-4070-8939-6f63152db304	190	1574	109	38	,
4f868597-45c2-4807-a11c-32b9c8aec58a	304	1574	67	38	5
4da665fc-ccae-4971-92bf-751818fec154	304	1574	67	38	-
57869131-fde5-4f40-af08-089a442e7435	304	1574	67	38	3
c5395d96-bf48-4b78-986d-05e820091272	304	1574	67	38	,
0992be1d-8e69-4408-974e-5fd7e0abd2d0	375	1574	105	38	288
0ce40df6-09c3-4ce4-8f14-74b38998550c	375	1574	105	38	-
07f7126a-55a4-4464-a370-7cc9f8c56619	375	1574	105	38	3
3cc5bf34-bf54-4d16-8f29-f145b53b4243	375	1574	105	38	;
6f6eff08-f498-45af-829e-4fc6ae401079	485	1574	176	38	knowledge
2a4ba2c1-1270-481e-bf7c-020294a545eb	665	1574	48	38	of
32518751-3024-4a40-96fc-767654446701	665	1574	48	38	,
e041a1be-0e79-41fd-a879-9cdaf9dcf165	95	1603	95	32	28
e2ae1b74-3735-4672-9339-646b56a0e90f	95	1603	95	32	-
497caa3d-5433-4764-9724-6fe8af3b7656	95	1603	95	32	14
465813ea-ef7c-4e05-8953-fc77e786acf8	95	1603	95	32	.
a5f87de9-ef92-4128-b7e6-e652f9b81471	66	1631	185	38	Foreheads
4f73d80f-98d5-473a-92b3-01133fddccde	66	1631	185	38	,
e53514b9-cb8b-40f6-8cbb-33b5c9955d60	256	1631	143	38	marked
8bf14866-a86a-4334-940c-81220cc984f0	403	1631	71	38	red
ea0b04c5-1491-4063-93bc-da56653b67e8	479	1631	62	38	by
14c8867e-d6a4-425b-9a76-5eae091ef12c	546	1631	167	38	Amlicites
9954dba1-e6b1-4007-b287-6aace6b895e5	546	1631	167	38	,
aabf6add-b1db-41ed-9342-e119d706e7af	66	1688	252	38	Foreknowledge
56c73c21-9b23-4aef-9a59-ae4f95685586	66	1688	252	38	,
c40f7671-a17a-4adb-b5e2-b62453ebde15	323	1688	38	38	of
cac79a2d-8512-4bf3-8166-bea57c1225f2	365	1688	81	38	God
21c3fe0a-fa19-4aff-ade8-58cd123e87eb	365	1688	81	38	,
176826a4-e464-42ab-ad92-7a3b84d6e099	451	1688	76	38	men
6428278f-8b63-4d35-9fb9-b1757b60bc04	532	1688	114	38	chosen
54109e69-9047-4038-974e-a096bb194ed4	650	1688	60	38	and
f009352f-85f1-42c5-82e5-3415be956e43	95	1713	138	44	ordained
05dc87ec-0747-495b-ae60-52babe2bf6cc	238	1713	160	44	according
c0dd693c-7f50-4de9-8b22-43862bbb8cff	403	1713	49	44	to
9a4be3f7-3f0b-4c9c-853c-62b0a3efcd7d	403	1713	49	44	,
4a5cbc6b-bed6-46ee-a2fa-a6bcfef0e955	458	1713	105	44	228
9f81a0f6-f9c6-407c-9f5c-b588036fac97	458	1713	105	44	-
38122d7e-3c84-4d6c-ab99-4785df3fb24d	458	1713	105	44	3
279a7099-03ff-4374-8cb6-2ecda369c075	458	1713	105	44	;
0435b3a9-bc68-4fb9-a506-ac64595e2388	568	1713	99	44	God's
4fad96e9-851b-4d15-9dcb-51be2800491e	568	1713	99	44	,
e88ff495-f4b4-4aa5-9a63-996030f9c1a4	673	1713	40	44	of
51437cd5-e8a5-4f74-b61c-ea0b245f8b4b	95	1745	48	38	all
e5e0bb00-e2f6-4a45-a5c6-6d8b812deee5	147	1745	124	38	things
12bde82f-bd51-47c0-a2f9-da62d14758a7	147	1745	124	38	,
e98313a2-069b-440b-ba10-3fd8399f1677	275	1745	100	38	228
0c31d19a-00be-416f-9027-d6369b8f7edb	276	1745	100	38	-
6f0abdcf-3159-44d0-a78f-e126199ccaf7	276	1745	100	38	7
d39e5d40-547b-4693-a59d-8948e8f08b18	276	1745	100	38	.
26e609c8-9c99-4ba8-9f5e-cf182eacbafa	66	1770	105	70	Forms
1d844483-7e4f-45d4-bc3a-fc728e0b9d03	66	1770	105	70	,
0a10f3bb-f2e5-4a13-8720-b9f6b85922fe	180	1770	96	70	ene
1fdf1a15-fe23-4b70-b499-608dc2c77051	180	1770	96	70	-
04135532-18f2-4d27-a817-6e5f22b319f6	180	1770	96	70	2
08c61433-3cdc-4616-b97d-61cb310eb7af	180	1770	96	70	,
2540779a-dc92-4491-8cb7-4ffb9d22a63b	285	1770	26	70	to
d68282cf-bcdf-4388-bd5a-87c36df929ef	320	1770	44	70	be
6f7f67e6-8a49-446a-b195-ffc8df19305b	372	1770	61	70	as
4a51ecea-0c82-4a77-88e4-4cdf84c64516	442	1770	35	70	to
54dfd936-bf42-46bb-ae96-ba3c72af8ea1	486	1770	114	70	doran
aeaaadc2-0115-4848-bd2e-6e3ae860b2ca	486	1770	114	70	,
d452ff31-0822-4121-a263-94f93d4f8b3a	609	1770	108	70	293.0
81976fd8-2e91-4c38-a993-651d850e42e9	69	1830	94	63	Fora
03fc00cb-480d-477e-b4c1-982bfb01e320	69	1830	94	63	,
ea17d29b-9a0d-448a-93ac-8f00d839cc4d	171	1830	39	63	ed
b777bd7b-62d1-4bf1-8285-a16ad8d467f2	219	1830	79	63	man
772ad49a-5cad-447e-88a8-50dc80a7fc7c	219	1830	79	63	,
a9406cfa-f174-40a4-9601-da96ee98297b	305	1830	94	63	smal
a002f41e-c9ee-41a9-9593-50077a80b794	408	1830	31	63	of
bc37c62a-4d66-44b4-8d61-b0127109f5b4	447	1830	63	63	the
3c3fb337-ae39-427e-bd39-601aa2468dd1	518	1830	71	63	lord
8ceec683-f0a7-405c-97b6-a34656f2f845	597	1830	39	63	in
68e92880-57e5-479f-a95b-a20971756080	644	1830	69	63	tie
37fc34fd-623b-4cda-9898-0969c3000f74	644	1830	69	63	,
d490e929-d231-4874-a213-809373dd75c2	98	1889	103	34	18
0e453d94-b356-4100-9449-e084cfbe9795	98	1889	103	34	-
6974d17e-4104-4adb-9871-3ba91d902288	98	1889	103	34	11
64c7a464-3f24-4214-933e-e9cb174d6003	98	1889	103	34	;
981357fa-0f42-472f-b9d1-0b2b2ab717e3	205	1889	41	33	of
7e017006-c88a-4771-b6e2-ee0d31c114fa	250	1889	87	33	man
cfaa5d2a-7014-446b-9d51-1db01eeab37f	250	1889	87	33	,
e6035272-24ae-46a6-9e1c-66edd4fab69f	341	1889	78	33	God
149c7e8b-35a7-4b5e-b085-998ccca65fbf	424	1889	41	33	in
956bf650-6548-471e-929c-34ee285d5dc5	469	1888	74	33	the
4f982fad-cdb3-4fba-9cbf-91d0225befee	469	1888	74	33	,
c7f8f9b0-8edd-4fff-b221-219cec29198f	547	1888	124	33	162
d9c8a937-0539-4748-b067-190b4c55294a	547	1888	124	33	-
87266b8c-08b3-4656-8476-9d26ef81e104	547	1888	124	33	34
5c17dbcd-8697-44a2-9442-1e7b123fb59e	547	1888	124	33	;
36090cb4-63ea-428d-aa21-aeeec2dcfaaa	675	1888	35	34	of
ae63435e-d225-4cbf-bd04-e79fcab7ca3a	95	1918	120	54	14
c57d184f-95ab-4d01-8cc1-5db36d2423cd	95	1918	120	54	-
93f484bd-16d6-412f-a5fd-05caa27dcc86	95	1918	120	54	5
8ded10ec-0e54-4940-834a-ec16860b20b9	95	1918	120	54	,
7c325536-5317-4888-9c6c-28a5c1e8f366	222	1918	71	54	Inly
3cd34123-1954-4388-91c7-3c29aff4a192	300	1918	99	54	Chost
349b99ce-b7bc-495a-9884-a8999d5e35c0	406	1918	148	54	manifest
f4970df1-d899-40ff-979d-f70959cb28ae	561	1918	152	54	35433
3da709e1-0528-4313-a4cb-74c8d50683fb	561	1918	152	54	-
693aeefb-ec08-4c00-8c2b-3a87f5fd2614	561	1918	152	54	20
444bc560-c6c4-4f77-ae52-f0bcc2948680	94	1946	101	36	104
5faa1e27-242c-4a93-820c-8257f6ec83b8	94	1946	101	36	-
6e5bb0b1-4f50-45b8-9872-eb880f781c27	94	1946	101	36	8
b275ed1c-f07b-458c-bd3d-d64a2556cb8c	94	1946	101	36	;
c01ecf8f-3f4a-4755-b1e6-fd3458f0a8a0	293	1950	205	25	resurrection
122a163a-a9e6-438c-b7ef-99a0f8390852	293	1950	205	25	,
06f780af-93f7-418b-84a1-8b27d614bf5b	95	1947	116	66	nature
df29f11f-c03e-4654-9580-ea4837080a94	95	1947	116	66	,
64baf931-7ce5-493e-962a-dc2ff9de4d5b	219	1947	16	66	a
a83d7423-42a5-4354-903c-0126eaa9fa41	244	1947	165	66	testimony
e2dc024e-ba17-4dd1-8548-b807546094d2	417	1947	41	66	of
e8f938a3-bb28-403b-bc98-135029ac042c	466	1947	74	66	God
e4a53724-a66b-4de6-8104-75670e24d41a	466	1947	74	66	,
181c6a28-2e55-4bd4-9fdc-043d4c0c701e	549	1947	116	66	272
4b611f6e-a682-4db9-a9cc-3b9fd3baa2a9	549	1947	116	66	-
a36a6327-7b08-492c-af9f-89e73ec0ea3e	549	1947	116	66	44
5b951ce6-fd74-470c-8e12-e505b4304043	549	1947	116	66	;
9d664510-03d4-476d-8dd0-9f47dabd84d6	672	1947	40	66	of
3a84b645-d736-4596-bd92-939d1fd8e92b	95	2004	162	35	godliness
e5c90594-2004-4366-aafc-6e5c66736b9d	95	2004	162	35	,
22c38b16-d18d-4f65-b409-7be03de110d0	261	2004	115	35	514
e5530198-961c-4f15-834d-d6e0ebebc171	261	2004	115	35	-
939ce9e7-0ccb-4ff7-8d45-178674b855f7	261	2004	115	35	30
6fc3c1eb-8dbf-4941-a09e-805fcf2cbe35	261	2004	115	35	.
ba2851e8-3c54-404f-a047-b6e603c2567a	763	283	95	33	461
08d8eaf5-ee07-40fa-b34c-b1fac4088311	763	283	95	33	-
a1dfeb41-5628-4109-bc1c-43e3e9cd86c7	763	283	95	33	4
c8b82be0-cebc-4d56-a620-5508789ca80a	763	283	95	33	.
733007cc-3298-4d08-866f-0cba85de4bef	735	309	204	38	Foundation
c7326a8b-b44f-4901-820b-a65ce9bf05b6	735	309	204	38	,
c4f165b7-0904-4721-87de-83d7f6715641	944	309	52	38	of
6759155a-f476-4114-a549-06eb647dc450	1001	309	109	38	great
c4624fca-1c33-4992-a402-129d2dd7afaa	1115	309	76	38	and
c820f7a9-8bcd-4e1f-95a7-7bb2e9a65db1	1196	309	183	38	abominable
1ed9e626-42ed-4e49-9d99-dcf8d08b8d6a	968	344	105	29	26
7cf3bd25-dfe8-4759-938f-5a3b57517fa4	968	344	105	29	-
8e7fa054-3c2a-406f-a571-03cb2131bfc8	968	344	105	29	9
d37e30ad-e02c-4f58-9010-cefd45e58298	968	344	105	29	;
d3638a73-8edd-4630-b5db-38aba26a5ad7	1077	344	109	29	sandy
f64bed29-4f00-450c-9ac1-54bb50088903	1189	344	193	29	(
cc16e4be-0df3-4268-9063-da20df46131a	1189	344	193	29	figurative
1ff4e840-acd2-496a-be6c-ed68f9c233c8	1189	344	193	29	),
31977d09-8f06-4a43-b7b1-2c0c86dee769	763	371	124	37	100
f5fda863-be50-4ef9-95b2-0f4392473296	763	371	124	37	-
6d7d4dd3-6843-4b08-a8d9-c25e4c8aed36	763	371	124	37	28
4d94c127-7653-4f2d-a50c-9c82f97195b6	763	371	124	37	,
6c107eaf-805a-4700-91cf-f1fe79e93a0e	767	398	63	28	the
8d4481c8-f19d-470b-885b-240cadc93af0	833	398	73	28	one
19fe24c4-6252-4d2b-8b4b-5a725d5d65b2	910	398	67	28	and
d9bb527d-a60c-47a0-a143-65f1ab3f4ca1	763	366	47	95	de
25f08161-57e0-49fd-95d0-4f6f52851e57	822	366	131	95	un
51a688e9-c45e-4344-b81c-b662405b8f61	965	366	36	95	0
e1bba85c-e438-4d3a-bc51-b427a104b789	1012	366	59	95	23
38816154-9a33-45e3-820f-15f64083d471	1084	366	119	95	11413
ce898b57-e76e-4543-9cbd-9846d62f1b6a	1084	366	119	95	,
8dfbf117-e931-4427-bd37-51e49e7dee13	1214	366	47	95	303
5c3f0c59-3664-4ee8-acda-451d3c9740e5	1274	366	59	95	12
53b115a7-7fa6-4935-9ebb-48ff17baa4e6	1274	366	59	95	,
91976d07-1815-42b1-8602-03141b369f35	1345	366	37	95	0
64463c31-9ab8-42d3-811b-711818364be3	763	539	51	32	of
cca1f280-4f8d-41c3-a66e-053bdc7573ed	818	540	66	32	iron
ff2314db-ec8c-4159-be01-95619ab324de	1085	571	61	35	all
bf69fb03-d3b0-4ab2-a6fc-920667885417	1151	571	231	35	righteousness
da29d9fa-0f82-46ec-b61a-7b6672160485	1151	571	231	35	,
7c81acf7-7fea-4c67-875b-1fba8ee76d4a	735	650	184	41	Fragments
26ae89ff-7f44-4b1d-a11c-1c017fe1da37	735	650	184	41	,
a180c446-0028-4b46-9608-aca71b8cf0c4	925	650	97	41	rocks
2f3f43e7-6be5-448f-b322-823f8ddadc0d	1027	650	113	41	broken
4c4c7da0-6d24-4e18-b779-fe8f35f806ce	1145	650	72	41	into
ba4109fe-c2e9-49bf-8736-70db5fc5c655	1222	650	36	41	at
e0e62f25-d5a0-4732-994f-97564dee21f5	1263	650	82	41	time
10cf77f1-7cb9-4d5b-8215-680089e40a5a	1350	650	32	41	of
ae53eddd-cf62-4c5a-ab11-141705bf7cb7	738	745	152	38	Freedom
4e2fc28d-41d3-43e0-8f61-c8bbed92c343	738	745	152	38	,
3d3d49f5-5f27-48f9-a232-a3bb2b4a2d8f	895	745	95	38	from
9dc6ce3c-8ccd-4d72-a8a0-6b5831288420	994	745	166	38	captivity
8bbdec28-45e8-4ce9-8ebe-2696b29a9ac1	994	745	166	38	,
612e6300-2b4f-4f88-b7d9-5470af938949	1166	745	62	38	for
ab771866-db92-4fb8-9591-02766dff011c	1232	745	105	38	house
e7b6430b-5c10-430c-b689-5091cbeb7380	1341	745	41	38	of
4b111843-1a49-46be-abdc-20e2c0cb2107	767	855	75	66	324h7
5c2defc2-b4f5-4e04-a1d8-bfb02babcb4d	849	856	8	66	;
b29a1db9-acb4-4b6d-8115-412ae1ea131b	866	856	33	66	in
c5050603-3d9b-43fb-ace2-2e1d72b40186	907	856	157	66	difference
00049fd7-6c7e-4b7e-be19-46dc50c4cb64	1072	856	182	66	concerning
9fd370a9-2ad8-4a1e-8170-2d2e636dfbe1	1072	856	182	66	,
72a03772-4d87-4b86-8a83-310e05f2fa40	1262	855	123	66	oned
1cdaf287-5182-4d19-b7e4-eefb037262e8	1262	855	123	66	:
d0fd8b23-0a86-43f9-be6b-be9daf31c7c9	1249	889	133	34	348
1a2496d4-95b4-40db-8595-5ce48ebde651	1249	889	133	34	-
317541bb-0560-4409-b84e-3640aa22d227	1249	889	133	34	13
9957be88-daa4-43bb-a126-ae0555cf287d	1249	889	133	34	;
4e5b4c83-c9c8-43b7-b950-a878fb865b31	767	918	141	35	defended
37f75bfa-44fa-45f8-b6ed-dca75d3cf16d	912	919	47	34	by
ec1b3bd2-6397-4af9-9fce-3af174821267	963	919	149	34	Pahoran
fda4da16-7e35-4310-933f-558c0bf3b264	963	919	149	34	,
e9604d40-fc6d-4951-a139-2d9216bbcbac	1116	919	98	34	352
24891b45-c80b-4d5f-bc56-deb11f9d666b	1116	919	98	34	-
ca5b1286-6a77-4ce1-a744-a7b7a15fe56b	1116	919	98	34	6
42e3e28c-2c59-47ce-bfea-bd17f803c1af	1116	919	98	34	,
9eba4835-6f11-4ff9-959f-1e2362666bc1	1218	919	102	34	353
22d7a305-d6cd-4f07-ac5c-d891054d310f	1218	919	102	34	-
9c9cbda6-0dee-4451-8b40-ace7a8ecbe8a	1218	919	102	34	1
351f9bd9-a10f-43ca-93d0-37e58e90ff26	1218	919	102	34	;
3df51c0e-da34-41cf-8161-3c999a999043	1324	918	52	35	de
56b18130-1263-49db-9c00-b3ef1bb27105	1324	918	52	35	-
10164a80-384e-459e-92ab-8fbce938d0e5	763	946	107	29	fended
3f883236-de48-4378-8eef-d9d0a1da8a2f	883	947	168	32	against
f66e0d42-220f-49a4-80f5-ce3eead20708	1055	947	163	32	Gadianton
f8942384-8dde-4aba-8385-2350b1959f8c	1230	944	148	35	robbers
92bacef0-e962-46f9-9189-833fb6df92e0	1230	944	148	35	,
35ce9c29-0f29-4f31-8659-c583cc534335	763	975	114	35	402
69546faa-d76c-4f74-80c1-a9eb4b6e9220	763	975	114	35	-
adeb8477-06ee-4923-bd86-6b748a9ff7f6	763	975	114	35	12
131b8a74-52cd-454f-a4fd-ee12bbb8c7dd	763	975	114	35	;
94069b18-8953-4167-a424-9c2ce9ffe246	882	976	102	34	secret
bec4b2d4-c454-4f49-b261-191292c55b2f	988	976	208	34	combinations
a0278448-b37e-49c8-a318-0d2147361390	1201	976	140	34	threaten
b167eff9-d9a3-40fa-b152-1b722ebee062	1345	975	33	35	to
f1a9fb6e-731b-4823-a19c-2e67b37fd0e3	763	1003	179	35	overthrow
87c9071d-8dd7-4a42-8e7e-0761c13bd6a3	763	1003	179	35	,
56a15aa0-322a-4620-93ed-0da8b2816ae3	947	1003	116	35	493
a35a0c3b-e1ff-456e-ac89-046766d04aa7	947	1003	116	35	-
e1d4a24e-21b4-46ca-ae88-0a26c731bbd7	947	1003	116	35	25
018a143f-708a-4478-8e3f-b531736a01c8	947	1003	116	35	.
9381f46a-39f7-46e8-9769-bb9e41ae7c4d	763	1094	99	34	354
265c2ab7-d52f-4426-a583-d4605cb02ab1	763	1094	99	34	-
23a163d6-0558-4522-9ab9-11d18c143a86	763	1094	99	34	6
a793c9a8-a6fe-4162-8f55-e1e3dccf7f8c	763	1094	99	34	.
c037fac2-5f0e-4c9e-88dd-e8650efae440	738	1126	104	32	Fruit
678344a5-43a1-43e3-bb85-7f241d9f3582	738	1126	104	32	,
8bba57d5-f223-418f-862f-d30b10fc7af8	846	1126	164	32	desirable
fa1b77a2-4ea5-46eb-8b2f-eb23ff06cdc3	846	1126	164	32	,
d38a148c-83b7-4a69-8b23-1cf1c5b9e56e	1014	1126	84	32	seen
152fe232-012f-4906-ab2f-9449c18ac59a	1102	1126	48	32	in
47d0e48c-2a9b-4702-b6b0-112132d7b9bd	1154	1126	112	32	Lehi's
8b2aa8b6-46ef-444c-a983-95af91731da1	1270	1126	109	32	vision
96a57cb5-1bad-4c95-bbf1-5c5592271058	1270	1126	109	32	,
5b28dfcc-42ca-4cc6-bef9-a849399f84b7	760	1151	118	95	11
c0b7f03a-ba8f-4503-99bb-68e2a49eca47	760	1151	118	95	:
d1f81981-6fad-4d30-8962-138fbae43e31	891	1151	107	95	20.1
ba243155-b122-4306-a778-3d3dc533160c	1009	1151	273	95	13122927
4a9d200b-5d76-4b88-9bc9-6a0354715536	1294	1151	91	95	d
5eb44168-a3c1-4d87-a2e7-b9caac0a7f69	763	1183	126	35	bidden
e9facb65-a221-4ae6-aaa1-93cba3b4f2f0	763	1183	126	35	,
ea478805-5ae2-4c2d-963c-5227b6260791	767	1211	112	32	117
6fc98a1b-d91e-4b63-99df-fe868198e992	767	1211	112	32	-
5a983bbd-ba48-42ee-b2d9-dddce6bb8bd3	767	1211	112	32	26
ebe8047f-729d-4a85-b5ab-6d7d761d1dd0	767	1211	112	32	,
524e4be7-8a88-443b-84b1-1babb2b3895d	883	1211	108	32	207
8fc8c508-fe44-4921-b5e9-7f16fcc028c4	883	1211	108	32	-
c3407b91-c859-462c-a316-d5644836d9c1	883	1211	108	32	36
b41377fa-a724-45cd-a20a-6bbb8365aaba	763	1237	115	66	216
d1ed3908-1dcd-4720-8195-ba1a1ede0347	763	1237	115	66	-
d3199849-b365-4919-8a4d-1c7b31ca010f	763	1237	115	66	12
8d730b9e-6668-4232-9383-c7187d2d93d6	763	1237	115	66	;
52a67c6b-5631-4611-a461-b1d111ecc2a9	887	1237	116	66	bizter
83317d41-307f-4cec-af21-41ddd39704a0	887	1237	116	66	;
9c842082-c416-46f4-8753-47ffc2b53cc0	1011	1237	49	66	is
d2c3bfe3-ca92-4a65-94d7-2f6bc066c850	1068	1237	74	66	tree
5312a931-5c01-4be7-8239-3c6eea5e8a06	1151	1237	41	66	of
f40b6a95-a7b1-4a44-a3e3-ba2af6c3a10b	1200	1237	74	66	life
bcd86a02-f246-4bb0-81cd-0a605065942e	1200	1237	74	66	,
e9238f96-d4f6-45b1-8eb9-288bbcd70bdc	1283	1237	102	66	30
ba0d10c1-5d0f-49e1-8eeb-bd6e10000cb4	1283	1237	102	66	-
265d5e58-a0ce-456e-b1c7-ae103d8b40cf	1283	1237	102	66	36
ce633524-1ed5-4b86-bdfe-c967da9e99d9	1283	1237	102	66	,
b00808ff-1c1b-40d4-8e64-bfa89409aa7f	1018	1353	141	40	263
961c104d-568b-49a1-ae09-7f20edbbcb0c	1018	1353	141	39	-
b12675d5-b464-4e65-bf65-7d816bec64f4	1018	1353	141	40	31
c5bc3e3f-1bcf-432a-9897-a4f0e9d58dcb	1018	1353	141	39	,
0989dc86-4c59-47d9-9a3e-385d5d9038a9	1163	1357	141	39	296
60419762-148a-4c8e-a22a-f4b73bfd1e81	1163	1357	141	39	-
96a74ed7-b75c-4052-ae25-99393709fbfd	1163	1357	141	39	26
09398d67-8e84-4914-a1ad-03b1d3d7ea2a	1163	1357	141	39	;
23fb6eeb-8c10-40f2-8e4d-9dc53f935a6a	1307	1361	69	38	men
5f4af5e8-b325-4347-8cbf-0eaa55918214	763	1385	113	35	known
219bb383-8a8a-4fcf-a44e-1a1b871ef20d	881	1385	48	35	by
81eb2611-3e2c-40a7-8964-79da7f0a950f	934	1385	92	35	their
789a9a7f-5230-4e3e-855e-4a3589a95f83	934	1385	92	35	,
1a224d46-0194-4229-b1a0-13ddd12a8161	1030	1385	112	35	428
a877385a-67de-4028-8240-99d378067955	1030	1385	112	35	-
437dddcd-35bc-473a-ad48-ac456583ce59	1030	1385	112	35	16
ff2fc17c-2510-4d56-b7f6-4dec1e0f01c1	1030	1385	112	35	.
d478ff39-a38c-4c71-849e-1fe5bae6d83b	738	1420	140	35	Fulness
b1b420af-2270-4251-a9cf-f459cdc4218e	738	1420	140	35	,
924c14af-8ef0-42ea-b16d-302cba889842	883	1420	38	34	of
2575680e-413a-4546-8bb3-2779cbf29f2d	925	1420	119	34	gospel
4e81297c-29b1-4ffd-9497-6f3b7eeeee82	925	1420	119	34	,
12984adf-1c0c-4b3f-9280-60acf8ff8f04	1048	1420	102	34	17
3f4108bf-08b6-4d73-87da-578a83836428	1048	1420	102	34	-
3324e70d-cc96-4581-bec7-42a836932087	1048	1420	102	34	14
60774c5f-21bf-407b-bda7-a1cf76904295	1048	1420	102	34	,
40ca5136-beeb-4815-9583-74e1f721b6ae	1155	1420	119	34	441
37457720-29f7-44b2-8282-1c422a7497a7	1155	1420	119	34	-
07bb1365-352d-4a45-a761-6c8fa932ece5	1155	1420	119	34	28
4898beac-e90c-4355-8cbf-873995646739	1155	1420	119	34	;
9932a524-c03d-4d58-9305-bf5d0eb41036	1278	1420	42	34	of
f8df5c28-76fe-4685-865d-023e64076be8	1324	1420	54	35	the
12ee959e-88cc-4c78-9792-c44c01ab7bc2	1006	1445	119	29	430
7680fb9d-fd0f-45e5-bc84-ca7bbcf1d0f9	1006	1445	119	28	-
b46d832e-7142-4732-aee7-62a787359a9f	1006	1445	119	28	4
450e1424-02e6-4467-965d-193487d438c4	1006	1445	119	28	;
6b3c9185-e050-4792-9fc3-e1a93461600c	1129	1445	42	28	of
208581aa-bb36-49ec-a0ba-f5015a1adb51	1174	1445	60	28	the
df4ea2b8-8fc0-42a3-8ce6-64e649a7b53b	1237	1445	105	28	wrath
3a4e7440-02c2-43cd-b6ef-d4be936dcbe4	1346	1446	36	28	of
1fd5c429-f471-47f8-ac24-e512a1d03bb3	1202	1475	130	34	494
53858916-7b75-4d05-985e-3916b5729c21	1202	1475	130	34	-
f573ba77-a35a-4799-9f61-fad03cb92296	1202	1475	130	34	20
333fca13-5c7e-4950-a056-1c91889cf9eb	1202	1475	130	34	;
799dba54-88b5-41aa-b6a1-ca513341f516	767	1467	83	73	And
831be169-386e-41b9-93e2-98987f06c251	767	1467	83	73	,
5fb64c71-79d4-419b-850f-3b38edd60fdb	858	1467	155	73	32
a0006583-4b57-415b-b83b-5140399a09e6	858	1467	155	73	:
4bb34a13-f0d8-418c-8066-1310c79e0b01	858	1467	155	73	35737
d380fe3f-492a-4def-8a26-b85693fb1328	1023	1467	46	73	61
1cb55295-55bb-443b-a70e-2a4b56b8cdea	1077	1467	64	73	031
910549c6-2c11-4d76-8761-26252a486563	1077	1467	64	73	,
756f4967-dd6f-4bcc-ac7c-de1dd642e1fa	1150	1467	109	73	451
3c6ad062-ae47-4fa8-a5f9-f0e5cafa86e4	1150	1467	109	73	-
fda4560c-5f91-4a9a-8889-35e0772dc0c3	1150	1467	109	73	30
14c6d82c-da14-469b-90f4-3659c63dcbf8	1150	1467	109	73	,
70761209-3505-4ea3-8a51-03f17bda9567	1269	1467	113	73	432
9f366dfb-9a56-4204-af35-814d3a008eca	1269	1467	113	73	:
6498bace-7c1a-4720-b7b4-1563b254b8d7	1269	1467	113	73	10
7671e984-7bc6-47c3-a455-2b25b0c1f857	1269	1467	113	73	:
b3c6268b-8491-4c56-afa4-bef737426a7c	741	1562	107	66	Farman
75cee0ac-2e71-4b81-b02a-73550170713b	857	1562	41	66	as
4ebbf4d8-ef7c-4b5a-a263-7fb868daba6c	906	1562	206	66	armenon
bef07e73-668c-4983-8c54-38fd656ff875	906	1562	206	66	,
986de98d-98d1-4ef8-a8a9-3e46e4b54d32	1121	1562	99	66	1383l
fac11255-b062-4f7f-88e3-195edd5830f4	1228	1562	58	66	the
8f1c5ebe-729c-47ab-8e24-8f0e653d91db	1294	1562	88	66	thiee
80a27e3c-b02b-4144-ae52-a1bdadfae8e4	767	1622	149	35	disciples
8a98f4e2-1bc5-41b0-8e41-03393750f864	920	1622	81	34	cast
92703c1d-398b-4e6d-9834-efc11c9acc0e	1005	1622	81	34	into
03b74f7e-fa7f-40db-9e0e-2b60274bd99b	1090	1622	42	34	a
adaae358-4d1c-446e-a805-ff25c2c70fff	1090	1622	42	34	,
5cc9e1a1-529d-4bec-a8c5-7357cd2ce5c2	1137	1622	123	34	453
3b7aaf29-4d83-4527-859b-18b393b114bf	1137	1622	123	34	-
cd09a9f6-80b0-4fad-8176-ad74adee31ee	1137	1622	123	34	21
f46fb9a8-750e-4de7-ad6d-b239a7c0b427	1137	1622	123	34	,
90033fc5-0493-4d98-ac13-c65f2b291b40	1264	1622	118	35	458
80fddbf8-b062-4775-afc5-1fa955d5b06f	1264	1622	118	35	-
3bd00198-cc7e-4a2a-9846-cf47571f25a8	1264	1622	118	35	32
0a2435fc-5aec-4189-b8b6-3ffa60de7651	1264	1622	118	35	,
cee7006c-8422-4e01-bb3c-00d511ff992a	763	1738	152	38	executed
177c4c5f-b561-4ad6-b206-eb32e4c51bef	763	1738	152	38	,
6d547c75-8270-4a44-8a16-f1a298b6c339	920	1738	118	38	443
0b3c38f3-73ac-4ca5-b24b-d10817ebc1d6	920	1738	118	38	-
d97209fd-ecd5-4095-a002-09e70095ef06	920	1738	118	38	21
cb486a2b-1dbc-4c1b-8d54-26882e78c463	920	1738	118	38	.
3c4fe97f-0d0c-49cb-a048-125e4c48f9b5	1019	1826	114	33	417
1fefd6cc-0cd0-484b-85aa-4201db130fec	1019	1826	114	33	-
534c655a-c6a9-498f-b936-e610d831fd3f	1019	1826	114	33	8
7e6cdd0b-ff38-49da-b79a-4801b501a57e	1019	1826	114	33	.
2353cdab-1d47-4830-8e2d-6ccc1158c1ff	738	1855	176	38	Gadianton
72a361e3-54dd-45ed-bf6e-60d95ad38280	738	1855	176	38	,
6abfa916-eceb-4cc9-b5bf-c6d2654af0c4	919	1855	109	38	expert
6070ac90-2b6f-491d-8c1c-105909df3391	1033	1855	43	38	in
5279de26-205e-4171-818e-952f37d69ec6	1080	1855	195	38	wickedness
82975e91-b2b6-4cf2-a27e-6aea0300e356	1080	1855	195	38	,
d097ed4c-5fa1-40d9-96fb-f79b7241faf1	1280	1855	102	38	362
d3facb68-d9ee-4acb-895a-7e5de3e454a5	1280	1855	102	38	-
1d2c96fe-1f1b-4913-b18d-e53fe0a27027	1280	1855	102	38	4
08c286a1-bc54-4cb3-8e52-2f200237f079	1280	1855	102	38	;
21271a9f-5ed8-4be5-a331-06ad1c012b21	763	1887	181	63	overthrom
b43c1856-4040-42aa-9634-fa9325eae8d3	952	1887	39	63	of
1c907eff-696a-4ee4-baf1-ca3bac23bf86	999	1887	126	63	pample
66be36db-a6cf-4762-ad85-c108007b30a9	999	1887	126	63	,
f3781e18-e55d-4d0b-bc0d-f2a072423d50	1133	1887	134	63	363
470eb803-a44c-40c7-8e5c-d7289e62dde5	1133	1887	134	63	-
0165f8d4-7856-4eaf-bf54-942e8885f92e	1133	1887	134	63	13
e6d10589-9289-43d0-b7e5-86329775b33f	1133	1887	134	63	,
b8771832-646d-40c7-98a6-f321ac7778e9	1275	1887	107	63	secret
