ID	X	Y	Width	Height	Text
71ca3da1-3912-4019-8673-f47d3d957ef4	640	98	145	35	INDEX
4ae87d56-b025-4f10-bd65-7490d8551363	1306	101	73	38	551
457b30c0-57b6-44de-830f-0ae3d43b82e6	63	158	105	41	Goats
96964d42-38c1-4045-bf21-f502adaf44f0	63	158	105	41	,
7531fe9c-9e84-41ba-b65c-8f1df8bc2ee1	173	159	95	41	found
45caab32-9dbc-444b-9644-1f41b05b2d88	273	159	85	41	upon
d5d32312-23ec-4474-8465-0ce6a9efac7a	363	160	150	41	promised
b377c453-a4f9-4a69-a7fd-5ee5fbb38a14	518	161	80	41	land
61eec044-407a-438b-9760-7a579cb4c8c5	518	161	80	41	,
3616d14e-8849-4dd9-9107-f8cdcad05390	603	162	105	41	40
a983da11-7b78-4feb-9134-f43f32a027fb	603	162	105	41	-
2216de42-e08f-45fc-8ff8-879879cf10ba	603	162	105	41	25
cdfa0392-afb0-4035-bb33-ddfae99be30d	603	162	105	41	;
e97ce757-e1bc-46d6-a12b-3bf76ed53b94	713	163	10	40	|
6a61cf0e-0eff-44ab-bc8b-5edd2f3d343f	728	163	100	41	Heat
282e848f-5ff5-4306-839b-621ceda1ca95	728	163	100	41	,
0fb41467-8759-4c29-a2d4-4e5868d1d699	833	164	150	41	fervent
7f27cde2-1bed-4824-8d2b-7bdb01e8a372	833	164	150	41	,
2b3278a7-ed7d-406b-8274-8fd094131884	988	165	50	40	to
9c5c641e-59c4-4c63-a6b8-cf84d9e1d183	1043	166	95	41	melt
ca7f71b7-4ded-4396-af9b-77d3ccf3ff66	1143	166	70	41	the
129a0eb1-2d9b-4c9f-83ce-922b7a1e0487	1218	167	161	41	elements
ea6e63bc-ff47-46a2-9a7d-38e53df98ab6	1218	167	161	41	,
0e08f4eb-3fe0-4ff3-8619-80eb8e69147c	88	189	104	38	raised
d4de6422-5ec3-494c-8d33-058d22e9b4b6	197	189	47	38	by
a811e65e-9f63-44b8-b3ec-1afa21db52d4	250	189	157	38	Nephites
0b19f5aa-de23-4827-b205-e02ee52ca226	250	189	157	38	,
ba7a1701-559c-4c8c-9b11-580135594614	411	189	116	38	127
476163b1-2405-417a-b83a-e71104b8100e	411	189	116	38	-
2d5cb67a-c690-41e4-9147-26b2c41dd356	411	189	116	38	21
528878cd-2af5-41bf-9fb3-cb3266054c04	411	189	116	38	.
5a904313-d10f-471b-bba6-a0dee8fe6ec2	757	192	97	39	448
9ff0948c-bf35-40b3-bec4-73d5348c95dc	757	192	97	38	-
6c902deb-212e-4cfe-b39f-be28b5a20703	757	192	97	38	3
f318a8be-8f65-4cba-a9f4-83327d13ba5f	757	192	97	38	,
89079332-f4bb-4e21-8f6d-1ff39d478013	859	192	104	39	475
e68648e3-d0e5-4021-b05b-164902e09814	859	192	104	39	-
6d221888-4af9-44d3-9b98-0ec601c31095	859	192	104	39	2
95056230-9575-43d7-b1ab-4fdb2e72274e	859	192	104	39	.
c655ab72-a41e-4285-a007-bdc1873f368c	63	221	83	35	God
bd9c4acd-020b-43d0-a074-f401988ef211	63	221	83	35	,
e526d294-4444-4934-999e-f3ef95e60f80	151	221	87	35	love
de57eeef-124a-4404-89cd-2f91958f8947	242	221	45	35	of
266c53d5-dc97-46b8-ad7d-ea6add0059d2	242	221	45	35	,
d93b7e23-4d43-40d0-9d76-d3a9341299d1	88	218	99	66	yields
15285da5-40ce-4504-a815-75b8cd091b4a	195	218	107	66	himse
cc463fe9-b5c9-48ac-a89b-241d778d5d9e	311	218	50	66	up
67998e79-46fa-468a-a2b8-d494294d67c2	369	218	33	66	to
2d812a33-22e8-4ef3-b6d7-62044bf304e6	410	218	33	66	be
817da0fe-67c4-4675-a524-b9577e509fcd	451	218	148	66	stucined
65ed0f07-fa80-423a-8be7-8b95e2b1302e	451	218	148	66	,
2779a41b-97c3-4e2c-8299-f5eac0a92375	608	218	102	66	41
c83e023c-1608-4af6-9b82-30f1782dda3d	608	218	102	66	:
93caab74-a783-4442-a356-61c9418a6c96	608	218	102	66	18
8a5501fe-042b-49e0-819e-31e93b110795	608	218	102	66	;
d98633b2-7c64-417b-950e-59cf2fea4d1f	88	278	39	35	to
67e6d9bd-740f-417b-ba5e-ada54ef8aed8	132	278	44	35	do
bbe5f869-f0bf-4074-9a77-2d9d1578f1f6	180	278	171	35	marvelous
42815dd1-2997-43de-8c74-5abe90f42092	355	278	87	35	work
d7dc6435-d549-4213-bfab-a802e28acf38	447	278	114	35	among
6688510f-da25-433e-a43a-7bbb39627778	565	278	142	35	Gentiles
699f7d1c-8908-4ac5-a905-3c64ebb9ad1e	565	278	142	35	,
b99c1aef-cb02-4fd6-b673-4aeff9ea6a41	88	306	96	35	47
f09ce059-9a13-49f8-9deb-8ff1c4d56a93	88	306	96	35	-
63b29720-5dd4-4e53-bac2-0b9cc15453a8	88	306	96	35	8
d325444f-7f26-4952-b663-bf767e21ee80	88	306	96	35	;
194959e2-7abc-4e9a-a2e4-a5e112be036b	189	306	162	35	greatness
d2a78771-0167-4887-aa78-ce6ea26a80a3	420	306	116	32	52
4a3d5ed5-4421-4492-b412-fecd90728311	420	306	116	32	-
76b76659-e182-407b-b7d8-46a6cbbd77fb	420	306	116	32	2
cd075a6a-0a29-4204-927c-d74b9b67e673	420	306	116	32	;
f5c95d25-33c4-4632-8440-127f13d787e6	540	306	163	32	command
3bcb3f98-941b-4192-b4e1-662e33688853	540	306	163	32	-
8aed5a50-e012-4ba7-948f-1d5b7ac57f1f	88	306	98	63	ments
81c218cf-d2c3-4431-8d8c-850b0c1d73be	195	306	90	63	given
d3dea2f2-3817-4443-9040-28a750d5aad8	293	306	57	63	by
5809156c-2f67-4908-bf26-a9dea7371248	293	306	57	63	,
0c0261e3-1990-42f0-bfd9-0bcce8a7151d	359	306	98	63	54
767818ec-9fac-4b23-ace0-9cd9fa9aba60	359	306	98	63	/
d1991fc3-7475-45fe-bce3-9174a5a70192	359	306	98	63	21
407ce05c-f466-4d13-8f5a-fa36475b34db	359	306	98	63	;
781c5de3-e9e2-4dd1-9d78-1e84d49b9796	465	306	49	63	sin
01f3e1ea-596f-4be8-895f-1f2febf095f8	523	306	181	63	abominabl
e2e51ca8-de8e-40b2-bc95-2ef8c683e232	88	363	92	35	unto
d6675dd7-28ca-432a-bc26-b0e78d0e7572	88	363	92	35	,
7c539dd3-1bb4-483b-811c-8f70f7a70ed6	184	363	105	35	109
dc6ba009-2d5b-4281-9da3-eb8763b5df65	184	363	105	35	-
23e232f2-13c4-4e91-bc8a-1f5541fe4024	184	363	105	35	5
0701aec4-c242-4b8d-b438-652bbddb1590	184	363	105	35	;
0fd2808e-a2af-4190-a01c-56e379d7ca87	294	363	175	35	commands
e52b0020-5811-48e4-9a6c-0558df02891c	473	363	96	35	there
36c83bbb-ac75-40f6-8add-ea687fac2c01	574	363	87	35	shall
3cb671d4-463d-4d60-a3b9-5345ef8fd47b	665	363	41	35	be
0148ede3-d34c-4ef2-8b0e-6e2e1f79b36f	88	385	35	70	Is
34851bc7-7054-4ae2-bc6a-052f307cf53d	132	385	245	70	unstantabe
79628f49-cf47-4ff8-a489-eb3af4f5e718	132	385	245	70	,
cceab89b-054d-4381-b579-d4f00b53a9ca	386	385	52	70	317
6427b651-dc53-432c-95f0-5d0c991a3178	447	385	35	70	f
dd30a949-2c38-44c9-9004-da0736815b33	491	385	140	70	miracles
555c8d30-917f-4461-b81d-f9c34f7c02f4	491	385	140	70	,
a507a608-2abf-4a20-9b44-9d970dcb53e1	639	385	71	70	476
6fa84001-ad55-481d-a14a-c54f54284054	639	385	71	70	.
9c794b97-d5ce-498c-a3be-b529cbc84e75	63	454	105	57	22
331340a0-5562-4c46-8698-0e92be4d63da	63	454	105	57	-
fe72b0eb-e414-4ebd-b0f7-51d83f59c754	63	454	105	57	7
5cb3b1be-c227-48ed-83a8-e0dfaf75581d	63	454	105	57	;
92697464-08b0-4e50-8877-9f9e98dd284f	175	455	105	56	sound
4a4c3b26-ffcf-41b7-9d18-adcacb9fe662	287	455	42	56	in
75299557-a306-47cd-a3c2-bf2a951cf8a7	336	455	161	56	promised
0f1e8941-bdbf-4364-99aa-db0074911795	504	455	84	56	land
f9d87ef1-3f6a-4195-964d-c173662e0735	504	455	84	56	,
4829edfc-48d4-4d3c-a1b6-f8080c1d3489	595	454	108	57	40
720637e2-abc0-4f02-99c2-bbe0b03218ea	595	454	108	57	-
3dea585c-194e-4255-b373-ab25fd5b03d8	595	454	108	57	25
911bc812-410a-4a0d-85c9-9e2c174e84e7	595	454	108	57	;
24fbad96-fccd-4f8a-8004-3736ad7e956d	88	483	97	60	people
c3469d25-68ac-4027-afaf-28e48ab64ed3	193	483	120	60	taught
ea22cca3-f1a4-4495-a832-5f86bb46dc46	320	483	45	60	to
a8e74a27-a2e2-4ee2-b79c-2aeb0967aceb	373	483	82	60	work
0c9435c4-8ad6-4eb6-8d7b-c518872f07af	463	483	45	60	in
7fd4b360-3049-4865-8dbe-fe4969d22759	463	483	45	60	,
dbc9a7c1-092d-4f64-a52b-2ef5342b8d2c	515	483	105	60	01
e47e918d-c574-4917-aa0c-09e3fbc1e0a4	515	483	105	60	-
93f74075-8647-4b61-b93d-a9b508d41ae2	515	483	105	60	151
bf20aaaf-2220-4c26-9d00-762355b006e4	628	483	72	60	peo
821f155e-266c-4f51-a750-61e7544ef292	628	483	72	60	-
9d85548c-0c97-43ef-ac3d-be4a1fc8f26d	88	537	55	35	ple
8fd39b5a-a885-48c2-9566-a91d127d7b64	148	536	92	35	lifted
d0ecf9cd-8d34-4933-867d-61aec608d1f3	91	536	45	60	Ple
570e2454-7cd8-46fc-90a0-d5af9c88269a	143	537	90	60	stop
89479d2d-e9b2-4fb5-816b-47a945c6f3dc	241	537	52	60	up
829698f0-0b20-44f2-85fe-f2a06cbe60c5	301	537	30	60	in
3bae15b2-95d5-4812-b12e-9bf4fa8d513c	338	537	97	60	Linde
d3d48a11-19ee-444f-9c32-e935c5833263	443	537	67	60	be
baf2f92a-7d15-4137-8b64-6d1f10b6f7d6	518	537	127	60	tribute
34508a44-9c2c-48d6-a289-452c37915708	653	536	47	60	ot
9e3ad9d6-87d4-4cc9-b5c7-9027126ce28d	521	568	136	32	tribute
a5be90c9-a647-4096-9b00-d334b0d1c893	661	568	46	32	of
a31a8f4c-642a-4f83-bc3c-2a98d86d3dea	661	568	46	32	,
b4e83666-8b80-48af-a13f-de39c5dbff04	731	361	116	39	Helam
9629ed88-fb61-44cf-8bf4-dbf265604605	731	361	116	38	,
7f0051e4-96e2-4b40-a3fe-1cafcbb398e3	852	362	28	37	a
1c2ee123-fd80-4e0b-a136-c0b17add847d	884	363	130	38	follower
87b9ad64-a8e5-44e7-82c4-dc7ce5ec4f65	1018	364	37	37	of
daead92e-097f-4690-8283-57c945d6c327	1060	365	79	38	king
b4050c0a-c7fb-429a-bbe3-53451889ae84	1143	366	93	38	Noah
08ae62ae-5590-4ea6-aa8e-3fb476dcd5cb	1143	366	93	38	,
0ddeb5a4-4a37-4835-92a9-bf045a0bae30	1240	367	136	39	baptized
bb01c6cc-69f2-46dd-8d25-34026e700424	760	394	54	32	by
d4be2846-b4cc-4be9-8eed-6486531483f1	818	395	105	31	Alma
36e0772f-0e3d-4540-9ca5-ac7e1d0d1252	818	395	105	31	,
19b23fc8-2f4f-4de1-b4a0-6cf2117e1705	927	394	111	32	168
2234aa02-677e-4aab-8dff-225a0db9898f	927	394	111	32	-
7714e5df-cf4b-44ee-8771-916d39e2fab0	927	394	111	32	12
48a14957-29b2-4780-9d24-c75bf9b6df48	927	394	111	32	.
6acc8768-807a-4aeb-b820-f5856f5a8b5c	735	420	118	35	Helam
756efaa4-171c-4358-b888-fffcd4f7fa3b	735	420	118	35	,
8d78172e-9599-4879-92d1-7d07018e503d	858	420	74	35	city
90ede775-5522-4007-982f-5ba44a4623c9	936	420	44	35	of
3408e465-989e-441e-9ff3-69002a23516f	936	420	44	35	,
694cc777-4e6a-4bc6-9bfe-cd4209f6d7eb	984	420	113	35	179
a440a69d-93f1-4dde-904f-9b7b4518b5fa	984	420	113	35	-
66b78620-4263-4461-9030-a4077472adcc	984	420	113	35	20
ff966521-5831-441d-9c9c-05ea205730e1	984	420	113	35	.
c359e8de-3765-439b-a03b-b9f2c5879026	735	448	149	70	Helaman
43e89deb-acca-48ac-84a5-1db1652e4ac0	735	448	149	70	,
7459a882-2ffb-423c-aac4-0bf1535c0bc3	893	448	70	70	Son
cba072a2-a827-4068-936c-753a08423213	971	448	35	70	of
8d77b782-7ca5-4431-a749-04bd125466c5	1015	448	79	70	king
37ea730a-8062-4d91-918a-4ff83f9f51bb	1103	448	166	70	Benjamin
57f9f64c-9eb0-4000-ba33-8365a5203dc3	1103	448	166	70	,
a3c64fe1-e984-4fc6-bcae-9e07d7934f9c	1278	448	104	70	134.2
c420cfb3-ff05-4315-bf77-361317d8c63d	1278	448	104	70	.
4c7e7e5c-942e-4a41-8d40-b624465aca0c	735	505	153	36	Helaman
209571b1-eecb-4990-916a-b42ffd124688	735	505	153	36	,
338c4fc1-19e4-41f0-aeca-219e89e03cea	892	506	64	35	son
72b5f004-e948-495d-adb2-e26a1be71f54	960	507	39	34	of
d7f67194-4743-4117-ace6-fdac059a20a5	1002	507	98	35	Alma
e7f3bb48-d1d1-424f-8d06-2fc0f6702cc2	1002	507	98	35	,
335870ac-acce-48dd-ae03-1e60ebaa09b1	1104	508	102	35	274
0fbda364-e9e0-4ff4-b2e1-6e6488787989	1104	508	102	35	-
058c548f-0946-4719-a40b-39c9d7f0b4ad	1104	508	102	35	7
47a0e6e4-2a24-4eeb-bd10-d70f63fa4b7d	1104	508	102	35	;
93e14dab-4528-4c9e-ae1f-abc3e62994d4	1211	510	165	36	instructed
9e0b101c-3c71-4087-ae56-86572e908c41	918	536	123	35	286
47446f8d-f841-4b68-9c8b-c6e38b90db53	918	536	123	35	-
87a06abb-5b69-48b9-b12e-8202ba55266e	918	536	123	35	1
5ff0f078-ad92-45ca-a7f4-d5a447b7d6bd	918	536	123	35	;
a07d3c4f-2177-4ee3-86bf-420905cab9f5	1045	536	141	35	receives
dc60c0c3-05e6-4c9f-85c5-3a642ecc0238	1192	540	74	35	the
237d7f90-ca88-4692-b1d7-76d3aa09e90d	1271	540	108	35	plates
d41d86c5-3366-4ac7-98bc-50ec8ec02d99	1271	540	108	35	,
4abe2c2a-0eb4-4590-8b5e-cd3373eb230e	760	536	94	63	288
6be3b3a6-f2cc-48bd-99c8-149ac00f6059	760	536	94	63	-
d47ab15e-f575-4503-835b-e0d773b45260	760	536	94	63	2
2196b6bf-2a78-4085-ac53-c234eedf439e	760	536	94	63	,
c7f74339-3873-44cf-8a28-e24f6cbe8ba7	862	537	118	63	239
84500949-e4e4-4cec-b312-0c3f78713919	862	537	118	63	-
ba46b2ca-1ad5-428b-a802-71c6481e0660	862	537	118	63	21
114f5d37-531c-4aa4-aaf5-dc19b88a08cc	862	537	118	63	,
46ae13f0-6e79-4c18-a1a8-de80f68eb457	988	537	55	63	324
1a8527da-8735-45b4-b78c-fa711ead661c	1051	537	55	63	sec
6abce467-3eec-4a48-a3c7-56f163f6969b	1114	537	150	63	torbidden
863c4e58-b9d3-4895-82cf-5545efc464ff	1272	536	104	63	plate
21de6b5c-6953-41c0-81d4-6371704d7625	1272	536	104	63	,
803173f8-28ad-425d-9e51-d7261bbf0ed1	88	597	115	35	171
dbbdb769-b476-4216-a810-47a21b171755	88	597	115	35	-
b18a8297-7602-49fe-8df9-34d103b410d2	88	597	115	35	15
05b4c0d8-79be-4dc5-b14c-8ccffbaf1844	88	597	115	35	;
1de8107a-4172-4fe1-86ec-2edf20f0aa1f	207	597	111	35	people
c89d64c4-d9e2-4fd4-a807-111d113b391c	322	596	81	34	have
66510524-94ea-44bf-9a3a-03bb2f6f54a7	407	596	174	35	abundance
1456d4ca-ec83-4524-b8c0-6ff73363762e	585	595	47	34	of
f48434ff-fdae-4fab-a8e9-8198ef8a73a9	585	595	47	34	,
189e398a-480c-4f7e-bbac-aaf07e401983	636	595	67	35	197
8c813475-30f1-4d59-a914-42fffadf6fae	636	595	67	35	-
12242554-e034-4dc0-8dd4-4fb14489ea2c	58	646	113	102	Cond
a9097d7f-78e3-47e2-baf8-d19b4a944d73	182	649	39	100	to
fb393562-fc21-4f98-a5a6-b32ce23cc4f5	231	650	101	101	de
53539750-30f8-470f-878c-b419f2211e2b	343	652	163	102	entice
8b8a75ca-9620-4a8d-b00d-18abed901e48	343	652	163	102	,
1731b2d2-3683-49b2-8071-87f142557584	516	655	113	101	2341
c0d114a0-7bfc-43c5-b7b5-749ab461f201	640	658	71	101	pre
c963174e-6dd2-47d5-afe3-8cacb1f9cfb5	640	658	71	101	.
1b5484c6-a67d-45da-8e36-3489a08617a0	57	883	207	38	Government
dd01e642-e17a-4eeb-83c2-0ea2441aef7f	57	883	207	38	,
48df3761-b105-4006-8ce9-a1e0311707f4	268	885	194	37	overthrown
d94fbb4e-aabc-4970-b006-ccddfdcca733	466	887	45	36	by
8c26106d-ebee-4800-8a32-f75e0cd032a9	516	887	104	37	secret
73f3f58e-cee3-4116-8ba0-597a72458c05	624	888	80	37	com
19664b78-c490-4807-aad8-90a237fa7d96	624	888	80	37	-
724f4b60-3522-46cd-83eb-a0dd79894d7b	63	915	157	63	Governior
f97fe692-faf8-4913-a97a-6467e8c013af	63	915	157	63	,
f209c995-83cb-4e55-8ac2-4ea6491723f6	228	916	87	63	Alma
91e85bd3-0438-4f94-9769-8f01354b163e	323	916	71	63	the
7a926d54-7d71-4e06-b681-7504d2411cd9	323	916	71	63	,
cc9a4651-a69d-49b6-9553-6a5cbcfb78b7	402	916	118	63	199
561a7033-ba61-48ed-ab5a-aa1e6a85af20	402	916	118	63	-
c1040580-d846-4c75-8745-f879c126c5be	402	916	118	63	16
2e79814c-d105-4a1a-b420-b7e4f3620675	402	916	118	63	;
992a7d95-a4d3-4b08-aac4-668c09044573	528	915	173	63	Lachoneus
b5c3ef44-1d63-4cc4-891e-21276e2b0332	88	1029	142	38	Gentiles
7751248e-0f11-4cb0-8ef4-09ad216206ab	88	1029	142	38	,
0ffc1d8e-d59c-40a8-a6d2-eb4095944df3	235	1029	118	38	prayed
31530670-d233-4b5c-9c02-20709212a6d9	63	1086	122	35	Grapes
debdc2ad-3ff2-45e9-bb51-a7b053b5db5c	63	1086	122	35	,
3be7147c-bf50-4167-89a2-8549d975daa1	190	1086	66	35	not
24e98f71-6f62-4bfc-b534-c390f9d1f94b	260	1086	149	35	gathered
10d5d88b-8a18-4fd4-8799-a97cf7723982	413	1086	39	35	of
37858492-39c9-4b65-b34c-95faa41824cd	457	1086	123	35	thorns
9a70d7f0-0d90-49f0-bed9-926afdbaea06	457	1086	123	35	,
aaf5746f-e936-48b8-b210-24b51179fed4	584	1086	117	35	428
64cfab00-e28a-43a9-8795-7da3042dcbdf	584	1086	117	35	-
b7e80a34-c094-4d19-9136-32e59fb30ca2	584	1086	117	35	16
8134e261-2a5c-4424-a6c1-93aa58642ec6	584	1086	117	35	;
9114a957-46d5-4a86-a616-f92441b39bae	88	1113	80	38	wild
18fcd5d4-32b1-406c-a746-8617219003ea	88	1113	80	38	,
62581f73-19da-4f62-99ea-deb5939b0bbb	174	1113	166	38	figurative
d1d5254c-4672-46ea-bd27-061a8264716b	345	1113	38	38	of
fcb9b278-7fcd-4807-b9b9-cb1b264b4165	387	1113	143	38	recreant
113d665b-2cfe-4a4d-89a5-a5638b534b5e	535	1113	109	38	Israel
8e0fec1b-b4a6-4fe7-a46b-be5e4a5c86d3	535	1113	109	38	,
2b8e2aa3-f2f1-4d05-93c3-feddcd6b0654	648	1113	55	38	77
ce373464-e96c-43ee-bcf4-d6353136fa43	649	1113	55	38	-
b2f7e140-6888-4a60-9db0-370f8a07ad20	85	1142	35	35	2
3cefb187-0ef7-457c-bd8e-1811acac7136	85	1142	35	35	,
5f313074-f12f-4241-855f-004dfa95ad2f	124	1142	37	35	4
234c908a-71ab-4150-93d7-a45a6a366f8d	124	1142	37	35	.
580a41c1-86a4-44a7-a3d5-e9ed41304c69	60	1170	108	32	Grave
87907013-407b-4bf8-8ef4-3cb3eab23fbb	60	1170	108	32	,
3e34e9fc-af54-4ead-a35d-0b4cb44ed2d8	172	1170	52	32	no
cef5423e-e5d5-42ba-a711-66bc47a057fe	228	1170	136	32	traveler
8c5dd02e-f384-458c-b46e-63a50cd8db23	368	1170	64	32	can
d87c5557-80d6-4567-894c-7dd3c6b6de02	436	1170	112	32	return
733a9597-1a49-4fda-8933-dd03ea23af45	552	1170	92	32	from
c1fe95dd-8872-4578-b1d6-4ad16d744270	552	1170	92	32	,
1c3daf6e-3b86-4c5a-a04c-060b9b27d2fd	648	1170	55	32	51
d77ec12c-8824-4f81-8253-19d6571a365d	648	1170	55	32	-
0858f44d-1e97-4671-b1e6-ce6900c85424	85	1199	52	38	14
26f692c1-0361-4d98-aa33-dddc15f7b4a1	85	1199	52	38	;
02fab0cd-e939-47b9-b0e4-593256135b66	142	1199	95	38	must
768e282a-f828-47a8-8590-d956f01be624	242	1199	119	38	deliver
a04ac5aa-4ad8-4623-a37d-7f8ce35ec287	365	1199	48	38	up
3f7193e2-6975-47d6-899c-7bb90a5f4892	418	1199	90	38	dead
a16c759c-1022-4df0-946c-a601b0671f98	418	1199	90	38	,
30334b0e-d5c4-4256-b57a-ca625050ca77	513	1199	105	38	67
b25aeb2c-a3c8-4ad3-8b40-14e956bd85d7	513	1199	105	38	-
414068d2-54fb-4613-8731-597b381b9d09	513	1199	105	38	12
50a53a99-e0fc-4076-a387-9b9d433c1c2f	513	1199	105	38	;
48d32f62-c57f-4211-8ab0-d2ef4d1e7135	622	1199	82	38	shall
8fdacfb1-976d-4794-9bfc-e5a85d8f1bb7	85	1230	88	32	have
d4bcccc9-c4b8-41ab-80ac-a704dfbcb426	177	1230	48	32	no
3e5475e8-c7f0-4646-b5e9-1b14865801f5	229	1230	136	32	victory
2237c284-ad95-4ec6-9404-89d8fc119f29	229	1230	136	32	,
58f6e4e7-eed4-41a9-b70b-0fb635b9a908	369	1230	117	32	252
08647b9a-9160-4681-be82-cfbabf21fed6	369	1230	117	32	-
d295504d-674f-44d9-a626-90324ad81ef1	369	1230	117	32	14
31c56975-f0ad-4dd9-ab78-df0aacca3b42	369	1230	117	32	.
78bae086-327d-4197-abd6-a8cb34d85b71	57	1284	95	29	Great
cfd6b93f-747c-49fc-94a8-02f7f14e3b5e	59	1249	122	60	Graves
156b0613-c3b2-4de5-81f1-7bdd6f2cccbe	59	1249	122	60	,
7eb5550f-f7e8-4e5b-9c2e-7256098e3729	187	1252	130	60	opened
85045911-ada9-4330-9a8c-4db7296e9137	322	1255	158	61	ominable
59d67a04-8eee-4c0c-a032-6bc43ddfd99e	486	1259	151	60	church
0c30c855-dbe2-4cec-953e-3c1d076beff9	486	1259	151	60	,
61fdf7c4-321e-45ef-aaf7-60f6e8635f47	643	1262	62	59	see
3f8b99c9-5be4-41dc-bbc5-8c2c38eaeccc	85	1312	124	32	Church
3f91784a-f792-4953-acd1-91d6188a058d	213	1312	44	32	of
83c7f0f3-360e-41bc-a3cf-69a0fd3eeb88	261	1312	64	32	the
ddde0355-cc44-416f-8977-d7b72ad634f6	329	1312	103	32	Devil
b5fb279f-444c-42f5-a17c-bf674bdc9bd7	329	1312	103	32	.
f554e908-a2e4-49f2-8710-ad0f38a82c11	57	1338	97	98	bai
ec7b743b-3f0a-41e1-9bb3-a2921b7d8b24	166	1338	97	97	2
fad1a87d-cc32-4d2b-8827-974185a723ff	166	1338	97	97	,
b2cd8979-0b02-4678-84b4-76701bbf8bcb	275	1338	121	97	17
4f759233-e893-4a0c-9bc0-c21da39134ce	409	1338	73	97	oi
92ce14f5-8b76-493a-844d-6cd2d9ca00db	409	1338	73	97	,
5a91ced3-30a2-4a13-8110-507181f87ec0	494	1338	109	97	24236
564b5f44-8349-401e-abae-9bf63e598781	494	1338	109	97	,
cbdc62d3-2c54-436a-ae19-2d19868a34fc	615	1338	95	98	3259
552c4254-ab31-4008-bf02-7bf25037a392	240	1429	55	29	to
d8bb915b-c40d-4ecb-978f-f7ea6f930a28	298	1429	91	29	have
1ab4050a-0351-4586-8d88-cabbfaaf9b3a	392	1429	36	29	a
7b0c00e2-4131-4ec9-9a92-49811c78fc73	432	1429	232	29	consciousness
1e4c8649-5fb8-433d-a40f-0232d9ae34d6	668	1429	36	29	of
48fc46b1-7b8f-4ca4-8f3b-bd1d21d4f5c5	849	678	119	28	order
bf7464f9-9c31-4fde-9f8b-90ef35e5d5ee	971	678	35	28	in
783136fb-cbb1-4a8d-a390-1cd3ce02d2bf	760	675	102	63	saades
590b3122-dc9c-45e7-ae9b-bbe6cb812d96	870	676	110	63	people
7fadde76-f03d-4dbb-8f3a-7f2f01c7f88c	988	676	31	63	of
accf605a-3be3-4b32-82e1-69eeb1dcc6b3	1028	676	134	63	Ammon
b8d6c5f1-14f6-4d37-8425-6f9d5d79031b	1169	675	212	63	301
88e386a8-1f07-4e05-b854-a66b677da54e	1169	675	212	63	-
bb8e3e44-60d8-425c-9c59-67cbd41ef6e3	1169	675	212	63	30
e38f05b6-73fb-4cb5-87a3-a1fd2fa652ff	1169	675	212	63	%
9d677f39-07c9-4586-92a1-a2e7108a4604	1169	675	212	63	reak
4dce2554-17bf-4d41-addd-bbc23e6abb9c	760	735	134	63	montes
af8d365d-c030-442f-86ea-d5ce9a581769	760	735	134	63	,
ffaf66b1-3583-44bc-b041-3b702f039539	902	736	118	63	332
ace8355e-1905-4ab6-ba4a-a3ebb7bbf3fa	902	736	118	63	:
5135f4ab-5c83-4e3a-9aa7-a8ddc119784d	902	736	118	63	19
572ad1e6-9094-4a15-9781-e0a2b7edc791	902	736	118	63	,
9ee6957f-66a2-4ef1-a4a7-4ae5ae140065	1028	736	102	63	writes
1290c685-a868-4082-b7bc-3e92e51989f1	1138	736	31	63	to
670ee2ee-0ffd-4cc5-be3b-c7ef13e6abdf	1177	736	71	63	sos
1955e167-564e-496f-90c0-afc4da62e6a6	1256	736	47	63	of
186b8719-3005-4d74-84e2-158a1ff9d236	1256	736	47	63	,
af33e4a0-dad1-4185-89f9-706d5eb606b6	1311	735	67	63	337
e48840c4-bdef-4c1d-8646-e530cb5a4e94	1311	735	67	63	:
610e8617-fd6a-4cbd-b6ff-11aae6e12df7	766	790	33	29	1
f40bcc22-7382-4360-8e42-4547bb3a84c6	766	790	33	29	;
bb7adabf-ec71-4f8b-9626-f0e37919f018	803	791	124	31	assists
356d6ea9-bb2b-4f26-a137-ca89cde33273	929	793	142	31	Antipus
757a9211-3cfa-466d-ba8f-7b51d7c65afd	929	793	142	31	,
00dca33d-f399-460c-abe3-9f6f4ce379f6	1074	795	106	30	338
fd2db000-b573-4d3e-a201-5244498c1bec	1074	795	106	30	-
0732cb64-f373-45b6-bb7e-6e2bbbea2a16	1074	795	106	30	9
43abe761-791a-47b5-b111-0419b9cd4ac8	1074	795	106	30	;
73c14540-7ec7-4b56-b257-ab0b06044c30	1183	796	145	31	marches
ccc00651-7105-409d-9c9d-f33fc788c199	1332	798	41	30	by
60a01eb3-ed92-40b8-82e8-92e52f5afb58	767	824	164	32	Antiparah
1690d3f6-fe24-42a2-bec9-8bc56ce0cb05	935	824	48	32	as
69297ad9-ae69-4b60-919b-0d1155ac11d3	987	824	36	32	a
d2d8d5ba-738c-4cc0-8ec0-e0ed65cd0c59	1027	824	92	32	ruse
58c39316-53f2-487c-9263-a4235c3d67f6	1027	824	92	32	,
bb475d46-dad0-4b5e-bb75-0587a56343e5	1123	824	128	32	339
1607730c-69e7-4d9f-9ae9-d8f38aeb589b	1123	824	128	32	-
5e562436-d00e-45bf-9b85-bd30f5d81202	1123	824	128	32	31
b0950f8c-8ef3-4c23-a42b-7f922d08c0d3	1123	824	128	32	;
28386919-d20b-4185-a290-d0bc76a24f13	1255	824	120	32	returns
1bef2411-790c-45f6-a204-cadd6dfd8e51	762	845	45	32	to
48ab1c2d-cd16-45a4-a128-aeb2e82c474f	809	848	81	33	help
901366de-9448-4d94-be5c-08bb2edbf8d2	893	852	83	34	men
73ed9e96-ea00-47e1-a7d2-c7031bfb0411	760	901	85	62	tions
86e9a5e3-b6af-444b-88bf-24ae3f5ee133	851	902	39	61	as
325f92fc-38fe-4b7f-ab37-eed25660c193	897	903	191	63	merchange
b7769564-2bb4-49f3-a62e-832fa28f5042	1095	905	39	61	di
beb0a14e-8cff-4b05-899b-705348b7b616	1141	906	161	63	prisoners
d5721a70-01a7-4334-888e-caf49ff7bb22	1141	906	161	63	,
fde79b6d-ce09-43bf-ad0c-477e492fcca8	1309	908	71	62	341
ed99c1fd-7f1c-4729-ae5d-b38f09187f38	1309	908	71	62	-
724f8fc7-8646-4a2e-b83e-60a9a12a1a00	760	966	39	35	2
2383e200-e1e3-4b17-955d-c4f305f983df	760	966	39	35	;
3208fc4a-ffc5-4793-a8fa-1518dd14a749	804	966	96	35	army
dd042ba0-75c9-4ce0-af57-be785ef23ab7	904	966	53	35	of
25fb0a0e-efbb-423d-8af6-35710ec97bae	904	966	53	35	,
5df732e1-eecb-49b1-8cea-cbbe0e83550c	961	966	228	35	strengthened
028f867f-923e-4d94-9440-e1ff085d737c	961	966	228	35	,
ea004476-039f-4d61-a003-e87a4069995f	1193	966	109	35	341
2edbd87f-c1af-4e25-8a66-a144fe79623d	1193	966	109	35	-
6ba5174a-4a98-49b0-87da-2b28ea809de3	1193	966	109	35	6
bea21286-9313-4367-b61e-ac03ab31f066	1193	966	109	35	;
279d9cdb-c251-462a-bb52-cae3827e40dd	1307	966	69	35	sur
85e50045-6d4a-4e6b-8d1f-6b46ad565e46	1307	966	69	35	-
222de1af-7c27-424d-b5da-75fb07068e12	757	994	118	35	rounds
c163bd76-f4b0-4cda-8954-f1bf8c13111b	880	994	131	35	Cumeni
f15c532f-ac21-4e41-8e85-a9662b4259e0	880	994	131	35	,
3d42338f-c1cc-454f-ab4f-ecb3de2d8c63	1015	994	101	35	342
894a6980-fd55-4fa2-a763-3a2630f0aff2	1015	994	101	35	-
4906a661-311b-4e48-b1a3-9222439da0f8	1015	994	101	35	7
127d9146-b275-4b70-b312-0de8ddc5e764	1015	994	101	35	;
d5ac22ad-ea8d-4865-a576-63accaf02657	1120	994	162	35	complains
b5142368-b622-423f-b710-ad6c7a8bfab9	1286	994	92	35	about
d45ffec1-15d9-4352-aa6e-17c93bfb2855	760	1022	188	33	indifference
eabd9898-37e3-4410-991f-2af44dad33cd	952	1024	32	32	of
67b874d1-e239-488e-bb53-ef135c318cba	988	1024	60	32	the
cf463a43-e1e5-47af-97b3-a87222eb7d8c	1052	1024	108	33	rulers
c0cede3f-c4ad-4eb0-86de-dbceaeafb856	1052	1024	108	33	,
50d956a7-6b2d-4874-97cc-f70df3194dda	1164	1025	100	33	345
332faa46-c586-41f3-a18e-8bf11567eb25	1164	1025	100	33	-
d05bae12-712c-446a-8bec-02c5e14160ad	1164	1025	100	33	7
9e079d3d-3ae7-4a54-9075-6bbd707a0603	1164	1025	100	33	;
9b320da0-0a5a-4853-b69b-fcf018b3ab4c	1268	1026	108	33	decoys
d8caa2e2-cf17-4f7e-bb05-cef22a50716e	760	1048	175	70	Teamanstes
00a5d75a-c39f-4a10-8c15-22bd81b30931	944	1048	201	70	arMani
4c1b14a2-d247-40a4-9b99-d8d1874318ba	944	1048	201	70	,
d409fad7-4c43-487f-b8df-b3c86a6a0b54	1154	1048	140	70	4357.42
6094b43d-cfbd-40d9-a21a-fa9d16f68add	1154	1048	140	70	;
023fbdf3-be4c-4f5d-b4e4-bb0d3fb0052c	1302	1048	79	70	8.18
3083edc5-767e-4500-808f-ac086ad3e977	1303	1048	79	70	,
57df39a3-1b6f-4c07-b8dc-8b70ad60ea2b	760	1108	114	32	358
43fb8657-9219-4b2d-a6d9-2641d2839600	760	1108	114	32	-
fa283db5-0e4b-4751-8b40-f5b5105d9aaf	760	1108	114	32	52
db40d6ab-d98a-4351-a730-ab5773a06e5f	760	1108	114	32	.
814a1e2c-9e49-49b0-98e3-b47505b77bd4	757	1224	118	35	365
df46d908-602a-43b6-a3d4-cef8d14cbf69	757	1224	118	35	-
e8503592-1bce-4a11-9660-7eaac53d245b	757	1224	118	35	20
3e2a5d82-fe6d-4236-a6f3-6730f5a2d29f	757	1224	118	35	;
c29969c2-9d7f-4ca2-9414-bf0dea5f3bb3	880	1224	66	35	had
5031eeb9-a549-454c-be50-25e35def1dbf	950	1224	171	35	instructed
9624979a-930e-48c9-8220-5e64f2ba2df5	1125	1224	57	35	his
9207c0f0-1f73-4a22-84c5-49f25ac22da4	1186	1224	87	35	sons
5145dbd8-6827-43a7-b268-283e333bff77	1186	1224	87	35	,
cf0acce7-63d9-4fd9-88a7-10aaa3405249	1278	1224	98	35	369
39936380-cbd8-4a59-a11c-f91d28b71623	1278	1224	98	35	-
59230c3b-8e20-4da4-907f-992c333efec7	1278	1224	98	35	5
69ff53af-46a1-4722-8b34-ef2f8e122b82	1278	1224	98	35	;
15ec3b46-875c-48fa-bcc4-40345e52acb4	732	1255	118	86	Helen
d5ca452e-32fb-4b63-a134-27502795a739	732	1255	118	86	,
3d001896-71f8-4230-acdb-a1f64f931b61	861	1255	54	86	one
da65431f-25a3-492e-8b3f-b5adc71b44d2	926	1255	32	86	of
50a9006b-e676-4301-9d97-b92e87f3302b	969	1255	54	86	the
a7a244b2-1b00-4671-ad6a-65423d20b0f9	1033	1255	150	86	brethren
3a717015-d486-402e-b060-11005c514091	1194	1255	32	86	of
751d5a3b-1a79-4b60-903b-bda64ce57c72	1237	1255	138	86	Ammon
63160490-a94a-433d-9dbc-e199d175a46d	1237	1255	138	86	,
48608798-9010-48e8-a456-99a6592abe45	732	1341	86	38	Hell
9c800d8e-3dd7-4e51-964a-19be613feddd	732	1341	86	38	,
ba059178-0b54-4efc-9226-87d754b9d074	822	1341	86	38	devil
69233f20-abc3-4ad9-a6f4-894d47080bb8	913	1341	95	38	leads
d6cd55b5-bcf5-4c28-a8df-5e07aa141dbe	1012	1341	95	38	souls
ac75ee09-8eb7-476c-b6c2-05ad0bf47092	1112	1341	38	38	of
00920a57-547f-4271-9317-4d9eae951775	1155	1341	76	38	men
7714fd75-23dd-41d6-a349-047486e7e375	1236	1341	52	38	to
79de7a15-c996-4f2f-a1b5-3e29fb246853	1236	1341	52	38	,
d0a741dd-fa19-4384-a137-120c1e48a1af	1293	1341	86	38	25
ae5d1cc9-a405-4763-950b-9c7aa94f90d8	1293	1341	86	38	-
f846d94a-cb57-4560-86ab-a136fac2cc99	1293	1341	86	38	3
ad0b8804-cf9a-4850-8a8c-fa617e68ac4a	1293	1341	86	38	,
4c343b59-f851-40e7-beb4-53dd8be48fb1	760	1369	99	38	55
a1dad491-e493-4110-88f4-2244edb562f9	760	1369	99	38	-
aac75ea6-895b-40f7-b0e5-4ffe5fd7b369	760	1369	99	38	29
40f529db-1ebb-412e-85ba-50c22813716d	760	1369	99	38	;
b0dae143-79a7-42fc-9c77-ef418b198b3b	865	1369	142	38	spiritual
42ceae75-2c21-4fca-9a54-71059efba1c5	1012	1369	100	38	death
7d0661d5-6db1-49ee-a594-e3ead0876394	1116	1369	43	38	is
0a317528-3097-49ab-8304-be4e9b020311	1116	1369	43	38	,
1aaa8c9c-d457-4d67-bd02-2b9881b3f8a2	1164	1369	105	38	67
ccc5fb91-0f31-436e-866b-7ddd5bd78466	1164	1369	105	38	-
d0ddfe18-fae0-46c2-a0f9-e548a7485c18	1164	1369	105	38	12
00cfa1b0-7d54-439a-a723-dff40cf69f18	1164	1369	105	38	;
06bf51f8-9d57-4749-9cc9-bb22b9971a0f	1273	1369	43	38	to
abf234df-9e5c-4504-9e2c-8c173b8df07d	1321	1369	55	38	de
b89f50ab-becc-465f-9a71-cba693331ca2	1321	1369	55	38	-
7da6edce-2a90-4ec3-ba57-ebc13c181cda	757	1398	84	33	liver
d5f3b0e4-6dae-41bb-bc12-e5e34cbd49bd	845	1399	48	32	up
8e723f10-1ecc-47c6-ae4c-2698f3740e2a	897	1399	52	33	its
4d454dd9-4f5d-4887-af6c-4f5eef7b4ea2	953	1400	88	33	dead
d73ddfa2-180d-46c8-9381-2b5c02e11fbf	953	1400	88	33	,
99a901e9-e92e-400a-b3eb-ff83746fe0e2	1045	1401	108	33	67
e1050fa3-712d-4aa5-85c0-daad2ad25418	1045	1401	108	33	-
919bdbcd-d52e-4396-ac53-2d3e04576e2c	1045	1401	108	33	12
e5242b15-d605-499c-842c-ef5e88632fca	1045	1401	108	33	;
c1d946fb-1f75-4f17-ac53-a50bbd1deb55	1157	1402	92	33	pains
393b2cf8-36cc-4f30-9339-5490ca7209e4	1253	1403	48	32	of
b8d8562b-3656-4c4e-a891-ec5f5d5ba28b	1253	1403	48	32	,
ed960315-50e1-46e2-a232-7c6b403023c5	1305	1403	71	33	113
d7cefde4-45b6-4282-9215-0de137aa3383	1305	1403	71	33	-
7719984c-a558-479d-9c55-9f8678a73c62	132	1511	107	35	475
d6d2663b-2cf3-43ac-aad5-97a9f0038e57	132	1511	107	35	-
89925683-2855-4d2b-b549-9e8978ecec40	132	1511	107	35	3
e85c7ea3-219c-4dac-b3d4-3cf61d49f7b2	132	1511	107	35	.
9845ab74-3b1e-4d85-98dd-ff701685953f	60	1540	115	35	Guilty
e3f38bf8-dca0-4351-8397-6a8feff6349c	60	1540	115	35	,
e01c3182-740c-4f64-b9e6-750daad64edc	179	1540	77	34	the
d42e4aec-b2a4-48c8-a815-6487f6b65a91	179	1540	77	34	,
5ab2a931-9882-47d4-9e5b-3f1d92c128e7	260	1540	81	34	take
44847c94-0609-4b63-aad2-24ab95719f9d	345	1540	64	34	the
12262009-0a66-474f-b15f-531622e59e43	413	1540	98	34	truth
eac96685-32a5-412b-a525-dc1b625ee45b	515	1540	42	34	to
b5b5941e-b176-45a3-8f10-64b806a7fe21	562	1540	51	34	be
af007294-cf23-4ccf-adc3-137680269490	617	1540	87	35	hard
11964b23-40ef-450d-a17f-a37bfa51f8ce	617	1540	87	35	,
18c1bb4f-b97b-43c5-9ec5-231364f4ad0f	139	1596	114	35	awful
a6db817f-c648-4446-9e48-0b341f00ded6	139	1596	114	35	,
93feb47c-249a-4e7e-8233-b800ad8080df	257	1596	162	35	separates
32d31755-12ce-4254-820d-a89fcd5da70e	423	1596	118	35	wicked
4968ac59-a8cc-44cd-81bb-5d70daa21a36	546	1596	83	35	from
d5a26bd8-a4b6-4e02-85ce-c1d13b42adbe	633	1596	70	35	tree
5a322a5e-053c-4e28-bc07-1ac67e0b5aac	54	1682	129	38	Hagoth
584546cf-68a7-42d7-8457-55a840a8837d	54	1682	129	38	,
a735ec9f-fc7b-4d1c-a221-771232b266c4	187	1682	100	38	builds
f8b55c36-8784-45b6-bbd1-a188d88f6fda	292	1682	62	38	and
af3bb9cf-69d3-4bde-ab93-ca7d22a8101f	358	1682	143	38	launches
d50d8340-9efb-4914-8ddb-b41db2d671ba	505	1682	95	38	ships
d8248dad-b20b-4670-be2f-28e532e31555	505	1682	95	38	,
7e04dfc8-8d0a-4e78-8b0d-5ff7b6e3e9a9	605	1682	98	38	358
a13be4c2-2ebd-4524-a6ac-58f405e7e559	605	1682	98	38	-
d7ab8342-29aa-46e5-b273-72ed29ae51f8	605	1682	98	38	5
d063310e-c0ff-41f5-87e4-249409e8df4e	605	1682	98	38	.
57041a9c-11b1-4fe0-b30c-06c892809ef8	57	1738	180	37	Happiness
5079ae46-98f8-401f-89aa-ac70a5959b03	57	1738	180	37	,
aa7315ea-d16e-4f5f-9082-14daf732e4ed	57	1707	210	73	Happinessite
dc8c022c-b7b2-4c90-a3e8-8b1759f959c8	276	1707	100	73	people
332da7a9-bbd1-4950-b5c6-046a4ecc168c	386	1707	18	73	o
b369c014-27c6-47e4-913e-0c70574d61ae	413	1707	82	73	lin
f10f6e63-0d25-4ca6-a47c-2072b32f948d	504	1707	91	73	ush
db50f033-cf1c-4233-801f-793804e91585	604	1707	102	73	158
6e661497-c1ea-40f0-8b09-ee04e14605b7	605	1707	102	73	-
91811716-021a-4b08-9ddb-3ffd5f970878	605	1707	102	73	4
31feddeb-e0c5-46d3-8f8a-6eb3315abcf1	605	1707	102	73	,
9429f053-223e-4515-9e8d-bfdfafd98f2b	57	1764	81	73	Hari
017cc962-a972-42b6-b8e2-e8388c506175	147	1764	45	72	25
ade1eaf4-362d-4b3f-a03b-ba9ca5c3bdcc	147	1764	45	72	,
1cb7e34e-ca77-4e43-8ad8-ebc118fd3a87	201	1764	108	72	priests
c7b1a914-8b90-441e-9c3b-c4396c52ca2d	318	1764	36	72	of
16b01ce9-7da7-4aeb-8ed6-841a1c8e82d4	363	1764	72	72	king
c5206b84-0176-4383-9360-f902897c732a	444	1764	81	72	Noah
390d204a-8317-49ec-a573-d6e8b56499eb	534	1764	90	72	with
3f603e89-e76e-4d06-886c-0d88392ae844	534	1764	90	72	,
d3589900-e92a-499e-95e0-08496cca7746	633	1764	70	73	156
6dfe0f99-5124-4755-a9f8-69c0d74615d4	633	1764	70	73	.
ff14fa33-57d9-4b03-84b4-53151183be97	82	1827	61	35	14
d60de945-8aca-4245-a634-330ebd45d421	82	1827	61	35	;
3de2ffea-d085-4d48-ab72-5ec731f2a2c7	148	1827	114	35	Isabel
66a9d337-7c6a-4982-8a6f-24f3460f6fe9	148	1827	114	35	,
fe8f6904-df7c-4f1e-9719-7027f15ff11c	266	1827	103	35	293
3d35fa77-34a9-4bd9-9944-b3f025db712f	266	1827	103	35	-
66cafdff-a81b-44dd-9249-1c22126bb8c9	266	1827	103	35	3
6335dce3-7ab3-4f8e-b9ca-6d52496e6d3d	266	1827	103	35	.
d8a37968-2889-4bb1-b0d8-d0cefe0047c3	82	1912	72	35	ites
97a4638a-444b-4743-9e69-6e451039e290	82	1912	72	35	,
2c78df96-f189-4259-ab6b-fc6172108076	158	1912	119	35	508
de3979e9-dec5-499b-9346-d3892f35890e	158	1912	119	35	-
2562cd99-42c4-4807-a085-f4e8ff744d86	158	1912	119	35	15
e05c1dee-2208-402a-8f72-4062f15769d2	158	1912	119	35	,
69bcf914-b80d-4bcc-9629-5cd24a2f25f2	60	1944	133	38	Healing
4fec21fc-94ee-4462-8694-a3a9a9541879	60	1944	133	38	,
7cfe53f1-668d-4305-8907-86b0ec1f6616	198	1944	43	38	of
01b3fa5a-b15e-44f6-82a2-2632523a5885	245	1944	143	38	Zeezrom
1f6a5c09-20b5-44a0-865f-397eb4599374	393	1944	52	38	by
0646e8fc-6dd6-4370-a513-88cc12b06d4c	450	1944	100	38	Alma
cb5f9770-c057-4e06-be7a-a2a9af387b11	450	1944	100	38	,
d443d0a9-8a15-4586-89ee-ee03f71d7439	554	1944	105	38	234
8bef7f4a-b4f2-4437-8524-54341349a580	554	1944	105	38	-
68698ad3-3dea-406e-91b6-351e9be7613a	554	1944	105	38	6
51ef42bf-4a4a-4cba-9c0c-f5d7eaf9b8f1	554	1944	105	38	;
ef47e7e8-dc95-41f0-9f73-7ff8901af66d	663	1944	37	38	of
be2845fa-2c5d-4e80-ac48-7b517cb9fc2e	85	1968	68	33	sick
85c4ccf7-d676-41aa-8418-03335125dc82	157	1970	64	33	and
f3d06709-3ad7-44e8-a597-39842c9f8043	225	1971	128	34	afflicted
6e6a074e-95ac-4a76-a454-ac9b4d010e07	357	1973	48	33	by
bbd84d39-93e6-4778-a9ce-dfee0631d23c	409	1973	112	34	Christ
e215b401-f42a-4952-befa-03b5fcf3eedb	409	1973	112	34	,
6df1b933-b16b-4524-8ec1-bc2136272ecc	525	1975	100	33	432
a4384c79-6989-4d87-a1d3-7cb619f6e929	525	1975	100	33	-
3b501385-6f02-4428-976c-c4741b586ce1	525	1975	100	33	9
ce2cf211-0f6c-4d38-9f31-edd57e60d9a3	525	1975	100	33	,
6d2cdb3c-ce26-40fb-a410-7258b0d28dd6	629	1977	72	33	449
6c8d1c91-0b8c-430e-baa0-564b0cbed63f	629	1977	72	33	-
8f7b09c0-c719-435d-9b84-3a16c6ab534f	82	1997	56	41	15
43ed9e5d-6d78-435a-9207-dd80e480c28a	82	1997	56	41	;
47f613e9-56be-4853-8ee0-7d1e9c2f51cb	144	1997	46	41	by
434c808e-eb42-428b-926e-cd914da62ac5	195	1997	62	41	the
2e56e183-deee-4d4f-9220-65cf34c5e41f	261	1997	149	41	disciples
5f773055-b373-4752-a595-716091f15bf7	261	1997	149	41	,
03040464-541a-4d6c-bf65-e300e8e9f2d7	415	1997	102	41	456
e5019c75-df68-4d1a-ae83-9ac1f44827b6	415	1997	102	41	-
c923664c-3397-4228-9fae-ac674d3b8797	415	1997	102	41	5
f4903c12-d66a-4499-90e4-8d13d63fdf3b	415	1997	102	41	.
395b1673-5021-4f09-8d44-62002df88a16	54	2029	175	41	Hearthom
173751c5-ae1d-436b-9154-22c7e6fddd69	54	2029	175	41	,
374654d9-d4e1-4728-aa3a-cd62511fa86b	233	2029	62	41	son
cc732b60-c16c-4501-a5d7-428549d615f0	300	2029	36	41	of
2890c5a7-99a4-485c-b6f9-f428a7e91434	341	2029	72	41	Lib
669772b7-d73b-4af6-b8b9-a68852e09af9	341	2029	72	41	,
eaa6f6a0-4602-470e-b525-857b0aa286c4	418	2029	77	41	king
da7e61d2-05a6-4920-8b99-e0c07add5abe	500	2029	41	41	of
7a4adcde-1188-46d6-b335-330bf0b93870	546	2029	154	41	Jaredites
b759b2e0-027a-4da9-a4c2-a882f00be8bd	546	2029	154	41	,
9d8e3042-5f8b-40d4-a35a-7b62437617e9	82	2061	111	38	479
e67acb25-bc26-4727-b03d-c9a3a5f38c90	82	2061	111	38	-
b9268740-ca05-4a35-88b9-db13d1efbba5	82	2061	111	38	17
1a3ff021-ecc0-4480-a6d2-3a96debb918d	82	2061	111	38	,
08f58d1f-c0e3-4d49-a371-60338d70746b	198	2061	121	38	498
33fbb9b8-ce97-437b-93b2-57755d97aee0	198	2061	121	38	-
fa676064-d91d-4df3-8691-8487db51fa85	198	2061	121	38	29
7d8d29e2-a95c-4ef8-8d2f-a9796e652a27	198	2061	121	38	.
1e3ccbc6-b167-460d-879c-5338f5d1018d	1235	1511	146	44	Ammon
f97a0372-29bb-44a6-a474-639fd74324a9	1235	1511	146	44	,
861cbc96-9f2f-43c7-9de6-3688c42b0c3a	757	1538	99	35	147
3a3e1d39-5b90-45b9-a670-12dfa79ade01	757	1538	99	35	-
0de5602b-ab81-4c1f-bdaf-227b7389f9f2	757	1538	99	35	6
1247729b-bb9d-4454-9df6-24e83e0138ec	757	1538	99	35	.
5fcd9c71-1c42-4d6c-9e93-1dc6dfd4cca5	757	1685	114	29	497
6c909523-6cfd-427e-baab-e6bc46be34ce	757	1685	114	29	-
501eb024-0ebb-4055-a38b-c19326aaf050	757	1685	114	29	12
09af3a7e-b1b4-4caf-a7ab-6324fa617f46	757	1685	114	29	.
6d6a726a-f862-4046-af8c-26256efc93aa	827	1798	110	38	takes
a03187d4-02b4-4ffb-a1ff-70ada7453fd2	941	1798	133	38	throne
5ce3ab87-b352-4384-a6fe-7083656bf444	941	1798	133	38	,
41e0e5c1-ef4d-4b5c-8841-9010098070e5	1079	1798	133	38	495
39553db8-d6b4-41d5-ac9a-e3983dd6dbfd	1079	1798	133	38	-
f7ad4449-4504-4fc8-81f6-e2fa95b1375c	1079	1798	133	38	27
d36056a5-7087-405a-97a9-30a936af56f6	1079	1798	133	38	;
6ddf5e14-bcc2-48e5-ab26-d3ce8ceb220d	1217	1798	109	38	death
ac78ab23-463a-4a50-9766-0be9495dd913	1331	1798	45	38	of
be37d1f8-e9e7-444a-8b69-caf100a40af7	1331	1798	45	38	,
a1fdc09a-6cb4-4162-b254-d453d4c29f05	757	1826	98	36	496
010e014a-8b58-4f0d-9991-330fd2efd6a9	757	1826	98	36	-
8455d94d-2b67-4388-adcb-5ddd23329218	757	1826	98	36	1
25fda5de-0ec1-4f1f-9fcd-7497fd2b749d	757	1826	98	36	.
a647442c-1f12-4ab8-8c7e-ed010d17ce68	732	1856	95	35	Heth
e3b8f194-84e1-4265-b994-812c03025d07	732	1856	95	34	,
491a0a04-4653-48d0-8a0e-8d72f408d914	831	1857	71	34	son
2cd25a83-8411-4905-8133-b90087362906	905	1858	42	34	of
a87647ca-9cdd-4fd2-b3ec-2d6c2cd3d43d	950	1859	182	35	Hearthom
c7a5cb55-fcfa-4633-bdcb-3a0dac9e4dea	950	1859	182	35	,
0a096cfa-0f30-40a2-b5b7-d49469ba1161	1136	1861	120	35	479
b1524247-2df2-45b4-b236-f7b9e89bcdb1	1136	1861	120	35	-
9d754990-65d8-4fd6-93ee-9ae4fa6b1e03	1136	1861	120	35	16
5c3a244d-5648-4a5e-b2f5-488e2cf75ea5	1136	1861	120	35	,
94faf0ee-004e-4807-8e9a-36771be58106	1259	1863	116	35	490
8dda3a08-5df1-4813-9a35-de0789007079	1259	1863	116	35	-
3b77fb07-71d8-45e6-9e0a-08d46da2e1b5	1259	1863	116	35	31
1b22f673-2bac-4334-97aa-5bb6860463ac	1259	1863	116	35	.
6de9411b-d582-49e0-b159-f5c8287952cc	732	1887	171	38	Highways
62785447-9d7d-4b2f-8531-07aec4adc8ac	732	1887	171	38	,
096b7475-4f1d-4a8a-8890-b6f7ef7ed9d4	908	1887	86	38	built
7d068b79-8f60-4576-b943-b633c51eca13	998	1887	52	38	by
96d9c208-1d00-4e9e-a0df-a9e26afa257c	1055	1887	157	38	Nephites
2abdd03a-4edc-4e8c-a238-d0f59aec7e16	1055	1887	157	38	,
8ea4fb9b-4036-4db3-b777-7f995d15f83d	1217	1887	102	38	411
c3771841-cb5a-4371-b63b-cd67a2676de6	1217	1887	102	38	-
b3d24762-c7b0-4c17-92a6-4c02b3be0478	1217	1887	102	38	8
e59bb991-2f23-436b-afa4-61954e89ab24	1217	1887	102	38	.
b8d5d008-af4e-4f65-b46c-db03bd542f53	729	1915	76	67	Hot
ca11d3c4-710b-4037-aebd-0f09861f427e	729	1915	76	67	,
f5fa8c5b-9b15-43bb-91f0-7bba03e0157a	813	1915	42	67	et
31f9cc67-6e15-4bc2-8749-81b8cb30fb3f	863	1915	142	67	Amnihu
f367c951-ddc6-48a9-98d5-ced7cc44f4de	863	1915	142	67	,
c17be89d-dfba-4479-bc0b-cef53e8047a3	1014	1915	84	67	etc
2cca1577-6627-4fce-9cd1-4383310becb5	1014	1915	84	67	.,
8b3594a4-c9ed-41d5-805d-75ed8cb398c3	1106	1915	50	67	see
e124251d-228d-4acd-93bb-fbc9045a07c0	1165	1915	142	67	Amnihu
48d5a547-8d13-4a9a-8a2f-1b212e161325	1165	1915	142	67	,
90480d44-b1e6-415d-983f-2bd0dae74e56	1315	1915	60	67	hill
29a919b2-9865-4471-a3be-748433bdf001	729	1975	120	32	Himni
7b67716e-0819-494a-ba35-5f6680075cc5	729	1975	120	32	,
1157ed2f-bd4c-4823-b1b0-3abe3fd2c409	853	1975	72	32	son
ef2833a8-cd62-4ecb-b9ab-f6988273ef10	929	1975	44	32	of
c26bd566-c758-4a5e-99e4-03cdea2cc1a4	977	1975	136	32	Mosiah
9d3ef7c0-2721-49d2-963f-a1a823c407e8	977	1975	136	32	,
6a4443b7-dc1e-4636-9b2b-1cfadcf3878c	1117	1975	124	32	189
201b315f-5b77-4804-8f10-28086e29125a	1117	1975	124	32	-
a9102f36-2c68-42b1-8a36-6a643f5e44f9	1117	1975	124	32	34
abd8157a-eb92-4572-8ffe-18b1fd12605e	1117	1975	124	32	;
5fd9c362-b2e6-4d22-aea8-3b955f891862	1245	1975	124	32	mission
003a0d77-6224-4736-b1cf-3cafd9d6565e	757	2006	43	36	of
48af7932-e44c-4bbd-923d-3e0302fa594c	757	2006	43	36	,
e163bfc4-6b68-407f-b7d6-525ac0efcfb8	803	2004	120	36	among
51ed030d-c3e2-46cb-bd77-07a1dcdd9847	927	2001	183	37	Lamanites
9b1c46cd-b4da-4aaf-8bc7-453646142af7	927	2001	183	37	,
b971007d-3d2f-43ca-b85f-323fd6592bb9	1114	1999	120	36	260
d7302df1-a0ab-456d-bd65-50a7d9c946dc	1114	1999	120	36	-
d90e498e-4b5a-42e6-84f3-b0f9c16f9107	1114	1999	120	36	17
3652354c-9450-4f90-bf35-d9e00b8783e1	1114	1999	120	36	;
de689522-4bcd-4a94-b2ae-5dd4b6e37a99	1237	1996	133	37	presides
7bc79791-6576-44e3-86a6-a028ad12c729	757	2032	74	35	over
da7e3125-7a22-40d6-a719-11f284fa7079	836	2032	118	35	church
e2a07a1b-6bd6-4036-b124-20b506b5dccd	958	2032	44	35	in
26e887a1-4863-4d6b-b0bc-7d8524a29d70	1006	2032	184	35	Zarahemla
c7704133-6c78-4724-9d0d-05582756ca9c	1006	2032	184	35	,
aa6d9372-4e6d-4b52-a90f-f667ad553591	1195	2032	114	35	274
d73c3397-6522-4578-86fd-c479e7f11627	1195	2032	114	35	-
231d9ef1-75a8-4db0-8006-7c6e1326bed2	1195	2032	114	35	6
77a2751f-c41b-48bb-97ee-d678eb70bec5	1195	2032	114	35	.
666797e2-36da-4ec2-a89a-6485a1882820	1313	2032	60	35	See
fdf90ee8-2933-418e-ba8d-b8866b55ac15	754	2057	128	41	Mosiah
f61faf7d-cf29-4780-9144-4d1b80f22e3a	754	2057	128	41	,
19e935f1-8d2a-47a1-a1f7-fe7a718606c7	887	2057	82	41	sons
5c90c87c-1bbe-435b-8957-e50cedcb05ff	974	2057	48	41	of
e185ceb6-5566-427f-b488-a4dccd3e0943	974	2057	48	41	.
