ID	X	Y	Width	Height	Text
44785da3-bdd1-424c-814e-b88797fed12c	650	81	149	40	INDEX
238c85d7-5398-4eec-85b5-7598f118780a	76	155	81	28	Hiss
606aa235-ae52-44a9-935e-0e6950250820	76	155	81	28	,
18a7fce7-edfa-4c35-959f-1c6cabc55cac	160	155	38	28	a
c6c60b89-c923-4d86-b094-a78a7c249a47	160	155	38	28	,
17446bed-61a2-4a8c-8e20-aabd1a4816b3	202	155	70	28	and
741629cc-859a-49f4-8e18-db617fd0e239	275	155	31	28	a
01338d9a-395e-42ee-a13a-361e91757049	310	155	147	28	by
d074e934-ece1-4612-8927-1255339944ec	310	155	147	28	-
d739093b-b34c-44a5-9c50-a16f53eb46a8	310	155	147	28	word
77db68a3-f6d9-4627-a778-f0bcc435a998	310	155	147	28	,
c99344ad-0aaa-4282-a07d-20f62cbaa595	461	155	63	28	the
910959bd-dd3b-43ea-a0f9-1010924d7dec	527	155	84	28	Jews
c5e2ecf2-3625-4375-8596-b3a7f202fa52	615	155	42	28	to
9ed032f5-e455-4688-81c9-16d4242d3f94	660	155	52	28	be
88f98031-aee8-49d7-aeb3-298e60e76294	660	155	52	28	,
5604b243-ccdd-4555-a0c4-150be917ce67	98	177	173	66	425540131
5e9228b7-7beb-4c0e-8d1e-af2bfbcdd606	98	177	173	66	.
b430f71f-fb52-48b8-8d0a-5f7a532c0df1	280	177	16	66	1
00118c6e-e33a-484b-9273-28e25211d201	304	177	74	66	t26
4a7c6e66-e6be-4114-8008-2ea5b22e107c	304	177	74	66	,
dc1970a7-b0da-45d3-8727-441454ead7a9	387	177	99	66	30rd
ab94111c-1a14-4b03-b113-2bbd9a976d50	387	177	99	66	,
215fb2b6-d0fe-4a1b-86f5-308693b7810c	494	177	16	66	1
a116423d-94f6-4b30-9184-13fc1adbb061	519	177	66	66	ob
bf9d3f32-666d-4398-9260-ecf99cd2b2c1	519	177	66	66	-
3d8a15dd-7eaf-4c38-a901-068490c6af46	519	177	66	66	2
64c9275c-e5b9-4e2b-9585-2b779addf3a6	519	177	66	66	.
3a0b8ac3-9b34-412e-ac19-e4b5ab6f7481	593	177	74	66	021
3fbb6cfd-0e75-401d-b9b1-389ac4d55a0c	593	177	74	66	.
f1316f83-9a27-440b-b05a-04b91f6d97d6	676	177	37	66	20
3864c964-6b7e-4c92-a40d-b2eef4cf97dd	676	177	37	66	.
816222f8-3f8f-4de6-b51c-03e8d51431a3	72	236	128	30	History
f14d3f6c-6bcf-48be-90b5-4cb88bf2fe47	72	236	128	30	,
1e9fc54d-e66c-420f-a742-7aa069fa9218	204	236	38	30	of
e1e4d07b-833e-4884-b2e0-41fbcba60f9d	245	236	101	30	people
e1bc48fb-bd51-490c-9580-86837564d872	350	235	150	30	engraven
38ab2026-d5d7-452c-9ae4-49fe984e5843	504	235	45	30	on
e3901dd2-da73-46cd-8552-cfb286624b72	552	235	56	30	the
ffdc6c0c-78a0-4042-bd75-d1b3a53597ed	612	235	94	30	larger
096ff2aa-18b9-416e-ab6f-10525e36f06f	721	139	229	106	Incore
9ba2dccf-b2e1-4c6a-a0a4-0c531918c0e3	960	144	229	106	2021e
1850ae93-e8d3-48e8-b5bc-76afb9fa065a	1200	149	40	102	to
8e01793e-147a-4948-9faa-0e1ae9e05030	1251	150	139	104	become
1044d805-f1f3-4e4c-8424-44a37df0263b	1251	150	139	104	,
cd3dcf10-8d6c-4d1f-b38b-74fa9b494760	95	265	114	38	plates
407243bc-dc99-4adb-ab2f-1e04395d5dc4	95	265	114	38	,
3bfdf151-e625-4928-be9d-fe1971ccd954	214	265	85	38	15
dd883149-57c1-47f9-aed2-63d8c65dec15	214	265	85	38	-
2e380844-a972-4833-a34c-27e8995eb175	214	265	85	38	2
464885b0-28a4-4a9e-b7f8-db63acf1d273	214	265	85	38	,
c3b3973c-2018-4925-af8a-941fbb1f7a50	304	265	106	38	58
f9918d39-786a-4841-b68f-c79918ae7021	304	265	106	38	-
efb52a94-892e-4095-a701-14f023a33409	304	265	106	38	14
5d8ce320-3a62-45f7-9a9c-7a335ad57e0b	304	265	106	38	,
688f01d1-b5c0-48e7-a09f-34e58dbc4386	69	293	152	38	Holiness
e9b92e44-4f8f-43e5-b6be-a63a778ef29e	69	293	152	38	,
66720cac-2319-4d3d-b26c-0d3376de7536	226	294	74	37	the
bc1f40fa-ef57-47c9-a5d6-1b67681d637f	226	294	74	37	,
484ae68c-bff4-4fdb-99a6-6d98127cfdbd	305	294	46	37	of
216bb736-23c6-4bc6-ae84-370033ebf8e9	356	294	83	37	God
50cbf621-3b51-44c7-acde-053473c76d04	356	294	83	37	,
066f5665-231d-4e36-85cb-03b42f9af482	444	294	42	37	of
2ba5c59d-e698-4aa5-adaa-ace73ffa7294	490	294	120	37	Christ
8ee8bb42-5005-413a-9ea8-6b5a7bb4a2a5	490	294	120	37	,
b1ae43d0-7c43-4a9a-9f28-e41d2ecac2ff	615	293	98	38	53
db8aa66f-eaa9-40e8-85be-90d5e2db561a	615	293	98	38	-
efb5a614-3728-4605-a2cb-4f6bbf995448	615	293	98	38	10
47d94f8b-648c-4c78-b192-ffd097b37edc	615	293	98	38	,
ff4892e2-8dad-4af6-9819-f2752efe426f	735	234	141	95	Imamic
093c489f-1038-4dcf-876e-a0fb31b68883	888	234	153	94	Be
46bd0d51-4442-464f-b375-b8b7b26fadcb	1052	234	59	94	0
8d74fea6-9bb1-4273-b9af-7bbd6a415266	1123	234	35	94	0
ee3d0ee4-620e-4513-9955-8bb6868d2e9d	1170	234	94	94	42
f158a7d7-08c4-495a-b1f0-b33eae353f97	1276	234	47	94	01
3da3b497-23d5-41e5-98a1-2ff454f59b11	1334	234	51	95	17
bafd2415-1604-4a8e-9d42-09dd3e5bc335	1334	234	51	95	:
fb0e481c-03ec-429a-8f60-45024a5f6374	95	325	98	29	68
e349588e-1f13-4157-b276-ca93944e8a80	95	325	98	29	-
c6306d0c-6831-4ae4-b331-7065929f1f9d	95	325	98	29	20
001ea57b-f1e2-4d3e-9127-7dc111e501a5	95	325	98	29	,
cca9f8ba-2866-4578-8d3d-34a27c096054	192	325	105	29	448
d2e0e1e1-93e9-4f53-a743-84d98aa2d798	192	325	105	29	-
bd3f6535-4aa4-4132-b611-da005944d74e	192	325	105	29	5
f1d3c127-358a-46d9-8df4-5d0761189d6b	192	325	105	29	,
c22744c7-ad2e-4adf-aad5-5b4f6efd3ded	301	325	100	29	475
b2358581-8f87-4d22-a62b-8b4a0df8e704	301	325	100	29	-
5a71fd45-2e6c-4958-b15f-1498c01ae877	301	325	100	29	5
c090b975-390b-4be7-a9d2-bd9ae4af8be6	301	325	100	29	.
aab04773-1fbb-49fd-81cf-94078195c92c	72	349	86	36	Holy
c5c02246-0d4c-4248-99f3-0dcb1bb5ae32	162	350	110	37	Ghost
c20b0911-01e9-4da5-b19d-10fce9cb7ac2	162	350	110	37	,
5e9ddbd2-a107-48b6-b3ef-98f9e710a469	274	350	117	26	Christ
73aba05d-9eeb-42b2-b146-03d80641c045	394	350	45	26	to
45bb2a12-b7a4-4c48-b401-0f15dd24ef0d	443	350	146	26	manifest
79d89839-bc91-4281-ad4f-ff2e161f08e3	592	350	117	26	himself
74ab13a4-2f21-4af8-8f3a-bd5df0df1fa5	97	380	49	62	Bhi
3d7112c0-bf44-48b5-ab3f-fe4d363e9d9b	154	379	82	62	saw
44e2b1b3-6fb5-4ea8-b325-4056ace5eb73	154	379	82	62	,
9096bd1b-7bc6-4d68-a8a1-a4387f935bee	244	379	25	61	a
ffa93984-774f-46a3-a24d-e0f6b5d68c31	277	378	98	62	biding
ded1786f-c21a-47c9-91c1-984ad5de6f80	383	377	90	62	upon
ccf6efc5-651e-4abe-8671-f1df29412c18	481	376	123	62	Christ
77e13a16-e73d-49eb-876a-f6130b90174d	481	376	123	62	,
dad3c0e7-1beb-460d-9fa0-66963c835075	611	375	99	63	19
ab67d18f-48de-4bbf-a48d-c5380153b78a	611	375	99	62	-
8eef6231-fa35-4c22-84f1-88a1b20932cc	611	375	99	63	27
1785d6d1-4cee-43d9-97e9-e2f9de1b8b86	151	407	96	35	saw
61d0bfb7-dfea-45d3-9ea2-93af5d0d226e	151	407	96	35	,
5c15744a-d296-47dc-93e1-6dddf3a848af	252	407	131	35	abiding
e617d6d1-7ab9-42ca-bff1-e6a6ab82e7e7	387	407	92	35	upon
db68013a-ba70-4888-a4e4-8ef170cf57dd	484	407	123	35	Christ
3a0f4850-000b-46fb-b616-3b8bd046b0b6	484	407	123	35	,
a4579cbc-61f4-457a-b26c-b7d842c2a913	610	407	99	35	19
0158e1db-d706-4aac-90a6-c7cbed888fae	610	407	99	35	-
f5802d7d-8362-445c-aed3-3aa8af0e303b	610	407	99	35	27
c8e9e46c-b535-45a8-9c73-69b11154e052	610	407	99	35	;
1371e2bd-8ccd-4247-97d0-d1ce959a6e5b	397	432	89	31	the
f397ae99-3354-408e-a5f6-9250c3b7e64b	488	436	122	32	twelve
1fb392a4-b195-4132-a7ce-6c8756cb243e	488	436	122	32	,
0cb799c3-0280-4812-b705-f22ada7772d5	763	379	100	32	ished
f6238f6d-bf60-4e14-bcf2-346c18edde91	763	379	100	32	,
32327119-8083-4e38-b918-c0bc8985756f	868	379	120	31	236
72ec77c0-a2b2-48c8-939e-2e9dd4b1a205	868	379	120	31	-
7a014654-deac-4f7a-93e6-da1d27c796e4	868	379	120	31	16
5caa6c5e-331d-4ddb-8554-260365418ca2	868	379	120	31	;
ded155d2-2ed5-47e5-8702-87544ada5cce	992	379	136	31	because
981c8f60-e6f0-4d8a-bfa1-5d1b70906f49	1131	379	39	31	of
07753038-7ab9-4124-a62b-28f74420770c	1174	379	62	31	sin
aa867164-02e5-4014-b79b-4366e8d80266	1174	379	62	31	,
24f7dcab-ae84-4663-a577-d4312334d34f	1240	379	111	32	267
3d125327-933a-40cd-8f31-d592fb6154e7	1240	379	111	32	-
28bb4da9-4290-4ac6-905f-3211a35488ce	1240	379	111	32	13
54174d2a-1fb5-47b8-a2e3-9dc4db2d2fc2	1240	379	111	32	.
e6814b4b-fc40-45c8-9bad-d35c81b05aa0	738	404	190	38	Inheritance
b6035447-43b2-4c64-b398-16a80e5160b3	738	404	190	38	,
98ea0127-1d9a-4a4c-855d-fc6529b04786	933	404	95	38	lands
bdd33af4-5736-4903-8a0d-7d85c45bf806	1033	404	43	38	of
ae9b1294-674c-45ad-bb16-231527899718	1033	404	43	38	,
a84e5f1b-7f63-4197-a28f-3ac88bcaa6da	1080	404	43	38	to
a25fb667-bfb5-4b6c-a843-f43293ba78b6	1128	404	152	38	Nephites
e75b9d80-84ee-4864-b702-2b80a57bbf69	1128	404	152	38	,
0daede86-44c3-46ce-882c-631e32f8de32	1284	404	98	38	47
99a5e369-e327-4442-8420-df30a44c9124	1284	404	98	38	-
eae91e47-e5f7-4e3a-9f01-f096ebe91447	1284	404	98	38	12
2499429b-8452-4e91-b379-439c0046d5e9	1284	404	98	38	,
2d202f73-35bf-4a03-9b33-6a4b4acad327	1126	464	63	28	to
95137839-005f-4acf-bbba-0817ef3fabd3	1192	464	101	28	their
6f1050f2-40cf-483b-ab41-adad8e316160	1192	464	101	28	,
b993d083-ce3c-4e73-b9ba-5501a53ebcb2	1297	464	84	28	71
5f486dae-5e8f-4179-aee9-ac70c7d382c1	1297	464	84	28	-
160a049d-7ebc-4589-a33b-5cd086c51e84	1297	464	84	28	8
87c03482-bd6d-4f16-b1e8-77ac8dd2075d	1297	464	84	28	;
874bdb81-e205-44bc-9b9d-1e468d80ad8f	769	489	164	34	Lamanites
46d94376-d099-4f15-9a17-d5420222a12e	937	491	40	32	to
39c102e2-a37e-477c-a382-d5ca12d3d73e	981	491	136	34	possess
894f83e9-3433-48ed-b3d4-946fdbd88bdf	981	491	136	34	,
55f988cd-bd48-4e0f-90bd-02c94b0044fe	1121	493	100	33	112
cc7d6171-bd4b-4214-81dc-779aef562bd5	1121	493	100	33	-
2858d7b3-530e-40c0-a305-348e6325cf34	1121	493	100	33	4
5c8e5e9d-afc1-4932-9fcd-05700751eb17	1121	493	100	33	;
4dd02834-ae6e-4d7d-af09-5ae59fdffcae	1225	494	154	34	righteous
bd800240-a1f4-48fa-986a-c3b57d3fb9aa	1041	546	12	32	,
8c1b82a0-6768-4132-9fc5-88ff1fe5b8b8	1057	546	112	32	Christ
50e70db1-5d3e-4b33-ad53-a3cc8aa13486	1173	546	44	32	to
e7c91a7e-1dce-463b-8cc3-e08ed4a8f78b	1221	546	100	32	suffer
18410c48-da08-4675-a799-684e5ea7067b	1325	546	54	32	be
c87c2272-430d-484a-93a8-aff5b074b39b	1325	546	54	32	-
2be915be-0c39-43e9-a5a2-59a021679c0c	1117	606	105	35	310
d6ff56be-c1e5-48bc-9cbf-0d8cb43a44b1	1117	606	105	35	-
4d006bb2-bd71-4e18-8d7c-56ddd530546e	1117	606	105	35	8
f6ef1b0b-16b7-46f8-9d46-df6d2fe3dcb0	1117	606	105	35	,
cf92da59-7f34-4d0c-8557-f7027e528b06	1226	606	109	35	388
4cb0d2f7-04a2-4c11-8d0f-71ec1d88b0b4	1226	606	109	35	-
d050b579-37e4-46a5-849a-bc8b82adfd08	1226	606	109	35	4
2199036a-91a9-4b6b-8bbe-aaaa5f37e05f	1226	606	109	35	;
a100e02a-b382-4995-a864-344693f0e4f9	1340	606	38	35	in
fddea4b0-c7b5-4f25-9880-c756dd9ffa9b	101	575	109	29	211
b426181f-db41-4f3b-a514-1c143e5aa8e1	101	575	109	29	-
8b38d9bd-5fe1-4e7b-a5bd-5faa1f7ba99d	101	575	109	29	10
a6ee889d-98b0-4062-8657-e5568576ae72	101	575	109	29	;
a2013b86-3544-4cce-8e22-fd2b54831c42	213	576	221	30	sanctification
a007fe77-4292-4118-9efb-d823558c2bfe	437	578	53	28	by
d1ed678a-3a4b-4440-b090-cac0018e9036	437	578	53	28	,
05822f1d-5750-422c-a658-5acbb28f64e5	493	578	119	29	229
838631df-3767-4cee-9b7f-46cff5864a39	493	578	119	29	-
6662312c-1766-4407-8563-817faa723661	493	578	119	29	12
cbb5ff09-b802-42db-af52-109876c63035	493	578	119	29	;
fe57d5ce-7cbf-40ea-9d2c-4daa6ccc0f93	615	579	95	29	Nephi
1bb6d194-691a-46a5-b03e-5bf12c56fd57	95	606	66	35	and
bf0738fe-548e-433d-9df6-2ed19289a73b	165	606	74	35	Lehi
fdf1087f-809d-4e83-82a4-7636a246f275	244	606	83	35	filled
34b563b0-327d-4acf-8a2e-9b6a53adcadb	331	606	88	35	with
5631f3bf-4b13-4874-a4b9-bf5a1aacc6cc	331	606	88	35	,
b4afb1d0-fed8-4f64-ae66-014c3ea7cc74	423	606	114	35	372
9a5117da-4ec0-4a17-ade4-5c8e381c33aa	423	606	114	35	-
ca3696e2-b1ba-470e-9e18-e1338473af6b	423	606	114	35	45
bbafb21a-8145-4a7a-b213-5731ceec4131	423	606	114	35	;
71f22b90-496b-49a8-888c-1d21d07ad80d	541	606	57	35	the
cde2bdba-4248-4666-9202-0a83e7c03493	602	606	107	35	twelve
bd05184f-ff1d-4889-8626-d3f6209273f3	101	637	144	25	disciples
89b151fb-6170-4366-b9ee-d1eafaf6652b	248	638	128	25	receive
e82774c3-f109-467a-908a-4a57d29c784c	379	638	112	25	power
34c5f8a1-ddca-421a-87cd-e3f8a3773f2b	495	637	35	25	to
a180bffb-350f-4044-882e-2ee6eaff04f9	546	634	90	33	give
c7a93ffd-8165-4c68-8a6c-23425516b089	546	634	90	33	,
6d9c8d6f-2055-437a-b487-de47779f2f73	639	633	71	33	436
953f267c-ee50-4a34-a326-8aa101519a7a	639	633	71	32	-
4fab68f5-5806-4822-81ce-33e5edeabb7d	98	663	50	57	30
e1911cb4-7687-491d-9c59-14b1eed3efa3	98	663	50	57	;
bbbff83a-a401-4945-8b1e-ef8817af91e8	155	663	57	57	the
6b8a3354-30b6-4ca1-8808-d65caaac267e	219	663	150	57	destiness
c0437def-1d83-460f-91ae-422e08a1127c	376	663	128	57	receive
1c9be1b9-5c99-4cf1-abb0-5152dc010000	376	663	128	57	;
0f06a70e-5b77-4910-98c4-9b7b3b678758	511	663	107	57	sieS
0aa0b66d-eae0-41eb-95de-d95fba9b7d48	625	663	85	57	truth
29ec2c9e-fd6c-431c-9e7e-e839730426fe	95	694	35	57	of
d29e37a0-2093-4045-8ff3-5fe154d5daa7	137	694	71	57	alo
e9654775-2a98-4dfa-983e-9501ec3f8d4c	214	694	161	32	Gentiles
bfb13b70-14b7-4090-915a-3aefa10d9d50	214	694	161	32	,
ca42df63-2a13-4a9f-88e5-eaf5a466ee8c	369	694	144	35	440
25cb1d88-a043-4918-aa15-1942529499f8	369	694	144	35	-
7cbcac7c-13eb-4c45-9ce9-41cb0533807a	369	694	144	35	27
12a91260-d5b5-4e11-b386-2e39a2519845	369	694	144	35	;
d04d5ba9-0658-4c6e-b692-ed9488960e51	518	694	97	35	gives
a7d7f865-551c-4cec-b547-c0134df17449	132	723	60	32	all
7ec59089-56a9-4613-9da7-ef809610ad1e	196	723	120	32	things
18a38ec9-6a22-4bd2-9459-8c895e450d6b	196	723	120	32	,
e342c719-0699-4426-a84d-26f8dd8cabbb	320	723	106	32	520
b4c0fee3-b665-4a19-a27e-5641fbcdd1c4	320	723	106	32	-
abb766af-9c27-4f1e-90df-f2a727fafb9e	320	723	106	32	5
19a791c0-7b9f-4ba2-9e77-931d644b1896	320	723	106	32	.
c1d6c995-3296-4523-852a-dd0b2f95d5e2	738	716	173	63	Intrepreter
40b020df-6ddb-4b83-b616-063433cdd79e	919	717	31	63	to
fa277ae1-0ca8-4807-874f-166934cb9b79	958	717	118	63	untold
4d6bf724-eba0-46f1-aeec-ff66c96e9309	1084	717	173	63	mysteries
6c6192a7-286e-4f27-bc4b-a640b2b8c830	1084	717	173	63	,
8543356e-9a22-4bc0-936a-23295ef45eb2	1266	716	119	63	151
c54f7ee9-0e6d-4fed-ac01-802c90484dd0	1266	716	119	63	:
62f78df9-3054-41c5-acdd-df93939973d5	1266	716	119	63	13
fdeb3a46-04fc-4d78-b0f0-a247f9facdd1	1266	716	119	63	;
45c4aa68-88da-4c49-86ed-84b9c6107547	763	770	122	70	(
afda1d2d-86cf-4292-9685-d3a9aee6d03a	763	770	122	70	rusted
2b80d059-8341-4f2a-b24a-0a61acd34dd3	894	770	87	70	wire
45034096-29da-4908-9359-35be0aea8a35	991	770	131	70	299
f3b0e7a1-cf27-46a7-ba69-52fb25cfb3bb	991	770	131	70	-
6ebfd0e8-4862-4508-acf1-79fe32a0f319	991	770	131	70	12
56d7c491-f355-44fc-9fe9-cb6e1673f9f1	991	770	131	70	,
83a2229f-5830-402b-91c3-446461ce4464	1131	770	122	70	30
1d11720c-a499-4e21-a5d7-22415974df64	1131	770	122	70	-
e6347fb9-8899-4433-a00f-42c2b8e3ae8a	1131	770	122	70	21
11b19f26-82e9-481f-b66d-04e8a8636ec3	1131	770	122	70	,
b821dd13-b6d5-4741-b88d-63f0d1464dd2	1262	770	52	70	a
1f451767-8255-4f6b-a074-bc31821ca009	1323	770	62	70	roni
f7b706fa-0b6e-420b-a705-88da00273f79	763	830	84	32	seals
4c44a32e-e1e7-449e-8e0d-10c93c2be6ae	851	830	60	32	up
4e278b3b-ab28-42e4-826b-7b67920cd3e6	851	830	60	32	,
dce364e8-c4c8-4023-a1f8-3b516cce2531	915	830	101	32	485
d6967b1f-c64f-4a32-839b-570a0b48d78a	915	830	101	32	-
b2c934e0-8d36-41af-ae52-421a1185a074	915	830	101	32	5
960aac35-e4af-4bec-a35e-ca72c794864c	915	830	101	32	.
c7cb63c9-9e74-4499-bb5d-ba5d6ad82f9f	95	864	89	35	after
085cb894-1392-4f34-af51-a60f375228c0	95	864	89	35	,
8d987a95-91b2-4650-b75e-80bbdc6728bc	188	865	102	35	228
2b26b9c0-819f-4e56-8c5c-786cf2cafeff	188	865	102	35	-
7ad987ca-9b3e-428f-b0dd-ff9b917a08ed	188	865	102	35	8
f50b7e03-2af7-4df5-9949-c38d0909c539	188	865	102	35	.
b500fc1c-1f6c-4be8-b470-098257a217ba	192	833	104	64	228
3c6f932d-39d9-49b6-966d-537c4b361238	192	833	104	64	-
6ece7fb7-1e96-441f-93b6-f5182c292f4e	192	833	104	64	3
0e26c866-ca1a-4992-b903-091383fe8454	192	833	104	64	.
15235d35-31ef-4e67-b09a-e9b08920f95b	304	833	64	64	See
2eb731ca-3ea2-43ac-902b-86b327191f88	376	833	64	64	also
9a1b1fa7-e115-43ac-87ac-22a5b0360147	448	833	196	64	Priesthood
49f425b3-2012-4b50-baef-c72047a9acb4	448	833	196	64	.
4b46e1b7-af8b-42e2-904f-4c93b1ab1e12	422	831	141	37	priests
ef31fbcb-482d-45ba-becc-867cad77991c	567	829	143	37	ordained
c3a0b7c2-7265-4197-b4c5-623e591c39f7	69	890	70	63	Hony
3873be6a-389e-45d5-93c7-a43580f47d8c	148	890	31	63	5
6d7041bb-51ba-4eb4-9a1d-74ce06df338e	148	890	31	63	,
201ee40c-5c8b-46a4-86f7-1dd8d93a4278	187	890	39	63	in
fe7b1748-dd9c-44aa-9eea-6f001a1931bd	234	890	55	63	die
b2ac5411-6342-4322-b2c3-8c35789206dc	297	890	79	63	land
90df1c18-c6ae-42a5-b00e-e01aac9cdb48	384	890	165	63	Bourmitt
aa1e8397-a83f-4aab-b1a7-cb7158abbb3c	557	890	31	63	in
fbd5e07f-f5c7-4969-9ac7-a8a616127ba3	597	890	116	63	Arabia
2eb9f7c6-3930-4144-a38d-cb80d04e88c4	597	890	116	63	,
981142c2-cfd5-4346-a463-47f65803f754	98	950	84	32	34
db9db8f2-33c9-4707-9f16-f547bded9327	98	950	84	32	-
1efbb225-103d-4b2b-a013-b86ef570642b	98	950	84	32	5
43ed5dd1-673c-42dd-a213-b3ee487451c6	98	950	84	32	;
403914a7-a51d-41c3-986f-6d9c20b74b6d	186	950	104	32	taken
d3df918d-58f5-4f60-adb6-36ed60fac6ba	294	950	48	32	on
6e40a8ca-d621-4f37-877c-ff32992c43f6	346	950	68	32	the
cf85dca1-f747-40f1-b70b-04d2d40854c6	418	950	88	32	ship
83944a5d-ea49-4feb-8d68-4e82ce0ff074	418	950	88	32	,
d0006694-b2f1-4850-b5df-8cf0928c45c4	510	950	92	32	39
c5f7ab65-7aab-4292-ab7a-53678d25e0fc	510	950	92	32	-
cd2ae3ea-f839-45bb-b87e-e5103bf2e088	510	950	92	32	6
c3ce5f58-8b6d-443c-bdcd-890a48aabf02	510	950	92	32	;
0b2e6c0d-c8a3-4569-9e1e-6656171cbced	606	950	101	32	butter
a61bdf35-c213-4612-b9a6-48f232ecadaf	66	975	99	66	Honey
34e9f7e1-16ab-4aed-a500-921ef93aa0da	173	976	74	66	bee
fd6ecaca-3ebb-426d-be61-88831fb60e4a	173	976	74	66	,
53eeed60-0a4c-48f8-8e82-bf5c358b29e8	256	976	124	66	desilk
faae71a9-a515-4373-abeb-5778c10e4206	256	976	124	66	,
6d91bbe8-7f77-403b-80df-37819910d5dc	388	976	107	66	carried
5ee76778-1722-4487-b376-0fc9b0f7e7c2	503	976	41	66	by
018a7dd1-0674-477a-ac80-0bf85c49b64c	553	975	163	66	Jaredites
fc866505-7c91-4219-8203-db753dc29e55	553	975	163	66	,
ef2f9121-8a66-4bd3-bcb7-5a6b33011986	88	1034	105	33	480
712f36a6-71d4-41f6-ab25-a7010fb762c8	88	1034	105	33	-
1204beb6-dda8-45eb-8e57-e72dd34594d6	88	1034	105	33	3
2dbf26bc-31e4-4085-97e1-73e5175c0d50	88	1034	105	33	.
78e45c20-22a0-45ee-998b-e309a338257f	69	1063	91	35	Hope
d1dd5e5e-7a0d-4809-8d6f-a15494cddebf	69	1063	91	35	,
19ee89e7-6640-48f0-9b89-44824395ccd9	165	1064	149	35	enjoined
ef21d2dd-dbc3-442e-9f8a-1d08bfbc8ffe	165	1064	149	35	,
e0925b72-1777-423e-a62b-99ab11cd67eb	318	1064	118	35	213
dba25d6d-e2a9-4262-abab-de7e4698be94	318	1064	118	35	-
5c7ab134-a0be-48dd-80b4-c0de9cdf635a	318	1064	118	35	24
ea58204d-b878-4e50-a16d-97248a369bf1	318	1064	118	35	,
0a2c7640-f4c8-4c2e-bd7f-0702668aac8e	441	1063	114	35	515
348ccc0f-f4c9-4ad7-b773-daf060734e51	441	1063	114	35	-
a7b185f0-24a7-4a3b-894c-964e79bfbfc2	441	1063	114	35	41
2365eb1c-b7fb-48c3-81fc-70da8bb0f6df	441	1063	114	35	.
a72815e4-af33-4a72-9b22-53e8eab84a54	69	1088	115	66	Horses
809a5634-0afe-45ba-92b3-708c1ec3a0f2	193	1088	33	66	d
4b8961f1-4fc2-449e-a22d-b934185b832c	234	1088	50	66	by
94985821-5f19-4ac4-85da-370daa32e19d	292	1088	157	66	tephiland
9dfb29a2-58d0-482a-ac0a-6c0dd0bfea8a	457	1088	58	66	id
2c3db4d0-ae91-48a7-a68f-cc8c531c6b8f	523	1088	190	66	amanite
2cebf310-826a-43d9-a600-11ef634fefd4	523	1088	190	66	,
28a4f9cd-0f7d-489d-9435-686a59525f14	95	1152	112	32	127
598d24a8-b8f0-4627-bb22-9a8cd3678a1b	95	1152	112	32	-
a71be763-b1ba-4a32-be51-d7b8606158af	95	1152	112	32	21
9412922c-06fa-4293-9546-d29d66482080	95	1152	112	32	,
6569d29f-62e4-4298-ae31-333ca885f57a	211	1152	97	31	241
5563beda-0e4c-4e83-b118-e01023d40b2b	211	1152	97	31	-
1bac9b09-4d42-4f54-9867-cbb3bf9221a2	211	1152	97	31	2
7a86107b-bd0d-40a3-9a5f-2b206ccaaa96	211	1152	97	31	,
3e90f871-049c-4bbd-aead-7cd12ffb5ce9	312	1152	109	31	247
5f5ab351-b26d-4274-8344-09fceff1f851	312	1152	109	31	-
ddb46bfc-86fe-4679-ba14-361d441eaca7	312	1152	109	31	6
ef248747-2042-442e-81bc-d33e9381b502	312	1152	109	31	;
e2020b42-37eb-4b9d-ad60-ce6bc8c4cabb	424	1152	47	31	by
b0e12bf5-c43e-42b6-8432-d2c3e2ef292f	474	1151	159	31	Jaredites
ab6a1b22-ef26-4ef5-9419-a423042ba0fc	474	1151	159	31	,
f5ec709f-3fd8-437d-842b-65923fafacc1	637	1151	70	32	494
f12a9333-8067-4f76-8859-27f762dc6b9e	637	1151	70	32	-
bd10ba97-3b76-49ed-8502-c1415da12966	66	1202	91	66	House
e71a84d1-7384-431b-b1c1-689e790c0c9f	165	1202	82	66	to
09b6cd36-0965-446a-984d-25f1ad4db0bc	165	1202	82	66	,
9b02d8c5-485a-4eb0-9c92-063e71141004	256	1202	132	66	sali
ddfcb14d-ca58-40c4-923a-25869d7eaa66	256	1202	132	66	,
781c039e-1a70-4ada-9f0f-0b2f911c19cf	396	1202	49	66	so
22cfbcae-31f8-4924-9a01-a6dff338d757	454	1202	33	66	so
600562be-a02e-43d2-901c-9da76f97f9ae	495	1202	41	66	be
6d18347f-9650-47ab-ad0f-d9a168c0407d	545	1202	74	66	rogue
83672019-4b4e-44ff-b243-e1523534a390	627	1202	86	66	upon
daf710a2-d189-49ba-b724-e5795a116e6c	627	1202	86	66	,
04e289fa-7399-4bad-a40f-16b7400cd6a2	95	1325	144	25	promises
f528673f-fe5f-4bfc-8b1f-5b517d3ff3a9	242	1325	45	25	to
93b9c4c5-fc76-4e43-a2dc-e3580b884fa6	242	1325	45	25	,
20177206-6840-4bae-9e30-b36f209fa447	66	1350	83	95	i
2e8545e9-c63b-48b7-acde-0be985e69923	161	1350	202	95	aine
48b05ead-e73b-4ccd-bf7f-5202d36524bd	161	1350	202	95	,
f369fe0f-e92a-4955-8138-b2d052d07e06	375	1350	36	95	in
859b0e55-dfff-43cb-b0e9-b3a45f21c8a4	422	1350	166	95	mouris
1db45d97-ce85-4dbc-a235-66d90cbc530a	422	1350	166	95	,
fefadad8-d24d-4ea6-b3fe-95f10d511253	600	1350	106	95	among
832ae18b-1b3a-4d34-aec4-c96964d6415f	325	1410	128	41	416
10a82646-9700-4ff1-b0f8-526520fbab1b	325	1410	128	41	-
b1483553-6abf-443f-b68f-ef540d3fbec2	325	1410	128	41	23
954d1bb7-ca1f-40b0-903b-2f8d532a16c3	325	1410	128	41	,
40caa432-36a7-45ba-a324-95170370badd	458	1410	133	41	417
639b057b-6617-488b-a4f4-6d450a416787	458	1410	133	41	-
81429dd8-9299-4f59-9d49-82e8e6e93515	458	1410	133	41	25
434180e5-1a70-4c9f-bf8c-9a34ac03da37	458	1410	133	41	;
c80dffff-0d33-477d-a06b-874abf02b518	597	1410	110	41	among
5e86a3d5-d3fe-4a19-86a2-7fdfa99f2d6c	69	1435	78	70	Hum
2eb62c47-d3cd-42a2-ad06-20b1107a253f	157	1435	61	70	ay
377b433a-4c86-40a4-a768-5ac714280aad	227	1435	157	70	ditioned
d8aca990-6755-4cbc-b31c-277f03925b40	227	1435	157	70	,
68b742b6-3151-4128-b54e-931bfee3ebc1	393	1435	44	70	10
4bfafeab-4b6e-4bd1-bbcb-41c1d23ff320	445	1435	52	70	42
a10fc46d-4c37-4ba4-b411-0947f4681397	445	1435	52	70	;
4fb50850-e5a4-4317-b9e3-2d2f2df508d9	507	1435	123	70	143
ca262155-371d-44d4-b746-067ebb95c6a1	507	1435	123	70	-
78f38dc0-412f-4603-a7a7-f113dd8d305b	507	1435	123	70	11
3f9ed5d5-e22c-40ea-a39c-e22d8f23eb66	507	1435	123	70	;
8597c03b-5014-468c-b761-7bb7c906ce6a	638	1435	72	70	peo
4ab75286-045a-4d9f-b18b-b3c15341f6c0	638	1435	72	70	-
33f2bd69-4390-4f7a-9b60-62fe5ef67db9	91	1499	58	32	ple
35a23d5e-da9c-4aaa-b48d-a2d06c733c2e	153	1499	124	31	became
e7c9819c-fef8-49c4-a029-b2d6e681358a	281	1499	116	31	strong
5b78e2ef-ad31-4bde-81e2-ff3d9dfd64ad	401	1499	143	31	through
3c3a1ed3-8a70-46b0-b375-cfd7ba6f4ccf	401	1499	143	31	,
e7659aa3-164d-4d97-a07c-4585ae1d142c	548	1499	114	32	366
e4c8053f-c241-474b-af41-29296cfe0558	548	1499	114	32	-
25911e3f-4949-4c37-ba31-a2c91857c8e1	548	1499	114	32	35
653eff28-b4dd-47af-9b84-ae33f08c3bbc	548	1499	114	32	.
720b6283-063f-4344-acd7-dcacb9d9ae06	63	1530	138	38	Hunger
c62724e4-f1bd-45e7-8ec9-c546c16db2e4	63	1530	138	38	,
e674e583-faf9-4742-b4e5-671ce644a126	206	1530	38	38	of
014b77e0-7a96-4116-a27a-5ed6feae9f8b	248	1530	62	38	the
db535d54-67a3-4bf1-8684-20ca70954406	315	1530	81	38	soul
2a9d8f67-de48-4ec2-96a8-307483e38c95	315	1530	81	38	,
37f445fb-a411-46ea-9530-23cd375bf70c	400	1530	105	38	125
f253d625-80c4-474b-a999-7a9909b8e8d9	400	1530	105	38	-
8f4bdb43-2e43-440e-92e0-247c805a41f5	400	1530	105	38	4
b951a7b7-3324-48e8-b1ec-f28e1b933c08	400	1530	105	38	,
e1c165d6-ae21-48fd-8fee-599260a3445a	510	1530	105	38	424
21b20c70-da5c-4d79-a101-5fe56191a285	510	1530	105	38	-
2cca87a2-03db-441e-88d6-2b45e01ed295	510	1530	105	38	6
34cd1f86-ab17-4fb4-8ea9-1fad5477c830	510	1530	105	38	;
2f949259-052a-4ab1-bfd6-a057a21ec8cd	619	1530	43	38	to
68a65069-de86-4f6c-aa2f-a652e729b832	666	1530	40	38	be
6348f87a-b65f-488b-a6a9-0be1bd460228	88	1559	157	38	appeased
509167ec-7fab-405b-bd91-ea72f92faa5a	88	1559	157	38	,
65179032-bc85-4667-b7af-6f87102c5005	250	1559	100	38	439
16504598-9dd3-4fce-8969-2e67832c165a	250	1559	100	38	-
0158be3a-f6b2-4fb2-bc5c-4b0c2f929dbb	250	1559	100	38	8
45eead06-a19f-4dde-877f-b111f4ae10af	250	1559	100	38	.
ec602893-c4df-42b6-b4b9-31744d0520d5	63	1612	146	73	Idlene
7aff8886-1808-428e-8a64-18edefb3ea96	63	1612	146	73	,
db8f4174-8bb3-44c2-a3f1-e25f9723707b	218	1612	9	73	a
8eab5d34-cf6f-4359-b46c-55639f1ded36	236	1612	164	73	mominite
97872b78-180b-465e-a1e9-8a7c34eb831b	410	1612	91	73	agait
55367e93-d3bb-442a-893a-6027de5ea5ae	410	1612	91	73	.
35322df8-cd2d-489f-8855-05f1d0783b1e	510	1612	27	73	1
2dd50eab-95a8-442d-9d02-af70276a12d1	510	1612	27	73	,
ad8dd3c2-ccfe-43a7-8488-888035dd24b8	547	1612	64	73	233
3b116935-4f9e-47b0-9193-141b6c2b7245	547	1612	64	73	.
fa92358b-33b0-4837-a231-48a9865386a2	620	1612	93	73	41.24
9e2c76c7-982c-423f-8933-4e78f58e40fd	620	1612	93	73	,
3722bde8-4c90-4bd4-9f25-0ecd3a5a6252	584	1739	123	32	187
a742759a-6c10-4feb-8d5b-1c7371c46942	584	1739	123	32	-
97855f1b-4c9c-4696-8781-39124e9fd4a0	584	1739	123	32	8
adea07ba-2d5d-459b-85e6-34213853ac3c	584	1739	123	32	;
c8f081a8-8983-4775-ab37-44439c16671a	95	1824	151	32	Nephites
6721b142-dcf7-4c21-892d-cd9cc18a2d2d	95	1824	151	32	,
cd9311ad-c970-45aa-8146-2f3aa1237e86	250	1824	132	31	375
d2b85555-1682-43dc-ad60-36bb7a322a54	250	1824	132	31	-
14b0a5b7-c870-418d-8d6f-d2d15d7a11fe	250	1824	132	31	31
8afca2da-2854-420a-ac9e-1e510258450d	250	1824	132	31	;
53fd7bf9-87bd-4886-89ea-584b0328d36c	386	1824	54	31	by
0cb18b3c-fcf3-40b2-b2d9-6f2542a83888	444	1824	181	32	Lamanites
08a51455-810f-4e81-a111-ab9b97e7fee0	444	1824	181	32	,
8e7678f5-a7cd-456e-a410-dc3d951539ba	735	947	94	63	Isaac
e1f5fb3a-21b3-47e7-93fd-00cce012d820	735	947	94	63	,
6b116132-5003-4252-8761-67c3778f9b95	837	947	71	63	and
3aa227b9-3c12-4d93-b789-0ec8a36cf618	916	947	189	63	arenanted
4d9e8789-80c1-415b-ac9f-09dde5edd3d8	1113	947	87	63	i
00fd0b89-a68e-4412-b90a-8d7742c4b09c	1113	947	87	63	,
76dde8d8-e137-463c-b067-ade7d5d560e6	1207	947	94	63	36.40
f3ab6ad7-4897-487d-b5e0-79497908b2b5	1207	947	94	63	;
48b1fcdd-f353-4ef5-9e2a-015dfc98deb5	1310	947	69	63	God
78ee695a-2942-4325-acae-8bc5a76aca18	760	1003	52	35	of
92d6fbf2-0b76-43ca-a767-6bc2e579e6ab	760	1003	52	35	,
f42c78b1-0533-4110-a2a1-fbdb33e65258	817	1004	109	35	41
694674fe-1728-47b3-84b3-28da5e22b6cd	817	1004	109	35	-
34eccbfc-0685-4abb-967c-7fd3e38409af	817	1004	109	35	10
d55328ef-2e67-483d-a005-b34b79dccb9a	817	1004	109	35	;
7de41be0-f041-46c0-bafd-888ccb0612d4	931	1004	149	35	intended
8f0682e7-4874-48ba-b283-b369db742144	1084	1004	140	35	sacrifice
a6bacceb-f79b-4a7e-a9e8-1230926b85fe	1228	1004	52	35	of
fd1060cc-2d79-42a8-a560-45db536fd7a5	1228	1004	52	35	,
102157f9-40ab-490e-9285-d0bafdb90f98	1285	1003	94	35	113
aa44535f-5f9e-429f-bb0a-3a5f68b9ebf4	1285	1003	94	35	-
645fdfd5-f453-4671-8885-5108dd2ee815	1285	1003	94	35	5
96afe97c-109f-4d4b-b4b3-f1a895574753	1285	1003	94	35	.
108288a8-342a-4f43-bee0-e8b3020e1ef8	733	1011	117	82	Isabel
de3159f5-8366-4b05-9952-428a751f4cf4	733	1011	117	81	,
faf9a543-44c4-417e-8e7e-06a2c12fa4d1	856	1016	51	78	one
3d861c46-1805-42e9-b570-4cbdacd74412	913	1019	41	78	of
42b54d73-0752-4ce3-9100-93ff37f98b37	960	1021	51	78	the
3a6bea11-8563-4a81-97fa-62e08249885e	1017	1024	108	81	twelve
0863b0a4-54c7-4ab2-b614-b67e442c31aa	1131	1029	155	83	disCiples
d3a58fb2-164b-4c2e-bab9-1de910bf4025	1131	1029	155	83	,
b1670c3e-42c1-4529-be59-7f628157a523	1293	1036	60	79	437
2af356cb-979d-491f-b59e-39d86bab63af	1293	1036	60	79	.
fa6130d7-29e9-46d9-bc06-ab2b9592d64b	1359	1039	28	78	4
71457cd1-dc2c-4fa4-9ccb-f8eafdf012ef	1359	1039	28	78	.
6ad92b1d-903e-4db1-8ebe-827e2541a135	767	1148	102	29	words
d0fdf1c6-2897-4a36-a07c-ef47be831dfb	872	1148	51	29	of
ed23e1ac-35ca-4322-94a6-3ee43c24d628	872	1148	51	29	,
eb3010b2-a981-4273-acd5-8e2019bc5fbb	927	1148	74	29	43
3c45aa4c-1c11-4b7b-99a5-22a445154b63	927	1148	74	29	-
7fddafc7-d961-4b3f-91e3-c61d17344458	927	1148	74	29	1
179b2db0-c7ba-445f-98af-e31ee4c3c03b	770	1173	136	32	writings
14bfa1f2-b7d6-4fcb-be5e-193e200d9ab8	910	1173	48	32	of
6b7a52d3-2cfc-4be2-a5aa-6c6089a076fc	910	1173	48	32	,
ed44d810-3f53-459e-9943-0dfc5c7f4546	962	1173	92	32	46
c81a3da6-2f5a-48db-83f2-7c9c8e539f56	962	1173	92	32	-
c26c0d95-6a93-49dc-b9a8-26e2fdaa157f	962	1173	92	32	1
5b50aa3e-5663-428e-8d0b-7356bff5f62c	962	1173	92	32	;
f28f67f7-1e94-406b-bcaf-e6b466c125b0	1058	1173	108	32	Nephi
642eff2f-0b48-4744-bc1e-ee779a95ead3	1170	1173	108	32	writes
8251a1dd-7336-43f3-bf18-91517adb2b79	1282	1173	93	32	words
c9a1ac11-c157-4793-81ed-e9b56d400889	770	1202	47	32	of
f7092cdd-1fe7-426d-8b37-4e048222585d	770	1202	47	32	,
ead954c0-1602-4413-afd3-ce787b1d8298	820	1202	54	31	74
bc51c787-0e6b-44a4-b3f1-ff85e43d0161	879	1202	50	31	to
eec97d89-89c5-4a1e-98f6-5f1bb4746ae4	933	1202	66	31	89
96381d16-d2e3-44ea-8b9f-6583879cf5f2	933	1202	66	31	;
5df80153-5f23-4ac5-a92e-81a30a7af197	1002	1202	140	31	Abinadi
1c27f299-c807-4535-bdc7-ee0e877fc511	1146	1202	128	31	quotes
63fbbd45-335a-4115-ad4a-f4e86eb3ba2c	1146	1202	128	31	,
ef835169-2214-4f2e-bf2d-6f33abba4258	1278	1202	101	32	162
ebf09697-7d3b-4e83-8761-e4da9478850b	1278	1202	101	32	-
0aa09bef-36ef-489a-80c9-15a3649b4ab8	1278	1202	101	32	1
b096f864-4471-4264-a7e7-10f7aaada4cf	1278	1202	101	32	;
89336c71-18dc-41a6-9321-88f362e8ea28	767	1233	102	29	people
ebce1958-7c98-4f60-b776-fa450686651a	872	1233	170	29	instructed
7bb6c6f0-9c20-43f3-bb94-7f533ba1ab56	1046	1233	44	29	to
5814697b-2c11-41cd-be37-2b4d25422941	1093	1233	112	29	search
2ba144c2-08f9-4cf8-92bf-567c58d6233a	1209	1233	169	29	prophecies
3ae4c06f-709b-4580-a239-287671b39abb	763	1259	47	35	of
43c569d4-14ca-47c0-be5d-981ed8dc4871	763	1259	47	35	,
d60dd3da-ce80-45f0-a2cd-c858f0be0b05	814	1259	113	35	473
0471690b-c8ee-4232-9337-9e935c71e38b	814	1259	113	35	-
d00edac9-2db6-4cfa-b883-1122e9350adc	814	1259	113	35	23
3ab8d5a0-2885-4be1-bae6-dab7990a29d0	814	1259	113	35	.
3f9ffe4a-8e90-473d-afdf-718ac16dffdb	732	1290	140	32	Ishmael
01337131-f1e9-4ed5-b061-d2d115d148af	732	1290	140	32	,
77721816-7acc-410f-96f3-a7c740e12ceb	876	1290	64	32	and
40ec195c-4e3e-4716-95fe-1f190d5ce244	944	1290	104	32	family
900bed93-153a-49d2-9515-6aba747c946f	1052	1290	68	32	join
d1c2b8cf-ede3-42be-bd11-7b5235c85c04	1124	1290	100	32	Lehi's
ad57cd56-531b-4776-9c38-b127c9be4514	1228	1290	151	32	company
35bb91a1-8ec1-4122-8a79-2037785764f0	1228	1290	151	32	,
f8eef173-10c5-4c48-a2ad-a26573587d7e	767	1319	77	28	11
6050ce66-37e1-4c70-a63f-3affdc4d4bd7	767	1319	77	28	-
a73f30be-63c6-48e5-8ccf-e3a7cdcb0f09	767	1319	77	28	5
4da065f1-3650-4439-be3a-0943f4567683	767	1319	77	28	,
37cbb8fd-7253-4b28-8c58-4fa6d0dc1218	847	1319	112	28	13
64a74c78-4093-40be-81b1-5d82ee9b4d3c	847	1319	112	28	-
93f045ab-f5a2-4e32-bf22-5f9fb8c4196a	847	1319	112	28	22
01d9ef35-fa21-4ace-ba48-de52d56e474f	847	1319	112	28	;
ac64fb4b-2fb0-455d-8312-63cf1f2bcc17	963	1319	168	28	daughters
372a53a5-9530-4ea8-984e-87bea800ed1a	1134	1319	49	28	of
7c063608-2480-40ca-bd44-b693d41b6030	1134	1319	49	28	,
7d7c1a34-0a83-4ecc-b279-59eb86be6d3d	1187	1319	112	28	marry
1bd5ee02-dbf3-49eb-b9cf-854e97eade13	1302	1319	73	28	sons
a0f40b2f-1bae-4e17-9075-5dbda61c2b3b	766	1344	46	38	of
a571dfae-c030-4292-8f6a-93a232d88c00	815	1342	91	38	Lehi
41f201c1-1325-40bc-b4b8-39e4c05a25bf	815	1342	91	38	,
19c8d924-f32d-4039-b6d6-87cd8610b46e	910	1339	97	39	31
5a520941-186a-4ca1-8069-ecdd8754b11a	910	1339	97	39	-
70152a46-d283-42c1-b58a-da566b554248	910	1339	97	39	7
52d472b9-2959-4771-854d-d6a021cde1bf	910	1339	97	39	;
088e362e-c29a-4752-aff8-709f01642630	1129	1347	150	28	married
f5ec78fb-0e33-43a0-8195-58425c64cb5b	1283	1347	96	28	eldest
abb22a02-ce9f-48ee-acc8-161ed2e5234c	763	1372	147	38	daughter
b5355839-dbde-4042-b295-f8841f5c105a	915	1372	48	38	of
756bfc9a-ab00-40d9-ac06-4be9df3e915a	915	1372	48	38	,
4ca034b6-2871-4ed5-9267-b8bbc926b13e	967	1372	86	38	31
07c95c61-7e1d-4e5f-ba08-b29eb564de52	967	1372	86	38	-
416ea54f-09dc-4241-ad5d-38a3f6fa203f	967	1372	86	38	7
fb2fa12f-5038-460e-ab04-84a2d517266b	967	1372	86	38	;
4826d0fa-1d22-4975-8a35-947a47220c8f	1058	1372	95	38	death
9f87f59a-eadd-46a3-9143-a997998920b8	1157	1372	47	38	of
4db32363-59dd-4d46-b326-c00c66b35dd4	1157	1372	47	38	,
ce135b15-2da9-4994-a1bc-3ace6ae0e10f	1210	1372	38	38	at
3a019b13-c846-4dd1-b8fb-d518ca4d19fc	1252	1372	126	38	Nahom
f8fc44b0-1bd1-4bff-b507-baef75867fca	1252	1372	126	38	,
e39fc15c-ade8-4564-b95c-94e3125765d7	763	1404	104	32	33
1237bc04-9693-407a-869e-2406591b918e	763	1404	104	32	-
8ca39e43-be41-4eae-8fbe-9db5f1af25fa	763	1404	104	32	34
e9086cf8-77d3-469d-a452-4200e0a8c0e5	763	1404	104	32	;
c049f470-9e02-4ce9-9d2f-2269668a1b3c	872	1404	124	31	Lamoni
c01fe180-3749-4b8a-ad40-f88d8c1fb5ba	999	1404	182	31	descendant
ef9a6d83-0e91-4eac-ad4f-4ba36d8a875b	1185	1404	47	31	of
e4cb39fd-de38-4b81-a763-cd66a765529e	1185	1404	47	31	,
b74a8f3b-e1f5-4dad-9071-1d7186887ef1	1236	1404	114	32	239
bbd9e199-74f2-4405-9cb3-222fea04da09	1236	1404	114	32	-
9e5b4d7b-f630-4ff3-b7a6-a90cb3b26376	1236	1404	114	32	21
b1f9086e-d060-462a-8b62-4b1a56a2a5bf	1236	1404	114	32	.
b54673c1-d2c0-4fc0-bb2d-f156aa4e28d2	732	1429	142	63	Ishmael
ffc83946-fe6d-4d3c-8e0b-140e77569099	732	1429	142	63	,
babb8cb0-cb55-4de9-9cdb-3e6fc34bbf37	882	1429	181	63	descendant
755babd2-ba82-4107-98d3-4e27f0956ac0	1071	1429	47	63	19
48083ba8-3090-443c-af07-b9a49d405266	1071	1429	47	63	:
13b7a6da-16e8-4b26-b16d-8ab5a571eed6	1126	1429	126	63	Ammon
1c21e6b4-439d-4de9-966d-178cf49348d4	1260	1429	47	63	2
ac8ded50-a8f5-4f6f-9592-de3831aa9427	1260	1429	47	63	.
44f556a1-f90d-49b3-b7e0-42684c4baf7a	1315	1429	67	63	233
04323e47-1959-4c7d-8100-1408511d990e	1315	1429	67	63	.
15e7e8fa-4761-41f7-a120-a5945ecad6f2	760	1489	52	38	20
fd5794fe-5c9d-4ce9-9880-3f790b55d7ba	760	1489	52	38	,
f8d67c47-96a3-480b-9d57-3143d41716b5	817	1489	114	38	239
71c2999f-14f6-4a72-ba68-84c3cd2ca974	817	1489	114	38	-
a6bc7715-880f-4d8b-90dd-cdc316e6fed8	817	1489	114	38	21
d17a8988-53f3-4cd9-9ea0-43aa0545312b	817	1489	114	38	;
805373d2-74b3-4946-b86b-6fd0fd3b38ad	936	1489	190	38	synagogues
c816c8c4-493f-466a-a1f7-c31844e75109	1131	1489	81	38	built
669e87e5-e215-446d-92f8-18541674ecaa	1216	1489	48	38	in
f3ef5d4d-1a33-4c2a-a8bc-b55ddab63923	1216	1489	48	38	,
cf7b4e4f-072d-43e8-a19f-8cc4e3955aee	1268	1489	110	38	251
cd5d64dc-6b9a-43de-b6fa-5c119ebfb0c9	1268	1489	110	38	-
b50cbb0b-7b58-496d-af4d-141be7f78136	1268	1489	110	38	20
e8b06930-c668-4855-aa39-d7611af11dd4	1268	1489	110	38	.
5fb1c8eb-6563-4322-8a88-9f9b51cdd823	732	1518	88	38	Isles
d8259589-03a0-4ab4-9e62-8e773528ba15	732	1518	88	38	,
ac9095a6-dff6-45af-8f5b-0bc1037a72d3	824	1518	37	37	of
61dc2f84-b9c5-4bde-b150-710722c4817a	866	1518	65	37	sea
452c0c28-8eaa-4b46-a926-46c82ca97e0c	866	1518	65	37	,
2a1217b8-8808-4be1-9a43-61f49d94efbb	936	1518	37	37	to
1d1c41e8-33d3-42ca-a95c-62a35bd75843	977	1518	106	37	suffer
28452071-40d0-41dd-b914-e8a44a471f25	977	1518	106	37	,
63d027d4-12a1-4f35-a6b4-b4b9c57023a4	1088	1518	102	37	42
43df11c7-db13-46f0-8442-855279b2af95	1088	1518	102	37	-
9c6200c5-00db-43f2-8c86-5f6b675b88c7	1088	1518	102	37	12
527f80b7-12f0-4b93-9018-7849eef84595	1088	1518	102	37	;
5973b8f9-fe60-4dff-a380-e10c7e761803	1195	1518	97	37	Israel
869b9f07-9d6b-4b85-9d03-90410585ef71	1296	1518	79	38	scat
f1776452-e018-4316-a4cc-35973f93f34c	1296	1518	79	38	-
f44ae691-7f28-49dd-905c-847681c4d812	760	1546	41	66	te
b851d7ee-a958-4b4c-b6b2-bf6ea147f6eb	810	1546	33	66	ed
319a186f-ac03-45a0-a2c3-d82652f95e91	851	1546	99	66	thered
1f0719f2-74d5-4a9e-8aad-893f97028a60	958	1546	91	66	from
066b47f4-ecf6-4315-b033-a22602e614e5	958	1546	91	66	,
09705064-458b-46e2-89b9-745b37f26f8b	1057	1546	116	66	People
2a0ef7fe-cb4a-4d20-a8e1-18b5abfbe0fe	1181	1546	66	66	be
e7c8cba4-cfb6-4c3f-bb5a-6d9275ee460c	1255	1546	124	66	recto
346eca4f-d95f-4b65-a274-8ed44a4500c3	760	1603	49	66	bee
49cbcdb8-0027-415a-94ce-3c4d7b0eb741	818	1603	41	66	d
0b2050ed-425e-4c6d-bd1f-84a64e2004e3	818	1603	41	66	,
71c775ce-c6f2-411c-b02f-5c28df0cf9e1	867	1603	50	66	on
3224fdd5-3e11-44ef-b390-4535e5774ac8	867	1603	50	66	,
15e1de90-a3a6-476a-a823-1aa6bc0d3870	925	1603	41	66	7
efc1cc0c-8d01-4560-9968-4993615d44e1	975	1603	157	66	promises
b4533a5a-45ec-4133-a847-524839f0460e	1140	1603	33	66	of
3a016e78-0831-4c3c-a098-6ca06c0ba8fb	1181	1603	66	66	God
e2c5bf4c-d360-4a3e-9b82-b38d5f058820	1255	1603	41	66	to
3a4495d3-bd94-4259-bfbe-0f5f68f6cde4	1304	1603	71	66	peo
132c68fc-79b9-40fb-86ed-0cc9f704bedc	1305	1603	71	66	-
78366c43-1e9d-406b-830c-5cb694cc49db	732	1663	106	35	Israel
0e78bf4e-8819-475a-aa0d-fba7ca1952d3	732	1663	106	35	,
e19d8b64-2511-40f9-8aba-9b1959c108da	843	1663	102	34	house
27fff63d-dd0c-47a8-9b89-b2b3c09a02f0	949	1663	51	34	of
29fed714-d178-4555-9a61-8f2e3b1b4ac4	949	1663	51	34	,
cf730b6f-7d88-4c25-8648-7f303d9ac910	1004	1663	119	34	likened
b37bc7f1-4a01-4f06-81d3-865ca787138a	1127	1663	81	34	unto
df5e6648-daa3-449a-9581-cc4ef500b101	1212	1663	166	35	olive
cf897d7e-5c7a-41fb-8d92-d7762faaf2b5	1212	1663	166	35	-
f88984df-65d5-4016-bb9c-9edc4f498536	1212	1663	166	35	tree
19e39d6c-a0d8-4a78-bcb0-a15115c41a84	1212	1663	166	35	,
ffdebded-e963-460b-b244-730d1253becb	763	1688	99	66	1
f6a2837e-c236-4e01-8bac-510e9516fc9e	763	1688	99	66	%
c76f4e5f-8893-4e24-a278-89cc5a88a8c6	763	1688	99	66	14
c2afe25d-9669-42ee-bee5-90ef9b09946e	763	1688	99	66	;
e8fd9654-1d5d-4258-b093-3769b5939618	870	1688	33	66	to
814f992e-1756-44e2-9c48-d8264164aa34	912	1688	41	66	be
ca67a595-f967-4ba2-960f-3b92f4f90a61	961	1688	173	66	scattered
ad92474e-2a9e-4d80-874d-3d60512ac681	961	1688	173	66	,
8faa1827-c793-4253-bfbb-9f6ed48869bc	1143	1688	74	66	then
cb356b78-90c4-4404-8e35-90006b6aabf8	1225	1688	157	66	apostied
cee7a7bb-7556-47d1-ba8b-ccd9a1bb3095	1225	1688	157	66	,
e8fe8fa6-8ada-4fc5-b8ea-4095040d673d	861	1751	100	35	fight
f10d85c0-87e4-4582-9a8f-dcc8fc5b2706	861	1751	100	35	,
79af71fd-e298-4550-868f-8541c2c70291	966	1751	140	35	against
e92d3241-6f8c-45ce-aeef-b08b0ab624b2	1110	1751	158	35	apostles
c2749b78-6eed-441d-922b-01c644a47b5b	1110	1751	158	35	,
b26e1463-7ae9-42d2-b7f4-f256047f92e1	1272	1751	103	35	20
908a99c6-8692-4dbb-878b-5f48ea8a187f	1272	1751	103	35	-
23a0b82a-a115-451c-abaa-309b0b4ff5d6	1272	1751	103	35	35
f2077e26-aad3-4a27-ad33-23000002afac	1272	1751	103	35	;
a1448287-6921-4508-91a9-135e706b0d81	763	1774	132	33	Gentiles
c1cc488a-9a99-49b3-88d2-7d5e11e8e62f	899	1776	43	31	to
80cad333-fffd-437e-8bd4-9146ef4cbfc8	945	1776	47	31	be
6cc6ff4f-81fb-4581-9d5c-c2ad0aebcc29	996	1777	163	33	numbered
a7a67ed1-dbe1-4431-910e-dfa02c339733	1162	1779	124	32	among
aecaf5e5-50d2-491b-8f22-9dac187f713e	1162	1779	124	32	,
a36b55ce-4dec-4f64-a735-935dad0592f6	1290	1780	86	32	25
b63dfbd2-1e3e-4bff-9481-236e87b34084	1290	1780	86	32	-
238b4a38-a6e1-4c7c-92f6-d1a15469565b	1290	1780	86	32	2
ec63c327-8fb1-480c-845d-a75a4d6c2ead	1290	1780	86	32	:
797a28cd-1be7-4c8d-a492-505369d8e531	766	1808	161	34	covenants
bd838d31-f9ff-4941-aece-6533002c1a22	931	1808	37	33	of
910aaf11-cf46-4fe6-a04f-326cf20cfe9b	973	1807	87	34	Lord
c21d65ca-66e6-4a36-b840-7254414f9272	1063	1807	87	34	unto
78e56d8e-8c98-44dd-88a3-8960a96d678f	1063	1807	87	34	,
9746a094-88b7-46a6-b2b1-a25b63635854	1154	1806	91	34	26
64e98777-301e-447f-8477-46a3b53fa89e	1154	1806	91	34	-
a1ae7166-124d-4be3-86fc-2e368f92a92e	1154	1806	91	34	5
199db9de-0682-4429-a44f-b687c11333af	1154	1806	91	34	;
8d81f0a0-1735-42d1-be3b-378032a071a1	1249	1805	87	34	work
0d9ab4c0-3a9c-4405-a57a-bd7739dafd77	1340	1805	36	33	of
be0059ec-8490-4b25-b05f-75dffdf361f3	767	1836	66	29	God
dbecb3a6-8c3d-4313-891d-42a9919e8b05	836	1836	40	29	to
d1d0f6ff-bf48-40f8-9d2e-16db3731102d	879	1836	170	29	commence
586b0be7-2546-41d6-8300-dbd36f05d819	1053	1836	120	29	among
e2561ff4-73d6-4292-8ab7-755771c2d245	1053	1836	120	29	,
71a2c3e1-b94b-4b9f-a452-11472c31ebd7	1177	1836	109	29	27
721e6b15-dd6b-4f27-8396-dbda4616296c	1177	1836	109	29	-
1e7cde3a-b23f-431e-993d-4a303a27887a	1177	1836	109	29	17
7baa5243-228d-48d1-88b5-dfcc300b0157	1177	1836	109	29	;
175917ca-457b-4932-afd8-4eaad9045bda	1289	1836	44	29	to
cb6827f8-8d0c-4233-9fab-162ed239446a	1336	1836	39	29	be
bf0ab245-3252-41a9-83ba-3e8fd04ac954	760	1862	115	66	branch
1426aedf-1119-4e82-8f3a-49e329bfbf7a	884	1862	50	66	and
0fb25d69-d86e-4873-b98e-df3f8093a2eb	941	1862	50	66	be
1ca2d337-140a-4864-b412-6fde3ca40c51	999	1862	107	66	raised
975c8875-016a-4bd9-8fb3-654e94b1a02a	1115	1862	58	66	up
cb43e505-fccc-486c-b774-218c20c1782c	1181	1862	33	66	i
90df48bf-9092-4aa9-9be3-82bf684f6a45	1222	1862	58	66	ri
fa914db8-bc46-4b39-a72f-f9b2cb1d4fb6	1288	1862	91	66	toos
f88de524-588b-481c-b372-257afc16cfef	1288	1862	91	66	.
7c60df53-e860-4f36-a911-f99b6ff643f3	63	1997	207	38	Immortality
5f0c7ae5-19d6-425d-8106-87a0ebf1d12e	63	1997	207	38	,
6845eb77-68ca-4406-9e95-3c5f0c54d556	274	2000	167	38	mortality
1939fe63-d42b-4153-b961-b0952ea67bc8	445	2001	140	37	changed
5a9e72bf-d810-46fb-874d-4636c8042fe1	589	2003	55	37	to
7a8681f7-4c4b-4217-8987-b06ad95196a3	589	2003	55	37	,
8b0e883c-6844-4d9e-87fa-a5f904238643	88	2029	51	41	13
3d815afc-43cf-4834-ac4d-ef552e3ce870	88	2029	51	41	,
c040af84-df82-4e08-b7c3-90fbf3f59b42	144	2029	113	41	127
103242bb-4293-44b7-9594-40bcafc0de06	144	2029	113	41	-
d4c20707-14d9-4fad-88db-4728041d8340	144	2029	113	41	27
7deefcae-6b17-4abc-b7cb-8990f8bf1f10	144	2029	113	41	,
81de6123-dc23-437d-84df-00e12abd173a	262	2029	108	41	166
9505641c-cec5-49b7-ae67-7647d4465c53	262	2029	108	41	-
015de296-2d84-4428-849c-c2570f0a0ba2	262	2029	108	41	10
f890ebf9-798a-4922-aa20-0c3c93688162	262	2029	108	41	,
37cd7ed8-ab91-49a3-9785-8f3e18c9f20c	375	2029	113	41	224
595cf039-f9f3-4f12-bc50-cb642f08aa2c	375	2029	113	41	-
de4e1524-a5fe-4191-a2c5-aa3691b113c7	375	2029	113	41	45
642a5d49-9848-4847-8ae3-2b191a60b95a	375	2029	113	41	,
911ac22d-8275-4d63-9a2e-dc972e77dedf	493	2029	113	41	226
66918504-416b-4450-bf0c-8e551622d362	493	2029	113	41	-
7b70200b-d18e-46dc-b261-fc77c014abe4	493	2029	113	41	20
1b50d2e3-a46d-41c4-80ac-9deddfc12d12	493	2029	113	41	,
414425a3-712b-4c7e-ad15-4c465569ead3	611	2029	96	41	452
3ec46241-15d1-42fc-83fc-6378434d1103	611	2029	96	41	-
17a03da4-c74f-4487-b411-3f2b29e0912f	611	2029	96	41	8
d51c22f3-46f0-4237-9ce3-afa838784ff9	611	2029	96	41	.
52b00efd-8089-42db-8e39-71b9bddee817	729	2004	81	73	Ires
bad07fb0-909a-4449-ba48-fee1158f3358	819	2004	36	72	es
c68dfb06-8e2f-43e7-b42d-e22d93af5b84	864	2004	27	72	of
040aaec8-cc69-4ddb-86a8-2fa87c7eb0b4	900	2004	72	72	018
57840ecf-90ee-4785-b73d-59ee39373687	900	2004	72	72	,
fe918dbb-061d-41e4-bc4b-98ad7c0a9013	981	2004	117	73	457
5ce42a8d-832e-4f83-922e-84bfe42d7d98	981	2004	117	73	-
9253994f-c860-4383-97c3-326950cec868	981	2004	117	73	17
b08b3851-014c-4ecf-9a5f-3f364bb40571	981	2004	117	73	.
