ID	X	Y	Width	Height	Text
8c96c0be-218e-4449-b511-1540a1a3dd0e	621	89	150	45	INDEX
61c77b0f-1dd0-4071-93a8-4db408601839	1281	88	76	38	557
8966328d-5a57-4504-a42b-2a3586e01611	76	164	92	35	Jesus
07e65d6c-9c25-4a4e-9a78-723d2b27360f	172	164	105	35	Christ
7fe54484-d06f-447b-aa31-2f817bad5971	282	164	114	35	visited
0cd19e77-ab24-46ed-b54e-e810940bc15d	400	164	57	35	the
651760d4-ddde-4e41-884c-f15356b00edf	461	164	144	35	Nephites
2ff5b35b-3608-471a-9eaf-bc288bb06a53	610	164	39	35	as
beaa1f96-a425-4be9-aaa0-6cb9d67b0216	654	164	37	35	a
4cf9b34c-5134-45ac-ba3f-1a42c71a2c70	654	164	37	35	,
349af9b7-0369-462b-8800-89f9843f5670	687	160	20	41	|
6a84d4ed-745d-4f33-98a7-596e0da99e38	712	158	125	41	Money
c211025f-3c11-4abd-964c-351e140acdc5	712	158	125	41	,
69b6f392-fe93-41de-a623-a12c226a1457	842	158	45	41	of
88a7c80d-bb83-4261-b605-04014f0eb2d5	892	157	65	41	the
b036f7fd-9dbd-41ce-9d1c-2bc9a1cdfa9a	962	155	160	42	Nephites
9fa48ffa-95df-4af2-85b4-bd5f512e6cb9	962	155	160	42	,
4b4f130c-37b0-4899-914e-af3c220e4c17	1127	153	115	41	222
fc77e43c-dc9e-4b51-9a40-d03f227c6517	1127	153	115	41	-
c86832b2-2de5-4e59-9552-3ad9c595d1ab	1127	153	115	41	4
7803aa53-79e9-4cfc-bf04-654044b31b4d	1127	153	115	41	;
aab2575e-a7fa-4d58-a496-c580f1c473bc	1247	152	113	42	wicked
81c1babe-88ab-4a61-9108-5fd3d6c47f00	76	189	97	70	Nei
1cf3a081-62df-427f-8584-fdcb2c275afc	181	189	26	70	in
2e5367f0-19b4-4d20-9883-3089104fc912	216	189	79	70	fort
81840b67-33d7-43c8-86ae-1b18adda0d00	304	189	35	70	of
494f8a15-9268-4be3-8a48-41c958199c0b	347	189	44	70	the
b74baa49-bd67-4187-9c93-aa40a5a283ce	400	189	88	70	ord
ba9035d2-c505-4c93-96b3-27687224bc37	496	189	149	70	manifest
a03e5e2c-b6b7-4ba3-b822-fa374d6ac293	654	189	37	70	to
3e319483-ee62-49c6-b083-a85ca2d73001	741	185	187	36	unpunished
9d8ece9b-9aa7-4de9-b8d4-72c2d4646704	932	184	136	35	because
2abba127-2768-4b91-9a00-d0cfbabdb695	1073	183	47	34	of
0bafa242-69f7-4ad3-83bc-ef9764c4f8bf	1073	183	47	34	,
c6c694b5-e71a-4458-98e4-b02595ead097	1124	182	107	35	under
efd9878e-9631-47be-97ad-0187c408711c	1227	186	133	29	Gadian
12ac16d6-1327-4d4e-b845-5fe81e1d0820	1227	186	133	29	-
598748ee-a730-4baa-a897-e58f4551ddf9	47	249	169	41	Manasseh
40533982-8196-445e-a8df-40ecc96de19e	47	249	169	41	,
cb7c93fd-01a6-4892-9291-9582e0c284c1	221	249	133	41	Aminadi
d2e6f510-2bab-47c5-a720-3d99bf383ecb	360	249	26	41	a
4d4866e3-c5ab-4f84-8d6c-f5f97775f84e	390	249	179	41	descendant
df3e3490-4c92-4016-aca1-63164b0d7113	575	249	41	41	of
f75b78e1-a651-4fd1-b83c-4ff382232121	575	249	41	41	,
4a0361ce-0fb1-4c2e-92d9-5f51b02c3356	621	249	70	41	219
a96c8432-5dd0-4364-b0d0-7b8a36d83eb2	621	249	70	41	-
f84f2963-f011-487c-a8ea-76e898dc84b0	76	281	38	38	3
75e5275f-7a84-433e-8f4a-ca9325d39ff3	76	281	38	38	;
65ce185e-d45d-4ffd-8081-d351a82f0147	119	281	81	38	Lehi
c23b58f2-3ede-4fb1-b3e4-10e531d785f1	204	281	28	38	a
9f0377a1-d579-448e-bd6f-7587c4952c07	238	281	185	38	descendant
51b8c5fb-b822-40ae-97aa-4d54dc035cfe	428	281	48	38	of
b5f2f443-3735-4cd4-becb-726844e7a90b	428	281	48	38	,
0eacd9a3-03bd-4232-b8e5-1b5a51ccb5ed	480	281	98	38	219
01baaec6-2ff4-4fa4-b18f-5d6ae37cbd0f	480	281	98	38	-
f8ed04dc-0ce7-43a4-9434-7412e3832945	480	281	98	38	3
6d680ad1-94eb-423a-8173-279e603e1c52	480	281	98	38	.
70f39eae-ac4b-49b0-ad31-69149589a6cc	47	313	148	39	Mankind
569e3a19-dfbd-4ee3-bdd2-7dc9fec71673	47	313	148	39	,
4945ecb5-3586-47ee-b430-09218bad2e66	200	311	125	38	became
fd289c35-a508-4e15-ac22-70c6028f97e8	329	311	65	38	lost
f8723522-bfc6-4889-b59f-6e32d0902880	399	310	65	38	and
008014f3-b516-43dc-a996-316fbd3a25fe	468	309	102	38	fallen
f8d4faf5-6819-4684-894b-a13dd251cd0e	468	309	102	38	,
7bf13a76-4de9-47b7-b29b-d9a0fe8a4211	574	308	114	39	226
880adef2-0ef9-4088-8e23-7fbb11c1a195	574	308	114	38	-
d5d0c006-e360-4aad-8412-c98db8301234	574	308	114	39	22
04396061-9a36-49c5-9452-b022687679e2	574	308	114	38	;
5a789fd4-fb3f-4c01-b96a-fc9e8e98fcda	719	304	147	32	Monster
6f24a9e6-b00d-4db9-8513-fd85506acaef	719	304	147	32	,
ec6ce703-e433-4841-9534-9d36c8f7c840	870	305	136	32	Ammon
7188ba1f-539a-41f2-bb04-e92bf9be0838	1010	306	105	32	called
ef683d83-47ab-4f41-95d9-5143770f1247	1118	307	39	31	a
03f4a54d-ae76-4e8a-89ca-870df96c801a	1118	307	39	31	,
cdd7d235-1fcd-4d48-8150-8476853a2efa	1161	307	136	32	246
36e2b3a5-43e6-476d-add9-13124c7caaf8	1161	307	136	32	-
830914a8-b4e8-45a5-9f8b-bf604364644b	1161	307	136	32	20
ab51abad-b176-406e-9bb5-55ff280b665a	1161	307	136	32	.
1c6bf902-0cb1-4185-8d03-a66a46ed27bd	1300	308	59	32	Dee
a1773acb-e769-40fd-86f9-120f5a885cef	75	335	105	41	Christ
d38af3cc-f740-4aa0-a671-ef510f7596f1	185	336	80	41	shall
e13ef09e-fc0c-4642-a82b-da56f674de55	270	337	120	41	redeem
4c1fbeb1-b282-4ee6-920d-fb04da64dd02	395	338	55	40	all
36b21628-ba57-4083-9922-1da9c9ab2973	395	338	55	40	,
bb4df9d2-3301-45dd-b7e2-b61d38214fc7	455	339	115	41	244
9ce04a62-d4bc-49f3-be00-32cf34bf2edf	455	339	115	41	-
54a5f7f3-0cfb-4efb-a1e7-941fb79b7af6	455	339	115	41	13
164fbc2b-3dd9-4a13-8258-5ebb5c2efc56	455	339	115	41	,
93ef3043-923a-4f68-8012-90ea58dd04cb	575	340	116	41	394
04c7032c-cd98-4450-b2d4-9ca471d472f0	575	340	116	41	-
3eb79aaf-7f26-47e6-bea0-a031d5348b7f	575	340	116	41	16
08c2792d-b0cb-4181-8554-ba94f5d91fe4	575	340	116	41	.
7a6798cf-6c79-4ba7-b665-7d07a2463b09	741	330	72	35	also
14156626-5f0e-4db5-afba-380377b7997e	818	330	101	35	Devil
02a36e6f-3ac6-497a-b172-ff640ea37d71	818	330	101	35	.
f46b9b98-b2c0-4cae-9aaf-31d09428649e	47	369	118	38	Manna
4fc82e5c-790b-4c2c-a1ea-5474f0288279	47	369	118	38	,
f9648333-8954-47ec-a064-8320095855ad	171	369	100	38	Israel
e88ef83c-b67c-4be5-a808-f28cc3918fca	275	369	57	38	fed
1119f7ec-14ea-4e18-a696-64f59b15cf2b	337	369	85	38	with
a06e1c42-6f37-49ec-9b7d-cad90da314c2	337	369	85	38	,
d59dbcda-e585-4624-9040-ac5e1cd4bc53	427	369	112	38	148
0eebf9fe-7b25-4860-b2af-7b1364dbe24b	427	369	112	38	-
e9d34647-96b3-45ce-80b5-0a1126987508	427	369	112	38	19
5db38d71-506f-476e-b3ae-b996e6793b46	427	369	112	38	.
99595ffb-bda3-4036-8197-d9a26949ab65	716	361	221	38	Moriancumer
c204480e-a920-47fa-b4b2-1aa5cd46082f	716	361	221	38	,
1896f4fb-bda6-4c58-9244-68f779b738d8	941	360	167	37	temporary
0b586e08-fb1c-412f-b588-8756b7e67a14	1112	359	122	37	abiding
66706455-fe33-4e1f-b5e6-a9310ac41772	1238	358	86	37	place
0f9df5a7-53b0-40a4-9efe-f0bb47f831e7	1328	358	38	37	of
88977ed1-607e-4874-9a03-765ca79da844	47	401	164	41	Mansions
23b8b92b-89a0-431b-a4ae-835c4499580e	47	401	164	41	,
e2d1b720-9071-49b5-9b46-4de2170af16d	216	401	41	41	of
0dbed6bd-decd-4970-8c1b-232b9678e861	262	401	62	41	the
6f1589c2-b79c-423c-a0ec-71b6fd670b2e	329	401	123	41	Father
c761c20c-b1b1-4149-be9d-dbd3b881a755	329	401	123	41	,
b9804071-066e-4852-a4d8-288654155cf3	457	401	118	41	127
36c90d49-d812-4bfb-86c8-b183feae6a65	457	401	118	41	-
0b9e59f7-e3b6-4ad9-ac4c-7680b5acd7e0	457	401	118	41	27
cab66c1c-15c6-4d4c-a302-e74f9e095a23	457	401	118	41	,
a57fcd60-8064-4e43-89fe-0721b1ace2b5	580	401	114	41	502
549c17bf-77dd-4754-8ae8-134b21eb7e3a	580	401	114	41	-
af5ef200-462e-44cd-850a-493deb983a8f	580	401	114	41	32
b33e42d5-e2bf-4cc1-bf20-61df0f25d0be	580	401	114	41	,
39315346-e65a-4fc0-a473-a8fa0a2ae54d	745	394	159	32	Jaredites
3cadfcbd-01fe-4dd8-8b99-1fba4fa54356	745	394	159	32	,
3321c2e8-2a9d-4eec-95af-97dcfc79a2bd	908	394	114	32	401
828995bd-50f8-453e-923a-0f46330c9918	908	394	114	32	-
a0b404f1-1e70-45be-800a-2a4314f928d6	908	394	114	32	13
fc4b731e-a9ab-4372-9847-ff8a8b7934b1	908	394	114	32	.
9404e21b-a47b-4be2-ab5e-13bc6675554d	719	419	180	38	Morianton
5d0ef2d2-d9c0-4be5-94ca-f71a5310736c	719	419	180	38	,
a1ee9333-47cd-4a94-8331-578234aa9dac	904	419	153	37	proposes
cacb2f05-624b-40b7-a2c8-308c9eeea339	1061	419	45	36	to
a14b7642-d2fd-4659-bb9a-28017844bcde	1111	418	68	36	flee
4a1c3681-e160-49a6-a1e8-9dc43f12c312	1183	418	180	38	northward
891d5788-d831-4796-9109-9b0d183c5a28	1183	418	180	37	,
257b3b87-dd70-443e-a308-c2ea3a6fe980	745	448	120	32	323
ad94a5db-15e5-4caa-935a-e091ff46c5b3	745	448	120	32	-
52ff1231-aac4-4db2-b61d-b0684babc404	745	448	120	32	29
89c6e81a-3b14-4d5c-99a6-2e90f64325ab	745	448	120	32	;
08c10802-43a7-4b69-864c-53e4a2812628	869	448	92	32	maid
f88eb2c5-6906-4a8a-8e81-b056a018b9e9	965	448	132	32	informs
1797ace1-abbd-4279-a326-3d453ba2dccf	1101	448	124	32	Moroni
bd2f3d6d-8a4d-4710-a132-5a7d58d5669a	1229	448	40	32	of
ef8e1ab6-9cb2-4714-be13-dcd4f6f9b393	1273	448	87	32	plans
200f3d97-90e4-46b9-b2dd-8855e6867830	50	467	107	35	Manti
30b40f46-bb5a-44aa-af9f-83332fc84ae3	50	467	107	35	,
f3286c2d-d6a0-4ef1-a466-7c53240030dc	151	464	9	38	,
4bb438ae-cfc2-4100-b199-813339401eb0	165	464	76	38	hill
ca7f7c4c-10e4-48e5-ba05-bf8f6f32f256	165	464	76	38	,
327bb36a-a000-494f-a1a5-83893a742581	246	464	109	38	Nehor
553e3f81-f91f-4197-bc03-843ff1c9e827	360	464	152	38	executed
104f1832-a563-4ed7-a07a-f96b1268c191	517	464	57	38	on
de1c6df4-04d1-4cac-bf27-40573c00793f	517	464	57	38	,
34f2fd76-c1a1-4014-b0dd-9d5dd231c5a5	579	464	112	38	196
10076713-4ee7-4213-9d51-8c58a64f6bc0	579	464	112	38	-
aced4a02-2f0e-4986-bfb8-d564e57ef0df	579	464	112	38	15
7f20715b-c927-42fc-835f-4605f187c866	579	464	112	38	.
412982b2-a517-4f82-aefc-336002301d83	50	500	111	32	Manti
abb5010b-df42-465e-9edb-f8638fa3a02e	50	500	111	32	,
fa6d9a98-0f5f-4c0a-bc4a-09ef20400cfe	154	491	141	43	Nephite
50e0feae-04ca-4083-9ee1-8e7ff3a8a4de	299	494	121	43	soldier
c5860f08-1843-4e66-b8f2-3fbdf04822a4	299	494	121	43	,
d66bef5f-d143-498b-b49b-9920af76b31a	424	496	116	43	199
1cc8aea4-9b2f-4fde-a795-878571abf36f	424	496	116	43	-
02fe8e4c-39e5-4383-bb74-0cc643b76040	424	496	116	43	22
3852d59d-0168-4472-8fbc-82e82c48095a	424	496	116	43	.
7e770ae4-53c3-4fa4-962a-d72c0a85e4cc	719	472	171	65	Morianton
96f8b2ff-1f42-4228-9f46-dd56513cf783	719	472	171	64	,
d6afd01c-edbb-4695-a57c-3183e913b496	897	474	148	64	Jaredite
62ca8f8e-d16f-4ae4-a975-1ab0fca2a3a3	897	474	148	64	,
a6fd032a-a319-4aca-89f3-b8c99f879feb	1052	476	93	64	desce
30128519-cea9-4198-bf4f-1ac1e1274436	889	504	162	36	Jaredite
dec05f0c-9337-4213-b86d-45c3b6d2e242	889	504	162	36	,
a83b50bd-9749-4a1b-8d8c-9a060c5dcc3c	1055	505	183	36	descendant
ccdc5c0c-c1d4-43bc-ba49-91a48a656637	1242	507	43	34	of
ce3171e4-4c6b-4ff5-ad27-ba6458b38e49	1289	508	74	35	Rip
d7158319-07fe-4ad0-9f2e-a749d4f20d47	1289	508	74	35	-
327770ce-f860-4f94-9cb6-26a3d80d6f9c	49	526	113	36	Manti
46afbc90-40a7-4c82-b2b0-348e6589995c	49	526	113	36	,
59d0f1d7-f01b-4bdd-be9b-03fd33262363	50	524	115	66	Manti
4ba79975-2996-43fc-a9d0-7816d2684b83	50	524	115	66	,
b4c6a0b1-d660-4a2d-8931-474a159717ff	174	524	66	66	lind
3549d715-8b10-4015-8300-06642bfb4522	248	524	50	66	of
a4a2da1b-42fc-492d-8316-d5cc2471ca65	248	524	50	66	,
707b69eb-d3c3-4308-be17-53f4c4fd37c1	306	524	101	66	343
41414a7b-3fd4-44bd-b69c-f8de4b8836eb	306	524	101	66	-
d88edb93-f590-464f-a7e5-3b581bc3c22b	306	524	101	66	22
bf88dda7-1f47-4b2b-977a-62a4878362bb	744	533	115	35	lakish
76f69aed-7720-47f8-a46c-e600b989d448	744	533	115	35	,
6e6718fb-8dfa-4255-a76e-7fa90d794e38	863	534	124	35	479
a2080dd4-0ecb-45f9-ab49-80b0d816bb9a	863	534	124	35	-
75707a3d-b4dc-4062-8128-988584c3339c	863	534	124	35	23
35a31dc4-2af3-4792-81db-706ba917f038	863	534	124	35	;
2b345b20-68bf-4fbc-b220-9058d41cef4e	991	535	145	35	becomes
b4c4e7dc-9ad8-49dd-b0b1-c21bbca4bf65	1140	536	90	35	king
9f8b984d-3616-4966-a7e4-5fb52d2f7c88	1140	536	90	35	,
5e47c1a2-d34a-4faf-bbd6-571fef32b793	1233	537	98	35	496
d0705850-ed75-4244-a023-0a41dc9055dc	1233	537	98	35	-
82361bff-12e9-4dcc-a0bc-74369ee0599d	1233	537	98	35	2
1edb7a4e-4a5f-4ec0-a3a1-bbe8e572f472	1233	537	98	35	.
27f227e7-6630-4e4f-982c-ea2996496df7	297	555	132	35	343
0c2bd7ef-e3e1-4f67-8e21-4c5fbd568a68	297	555	132	35	-
2add9553-b41a-4984-91bb-9657f538d78c	297	555	132	35	22
8ab59c50-7fc5-4c5b-af41-04a24f2ea2ba	297	555	132	35	;
aed28de7-b0f4-4ba1-a838-e8808790843d	433	556	102	34	taken
51b3b028-3ab0-4129-bdd7-64561d00a37d	539	556	55	34	by
7158a148-fe21-4a7d-a41e-7248654695ec	599	555	92	35	strat
1056da40-fd9e-4149-9151-552d03f6c1e8	599	555	92	35	-
5b3a2c2c-56e8-4110-b529-76e7b6c5abe3	722	565	184	29	Morianton
40f7d96d-622c-489c-8670-f20db3cb4738	722	565	184	29	,
492e732c-70c4-4189-ba26-2a2bbab1019a	910	565	77	29	city
3076c06a-c65d-410e-819b-ae614633e731	981	566	66	32	of
f91940ae-4b78-46ee-9481-96125e591d11	981	566	66	32	,
0ec2ec63-bc9f-43c9-8f07-d9e0e952924f	1051	565	155	32	captured
159c8b83-a0cb-443a-b4eb-87f8367d7b90	1210	564	58	31	by
5d720d0f-2f96-47db-b19a-ff9c40913bb9	1272	563	91	32	Ama
8960afa2-64a6-4209-9b2f-8feedf66ccf0	1272	563	91	32	-
f44581e3-e389-4ace-8e0f-78dafe67241d	79	584	100	38	agem
21a87101-e0a5-435d-879c-fa75a0d033ad	79	584	100	38	,
dd83891a-2958-4f25-a38b-b3fc4809268f	183	584	119	38	345
e9f0d03e-f965-4c47-9d56-5ba541e674a1	183	584	119	38	-
f5fef3b8-e3a4-4087-9a19-f915abe15097	183	584	119	38	13
3ecf66f8-d9c5-46a2-9753-f80926e4a22a	183	584	119	38	,
66bc728f-e78b-48c5-b02f-48fa18419a05	307	584	116	38	346
cb99c778-1730-43ed-abf5-33db760a4bb4	307	584	116	38	-
5a71bff6-79de-4699-9ef2-b234c9762433	307	584	116	38	28
7dd1f02e-b471-4ae5-acc9-d451f1381884	307	584	116	38	.
3a16591f-59bf-465e-86f4-ff6516c9a6ab	745	593	124	35	lickiah
5732808c-2f7e-4e46-a78f-fe02821f4d79	745	593	124	35	,
f42ef18d-b6b3-4644-b2f3-a4bac0007d4e	873	594	119	34	326
d07ba046-0563-4036-b84e-5d3c6166f822	873	594	119	34	-
199c188b-467a-41bb-87f4-1c74fda0a56c	873	594	119	34	26
1d77722f-0aac-40b5-91b6-a9cc6fa599d3	873	594	119	34	;
8be19b5f-e5c5-4d03-935f-2d9b9aa80461	996	594	132	34	fortified
46efa697-a8f9-46a3-9b17-167707898e10	1132	594	51	34	by
6ff431cf-4557-4844-810c-eec7465f16e0	1187	593	179	35	Lamanites
2975f06b-1e97-4c46-8e4a-02c008ea199c	1187	593	179	35	,
c3c5ee1c-33b8-4f38-820e-f2b3b148b606	50	612	95	38	Mark
9d3a866f-19c0-4e95-a503-7aa647c5a0c0	50	612	95	38	,
12aff0cd-39e7-4898-88a4-f1fa99ca3723	150	612	52	38	set
b9b59e54-5486-4b9f-9f8a-37b4cb8f0c7a	207	612	48	38	by
d3e6149c-d4e0-4e24-8578-7d95ea48ce3d	259	612	66	38	God
35b29d9a-1293-487f-b12a-4bd65a319402	330	612	81	38	upon
c7fc04b2-5921-4451-bed3-aca928920fb0	416	612	176	38	Lamanites
9ecb405f-9b8b-4966-9567-77caf395bf5b	416	612	176	38	,
8bc71c0a-95b8-4137-a094-862c7e6ae223	596	612	101	38	201
25e716f8-cea6-446c-96d7-19591ded432d	596	612	101	38	-
787d1104-4e56-487b-840b-8ae917295135	596	612	101	38	6
648a9036-bc93-4895-b745-0b92fbdedc77	596	612	101	38	,
d0462d33-f71c-469b-8f4f-0e2d8d880109	79	636	117	39	202
60b06635-14c3-4748-a5dd-0ca979373ad2	79	636	117	38	-
6a2e085b-86da-46d4-a27b-cc30ddfeb9c7	79	636	117	39	15
e707a7e4-5d2f-48f0-8e17-46fc0ed5b79e	79	636	117	38	;
70db5367-e930-4ee1-942e-8939ba6ef1d9	200	638	68	37	red
d8447d5a-4484-43ff-9371-4c93de137b97	200	638	68	37	,
50088b6f-b55d-403f-9355-1ed96823fc73	272	639	50	37	on
48108473-66cf-426b-886e-da4d64c62440	326	639	167	38	Amlicites
677d3d66-346d-4063-bad1-00a4fe3552ea	326	639	167	38	,
c1c72bf5-7313-4d24-8fa0-ee61106e3fd7	497	642	99	37	201
cb64e941-af88-40fc-9b0f-cd4ff6603149	497	642	99	37	-
7b936c81-e670-4f18-acce-32c17a23fd7a	497	642	99	37	4
e1264385-4267-470c-813e-55b3a6a33bbf	497	642	99	37	,
9bae599a-7090-4237-8cde-930ccf2116be	600	643	50	38	13
08597b96-2dcd-4670-a14a-065adff2986d	600	643	50	38	.
17693ac6-810f-4c09-be0f-21f911e5d57d	747	621	114	33	337
9781b8e2-6b64-42ce-8709-aae85daef4a1	747	621	114	33	-
44e4f234-8413-4947-aa24-178a551c369a	747	621	114	33	33
e5d7da20-cd25-4745-afe0-064048caed20	747	621	114	33	.
9f71c3b4-01b8-44bd-b7a9-fc058a285db2	54	672	156	32	Marriage
4cea1868-bffb-4e55-8c8c-2b854f8f59b7	54	672	156	32	,
0946adc0-e696-495b-a0cf-dd38bb2dd9ab	214	672	40	32	of
de184a34-89cd-4b12-8cc9-ddfabb924be9	258	672	76	32	sons
e99326cd-4398-40cb-9a26-b4c990a15aff	338	672	44	32	of
917776d0-42e7-4d9d-afbe-a2d53dbd3e71	386	672	84	32	Lehi
958f3d49-d1b5-46a8-be5e-073056820806	386	672	84	32	,
91f0eb51-7fd8-4aa2-91a2-b1a140377fba	474	672	81	32	31
a610de0e-7850-47d8-9eca-61b2029043e6	474	672	81	32	-
229c1b48-7158-4060-8a91-f3da7c6cf7d0	474	672	81	32	7
ebc94ae4-45d2-4684-96f3-c80d3cfc5d64	474	672	81	32	.
8ceca057-099a-4287-a639-d4f43a2c0577	158	697	144	32	mother
6e92b4e3-a07f-448c-8f35-2d360b1a77f7	305	697	48	32	of
d2cdf669-828e-4092-aa33-7f4a4a45ad2e	716	644	146	73	Moriant
62bbefde-8c75-4bca-900e-58da622c9384	716	644	146	73	,
ac3741d9-8fcd-4097-9e02-cc2e6bd71264	871	644	82	73	Book
bbbab463-a63d-4e29-8dc2-d42034d2c07b	962	644	46	73	8
ecbd0f35-493b-46e9-bf10-8029e70259af	962	644	46	73	,
9dfb3cbf-cb92-4202-932d-62fa89afd3ce	1017	644	137	73	4322
7e993363-38ab-420f-96dd-f9b3f8694e60	1017	644	137	73	-
953c7b4a-eaed-4bdc-b898-2e7a724bd3bd	1017	644	137	73	25
3b95fdab-6801-44b4-bd13-aa4c332ef1f2	1017	644	137	73	.
a29f2d70-e556-4a30-911f-e24dab62b2a5	50	698	148	67	M217
2af4fd17-432c-48f9-a7b2-751e2267afb8	50	698	148	66	:
afde1557-f638-489e-b6d9-f43b29e28f82	50	698	148	67	10
c90d449f-d3a4-4907-b8ac-ed78b6165001	50	698	148	66	.
e77fb6e5-c4d7-4334-8231-d6b858b5dc91	201	710	73	60	See
b84b03c2-c388-4c91-a30d-36193ac493ee	276	716	80	61	also
591781df-2e1f-47e2-975c-ad51a9b96b84	358	722	123	65	Virgive
0103663f-9df3-4ea7-a159-af1a4df202eb	356	704	120	32	Jesus
79d9abb3-ad00-4016-9338-453e7e873ec0	356	704	120	32	,
9451cbde-21bd-480e-a36f-ec0ea3f27a98	480	704	112	32	18
54b45a3b-3ede-4c11-aaf7-3c57b2fa0dac	480	704	112	32	-
2ba4972f-1085-4be5-8875-55bebf8d6f62	480	704	112	32	18
95b7dc24-1b04-4c8d-b5e1-6220ae56c286	480	704	112	32	,
4f22f711-a2be-4fa4-b1e9-f500f76f1e7f	596	704	98	32	140
e46f51ba-da26-47cc-a2d3-4cdf37bf6da2	596	704	98	32	-
ec11f891-6a58-4aca-8704-1b3fe181917d	596	704	98	32	0
e69d89a7-8984-4ebb-98c6-38fb7c83a910	596	704	98	32	,
8b7ca267-f4f4-4801-aff2-5d08dd7dddff	722	707	148	35	Mormon
4642c021-88e7-47ae-8570-459a515816e0	722	707	148	35	,
d3c1502f-1c05-4767-84c8-4c31438d89bc	875	707	109	35	father
ec61b3c5-8f96-4ee5-a46a-4d19f0159ede	989	707	44	35	of
6db8ab47-3da6-46cc-9d2f-7a4dbe331008	1037	707	149	35	Mormon
fba3d047-a1d8-41b5-838a-de496ff3fac7	1037	707	149	35	,
57e290ff-bff2-4ef8-9f44-d7cf2da5b9b9	1190	707	100	35	460
e15e4350-c26b-4ad1-aa3c-e23ad8ec000a	1190	707	100	35	-
cb43534c-1140-4da1-956b-582ffe7b9fb3	1190	707	100	35	5
de6699d4-7a67-481d-b991-87b97e105163	1190	707	100	35	.
f3106571-12f6-4145-bcd5-662f60d94690	722	738	148	33	Mormon
e87e32e6-c6ab-46e4-8054-06c2406f674d	722	738	148	33	,
e0395ac3-dcb0-42e7-99e4-71503ef536a0	874	738	72	33	last
eeb62341-c14e-49f4-9c46-4d2c5023f436	950	737	96	33	great
1c435f3b-c63b-4198-bfc4-3a149b2e5b95	1050	736	108	33	leader
3f4f672c-7e44-43a8-8cfc-31270ae8a262	1162	736	44	32	of
c0cf48cd-c4bb-45b2-b29e-7cc866786c50	1210	735	153	33	Nephites
6ca78d05-fa64-4445-80ed-fe75f2625fcb	1210	735	153	33	,
f8a00fb2-2a75-4669-9445-0443cc28eb65	50	754	157	38	Mathoni
4762d570-58a1-4541-b0ee-38e1c46c537b	50	754	157	38	,
5903fac5-224d-4e54-a3b8-f1d7387eda97	212	755	74	37	one
95f66be1-ad81-4311-9271-1b10d1e22558	291	755	46	37	of
73486b2b-7889-4cac-9f9f-3c1e288086ad	341	755	69	37	the
631d1b97-0eac-4600-bc86-eccbc1582ab4	415	755	125	37	twelve
296695b4-b52d-4459-a102-ec1653ba088b	545	754	152	38	disciples
e7237625-4467-4341-8bbc-472e7f22d691	545	754	152	38	,
4e3f00e8-c2c9-4fcd-9b96-5c2a1874623f	748	767	100	57	plates
5329e2a9-62f4-4337-bf37-44a61bcf3a03	855	767	43	57	of
189ef95a-b3a4-4f2f-9148-bbafd73c4b82	905	767	100	57	Nephi
98035e89-c200-4620-a6bc-4f71c6196fb4	1012	767	142	57	wernor
784dfa01-2705-4800-9532-bea8ad859123	1161	767	71	57	own
29e50f2f-0cca-4059-8ca3-0a104e6482c5	1240	767	123	57	abridg
52a0e080-685c-4be6-b151-52df275ed013	1240	767	123	57	-
0763c958-c646-4b62-9ff2-03b1a9b6f365	1016	763	225	33	incorporates
088e5951-5981-45cd-9aae-8375f36f51f2	1244	766	122	32	smaller
d1419f3c-99a8-4c7f-a5f0-a2cae5eb6fb7	50	811	199	41	Mathonihab
89d1fcd1-b9c9-4264-bf28-9d47501296aa	50	811	199	41	,
44edbefc-6434-43a2-9e40-976545b59ec3	255	811	67	41	one
0bd9e682-0273-4e23-bb39-1bf46f19f968	327	811	36	41	of
fcc78fbd-abcf-49cc-8adb-1a184c8a013a	368	811	56	41	the
258208d9-3009-44a8-bb75-f624606ad82a	429	811	113	41	twelve
470758e9-805d-475b-9e92-53f7650c094c	547	811	150	41	disciples
76533998-a64e-45ab-bf65-3ba8f7d2af61	547	811	150	41	,
1299ae05-4d91-45e5-847d-ae67dea59cc9	78	842	97	32	437
49aa6632-04b0-420e-9bc5-3f1a76720968	78	842	97	32	-
9d3c66db-24ed-449b-8309-72ca1ef2e452	78	842	97	32	4
9eacda5e-8a60-40ee-88b4-d50b0352c4b7	78	842	97	32	.
f512ddce-e490-4df7-a92c-237c5da1458e	748	824	92	35	ment
8cd94650-8c72-4101-9e8f-105602cf28b6	844	824	48	35	of
6b5cf49e-c636-42b1-979f-9bd88e1d50e6	897	824	61	35	the
b6598f8d-6017-490a-9dd3-cce278ee57a1	962	824	114	35	larger
1748bf59-75c6-48dd-81ef-bee11af0eb58	1081	824	114	35	plates
91890a98-0496-400b-a22a-b6a2b2499c53	1081	824	114	35	,
c609d6ac-13fb-40a3-a870-6c935c54c821	1199	824	109	35	132
6d1c60cd-652d-4eeb-94cc-0b54a0ac51ee	1199	824	109	35	-
47f98300-861d-4984-87b1-3d363e6e0608	1199	824	109	35	6
0bb0f9ee-217b-4fc8-8866-7789539c695d	1199	824	109	35	;
66ac9d58-e341-4235-85d4-b39dc91ebfd2	1312	824	54	35	in
e2b85f46-e346-4c7a-9618-802ca92cc6c2	1312	824	54	35	-
9b20fcbb-72f7-444c-9e49-42b0bb3010fd	748	852	144	32	structed
e4ec80bc-011c-4ecf-8451-98cadf6b4d13	896	852	52	32	by
82e12e28-6e6d-4560-8a90-8ddd003fb387	952	852	168	32	Ammaron
53d4f63f-d8f8-4e36-b095-23f899e237a4	1124	852	180	32	concerning
fddc54d5-dc84-490a-8bb2-6cd870149191	1308	852	58	32	the
732d6bab-455d-491f-a6ba-f26777fb3211	50	871	161	38	Measure
92c31127-d8fb-44ca-82af-e95ef40bf4b7	50	871	161	38	,
0a6adb14-4016-4bbb-b7d9-79d154eb4f8a	216	871	57	38	of
5b684b43-51e9-4197-85ec-251faebc5911	278	871	124	38	money
12d5ce11-c1c5-4b4a-ab3d-4ac9d339a15b	406	871	128	38	among
a33a4a23-3ae5-4f18-9369-274bb331e0c8	539	871	158	38	Nephites
b45ebdfe-d127-44b1-b30d-0874ed139385	539	871	158	38	,
4900a158-3d7f-4548-b67a-d12d0001ad1e	751	878	130	31	records
e94c85a5-98bd-4cdd-ba19-d83588d4920b	751	878	130	31	,
6a578fdc-cd8b-4fc8-be6e-e6250e066bec	888	873	120	43	460
fe11c7df-1621-4686-b0dd-7bb2c1c0a346	888	873	120	43	-
b976f63a-9e74-43f7-8ee3-5326d42e6c41	888	873	120	43	2
a89a8dff-918d-422f-8566-309d01ab9e55	888	873	120	43	;
68c1d4e4-5b97-43cd-be2b-038b500cf782	1116	875	63	33	to
d68195b2-f081-43ce-948a-7a7f5ea92a9a	1182	876	188	36	Zarahemla
1c76e8ab-1ee4-4a14-9450-daac46633f9e	1182	876	188	36	,
020f5bfd-180f-48d9-b9a4-03dc9ee20050	78	901	99	34	222
0e4b2313-e634-4ed3-ab49-91ea3772b40a	78	901	99	34	-
024ce5fe-d3f6-4bd4-b0ba-e8009763b8d6	78	901	99	34	4
1a1b8b73-7f75-4d5b-ad3d-361d60acb849	78	901	99	34	.
7430b249-4596-4c6b-aea9-150399d80e1c	50	928	164	41	Mediator
7aa0dae7-1232-41a7-95ef-5e42510c594f	50	928	164	41	,
ae56cd89-0a9e-40c1-9ee4-2d2a8df14e1b	219	928	72	41	the
70342c86-0c72-46e6-8fa5-63661bb67fa8	296	928	108	41	great
301759a8-a987-4eea-b135-409a4212b093	296	928	108	41	,
765be907-e2dd-4adf-bf60-a670651e43b1	409	928	118	41	Christ
ebd8e4c2-cbb6-4582-8a27-bf8abf8fa7d6	532	928	51	41	so
03d50724-e574-4392-af8a-5f1bb6144133	588	928	106	41	called
92cb6f64-e21f-4000-b1a9-ec91b5a5d2fd	588	928	106	41	,
80bfc889-b5a5-435f-9680-352cc76b1107	747	880	103	60	460
ae97d578-0d9a-4132-97ac-1b9f670fc7de	747	880	103	60	-
fb28deb2-b20a-4212-8707-327a7278a695	747	880	103	60	6
9d2e4074-2fd9-4951-bbc4-ca4fe5036553	747	880	103	60	;
b7603769-5dec-4b56-8816-b123aaa0b113	856	882	124	60	visited
894db999-f436-4adf-a116-2281d908a79f	987	885	37	59	of
eac7684e-bda4-4dd9-9b0d-0c77069d4d85	1030	885	59	59	the
2ee61e32-5eee-44e5-8268-642acbb9a011	1095	887	95	60	Lord
37629bd7-a6de-4297-9cd4-908bfd33b057	1095	887	95	60	,
9ebfa927-3537-4ef5-8c5f-d634a22cc6d1	1197	888	124	60	461
a3dcb0d9-a64b-4a8f-a8f0-2ea03036be0c	1197	888	124	60	-
b90e84bd-7b46-4e9b-bf50-c219334ea4d0	1197	888	124	60	15
586f0f2c-5c90-4cb9-927e-31acac242439	1197	888	124	60	;
1fa18d47-7d0c-4993-b748-cfb8be927fa4	1327	891	36	59	is
3fba57fe-bb7f-4708-a6f9-56b086924ae9	751	940	166	25	restrained
8f71288f-45fc-42ec-8e1e-e457643ef425	920	940	87	25	from
7c64b4bc-f39a-4913-a956-4f40c5c89bdf	1010	940	169	25	preaching
7ee399fc-7842-4e07-8421-bf48a78477a8	1010	940	169	25	,
fa7c76f5-45f5-4a34-b514-4f559c1e3110	1182	940	125	25	461
2522de72-267f-4347-89cd-9f43919b21d1	1182	940	125	25	-
4614e511-2fd5-4135-a115-ac167a384ea1	1182	940	125	25	16
21b579c7-70ce-438a-9e9a-d27b99df9b0e	1182	940	125	25	;
f7031199-19d9-440b-a33b-728c3f800ee9	1310	940	56	25	ap
c851b870-abb0-4047-8db1-b0a371a503c4	1310	940	56	25	-
da00b311-ab28-42b6-8ccb-1661c1ab4fdf	79	959	98	32	55
518aa6e3-9a3a-46d4-9d68-4a9169397735	79	959	98	32	-
aa84f5a5-7871-4ff8-9e02-966126456755	79	959	98	32	28
9a520e8a-0a7b-41b9-8d66-d08020c667fe	79	959	98	32	.
f024c8e5-36cf-4806-80d4-89cc94ae102f	748	969	124	29	pointed
6ba9620d-148d-4baf-9fbd-3cf4aa1c0dc3	875	969	134	29	military
aaa17ecd-d445-4d80-9469-1b7c34704e1f	1013	969	112	29	leader
d99fc575-7175-48b1-a811-32088f355d1b	1013	969	112	29	,
bd221408-1b1b-48a1-8ca3-d17d8443b6d2	1129	969	105	29	461
e8efe737-57e3-4f50-adea-1cf378daa109	1129	969	105	29	-
a87883ce-efaf-4ee3-b421-2da9b64e2709	1129	969	105	29	1
5db1e77e-5e9f-4496-a6dd-4cb93be2b7cd	1129	969	105	29	;
cab5a5d8-6f53-402b-b01e-92afb7ca1e4a	1237	969	125	29	retreats
f8a8a090-a855-4859-9fd2-77a5aacba956	748	998	79	30	into
16b70081-9ca5-4901-954c-51a0d51d4643	830	998	60	30	the
f5e8c7a4-4969-4be7-a923-991408eaac89	894	998	82	30	land
39503174-5bf7-4d6e-9b5e-10dd8fb63d37	980	998	45	30	of
4ba19b4d-6719-4bd9-aa4d-5b2f67f671e6	1029	998	127	30	Joshua
f108e79d-86ae-4fa4-a6f9-c4bac99d8eeb	1029	998	127	30	,
3d3ab4ec-23bb-4674-8791-3908e7043b64	1160	998	112	30	462
feda5e8d-1f99-4339-85f0-9ff06b10666b	1160	998	112	30	-
303ff7d2-4430-4fe0-8815-c7aa5482377d	1160	998	112	30	6
5f7b7223-9a64-44e0-8e96-4c24e72eec76	1160	998	112	30	;
3db8662a-44e9-4aab-99f6-21bc5195a948	1276	998	87	30	takes
218a3ec2-ea85-4206-a264-03415abcb27f	79	1038	78	69	shi
12a35b7f-7b1b-43cf-a338-d717bfea7fff	165	1039	35	69	j
2433bbc1-27a0-4f0d-8e85-9f2fd9b2de67	165	1039	35	69	,
df27539f-bf0d-4de4-91bc-ac788133debb	208	1039	60	69	de
53e5ab34-6461-4ddb-8b8d-de8ffcbed466	208	1039	60	69	,
f9ba5844-526e-432a-b2f6-8bcba55f3587	277	1039	129	69	bressed
a086e44a-8f4f-45cf-988b-63d5bb43aae4	277	1039	129	69	,
d92503c7-8e5f-48ef-8664-8b3f98b1441f	415	1039	78	69	424
e57f0ea1-7977-45fc-979f-0bcd5fd93d35	415	1039	78	69	.;
7c344328-ab01-4b57-9cbe-f5b8b612db93	502	1039	86	69	teach
b7e06a62-060d-4edc-b926-be9f107f80fd	597	1039	34	69	to
8fa9c214-c224-49f2-84ac-9a208e851d61	640	1038	61	69	be
197e8744-c128-4b06-bb11-70cad0993fe2	640	1038	61	69	,
091350c6-c3ed-4c47-ae69-5c4d775a0625	747	1017	117	38	charge
4499e3cb-62cc-4d8e-8f00-f04f24bac184	869	1019	36	36	of
e4c38867-f11f-488c-9e97-2ace3f6b7f83	909	1019	63	37	the
d0ab674c-1f27-41c7-98a5-09c7b0a96aa6	977	1020	104	37	plates
f5cf2deb-e30d-4616-834e-c8eeb32ad9d1	1085	1022	41	37	of
bf36be49-c1e4-4510-aee4-1550e36d17fd	1130	1022	113	37	Nephi
043b2ad0-fbdc-454d-807d-5c3ae78cdf27	1130	1022	113	37	,
74ee899f-9dc2-413f-8b8f-58a6f7c010d5	1247	1024	119	39	462
0f69d5fd-f2b5-428a-95ea-3f9cf7c04b6d	1247	1024	119	39	-
5e3f9ca1-3a44-46e0-a4ff-ef3be731d90b	1247	1024	119	39	17
f0f2862c-bcc1-499a-b878-e55c17669ff9	1247	1024	119	39	;
f7cd9ee9-a0fb-428f-88c3-4a2cdda1c554	748	1054	116	32	makes
ad336911-7d2f-4aff-b4ea-961779ecc657	868	1054	112	32	treaty
bb1f221e-23ce-4fdb-b18e-ccebe1fa4791	984	1054	140	32	dividing
5372fda3-9a1a-4383-a4bc-3ea0a6171d66	1128	1054	84	32	land
3bbf2560-f353-45bf-b23a-6a676a0a3ebb	1216	1054	88	32	with
41ff8d63-589f-460b-a54b-e2651f65410b	1308	1054	58	32	La
28dbbc13-4d1a-4294-a5ad-1ff359cad132	1308	1054	58	32	-
d0bf0ec5-e5e8-4575-a6b4-52205b2f26bd	50	1101	211	35	Melchizedek
76f991c8-d066-440f-a3a3-c3f3d6d8e229	50	1101	211	35	,
328b62bb-6e1c-403e-9652-df857df4adcc	50	1132	108	29	Melek
1c17e9ba-39bf-4316-82b9-f5703005960f	50	1132	108	29	,
b97e9bd4-1b57-4ed5-b66b-887bf22645d8	162	1132	76	29	land
65b26090-cb44-4b39-8e65-63c7fd0e1a98	242	1132	47	29	of
f3eab7ea-3f1a-4418-b46e-654e698376b5	242	1132	47	29	,
bc18119f-3212-4ce3-8564-a390c6e1163a	293	1132	105	29	213
8fac85ae-5bd9-46da-99b8-636665c5525a	293	1132	105	29	-
c6f5cda6-7049-43cd-abe5-a8c25e4a6303	293	1132	105	29	3
0cb30532-f8c9-4a8e-baa7-9a87c0224296	293	1132	105	29	;
d50a069d-5a6f-4df8-a616-899551b21f58	402	1132	130	29	Amulek
f000995f-29d6-4056-bb86-fb2376415c35	536	1132	65	29	and
f9628244-765d-4882-bbd8-be7e99b01550	605	1132	86	29	Leez
6a37830d-8dd1-47f8-93de-e150b8b1fd3d	605	1132	86	29	-
d718d5b1-8e51-48de-9eee-fa5987760d55	748	1082	91	66	cast
e6a1d120-92b7-4e1f-aaf8-d84594ad27a3	847	1083	33	66	of
df7d8e84-fd86-4ca4-8ead-bafc74aa266c	888	1083	173	66	wickedness
18b8ab75-ff6c-4c4a-b669-4f04410d6901	1070	1083	41	66	of
048c0a18-74ab-4bba-89be-5c872af01abb	1119	1083	50	66	she
17089c97-c10c-4997-b040-677f5f28b43c	1177	1083	116	66	people
fc841aa5-bc0f-4a69-bf69-3cc940a6a9e2	1177	1083	116	66	,
8a8ef17f-cfbb-4b88-9f59-b954dab81182	1301	1082	72	66	b4
327e592d-684a-4263-9c7b-de7a571fe069	1301	1082	72	66	:
efe7a1f2-fff4-4c93-a542-fdb907f58bcb	79	1160	68	32	rom
021dd739-c7a8-4276-b556-993d5d6dbca3	151	1159	48	32	at
ca3f511d-f278-4c39-94ea-4828ec1bf33c	151	1159	48	32	,
dc1e733e-8826-44c0-a787-8bc4aa2e5bfd	203	1159	104	32	274
ab4762ec-018a-4b62-85bc-be56ee311425	203	1159	104	32	-
06bfa010-6e04-4367-b3ca-351732906a6e	203	1159	104	32	6
9cf24018-10f7-4d27-8b0d-296803ca6364	203	1159	104	32	;
2462302a-c117-448a-a4f3-e1658de38094	311	1159	108	32	people
6c3b44be-0afb-4d62-8e46-6071948a8d9e	423	1158	36	32	of
5a69881e-eba1-4a99-a145-ef611d4dfd08	463	1158	132	32	Ammon
0e2623a9-4c85-4601-851f-bd8c957b5236	599	1158	44	32	go
f1c7a681-14b3-4f6e-bb06-b6bd899875dc	647	1158	47	32	to
3fdbed65-4f9a-42bf-be53-c5c8eb5d4e4d	647	1158	47	32	,
4a1e33e2-43e1-4fac-a1f5-d3b9f9056067	748	1142	57	38	11
f5136d0c-58df-4d86-876a-3cc6a7cef2f1	748	1142	57	38	;
495fec12-111c-462b-8235-8560e5d7b698	810	1142	105	38	writes
b102be6f-b807-4170-b052-a662d34c2fb4	919	1142	57	38	for
92c87299-7492-4445-ae2b-619e718e1054	981	1142	105	38	future
5c104fe3-651e-47c2-911a-d75b45f12b42	1090	1142	199	38	generations
cad3f89b-6d5f-48b4-8d3c-e77971aa585a	1090	1142	199	38	,
053471e5-dc8e-42bc-ace6-8bf37aa9e302	1294	1142	75	38	465
afd41b71-570e-4b64-a178-d12e2c23fd87	1294	1142	75	38	-
a8732fe4-c92b-4382-8c23-838475323f03	79	1186	114	33	285
49597899-6bb3-41f7-83bd-03a23805eeb9	79	1186	114	33	-
5f3f3b7a-360b-4624-815e-71a408d4c6c9	79	1186	114	33	13
7840b395-6241-42f6-98e0-7a0fd228bdf3	79	1186	114	33	.
a279db90-37e3-4540-9227-aff1fbe7796f	748	1170	57	35	17
ae073612-78cd-4119-8757-25085b5b949d	748	1170	57	35	;
fa87ff23-ae69-4aad-803d-b596a23765a7	809	1170	96	35	takes
ccfc88b9-d37e-4cb5-8423-1626de5efdf0	910	1170	114	35	charge
051d73c7-ac72-433a-958c-70e4d11555e3	1028	1170	39	35	of
d12feb52-abb6-4f11-b87a-9672d2674383	1072	1170	127	35	records
60330b1f-87d6-4db5-b3a0-44fe4dbb0810	1203	1170	114	35	hidden
d228b711-82e4-4093-8d33-7759bfef55dc	1321	1170	45	35	by
03125fc7-15ad-4e96-bf7e-6b5578a9114e	50	1211	87	41	Men
ff640715-b672-4428-acdb-088ba1d6aacc	50	1211	87	41	,
15ea6e35-c64a-485c-aa71-3fcf66206c85	142	1211	113	41	Christ
acc277a5-9c20-4250-a978-7c4084a97d1c	260	1211	118	41	suffers
59fd714e-e0e3-455a-be0f-0f7a7ff54cd9	383	1211	92	41	pains
51346dab-96aa-44ce-8304-d0634ca99937	481	1211	41	41	of
db72b7b2-a660-46d7-a207-6e0612742aba	527	1211	62	41	all
618453bf-9db8-4b83-b3c8-309c5e7cfd90	527	1211	62	41	,
e5244962-0f26-4127-b27a-26923ffd6e3b	593	1211	101	41	68
8480d71d-dc61-48ba-a146-4ef803482811	593	1211	101	41	-
b4eab0da-c773-46b9-8226-ba6c6068f07b	593	1211	101	41	21
e6125a87-bbea-46eb-95bb-4f1c7a9fb92a	593	1211	101	41	;
f3d4712a-52a6-46b9-821d-fd094799f31f	748	1199	38	60	or
07dc5380-d08b-4b98-b391-f07e215ed030	793	1199	120	60	record
2fd9f9bf-4557-4749-a852-8208f793b43a	793	1199	120	60	,
b9e49754-91ec-4b05-9adf-0ee27a7f7582	920	1199	150	60	preserved
546e4d35-cebd-4981-9268-47620a17228a	1078	1199	52	60	it
02404a9e-10a8-4450-9cee-54aed40657cf	1138	1199	60	60	the
8bb8ae33-7526-42ab-b09b-ab8b65e46470	1205	1199	112	60	ridden
61f51b33-9489-40a1-9209-10fb8d0cb870	1325	1199	40	60	of
8d69fb47-7212-4635-879d-00bb30d4a84a	79	1243	157	38	becoming
e7acc6a0-5a40-42ac-9ef9-103a346fe002	241	1243	47	38	as
6d3d2ea3-521b-4abf-8351-a6f7a22243d5	293	1243	95	38	Gods
bda257c4-3f50-425b-8ea3-747ba8848fa8	293	1243	95	38	,
12ed0d4d-3748-4e85-b55f-53e52a90bbf6	393	1243	115	38	227
66683c26-9c25-4aef-bf17-fbd7e373ad69	393	1243	115	38	-
c60de5db-6699-45b5-b2df-03363da33ead	393	1243	115	38	31
141e15c8-3166-4d14-832f-122d6be05b4f	393	1243	115	38	.
55ab1b33-7971-4de4-8656-83447bdb042a	915	1227	168	32	preserved
2bc21236-4e6a-4284-bb62-c5e6609eb9c6	1087	1227	56	32	on
858282d1-cf18-443b-9703-ac1b318b383d	1147	1227	68	32	the
c08adb1f-cc6c-4616-8cd9-d6816685b3f8	1219	1227	108	32	plates
ab17082e-b575-41c4-a99b-5485e81cc36b	1331	1227	38	32	of
8a24da06-7489-4b7b-bc01-59a26aa00d03	50	1271	183	35	Merchants
c98e57a8-5bd5-44f3-bf02-c4c7588fcb25	50	1271	183	35	,
64d48ed2-6a25-457b-895b-73b043254387	238	1271	115	35	411
11f7f60b-5810-4d97-879e-d2313da77567	238	1271	115	35	-
ed00aa3c-a941-42c6-86fc-fbea2f97f1c8	238	1271	115	35	11
209d549c-a179-4b7f-be57-4e91fa51856a	238	1271	115	35	.
2dfa4e1f-bd68-4dc8-b302-655510a15d3d	751	1255	114	38	Nephi
74206748-9236-4bdf-a349-1965a161abc0	751	1255	114	38	,
596a1488-8a24-4850-b889-a3394a2564d8	870	1255	114	38	132
f17e45fb-5fcd-4343-b8c4-a82f4e98a8fa	870	1255	114	38	-
eeef0070-ab2a-4df3-80aa-effb27df6f95	870	1255	114	38	3
d23b12de-ef67-4e55-82d9-c70c9a3ec947	870	1255	114	38	;
530152b6-a3a3-436f-82e7-306f9673711a	989	1255	128	38	records
e4f9945a-28f9-4281-96cb-eef84f5f4e84	1122	1255	138	38	history
c89fe56e-7cd7-46f0-830b-5871524b40d0	1264	1255	43	38	of
5cab63fd-810a-4416-8ca8-afa160b115eb	1311	1255	54	38	his
190ae552-7d6f-4ae8-88d0-5b1217635d83	53	1291	115	51	Mercy
799b4830-96e9-4919-be8d-ecc9cb969b8c	53	1291	115	51	,
aba0496e-0c4e-4bc2-a164-2a29039f0369	173	1294	91	50	Lord
ec21d630-626d-4eca-875c-b26ec70f8ec9	269	1296	115	51	visited
8d4e0432-253c-4ca2-92ef-f0cefb3e50a2	389	1299	73	50	men
a471c93c-0fe0-49f7-9515-1582b1360b2d	467	1301	55	49	in
79e3b9aa-5b29-4d31-b2c2-afa1feaf2a5c	467	1301	55	49	,
425a06e0-aebe-4453-91d5-ae29b9758694	527	1303	91	50	13
79dff08d-8099-4e49-9019-043e3128993f	527	1303	91	50	-
440bbe2d-f9bd-476d-aa58-a4ad7ff34799	527	1303	91	50	20
f34802dd-d3f4-41ce-9475-b3c09aff72de	623	1305	69	50	139
aa2b201a-553e-44fc-8333-bb3b2d3a059d	623	1305	69	50	.
cdcc9549-7b35-41d9-b135-357239214380	748	1284	101	35	times
142c8ec3-94a3-455f-9596-2651a6012708	748	1284	101	35	,
d79cc1d0-7266-488a-a417-ec6cb87f4df9	853	1284	109	35	460
7a063649-c291-43fe-b558-2d9a03a83e5b	853	1284	109	35	-
f1b55877-4f6b-4617-9ddc-19054e783d24	853	1284	109	35	1
9c66db44-361d-44f2-a9ed-c16ed7ee527e	853	1284	109	35	;
9a8e0307-4d8f-43c5-a201-8f4f1d817a99	967	1284	131	35	gathers
b92aba12-319d-4137-ac7b-a74894606ce5	1102	1284	149	35	Nephites
c4843536-04a8-451e-bd73-83280857eac1	1256	1284	48	35	at
20063150-17fe-4761-a649-c4ccf2667cbb	1308	1284	58	35	Cu
5ef7ac1f-2d57-47a8-bcbf-69fe37b6ce8a	1308	1284	58	35	-
1b088cd7-2575-4fcb-b419-5714539937a7	79	1333	56	29	53
cd178487-cab1-426a-8cc3-1833e5675010	79	1333	56	29	;
f0e200fa-808b-409b-9a24-393a84e1f4bb	138	1333	77	28	hath
93fc27c0-1e28-4312-b51a-63eec96e2997	219	1333	45	28	no
aa3c69af-8cfd-49e6-b61f-3b4121d0c99a	268	1333	91	28	claim
bc711db9-3be5-4a67-a7ea-61220497d0e7	362	1333	49	28	on
44b25975-cfed-45b6-b6dd-6e5a6dd2f40d	415	1333	204	29	unrepentant
05a2eff6-82de-4349-b4c7-57561a81dab7	415	1333	204	29	,
3bd6b2a2-021e-415d-abbe-d836d6eaa032	751	1316	120	32	morah
5686b06c-1951-4d73-b896-eec715990f3f	751	1316	120	32	,
ddcaf812-431d-49a3-b80e-d4dc3dc678c6	1104	1312	145	29	records
24d4b578-2386-4acb-88ec-0a38622db26d	1253	1312	54	29	in
ceff8c25-0967-411b-982f-f4bccce42288	1311	1312	55	29	hill
f7e1f4dc-9fbe-4244-8300-d31fddc64ac7	79	1353	51	41	39
1a420b4e-ea2b-462c-aad8-6db810ea53c1	79	1353	51	41	;
415c51b9-7fcb-4a1f-8182-e1a962062ea9	135	1353	46	41	he
18c410e7-3708-447e-a684-a8f78f98d967	187	1353	72	41	who
47ab0141-edef-4141-a610-051241107221	264	1353	128	41	repents
bc3b767f-c1df-4be2-891a-4a4290c23d3e	397	1353	61	41	has
807208a4-e49e-4fe0-bc48-c9c9f73d6b44	463	1353	92	41	claim
4a907230-d570-41f2-8f79-d549550aa0d2	561	1353	56	41	on
2cd20ad6-fac2-4f42-b0dd-0ac99d320d99	561	1353	56	41	,
ae732434-6981-4056-b67e-e2122731f580	622	1353	69	41	227
4e0fedba-26d7-4204-95a2-0851dc6dfc00	622	1353	69	41	-
557bbb68-e8d5-40d0-97e0-57f4a8aab9d2	79	1384	47	39	34
44b92584-4099-42d3-9f9e-fdc69b25d20c	79	1384	47	38	,
8b18ee68-52c8-4de9-bb72-8ab522122847	129	1385	120	40	282
a648b050-e1b3-4e7f-a87e-cd80a9ff05b9	129	1385	120	40	-
b7c17b86-fa3d-4b3b-a1db-d7c989670039	129	1385	120	40	15
6223c7fe-7a12-435d-9dd4-4eb43a95c647	129	1385	120	40	.
fb40f409-7206-464d-9201-4ae0f9612ab0	50	1413	105	70	Messe
cd743756-fa00-4d27-98fc-6682ea667a06	164	1413	61	70	and
e522d3fe-d1b7-4e38-a99a-0554435547c8	234	1413	105	70	distine
6fe10ba1-ab3b-4aa6-9662-5555d9f38ece	348	1413	88	70	1090
b6366b1c-036e-43c4-b8d9-e64e1aa05077	348	1413	88	70	,
776f98a7-d3f0-4baa-b7e7-099a2d623759	444	1413	99	70	446
5026e0fa-82df-4246-9111-63a5a0b182a0	444	1413	99	70	-
527e31fc-88bb-4d0d-9c05-9b856af2655c	444	1413	99	70	1
d9a16135-bdfe-4490-9049-80ad14421638	444	1413	99	70	.
9041f39c-8c07-4bea-9782-9f2050e64750	50	1475	145	39	Messiah
04c8a8c3-1fa4-408a-a38f-c680b8ac6b97	50	1475	144	39	,
1c2e7500-f1b3-462b-ad30-702531ffe165	199	1474	64	37	see
e4523300-254b-4709-bc4a-cb2abc7511d7	266	1472	116	38	Christ
828e6a36-88cf-4e3d-b978-669d6d5bb275	266	1472	116	38	.
5db470bf-b827-45e7-9adc-a3d34bbb3ba0	50	1496	145	70	Mitain
fd5b51c1-9129-427b-b188-8cdb5a33581f	50	1496	145	70	,
91496a91-ec5c-44cb-a8ef-f5cb701a7d10	203	1498	77	69	pard
e059c479-9afd-40bc-b998-d596251b4c6a	288	1499	43	68	ed
dc741454-ca3c-47c5-a3b7-895cda6ab57d	288	1499	43	68	,
8dbd4235-80e0-494f-9630-046d58270438	339	1500	94	69	241
0111befd-c910-46f8-bc72-80f3a3bf38bf	339	1500	94	69	:
2a3371f5-1a5d-486a-8d7a-be9b1ef1e6ed	339	1500	94	69	2
a846a863-d66b-4081-aa6b-21d4cb9f6987	339	1500	94	69	.
3a6e756a-0213-4cbd-bc20-04aab926a9fe	441	1501	115	70	498
9e521919-1807-40db-adfc-e5e9d4727548	441	1501	115	70	-
40e6eb95-d4fd-43f5-a6ca-f26e6b26b28b	441	1501	115	70	23
f08c78be-1234-4e2b-8ebe-927ecd285933	441	1501	115	70	.
96ff04d8-a991-41e8-9c45-d9c1f79946dd	49	1557	132	41	Midian
e3fb15d0-cd9e-479c-a7a2-46e35aebf684	49	1557	132	41	,
3b13fff2-8dbb-4e89-9314-02560da22d06	174	1562	85	35	land
94b55d66-4368-4e19-bcda-966e0be6d6c3	263	1562	47	34	of
045e7a84-2093-46e7-96c4-4caa3c39128a	263	1562	47	34	,
a84aa127-762c-4edf-8960-867cbba868bd	314	1562	99	35	256
7d0dc52a-2df5-478d-9072-a508c5461af1	314	1562	99	35	-
d8f95397-8bb7-4b0b-a1dc-80aca67349b1	314	1562	99	35	5
457a6e18-3d95-44fd-b1bf-6fca4d88b88b	314	1562	99	35	.
edd74922-191c-4385-bc02-025187c7be0f	54	1593	84	32	Milk
8f5922a8-31a2-4ab5-8fd6-0faac9de26ba	54	1593	84	32	,
d8a08931-e8d3-49ff-a89f-349623d68a2f	142	1593	68	32	and
826f94a9-98dd-4763-8361-d9973ead9bfe	214	1593	108	32	honey
d9b1bc0e-0df0-4ed0-832a-56e3e794657d	214	1593	108	32	,
7fee7d7e-0fd4-4dc7-a74f-4a5e85d296ff	326	1593	104	32	94
d38967af-b1da-4562-a252-b7b7868eb576	326	1593	104	32	-
af409e78-48e4-4b98-b5f9-8286ae46dbaf	326	1593	104	32	25
9bac7a69-f101-44f9-88f9-d987fa617a4a	326	1593	104	32	;
cee86477-16fd-4ec6-9895-56f1d0883c7c	434	1593	80	32	wine
071ae038-fbf7-4324-880c-c80baecda11a	518	1593	76	32	and
ac515d46-f663-4b9d-b66c-a0a989ece640	518	1593	76	32	,
434f7627-5b3e-4ffc-a047-c3b4a5490121	598	1593	96	32	70
5b688389-e903-423d-a36d-4ef56a8ed586	598	1593	96	32	-
8355d057-999a-4cc7-a90a-ad84faf30e28	598	1593	96	32	50
293b3bbd-6bfc-4f20-bc8f-c4aeccacfa04	598	1593	96	32	.
77c19fcc-bd6b-41d1-85f7-06f3cd9715aa	54	1615	167	37	Ministers
d37cd1e1-0117-4953-810e-4107e9ca3e9d	54	1615	167	36	,
974b3e9b-fa3d-4d52-a9f1-d50e2042b23d	225	1616	113	36	twelve
f0658dbd-e964-44e6-9e44-7b23db1c63c8	342	1616	45	36	to
9d543d2c-1281-4d93-9506-b4fe9702cfe8	391	1616	108	36	judge
cd3ef657-1489-40ae-8267-160eb4313282	391	1616	108	36	,
2a6529fb-9049-401a-a05c-39c7bca32d2c	504	1617	99	37	21
2007c8ca-e562-4778-9478-b0a53eb882f3	504	1617	99	37	-
8f528dab-62a5-4953-9937-02917229ce65	504	1617	99	37	10
546bfc25-a967-440c-9a95-61c5f3977e1d	504	1617	99	37	.
b9e9f85a-e6ab-4b31-a6f5-7987ef8f54e7	50	1647	116	40	Minon
4570561f-b425-4e40-abb6-0b4a987274ca	50	1647	116	40	,
903f8e68-f57e-4313-a4a0-c2ec699ed178	170	1645	79	39	land
5f1ef3eb-c8a8-4f6d-a14f-d93196e4fb29	253	1644	47	38	of
c111a6bc-1c90-494f-bd61-c9445c142e01	253	1644	47	38	,
cb3315d4-1973-45ba-8520-0db9c71ff973	304	1641	113	40	199
e7e19f5f-da8c-40b1-a089-3e6bdda5cd4d	304	1641	113	40	-
52d19890-ac0c-4d7f-a00d-b9ade507342b	304	1641	113	40	24
8366c2bd-a5a0-4bbc-a772-ec9c878bdd41	304	1641	113	40	.
69bef960-977d-4f63-9505-0a412a98425f	50	1676	149	38	Miracles
16d004f3-4816-4624-baf3-23cd1d76b84c	50	1676	149	38	,
ca310dc0-c83d-4be6-aaa8-d83bd77fe659	203	1675	36	36	if
a1509ff2-90a1-4544-b2d6-58ad4c4a08ea	244	1674	117	37	among
73f0527d-a3a5-406d-8825-279b89918311	365	1673	95	37	other
991225dc-8f65-4897-8df0-4f08ed07a03e	464	1672	126	37	nations
60d5ffe4-ffa3-4582-b892-52f568c539ca	595	1671	97	37	would
f4141418-c8dd-4d45-98d4-dae0e64c3949	750	1395	100	67	second
1d324b0b-46f8-4ca2-8ba7-afa21b2d2c77	857	1396	190	68	epistestle
5909c6fa-c84c-4117-ab43-846577da830a	857	1396	190	68	,
0b5591f3-fea0-462c-92a4-6bfad8d5df2e	1055	1398	58	67	to
14099ae4-e389-4d2d-a703-ffdafc57522f	1121	1399	141	67	Moron
cdbc642c-053b-45fa-ada0-5bec21ced526	1121	1399	141	67	,
d121c039-0273-4b02-ab18-37ef69d26b2c	1270	1400	99	67	3181
355c24da-0d43-4483-a404-176533219d27	1270	1400	99	67	:
75a2be95-97e9-4eba-8eae-8636ebe45a8c	747	1454	117	37	battles
2e920309-45ae-4c3c-827a-3ba779a54a4e	869	1454	86	36	with
027676c5-0750-42b1-8979-240d00c7b5dd	959	1455	185	37	Lamanites
b5559662-237d-45f5-b3b7-bfcf373954ba	959	1455	185	37	,
c096d588-8efd-43c2-9626-0a4bc3b7ab28	1148	1456	108	37	518
124338eb-699c-4c1e-9a86-7f296afce16a	1148	1456	108	37	-
265b93dd-8969-4bbc-ac49-b01d8548f551	1148	1456	108	37	2
1dcf6ba1-3b56-44ad-8a2c-619b002e7b09	1148	1456	108	37	;
d64aff12-f04c-49e6-a9f0-0d74b5c06359	1260	1456	106	37	killed
ba22248c-2760-4640-9f17-05f5df7f9336	1260	1456	106	37	,
39a5c4ab-1a70-4c9e-8ac1-3cec16636abb	748	1489	98	32	472
7ee4909f-92bb-4bb7-b197-f5b0896351ba	748	1489	98	32	-
b60b95ef-bee9-4aa3-a36c-0f820c69bf68	748	1489	98	32	3
7de0db70-70be-4b6b-864f-a52a0198ca31	748	1489	98	32	.
09662e36-391b-48bb-8930-371f52f756f6	719	1514	152	38	Mormon
3c0754ff-e847-4bd9-8bc1-deac0194328a	719	1514	152	38	,
005a11c6-9c19-4e98-ba23-6c3cbe8b00d5	876	1514	105	38	forest
d1ecc2e6-b5b6-4d22-934c-7aae383422d4	985	1514	48	38	of
e4cfebe2-7fe0-4c68-8e29-f62fb14101f3	985	1514	48	38	,
259c2bd5-0bc5-4dfe-a8b0-d59e1bce289f	1037	1514	114	38	170
163aa8cc-d43d-42f0-82a6-ef1092d6ec54	1037	1514	114	38	-
fcecc303-12da-4bb8-8d7d-4a994cb1acb1	1037	1514	114	38	30
e045e905-2426-4a69-b4e9-c180dd3229ff	1037	1514	114	38	.
b12a618b-1c61-44a9-b3a4-4adfae4139b0	719	1546	147	38	Mormon
9de32e04-8bd6-4ba6-8eb0-29f540bddd37	719	1546	147	38	,
605f8974-6697-4231-898a-f2174074fb27	871	1546	81	38	land
1705b0fb-6a6c-4cbb-a01c-d401590ba741	957	1546	47	38	of
ce71c94e-f3c3-4b77-985e-a93dd85de63b	957	1546	47	38	,
af89a251-3e16-47ce-a048-1bef3eef60c2	1009	1546	102	38	205
451cac17-ee0e-4ef4-a665-7b6baac33cd9	1009	1546	102	38	-
e8192ab7-2261-4413-bcb6-b3d4c19ac58b	1009	1546	102	38	3
468243cf-fe10-4891-ae4b-ac37c7b1fac2	1009	1546	102	38	.
99d4010b-cd47-49c7-bab5-c9a077a9abdb	719	1577	147	38	Mormon
e37385e4-6b5a-4db3-b1be-5532632c52f7	719	1577	147	38	,
b692eaaa-be90-45db-b91f-cab59ba629d7	871	1577	119	38	waters
f56e0db5-2d83-419a-920b-15cf5df39749	994	1577	48	38	of
456b88af-eeb2-466d-a553-26200d69f10a	994	1577	48	38	,
8d1720dd-c7fc-4393-98dd-67b3cfd38e52	1047	1577	95	38	1f8
4f0f6cc0-fce2-4673-a901-9211088a5a25	1047	1577	95	38	-
9fbbf954-9adf-4284-9a24-599ff2333b1b	1047	1577	95	38	8
73977fa8-1788-4188-be63-5c2382774dcb	1047	1577	95	38	,
1a8d2ba9-55e6-4b94-bef2-bc9d4e05e8c3	1147	1577	119	38	183
f286818d-39d9-4173-a275-81b4d0ac27fb	1147	1577	119	38	-
6567a8f5-fa4e-4adc-845f-367e72f9d518	1147	1577	119	38	18
c6a08490-b948-4bb9-b650-956edb829a85	1147	1577	119	38	,
a69afbf7-ed0d-4866-ac12-a0d3bcf0ede9	1270	1577	96	38	205
a38ab7f8-b51f-4259-a617-507ec10311c8	1270	1577	96	38	-
bd6f96be-9ed9-4b92-b276-e304d3c94d20	1270	1577	96	38	3
73df1182-5c41-4e84-acfc-1c06d2bbe34a	1270	1577	96	38	.
30b60a37-648c-4602-9d58-43c832be8cdc	722	1609	149	36	Mormon
8bc4e838-fab3-4ac9-ae52-8ed36fbce87e	722	1609	149	36	,
b1e62718-fe86-48c3-8647-a349b59a2d39	875	1608	111	35	Words
4bb20b6e-dc34-4c38-99af-2c80a82b7b2d	990	1607	51	35	of
c6059ad7-a837-41a3-a0aa-01dd7241fe11	990	1607	51	35	,
89b5fde8-de4c-4b30-b13b-d7cdd47b0417	1045	1606	66	35	132
d394b8da-fcc3-411d-9c06-864852aa80e0	1045	1606	66	35	.
f3ab69b8-fc41-43dc-ab04-988d71f18e10	719	1635	121	66	Moron
290dd81a-9ab0-4d32-8e02-32541bec4f0e	719	1635	121	65	,
03ae85e0-f661-46bd-a691-daecd2e2236a	847	1636	129	65	Javedite
81d6b5d5-551c-4297-a02a-5d54870f29a6	983	1637	33	64	ki
3b0e9488-79cf-4b49-983f-b8ff167890ae	1023	1638	209	66	commander
5737a30f-9799-4eeb-8669-1b82363cd42d	1023	1638	209	66	,
ece519ca-c15b-411e-a99d-0bb0a6e29141	1239	1640	61	65	302
51c65d01-41db-41d5-a291-d4e91518773a	719	1672	129	35	Moroni
74eb14c1-a504-4a49-a6fc-544e2d6b02e8	719	1672	129	35	,
c9e12a8a-7cef-4698-9b55-1d6caac7e80d	1246	1672	120	35	302
88244698-76cd-4213-a393-d1032793fa43	1246	1672	120	35	-
eb45957f-0772-4eef-af11-b8823b6b89b0	1246	1672	120	35	16
7a0d452e-0397-4fdc-9f49-475df1e2b2ff	1246	1672	120	35	;
0da34a63-8021-4219-9986-36f9e7287fed	1132	1701	136	35	302
3e037f45-32f7-4e97-a855-c817e70dcc94	1132	1701	136	35	-
a2cd3080-deed-40d4-aff8-b1bceb9e2fdd	1132	1701	136	35	19
c04a0c11-bfb8-48e1-92fc-9e0fd0bfe37d	1132	1701	136	35	;
72ea31f2-14ec-4ef2-9615-2cbfa1894f36	1273	1702	91	35	sends
f25362c4-4225-4b3d-a0e5-3d76169850d0	76	1704	141	66	mashere
ed5f9e4a-ae99-4813-9d6d-d460b55a932d	225	1704	140	66	entane
6fa07dcb-c534-423c-af8b-d8407dbdde80	373	1704	74	66	0
ee10daa7-d727-422d-a569-85cf46aa1cb8	373	1704	74	66	-
b0310cdd-8501-48db-88a8-474be5843e7d	373	1704	74	66	5
9ed77cf3-fbe8-491c-aaab-7ca816d97554	456	1704	74	66	dod
5748b76e-be33-403a-a8ab-81e9cab75e0f	538	1704	58	66	to
32794621-121c-48b0-8875-f9ad203df693	604	1704	87	66	work
7ee33236-8e5e-4cf9-b2ea-ed8e9f4cda25	78	1732	131	37	mighty
1aef933e-5a59-4168-8d6b-f6f663c13224	78	1732	131	37	,
894b7103-668e-488e-9c77-95c37d8f8b55	416	1849	152	32	wrought
d3d21082-76a8-4f9c-bec9-faa45324b0dc	572	1849	53	32	by
77c0f010-9697-4607-9fbe-279a19bfa44d	51	1995	124	61	516
fe97a9fc-5c66-47a9-8655-8b2d720dd41a	51	1995	124	60	-
0e394f0d-f56f-442a-a308-64905dac63df	51	1995	124	61	97
d4a60478-bde9-4342-a473-a03eca9f0e4b	182	1998	120	60	317
9548ed22-6ae7-4165-b021-8a03739fc67b	182	1998	120	60	-
3dacf1cb-52c2-4b2c-a2a0-ca2ff180e5cf	182	1998	120	60	23
f1c54e98-d8ba-4f6b-9e07-c45f689ef276	182	1998	120	60	.
0e4fc40b-e718-4e44-946f-d757b277b081	208	1988	148	38	baptism
4003ce0a-642f-410e-82d0-5651f7804601	361	1989	47	37	of
e9898866-11bb-42cb-93ed-1c180988d6ca	412	1990	97	38	little
9a0a8997-8c29-4af3-bb34-44c59b6cbff3	513	1991	139	38	children
25d21d9a-f54e-4e3e-80a3-7665df03cd02	657	1992	41	38	a
7f158eb9-0fa2-4d55-b6c6-a08d492f997a	657	1992	41	38	,
3cafe09d-a6a5-4c26-ae63-755450123d5c	54	2054	128	32	Mocum
b8d00689-7a89-4cdd-b14f-03d2da7c2382	54	2054	128	32	,
edae31a2-a3d9-4a44-b67d-3aaad1e0a30a	186	2054	72	32	city
21ee665e-7761-4ed2-8246-0d4e0a380f73	262	2054	44	32	of
f28367d7-f86d-4281-82b7-0a2d101ff149	262	2054	44	32	,
b81a66bd-86b4-49e0-821f-631f611fe24d	310	2054	172	32	destroyed
fae51a55-efec-4ade-9437-c45bbaa0ec7e	310	2054	172	32	,
dda69f5c-bc29-4209-9754-bc73785b1e7a	486	2054	94	32	417
4651be87-07ee-49e3-bb0a-3c00bb3e3102	486	2054	94	32	-
67aa20f4-5a35-464f-9638-d422958b9a0e	486	2054	94	32	7
4586bed2-12a9-4223-9a55-dd382de840fa	486	2054	94	32	.
6a7d927e-1e33-413d-ab8d-dc236b5197fe	747	1844	76	33	the
1030e7a0-76ae-4662-9e24-8619ef709676	826	1846	134	35	conflict
ae254f97-bb9b-44d9-906f-476df8d1b75d	826	1846	134	35	,
c792477d-1750-475a-a7bf-d0aab4103233	748	1814	62	70	sue
4acca7b2-2031-4cba-b500-afc2212fafcf	818	1814	87	70	con
0ec3e3e2-5e74-4aee-8fbd-3dc7742049a8	914	1814	35	70	of
7cb8ab60-eb04-40ff-b504-945023393a71	958	1814	140	70	eaten
cdaf3fe7-e7a6-4778-b567-1acbbb735cc0	1107	1814	114	70	the
3a79bef5-2027-4059-82ea-979b183d1b86	1229	1814	140	70	fiends
d51646ae-bd37-443c-aaab-8be11e14cdab	748	1937	56	32	32
cf5e7e7e-0bbd-4d25-83bd-c8b39776477b	748	1937	56	32	;
a73eb729-d67f-4f54-b343-e8c99274e2ae	808	1937	184	32	establishes
240f62f0-f19c-4601-86c8-60c14249639d	996	1937	116	32	liberty
881eb6e8-27b7-4048-9b95-e748b4602e49	1116	1937	68	32	and
85857fb4-bfea-4bba-89ec-a058e503f3ad	1188	1937	104	32	peace
d3bc39f3-d102-40d6-a624-7194ed046b55	1188	1937	104	32	,
0511d6a5-bcc2-4d22-9b36-f15cd3293e04	1296	1937	67	32	312
e432e9cd-c64c-44c3-8dca-f356bf1d678d	1296	1937	67	32	-
69944f95-59c9-44d6-bc3b-9531d07e3b5c	748	1963	73	35	36
c549d896-e8bd-45c0-87f9-630361346eaa	748	1963	73	35	;
309a63a6-0107-4ab2-9e51-954024af3287	824	1963	213	34	strengthens
fe4f6388-85df-42af-9c15-95bd209fee0f	1041	1963	63	35	his
2d2ee732-db20-48e3-ae2a-819e72b4f83d	1103	1960	144	38	armies
64379282-1a0f-4533-af6d-644b76aa0081	1103	1960	144	38	,
b34e101e-55ca-4f67-a741-723f88b788b3	1252	1962	114	32	316
69c34bda-bb4a-4dab-b716-9a21a13d0b08	1252	1962	114	32	-
198692bf-4b9c-42de-8f01-f1659ef9193a	1252	1962	114	32	8
fa83bccb-37d6-4d02-bb18-fcf69fae6329	1252	1962	114	32	;
40c3c15e-d7d7-4570-8b70-a6f9b3c3fe96	744	1989	101	68	charac
aab9200f-c77c-46bd-9a68-441478913dc4	853	1990	118	68	cursed
e91423f8-486f-4ef1-95db-44d4f0d47356	979	1991	59	67	by
d2a3b662-478a-4436-826c-c79bf111c3ec	1046	1991	201	68	Amalicares
8897b646-f219-4643-9605-c9443529f58a	1255	1992	114	68	20
036df115-0849-4d27-9143-087344d7eb13	1255	1992	114	68	-
227a4754-9300-4772-b7ee-e60de235ce87	1255	1992	114	68	27
05c6fafd-7c33-4776-91d9-11b4829ec360	1255	1992	114	68	:
374ccaeb-549b-47a3-8938-3b7a7da47e2e	741	2049	111	36	builds
83a1d8ba-574b-4f9d-a59c-e98be73e72f6	856	2050	94	35	more
860425e7-64c2-4ee2-be26-d70625a9cba4	954	2050	221	36	fortifications
6d3abcac-0bd9-47f4-bb76-97d608b29579	954	2050	221	36	,
5d19fef5-beb4-4892-9b33-59130736c599	1179	2052	106	35	320
a551c75b-168b-4aa9-aeea-5fa3bb4936d1	1179	2052	106	35	-
267b2d4c-5696-438d-b324-e508f3c70114	1179	2052	106	35	1
15ed2ae8-398c-43cb-a97d-e792eee01bf1	1179	2052	106	35	;
1c237b60-4f7d-4dfc-a65f-bd53b4328c77	1289	2053	73	35	con
c2cac19b-3ca0-4bbd-bf6c-9bc233f1ff3d	1289	2053	73	35	-
