ID	X	Y	Width	Height	Text
754d88b5-28fe-45e8-a376-64c5fb0e81b4	644	57	145	38	INDEX
7f2650d4-8e81-4931-b7a3-12208d6fb617	79	123	150	63	Jareches
8517af1d-2e51-42fb-b6d2-03663850440f	236	123	79	63	but
7617a66f-9fff-41aa-aca4-79bac8f8165c	323	123	87	63	large
fe0361d4-2fbe-4528-ae81-d23d4ddb6012	418	123	134	63	clytiy
d9586da0-2942-41b1-b31c-be9f8dc0a7dd	418	123	134	63	,
5be7d846-b0ec-445a-aa2a-f1b992d0f6de	559	123	113	63	497
5a975820-5403-442b-986d-792183003f03	559	123	113	63	-
5d668c4d-2585-4097-83bf-acd579cb40d6	559	123	113	63	20
0c912784-e306-47c1-834c-0be1be20ea29	559	123	113	63	.
fc47fdee-eddd-4b1e-bf97-32c33394367c	596	122	105	39	367
6c554361-de5c-42aa-8a56-589c75a1e53e	596	122	105	39	-
f6ec5d91-235c-41b1-bc19-7707a147ab7d	596	122	105	39	7
1090323f-235d-4dc7-b4e6-6d6c3c156c19	596	122	105	39	;
636f62fd-ad99-4190-82a4-9f1e49c77892	757	123	105	60	hadian
1e6095b7-77b9-4403-bc14-ca4ebccf8957	869	123	45	60	on
979a1fe4-533a-4235-b84b-18b73fef10bf	922	123	90	60	band
e466005d-5aac-473e-b4ee-238a41dce541	922	123	90	60	,
070242e4-4bdb-4880-8a49-863c2ce69b50	1019	123	105	60	lores
72df8843-bb71-4792-b767-cfa62e8e9d7e	1132	123	202	60	lamentency
31542a43-3c09-442b-b599-a456f48b4777	1342	123	33	60	ad
04dc5816-4f8a-4c22-ac72-db0f92848f00	757	177	59	33	not
2a34aad7-7b9b-4db3-a483-e2f370df1da3	819	178	90	32	lived
4516bd69-34b3-4430-8a0d-5931de917d1c	912	180	47	32	in
056684ed-1f24-40ca-b8ba-e32a6fb8e112	962	180	109	33	Lehi's
f6d475c7-6fe7-4936-813c-de105b6cfcff	1075	182	74	32	day
7239e08b-8e8e-4c80-8b9e-a8643255bf52	1075	182	74	32	,
5a4f56de-6483-49a3-bb3e-190f5192cba4	1152	183	109	33	376
8a1e2f60-d338-4bd1-9f1e-b7ec341a3ca5	1152	183	109	33	-
b10e7c06-159b-4769-9b59-415e29101670	1152	183	109	33	7
a776bef2-cbcd-4193-92f4-b4aae84827b2	1152	183	109	33	;
6be73e0d-944f-4f6b-b0c5-8a5896d8a528	1264	185	108	33	proph
57e52a14-7b95-4ef9-a3be-62b8ac5d1b71	1264	185	108	33	-
19c30b79-a823-435c-918e-15ccca0431e4	757	208	87	35	ecies
b5891ffe-ae5f-4d02-9a7e-f12e8d38ff5e	849	208	57	35	of
9b1d8e4d-27c9-438d-b1c0-87e12b138ab8	849	208	57	35	,
46b107d9-043a-42f6-b71d-2edb11d87880	910	208	114	35	376
52db35f8-c28a-42e8-be8e-91af7ff102a7	910	208	114	35	-
33038d9c-cb9d-417f-89b0-ddc5a1e51f8d	910	208	114	35	2
4caa3edf-ef3a-4f10-90a3-79e284a8e0e1	910	208	114	35	;
b9ec41a4-3d3b-49b6-b83d-0c4ae4c5d8d4	1028	208	101	35	prays
7c9c7ad0-7a8f-4337-8bd8-6a3d26bb23f4	1259	211	114	29	garden
385a237b-6210-479b-ae95-9b363487d6ec	760	240	103	25	tower
640f92da-97b2-490a-8afb-55862db447ad	760	240	103	25	,
bbd0015a-ce79-485a-bd84-5d6faef69bf4	866	240	128	25	377
7449fd80-0a49-45ef-932e-fb3e925e6348	866	240	128	25	-
57c454d2-84be-4e15-a6c1-ebb60bcbb98a	866	240	128	25	10
a63078c7-0904-44c1-8906-0232a3ba0a0f	866	240	128	25	;
76fa07d2-5c6c-43be-b6aa-3879bb0ff7df	998	240	128	25	teaches
fa101e06-a782-4582-b3c4-53ca5e1886d4	1129	240	166	25	multitude
9867d07a-bc44-47bf-b787-9e741a63d111	1298	240	72	25	from
131b241b-c6f6-44fd-a862-79fee581595e	760	267	112	29	tower
9cbcbe39-075b-4cfc-9972-f6cf1ca127c6	760	267	112	28	,
eb93f3c2-ce4c-486c-9548-7c98cd60ee1e	876	268	133	28	377
883708e0-8dfc-4a77-8c07-36ba6e936b9d	876	268	133	28	-
e12e07cc-5fa2-4c10-a37f-9e42f8dd27e6	876	268	133	28	12
caffdd9d-7621-454a-a600-4c5a70f7e907	876	268	133	28	;
2808a373-468d-439e-b0ec-2972492a7d16	1012	268	144	28	predicts
98570e8a-3896-42e2-a1d8-22e81d20b2f3	1159	268	158	28	calamity
08a9adc4-0432-4434-bee5-38998e80ce8d	1320	269	52	29	ex
7f90d514-8ab2-4fe4-acf9-0cd7ffea7aa0	1320	269	52	29	-
8255c879-ec75-4b8f-afaa-76c9a102809a	757	293	70	32	cept
146401d2-3e9f-47f5-b8f4-200edba2bd9d	831	294	108	31	people
0a0287e6-98df-4cc8-b91b-58c8d072b69c	943	294	116	31	repent
44559ae8-7829-4cc9-b27e-32b3d17d7cc3	943	294	116	31	,
3e55f3bf-6313-4cd9-8fd3-32a39916c5dc	1063	294	120	31	377
c02faf85-9ca8-4145-a1ca-122357cd5910	1063	294	120	31	-
33c20ba8-f348-42b9-a571-9c33290bc414	1063	294	120	31	19
3d9add69-9b00-4ea8-bf45-da979c1edca0	1063	294	120	31	;
e37031fb-9948-4401-944d-129fc19be25c	1187	294	128	31	arouses
5acf484e-1c13-48d7-9e25-ed16a5cabed7	1319	293	53	32	op
f96f1424-0f5d-4f96-ad67-aa1619932935	1319	293	53	32	-
23fea1ce-9985-4810-9140-816bc8d8ec59	760	323	139	32	position
06f7e936-3a59-4eda-9fc5-9473e55274cb	760	323	139	32	,
4b5fda26-0b30-4b36-a15d-73e937631432	902	321	109	32	378
c5d05ded-9019-4b2d-ae80-03de7e4fe036	902	321	109	32	-
dff0bce8-c323-44fb-9deb-e28c49b9c4ea	902	321	109	32	5
10ff8e90-7a08-4274-b166-88812daaa28c	902	321	109	32	;
b342a83e-26d5-4972-ae42-0274e136d191	1015	319	124	32	reveals
21cf1e62-a4d5-4665-9917-e1caf99794f8	1142	318	109	32	secret
2beaaaf8-4aea-4e1b-9193-b43a6f4e8af6	1255	316	118	32	murder
5c57a162-ceda-4196-a83a-b722e61d9fb9	760	347	34	34	of
8c79e167-a041-4036-b978-21bc55eeba07	798	347	64	34	the
fcbb7976-09cd-4b61-aeda-d3bfe8e286c6	866	346	111	35	judge
afb7d9a0-29ae-4aab-9e85-64e068f6ad7e	866	346	111	35	,
95afc442-f158-4f14-a6e0-fe9b5e0e773b	981	345	123	35	380
6fbef5b4-abe2-4301-b784-951aa6f92ae2	981	345	123	35	-
fbc11a47-a772-40fc-be07-fd73ef73d4bc	981	345	123	35	27
4fe48403-a2a5-4dd7-b6f3-6cf3b6b83040	981	345	123	35	;
0b0b880e-4951-45a6-9772-ba532f2691c4	1109	344	111	35	names
37a66372-84f4-4460-af97-f67dfd1ae81f	1223	343	149	35	murderer
8ed02252-b25e-461d-881d-9fbef2747e2f	760	379	35	28	of
c8f8da73-29c6-45ca-b3aa-63cf4f0b1480	798	379	63	28	the
f0ac3bfc-d579-4bea-8743-8ffa2281b4ee	865	379	105	28	judge
dfd1d5f0-11b1-427c-b124-9390cae6a492	865	379	105	28	,
9b5a4493-4541-44bf-90dc-1de4118cd512	973	379	122	28	382
f4ff7b90-3650-4941-a31d-f2057dffa8e1	973	379	122	28	-
6e922555-6a94-4fa6-b5df-853ed1558522	973	379	122	28	26
f7465bd9-4e29-4f83-889a-b864099a2d47	973	379	122	28	;
c6da18b7-81c8-4372-a11a-b4565694ee2e	1099	379	98	28	hears
a18df31f-d2eb-4223-94d0-a581a5a19c6c	1201	379	91	28	voice
17a365c0-c2e0-4d5c-bacd-9fe94dd0c7c2	1295	379	74	28	from
cd591258-aee4-41da-b9be-114c7f949d24	760	407	128	32	heaven
a7170941-5113-4340-bfd1-901bdab13ab1	760	407	128	32	,
ae3987b8-c147-4a56-a034-5cd466c9c702	892	407	108	32	383
49115e94-f9a1-4ed0-9aa3-ac7040f77843	892	407	108	32	-
be34659a-b89e-4a3c-b68b-ded2a81c38ae	892	407	108	32	3
221738cb-2521-4e57-b115-67b7c67254e0	892	407	108	32	;
f2cf1554-cfe7-4879-89c1-853d56cef81a	1004	407	48	32	is
609353b3-9bfc-4514-9324-ccec01efbe33	1056	407	108	32	given
2aae5b7e-8d2d-45c8-93d8-46c2b6bdd074	1168	407	96	32	great
af147f8e-f9df-4c45-b1c3-1d720d0d1a02	1268	407	107	32	power
b1c49a7a-20ea-4e2f-8244-3f1813bcab18	1268	407	107	32	,
d5376587-148a-4d12-a13d-968569492f74	760	435	98	28	384
5156c708-c26b-415b-bc2c-191065401256	760	435	98	28	-
8e78e378-e606-4505-89cb-474ca1ee5dc4	760	435	98	28	7
1ecb95d1-dc07-47f3-8678-0c0bf7c19020	760	435	98	28	;
d5ff442b-0398-46c9-88bb-41921c30448d	861	436	150	28	conveyed
36f5f679-331a-4de0-aab5-f6328b99bdf6	1015	436	87	28	away
6161705d-7b28-4ce7-9427-244ca74657fb	1106	436	80	28	from
be34c0c0-3738-4899-b3a6-5e61c7a93681	1190	435	182	28	persecutors
9666446f-e75c-4332-b503-01151316dd97	760	464	46	34	by
deb9e687-8d12-439a-8a40-6d9f9e9d475e	810	463	54	34	the
860398d1-9dec-4bb0-a0ab-42aa33c1bca9	867	462	104	34	Spirit
9bcc1e82-4dff-46a6-a594-c4c1cef3d719	867	462	104	34	,
78c6f486-8a94-4e81-92af-c528028a3a12	975	461	116	34	384
a6cdc9be-910b-470f-bbb4-9e2129d8a1b2	975	461	116	34	-
fd90b9a2-c5b5-49ee-8660-32dbebc8efd3	975	461	116	34	16
b1fd00df-501a-4529-aea5-fc92ea3d035f	975	461	116	34	;
d6a14bde-2b5c-4f3e-92db-d187534b454d	1094	459	128	34	invokes
add4a81c-a667-4d5d-bdfe-500ec3030635	1226	458	112	34	famine
983c831f-1f1e-4000-a3e5-fba51a71e4a0	1342	458	31	34	in
d1f4ed44-aa93-428f-9911-591f6776346f	54	518	153	95	Natures
eaa55d7b-0afa-498b-9977-aa210f5ad7fc	219	518	176	94	Polite
6003c721-937d-41f6-8fa3-cb20d4f34e80	407	518	141	94	inse
29a4b5aa-9857-4eec-bc0c-a1fba82e8447	559	518	144	95	veins
85f93be3-dc92-477e-a55b-cc6da0b0ce16	559	518	144	95	,
843c07fc-4be3-4a16-8a87-d968b8e8c639	555	574	145	32	coveting
4d0028c3-d3d0-4893-b1f9-3a8c0ecc8770	757	603	90	38	birth
d37b926b-31cc-4775-ad68-cfb2b6d25c37	852	603	157	38	promised
213cad16-6ffd-4101-bbd2-c6846c901cdd	1014	603	52	38	to
4fe5f1aa-5e98-4aa7-950a-7239b8106ecd	1014	603	52	38	,
8450f849-69bc-493e-a0c4-0f16268552ca	1071	603	128	38	400
fc7fba48-e6e7-4b90-8516-b7d540c7763d	1071	603	128	38	-
b9bcf4d6-2e32-49ee-96b0-0db94ea29b39	1071	603	128	38	13
f20c9a21-8a7d-4ad5-a6c2-941f1b4476dc	1071	603	128	38	;
9c0e3851-630a-435e-8ea1-e4cb19cd5800	1204	603	123	38	visited
20c71728-b618-4ab9-aca8-d27de06a348d	1332	603	41	38	by
d2abe542-a0b1-4d3b-83a7-fd73e7feacd5	760	634	108	28	angels
cbe2f910-6731-485c-93b5-f6d9718c7b83	872	635	98	28	daily
b0a0c933-0f85-4635-b1b7-6e619e76bb57	872	635	98	28	,
3adac8da-b635-4e3e-8260-4d2de454a82d	973	635	126	28	414
07449e09-c826-4c4e-a398-0d34f7258f30	973	635	126	28	-
c61b400b-d5b4-4399-9e06-fb21176d7d5d	973	635	126	28	18
154ca1c3-fe96-4df6-a5e6-4fdd4d59852d	973	635	126	28	;
89a0ff20-1d83-4520-a75d-e6a71311a4c0	1103	635	94	28	casts
7f9b053f-4595-473f-8ef2-6873e027a697	1201	635	66	28	out
1611e600-9c24-4acb-bb9a-8cd50a606c81	1271	634	108	28	devils
e10ea937-f71a-41d9-8013-ab3aa1097870	1271	634	108	28	,
d977e193-e125-479c-ab32-c95c7402f785	760	663	126	29	414
9ceb7c99-7256-4f97-8928-76cbe3b312a9	760	663	126	29	-
6dbccf0e-00e6-44b9-8fc0-4701be99ad52	760	663	126	29	19
2c5711f7-00fd-41b1-adb0-992fc447460e	760	663	126	29	;
04ab8386-7392-46cb-bf67-5e513af32354	890	663	116	28	raised
fa5437a4-c0e0-4d9b-9270-f714ac9601d3	1009	663	70	28	his
dcc9e3c7-af5c-443d-97e0-20a88a274287	1082	662	137	28	brother
844736a6-3839-4b71-b2fb-f27005fc4ade	1222	662	95	28	from
ef5c9fb5-b2c7-4705-8316-1e395260aabe	1320	662	55	29	the
2b6e7928-0aa1-43b1-842b-ee51c931fba5	997	748	126	26	eleven
f6b6fe62-e1a4-499d-a201-31e025d984ba	757	751	150	60	authority
d2e59055-1203-45c7-b43c-886545422f54	914	751	52	60	"
fcf8f4e7-7579-405c-8861-d0401f8d56df	914	751	52	60	to
a04bd46d-8a7d-484a-8c6a-c15aa2b0c19a	974	751	135	60	baptize
316f1050-5562-4a0e-a636-235f8490552a	974	751	135	60	,
32ccad87-9bdf-4586-94e5-34aa9ed985f3	1117	751	127	60	422.22
5863f9f3-ee98-4f38-a959-a1d1dd51c701	1117	751	127	60	;
90424b0b-2d03-446f-a76a-7673b5ca2982	1252	751	30	60	is
788a3c04-772f-4bde-ab85-47952565635d	1289	751	86	60	tap
54e9ac4e-5418-4539-9db2-d2335745ea63	1289	751	86	60	-
95f18323-c4d8-422f-a824-4d0269ddf4fc	757	802	96	35	tized
40552697-5172-470c-99b6-44ba0e42b42c	757	802	96	35	,
5f1fd39a-b5a0-47a1-9405-e3e640cebfbe	858	802	131	35	437
856265b4-2caf-491a-a1a7-da4b43768ae6	858	802	131	35	-
0792cfa4-d2c9-4bc2-b052-e83e092d1fd9	858	802	131	35	11
f9472792-97e6-457c-b6b4-1f3e9c052674	858	802	131	35	;
d0c43af9-7bb6-4c48-a97a-56bca74dd61e	993	802	144	35	baptizes
036cf13f-9c5b-4cec-8979-9b4e5d8882fa	1142	802	66	35	his
f341e44d-89e1-4dfd-9879-de201bbede7d	1212	802	163	35	associates
9b385cfd-9dcd-4dc6-bd4d-fa70522c49a1	757	830	38	38	of
034a369b-e37f-4133-882c-9fcd3d1bb3b9	800	830	62	38	the
b3cd7add-9582-43f7-8e02-07e5e3de8698	866	830	123	38	twelve
51cf159d-f0d2-4ad4-9c84-b278d7a56af6	866	830	123	38	,
22b2bd96-6e6c-496b-b4a4-78ecac0ac4bd	994	830	119	38	437
c671bf7b-d609-4ec0-acf6-365490a90038	994	830	119	38	-
69b6b5d5-5659-4530-9526-c483761b0d91	994	830	119	38	12
f2d43c76-ab83-4d58-9875-d56511b4c228	994	830	119	38	;
f3378659-006d-4c7e-9013-16d3d7a1eccb	1118	830	81	38	first
f238d7d8-4125-4905-bbb0-491f25d3b177	1204	830	114	38	among
e907ca7f-51e6-4f9e-92f7-37802adf93b4	1322	830	53	38	the
89c2d9ec-01fb-4bd3-bb47-c8ced8f45888	729	858	116	66	Nephil
1fccc1cc-f4d1-4e8b-8c41-684a88ea0df4	729	858	116	66	,
9c3a0590-aadc-4e11-adac-8d5263b73ecb	853	859	66	66	304
1bb6e93d-2022-4c02-83c3-a3a8024d8896	927	859	41	66	of
1e492f2d-6062-4a3c-97c9-b4290ad6bbb9	977	859	99	66	Nephi
9962c825-70b7-4c65-b2f2-84225a94931d	1084	859	58	66	the
ffd66b14-acce-4215-907d-82dffb6e93b3	1150	859	148	66	disciple
606c31ef-37a0-4852-9a2d-cad4ca995e02	1150	859	148	66	,
1cd97070-ab24-4474-bb21-b941e1c0bfe2	1307	858	72	66	456
c43d742b-5ed8-4d1e-8137-b93ccf15bedd	1307	858	72	66	;
b980d2c1-2fc9-48d4-aaa2-5fc2dd382dc0	760	912	148	41	historian
c27a150a-1ba8-4472-a76c-1add8da3c807	914	912	41	41	of
0d1dbe99-eef2-4096-8e65-ecacb07afcfe	960	912	56	41	his
70d39433-6eef-4932-9591-069ffcd0e6cf	1021	912	113	41	times
ae441dd3-251e-4e3f-bfd9-372566b38366	1021	912	113	41	,
3d9d749b-1a3b-455b-a2a3-3a66d005d3c4	1139	912	72	41	456
3fbe21ca-b657-4755-b8ca-b3169c309c92	1139	912	72	41	;
63a8b3de-3203-4f48-baf5-5c3b50ab61bb	1216	912	87	41	dies
9bbc3e68-ffff-4942-84c6-6718910fdd4f	1216	912	87	41	,
0c247c69-a624-47e2-936e-05ed2dd4f929	1308	912	67	41	457
9a9f6c8d-74c1-462d-9242-8e8009de4ae5	1308	912	67	41	-
dcd9b95d-6307-4a0b-8024-8b39d2e183ef	82	805	89	51	after
8dff9a60-380c-4e0e-a96d-493cbfd035b8	178	805	19	51	;
690259af-4f73-436b-ae4f-922c6493f064	203	805	102	51	makes
dc060050-3ecd-4656-8714-9f5dae03031a	312	805	19	51	a
01321a8e-477b-4522-8cc5-bcb29328fade	337	805	115	51	record
c6f6d477-3fe8-4509-a51f-7e7f5116c3a1	458	805	64	51	led
fc2ae8e7-c352-4c45-a6fb-7fe940ff51f6	528	805	38	51	to
2a31c4c1-db7a-46ab-a788-f4c613076494	573	805	127	51	Tachar
644c7eab-d411-474a-b454-800a23aac6b7	180	830	57	38	of
929e3fac-5522-4713-ad60-080151af11ee	180	830	57	38	,
6dca2515-82b2-4d8d-b0fe-1c1fd3088630	242	830	95	38	4
efac819e-f432-4373-b130-80b381860477	242	830	95	38	-
ec421483-d857-404c-958d-d9dbcaf24c94	242	830	95	38	16
a9b52eb0-c326-4afd-9ccb-ea933c58441d	242	830	95	38	;
de2e6d0e-54c8-42d3-a348-2a89190f467b	342	830	52	38	to
02d8714d-54f7-4b51-8250-bcda5ac5249a	399	830	43	38	be
73c785f5-1170-4b87-a5d8-11b0f7d10181	524	830	53	22	to
4387a6c6-9bc8-4534-b06b-a4dd752f8af5	579	830	71	22	land
ecb41d25-a731-4d9a-b82b-ff8fa2fdef6a	338	887	96	32	5
b6b302c5-fb0f-4988-b9c7-42ef4ddb848c	338	887	96	32	-
2bc66963-3380-4ce6-b04a-de28c995f8e7	338	887	96	32	15
f2644d1a-60f7-40f6-834a-ad7af267d3bd	338	887	96	32	;
02f59544-6506-4580-8afa-3bbc1a5ea341	438	887	92	32	asks
da3d49d2-594e-45ec-842b-8d1afaa40547	534	887	112	32	Laban
3661b60e-ec8f-46b4-92bb-deb9e41e4848	650	887	50	32	for
2f1c9f50-d500-4944-b7f2-1b2b1aacee26	520	942	90	36	rock
9f3fa8f2-7827-4261-8124-69daee8cebc8	520	942	90	35	,
7bf5b5fb-16f3-4e51-8ce7-21a555cc7a35	614	944	87	36	6
fd434afe-f47d-4e49-b7ae-a6cb602d98f3	614	944	87	36	-
8ef905e4-d916-4c3c-b138-c02ad19813d4	614	944	87	36	27
010e611f-8887-4660-aed5-575d8e7ea3fd	614	944	87	36	;
d6216fa7-e37d-4b87-ac08-50ee69eb4014	88	967	132	33	smitten
13cebb1e-691a-4788-bc6e-17f74c810d41	224	968	52	32	by
1d3c2428-c1ab-4eb7-b845-61fb8d70f055	280	968	68	33	his
0077617c-26c4-4051-a360-6aa52872e460	352	969	96	33	elder
bc855fdf-3188-4ba1-b0ed-f27102166e47	452	970	156	33	brethren
eab57e3a-b7a9-4028-b28b-f20a95f68185	452	970	156	33	,
87756ab3-c08f-4be1-88e9-7fcb4aeac476	612	971	92	33	6
0a9fd409-84eb-4ebd-9837-f8bcca8738c6	612	971	92	33	-
c2d0d372-6e76-41b9-a777-f360bb09fb99	612	971	92	33	28
2f74562e-c58d-41b5-9417-1aec3aa8554b	612	971	92	33	;
f60e23ee-9934-4524-92ce-95b601fcdef7	84	999	154	37	protected
ce6343f4-acb0-455f-b32f-b81dc24cb3d3	259	1000	62	32	by
dcf7f0d8-9f78-48f8-8412-cecb3064ba2d	325	1001	62	31	an
11a52c44-dd33-466b-ae98-02b091c99b5d	391	1001	116	31	angel
689b4cca-aa6d-4ea8-9496-26ac5d2985ed	391	1001	116	31	,
9f676d14-2c38-41eb-b6ec-7fed4fa546e5	511	1000	89	32	6
35e6932e-05b5-4d58-8c0d-3439768f2e6c	511	1000	89	32	-
bec98fcc-4bc8-476a-a394-af16561f9131	511	1000	89	32	29
07a783c1-226c-41eb-802f-4d3bfd5e8b51	511	1000	89	32	;
cf63607b-3120-4cd8-8052-510660be16ad	85	1029	114	35	Laban
deef534d-ff87-4221-9fc3-281400dff65d	85	1029	114	35	,
7d07ef78-7fa4-4ff6-8acd-8006ad2ae7d1	203	1029	92	35	8
0d13770a-35fb-49ac-886d-8f92d1f28c2c	203	1029	92	35	-
a4797dc7-e090-474d-87e3-bd8ebdee7b14	203	1029	92	35	18
3cf63bf0-f380-46f3-b64e-67b20f224243	203	1029	92	35	;
da14006f-5c11-48af-aec9-8e3a804d1c2e	299	1029	131	35	secures
221c43e3-c287-4825-9ac4-19f9834ee9a8	435	1029	63	35	the
82e3e97a-0864-442e-8b50-ec1d9fa54fe3	495	1029	118	35	plates
b3e149c0-bfec-4ef6-bdda-97d377d2ec27	495	1029	118	35	,
5bc3263c-b5b5-4d28-909f-8950d10dd822	618	1029	89	35	8
186c5f6a-34f5-49fd-86c6-5dc23465854b	618	1029	89	35	-
4eea14a7-d2b5-4a04-975b-f66d53121cdc	617	1029	89	35	24
6642c23b-db5f-4c85-a993-e157c278b325	618	1029	89	35	;
c2a378f4-2f7a-414f-bc90-bee6be66ac06	88	1053	130	28	induces
028789a7-6910-4d4c-ab22-bebdae82bd28	221	1054	121	27	Zoram
af2e1882-e579-49b7-b02a-11501f73ff77	345	1055	49	26	to
818d5eae-05d6-4109-8be0-3bd28d9753eb	397	1056	82	27	join
7b9931ee-45e2-4d60-8dbb-61f8454ea9c9	481	1057	65	27	the
4b873e94-822b-4fb1-9f9a-a4a99c1595f2	550	1057	154	28	company
bf567b1a-ea65-461f-9b85-a2288940a5e5	550	1057	154	28	,
e9c289a6-363d-4e12-864a-95086855603e	85	1079	58	66	and
c419fc70-8e6b-4e9c-a1be-cd09e2afdc4c	151	1080	116	66	family
970545a4-7894-42b1-b7b6-6d249847d68b	275	1080	66	66	1c
9f95ef8f-1463-4516-b381-40ea913680c9	349	1080	91	66	us
e94d471f-61e3-412f-aba0-f58ddef33416	448	1080	99	66	bound
dbdf9c22-9483-44c5-8294-623003fcc95c	555	1079	151	66	cordel
e8991c21-a5c7-49f9-a51c-2ae8982aa292	88	1139	99	38	12
4b83becf-b50e-48cd-8180-f3c984dfd640	88	1139	99	38	-
eb5d3d98-cb59-4cde-933c-8bf5655bb109	88	1139	99	38	16
0345ff3b-0517-43f3-992e-219b6f767efd	88	1139	99	38	,
25d75153-8948-47e9-989a-0b0910148aa1	192	1139	109	38	39
c50d1920-3051-4564-8308-2953265fc424	192	1139	109	38	-
814bd2bc-aa40-4e64-a80e-8b8fdf1d522e	192	1139	109	38	11
1ddcc220-e352-448f-bbb5-0f35544bec3c	192	1139	109	38	;
6e0327ef-9791-42a0-8163-655de6a17cb6	307	1139	109	38	vision
a9f0b9c3-2887-41e7-8f9d-2ce87a1309ac	421	1139	48	38	of
ad5a8abd-5433-4d15-b531-2b41dd650647	421	1139	48	38	,
6ec2bcf2-be4c-4ea1-ad77-8cc9071bab4f	473	1139	90	38	17
e6a7e3f0-eeda-40c3-b137-e1760c7b5cfd	473	1139	90	38	-
cab9c980-2ab6-4dce-bd30-1cc88a3335e4	473	1139	90	38	1
9e6c2d5a-e56e-4f7b-9ba4-7f72e7dc7e48	473	1139	90	38	;
bf21a979-92d2-4c94-9301-b3749f04e546	568	1139	136	38	explains
0b70c84f-bf4a-46d9-be94-e0e482e5de76	85	1169	152	31	olive
d27917f0-64f1-4401-a1a5-399d4055d1f3	85	1169	152	31	-
294a94b9-fa61-459f-934b-539761b5890b	85	1169	152	31	tree
c9c9df88-d8a1-4250-a1a5-98b928172db4	328	1170	120	33	symbol
6ecbe88b-92be-4bf5-9ee9-df74217a821b	88	1199	101	28	Israel
ae0bdca7-fa55-434f-9db5-b95c52e8ae70	88	1199	101	28	,
58d2d90d-ce42-44e5-9623-8f2a9ec8ed64	193	1199	105	28	28
d09c19ed-6fdc-4c6c-badf-f8e30e68b0df	193	1199	105	28	-
727cf22a-11a5-4360-917a-b9cdfd1933f4	193	1199	105	28	12
f15a8fbe-b43e-4510-add1-d74792b6af10	193	1199	105	28	;
40f2f25d-fdfc-4049-a9a2-e455f854be00	301	1199	140	28	marries
1d94ccf4-a873-4554-9340-dc371ca6f9f5	301	1199	140	28	,
ffadafab-936c-4b17-9726-8e83db678aa3	445	1199	87	28	31
fbda5cc9-026f-48a5-a569-4db53ce413f0	445	1199	87	28	-
b1747358-727a-4fce-9cb4-6ebeb380b823	445	1199	87	28	7
ce29c4f4-e811-40b1-b231-dafff88a1bd1	445	1199	87	28	;
244a3ad2-3bb1-408c-814a-8d62d7d24580	536	1199	115	28	breaks
4a884741-c237-4b5c-959b-d1719cbb5123	655	1199	48	28	his
aa93e3c6-4f06-4ccd-ad71-f3f8c0bd8bb9	88	1225	72	35	bow
44cb20d7-fae5-4c1f-aec3-a55c71b8b194	88	1225	72	35	,
2143c568-71a8-49f1-adaf-b71ba8cf3afe	165	1226	102	34	32
1d4d09b1-33e4-4bd4-aa71-4d042a92aec0	165	1226	102	34	-
af70587a-cbc4-429b-9b58-16cc9df3a840	165	1226	102	34	18
44a0ec7c-eff8-45b0-9353-ac60b0738fbd	165	1226	102	34	;
1f0a4fd3-b1c5-4573-98b4-d2eebae01a09	271	1226	187	34	commanded
b22e1340-a420-4953-a76f-44670f0fb758	462	1226	43	34	to
6dd9b602-b17e-46af-be22-5c1bdd64b4dc	509	1226	81	34	build
cf27d1df-e636-4167-939f-e809c7aaa226	594	1226	26	34	a
bac81568-772c-4f78-827a-b574f49c663c	624	1226	80	35	ship
86b4f7c0-21c4-467d-89e5-ce2c05d9720e	624	1226	80	35	,
df16e607-12a9-4bae-9638-3f90c75ab27a	177	1255	95	29	38
6baf184d-28e6-462a-be19-1229db71b0ed	177	1255	95	29	-
f6300c11-359d-4426-8cfc-17815dc8deea	177	1255	95	29	4
abd4b645-4bba-42ca-b909-182bfe093105	177	1255	95	29	;
40302857-f165-41a1-bbf0-315fe44cf4b0	275	1255	98	29	filled
73c7dcf1-bc0d-4099-8958-bdc88ca6abfe	376	1255	83	29	with
80377250-dbc2-40dd-b4e8-d5abe0ff2c48	463	1255	112	29	power
9baeb0d5-ff8e-49e5-ac1e-6f863eed5cf6	579	1255	47	29	of
644e9346-291d-4eeb-8b94-b009735f4261	630	1255	73	29	God
1d2c8208-0a57-4f72-a6f1-364000c463d2	630	1255	73	29	,
0b50a046-be67-4bd3-af5c-0a367e37ee14	85	1278	97	60	rosse
2e9bb0bb-d111-4d70-ac74-480e6a6e3833	190	1278	127	60	brothers
0a3fee46-1db2-45aa-8e8b-e8bd1d730dee	325	1278	165	60	wreceive
274094b4-27a0-46f2-beb6-99e7224b9c0b	497	1278	105	60	shock
f5edc7bc-0304-4422-bb41-d21c0f52c1ac	497	1278	105	60	,
6b71dfdc-a500-41be-a8d0-c9d2ebc72b13	610	1278	97	60	38m
e5073774-4581-4da8-812a-9b740444c4c3	610	1278	97	60	:
1c98504f-2236-4ac0-a1d0-2853c82cf90e	91	1338	91	28	pany
d2b157a9-6efa-42b8-b343-92d10c379263	91	1338	91	28	,
3c7fb851-8415-4024-9eba-830245eb95b2	185	1338	94	28	39
a28bae4d-05b5-4d25-9bef-bb0c0cf75006	185	1338	94	28	-
d942b896-9b73-493a-84d1-d7527425b412	185	1338	94	28	9
429bb651-fda2-449d-9ff0-fbd7798765fe	185	1338	94	28	;
4940c039-7e30-4f83-b883-afbb3730b598	283	1338	126	28	arrives
9ffabba1-8c40-42b3-bdc2-6ed5468db293	413	1338	49	28	at
10ab1260-3b04-409d-b25a-53025fb2d7cf	465	1338	154	28	promised
62e1fe19-c6d5-4445-b930-6e6bf9b83f1f	623	1338	80	28	land
6910c287-c944-42c6-8ee0-0d60e2aaf7ac	623	1338	80	28	,
e068d4ff-c739-478a-9d8f-aeb3b3207b4a	88	1366	112	32	40
ffcefb71-71c9-465a-8b1e-8a587349446d	88	1366	112	32	-
88da3617-d072-44bb-aed7-0898c88d3d2f	88	1366	112	32	23
72ca32d3-548c-494d-abf7-42b9311eaea6	88	1366	112	32	;
d3b598b7-478c-417b-8dc1-40121afdc01d	205	1366	114	32	makes
3ab5b3ce-04ed-4bee-84d3-3aee1929b98f	558	1369	145	29	preaches
27078a08-20f7-4fbf-804e-ccfdbef2edc4	91	1392	111	36	Christ
0946b7b6-0600-4e07-830b-c5ca9ff5f570	91	1392	111	35	,
a48b2724-78f2-47c8-a49c-d3273f907fd9	206	1393	102	35	48
324209eb-dbf8-45b4-873e-aaae426b323d	206	1393	102	35	-
7d62f161-9127-472a-9c9e-da16f1e7c8d0	206	1393	102	35	21
b11cd767-2ad7-4b12-b6ae-a066e17b1bb6	206	1393	102	35	,
a19bf5c1-3175-48e0-9f86-e6fed39f2496	312	1395	107	35	50
1bf9eff9-6165-4ba9-b2e3-b094f928c295	312	1395	107	35	-
888143f9-9a31-4815-b28e-573ca45b0257	312	1395	107	35	10
1965c4e0-2e1f-4c56-a6e8-20d92a8de920	312	1395	107	35	,
04a89200-f669-476c-bf06-338602b8f81d	423	1396	101	36	92
a27e9c90-1cf6-4824-95c9-5abadadc1e95	423	1396	101	36	-
3b07c2d4-7832-4502-8fed-884934781fce	423	1396	101	36	23
592db198-abd8-4116-a7c2-de770fad4339	423	1396	101	36	,
7892af42-168f-493b-9188-b5e781cd914d	530	1395	94	35	93
efc662e5-b4ff-4555-8612-ba58c6dc8c0b	530	1395	94	35	-
8eb47488-1ad9-4c9a-9798-569f9055b2b0	530	1395	94	35	1
753b1877-d100-4434-b276-dd98dc036c47	530	1395	94	35	;
3a69eb60-f1ce-4dd6-91b4-d2ab91cf3ff3	628	1394	76	35	with
d9d94644-dde3-4284-9647-e31c74ebd8c2	85	1423	26	35	a
7ecd169c-e525-41a0-affc-480fdec14e2f	116	1423	88	35	large
dccee11c-02a3-40b4-a5f9-a66f295d6c02	208	1423	144	35	company
1434197b-3c97-4433-a093-5fc26404bf52	356	1423	79	35	flees
dbc09a35-0f1e-49d6-bae8-28fae6722747	439	1423	83	35	from
f636055f-2472-4786-a659-15b0e39a6cec	527	1423	114	35	Laman
2baa8ac6-6eae-499b-9798-9e5078f15217	645	1423	58	35	and
3f702703-c834-4944-8524-8a1d5b06bb14	85	1477	186	66	prophecies
0ee2bdd5-a3d9-467d-b952-b8eb8a3dc10a	85	1477	186	66	,
3e90154f-12b9-4cb8-b8ec-8eb0f4bb63ce	366	1480	188	60	prophesies
5a0014d4-8d69-4059-8f03-f455d00a90ed	561	1480	146	60	concerts
6de32de9-8aa9-434e-854d-a4caf1436d45	85	1593	134	67	cheaches
7601ee81-574f-4ddb-9ac2-27b47a679b17	227	1593	84	67	with
da436d20-8952-4fdf-89b7-ec9ffb73acbf	320	1593	59	67	his
bb775405-c9e3-46a4-9bc0-3e3fc2344935	386	1593	134	67	brother
2fff95ba-a57b-49c2-b173-51f7dc0ce11b	529	1593	101	67	L
5463a323-3b26-4812-b393-d92e5d2b0989	529	1593	101	67	,
41c981a6-1539-40b2-8775-25e016594f1f	638	1593	72	67	36
87be1cc4-eba9-4077-85ee-dc778a26e5bb	638	1593	72	67	.
107eff58-9140-48dd-9383-6f50a61cea5d	85	1650	70	35	14
804f6080-bb74-491e-8ac0-a516bedab1ab	85	1650	70	35	;
53556b16-cdd1-42ac-9883-b5f8a1f066e3	159	1650	143	35	preaches
2e0b6ec2-ce2a-4aee-aa41-b95c75cbba27	583	1641	124	42	370
ddae7e4b-d469-4a76-8616-17f1a78b803d	583	1641	124	42	-
7d5007d9-c601-4e6d-8994-cfc1559f878d	583	1641	124	42	18
b412aa05-8eb7-46d4-8244-89e8774214e9	583	1641	124	42	;
608dc419-49ae-446b-bc02-c27d1d72489b	760	1030	47	32	to
ac9fafc0-a036-4db1-96db-c469e2de7c9c	760	1030	47	32	,
354f7489-d32b-44e3-b456-12d755c5f8bb	811	1029	113	32	174
227c5b7a-0718-4005-8828-1476ba4f2d46	811	1029	113	32	-
702ebfde-1883-4921-9397-bc8cd4658ddb	811	1029	113	32	1
c6059a24-b404-4f4f-87e4-f36fe2e60d6b	811	1029	113	32	;
34587d4b-eaf2-4d11-82e0-31a76ef7a85b	927	1029	178	32	Lamanites
c5db0a86-dd36-4690-a31c-b5e32e2a0491	1109	1028	51	31	in
8bc18eca-2293-4e58-8bb1-e9220bf08377	1109	1028	51	31	,
b6e524c1-d7bd-4ff9-becd-e2f18584f6b0	1163	1028	128	32	256
9dcea433-4b24-48dc-bb88-1fb67cc5158d	1163	1028	128	32	-
8cc38388-968e-4c34-889f-20cea835e5e2	1163	1028	128	32	11
695f255d-840d-4bf1-9f3c-0ff3ba6fafcd	1163	1028	128	32	;
0e9b044b-55d8-40c9-93c6-d0250df2a1b0	1295	1027	84	32	chief
d28d7ec3-b8fa-4d47-b5c6-32fcb635dd48	757	1054	71	38	city
4b301d84-75a9-412a-84f4-ddeddadb5a9d	833	1054	38	38	of
268b6e74-610c-4022-9783-60834b2175b2	876	1054	81	38	land
c7599243-55e1-48d9-81fa-c3df22001fb9	961	1054	43	38	of
24e443c2-a164-470d-aadc-5e81dc8896cf	1009	1054	109	38	Nephi
3c364690-8556-432a-8a2c-24f740735929	1009	1054	109	38	,
57c5fba7-ed30-4015-be73-5c98582c9a59	1123	1054	123	38	314
8c0af3f6-24d8-4434-ad1f-e0c3335cc35c	1123	1054	123	38	-
8768d202-077f-4e7a-a807-4b276986b5bf	1123	1054	123	38	20
be8dcaee-a3a2-4a29-be6f-200499337692	1123	1054	123	38	;
8fdd88a3-a0ba-40b9-b3e9-0524f7761a10	1251	1054	128	38	Amalic
5b096fb8-eadf-4302-8be3-486da9a11cd1	1251	1054	128	38	-
17171593-66f3-4dfa-85db-b9c76820b6e1	757	1086	79	35	kinh
a4478e96-42f3-465c-9a6e-af0c9ff69f60	840	1086	92	35	takes
c9c636d9-86ef-45ec-b1a4-c8c5ce0b5e00	936	1086	175	35	possession
af74932c-c696-4dff-b2a3-60b0936091c8	1116	1086	48	35	of
05d538c6-d9fc-4089-9c76-34a7d50b8bd9	1116	1086	48	35	,
ee8c0fc9-6104-4fe5-b149-a2bb6b713ee7	1168	1086	103	35	315
972adf43-0a5f-4bd4-8b7a-ca32d492bf9b	1168	1086	103	35	-
4ecf2890-811d-471c-86f6-496bb811500d	1168	1086	103	35	31
63ed460c-885f-4066-81b9-9619c6c9b8bf	760	1170	48	35	by
9e9bfb14-b763-48e1-80bf-7a857dc89fb4	813	1170	61	35	the
718e0606-f856-4e02-bc49-11b3ea0b00c1	878	1170	96	35	Lord
e2e81200-fa83-40a6-a60f-6462ac7e0a07	878	1170	96	35	,
c69142b5-452a-4eed-9359-d5552428527c	979	1170	123	35	130
58f1d31b-8593-4e19-918f-40e35c7776ce	979	1170	123	35	-
d5d542d2-0c92-4fb6-9878-5ed189487791	979	1170	123	35	12
3cbf3283-c74b-4ec7-aa07-13160d23b28c	979	1170	123	35	;
f19662bb-0ead-484a-a05e-429fee0c78e4	1106	1170	158	35	Lamanite
3fe0aeca-fc6f-479a-bef2-d114064ace15	1268	1170	111	35	armies
52fe7133-79cd-4217-86cc-ba685e229ae4	763	1195	113	33	come
675818f2-8492-42d5-ba85-7d1213d03638	879	1198	94	33	from
f0adf77b-93c7-4251-bcf6-cfe6963d058a	879	1198	94	33	,
de209d85-95ac-40ed-92a1-c9f538280e87	987	1198	139	33	133
4d21e2f0-a671-4a42-b416-1592ed02cb80	987	1198	139	33	-
936de141-1e79-42bc-8b6f-bc66ddf89f49	987	1198	139	33	13
db3e4c6a-356b-4f05-ad84-b057dc076258	987	1198	139	33	;
ce75eea1-70fb-4c84-903a-5117448cf322	760	1281	181	63	Ramanies
da155954-1fbb-4a29-899a-e5316947f9fd	760	1281	181	63	,
c55851f6-c19d-460d-b281-5535941debc8	949	1281	79	63	Not
26b6faf0-65b8-4701-9f73-e6aebe165da3	1036	1281	126	63	sarim
9f768c34-858d-41f8-94fa-87048fe92c20	1169	1281	87	63	bak
c4bbd6df-a77d-48a9-9833-aa48df6e6d24	1264	1281	48	63	to
fe1bf01d-11c6-474b-8945-c7c763d009f5	757	1334	122	70	Mosith
155d1878-965f-4cc1-bf93-7a0774f0c017	888	1334	35	70	go
5052ca6f-c224-430d-a489-1129346d7973	932	1334	53	70	to
af7bed26-5189-4f6e-8a8d-9c5b9a98fdbe	932	1334	53	70	,
9b4d05f2-ffca-4410-8194-027795e4d61b	993	1334	35	70	to
a3b33bff-4b9f-4717-b98e-cd06a0007cca	1037	1334	105	70	preach
aca1a450-337f-4a12-b691-6fecb16743cb	1151	1334	44	70	to
0a0edefd-2060-4ce4-8c85-becc4966f104	1203	1334	182	70	Lamanies
2ed6df00-4f6a-4807-a181-ba0f526b9dbe	1203	1334	182	70	.
e9bf39b4-753d-4e90-9e95-d4d99cb28622	760	1398	102	35	182
f189bd64-ec52-4ddd-afcb-5c2b84929aeb	760	1398	102	35	-
365b9ac8-1001-4282-a40b-bd5f7cd6893f	760	1398	102	35	1
2b00edab-5dcd-4605-800c-c6255f23aceb	760	1398	102	35	;
23c7fe23-ab8e-4546-b7f0-b97cd2d019a3	866	1398	106	34	Aaron
fac19694-6c91-407d-bcd5-ad0bc1c516de	977	1398	81	34	goes
5a60b171-652f-46ad-ae64-6c05d7ae5bd5	1062	1398	51	34	to
d651cc88-ff25-4c98-929f-4e2d3746b3f3	1062	1398	51	34	,
4449efbc-40ce-4a93-bc25-7fe3ba3c1e69	1117	1398	106	34	191
1eab179c-bd2f-4646-a80a-3de9dc003bfb	1117	1398	106	34	-
a6b0c968-d079-439a-a722-3696b7a397d4	1117	1398	106	34	3
debe7ebc-d29a-4acc-9e6c-ea0bcf1d51b3	1117	1398	106	34	;
2497b449-033c-451f-8abf-2e6990ed9032	1228	1398	151	35	Amlicites
05ea4ea8-930b-4745-9785-e7d1bb145892	745	1414	647	227	TERE
2d2599be-2834-4037-a978-725d4dcde2b7	732	1625	158	60	Nephihah
ec68780b-a75f-4154-a1f4-103f25c40b8d	732	1625	158	60	,
66d4eb1a-b5d6-4015-afbb-29d203bb2939	897	1625	82	60	made
828b9c31-ea46-4e96-a849-f0dcf073f181	987	1625	82	60	chief
078d50d5-d5e9-4f5c-b918-c55e3403fa61	1077	1625	97	60	judge
20b00f0c-bb75-4c70-8308-7a88923584e2	1077	1625	97	60	,
e605d759-7f3f-4f76-85f8-43aa063e1ba3	1182	1625	150	60	successor
95cdde67-76fe-45b8-bb9f-d11edd6bcc86	1339	1625	36	60	to
3db7a956-2d34-47d3-9675-1b3cf3037ea9	88	1764	142	28	encircled
d9b38475-b340-46d4-9fc0-784c33ca0ca7	88	1849	31	36	of
37f73738-f5c2-47f3-bbda-366b05bceb5a	123	1850	158	35	darkness
190a2946-5937-4b08-92f6-08585b526d47	123	1850	158	35	,
1e9c5ef5-a60c-4bdd-8ae4-c7b53015eb32	285	1850	114	35	371
2cd4f8d0-3a53-4407-be19-17c2687c077c	285	1850	114	35	-
43726226-fd58-4c0d-ab1d-55951308d5de	285	1850	114	35	28
183c624d-97ec-4202-a327-d0cfe6016a77	285	1850	114	35	,
3ac1ebdb-93e7-4902-942d-96e2f67ed7de	403	1850	53	35	34
ee8c5245-9427-44c1-b541-6c2697ffa38b	403	1850	53	35	,
5d5abe6d-6924-4575-9fe4-6e157b89edcc	460	1850	57	35	40
68ca8c46-e08b-43c6-9e27-cb56c37f036d	460	1850	57	35	;
d1b028d2-03ef-410b-9502-e5cb506beb06	521	1850	179	36	persecutors
17d04338-938a-43a8-8100-f21ea31f2885	88	1947	31	50	of
1fd48ed8-a663-4b3a-9a3a-c81ec3030415	125	1947	75	50	Lehi
3e3b7ce9-5d98-4cf7-8239-1a3bc6b0bb82	207	1947	75	50	and
05477ba5-ca8c-4be2-8a51-9f9c657b7c5d	207	1947	75	50	,
dccfcf47-f152-48e8-b7e1-72063e9b8e5d	288	1947	50	50	did
658601b9-b9e9-4185-bbc1-ca0f7c568af5	344	1947	94	50	shine
ee262c7d-77fd-4f4e-8dc1-c3c2eb8f82f2	444	1947	37	50	as
2a5d757e-7d7f-408f-83d4-44807c4721ea	488	1947	119	50	angels
4ce38c29-ec69-420f-b880-6582202fd45c	488	1947	119	50	'
8d57dca9-518d-4fd5-b3ee-e8e45b53e998	613	1947	90	50	faces
283abf95-aa9c-4a75-931e-39f414c677b5	613	1947	90	50	,
fb4ea9f9-f9c6-4fe7-8a8c-8ac6c065b21d	85	1991	118	35	371
7034b95b-cb09-48d7-8b5f-e2a5a7af22ea	85	1991	118	35	-
b4a3f8eb-1c3b-40f6-9b12-61580b608fb6	85	1991	118	35	36
fb491e27-f118-44f3-bc36-785845547078	85	1991	118	35	;
507b6552-1100-42e9-b194-b953ea52947b	208	1991	140	35	converts
a6bbf6c4-f5ae-4632-8fa1-9e56284bf0d8	352	1991	105	35	many
dfeea61b-1d7f-4cfc-b2b6-67ba3ff701cb	352	1991	105	35	,
2c515b4e-400e-4920-8f24-4ca1ce4581bc	461	1991	123	35	372
6a5e8555-3aa1-4686-8872-d23fc1c803d3	461	1991	123	35	-
9472fb2b-d762-424f-95d3-2b9983bb8078	461	1991	123	35	50
ca3db7dd-0ea3-4a8f-9870-886eab188bf7	461	1991	123	35	;
bbe42463-9cb5-45fb-83d0-0b9eaed038a1	588	1991	74	35	goes
4f93f666-eda5-4863-aba7-c591b50943f3	667	1991	37	35	to
a7294380-af16-4485-992d-2b9438b25f88	82	2019	74	35	land
9fc94831-7b4b-414a-a30f-267af306ce35	161	2019	175	35	northward
f424362e-9d45-424c-97eb-b183cabf11ec	161	2019	175	35	,
c6405ca2-957d-43d1-822b-f3aed0233454	340	2019	101	35	373
0e07464c-87f1-4229-8244-dc534c54f692	340	2019	101	35	-
986f0084-5eee-46f4-8bfb-978e31c6d3dd	340	2019	101	35	6
bfa3f26e-039f-453e-9a2c-20584321437b	340	2019	101	35	;
6a6ebdb3-40d7-48e9-9840-f7423d9013b5	445	2019	123	35	returns
6c61970f-42c0-4c55-b273-8842115ea39b	572	2019	39	35	to
6ffcaad5-a1d7-43bc-aca5-75b5cd258fef	616	2019	88	35	Zara
59bc713c-f0fa-4150-952e-f517b377d674	616	2019	88	35	-
99e6c447-7f23-4ab6-9e56-a63a4835aa21	757	1764	119	38	326
dd1d352b-2fc5-4580-8703-4de7c53aa5a8	757	1764	119	38	-
dbb11405-19a9-4c47-af38-f4c842c21c50	757	1764	119	38	26
3c65038a-e4bd-4f61-a598-b0510ebabe95	757	1764	119	38	;
c13a7fe6-3ee8-479e-9244-d5085560bc29	881	1764	147	38	attacked
88838cf5-c6ed-4d16-943b-ed9333872e8b	1033	1764	52	38	by
8f341f11-0c9f-4af9-9c04-71f382465c6c	1090	1764	181	38	Lamanites
6643adb4-e133-450c-b9d4-ee97b7c389d8	1090	1764	181	38	,
be1815cf-7ec4-4476-bd8c-4519f9af92ea	1275	1764	104	38	348
ff7c26bf-afeb-4708-a50a-1261b429ebe3	1275	1764	104	38	-
389c9a1e-9e22-4f3b-9088-ee25a0143438	1275	1764	104	38	5
b4fa3291-daf2-4700-b9af-350194893800	1275	1764	104	38	;
6afc57d7-fb07-42f6-8dfc-0f0bca0cc24f	754	1792	136	35	retaken
1e533302-5598-403d-82d6-c57abf32e420	894	1792	57	35	by
46de77b6-878f-4658-ae17-02c2b7b0519c	955	1792	136	35	Moroni
db569a68-86ad-41a8-82c8-8b966e22c159	955	1792	136	35	,
3d0ca304-d185-4875-8d64-01b7a46c68e1	1095	1792	113	35	355
06840506-b8e2-44e6-b873-594e63f6536c	1095	1792	113	35	-
4c2a9dc2-00f1-432e-8024-eb579cdcaa39	1095	1792	113	35	26
7d416aae-650a-48eb-ba89-5e71db3f5721	1095	1792	113	35	.
39e2200f-177d-4db6-a599-e9f254615969	729	1821	167	38	Nephihah
f7ea1f86-36df-4f9a-a16a-0f829161a61c	729	1821	167	38	,
0d5a2a6a-a242-4b68-92ff-9f934a0ddae7	900	1821	79	37	land
fa6c1312-5ef0-443f-87cb-35b1a8869134	983	1821	51	37	of
d5027fe7-9f7d-4cc8-8924-568d468b462e	983	1821	51	37	,
50b477b6-0744-47b2-bc2e-be51136ebf1b	1039	1821	120	37	Moroni
1e84ab15-12c9-4267-8007-b9108447b6e0	1164	1821	79	37	goes
33f46edd-3cd7-40da-88c5-44e073bdaeb9	1247	1821	56	37	to
c998b779-ee11-476b-9fc9-ec0939ad0fb4	1247	1821	56	37	,
b8750589-ee3e-4680-9a1b-912c58f97993	1307	1821	71	38	354
3ec4e933-9df4-4466-8bc0-c85fa2169ece	1307	1821	71	38	.
48ad41fd-de5b-495c-97df-df6c6ee56238	732	1849	165	63	Nephilar
4506a1ba-b52a-42af-b9fd-683094ccad97	732	1849	165	63	,
6fdccb26-9974-47e3-804f-94c331872384	905	1849	142	63	leaves
9a985719-194e-46a6-8ca8-667340048116	905	1849	142	63	,
1d8038d2-d33c-45d5-845c-1d851f4e58fa	1055	1849	39	63	3
92184e19-51f1-48ef-b568-e94b1155263f	1055	1849	39	63	,
4c8a3310-2836-4ead-877b-ec13a4ea6656	1102	1849	24	63	-
ab294740-cee3-4ca0-9bfe-861750b9631c	1134	1849	40	63	Ne
6e98503c-8ad1-493b-a34c-ce48b5e948e9	918	1878	104	32	plains
5857ea75-4394-4d8e-bc29-e8365461ef7f	1044	1877	71	38	of
f8d23a45-f28f-43c9-9be7-3984dbd8d3a5	1044	1877	71	38	,
b62dae6a-9daa-41da-ae6a-cbd2372e3fde	1120	1877	166	38	Nephites
b0c42996-f7d0-4ff3-baec-ea98637f57f6	1291	1877	84	38	pitch
e6ab2d84-2ca0-4253-b163-1cf9908ee603	757	1906	92	35	tents
3181f2e7-eb09-4181-94e6-5b522179b5cd	853	1906	52	35	in
fa291f14-2fcd-4e8d-890b-fa01d5331f20	853	1906	52	35	,
98949c71-ce93-4d64-a3b2-f6ca8bb724b3	910	1906	118	35	355
65427f6f-67e3-4dcd-be67-67d80d589921	910	1906	118	35	-
0af820c4-fec7-4583-857c-2c4cdd4082d5	910	1906	118	35	18
427341bf-20af-4fde-bf33-46fb3b6e3749	910	1906	118	35	.
597283b8-4d44-4fe3-851b-ccb036c71be8	729	1934	158	35	Nephites
2b5a81fd-bb9d-426d-bb0c-a7fd6e532519	729	1934	158	35	,
d75b1c33-42a7-4c62-8c28-d2ca3f93e9e8	891	1934	57	35	all
ff8a1911-a45b-4750-92c5-f46a8af26ecb	952	1934	79	35	who
b20ec1b5-91ac-41b9-88d9-4f724c4479ac	1035	1934	88	35	were
dc494e7c-33ef-4123-81d6-8e8994a4ce79	1127	1934	70	35	not
bf80514a-2b35-4b7e-9369-d8bd092b0c62	1201	1934	177	35	Lamanites
444c01d5-8a20-4adc-88c5-0b8c9ac3f79c	1202	1934	177	35	,
