ID	X	Y	Width	Height	Text
fd00b9c6-4566-487c-9660-539080d19515	640	93	149	41	INDEX
89f78f8a-56f3-46b3-9d5a-c57c4a83a670	1300	98	76	35	561
1444db74-0f0f-4d5e-a266-85ea94595c51	66	167	142	57	Prentin
3ae7899b-bac6-43f7-9f02-33ba02196e1a	216	167	114	57	among
bc38e299-0342-4389-ac73-09088862e997	337	167	57	57	the
43ac2d21-56b4-4ae4-871e-9a165c3dd924	401	167	107	57	people
13d6f3fe-ae3d-4ed6-abe9-e27688cbd5a4	515	167	214	57	concerning
16234c75-1e40-4f82-89e8-daf24596f038	736	167	142	57	contain
c83fa521-d2c3-4246-81f6-b1840b38c9c0	885	167	78	57	more
d5907b6d-70df-41b7-a398-2d5d309e37af	971	167	28	57	of
7bda6503-68dd-4ad5-ae93-2db0a7fb2487	1007	167	50	57	the
2a9f6fe5-be08-4477-88c3-411a0b40180f	1064	167	107	57	sacred
f7874185-7a79-4ebb-b689-f66a930b2708	1178	167	36	57	or
61a7a706-52e0-4ef5-97c6-4d3c17172e62	1220	167	155	57	ecclesias
7c3829e9-43b9-49a3-991b-82299dc99c97	1220	167	155	57	;
851270aa-c79c-455e-ba3e-b631eaab2385	763	192	118	25	contain
762618d0-4341-4ee9-9517-86723d5734b3	885	193	84	25	more
f9577234-2d8c-403d-962f-484932855c3d	972	193	34	25	of
14f80186-dde1-4f90-8782-b17b88c4dfc6	1010	193	59	25	the
d406e05b-9746-47e9-bd08-70dab0079241	1072	193	103	25	sacred
b52f8273-7f6e-44e5-91bd-181472a590f9	1179	193	41	25	or
d402e197-a245-4cf5-8c97-0941cf52212c	1222	192	153	25	ecclesias
ded8942f-9b03-4870-b9f2-962424dcd386	1222	192	153	25	-
d58a4abb-71db-411a-8e68-273725ee4801	94	226	102	31	324
b37d160c-bae1-4dcb-8045-df5eedd7a112	94	226	102	31	-
e56e3c88-5140-451a-a564-1248ea712a89	94	226	102	31	2
c4ef8097-e318-4f6a-8a9e-d03f26e43768	94	226	102	31	;
71100055-9e58-4316-9d09-6532e8256fad	199	224	127	31	refuses
06eab925-f8b9-4886-9ff1-f588847da601	330	224	47	30	to
d415bde6-cd72-4fd6-80ef-ffec2da89aa3	381	222	116	30	permit
94545d3b-c8cd-4ef4-a5fa-f3b3b9f10eb9	500	220	167	31	alteration
596d15c8-d0ef-41da-97a8-135fbec2cb2b	671	219	36	30	of
d9c0ed35-cac1-4eb3-a7ef-56225e9c15e3	751	211	631	164	SEEN
ad671247-bbd8-490c-b62e-e30ad109fa3b	849	334	140	28	132
7df57452-dead-43d9-b835-28f78c4505a3	849	334	140	28	-
8ee2cd1a-015a-46f8-bff5-a57ae2479b25	849	334	140	28	30
c4cca885-3d73-4ddf-8a4d-1ec04f7ddede	849	334	140	28	;
8ae4af5f-c7f3-4a28-b72a-c350dc32b97d	992	335	157	28	Mormon
6ed67e96-ced6-4978-8995-4215b21ef4f8	1153	335	105	28	adds
aea3f605-6aff-4efd-a53f-6abb5d42e83b	1153	335	105	28	,
bdf68a7a-4a32-4a1d-a961-057800f44096	1262	335	59	28	to
6ce78a94-c3e6-461b-a952-20d6a5cd601b	1325	334	47	28	his
4788a1f9-42cb-4348-8e28-29301831ef53	757	363	124	32	record
1eea8ee8-e8f2-4729-9b37-0764cbde6273	757	363	124	32	,
eee9d3b1-d3c1-48c9-acf0-8b0039c7fc95	885	363	96	32	132
2b853d42-49ce-40d3-9a65-a61df93917a3	885	363	96	32	-
ddd6c864-e9b7-43e6-a25c-38496df04408	885	363	96	32	6
c2f39dec-12d2-4acc-b291-65dbf6e2796d	885	363	96	32	.
48be71a9-7635-40a8-b7d2-a12815a9e24c	148	388	74	35	the
69e2072c-9165-4ae4-a98c-486b78691627	227	388	258	35	judgment
03e82e67-1f01-4888-a22d-d398f6bd1b84	227	388	258	35	-
01875da8-34e0-4261-8658-251d7290529e	227	388	258	35	seat
cb8f4565-4422-4e14-9b27-66e53a3d7185	227	388	258	35	,
9df3ec88-ab52-4957-b212-1b1a0b8d9b32	489	388	136	35	357
6a2aca70-3787-467b-aeac-775abf704068	489	388	136	35	-
e53a3b63-ee31-407a-8098-9be2a1bb189f	489	388	136	35	44
ffef8d4d-7cc1-42ef-82fd-818ee760d93f	489	388	136	35	;
15a5852a-6cde-4dd3-8bd1-f4e5b54e8a02	629	388	77	35	dies
3759b1df-d82e-4518-856c-e3c57a4d7879	629	388	77	35	,
4b843389-499c-4b5b-880f-b65961ec1f5f	91	419	98	35	359
64224acd-0108-4d2a-a026-dbf1e73196c6	91	419	98	35	-
1f4f19a7-4926-4ef8-890b-241e4fdf3aeb	91	419	98	35	2
64986560-6a05-47f1-9043-c8c4d129111c	91	419	98	35	.
aa485332-6e2f-4259-99ea-ce95b18825b5	732	391	112	64	Plates
3a1d33a7-ebae-4556-b488-027546d2b080	732	391	112	64	,
19ae354c-9648-4e91-946c-d3d4625f5709	852	391	135	64	grount
86db5ef4-02e9-470d-9bc9-d1da0bae3083	760	450	111	37	150
a26fbbe4-6fdb-4983-bfb7-ea09d0488c21	760	450	111	36	-
c11c9e1c-456b-424e-8870-4696f4c746c4	760	450	111	36	9
300704ac-be48-48a2-8bd1-7ab5a35c45c7	760	450	111	36	,
adf23cb5-3d36-4118-b79a-6969a30e58bb	875	452	137	37	176
1352b4e4-5b8f-4d6c-9f37-ec67c37fe7c5	875	452	137	37	-
d02e37a1-9828-481a-afe5-0e86aa743cd9	875	452	137	37	27
2af6e79d-3dc5-4e94-8268-4b757dfcf800	875	452	137	37	;
c0c5d17c-7014-48db-9347-e89b5449dbb9	1015	455	140	37	received
0484d223-921e-4051-abac-6e9ccea97545	937	391	59	95	127
01ec8bac-762f-426e-ba14-b4ce4ef73c5f	937	391	59	95	,
02751948-bbf9-4c72-86e2-95fe386e8ca9	1008	391	142	95	record
a40cd363-f278-437a-9275-52457866d187	1163	391	36	95	a
d511413f-14eb-4b81-becf-34cfc15d70cd	1210	391	168	95	on
40dfb88d-dee5-4cbe-b2e6-8c9411544efe	1210	391	168	95	:
bbe73c69-7beb-47d0-aa35-1cd8a25a2ed2	1230	451	146	32	Mosiah
2f7e3d63-6684-4dc1-8f6a-bae54c21c2c3	1230	451	146	32	,
82a8ca6f-70dd-487b-8a88-ebddb4b2b74d	760	480	120	32	177
40671651-b6f9-4766-8ee0-4c0707487f68	760	480	120	32	-
d3e1c6af-db2b-4b91-8d97-caaf45f5c8d4	760	480	120	32	14
80d93786-1905-4ddc-9321-8d3d4d96e37a	760	480	120	32	;
ec484605-d444-431a-8a39-008d0c528804	884	480	97	31	Alma
532015bc-ecf0-4c78-9a6a-e649a0d057b1	985	480	112	31	speaks
6d1d3560-6cdd-45ae-8f53-51713dfa81aa	1101	479	43	31	to
ad9d935c-e922-48c5-adbc-c2882c4a7199	1148	479	151	31	Helaman
c9b291a0-fa95-4427-bd45-51a84b0a74b5	1303	479	73	32	con
0075cc47-16e5-4aeb-8e04-f75c4ffc5549	1303	479	73	32	-
08d2f5c7-8a44-49b8-a60e-170a515e437c	88	508	102	41	judge
c3149a2f-c333-4ee1-8d09-15a78e4b053a	88	508	102	41	,
4a1f7481-ad6f-48e5-932c-18fdc6b54608	196	508	103	41	359
d3d5d8d7-c699-4c4c-8a9f-67f83840a01b	196	508	103	41	-
c54e2e15-9b11-4039-9d91-082e4c6427a9	196	508	103	41	5
0be15618-5c54-48b2-9d9c-ec08da69b253	196	508	103	41	;
1eea74e3-1100-49ef-8ced-47ab07246f60	303	508	154	41	murdered
e7f09726-c9fc-4edc-9c1b-11ad32ecce52	462	508	46	41	by
44e1e39b-2af7-48a7-883a-f41f27fadec3	513	508	193	41	Kishkumen
d9ee3295-3dad-496a-b417-9a15dd58beea	513	508	193	41	,
7c2f35d1-9689-458c-b2db-12034637d65f	760	508	131	35	cerning
22ec6e61-b34b-42e0-b9bb-b5023737de65	760	508	131	35	,
cfab9e30-4114-43dc-9393-d4a6525a3d37	896	508	127	35	289
ae780f56-acc6-4fe4-ba54-909cd7442ae9	896	508	127	35	-
24d5f97f-9aeb-432a-8a1c-8a13cb080c12	896	508	127	35	21
ab34f266-b01c-4270-b8f3-6139a96a898a	896	508	127	35	;
bc5350ba-718d-4a31-a348-69f92edcd72d	1027	508	122	35	Moroni
3d280688-f10e-4bac-8a15-40410c1350b0	1154	508	92	35	takes
24a9e1df-64a7-4609-a9cf-8e4f32676036	1250	508	125	35	account
f4885e65-22d8-4e42-ae43-65c660dbcf35	91	539	95	36	360
e82268b7-82d4-480d-b1ff-9f2ca0925d17	91	539	95	36	-
37391534-3e54-47fe-832a-013ee3ba89af	91	539	95	36	9
66526d5b-4118-4e92-94cb-06dd54eacf54	91	539	95	36	.
be4a5f56-1a63-4c70-8bf8-d2489bb123e7	760	540	38	32	of
882e732e-8977-4478-be68-911e3fa13870	803	540	93	31	Ether
04831222-088b-4eba-a0e8-31ac2bf59281	899	540	89	31	from
8c616464-add8-41dc-a7dd-a722b6d2a6e2	899	540	89	31	,
3228c60a-f32b-4d0a-a105-d25df3d3d3bf	993	540	101	31	478
2c4a44f9-0102-4c8e-ba43-850949f38836	993	540	101	31	-
ce4cec74-261c-40a9-a081-6e0e3b24f2ea	993	540	101	31	2
a0b8b4b1-b94e-49cd-818c-a3932b805008	993	540	101	31	;
840c9620-abbc-4095-96c6-cdb1de578733	1097	540	108	31	record
f519f009-c49d-4ef1-b839-473220d799c5	1210	540	35	31	of
5b0b54b2-799f-46ba-a189-b3caed6f27a4	1248	540	124	32	Brother
c6d52aa4-483a-4633-8220-e77e0f36d3ba	63	568	87	70	Parad
4c77a647-7721-4177-b63e-3e01932d8599	159	568	140	70	straight
aa2af8e6-2d16-4d0b-ac7f-0363d5c36fca	159	568	140	70	,
a75c332e-8ecd-4fa2-89f7-26acef68797a	308	568	52	70	and
f1a6eecf-e6d5-4564-8fa8-76b950b5e551	369	568	131	70	straight
396f6d24-d003-407e-a4f4-f4415590ed16	509	568	61	70	and
dbcd3183-4b0d-4154-a7e4-34e80b1504a0	579	568	131	70	narrow
1124b117-9358-4b7e-bd8d-57775fa2daa4	579	568	131	70	,
485e617b-11db-4e5c-beec-cff6bcc0ec18	767	565	40	32	of
e0d795af-4a8c-406c-85ee-885bbba5a977	811	565	96	32	Jared
608586a5-0349-4c7a-a1a4-a8aed9a85746	911	565	100	32	upon
88b69395-2d28-44d9-9ecb-a4a27bddc0e9	911	565	100	32	,
c159df40-2a49-4acf-83f4-7300b5da1790	1015	565	124	32	484
06caee11-54bd-40e8-930c-9c8e67308c5f	1015	565	124	32	-
eebc7bcc-ab65-4b6c-95b5-fd09b07599b5	1015	565	124	32	21
490378ff-74dd-4479-bfb7-5c3d1d886d34	1015	565	124	32	;
34d2284f-cfaa-4b41-afdc-dc3b9f58b54c	1143	565	72	32	not
18b76598-d33f-4b35-956d-98655f74660b	1219	565	37	32	to
cf763d3d-bf79-4f2d-97a5-32a6eb5a7596	1255	562	68	31	be
6047787b-26a9-479f-adbe-5d92f123b465	1325	565	51	30	re
ba207123-bfcc-4027-a2ff-a2110be6495e	1325	565	51	30	-
0c3cc770-d51d-4fc4-bf2f-960eefd71499	763	593	120	32	vealed
7c85a4cc-6db8-4346-a7a3-64a5de386ec7	887	593	91	32	until
78c924f9-253f-4eb6-a4d6-2c34c40812c9	972	593	111	35	after
2531e66a-f050-497a-a71c-2ac9867e2f8e	1087	593	115	35	Christ
483e9e88-e5a6-46bd-8106-be0662f6b1cb	1087	593	115	35	,
a5715492-182a-4987-914c-05412e7255d3	1211	593	121	39	485
6271e385-053f-4b6f-a3aa-10945ecac57f	1211	593	121	39	-
0e76951b-d384-4772-906d-39b41083662d	1211	593	121	39	1
b5fcd214-5ef3-4e9d-93a5-28b0198f19fc	1211	593	121	39	;
4445e219-e8cd-43eb-b646-bfcb17eca7ff	1336	593	39	38	to
9b439023-8f5e-4418-bc19-10ea82e4eb0e	63	628	109	73	Pear
763263b1-4406-4526-b419-cb9d7f433e94	63	628	109	73	,
3c29a75a-7703-4424-ae28-570565706141	182	628	55	73	for
0f33bb62-1121-4f1a-a9dd-721014fceb34	246	628	146	73	ornament
924f55f6-a239-41e0-b635-1da122cb2c22	401	628	46	73	and
64e4afe3-1de2-4481-baf4-8d5f409ceb95	455	628	137	73	display
2eae1714-8d65-4209-8b33-0df252a425eb	455	628	137	73	,
67edde2b-0db6-491b-9648-341974d66c37	601	628	108	73	458.24
9d873737-3203-4c64-af36-63ca5652cba2	601	628	108	73	.
3a4d695e-038a-4126-a0c7-5ea2072454bf	760	622	99	38	whom
372bb682-c8ad-44b0-9f0a-9f10b286503a	865	622	43	38	to
2940c253-32a6-4a46-9e30-3c38c426c951	912	622	48	38	be
797704c1-44db-4e8e-b932-1725ca1d76f7	964	622	114	38	shown
78fa66bb-d0df-4b03-8784-3003ef69337d	964	622	114	38	,
f4b20db4-56c0-4a2e-980d-a10db8406b12	1083	622	123	38	487
00f988f1-86b8-4a1b-be77-ff44e1dd2c49	1083	622	123	38	-
7300712e-3817-4b53-921c-db7262250b2f	1083	622	123	38	ch
040cf0b3-3e03-4a0c-ad3a-a709bcbd9b59	1083	622	123	38	.
1f19e1a3-ac6f-45e7-a9d3-d2f743c90de1	1211	622	66	38	5
7fa8d26f-1f06-4048-a5c3-fff94371ae6a	1211	622	66	38	:
e4f6d858-37f6-416b-9f39-5a7868b76aec	1211	622	66	38	2
8dbaad4a-1af4-4997-aa74-43fe06c80722	1211	622	66	38	.
a3688bab-632f-4f63-bae0-01c16f751f92	732	647	128	41	Prayer
87206867-5270-4a62-bd4c-b1adddf36ba6	732	647	128	41	,
b5d23a5e-fb25-462a-b05e-2ce2d1e748c5	865	647	72	41	and
206dd4d1-6f0a-4de1-8d13-461a48391224	942	647	133	41	fasting
5c7cb516-bed9-448c-8578-70fe1ef0eadb	942	647	133	41	,
4e4e9e52-9f89-444d-a621-229b4e4c35aa	1081	647	62	41	for
34e6dddb-e6e1-497b-b4df-e01819ec0b48	1147	647	108	41	Alma
2d5633a4-a4a1-487d-89e2-ebe646563496	1147	647	108	41	,
60f082de-ac04-4cdc-a1df-aefd5512fd8d	1260	647	116	41	188
03bc1d83-415f-4376-b446-a696e77e0a67	1260	647	116	41	-
c39e7f92-406f-48c5-b4b5-6bc138e82ffd	1260	647	116	41	22
d77cd0ba-dcad-4463-b331-454ffb7cfe3c	1260	647	116	41	;
0aa95fa7-30ee-40b7-90dd-a8f41be1de02	63	694	148	38	Penitent
e0f6e02c-42b8-4e94-b028-ab9bee400d5f	63	694	148	38	,
ba1acccb-4d25-4faf-b95c-3b1bb955d881	216	695	69	37	the
5a5ac75a-3d51-49fe-8a64-12a50dd33e8c	216	695	69	37	,
69082cd9-3423-4a2c-9f2f-9a3f437451d9	290	695	42	37	to
faea2c42-8330-48e3-aea2-1057a4d3dbc9	336	695	42	37	be
fa6497a6-ace0-48a7-8171-18457846a5c5	382	695	130	37	blessed
94f103e0-c417-4f40-a8f8-6ddb86790196	382	695	130	37	,
ac227c6b-76c9-4e18-bfea-3c2e27ab0482	516	695	116	37	262
d1b927dc-7e24-4742-8e26-e44e81c5c925	516	695	116	37	-
d75caf6c-c8d0-42d2-b24b-0963c9358640	516	695	116	37	21
01310d8b-f569-4ada-b74b-4d4e7c6639ef	516	695	116	37	,
22623d5e-c7bf-497c-85e7-dd2d981f3898	636	694	70	38	265
b2a2a0e6-aa84-4234-a44f-6bb62404c5c8	637	694	70	38	-
dcc1311d-13d5-4f0f-a6de-0997a66198e1	757	678	147	38	teaching
9e8073e5-ff03-4af4-a21d-57a48b6d3166	909	679	38	38	of
d8df31ed-b068-4a00-be16-ddd4bd9ed68f	952	679	105	38	Aaron
d3a7fe49-8493-4b1a-bd03-5fc3b9d8dca9	1061	679	57	38	on
d4f28877-0666-4650-b275-a126452aaa68	1061	679	57	38	,
30458952-7977-4df5-9e0f-b0fe408b2e52	1123	678	114	38	252
34b553e0-94be-49ac-939f-4efca1d26693	1123	678	114	38	-
68b40426-5c7d-44c1-bf76-2e8a70ad27de	1123	678	114	38	16
1e3d5276-4911-45ee-bf1b-004c15305ef5	1123	678	114	38	.
7a5ae86e-18fe-40dd-8f39-e101c180322f	91	726	52	35	18
93e72b19-209e-47a0-8e84-6d0aee179c9c	91	726	52	35	,
a09bf8fc-9cc1-4306-a770-375780b98c2e	148	726	118	35	300
754a9da9-8c07-4074-82a9-e64b6279faeb	148	726	118	35	-
77d1b05a-e824-476f-a903-7ef5f06c47d3	148	726	118	35	23
67d771dd-6c30-44fe-bc5b-27f2a293bf03	148	726	118	35	,
f1d5d982-93e2-4608-b399-8db4af7d2151	270	726	51	35	24
9d244e81-9468-44b3-8d3b-4db5fd0e48da	270	726	51	35	.
36ad6be0-da00-4ff9-a952-dd9ba8e7d1a5	729	710	114	70	Prayer
fc130ae8-cfd9-43fd-a8e5-b13a8ae78088	852	710	52	70	20
d53a66ca-0fa9-4943-a036-96f74a749c68	913	710	61	70	the
4abffa91-1771-4b63-ad3b-4a0e1d24b6c7	983	710	149	70	righteous
113525d1-0188-4bf7-8c73-73e9849a7d8b	1140	710	87	70	delay
2ea19cdf-6969-4b04-a48d-41f33feeb070	1237	710	142	70	destro
d5b4fe4b-a3ae-4129-ad66-9dba81c5cded	1237	710	142	70	.
3a238fd0-6676-4557-a578-c467d4a8f575	62	788	160	37	Perverse
e3ef5dfb-89aa-4d97-8df1-cde44e5179da	62	788	160	37	,
d4c623c5-8184-473c-bc14-de8df1aa109b	63	754	162	73	Perliton
2aebae81-09fd-468f-93a2-9a46e592cfb1	63	754	162	73	,
ff4b9e1d-373f-4257-84cf-223bf26ddb09	234	755	180	72	teneration
9456ce85-4d0e-4c19-844f-2db7d8d54fd2	234	755	180	72	,
60d40f59-2f48-4332-91f1-9debd2c6654a	423	755	72	72	ald
7977d5fe-16a2-4617-9e4c-9860c586f063	504	755	135	72	wicked
5a7c7bfe-0a72-4def-afc0-3f448b215b81	504	755	135	72	;
f86f720e-a90f-4806-99ed-750f682ca5be	648	754	62	73	see
d91742c7-458f-42a3-8f83-d03ac074f759	63	843	121	69	Perse
ce62f787-0b50-4cc2-acad-77dcddbd0f69	192	843	155	69	forbidden
832f16c5-afcc-4fb2-826b-6ab4fa6c5ba5	356	843	52	69	to
f667ab30-0ecc-47ba-baf0-00de98adb875	417	843	129	69	Nephit
dc344900-3172-4b55-9d61-8d3656125dd5	555	843	78	69	bal
a0d3fa5e-1546-455d-979b-82afa90b6042	555	843	78	69	,
0a98a077-fa04-4afa-925d-8b168b0d4cbe	641	843	69	69	158
bd0c0d8a-1826-4cb0-9ec3-d3794aa51a0d	641	843	69	69	.
2dfa7955-b74b-40e9-8c25-661836e1c9f6	88	801	192	73	Generation
8cc0d601-a5ae-4e16-b8bf-af19c684c0cb	88	801	192	72	.
3066d8a2-da75-4dc2-a677-dc6c2f09416f	281	824	155	68	inflicted
3b59cc5c-c6dd-4383-8578-0f2d0d4ee0ab	436	843	57	57	by
8397c730-131b-45ba-87e2-04a4000051e9	63	1025	115	36	Plain
e5c2bdfe-5062-4a11-8fb1-474ff677c548	63	1025	115	35	,
eb5864a9-b5db-48de-a2c4-5c3140b4da16	182	1026	64	35	and
33461860-7218-4a00-801e-2014ca63bd50	262	1019	142	38	precious
834d2212-9e8d-4d98-a2ca-b9d6526020c0	88	1054	99	38	away
64a29eb5-3d1c-4d09-b20b-f77c33fb860b	88	1054	99	38	,
f4658156-ea48-45bd-ba85-8af086b09f0c	192	1054	105	38	23
60d7c8c8-5f41-4fc7-8cde-9e9182e4d047	192	1054	105	38	-
d1fb64dc-04df-459f-b9c1-2941002561e5	192	1054	105	38	26
13de362a-ddbf-4665-b8a2-c92018bad4c1	192	1054	105	38	,
183402a9-479b-4b0c-9ddc-824f92d71c03	302	1054	57	38	28
b4f14592-6b72-45cc-822a-b5ec8f0d9cae	302	1054	57	38	,
58731a85-d4a0-4b23-bb52-40be8565b064	363	1054	100	38	25
d1dd13d5-7526-4257-bae4-829596072798	364	1054	100	38	-
ef7f2929-0dd3-4748-adeb-8824c24cee13	363	1054	100	38	40
d45764b9-f631-4b39-8560-ca564e718072	364	1054	100	38	.
f885980c-5be8-43d3-9bfd-0198092fa000	63	1082	166	35	Plainness
97f39049-c9e8-4736-b691-e90479eacdee	63	1082	166	35	,
3d86a547-7e3c-43e5-b615-ccb6ef65400f	234	1083	101	35	Nephi
6d6b87e1-3b95-4f87-b4dd-c76055f5c884	339	1083	131	35	delights
d31bd90d-c098-4aeb-86de-d1d071d4f54c	474	1083	48	35	in
d5a7d88c-6e77-4cd9-a80c-936199688043	474	1083	48	35	,
6856d9f8-6786-480c-9760-8e3fc2883dc1	527	1083	79	35	89
55cdfcce-39e3-4074-940a-d45e5871988f	527	1083	79	35	-
330ad1fb-6eb5-4847-8111-4b4df2213ac3	527	1083	79	35	4
eca893db-d90e-460b-bf47-dadb3c9f6a46	527	1083	79	35	,
5b394817-3ebe-48aa-baa4-4c98e51cdc20	610	1082	97	35	103
ba5e45de-2f96-479a-a15d-f310115ee3ec	610	1082	97	35	-
ae911426-42af-4918-a61d-908f1625990f	610	1082	97	35	3
254aaffa-a533-4488-80a2-227a1ae6f5b7	610	1082	97	35	,
7636681b-e18e-48a8-93af-4cfee317f01f	91	1110	104	38	106
6f8f2c35-51fa-41c4-91e3-d8e3a35c59d8	91	1110	104	38	-
732f4ccf-9ecb-4de0-a696-b29b7eb8e577	91	1110	104	38	6
026e2265-c75d-40ff-bfaa-39cdfd5d7599	91	1110	104	38	;
2a2af20b-9d4b-4b1a-a4d3-e42d7bd6efd2	200	1110	43	38	of
d6863489-f539-421b-989c-068c73dc361e	248	1110	62	38	the
ae0d14b4-5c8d-46a6-9fe6-ecce85b365ee	314	1110	90	38	word
683419db-a554-4e66-89e2-32ff5b89de7f	409	1110	47	38	of
c7e9fd3a-97cc-4552-8320-f45e930524e5	462	1110	81	38	God
fb8568f3-f6ba-435f-bcaa-a5baabe2fb8c	462	1110	81	38	,
2ebe2b6f-e2a8-41b1-840a-0cea75c5b315	547	1110	100	38	23
2d705e26-8e85-4c11-a809-70c05a00d2ff	547	1110	100	38	-
1f6407e9-f862-4c31-b2b3-f4bc36a37682	547	1110	100	38	24
d89589c4-0d31-42b2-92ae-385b0d34e229	547	1110	100	38	,
b6cae56c-90f7-401a-ace5-b0f9eb27549f	651	1110	55	38	29
271ab250-4169-4e02-8fe5-95d6bb57958d	652	1110	55	38	,
eff8e12f-8afd-422d-9819-3dee17ddb80d	88	1142	100	35	106
ea04c30e-5fe0-42cc-9b9f-7cd34b5a058b	88	1142	100	35	-
66b15a49-ff9e-49ce-9b54-9b314cad1fb6	88	1142	100	35	5
0d510c2d-b6d8-4f00-a3f4-e9a93387a25a	88	1142	100	35	,
8217d801-0d85-4cc1-acb2-d6eb8fe8f99e	193	1142	119	35	110
23f9a068-b32a-48e3-b52d-2e76b24c0da5	193	1142	119	35	-
4902fb66-0faa-47f7-930b-c1607ef1bad3	193	1142	119	35	11
62346a07-1b21-4622-b370-6be8b1c07a97	193	1142	119	35	.
60b21d64-9237-4d44-ab91-1a1dfb7d7ef8	63	1167	133	38	Planets
25ff4f96-c0f7-4fcb-ab7c-ec1a20a5a18f	63	1167	133	38	,
14e653e7-6b3b-4e8b-ae44-89deef632ad4	201	1167	166	38	witnesses
8c178c61-ca69-4327-b26f-49a541b7f9aa	372	1167	57	38	for
1edc4a69-ca02-498d-8741-21fe85b2fff0	434	1167	81	38	God
fb8ee2a0-19d1-4317-ae4d-058476b16170	434	1167	81	38	,
06616361-1df0-49ec-bd10-59704a4f6b25	519	1167	115	38	272
5e1fe173-1360-4d34-99e5-ad055f1d2294	519	1167	115	38	-
85c9c32d-1228-4a90-bf21-175968dc3498	519	1167	115	38	44
e7d310b7-0ca6-4bf4-a368-ec2d58550597	519	1167	115	38	.
14852baf-7d19-4da0-8894-b1558ce85b83	91	1230	148	32	scripture
8c16b384-bbef-4e7c-8825-55e840234ade	426	1234	98	32	upon
1ad9b8e0-39e8-41f0-adb6-43e9591be986	426	1234	98	32	,
29ed672e-4bc4-4f8c-a599-50d25911cd64	218	1316	129	25	written
95c2bcac-5031-4854-b502-0f6190dfe449	495	1311	98	39	57
d395d1af-adff-4d40-8549-4bb5ca076b47	495	1311	98	38	-
6197cf9d-a093-4249-8c0e-2c7eff282988	495	1311	98	38	2
f4d99a6c-4c3e-48c1-840b-e9e5cbd3fd50	495	1311	98	38	,
9ce16e2c-5c97-473e-b3c9-0901f902ca32	597	1313	110	39	58
45e648ed-f22a-4c35-9ac6-523dca23cfb5	597	1313	110	39	-
3b4ab9b8-8124-43bd-aac2-597db695bdad	597	1313	110	39	15
c4fc816b-c740-471a-926b-ceca9e352bf6	597	1313	110	39	;
027421ab-e22f-414a-a15e-e9bdf588318c	91	1341	108	32	Nephi
62a2ec4a-a057-4959-932b-e4b7f62dee74	203	1341	81	31	had
180cf3fe-34bc-4c5e-b3fb-d501d99990f9	289	1341	143	31	brought
53d7f6ac-412c-4262-bb6f-3f4b1e6cb021	436	1341	93	31	after
52eb7caa-6571-43dd-b326-9dd4e8456ef6	533	1341	168	32	separating
6bc3209c-727c-4c41-9d0b-b31ca524f020	88	1368	83	38	from
aa80711f-a6ec-4e99-b89a-dc0434faa16a	176	1368	111	38	Laman
cb9935c1-339a-458e-a23f-e4ba5f2d47fe	292	1369	65	37	and
1f0879a1-0f97-4b2d-8ec8-9ccea13252fe	361	1369	56	37	his
87b4bf41-28b8-4821-aecf-d8b2cb285cf0	421	1370	116	38	people
16e2d650-fb47-409a-b6a6-c102b20a83f0	421	1370	116	38	,
2f18a81a-c6f6-433d-868a-9ff76fae3edf	541	1370	102	38	60
cb3fd238-cd9c-4323-b268-2eedbca35479	541	1370	102	38	-
eab525e0-79b2-40d6-a43b-eeb932f0467f	541	1370	102	38	12
bd968ec5-626b-479f-a4a8-9368b1578edf	541	1370	102	38	;
6118288f-84fe-412e-99cc-fcd02fc60d73	648	1371	53	38	the
572e348e-4168-42dd-bf7d-2432bdbdd15c	88	1398	80	35	sons
ac5c64e5-1eb0-4ed2-b47f-99ad72c6e94c	173	1398	51	34	of
e56984f3-88b8-4c54-a740-c34bc70c50f6	228	1398	162	34	Benjamin
f292b1eb-45b6-41c2-b9c5-a07011a39a00	394	1398	120	35	taught
18f32527-07ad-4e0e-a4f2-c16b2a4a1da2	514	1404	192	25	concerning
a75bd925-2b35-4100-932f-641420028e26	514	1404	192	25	,
c3fc3b0f-2792-4680-8eb3-ff6e76b56d4a	88	1426	94	63	tained
793e1665-b4b9-4e83-ba2c-6f05ba64a558	190	1426	165	63	scripeures
6bd03750-93ef-409e-b8f1-334845cf3206	364	1426	63	63	and
621ae537-2036-4470-8f68-25e260a7d315	434	1426	197	63	genealogies
ee7e0881-10b6-490a-9d1d-c9b39ebc4816	434	1426	197	63	,
74ada0a2-cbfc-498f-910c-bf0f16c6f262	639	1426	64	63	con
d0b7eee4-ceab-46db-a8ba-ce0b78bfc4be	639	1426	64	63	-
70d3d802-9bd8-4c58-b3b6-b8d350957e18	91	1483	42	38	3
a4c878d6-24c5-4ed5-a776-d87c214e3f53	91	1483	42	38	;
9d97d08e-988f-4260-b10f-a53d2f2d711c	139	1483	119	38	Nephi
ead91c49-c100-4486-a3c4-f365f3a654b0	139	1483	119	38	,
23bd3a47-442d-4776-8185-0438c7ebb4c9	262	1483	69	38	the
e65d4ab3-78b6-4550-a171-defea14e902e	91	1486	90	60	given
bc221afb-ac7f-4d82-a689-11942383f281	188	1486	112	60	charge
a64e2a87-be04-40f7-9f5a-cf616679ed48	308	1486	52	60	01
c6341b9d-7be8-4dbc-bf1d-9208696bbd9a	308	1486	52	60	,
89894ee3-d4ab-4947-93a0-b136037317ca	368	1486	120	60	399
018ae0a8-3e9c-4ee9-b150-5c517430a533	368	1486	120	60	-
15ca3324-488c-4d05-85c9-51168fa6eb3c	368	1486	120	60	2
0c21ebe4-9dd6-481a-bcd4-97644ec59927	368	1486	120	60	.
f5f67f74-0f7f-4be6-8f17-d4a4d63cee53	496	1486	45	60	of
dcf1de05-6e4a-4919-8e75-c82db779b84c	548	1486	155	60	Helaman
08b23246-ccc8-440a-9cd7-af6b8f5ab805	548	1486	155	60	,
40cf8709-b76e-4a0b-a2c9-1cb9d65ffa5b	95	1596	84	32	made
7d495537-3c44-4287-b07d-a714e9aeeb1d	183	1596	44	32	an
78eafc5f-c196-487c-819b-9020e1d41658	231	1596	188	32	abridgment
a9959d7a-b470-4816-9c07-fe7ac2742e2f	423	1596	92	32	from
9e617512-d9f5-4d22-aa6b-5795567daa27	423	1596	92	32	,
7be2441f-0595-4f39-9726-be6f4c1e4404	519	1596	104	32	132
d3233030-47ee-400e-b2c8-fcab3e20148c	519	1596	104	32	-
52d50600-9301-4800-8552-9e4d1221f168	519	1596	104	32	3
e51375b8-a6ed-40d9-8268-d6b0fdd4dc14	519	1596	104	32	;
911a3e44-e017-4f9f-a476-0943929c133f	627	1596	73	32	king
65e77e52-19ad-4796-8df9-7e501d5eb290	94	1626	150	28	Benjamin
f2579827-fb08-4395-aff0-58562ef0bbc6	247	1628	114	27	attests
e109e586-d8ad-44a3-b6cf-248f11b10ced	364	1629	72	27	that
ff38b360-df2b-4786-bfaa-85b565d520bb	439	1630	124	27	records
f3aee1f0-5811-420a-a114-b82cb698311c	566	1632	56	27	are
4e12d187-41d3-4931-8450-8100141585c0	624	1632	80	28	true
23041a89-6aab-43cf-a56c-bb0a262195b4	624	1632	80	28	,
d5beea55-5b92-4daa-b16b-f1eba836e472	88	1653	110	63	contain
f2c2dec3-98e1-4b4c-b589-eb75cb1c513c	206	1653	63	63	More
41894386-6632-464d-8fbb-5ba3a81feb09	277	1653	134	63	teaching
2e575d98-4337-46ec-ae5a-62d6da612c58	419	1653	63	63	shar
7fc18cba-b3a9-48ab-9b82-2900f7ba1ab6	490	1653	39	63	ge
3e72dce6-ed19-46d3-9e1c-7bd059229390	537	1653	47	63	of
cd7c0260-6b6f-47c1-a7f9-80621030dc3a	537	1653	47	63	,
41ab0ce9-aa2d-4c74-9ed0-1fd8a78af9fd	592	1653	111	63	443
565834d2-b999-4df3-a795-3593a3f8ac34	592	1653	111	63	%;
aa6f74b8-109e-41b7-8098-b4242266f70d	88	1712	133	31	Mormon
faddb37e-fd4b-4ad2-baf1-63a72b3e57d3	240	1707	164	35	instructed
9ceb58ba-d721-4d89-8261-6a4ed9cf6edf	492	1713	155	26	Ammaron
e3408a81-0756-4c78-9f1c-1a1baefc184f	88	1735	70	70	take
08557898-8279-4c74-aa73-3faf231a4061	167	1735	149	70	pomosh
229381b3-0259-498a-9822-890e3399a3f1	167	1735	149	70	,
7db2f23d-6b30-4bd7-b5f4-274fd37574fe	324	1735	96	70	46016
15d311f4-1ec0-45c9-91a8-c571143adade	324	1735	96	70	.
ff821c6b-d40c-4a16-b325-a57a4477726c	429	1735	96	70	4604
ed3590da-9b4a-44ce-90e6-91545f5eff72	429	1735	96	70	;
2872bca3-caa4-4695-a886-f8d7bec1047f	534	1735	61	70	hid
8824d4e9-904e-4cc7-832d-7ec5a30007b6	604	1735	44	70	up
996aea89-95cd-4b13-9e38-28223801dd65	657	1735	47	70	in
a5247111-8438-42f2-91a7-8aa136a0a3ee	60	1802	119	35	Plates
98c8c3d7-07c9-4d4f-af99-f2aec9ea2be3	60	1802	119	35	,
6a2c1e51-30c3-44e5-8237-b358700a8ecd	183	1802	59	34	the
b5399621-2d5b-4f29-9e4b-b35129db03a2	247	1802	115	34	larger
7fd909a7-aa26-40d8-b6ad-1458744d6dab	247	1802	115	34	,
b944326b-95b3-4e16-b539-15d1733c43b1	366	1802	72	34	also
2421ddab-371d-431c-a5b6-caa71100e8df	443	1802	102	34	called
59e51d9f-db49-4ab3-944d-4cf071c8606b	549	1802	60	34	the
211e4ed2-0e36-45fc-9731-fd1519f9bc04	613	1802	91	35	other
634155ad-ce87-41dd-ae3a-58ace34668c8	88	1833	112	32	plates
2f541ce8-fa2b-48df-839a-91ca1bef801c	88	1833	112	32	,
518afb9d-cec1-43a8-a204-c39a336cecea	204	1833	68	32	and
6b4697cf-e23f-4a5e-80fc-0c85d6458114	276	1833	60	32	the
5e4719a5-65f3-4748-8f2a-45e58ce4035d	340	1833	92	32	other
83193081-dd5e-4833-8144-3ce1eed95de0	436	1833	104	32	plates
77e97b92-265a-4816-9275-a08ee10b6386	544	1833	44	32	of
5fba5529-7edb-4779-bfbf-42221b7e4803	592	1833	108	32	Nephi
dbb63d18-2e4e-4abf-b260-b0038cd9ddb5	592	1833	108	32	;
7531e28e-c92b-4d29-9d90-85568546ace5	91	1862	126	22	contain
030b3daa-6f65-4af4-881b-b8fa27abb822	218	1858	98	29	more
38d4e5fb-2833-4406-8eab-8e2f55488edb	320	1858	51	29	of
cc71f8ce-4c4c-4c41-9d65-a0149c2ade9b	374	1858	65	29	the
7ee24a4c-645c-4103-9e66-15d6b4d0bcb3	88	1884	49	66	15
cb4b8e6a-a70b-445a-9e33-679e8789dd6a	88	1884	49	66	,
9553328f-d927-4199-8017-3f528565e179	146	1884	116	66	412526
97056efb-9537-46be-b916-f7aeb05e05eb	146	1884	116	66	,
80a00390-94cf-4389-b61b-6b6a92c8c014	270	1884	157	66	delivered
be4af7d1-edc8-4581-9de3-27fb821c4cc2	435	1884	74	66	with
d4bee9d4-fec8-4d9d-a2a7-28484d168ecc	517	1884	49	66	the
b068c3f1-709f-4919-9368-4d65f096eaa6	575	1884	129	66	smaller
624b20bc-4633-4f87-9c42-01e88b0d48c4	760	852	105	70	Jesus
ad83cc1c-483a-4453-89bd-3dbfb23f0b64	760	852	105	70	,
cd576834-92f2-4058-8ca2-103f481215d4	874	852	53	70	is
7c45d7d7-5f20-4560-805f-459305a8f75e	935	852	175	70	4354
8a27420f-4f66-4c95-a5db-58c390e0817f	935	852	175	70	-
695c7cb3-01f6-4747-8dce-d14534fa1919	935	852	175	70	26
560f3042-bb11-44cf-b770-16769646be79	935	852	175	70	,
2721ce58-3390-4441-9719-7d1f151870f8	1119	852	53	70	an
23241855-f019-4a7f-bad6-48dbeca628e6	1180	852	149	70	evidene
3dbc7f97-5a43-4740-b0a8-eabdc977f18f	1338	852	44	70	of
315fbdfa-f7e6-42a0-a458-f1fac6d3757a	757	915	97	32	faith
378bdefb-db55-48ca-96a0-fbbcaddeb182	757	915	97	32	,
b3307571-9843-4bb5-8b8f-a3eb64b3ca56	858	916	124	31	438
78a85499-fdc2-49a1-9625-850d865f998d	858	916	124	31	-
a57ef8a6-6c54-4c4c-8915-9d50a6ba1478	858	916	124	31	22
1030a170-9ea8-45ab-aba1-4a3ecf894cf4	858	916	124	31	;
67dfec55-eceb-4ecc-8e81-504175b1362b	986	916	151	31	disciples
b3f16b07-af8a-4e4d-b992-d8b3dada8331	1141	916	112	31	united
4cf5943b-7c82-4851-89e5-3f47d8aa9ce1	1257	916	54	31	in
76b79da8-3a45-45ba-ab71-d9f4d93a8aca	1257	916	54	31	,
7fcaeaf2-0ef5-4fd4-94f4-d7fc36ff6d22	1315	915	57	32	and
45deef7b-b37e-4ecd-9d75-f309db5164dd	760	944	129	28	fasting
86cb2bf2-14c1-454a-be66-50c3a8c76d35	760	944	129	28	,
2b64352b-614d-45e5-ab73-1ff693f6ee61	893	944	115	28	449
1eb71660-fd7b-4f2d-b3b7-42c93a72cbab	893	944	115	28	-
fda5c352-6dce-4a94-89f8-603b606dfb6e	893	944	115	28	1
11237949-255e-40fa-8d87-a6e9dd2d0326	893	944	115	28	;
b6d72073-068a-444b-8f6e-daac24114ddd	1012	944	70	28	the
c5e5be2c-88fe-44eb-a5a4-8029e0cb16b3	1085	944	122	28	church
cdfca3f6-3871-401a-af2b-6e95f67d0f47	1211	944	66	28	met
b07c3a96-f6c0-41e1-94ac-3bf74cbd3e5a	735	962	99	73	Pride
a46bde9d-3c94-4592-8f4f-bad682c70e82	735	962	99	73	,
9ba5628f-5434-47e6-9795-917a7350f294	843	963	153	72	Centies
1dbc79c0-2237-4c1f-85ce-a5da864dc23d	1005	963	108	72	lifted
a050f267-58fd-4f3b-b3ce-e1311a9b016b	1122	962	77	73	up
2b644a60-c753-4306-8da7-25e29e5dd400	1158	1086	96	35	sins
f71adfe2-778b-4d1d-85d9-efc9fad2fea3	1158	1086	96	35	,
267debb3-292c-45c0-a861-58de604f80cc	1259	1086	117	35	197
a726bb54-4e12-4e1f-b1d3-be7cb4520b09	1259	1086	117	35	-
3a5a8bd6-2d9e-4478-99ec-17047a2158e5	1259	1086	117	35	32
09bae97e-5a40-4001-9471-9e9683dc7d7f	1259	1086	117	35	;
27dcd152-bad2-4e04-b6e9-0cc0c8e98a02	760	1110	150	67	condition
5d560030-41dc-4f9d-bd48-2903048aa426	919	1110	33	67	on
9f4e138e-54ea-4c0c-a3ed-7238b056bfc7	961	1110	100	67	people
27bf8388-4f3c-4f02-8d32-b4fc3e0a019a	1070	1110	109	67	having
497430c8-ef2a-4247-a2aa-f558fe417943	1187	1110	191	67	possessions
42cd7574-7ee6-43d8-b603-c638e1dcc0a2	760	1167	43	32	in
da9a7390-0fea-4fbe-b269-f7e25101a0aa	806	1168	152	34	common
c0ed92d3-2c32-49ff-b88c-68838ae1e6d8	806	1168	152	34	,
fdc3ceb4-8ae9-471f-923e-ecd6c9e3deac	961	1172	115	34	458
47640ca8-8534-4896-8b45-0c62bdba805f	961	1172	115	34	-
45893ca4-d018-448c-9e1b-4be24776221f	961	1172	115	34	24
a5022ebc-aeee-45ea-8d45-c8796040321c	961	1172	115	34	.
d67b43d8-3a0a-4a4c-b1a2-881bebae3623	729	1202	190	38	Priesteraft
1a3cb245-f717-40da-b833-39d435a105af	729	1202	190	38	,
bb9fc92d-fb00-4446-869a-549899d33b95	924	1202	67	38	and
4d907bd5-7041-4070-8931-922e5e19638e	995	1202	171	38	iniquities
111954b1-2263-40e8-a1b7-6890b767747a	995	1202	171	38	,
bb77531f-ec42-4f99-b9c4-6ecc8ad4c688	1171	1202	86	38	71
f2874d24-1661-441b-b1d7-08103108dbe5	1171	1202	86	38	-
4037cce0-2470-45be-ae8c-a60b7aa04e85	1171	1202	86	38	5
20ef68bc-39c7-48e3-af4f-b9fef97d4daf	1171	1202	86	38	;
7ba8c09c-41b6-4797-bb31-5ee20ebcdc71	1261	1202	114	38	forbid
e8b551de-d61a-4435-a8c3-7e12ed870752	1261	1202	114	38	-
f006399e-3502-4cc6-861c-e3b6ae6d3e9a	757	1230	71	63	pie
f5c873f6-271a-407f-9a72-1dfe8b2ab801	757	1230	71	63	,
ec8c13ef-a127-4123-b7d2-a190736b18e3	836	1230	94	63	196
0b54aa46-deb7-4c9f-9bea-b61bf236fc46	836	1230	94	63	-
e9715823-ed7e-44dc-b7f6-4bbebc2b590a	836	1230	94	63	12
0901a1a6-8452-412c-a4f5-57b0976501df	938	1230	173	63	introduced
f484810f-c3a3-4464-b28d-714aaf55acbc	1119	1230	110	63	among
bc8cc7e7-29ea-40e2-886c-b7d41f3cb37c	1237	1230	55	63	the
651cff7e-40b5-48fd-961b-5d6f8ce821ed	1300	1230	75	63	peo
414b59dc-d994-4e8f-9782-e46c864dcd65	1300	1230	75	63	-
73e9489b-dc29-4568-86cd-da79c401b292	729	1287	190	38	Priesthood
a9df9b90-b1a3-4e25-9702-f7bd91bb4a17	729	1287	190	38	,
50a5706f-aa29-46c3-89c4-fc06e773bb4b	924	1287	62	38	the
e2368539-0005-4a08-bd59-425e3b6084e6	990	1287	81	38	holy
6a10af8b-5ca9-4e1f-9d05-82f68b47e14e	1076	1287	90	38	order
3281e399-b7d7-4a34-acb3-70ee9926a1d6	1171	1287	43	38	of
c62d56b9-a7d1-44c5-b822-13b79778d307	1218	1287	81	38	God
98f0327c-78d5-4ca2-99dc-305e8f3695a2	1218	1287	81	38	,
c8ae8f3e-5122-4e92-af73-6a0f8e80aea2	1304	1287	72	38	229
4460e372-f87f-492e-b0b6-59da2bf12db8	1304	1287	72	38	-
09924f1a-69d6-4080-97ac-28ca6c842d51	757	1319	59	35	18
21a3d592-e61d-4918-8e1c-e814f6a405dd	757	1319	59	35	,
43f305d0-9764-45af-9833-1dc1051dd73e	821	1319	102	34	300
b0161ca8-338a-4815-b50a-ad774f86f13e	821	1319	102	34	-
eb6e3099-d9c0-4b12-9434-8fa5e72d779b	821	1319	102	34	2
c1afe546-6539-4437-8354-74b8825e912c	821	1319	102	34	,
ca864f60-e38f-455d-9cd0-06158acf0897	927	1319	120	35	379
9a946518-e394-48da-be39-cf0b9da7ef39	927	1319	120	35	-
45cf13e1-db2f-4006-8e98-84b2a8c69128	927	1319	120	35	18
9fcb053c-d978-4d63-b135-b3afe5104ebb	927	1319	120	35	.
878c75ab-2f0a-4b0f-a05f-5f94007a5b13	728	1347	141	37	Priests
763c0ed9-027e-407e-97b7-206a91186687	728	1347	141	37	,
de0081e0-8c49-49ce-8625-f8476e8976d4	864	1350	109	35	Jacob
ddc8cacd-8e72-492a-b295-186d191da9d2	978	1350	70	35	and
2c837dc7-480e-4ccf-8fec-3e865aa89f8a	1052	1350	122	35	Joseph
3fb50df8-f84a-4851-9846-c67279b8e876	1179	1350	196	35	consecrated
d06fdf0f-b600-4307-a8bc-b3b64948b570	1179	1350	196	35	,
82b7d01a-1b13-4bf6-8afa-2e1845374e99	757	1379	98	35	62
d4ff4e0d-9cad-46b0-82fa-803cbccf0fc8	757	1379	98	35	-
d3cfd524-08e3-4daa-9b85-8a61881c925b	757	1379	98	35	26
f4f47e13-61ed-4355-beae-502450334751	757	1379	98	35	,
c7fe0c7c-d71d-4e06-8ea1-e2f9d65bda38	859	1379	123	34	109
d31f6172-bb35-4dde-aa02-dd3beed75ec7	859	1379	123	34	-
95fbf462-ed73-4730-aa6f-aea35ce460e7	859	1379	123	34	18
15be9dc1-a46f-409d-a7fe-2bbb3a52d009	859	1379	123	34	;
d9f0e0aa-5c3a-40f0-8016-4b9b65ec9ea9	987	1379	38	34	of
940c97d0-8a46-45cf-ad26-bcabff910529	1029	1379	149	34	churches
4b49c9cc-4f74-4efe-bfe4-b075bbe952e7	1182	1379	38	34	of
4ac22787-8009-4b63-ab4b-23e1ebdecefb	1225	1379	77	34	men
2cf38625-35ed-486a-a547-c5a2a3ca61e4	1305	1379	70	35	con
abfb7af5-92fa-4f37-bc29-2d3ff4108d8e	1305	1379	70	35	-
35f436d4-5a76-4664-ae99-03b603efd06d	757	1407	74	35	tend
87195bd0-96c6-4c0c-8aeb-3bc8476e2e76	836	1407	61	35	one
378962a4-1003-4cd5-ac21-63d18f69d9df	901	1407	79	35	with
6999355f-17bc-495b-87b0-e55ed7be8fd6	985	1407	131	35	another
61522791-be32-4fc7-ba7b-0041689a6749	985	1407	131	35	,
ca8bc36d-8f94-4b0c-8f6d-27acae0f78f9	1120	1407	87	35	98
3e0f2722-79c8-4a72-9f2c-f06cff7ddfd5	1120	1407	87	35	-
bf659eae-05fc-4264-811d-0bfbf7aa0e5f	1120	1407	87	35	4
e57440d2-b093-45fd-a3bd-a83a17569b94	1120	1407	87	35	;
fa820915-dd9a-40da-99e5-c3a4a1b74364	1212	1407	79	35	king
213c4831-c384-400e-9026-aaf2d56a8208	1295	1407	77	35	Ben
a242e87e-b571-46dd-a690-625acafe92c0	1295	1407	77	35	-
9f64b922-772f-4038-90da-6106742ff9ff	757	1432	95	36	jamin
4c35ed60-a823-4bda-94b7-af0aa75a973f	1032	1435	139	35	146
476e316a-a345-4640-a418-2b3fcc364cf7	1032	1435	139	35	-
66e6a3ef-1cb1-4b17-9ca2-435edf28b663	1032	1435	139	35	3
75d888d7-0d6d-4a35-92d2-5a10a0d33795	1032	1435	139	35	;
41d56ed3-4049-4508-bdef-bc3c028955ff	760	1432	94	63	wait
856bc8c8-53f4-46e1-be40-ba13ca6a9a54	760	1432	94	63	,
d3e5e57a-34a5-4b16-aeef-9fa3bd23e644	862	1432	118	63	17P
7819f4e4-3a4e-4930-a2a1-9bdf22e80920	862	1432	118	63	,
0dda0846-dfcc-48e6-9780-de889ab91b38	988	1432	79	63	tabor
013886f2-5e63-49fe-8ea8-a26ba4f2c0a7	1075	1432	55	63	tor
76dadf58-aad8-45f9-8fc7-b672b484b425	1138	1432	79	63	their
867e9580-96b0-414a-bdf2-4024aa4dc852	1225	1432	71	63	owed
eb79261c-b049-4a1d-a425-8764ea9125f5	1303	1432	69	63	sup
a9432424-cd66-4c74-8d05-dea0f373a105	1303	1432	69	63	.
0c3033f1-ed70-4fc4-b74e-2c70afeba4dd	757	1489	110	63	227
2d53aa48-4b72-4173-a97c-17000fcacff1	757	1489	110	63	-
acb69c4d-73b6-44a1-83cb-595a2de62b68	757	1489	110	63	1,1
5d6a7b52-c838-45c2-bfbc-0aa1b48eb794	875	1489	79	63	ma
f4df737b-03ec-4f1b-858c-a840bde075bb	962	1489	213	63	consecrate
310e4cd1-3fa1-4a2a-bbe3-454d0be6bdf0	962	1489	213	63	,
035d1c4c-2fff-4b3b-b6be-9f821ced3630	1182	1489	55	63	2ed
942eb98e-f8c3-4a20-8c25-2d56847986c3	1245	1489	55	63	if
f3fca423-6caf-4117-8eb3-047f50e35d38	1245	1489	55	63	,
758da5c1-932a-49c9-88dd-852d3beb4b17	1308	1489	70	63	and
8bb8ec0a-9635-4d05-8bfb-43ac8b4e5ddd	757	1549	79	35	false
8193f028-ca7e-4af0-b6b6-396bc0e9dd2d	840	1549	153	35	prophets
b2037a7d-babf-45f5-9459-f5d753efd528	840	1549	153	35	,
213125f4-3b65-42eb-8289-9432708a4044	998	1549	118	35	458
76508df2-af44-4b35-bf3b-544002eb3a2e	998	1549	118	35	-
07ae0eb2-677e-4b88-b581-283601afb62c	998	1549	118	35	34
2a00fe20-63af-4d1e-aa61-cbcd1876d69c	998	1549	118	35	;
795e252f-403d-4628-8f54-bb3554b1525f	1120	1549	127	35	manner
2773a359-8adb-4f54-9fe1-72e6758cc71c	1251	1549	39	35	of
cbbb511b-c4d6-473f-a1b9-73578226107f	1295	1549	80	35	ordi
d0102fe1-b11d-4ca8-840f-0aaf6a996298	1295	1549	80	35	-
5716b7c8-8c17-4812-9a84-531c6d4ceca0	757	1574	109	38	nation
93184071-fc79-4f41-abf8-e61f53ddb3ac	871	1574	48	38	of
f9976d23-6e9a-45a5-b24a-1cd6417e5c76	871	1574	48	38	,
086db957-baa2-4457-a1b1-76a11fea4cd7	923	1574	123	38	510
825a6d8a-938e-4e5c-9f70-826ff85bff69	923	1574	123	38	-
9bb23d07-efc1-4ae6-8bef-7f2f3068e6e2	923	1574	123	38	ch
0bce8139-1353-4032-b69d-f3e882d5252c	923	1574	123	38	.
da41ecb5-6f43-4b14-a754-aac7e78b4d91	1052	1574	37	38	3
455cd61f-8964-42a7-853d-d7953b8d27e4	1052	1574	37	38	.
f3c7ea7b-db5d-41f4-8531-306961a8310e	729	1602	118	36	Prison
9b37d93a-cbbd-4eab-b9bf-96bcdcd6a88c	729	1602	118	36	,
7ad1379c-177d-4751-837f-0c213b8db186	851	1603	88	36	Alma
e1f7b65c-4e36-42fe-9981-f0ddb622b7e0	943	1603	66	35	and
efa160a6-1a4e-42b4-9bed-d7f248f6d530	1013	1604	127	36	Amulek
05e99b07-493d-428c-a2e0-6467dc45bd35	1144	1605	75	36	cast
41934d82-2255-45a7-af56-dcfd55c7625f	1223	1605	75	36	into
e352fd5c-2d30-44f7-be36-311bbfcac133	1223	1605	75	36	,
2559e335-d5a9-4712-9975-6ec46c96fa73	1302	1606	74	36	232
e33fe203-d5cd-420e-9f12-389279b911dd	1302	1606	74	36	-
e18b7ebf-49ff-46c4-ad8e-a18511b3b4ef	757	1804	102	34	328
0526c531-8924-4204-9d98-e350fa7f3ab1	757	1804	102	34	-
f1b57315-6b8e-4ed2-978f-d110ed00cff4	757	1804	102	34	8
b4e33c3a-c284-4d71-9333-c5fd37d51fa4	757	1804	102	34	;
178df847-8589-44d4-9be8-d1329ec33a32	85	2029	61	35	on
8109b725-2bd4-4183-a1bd-68abb2773f16	85	2029	61	35	,
7da5f403-97e2-48c6-a6e8-9ceb80a0da95	151	2029	114	35	288
30fcefba-4232-4e06-a93d-f877f211528f	151	2029	114	35	-
0df3b277-2b60-490f-8948-ac67ee063940	151	2029	114	35	2
00831a5d-b28c-4130-a07d-79aaf05a975c	151	2029	114	35	;
0799a935-7efc-4c67-8a1a-99ca6dc73b8d	269	2029	113	35	Nephi
b5fb7ecf-1450-4867-9d5e-2ab5c451c3d9	269	2029	113	35	,
b5c228eb-7f47-45cf-91fc-969ec50c49c2	85	2029	82	66	man
0151c501-f48f-4230-bc7e-bbb03093539a	85	2029	82	66	,
69fa0e8a-3fa2-43df-bbb0-c8e9342425f8	176	2029	107	66	makes
7457f0cb-95e9-49f5-a29b-55e593a51925	291	2029	99	66	record
2d14852f-ec44-4092-b84e-3272b757e319	399	2029	107	66	ram
a654f0cb-449f-4c80-b612-cdfc0326d586	399	2029	107	66	,
7a0961da-3da4-458a-a070-d531c376e36c	514	2029	114	66	409.10
2d745022-6029-4f56-be2a-43339110183b	514	2029	114	66	.
7b570a87-3133-4b80-bc5e-4a9bf897a1b5	757	1941	82	66	2,000
b4140a38-a3ba-4d57-826e-3eb6429217d1	848	1941	83	66	can
7e2b77c5-f4fc-4f16-9dba-4b5530352807	938	1941	41	66	in
bbc2598a-43a7-4492-bfd0-aa9b2cdc6886	988	1941	91	66	their
f78fe766-e012-4c91-929e-bd270f6a4223	1087	1941	91	66	tebel
b1854bb0-a89f-468c-b261-533d62f07df5	1186	1941	58	66	on
ee2b7614-82dd-44f8-b864-ebd3d9ff1504	1186	1941	58	66	,
eb1c1819-ed9b-41d0-9f93-8c5a2077b0ab	1252	1941	123	66	342514
0580bcc8-cb02-4fcd-be83-e699f462b2e5	1252	1941	123	66	,
e4a86120-a927-4f95-84d1-290f82b463f2	757	2004	76	35	sent
3ce091d1-49a3-4ac2-8b11-5edeb969006b	838	2004	42	34	to
f777ee76-556a-43f5-b412-1f639b8d9e9b	885	2004	187	34	Zarahemla
2b9e47be-a967-4fe0-95c9-b3c969548a64	885	2004	187	34	,
578c3ef5-f725-4129-a3c9-8acab123d68b	1076	2004	123	34	342
b87f9f3d-a10b-4b66-9266-a9f5a8b409b5	1076	2004	123	34	-
e1dac90b-66eb-4b4a-8b83-95ef5899ceb6	1076	2004	123	34	16
33986ea2-1ca7-4f69-8996-cf44d1744ef8	1076	2004	123	34	;
5f4141da-70b8-46ea-a079-41577f4edf8c	1203	2004	172	35	converted
9173ad6e-b398-4efc-9f5b-dfc7a6efed84	1203	2004	172	35	,
d695e2a2-5bf1-40f4-b913-d15daba8d57a	757	2029	52	38	set
5ff78a5d-7627-4ecd-ae7a-372f99ed914a	814	2029	38	38	at
2f02f616-672c-48bd-9714-5c1d6e0c3966	857	2029	123	38	liberty
8bc0d40a-4180-4b80-835e-d6351840ee71	857	2029	123	38	,
f587b57f-8345-4a1c-9bc3-1d953f5e1b58	985	2029	100	38	409
803b601a-ed7d-473b-99b8-7d50618beead	985	2029	100	38	-
6b7bf3e3-0e71-4151-bfa3-c6cb5d547e3f	985	2029	100	38	4
9f28e61d-6327-42ab-9c38-e13c1b8108e0	985	2029	100	38	;
2de9a675-4eb3-4338-b025-1aeae83390a8	1090	2029	100	38	taken
a0816f6a-308f-43d5-a60b-c457870f36b8	1194	2029	48	38	by
62801c23-17ad-4fdd-ab54-89d0cdbf3340	1246	2029	126	38	Laman
63c08a0b-5457-4d08-9c2a-9bf40c850d22	1246	2029	126	38	-
e68d4ab8-bdf9-419a-9f7d-25f8b26ee648	751	2057	67	38	ites
ad60dca2-a8db-4f34-8712-a6b01aadf560	822	2057	81	38	from
7c9d6b09-d444-4a7a-8428-a0f9a28bed83	908	2057	57	38	the
5ae67212-6408-4d90-9eec-90e7ee0037f3	970	2057	95	38	tower
484d7f8a-25a6-4b1f-9c1d-16a7a90faf46	1069	2057	33	38	of
3349d2af-af3d-478c-a948-802c5dac81e2	1107	2057	161	38	Sherrizah
44b0aea7-68f7-43b3-92d1-581f0852a1c5	1107	2057	161	38	,
a669a61e-a386-4ba1-b5b3-12ff39f65255	1274	2057	99	38	518
c125da83-82fc-47d3-9017-6c053611cb70	1274	2057	99	38	-
aca37137-2fe3-479e-964b-bdf36a1f8421	1274	2057	99	38	7
2fe17eaa-71b2-4bbe-a175-e14befd0d56e	1274	2057	99	38	.
