ID	X	Y	Width	Height	Text
c4f941f3-1b27-4169-b6f0-a30903497d9e	631	85	148	38	INDEX
95efe5dc-3b5f-4329-9463-4ef0c8181271	60	148	174	39	Righteous
d069e856-10e6-417b-8711-632f965cc5ce	60	148	174	39	,
5846abc0-51eb-451c-afaa-e3d7b25217cc	85	177	120	32	favored
5122fef8-5f6d-4de8-9521-d0ef6c1c8075	211	151	39	63	of
69baf5ee-2d09-44d8-a281-f2bec05cf385	258	152	87	63	God
f5448167-1aad-4705-989a-d794fe6034dd	258	152	87	63	,
d684afca-bc45-462d-aa96-c10e5255484e	353	152	87	63	36
2d80ce0b-cfae-4873-8314-d68540eb9323	353	152	87	63	-
60eb4068-5a7a-4e4a-97c6-796c7a00f7b2	353	152	87	63	35
7eaf8cd9-7b6e-42a3-9893-7c140567aa7e	447	152	94	63	need
9579057b-69e5-4f7c-942a-c28167248ab7	550	152	63	63	not
1c4b743e-b50a-484b-ab84-c81a355176e5	620	151	83	63	lear
fdf1546e-e8f7-4144-a449-06420b338d8c	620	151	83	63	,
365bae09-55ee-4052-b68b-e96a5d3f8fac	59	203	236	68	Righteousnell
31fc677b-b968-4441-a583-a95b34d9e2ce	59	203	236	68	,
41637a69-9728-4433-a822-5edd86ef6162	303	203	41	65	ot
11d5abf1-77a7-4cdd-8ca9-d9b9acff72dd	352	203	25	65	p
182ca91e-9327-4dd2-bf3a-3f12dac7d62e	384	202	66	66	wish
b2c0b80e-4406-46e4-b3ca-b3d4e6859a2a	457	201	74	66	visit
163c1774-8de0-4fac-9898-8b2cfde25935	539	200	98	66	Israel
fd64d9fa-1da6-4146-8028-81cd96c7b652	644	199	56	66	be
b66764ec-68c4-42bc-b222-bacbae018d5c	644	199	56	66	-
15beb373-7e3d-49be-97ea-c4f8db15fed2	85	259	100	39	cause
7b58aea2-50c2-4aca-8861-b14f033bd11f	189	258	51	39	of
c00cc960-c578-41a5-934d-655042928f97	189	258	51	38	,
c7b2cbdd-1c4a-48b8-bd27-1690ce75bfb7	243	262	114	38	42
15f448f1-f373-498d-9852-b06bc821a615	243	262	114	38	-
99df5955-7957-40f9-a845-84883047d207	243	262	114	38	11
9a1e4cd2-b450-4bde-b295-10977ef5e737	243	262	114	38	;
0eb6ac63-f614-44e4-81d3-80cabd119516	362	262	100	38	God's
deffee4d-8e66-4f25-a783-426b68f59980	466	262	89	38	ways
e7adfae7-a1eb-4168-adc8-d74ef9360b93	564	266	74	33	are
b95bf064-4da7-488a-8ea7-8f85dc1bede2	564	266	74	33	,
6a46d971-4d76-4a2d-abf6-aaa566c79930	643	267	58	33	51
9a2c259c-ed26-4a15-8c5a-cf393d12319f	643	267	58	33	-
33da0daa-410d-4aa5-a652-63323c82eaf7	85	290	56	41	19
f3ca426a-014a-4ca9-9a7b-b6865cc8acf9	85	290	56	41	;
d1f3f577-84fd-4114-a3a7-05df42d72f15	147	290	123	41	perfect
78dc20f0-09af-4099-b89c-50a50a698cc5	275	290	174	41	knowledge
36098932-da8a-4942-aeba-b6ff1887b9ed	454	290	51	41	of
68b440af-b755-480c-97a2-47b628c56671	454	290	51	41	,
0de2d8e2-59dd-4124-a259-a4d42897b9e0	510	290	98	41	68
f99b660a-cb0b-4541-948b-faa2b4d84a69	510	290	98	41	-
ea924a3f-389b-4a62-9a73-20c60d2e8c08	510	290	98	41	14
585df2a4-f964-4c40-b372-c9a13f0cf740	510	290	98	41	.
a07a13a9-d696-4ee4-b229-721fb50cc387	54	322	124	38	Riplah
d5fca758-6930-489d-859f-23b0bca30b43	54	322	124	38	,
a0fb110b-9b5e-48ae-a884-458328ba7bf1	182	322	71	38	hill
b19ea5f1-696f-4592-9550-f8cd4d7232b0	182	322	71	38	,
fae964ff-f591-46bf-8e7d-7f90bf334e98	258	322	117	38	303
b9f8f5e1-1e4f-4f73-92a0-1f5b126535bb	258	322	117	38	-
5627b954-ef87-4cea-b98e-1e0efa0e5278	258	322	117	38	31
65dc87b9-087d-4556-b245-88fe911ec51c	258	322	117	38	.
37288cd0-a158-44b6-bede-864ffd0937bc	57	353	181	38	Riplakish
c7be431a-8c44-4470-bc9c-35bc86811178	57	353	181	38	,
52cdc02a-a39e-4bc1-aa5c-0c6769a8eb27	242	353	140	38	ancestor
02afdba1-8c3b-417f-b988-81308f6e9ca5	82	387	139	31	Jaredite
871d8803-ed8f-4bee-880b-ad76c4a3662a	82	387	139	31	,
fd8b6de5-4f9e-45fb-9afe-b75e80618ec5	246	382	134	39	479
91a26871-00e5-4de7-bc8a-f7745c08d909	246	382	134	39	-
8ebe11ee-b58c-4392-b349-dfc997a615d5	246	382	134	39	23
fa6043d1-a520-4b18-a35f-a83bd5f31fa0	246	382	134	39	;
e547c50d-5ace-4284-a408-7ecf4ca67642	385	381	57	38	his
d15c9543-1bc3-44f3-9155-db736ac2c9b6	404	350	46	73	ris
a548bd15-c853-4cd2-b168-4fb1a5b5eecb	459	350	128	73	Morian
3a35843c-bd62-4086-a5e3-2bb2b34afac3	596	350	108	73	tonign
ceb43c1b-ae0c-402d-834e-b67d9713ab9e	596	350	108	73	,
44495c93-12c5-4044-a6ad-cd7dd886f034	82	408	107	36	496
eea285b2-1ac1-453f-8752-bb236033fe34	82	408	107	35	-
2353dc9e-4743-47ae-9065-a83c444fc7be	82	408	107	35	4
590e8e1f-42ea-4f46-b71d-bdee08e24ab4	82	408	107	35	;
38ff20ca-b5ea-4cd0-b9f2-8d679b6d8b0a	192	409	64	35	his
7ce3843d-c938-4349-8a86-3cc5a7306942	260	410	107	35	death
74c6dcd6-578f-4812-b7a5-ddaf0c60752c	260	410	107	35	,
2e23d8de-9381-4fcd-8ddd-45d7c2023377	371	411	102	36	496
948a797b-5e4e-4d7b-8281-2a3963b19df3	371	411	102	36	-
9ce69f65-e02f-4ae0-b7e7-e69a26523a86	371	411	102	36	8
b28f8b0c-6bf1-475e-9d8f-237f00c485be	371	411	102	36	.
47afec6d-c08d-48c7-aaa8-f96dab2b3b9b	54	442	195	38	Ripliancum
4ecc6708-4b94-4f93-a87a-abb767dc6ba4	54	442	195	38	,
123033fc-cc34-4260-b738-b3f650aac8f6	254	442	119	38	waters
a1a7b57e-b92f-448d-8d3a-1fa66c2c6ee0	377	442	48	38	of
9880baf4-d3d3-4800-a816-d063ba937bb4	377	442	48	38	,
272c95cb-adc1-4370-ba24-b83b4d7be5e9	429	442	98	38	508
89295865-aa87-41bd-b835-388c68f4a6c6	429	442	98	38	-
661d7d5d-7c2d-4b2a-8cb6-aa425b407299	429	442	98	38	8
f7426841-b0fd-4834-bc1f-aa8f3262ca6d	429	442	98	38	.
0b0acedf-9fee-486f-9c3d-13d13bf5bab0	53	473	115	42	River
ad88abf8-7df9-4de3-8d10-ae28f0d9cf80	53	473	115	42	,
ee050159-7c9d-4aca-9fde-ee117cb37cce	172	469	87	41	seen
9fe3d780-b8d3-477c-b6cd-a1c97c89fd29	262	467	54	40	in
5bee7ba7-3b39-4179-8d11-70a52c614ad0	319	463	102	42	vision
a5ea4f4d-66e0-405e-926b-f58cb083b44c	438	474	52	36	of
b7c29e49-df37-40b8-ac13-8dcc24663f76	493	472	91	37	Lehi
3c6d509b-78e0-40d8-9dc6-eb450152852c	493	472	91	36	,
904a2283-a94e-4bb0-add6-559419ae7972	82	473	102	63	source
3633dc00-90d7-431e-abe1-6c889f0dad83	192	474	55	63	on
3c037464-c388-4d66-8689-d7a711e736ba	192	474	55	63	,
16320cdb-ca4a-4442-a8db-a005351d7a66	255	474	94	63	13
4ea22f5f-5f23-4953-97d5-d2f5bb6a928f	255	474	94	63	-
af816736-1bed-46f9-bebe-205f70cbd205	255	474	94	63	14
fb85312f-83ef-4d74-8629-b846a3f4cae0	255	474	94	63	,
da41d215-d691-4fc5-9a8e-cf7bff9bb8d3	358	474	102	63	510
b1facab8-4c31-40c8-beab-4bbcb44c6c4f	358	474	102	63	-
490df320-730f-47f3-8e71-ad955819131d	358	474	102	63	16
d59c82ef-d8b0-4df3-ab70-3253c13fb7bc	358	474	102	63	;
bfe8ff40-f8d2-46d6-81e6-bd334c1eded9	468	474	189	63	expianation
460900e4-ef00-4d61-884c-dc75e167ccbb	665	473	36	63	31
90f6be7e-bd98-4376-ad9b-60e9acddc44f	82	527	103	42	vision
3f2b7d39-d324-481a-917d-99d0a327a07d	189	527	46	41	of
314a420f-5ef4-4266-9a78-35807c6aea02	189	527	46	41	,
7f6fbf9f-2259-42f8-b0d3-08f04d105efa	241	526	100	42	30
23e0119d-f25e-4ebc-84eb-ad845310f484	241	526	100	42	-
6b9fc1b3-a3eb-4dfe-a418-0f0c11268a48	241	526	100	42	26
fdf54ede-3d67-42ea-b66b-121f35b7b71f	241	526	100	42	.
8c82b845-a996-4e8f-b83c-3ac220a7d714	54	559	108	41	Roads
04b44958-4004-47bd-a9cc-b905ab552584	54	559	108	41	,
81c6d194-d7db-4af9-9487-8e9425b67352	167	559	92	41	many
25470abb-397b-49a3-a58d-4d9a9c484920	264	559	82	41	built
ca0f34e7-4e0d-42f5-b464-c9a2da32a88c	351	559	36	41	in
31f41b6d-1d73-494e-8c38-295042038932	392	559	77	41	days
3cea18c2-77cc-48aa-ba16-06da882f05cc	474	559	41	41	of
a47cc0fe-cf86-4d70-a0f0-9788d77b73fa	520	559	180	41	Lachoneus
5cc8b4bd-3eda-4f71-a911-107172db37d1	520	559	180	41	,
4c42b19c-a278-48d3-83ac-40e6d5e5a276	78	588	99	35	411
31291549-828d-4015-82f0-35bc62ba0a35	78	588	99	35	-
cc2c4aa9-3db8-4dd9-81fa-6b7d393fb581	78	588	99	35	8
18ace70e-b27e-448b-ad3f-2f1baf7e63e3	78	588	99	35	.
269680e5-0465-4cd2-82d0-fb08ed794b2e	50	615	135	60	Robbers
55f91bec-be9c-4690-b8a6-3f743d29f467	192	616	225	60	rightedianton
573b4c1e-d006-4e5a-8a62-a77f87327b89	425	615	140	60	Robbed
c044ce35-02fe-4048-ab22-81a531880439	192	647	256	38	righteousness
0c971ca4-1dfe-4af9-a41f-c10a4637168f	192	647	256	38	,
981fae64-7ea7-4da1-9fe0-d7badcb2b18f	453	647	123	38	prayed
269bd47d-5546-41ef-953a-b2cf301a7397	582	647	67	38	for
95b1e09e-1798-4cfd-8e95-d74107674d29	653	647	44	38	by
6c60a5dd-be6c-4ad8-bd52-c69255d18d9e	47	672	98	98	Rock
11dcb9fd-59fb-4715-b002-9f9d55e14101	157	672	159	98	here
0c479a59-854c-4b7b-8e92-d2023ed4fa48	329	672	49	98	de
37a4af3c-e818-4a26-b6b5-cd105924dd03	390	672	135	98	resh
b2ac779d-2be1-406a-bcfc-813145d30df4	537	672	49	98	is
4b2c94ea-4f94-4cca-91dc-66ee33dd60a9	537	672	49	98	,
00659c18-8b52-42cf-8ac0-66b7d2c37a58	598	672	102	98	3936
4c91b7a1-1dc6-4173-a136-08a671acf316	598	672	102	98	,
b018ec44-6b1a-4253-8c62-c00066d6d636	1297	88	73	38	563
ef373b4a-26ac-41a6-afce-600314d5644f	757	151	48	39	of
7b63ec85-72b6-4532-ab99-664ed682495c	757	151	48	39	,
540dc504-99dc-499f-85f8-b36611f1cc1b	809	152	86	39	shall
74d21d13-5991-46ee-a462-1f92e94f9a5e	899	153	124	39	ascend
82cb5feb-3735-40a3-b65c-d9336a240d2d	899	153	124	39	,
cf951ba1-3302-49eb-aaa1-6525e51527a4	1028	154	81	39	92
18df3f4b-0821-473d-9346-0209af36f543	1028	154	81	39	-
fa658af7-2a18-48fb-8f61-977e5afb5696	1028	154	81	39	3
2f5aaca0-ef9e-4291-96ec-5970c31ac548	1028	154	81	39	,
da67f626-588e-49d8-91f4-f6ef391983f0	1113	155	110	39	99
6f23dd08-51a2-4293-993b-cfa452640f9b	1113	155	110	39	-
6956e5e8-b2cf-411d-b932-085fe988cf4e	1113	155	110	39	10
22d5cfb7-14bb-4b00-85e9-5bbc5ef1a571	1113	155	110	39	;
913ba2f6-5269-4728-92cd-5a92ec56a95f	1227	156	57	39	all
00720d78-bd68-40d0-ab13-06c36c88ad89	1227	156	57	39	,
31f9fa3d-eb9a-4258-b57e-ed8b24d52c7b	1289	157	84	40	shall
f32d392e-953e-4b76-9b31-d4c520a179af	757	183	92	35	dwell
70d180aa-b2c1-4637-8c3b-4bf468b1afc0	853	183	79	35	with
d698c360-7261-4c40-8e3b-adf70ddc7181	936	183	79	35	God
9169f3db-b73d-445d-ae57-0a91cf877da4	936	183	79	35	,
9a9ac08a-2fb6-40a3-8152-179b16670b7c	1020	183	116	35	517
21fc1864-9b50-4316-bfa0-74b2363bec8c	1019	183	116	35	-
295eecb1-e2d7-4eeb-8784-dc8e437671c6	1020	183	116	35	26
b2e24362-5b1b-4956-9a18-753f26375896	1019	183	116	35	.
5b124499-844d-418e-9c20-810e025c16c9	728	296	151	69	Salvation
1fdb2c44-0311-43f5-9578-6d167c65dc68	887	298	26	67	13
28a9cc51-1a23-4a6e-bbec-835cb31b6c7d	921	298	84	68	the
456caa18-ca74-4670-9fea-a0c77b580cc5	1013	299	84	68	sath
949264fd-fea8-4a2d-b1da-aee51608a49b	1105	300	84	68	sond
78de2d83-2f28-4eaf-89b6-0c223d4b2c2d	1197	301	76	68	are
6832e766-23ca-4695-a2a5-78b88e80f47a	1281	302	34	67	d
bf901105-4be0-48a6-8fe1-50a1a473b1b5	1323	302	53	68	14
d314c841-8f94-46c5-a34e-b7f3f0e27bcd	1323	302	53	68	:
a534777a-f1d9-4e06-aa13-dd135e3b4927	760	357	66	32	24
5155da90-7fe1-4bd3-8e24-d718fa2a0f16	760	357	66	32	;
6dabf191-4ee2-4777-a456-90796edf9650	830	357	170	32	Lamanites
12bd8679-95d1-4cb7-8dec-0813a4e668af	1013	360	114	28	might
22e3c1e8-a285-451e-a334-fcbc36462296	1133	355	107	44	have
9bbe2e0d-213b-4a7d-9f05-1a43700eaa88	1133	355	107	44	,
25a6b2cd-2229-47f3-83ad-80e34eedd1a4	1252	363	120	35	126
3f47c02e-49fb-47e4-9129-a11416845f7b	1252	363	120	35	-
c88c6191-a85e-43a1-9fd5-de2567f6de52	1252	363	120	35	13
d38ab486-3c56-4f52-b9e8-9e15cc1f91b3	1252	363	120	35	;
dbb008a7-2784-454f-9809-02ea75a47564	754	385	138	38	through
4237d133-4a99-4595-b888-11b8eeb866dd	897	385	90	38	faith
679b57e9-fc85-4761-b07d-99d7b1dd907c	897	385	90	38	,
50c57ba9-2de9-4806-9fc0-4b4e8ecb9efc	991	385	100	38	140
194097fc-0c27-4a2f-9478-0eec3950b9bb	991	385	100	38	-
ff89c2cd-43e2-4fe8-9e2a-328a187da361	991	385	100	38	9
8d3c23f7-0173-4eac-9bb6-379f4799358e	991	385	100	38	,
07c8cc36-1e06-42a8-8ad9-9e373c2afb3c	1096	385	100	38	145
c31a31d1-107c-40f1-bf7f-19ec43a19300	1096	385	100	38	-
38459e21-67aa-46a2-82d0-926a890c75da	1096	385	100	38	7
155b84bb-6408-4075-b75f-1f2c33ed3ce0	1096	385	100	38	,
c9d103db-17a6-45cb-b089-af15cd07344b	1201	385	124	38	223
ff42aea5-b6f6-4284-9ad6-f66f307c743d	1201	385	124	38	-
1098bde4-747b-49f9-a4c3-f589917e7796	1201	385	124	38	40
8b54ee9a-5f07-413a-8262-caffd76903ca	1201	385	124	38	;
f58c0d5b-3124-426b-8a07-8bd9bf7b723b	1329	385	40	38	by
7fbdb5bd-0682-4112-800e-b798e3522b21	757	417	63	28	the
0975e40b-6d0c-4f70-9940-3912ca1bcfc1	823	417	189	28	atonement
bd3d9971-d041-4a73-ab22-37de39664c23	823	417	189	28	,
9da2f70d-63d8-4276-8b92-7b47e0080a3b	1016	417	105	28	142
a8335025-f18a-4521-9b8b-28a3ab7908ee	1016	417	105	28	-
d0b61999-cc0a-42da-8200-57d717ff4408	1016	417	105	28	6
9f03e21b-d25b-4a47-a773-bc81f0b79c37	1016	417	105	28	,
6ea1efe1-1059-47c1-a58b-11012b1560da	1124	417	126	28	206
3ec6ea32-8bae-43f9-a344-940b9d05a77d	1124	417	126	28	-
8ffc62d9-c1e0-43d1-98a4-51610769daad	1124	417	126	28	21
80a83a57-e281-41ef-8f1a-36369cca2fdc	1124	417	126	28	;
d39576e5-1def-4b91-9511-5d34c4d9a4b0	1254	417	70	28	not
bcd416ff-7df3-4eb7-9b46-297b5cc71ea2	1327	417	38	28	by
bf173bf5-1ae2-43fd-97a1-4b4306be506d	760	445	54	29	the
34d8f2e8-1b90-4c67-8e0b-7364116ab19a	818	445	69	29	law
9df9420e-ed09-48a6-96e0-dc8b66ca160c	891	445	44	29	of
ec96d1b5-9a00-4e6c-8525-60933cfbfd8e	938	445	109	29	Moses
848020f8-acd2-4e52-8549-4125f344c4c4	1050	445	101	29	alone
07cd29e2-2135-4573-8839-9da5e5086a90	1050	445	101	29	,
4307bd3a-e648-4212-898d-a928db6d9d60	1155	445	127	29	161
4be19ddb-c787-4b51-8750-e8fe8383ebae	1155	445	127	29	-
f28b3701-ca4a-4d04-a8eb-eec02b386651	1155	445	127	29	28
4217bbf6-1dc8-4f7c-b95a-b2b43b7cf3e6	1155	445	127	29	;
aedf0294-5327-4997-b448-6499b0e0eef4	1286	445	40	29	to
36fae854-3f14-40a2-9d52-cea0c99d00e8	1329	445	40	29	be
0f011da4-2424-4a49-857d-269388444003	760	470	135	35	declared
751d7367-ff07-4a72-9239-9bb474ac440d	900	470	48	35	to
3b74b10d-959b-4d52-b2ae-5b65bac6317d	952	470	101	35	every
7262c3c0-66a7-4504-898c-511abb8fda73	1058	470	122	35	nation
a2e0ab71-4492-440e-8ac2-6be376a84631	1058	470	122	35	,
041f756e-928a-4f87-8f66-55c7a3d9cfe8	1184	470	127	35	165
bbca0771-1797-4d4c-95d0-044c5864debb	1184	470	127	35	-
1ecb36f4-7f83-4fda-8e5f-56c5c69cbd22	1184	470	127	35	28
51d84039-3a66-4fc2-86f0-c101652f324c	1184	470	127	35	;
331a41cb-aec8-47f4-97eb-cfd9322b956f	1316	470	54	35	the
d2479c02-d310-44fb-8570-fc9d52ce0561	757	615	104	32	bellion
4b0be3f5-9b23-4cbf-ac63-2b183859389e	79	808	44	70	si
78af124e-b62b-45a3-bdb2-425580978f75	79	808	44	70	,
fd461370-57e1-41c9-9f4f-2de6af0043e3	132	808	149	70	predicted
f0bf1ea5-0095-4a44-a90d-9a1e76cfd1d7	289	808	44	70	by
b22afdd2-8604-4854-ab2f-68a43711ae1c	342	808	123	70	samuel
f83e1b22-2a7c-4884-873e-27132ed28361	473	808	52	70	20e
096dfd01-77bc-4707-91ec-84d0c9b60200	534	808	163	70	Lamanite
1cfb6598-313c-4183-8230-0cb8566b3bac	534	808	163	70	,
1ca53b07-59b4-40bc-a9c6-3fc7eefe71d3	79	874	120	60	416
d92e5cd4-3938-4693-907f-6f7bf4828894	79	874	120	60	-
0a34f3d3-2b13-4d94-a8a3-777fbef37ded	79	874	120	60	18
9649659e-b473-4ff9-a4be-93a8c4f0fe5f	79	874	120	60	:
68586c6a-9492-4b36-92bb-5f66ca7f3eb7	206	874	82	60	rent
f89f9687-5ec6-4fe1-b866-fa38f1902870	296	874	45	60	to
a8e02a3a-3bba-451d-97d9-b6780313b30c	349	874	112	60	pieces
6ebc2fbe-2efc-41bc-b26c-bc913caf45e2	469	874	52	60	as
c0fafba1-2905-4008-9105-e38ac0f603c5	529	874	165	60	predicted
746ea29b-001c-4c58-950a-ae1984c52d65	529	874	165	60	,
05fdb096-f1c9-4a9f-a0a1-4a3f62889233	50	928	71	38	Rod
3032e39d-29f7-4975-bb5e-25ccff3c2f40	126	928	38	38	of
a1a95f3b-112b-41c7-830d-46c6e74e559d	169	928	81	38	iron
91cd7b61-ca9f-4e3d-91f3-039b33a93bc0	169	928	81	38	,
e8980df5-5912-4d71-902a-051a5e5b94e3	254	928	43	38	in
47c8c448-d6e3-4420-8f5f-7f6fdbb9dd89	302	928	105	38	vision
a4a841fb-585b-45d8-89ba-fea51d54370e	411	928	43	38	of
7d47b7c3-90a4-4a3f-bc8e-4e2c42d73456	459	928	85	38	Lehi
f3e76b5c-20c1-4e90-9ce0-0067be662d80	459	928	85	38	,
a1596e6b-17fc-4d88-8bc3-ac333b159d82	549	928	105	38	14
38cb5ebb-3aa7-4f0f-bf2e-80cdee510e8b	549	928	105	38	-
052f30d8-155b-4bad-af6f-07cdc2fcb222	549	928	105	38	19
b71d2c1e-e45c-4903-9642-d20e605c7010	549	928	105	38	;
4384e385-26d9-47b7-8cd8-1f0f43f616c0	658	928	33	38	in
ecbd0c28-6632-4e79-a2da-3da7e436e944	79	956	111	38	vision
8a3601e3-c584-49ea-8160-0fcb6c98701a	195	957	51	37	of
fe3a6686-2025-49ac-aca6-b2376b3c5e96	250	957	116	37	Nephi
e53b8499-90fb-4f36-b46b-6089738630ba	250	957	116	37	,
6fe21618-3a02-4409-b77d-63032bc2181b	370	957	116	37	19
805c5718-e4b4-4903-92db-a157ff8059a8	370	957	116	37	-
5b3d2a80-dc75-4a4e-a37a-1bd2cc39b604	370	957	116	37	25
7ce69298-9efb-41a9-af52-bc7decab092b	370	957	116	37	;
e6db9659-84e2-46bf-bf70-65ddd284d324	491	956	147	38	meaning
962cffcd-2de2-4acb-9a0d-45127ad57272	76	987	101	32	29
9100fa3a-350e-4d63-a00b-d19687b6fcf7	76	987	101	32	-
2877d46b-1c4b-410c-9dfb-9c7d98571009	76	987	101	32	23
a6418d13-cb8d-44d1-8ad2-ac92f34ceb49	76	987	101	32	.
4d8d74f5-ae1c-4447-bfae-ab11ec09c618	47	1013	90	38	Root
e31e3649-5909-4433-b61c-981821ec4073	47	1013	90	38	,
efc353aa-b083-4548-8289-f3f1ff460863	142	1013	38	38	of
161bd361-8354-4d0b-9886-6b5c66ea4761	185	1013	100	38	Jesse
c5f8ca6b-750b-4f8f-995f-adcf4540ac7b	185	1013	100	38	,
0d242ace-4291-41cf-8fa0-0527ed50c554	289	1013	102	38	85
3ebb4a52-fbab-4e66-ae1b-b29913791501	289	1013	102	38	-
1c9cde17-3f86-4a42-a276-693c872714a6	289	1013	102	38	10
9e6b12f9-45c6-43d5-b548-fb3f890e940d	289	1013	102	38	.
8c975d27-3f75-4e32-a611-49fc6f4d75b3	50	1041	105	35	Ruler
6178e434-b4eb-4229-9019-7a13a252576c	50	1041	105	35	,
b0ca20e5-46c3-476a-b523-938de947335c	159	1042	105	35	Nephi
0f016901-a927-4906-a888-1679773b92ca	269	1042	140	35	wrongly
aae9396e-0dec-4717-8a76-f1cc9c5444bf	413	1042	131	35	accused
d6375dfc-3107-482c-92a4-4ddc3c4ffeaf	549	1042	44	35	of
2c176196-93e1-498a-b784-aff591b85603	597	1041	94	35	desir
7344933f-1317-4775-bc90-29f7a5524c3d	597	1041	94	35	-
3144ed47-27c3-4582-9827-75a76575148e	76	1070	57	35	ing
b8eb7402-a1f9-4f8f-b43a-17f43f67941e	142	1070	48	35	to
d0a9d658-aad7-4c47-b795-00050444b006	195	1070	105	35	make
3ba0cea8-6bd6-4cd8-a121-572e7b5d6405	304	1070	127	35	himself
0f56af09-9475-4b80-bc50-bc4455132495	435	1070	44	35	a
a6056c1e-ed48-4f57-b3b3-970fdab2164b	435	1070	44	35	,
e698a2e2-46f1-42a0-9785-460764844760	483	1070	105	35	33
1901d02e-b421-4daa-82bd-d8b8776fb509	483	1070	105	35	-
6d9087e8-51a9-4ccb-86eb-dac460c78908	483	1070	105	35	38
49197bd1-6e03-474f-89d5-3e08640a3281	483	1070	105	35	,
329cf40f-13b8-4e8b-9b44-bec9d3f15d65	593	1070	101	35	39
d36f80f2-8552-40f6-8dd7-12a75568213b	593	1070	101	35	-
01925881-1e80-486c-b018-e27d6e99f975	593	1070	101	35	10
14b885e1-9bf1-4388-9a96-0d6e0421b11c	593	1070	101	35	,
cb5d4a13-89a8-449b-9726-57e0f43da425	79	1098	86	38	60
cc0d75ac-3b6b-4ebc-a32b-08bf5d2fda84	79	1098	86	38	-
ffb061f8-400e-4545-bda9-0d110549acb6	79	1098	86	38	3
40ebc025-7744-46e3-9e2d-4ef71b10339c	79	1098	86	38	;
5e54dbaf-d5d4-413a-81bc-0f98258db361	169	1098	76	38	God
4e808050-602c-423f-bf29-a17ef6d348da	250	1098	109	38	makes
44b08d7b-8e2d-4f23-8d26-3722af569b4e	364	1098	109	38	Nephi
aa69fa7d-71e0-4871-b8ad-21b026dd7472	478	1098	38	38	a
3f78a990-b856-4372-a554-6b314668f154	478	1098	38	38	,
152d6482-5af7-4cb3-a99e-4622f602d198	521	1098	86	38	4
2ec07230-fb5e-4934-af1f-b568c3d3e539	521	1098	86	38	-
77f2a236-05df-4e3e-929a-3029f423488c	521	1098	86	38	22
f332d868-651c-4423-b7d2-6ccd82dad6fe	521	1098	86	38	,
487693a9-3c4e-43a2-b94c-c9948879beab	611	1098	83	38	6
b38306b6-8e4d-4d76-a2aa-6dd2eb304b2b	611	1098	83	38	-
08d443fa-819b-4331-b38a-b202c9db08a9	611	1098	83	38	29
672c328c-090c-4709-bd85-ef91a1fb7b8b	611	1098	83	38	,
1cc7fc36-88a1-4aa9-bbed-9790d745279b	79	1126	104	32	61
a5fbfbb2-e22c-4f8a-81d0-09d714848858	79	1126	104	32	-
cba76ec4-e963-45dd-b531-5caed9d83f74	79	1126	104	32	19
fd520ed8-12b2-4726-a7de-bde05a68cdc7	79	1126	104	32	;
8800eb43-5a19-4550-87ff-688e7bfcda3e	187	1126	132	32	Mosiah
d3cdc927-a104-415e-b784-56bd94a366f4	315	1126	188	35	proclaimed
b8f47a0b-ef2b-4bf0-a9e7-7af6ad7e56d7	507	1126	44	35	a
e336d05a-2f2e-4223-8718-45d3ee4ebfd1	507	1126	44	35	,
12be4e15-c373-4478-a576-649467c01f7e	556	1126	57	35	by
b720295c-81bb-4796-ab42-d53059e53607	617	1126	74	35	king
421cab8a-8000-4126-aab4-d46c9958abba	47	1151	117	67	Rulers
06437d9a-3da0-4b04-8912-a25c5e80f679	47	1151	117	67	,
e0e8ecc0-e2cc-4b96-83fa-fb9c11fb828e	173	1151	117	67	covered
18fccd5b-207a-4386-bc85-a05d0ed8ea6b	298	1151	126	67	because
9f38e17a-de94-46ff-8a3a-26491c1147eb	432	1151	34	67	of
99cd1552-3787-4f5b-9a65-680ef42ca82a	474	1151	142	67	iniquity
74892296-d0e9-4a97-836b-4d9b90607a0e	474	1151	142	67	,
6c3f9412-7b6e-4fe7-bdfa-3cbc1a810909	625	1151	72	67	96
5811ca9c-c4d1-43fe-a58f-2b2662894ea7	625	1151	72	67	-
d3263773-7bff-4f21-ac54-235778ecd4e7	625	1151	72	67	5
9c32c74b-610e-4800-bb16-a10d7dcb661b	625	1151	72	67	.
bbbba940-8f9c-4abc-84f4-a7de6540211c	47	1211	137	38	Rumors
279a294c-f394-4a87-852a-db48fa2027fc	47	1211	137	38	,
5f8b166d-5475-49ed-a6d1-eb45973ad285	190	1211	43	38	of
970a596e-ad82-4ba2-a076-980020e2be43	237	1211	95	38	wars
d716d0b1-e6fe-40ba-b113-7dcf7c309a17	237	1211	95	38	,
362510ad-c8ae-4e59-98be-d3e7524544bb	337	1211	85	38	20
ea33f227-416b-4c5e-9101-f545cd53b830	337	1211	85	38	-
0e4cfe3d-24bd-4743-8b3a-60cda8d0b0ae	337	1211	85	38	2
ff4939ba-5c4a-411e-a1fc-d7ed07c9f7ed	337	1211	85	38	,
da0c5066-4513-4cde-ad0f-b0444867a88b	427	1211	100	38	21
87647a0b-b977-4c6c-bb12-09d5b2140e6b	427	1211	100	38	-
aa5b6db6-c791-4f3a-a385-b3e738d45a33	427	1211	100	38	21
009e6160-7eb1-43d5-a9fd-e860c2f8a3d7	427	1211	100	38	,
e1b15ab5-60df-43f7-8804-22969406f736	532	1211	100	38	27
4da23752-a99c-49dc-a47d-4ac9a9970e3a	532	1211	100	38	-
87c81340-0402-4b5b-a6d0-9ab5ab71bb7a	532	1211	100	38	15
a19b4204-01b2-4001-9650-356c3081bd52	532	1211	100	38	,
3158bbb7-d9cc-49e0-b138-debfd3db6c4d	636	1211	55	38	90
09691089-bad9-4bce-ae44-ec88ac07e1fc	636	1211	55	38	-
da50578d-8cff-4760-8dee-3aa6b7bcb987	76	1240	48	38	12
da1b1769-c2cc-4a23-b82b-d3ebd5b48871	76	1240	48	38	,
7096d6d5-71d6-49d1-9e1f-8f5f54158a60	128	1240	118	38	474
7979b707-b33f-4d74-86ba-aa97d61b53cd	128	1240	118	38	-
dce39a8f-1f0f-437b-9a95-f9ffe1f82cef	128	1240	118	38	30
8f772f3e-8c54-4359-8263-79cb0bc27190	128	1240	118	38	.
aa5d3533-087f-4d94-b25e-20d2e3a84918	44	1297	82	95	Sack
485ce5d4-2435-47a7-92e9-dad1ad4ad2e1	138	1297	82	94	do
b6e507ce-d5b8-450f-808e-09d36b955d2d	232	1297	70	94	a
01203fc1-3903-4dad-9dbe-8211701fb4b0	314	1297	200	94	meet
c7b405e6-2d08-4db3-9429-47ecbdc7161b	526	1297	59	94	and
55cadd00-4de3-4d73-ac51-1845bacd621c	596	1297	101	95	pen
04a07015-cb2a-4ee5-8c03-11e9a4f7e8a3	596	1297	101	95	.
249b3006-0699-4f75-bd12-5ba07bda0686	72	1382	102	35	tence
555ff776-04fd-47a7-9175-378a3066bef5	72	1382	102	35	,
edde484b-d104-4da4-8546-2b40beb4f931	179	1382	119	35	157
5ea9f1e2-c6dd-4564-8333-88f2e4218350	179	1382	119	35	-
83f75faf-8cff-431c-83bf-98b25f945560	179	1382	119	35	25
ba8a8d13-be72-42ba-beed-2035f2b046fa	179	1382	119	35	,
57dc081b-fa46-4cc1-822b-093004587402	302	1381	99	35	385
30ee2459-508b-45dd-9732-ba8a83f0fa31	302	1381	99	35	-
cc8abb4f-8e52-4f30-af58-6abd3f0d925e	302	1381	99	35	9
8bf36507-845e-4d77-8750-3fa31939b839	302	1381	99	35	.
f251700a-36a2-4c26-b1ad-15b2bc860e37	47	1407	190	38	Sacrament
61362b17-1d2d-40d1-9a5d-3eac5e8583c9	47	1407	190	38	,
3e647efc-6aaf-4435-bb60-a406c304b1d6	242	1407	48	38	of
62151aab-0fce-4793-8fb4-db54c1891040	294	1407	105	38	bread
0d833216-bb8a-4919-b372-768aa7ee4217	403	1407	71	38	and
8693650c-01b7-4bdb-a6fa-c535ef51d2d0	479	1407	105	38	wine
d20a3abb-43e1-46b5-b400-392105f6d33e	479	1407	105	38	,
1578e69e-760a-4cd3-8d68-1599c0aa8c78	588	1407	102	38	Christ
646599e4-0915-4fef-81a2-28538a5308f4	397	1439	148	32	emblems
30fedd55-f66d-40b8-b8c4-c6361aaad966	565	1439	126	32	miracu
73fcb819-6145-4896-8acf-8cc830c58f04	565	1439	126	32	-
5b54da52-5102-4aa1-bf4b-5bd7415dbb6e	549	1492	142	32	adminis
edc50591-6e83-4248-894c-27183d56fb4b	549	1492	142	32	-
2ef4ee25-b538-40ed-a0b6-7856cae62de4	73	1492	87	63	tered
33155d7e-7eac-4676-b4e3-40a9d448ebf7	167	1492	39	63	to
bf803d59-fa20-4127-b9ff-b6ee4566209b	215	1492	142	63	Nephites
e4e3016a-fa17-412f-96e5-966c74cf8fe3	364	1492	94	63	often
736987cb-6e07-4726-b98d-d6e561b9240c	364	1492	94	63	,
4f94c03c-a988-48d9-bc82-a2847defaa11	467	1492	118	63	444.13
c57aef71-a392-4ccf-b9b8-d8bf00c62cd1	467	1492	118	63	,
6cd59d6f-1c5c-4053-849d-b999d9d42763	593	1492	98	63	bless
37de1291-c3cc-42b1-9d6f-c01e22d901a4	593	1492	98	63	-
7724ccfc-8681-4284-80d3-ac1fd11b579b	76	1556	63	25	ing
44c57dab-1ee7-4767-aa63-b56c04802cea	141	1556	50	25	on
56e90efd-4004-43c2-88e4-0ba8fa929a17	194	1556	109	25	bread
9ad19725-4bc8-422b-830c-685170329ec4	194	1556	109	25	,
30e2ed0d-a233-47c4-8af6-22ca534adf10	307	1556	119	25	511
63e3bbcc-88c7-4b82-88a2-2721893799f1	307	1556	119	25	-
5c893697-8e76-423f-a4da-f6e4003be3bb	307	1556	119	25	ch
714e74a1-69b0-45a8-ad0d-4940767e5f9a	307	1556	119	25	.
91e09cec-2b1c-4922-8785-c09025e14aa6	429	1555	47	25	4
1c8f4dd6-79b2-435a-8a9a-f341558f90e4	429	1555	47	25	;
bbdeb894-da9e-4931-8a8a-c88c2be610bc	479	1555	53	25	on
2b852bd4-a455-4b33-ac40-210a953c113a	535	1555	66	25	the
e41a773c-5eea-4f6b-a745-4fa5f096ea2e	604	1555	84	26	wine
d53e072c-db9a-413b-8388-8ea99819741f	604	1555	84	25	,
1658a928-e3a6-4f89-9134-820b86f8348c	73	1581	120	32	511
b926851d-5205-4dce-9a43-2e997b21e710	73	1581	120	32	-
82e6a26f-09ff-4ea2-b342-2cd8d4b60a3d	73	1581	120	32	ch
76e2d714-545d-4da9-8ecd-cb52d5098329	73	1581	120	32	.
e8558daf-4436-4529-b2e5-648c7b9da4ed	197	1581	34	32	5
def4596f-5aad-4a96-b626-d6eefb6387d2	197	1581	34	32	.
d0162325-691c-4152-9fef-2c800891d6f2	44	1606	114	38	Sacred
84f3d88a-686f-4d84-b8dd-c97c7789c76f	163	1606	114	38	things
bb618f50-cd6d-46b5-b924-26c13c35be4d	163	1606	114	38	,
58cd2871-186e-4f19-8cc9-b2ff3813babd	282	1606	62	38	the
246dbbc4-2d13-4fbb-ba4a-5a4aada4de24	348	1606	133	38	records
8c492c77-52a7-419a-91a7-409f6a657ba7	348	1606	133	38	,
10ac0169-3961-4695-98d7-19434844a543	486	1606	205	38	interpreters
67083260-b723-41c6-95f1-9c8d50e59a5c	486	1606	205	38	,
575fcc51-fc68-4966-8df3-310194cd649b	73	1634	53	70	etC
aa991e8b-26ef-4736-8892-bb4917acb95f	73	1634	53	70	.
1f004a91-1d9c-41bd-9164-3fe1af447804	134	1634	123	70	59.44
cec285b4-c1d3-4b9c-ae9c-146bede5a1ed	134	1634	123	70	,
eb7cb832-a716-4c9c-96ad-cf50876c23ee	266	1634	114	70	44
761bc9a4-dc6b-4faa-9401-ea76ffa507ee	266	1634	114	70	-
257cdb13-09cb-443b-b7f4-59b897145c14	266	1634	114	70	35
a7428ff5-0bce-4e54-882e-7207c92177e2	266	1634	114	70	,
241c8503-16b9-435b-97f7-ca3cf5710655	388	1634	105	70	350
e1dc0ce4-4e96-4f95-a49e-2d1200c9dfa9	388	1634	105	70	-
300e9998-349d-4858-b5d7-e85e0aca99b0	388	1634	105	70	1
d1492694-bd0a-46fb-b281-20210ed0fc54	388	1634	105	70	,
1d428704-38a0-464d-99ad-ecb45002b307	502	1634	105	70	399
f8b7f495-690d-437f-abd2-4487e79e38fb	502	1634	105	70	-
b0858f11-15d0-468b-b672-2eaea3a5c597	502	1634	105	70	2
5a7c5004-7a3d-4b63-8009-db675042b47e	502	1634	105	70	,
eb7d56d3-5260-40cd-83d9-5c3043b7dd08	615	1634	75	70	459
72c23e86-c66d-4276-a18c-035d3e4b98c3	616	1634	75	70	-
26099a26-aaf2-47e0-8be8-5b341cdbb8ce	123	1694	101	29	469
10db214d-0d5b-4269-aa6d-12b10df45bf6	123	1694	101	29	-
a3b2539b-e645-48d6-a652-aea4e7c0fa11	123	1694	101	29	6
eebc296b-0adf-4ed3-9665-c1544c17f4ee	123	1694	101	29	.
a9f07b57-2058-48fd-ab86-26695153a7c8	722	758	132	40	Samuel
62916fb0-539d-489d-9eaf-595030597ebb	722	758	132	40	,
b65e41da-ce8b-46c8-97ba-5ee31ac6faee	859	760	132	40	prophet
07ef3dd5-ca81-4724-a596-2f382668f763	995	761	35	39	of
842159c9-66ef-4756-8204-c0d7fb627ea2	1034	761	108	40	Israel
14a0fcad-c718-4080-a55e-41537a210dd6	1034	761	108	40	,
67af771a-6469-4bcb-83e0-edea9e4321f3	1146	763	176	41	mentioned
ac85db54-ea86-4dc8-a0a9-82c582205e65	1327	765	43	40	by
6c8edadd-84ef-4f1f-90dd-0c63edfdc5c9	754	792	114	35	Christ
c459e557-6445-480b-9dd2-8dcd28839133	754	792	114	35	,
c7cf12e1-d7d3-4907-85f4-1cb0924390dc	872	792	112	35	440
6baaea36-bfba-4337-95a7-e0fdbb3e9190	872	792	112	35	-
5fe438a2-d3c0-4e63-bdbd-600c23b40ab2	872	792	112	35	24
78801d60-731f-4a59-962f-943388715bf1	872	792	112	35	.
867309e6-11ba-4334-a7cf-7c6c6558a02c	722	820	128	41	Samuel
b2a43f9d-22bc-4e65-8ce9-7b0657c11454	722	820	128	41	,
3164908a-c803-49c4-93fc-a7ed055696e9	855	821	62	41	the
8cfb3337-0c28-4993-807f-25f33d2dfdb4	922	821	164	41	Lamanite
feafeab2-77ce-4c33-ab46-91bb2b7b60c6	922	821	164	41	,
2920f8ec-ac38-4b5e-a7db-e66053ae1363	1091	821	103	41	389
0cdf58d6-89e9-41eb-919a-be7d70030680	1091	821	103	41	-
eccc1409-ef8c-43b9-a2d8-bfec9619f2ba	1091	821	103	41	2
c24a7ee8-3856-4042-89c6-5e0dfd895f7e	1091	821	103	41	;
dccda9da-1980-4250-aed8-6fd80ff20292	1199	820	171	41	prophesies
f52bde64-bd7d-4f75-b202-ff43d9e24a09	757	855	182	32	destruction
16e05e50-31c2-4b24-b7e1-dbb65aa39752	943	856	39	31	to
cd921a66-2eed-4c29-b8d9-9c020e07ec6f	986	856	209	31	unrepentant
f635add5-e2b0-4bbb-b4f7-51b745ef6395	986	856	209	31	,
b08e61ef-2fc7-440a-86de-2f01bcce2fba	1199	856	97	31	390
5abfe14d-b7c5-4304-aad5-817d2d553f40	1199	856	97	31	-
54e4264f-04a0-416a-90df-771fb11e3b6a	1199	856	97	31	5
df763f87-201e-4959-af7e-6c4822b4a4ac	1199	856	97	31	,
1f610476-f1d8-47cf-837b-5a98e2d2361d	1300	855	66	32	392
3ea0d596-6a93-4e19-bcec-d1d2f52f52ab	1300	855	66	32	-
40c30096-a35c-4977-832d-5369ce6a4187	753	875	54	62	sies
ba823107-8f6e-4129-8fc4-fc2ed8e11a05	814	876	100	62	signe
6b54a3cc-df67-4f9d-9702-77884f04ebc7	921	877	39	61	of
cce34599-9b30-44f0-bac5-d80589bb71f9	967	878	69	62	sari
69f2a703-1b2a-45db-8c6e-ef797c9fe638	1043	879	115	62	Christ
a9b3e55a-d3c3-4858-9115-906518c8173f	1043	879	115	62	,
6a668c7f-6f92-482c-82dc-fa2f559df547	1165	880	24	61	3
9849b302-b15b-4cfb-b8b1-ba9cc17c699a	1196	880	62	62	and
a2a562fc-1d31-4eac-a9a2-c5671959e65d	1264	881	109	63	deact
1cb910b6-bcd7-429d-b19b-e8f919d62c88	1264	881	109	63	,
7965b346-843b-47c6-b3b9-a545743f5916	754	937	101	36	393
4d509861-8fa8-42b1-be19-60a6cf17fa70	754	937	101	36	-
641ea444-ecf7-4e01-b428-9aaad7a48f65	754	937	101	36	3
98822be7-c40b-4727-8bc9-9ac829f90dc7	754	937	101	36	,
22e7dc8a-03cf-4737-9917-5e697a70698d	858	937	149	35	394
d6f3f0a5-e165-465b-a1cc-f7aa57f5e51a	858	937	149	35	-
7403c567-8144-44f4-b5ed-380803f239f5	858	937	149	35	20
4b7f1d26-bb59-4ef8-8ef4-e3a95c767a32	858	937	149	35	;
45966eb1-c0b9-4a85-ba23-526138274179	1011	938	98	34	calls
503c1725-7587-4ca0-940d-33d35e85743b	1113	937	51	35	for
d03ec71d-5e98-484e-b767-7d25ee78736e	1177	944	192	28	repentance
eff729ff-33ea-4033-8711-bdb2c2127652	1177	944	192	28	,
6bb10ec1-6274-47d4-9780-ac3d94ce233e	754	969	108	32	395
519fb566-f66c-43dc-af17-ef04834c88bd	754	969	108	32	-
28a07904-8699-4790-a49a-00e5de3dbabe	754	969	108	32	1
3ac0346d-552c-44ac-a2e2-37cb97472104	754	969	108	32	;
67cb1e02-1c0e-4267-a3cd-986b4797c30e	866	969	148	32	converts
f803aa46-4e33-4902-94ac-6186867ca4d2	1018	969	108	32	many
5d5b8724-53c8-4ae9-814a-05e1665d5bbc	1018	969	108	32	,
181e9e46-39bf-44c5-a5be-8749b3dda321	1130	969	112	32	397
5aa03aa2-4e9c-451d-82e4-2533cece685d	1130	969	112	32	-
a8f19bf1-52b0-447e-8858-b909c9aa9128	1130	969	112	32	1
d5dbb4ee-965c-4c30-9471-c3bf8afeca85	1130	969	112	32	;
3fbb4b47-2589-4227-ac46-c8eb239bf6f9	1246	969	120	32	escapes
a2c1faff-7f5b-4f7f-9113-62bf5d90398b	754	997	202	32	persecutors
3d20dbbe-81ce-4d8c-a09c-62936f7d6ed3	754	997	202	32	,
c82d6630-4140-4d24-a0f0-b80807cee1d9	959	998	112	31	397
a1fb8b06-a67b-4302-b5be-6c9c6c01b98f	959	998	112	31	-
f8880408-ed30-4d18-bd91-771b32ed5f03	959	998	112	31	6
c7b24834-d4a3-4f66-9baf-5a9b05f871b4	959	998	112	31	;
eb0d616e-3368-4544-ac50-c7b30922a38c	1076	998	167	31	prophecy
e75d2d25-d127-4276-bf35-aceddfd4f886	1246	998	54	31	of
3120be05-79b0-42cb-8a26-02ce9bece681	1246	998	54	31	,
f087e559-d5f7-42e7-82d2-72d00f9eb265	1304	997	62	32	ful
6101689e-12aa-4c34-84f4-59e197fe5182	1304	997	62	32	-
e395762e-481e-4fc2-8541-922acc4c591a	754	1022	95	38	filled
587b4a82-140a-4ac0-acef-8989bd3f5061	754	1022	95	38	,
372aef6d-d95b-440d-9b02-89530cd41d62	854	1023	119	38	446
21017a4d-ca5b-4a69-8617-76090657933b	854	1023	119	38	-
2e8eaa3a-ea44-4150-a264-ad8f8c17ce5f	854	1023	119	38	10
fcf427a1-2de3-4896-a188-3ddd9eed37c6	854	1023	119	38	,
bcb41808-f532-47b9-bcec-0c99380889e6	977	1023	123	38	461
6c57c6e6-c608-487d-88fd-209273e152f5	977	1023	123	38	-
da8d1705-0b88-45b1-bdcd-bde2555765df	977	1023	123	38	19
eede16b7-a818-477b-885e-26a26f6eab24	977	1023	123	38	,
ed6fcb77-00c8-4c27-bb6a-aca6360da09a	1105	1022	115	38	462
29fb86b0-8c7b-4c8f-85c5-eada1c11a016	1106	1022	115	38	-
43610aaa-92f9-47a1-88a8-d4aa014bd21f	1105	1022	115	38	10
a2fbd48b-d6cf-4005-8108-d85a08277fbc	1106	1022	115	38	.
f24bf86e-6f93-4db6-9842-bcd9443ab839	722	1048	200	73	Sanctificati
c87f7865-8164-4eca-87b2-4ddf3fc13713	722	1048	200	73	,
a94ae572-1bb1-45fa-8d4b-3d9c6e4ef71d	932	1048	109	73	35
430b8faf-c20b-4524-b6cc-3531a771e0cf	932	1048	109	73	-
ed189195-d5b5-49d5-8214-7dd29eb5bc5c	932	1048	109	73	s
a1f5c813-b0f6-4300-8f36-813de3e198d7	932	1048	109	73	,
35082160-7007-41b4-81c5-8c1484056fc3	1051	1048	27	73	2
5cd98516-e5c2-4c29-a03b-6e63bfd111c6	1051	1048	27	73	,
fc46b39b-1962-4a26-82bf-484e8248dfe5	1087	1048	82	73	915P
f28064b2-d4ef-47ae-a912-f27cb2dd9f87	1087	1048	82	73	,
7759e27f-ae95-4019-bfe3-f45d1d94c4d4	1178	1048	119	73	nit
e09998ba-8758-42c9-a6db-50d03741b5e1	1178	1048	119	73	-
8c09e0bb-0f5b-47e9-997a-446e6fe3450c	1178	1048	119	73	12
41338a41-9038-4417-8722-6b800fcbd93e	1178	1048	119	73	,
603f1093-1cce-4522-ba3a-915b6bdc7a98	1306	1048	66	73	321
0478cf52-b570-494a-b4ae-03d99e27cd28	722	1142	204	38	Sanctuaries
a664b364-f50b-4634-bd9d-9d517bd3026a	722	1142	204	38	,
0e67fc46-600b-46e9-9ce8-aada369b2319	931	1142	100	38	99
442ced5b-5f68-4616-bf12-d48786f6e2d6	931	1142	100	38	-
35ab65c8-517d-44b0-9a9c-e018fa8a0a95	931	1142	100	38	13
8e80e7b8-b0d9-4651-a317-fe37bed61485	931	1142	100	38	,
dc041961-b826-4bb8-948d-a0c4ebcfad2e	1036	1142	123	38	234
b0ae58bb-a2d8-4911-9fc3-c4100d9c46ed	1036	1142	123	38	-
11466400-4d86-4134-984a-81042ce2fd90	1036	1142	123	38	17
3b5410ac-c1d3-4778-a954-cf36a2cf024f	1036	1142	123	38	,
052062dc-bf3e-4555-b895-bc1f29311b85	1164	1142	98	38	250
c0a0118e-05bd-48fe-ad38-953859c8afd0	1164	1142	98	38	-
cc275afd-d825-4fce-96df-43783a33fb7e	1164	1142	98	38	6
6a99c8fc-75d3-4836-8284-10da24e534ac	1164	1142	98	38	.
f2b38816-e846-41a8-b169-17d022ed4e0c	722	1170	122	70	saria
e481e29f-e154-4031-80d7-5c3a1439e241	722	1170	122	70	,
cf4fccbb-0ad2-4223-8ba6-ba74c28293ff	853	1170	44	70	the
601172ee-c4ba-42cf-84ea-7783818f28dd	906	1170	123	70	sans
8e620cad-7a27-4a54-8b29-5ff5b3532f5c	1037	1170	105	70	chi
52e6df28-09b5-4ac1-8a7d-5ea2647ee6ca	1037	1170	105	70	,
8ff224cb-4604-4ffb-abdc-65ab3986c7ef	1151	1170	114	70	9
1c7433b9-cc75-4611-96ab-0b3c6bf31688	1151	1170	114	70	:
aa9d59b2-6d34-45bd-be02-3f88a986dc98	1151	1170	114	70	22
ac61d4c6-daba-43ad-ba63-f5deb4be12c3	1151	1170	114	70	-
fa7295de-2c21-4156-914a-7e7c28eb5524	1151	1170	114	70	1
2bcd3807-6954-4177-9568-a78c5533d00a	1151	1170	114	70	,
aafdc543-ee4d-4d7c-be28-cb28ccc44760	1273	1170	99	70	13
54af3a54-4c7d-46df-9d01-60687a05ef1b	1273	1170	99	70	-
09413f7c-3abd-479e-9108-4daf604726a7	1273	1170	99	70	14
c3799e28-9649-456d-b7b8-6bf455de56e3	1273	1170	99	70	;
f55f0fee-17b8-424c-8284-0d4c1a1b8de2	722	1233	109	35	Satan
8b33ab6a-eb8b-459e-9601-a9e50886e5af	722	1233	109	35	,
4667f2b4-9fd0-484b-ba9b-e823286ab1f8	836	1233	61	35	see
dc4701ca-d2f8-4270-897b-94b98ec046cb	901	1233	99	35	Devil
cf854a06-a665-4e36-ba7f-025f4d999cd1	901	1233	99	35	.
123e1f8b-9dde-49c0-8b4a-4f16941cca99	722	1265	148	66	Scarlets
0d49f274-0bf7-46c7-9710-e66e483cf472	722	1265	148	66	,
6d0a95d3-5e1d-4e16-9c84-352baf065b94	879	1265	132	66	desired
6160201f-f187-4a9a-a4a4-ced334d5c3fc	1019	1265	74	66	by
ce4293d7-749a-4c3e-8f08-25b3915ffaa8	1102	1265	66	66	the
39fa6648-7cd6-4488-a3e5-dbf4b0d97c88	1176	1265	190	66	abominable
188260b9-7246-4a94-8a3c-318f8ec53338	719	1293	159	67	Scarlec
84d8e8cf-4db8-408b-86af-dbe34e1662e7	719	1293	159	67	,
e79346e5-a8cb-4b5d-9091-9cc539067dfb	887	1293	85	67	desir
a2797ecc-9d8e-484e-af19-23431ad1c0f4	72	1805	51	32	of
56a03ffa-e4a7-48fd-b8d6-fc9fd71ce089	127	1804	113	33	broken
3f8fa2f7-8c0f-4d97-a983-cd6e57db6ae7	255	1805	109	32	heart
78b38f52-7f35-49ae-b262-e51af41af257	368	1805	61	32	and
b2c29f0c-f24b-4a78-93ee-f9c40eed98c6	442	1807	136	27	contrite
1b0de6c5-1334-41f2-b709-ae6edb28b21c	596	1811	91	28	spirit
b4940399-a4ca-42a5-979c-58a2fd50c6e0	69	1821	124	45	instead
d46de51a-1912-4e83-ac62-05570f17bcfe	198	1823	44	44	of
d24e7959-3e69-4052-ae3b-9cd18149f393	246	1824	103	45	burnt
cb2d575f-caa6-4646-9ee8-474cae49ac84	354	1826	162	45	offerings
57375bbf-9ef6-46b7-b9cf-ce27a901950b	354	1826	162	45	,
3617e84a-2da7-4db0-9fd5-d9cee851079e	520	1828	124	45	418
11e6f1d0-8f08-4650-a12b-8ded98b25fcb	520	1828	124	45	-
1884e2b0-0875-42cd-8180-fd7c3e29ee22	520	1828	124	45	20
c3188ffa-f7c8-42bb-bf83-8633f474d5d4	520	1828	124	45	;
aeb8922d-479b-4cf3-8843-e6d5da84f5cf	649	1830	39	44	of
c5827960-4588-4656-9741-65cd95d67c11	69	1858	114	37	women
be82e706-e3f8-4c16-adc7-05b1f7a84c4f	187	1859	66	36	and
6f2f1c5c-5f8c-4cb2-a640-45fae378fc7d	257	1860	136	36	children
7bcd0586-f249-4008-b164-170ea76300fd	397	1861	40	35	to
6f6d66fd-eaec-4482-af8e-33d3aa78fd49	441	1862	153	37	Lamanite
490b8a7f-f049-404a-9ee5-7f60a7679090	599	1863	90	37	idols
bf72cf81-ff72-4f86-a04d-9bfd5badc96d	599	1863	90	37	,
d9a42a7d-d0a3-4163-964d-6de62db1b0e1	69	1893	113	35	466
42ca1350-2190-4082-8b9f-3bd1d8b4027e	69	1893	113	35	-
c4ec172a-9d13-4664-a63a-c9fea2a748b1	69	1893	113	35	14
921ab918-013a-4ad8-a883-197c8f06a68e	69	1893	113	35	,
704a75c8-e3e3-4c4a-a79c-ca3bce23ac3e	187	1893	119	35	467
3742f54e-4017-42d7-be0e-ec4a2fe396ac	187	1893	119	35	-
037cddb2-3c3b-4834-a862-caa027d79feb	187	1893	119	35	21
d6244a55-47a0-498e-bb90-8fe8df55e9f6	187	1893	119	35	.
edfa298c-bef7-4c16-8733-6340808da869	41	1918	95	38	Saint
6f2a935f-649c-4754-87ef-9f7a13412c5c	41	1918	95	38	,
31b5cafb-295d-4503-bb49-b6b450ec98ec	141	1918	76	38	man
3e5d8237-eb96-49bd-8cc7-279661985fbc	222	1918	143	38	becomes
42f99583-610b-43f6-b514-31b3aa0dfd0f	222	1918	143	38	,
c062af99-0aee-45e1-a32d-fe4aeb01ae02	369	1918	133	38	through
ee0c236b-8bb7-48d6-8080-86aa3bdb07f3	507	1918	181	38	atonement
c5b4479a-48df-44b3-a3cd-f2ee613de3fc	507	1918	181	38	,
331ff81b-9af6-44b5-9860-66e44b5fbe25	69	1950	117	32	141
2661c20f-35e3-48c9-a273-705c2188b5cb	69	1950	117	32	-
6abb1518-62ec-489e-a3e5-5d29d5d22258	69	1950	117	32	19
2d65e4ae-2782-48c2-84bd-3aca09659a33	69	1950	117	32	.
d400f7cf-4df9-4562-af6c-cd976731c888	44	1978	112	32	Saints
c2fdf5b2-d317-4cd2-8784-6c0520ca2c40	44	1978	112	32	,
e3b36e3d-a10b-4b4f-ac92-473fdc3f2a9f	160	1978	52	32	of
8310d1fa-5c09-4ff7-8f7f-d8f09d622eee	216	1978	80	32	God
e0d4e7ee-e26e-4913-b747-e145341a0546	216	1978	80	32	,
565864e5-85ae-4ab1-885a-a31d61f77d86	300	1978	124	32	church
9b5a8c67-eab6-4384-9342-a73398d7f7b8	428	1978	112	32	called
e06031a4-3b54-4695-b01b-44390d83b7a8	428	1978	112	32	,
e2100162-dbb0-4fc5-ac34-3fda004c7a53	544	1978	112	32	26
62337ba8-aff3-4507-a06c-5ecb5748a6dc	544	1978	112	32	-
6de831cc-cab8-4850-8ca1-c60150e517e9	544	1978	112	32	12
1c5c144b-dcb0-4812-8450-2147ac0a525f	544	1978	112	32	;
a3dd9593-ea80-4d8b-8208-b038cc25c7c4	660	1978	21	32	a
cfbd8083-d948-4b9e-b38e-a8cbc2bd5b8c	73	2007	73	32	gulf
0b494a96-8f66-48bf-a5e2-4b01fe1cada4	148	2003	136	32	between
be0f03eb-d280-4bc2-8d93-ceeffb68d769	290	1999	78	34	the
bd2a9d0e-4574-47f4-bb70-098aabf9d5d6	371	2002	125	35	wicked
091593bc-8ec2-4abc-94c3-d619134370d3	499	2005	79	34	and
f2908c69-9752-4d6c-bebf-7b6b1953b257	499	2005	79	34	,
ffe9d2d0-61bb-45d4-b4dd-8dd205354c16	72	2020	35	55	of
3af2de7a-7a9a-40be-aad6-993d375e1a39	112	2018	62	55	the
b7b1708e-5aa2-4ca1-854b-09a61a83d473	180	2015	96	56	Holy
9ad99c71-5bde-4c60-878d-73b257f82c48	281	2014	76	56	One
5b326ff3-b086-4e23-8e80-345dee92f0e2	281	2014	76	56	,
55df2278-d797-4e80-9e94-6dd1b5238da3	362	2011	109	57	68
f1d9027d-a894-4c39-88c2-0f6120125290	362	2011	109	57	-
56639cbd-c2b6-4285-be20-b9d0a1d3fab7	362	2011	109	57	18
070bac97-93cf-4f3d-9457-08ec45e09a32	362	2011	109	57	;
a034306d-464f-408d-bcce-a0a831dc66b0	476	2009	62	55	cay
c73939fc-2579-4afa-bc41-61532db12381	544	2008	42	55	of
aef299e6-85a1-4108-a956-00fb6b7468bf	591	2006	94	57	blood
0ef5740b-aada-4925-98b5-fb36c9521807	1133	1439	114	32	98
ee7a7446-9ce3-491c-89c8-6815da1aae05	1133	1439	114	32	-
3e2725b9-6c72-4d83-b498-3bb3d2ed5ab0	1133	1439	114	32	31
6cfd3b78-dd46-4525-94f6-76069c2bb174	1133	1439	114	32	.
45b06750-5b9e-45bc-8e45-8a87d8879edb	719	1464	143	41	Scourge
0e6b9e97-9a05-4d80-9fdc-e806953e820f	719	1464	143	41	,
eb1ffc2d-f4aa-499e-985d-7866d49eedf3	868	1464	169	41	Lamanites
f59f94af-67b0-455e-a051-6abbd90a264b	1042	1464	36	41	a
fce227fb-d6da-4a29-aed4-0fb5c15ac465	1042	1464	36	41	,
04d2720d-7fb0-4028-8c16-9b61f483b51c	1083	1464	36	41	to
563b786f-eec0-4528-8c42-0c0a7f6548f9	1124	1464	159	41	Nephites
d74078f2-5dfa-4b39-a49c-af5baa801152	1124	1464	159	41	,
426020cc-0d5c-4d38-8ef1-eeb0e589fd28	1288	1464	78	41	5
488270dd-cd71-471f-a533-e7a75adb4260	1288	1464	78	41	-
96f3c115-90c3-4392-b975-43502551bcb8	1288	1464	78	41	24
d526c72d-6b4e-4e57-9eb9-212690a33053	1288	1464	78	41	,
d123e031-aa2f-4871-a06e-5b2bceb28194	748	1495	98	32	61
2be1ccb1-3261-4d65-95c9-d31d209d9b21	748	1495	98	32	-
5f9ccb75-5bae-4691-bcf9-132b2171e0fd	748	1495	98	32	25
a1a924ec-b8a8-4819-bc9c-38297f442c49	748	1495	98	32	.
0ad048db-94cc-4c1a-9567-ed7683043343	751	1552	113	29	43
7c15011a-e457-43d1-9c9f-069c9b7f18f6	751	1552	113	29	-
4d409405-a7fe-40e9-a839-0fbdcbe7cc08	751	1552	113	29	23
9cbf3700-2076-4f00-af6b-8221ee5506fc	751	1552	113	29	;
245e5884-1737-4589-9128-0da4f14012a4	867	1552	167	29	engraven
d8327487-a7fc-45a4-a3bd-f35f171bf20e	1037	1552	94	29	upon
5223e513-84e6-41fb-9788-986768cafb04	1135	1552	73	29	the
07691dd2-1eee-43dd-8e8a-3ce80f38c71f	747	1584	105	30	brass
1ffb5436-c43c-411e-b70b-0d82e47ba9ee	747	1584	105	30	,
cc4e4a18-4bf6-4294-87b4-d10670809e73	858	1580	108	37	58
b6a4efeb-f0e6-45ad-89a3-413e281021d8	858	1580	108	37	-
cbdc1ba8-6ce3-4e82-9d3f-ecd1b0f0491b	858	1580	108	37	15
82d78e1e-6471-4dc1-9e0f-0c522fca79bc	858	1580	108	37	;
04e26aa3-1c7a-4592-88f4-9e63200d818a	978	1581	157	35	wresting
f4f37b1c-9b9f-49b5-8888-1f7ead1ad6d4	1140	1581	50	35	of
b133fad1-6508-4aee-b920-abacf496e1a7	1140	1581	50	35	,
7eaa652f-806e-4866-be11-e918d14e8e98	748	1606	118	41	229
a3156a7a-783b-43ef-8779-94a93668cfa6	748	1606	118	41	-
dc071e30-e089-49a9-85eb-9f0737e66b37	748	1606	118	41	20
7a617fcf-4b1c-411c-9331-5de274381fe2	748	1606	118	41	;
14f5bff5-ddc7-4219-a2f9-ad34063ca4e2	871	1606	159	41	searching
df5144f5-c4f6-4f19-8034-395400e2f5dd	1035	1606	46	41	of
e1b9ae2e-123a-423d-a471-dfce7ab7c1e1	1035	1606	46	41	,
039ec7b8-190b-44a9-b56f-9f3f8319593c	1086	1606	108	41	taught
64af4ea8-5b7a-462f-909c-a42e4d64b0f0	1199	1606	51	41	by
0a88fc06-a758-4c62-9db4-c9ee49e673f8	1255	1606	111	41	Christ
dae195ef-a624-49bd-9ca7-25066abce96b	1255	1606	111	41	,
1a5b7b59-2a40-4d7d-9367-1d7f3ecfb85a	748	1638	98	32	445
24376bdf-4721-407c-b403-eac31cc93fee	748	1638	98	32	-
b7933c7e-6cec-443e-91b5-6ee9659d2deb	748	1638	98	32	1
8b785a90-aa8c-44e3-9fcc-f0fe6e73a700	748	1638	98	32	.
4469e504-016c-4c39-826e-c318f955a7a8	719	1669	116	32	Sealed
b2a75fdc-4cd7-4a18-af33-0df448ececcf	719	1669	116	32	,
6706ca1b-947a-41f5-bb51-e603b40d5121	839	1669	84	32	book
38c360fb-d4d2-4bac-95cf-98da81f7e252	927	1669	84	32	shall
6257a6b3-ade4-478f-83b2-e2f0f45c6ad1	1015	1669	52	32	be
34d3af1a-7dd4-4396-81a4-b670fda3b3f0	1015	1669	52	32	,
6790124c-f005-4d2b-bbd7-d1c31e8ad008	1071	1669	80	32	96
5d3c11c1-be21-4e41-8852-15dad7260295	1071	1669	80	32	-
3800195d-a574-467c-8d1b-9dc2de9e28af	1071	1669	80	32	7
5f3b23da-f91f-4f0d-9ea4-f11161bf4524	1071	1669	80	32	.
ae6c13b8-5b57-4de6-be55-d4ba77f257ad	718	1691	137	39	Sealing
afc5d1f7-79f4-47d3-9d69-4d6f0fa4d8bc	718	1691	137	38	,
8ad9e10c-36d2-4447-89e6-dcc6ecad98f4	858	1697	111	38	power
47d35d3c-0c6f-4ff6-b3fd-b21ef43bb5ef	745	1694	157	63	eclaman
3739a0df-b1a0-4cea-956e-013c6299bb34	745	1694	157	63	,
1ddd8fdb-17bb-4adb-a389-0090a41046fb	910	1694	58	63	set
28914e40-761b-4b24-a60f-b9b95f34c6e6	976	1694	91	63	given
e92e937b-aa04-4484-95c1-9588aa7b10ee	1075	1694	41	63	to
446cfbbb-22a4-433c-a628-b19bd9102b1a	1124	1694	124	63	Nephi
a8ee1c68-1635-43d9-986e-53904c28640d	1124	1694	124	63	,
0dc76660-96d5-4714-9df4-12f71df2f82a	1256	1694	58	63	son
3dbd6fec-6c35-4dec-92a0-20355333e6b8	1322	1694	41	63	o
e53b74f9-f4c8-4f0c-ab83-6ec1135e3f5c	715	1750	160	37	Seantum
f58127ad-cf2b-438b-b445-afd01454a95c	715	1750	160	37	,,
40679e98-554a-4f25-aaa1-4af2b49f379a	890	1751	164	25	murderer
7acb6276-e7cd-478b-a68e-be0bfd3f9567	1047	1751	57	38	of
b4a31f2e-02d7-43f1-bb77-46a4ab38de9c	1109	1751	66	38	the
acbea205-76f1-49c8-b0e9-3eae1b957295	1180	1751	123	38	judge
2995d28a-7afa-43f5-87af-13319a36a081	1180	1751	123	38	,
68da165d-4bab-40f6-8fe3-2fbd75901349	1308	1751	55	38	ac
9f8087a1-e338-47d0-af10-67fff23b2832	1308	1751	55	38	-
4c5cea08-8235-41ce-bd3c-6355f85ed2ee	858	1780	124	32	382
cac32168-c84c-4a11-83a3-feb3f0fb26b8	858	1780	124	32	-
1df0bfd5-0a14-4b5b-a96b-104119c45089	858	1780	124	32	26
0cb76e5a-9202-4268-bef8-1ccfb4d74323	858	1780	124	32	;
3300d418-0205-4c39-96dc-f3e08b2a4f36	986	1780	167	31	confesses
945a081b-c5c7-4b18-afe5-512f8cd14bcc	986	1780	167	31	,
bcfbf309-a4f2-44f7-8d2f-9252e0dc2790	1156	1780	112	32	383
abc8ed6b-cda9-4bf6-8b6f-bc6933082f69	1156	1780	112	32	-
17a9ba36-15ee-44d2-bf33-ced35f0b2547	1156	1780	112	32	37
b1891c83-c306-49c3-a708-ead2dc5c33a5	1156	1780	112	32	.
fe063d8f-be33-42d1-bc3b-26096b6623d1	719	1805	102	63	Secret
22c805f7-c5bb-450e-8662-8c2baa4c8d3d	829	1805	63	63	to
3bcc8eaa-2348-4fe4-9d7c-71a0128561e9	900	1805	94	63	winter
ceea6e4d-9f94-4c03-ac5a-d254fb324654	1002	1805	55	63	of
e0a8c28c-c767-43d5-a387-e83d36f58d21	1002	1805	55	63	,
a5b691a6-7f0b-45f9-8c23-b4ad25ee46f0	1065	1805	47	63	39
050c1689-c63c-4b9e-97d7-d5ab2a570473	1121	1805	53	63	2
46f14249-15b1-42a5-8b96-093ddf23abd9	1069	1836	52	38	of
ea00a64d-056c-4209-8f97-991f8ac0d64e	1126	1836	114	38	Akish
507504d0-4cd8-4af6-b585-8c1e310061e8	1126	1836	114	38	,
471d0676-366f-43d7-91f5-22a584668251	1245	1836	118	38	492
2c8cb1f7-0f4c-4b07-be3a-6c8b7deb8696	1245	1836	118	38	-
6c5f6d29-1098-4adb-aab9-ee8fb4b5d42c	1245	1836	118	38	13
3f86aafe-e99e-439d-aac7-e9dcaba2276e	1245	1836	118	38	.
18765d62-5035-4017-9d5d-4885bc696f99	744	1860	64	35	See
68695d32-92a5-4eb4-bda8-dbb97128906e	812	1860	73	35	also
241fb3ba-1db9-4aa8-bd01-ca628eb09d99	889	1861	170	36	Gadianton
cc1ce51f-6391-4807-ab54-2d4d74334244	1063	1864	146	36	Robbers
77003a15-6f4d-4f2c-9ed9-f7e3a83697eb	1063	1864	146	36	.
f4e15e46-09f2-4a4e-9407-d2571a3c5b4f	716	1890	90	38	Seed
996801a8-76eb-44f7-96bf-4fd5ad4927bf	716	1890	90	38	,
a659a466-bd0f-47b0-8483-9c471e597be2	811	1890	57	38	the
1e6de1c9-c46f-47b6-bcb7-07e058919932	873	1890	86	38	word
ec9b49f5-a612-44fa-b309-b01ed9f54e0d	963	1890	157	38	compared
b787d51a-f22a-4109-8b24-81999fa9baec	1125	1890	47	38	to
4a0cebe2-d5af-493e-9384-05ce649b06a5	1125	1890	47	38	,
bf73ffe1-290f-4ad8-bca1-5f151a6d2cd5	1177	1890	117	38	278
ac686f93-aaf1-4783-b2fe-0991a58917f7	1177	1890	117	38	-
d32822c3-2004-457f-bc52-a50c22165a90	1177	1890	117	38	28
ed9274a1-b97a-458f-989d-36c47dca0fc3	1177	1890	117	38	.
a8ba73c5-83cd-4b11-8ad1-0238b4367362	716	1918	108	41	Seeds
6dd3eba3-57b5-420d-9b52-c8119e5c16f0	716	1918	108	41	,
20b3dbc7-44fe-47ca-976d-1d35928efb91	829	1918	41	41	of
c30546ee-8a21-456c-b823-796a1cfc12b3	875	1918	97	41	every
d849f0e4-2734-4cdc-9e05-fe4933b49aa5	977	1918	92	41	kind
98048b93-0eb3-406b-9cb4-9f639b11e580	977	1918	92	41	,
9f4d75fe-3637-4b6a-a846-a654216e055b	1075	1918	123	41	carried
6a8038d3-a26a-42fb-aef8-dd16aa9b92d8	1203	1918	51	41	by
c61ed26f-288a-4431-ab8e-14e28bd478b1	1259	1918	100	41	Lehi's
e38f5e34-b83f-4b06-b31c-9f167d9d512b	745	1950	98	60	Echis
91a26aa5-1143-4a33-813b-426bc48add56	850	1950	120	60	people
2970e395-421c-4792-8bef-295e6d003eaf	850	1950	120	60	,
cadc7db1-0491-43fd-96be-3a87dc53d117	977	1950	97	60	40
9cae5886-c77b-45fd-9cd4-7898c79368c2	977	1950	97	60	-
86a2c6c0-c5ec-4d60-9e54-2c3e7c23da87	977	1950	97	60	24
7eff05ca-4fbd-4e7d-bee0-baa55de3230b	977	1950	97	60	;
2da4ec63-c187-44af-b637-c79751da5695	1082	1950	90	60	39w
3245bd96-4edb-4af1-bb98-ab979adf1d42	1180	1950	52	60	By
2634f756-90b2-4797-8c34-d07ba5655f01	1240	1950	120	60	Nephis
5871e76c-4249-41ab-9cdf-74cd087adba9	745	2004	114	38	people
2e5003f1-aa30-4bad-a019-c684dca6f4ac	745	2004	114	38	,
1fd81ae4-4069-41f3-8a4c-61c019db5009	874	2005	119	36	60
7a17f229-be25-48ba-80fc-2bce230f7c6e	874	2005	119	35	-
7a98ede2-2caa-4a1d-b5a2-1bd59d79e14d	874	2005	119	36	11
ab7edba9-e205-40f7-acb3-08c0bd9b3c77	874	2005	119	35	;
0f760096-e2f6-4bb3-803b-a0f7f4dd7d54	997	2006	136	35	carried
25775274-a637-45d8-b907-60aa992a54d7	1137	2007	60	34	by
37fcceb4-bd80-4ec9-9d0a-225fa6dd2646	1201	2008	159	36	Jaredites
3703cf24-ae22-4931-982c-8d4d75904e0c	1201	2008	159	36	,
933f37cd-b44e-4f16-90e7-af8040210c9d	744	2031	114	44	480
98035a42-55be-48b2-a3a5-67df7128c868	744	2031	114	44	-
fcc0ef81-8083-4511-9a1e-993ec3fcde7e	744	2031	114	44	41
e76ab69f-89fb-4934-9d45-fe506d479fcc	744	2031	114	44	,
8aa22437-9f74-4f68-92f0-959a84ff33de	862	2030	41	42	3
15bcda1a-26eb-4daf-a5a4-588eb4302e46	862	2030	41	42	.
