ID	X	Y	Width	Height	Text
51fd2db3-1e3e-46ca-bee2-67ca49c03f2e	44	85	69	32	566
5ded2741-7cb4-4150-9a6c-16e0756f064e	621	74	149	42	INDEX
ef941620-18c9-4de9-a0ab-c8c12dd1330a	372	142	60	32	as
e67231d1-100e-434e-a061-e2e2d65adf36	436	142	36	32	a
39b2edec-c3d4-442e-a865-2c193cf00fea	476	142	155	32	visitation
c9d42798-f69a-4293-a58e-7042a288123e	47	148	99	57	Thine
29506797-2d10-42f9-a024-aa59672544d5	154	148	36	57	or
25004fcd-1451-4aa4-941e-dc66c99a918e	197	148	135	57	Christs
c401cce0-04c9-40bd-82e2-87a61594b551	339	148	100	57	death
2e8d8fc9-1873-42fd-97b5-c507deb8d6c1	339	148	100	57	,
a5105b9b-0da1-4152-8dfd-a4901d4a302c	446	148	85	57	20.4
31ab5f3c-44ed-4c25-aca0-605bfd76bd62	446	148	85	57	,
9c1776fe-4b22-44fb-9aa5-dec4b896d359	539	148	107	57	4210n
076e7fc3-078a-4e25-b59a-218917430961	539	148	107	57	;
d1f473ca-3c19-4b7b-b51d-8d80b95def39	653	148	29	57	to
eae92285-01a5-4d84-97d8-595a1a83423f	634	142	52	38	at
8fa0e2a7-57ca-454a-9765-f90248438026	691	142	14	38	|
345543c8-d520-40e7-8b42-6f7d5497dda9	710	142	147	38	Unbelief
a9c8ebf3-8c6c-4614-847b-c1df318e36f2	710	142	147	38	,
5aa9cabe-8a86-475c-913c-7644bbc23db3	862	142	138	38	inability
6e5d49f3-fc8f-4e6b-acd7-20d9b30ff389	1005	142	33	38	to
3c2bb613-9e62-44a3-af11-a30850e11a3b	1043	142	185	38	understand
f2954fc4-920b-4d07-bc4a-53ac7c4167a9	1232	142	124	38	because
b3cd57ac-e6e9-4869-9718-3e84f5c285c2	798	174	109	38	184
5093c23b-6bc4-4f5f-babd-1967b629084e	798	174	109	38	-
7e8435fe-7297-4244-8122-5bbaff76325e	798	174	109	38	3
e9236cfe-c7af-41a6-9a97-b7adcbc1e535	798	174	109	38	;
3efe8504-21df-45ca-abab-6f06bbbcc3dd	912	174	147	38	miracles
bbff6157-4a22-4231-aa0c-2968a993ce0c	1064	174	100	38	cease
b1992c80-abe7-4013-a110-e8c13f449792	1169	174	138	38	because
1980afe0-1a0d-4a3a-beec-5ce873038704	1311	174	49	38	of
67711b1c-675c-4edd-b1a6-129716b88460	1311	174	49	38	,
af19f968-5351-4f3a-8eac-b892b36e3886	76	205	47	25	be
72d31f19-51df-4388-8d42-4840b0ca3c58	126	205	122	25	visited
17772e85-2203-49c8-9ff5-036738b17b76	251	205	91	25	upon
2cf5c4b8-5450-411e-9530-1eee785e44a1	345	205	69	25	the
006e4125-e6fd-46e2-9f2b-746b6130bbb8	417	205	128	25	wicked
ae217944-b3cb-41b7-8e6a-22542944eb71	417	205	128	25	,
5cbadc7b-725e-43e5-96e8-d60a9504b059	548	205	97	25	93
1bac6668-d817-4e20-ad1d-010ebaedb1e9	548	205	97	25	-
73480164-daa3-4cdf-9c20-ca9a5da43d15	548	205	97	25	6
5b3576d1-870b-43d9-be9d-51f1613f7174	548	205	97	25	;
34e45fc2-2cad-4731-a5b5-c369b864bb97	648	205	34	25	at
afcd2e53-54f5-4ad2-af02-f3ff60be7ded	741	201	114	34	514
5bef9ed7-10c4-408b-aa69-aceda494bdf3	741	201	114	34	-
a467f047-11f6-49da-a313-d675f86622f2	741	201	114	34	37
863ec38d-a1c8-441c-8e56-b3133d220a1a	741	201	114	34	.
c1a0790d-e395-4a27-9a05-2782c1bc74c7	76	234	88	28	death
c7baaf6c-4ece-441a-ab9d-905738bb43c3	167	234	38	28	of
bc631bad-24cf-4f0c-b6f9-fd0bfac9de1a	209	234	112	28	Christ
b06f7468-8fb4-4ab5-834c-25f9261e6fce	209	234	112	28	,
dfbd07a3-4765-482c-a42b-40397067a8fb	324	234	98	28	415
01063892-67bb-4b9c-8049-c30aed43788b	324	234	98	28	-
8270a046-4c99-48cf-a977-872c4b630cf1	324	234	98	28	6
be6d97b9-1353-43b9-a64d-244a3661f015	324	234	98	28	.
ff0cf9fb-e60e-40b0-84f6-418ac6204d1d	713	227	231	41	Unchangeable
a8585ea4-0b10-4d1a-a6de-6a30067d4652	713	227	231	41	,
ddfa4ca4-09f6-40b7-a1a0-0bdb8ee0a885	949	227	108	41	Being
d3e3cf8a-2793-4632-8a82-0563a455727d	949	227	108	41	,
0bd6bef1-0b3b-4ca2-95a1-0a25e2c8c10b	1062	227	56	41	an
771e474f-d56d-45e7-81ac-f35295126fa7	1062	227	56	41	,
10d03c69-f16d-4041-90c6-9c9cdc99ffe0	1123	227	118	41	476
42219b56-e186-4b29-a715-81afdd0a4df6	1123	227	118	41	-
3732109b-5db2-4538-afc6-629ec95d2895	1123	227	118	41	19
2c07ac43-0bdb-4887-8c91-6fd1f9dd01b2	1123	227	118	41	,
a43288f0-f3e3-4c3f-928b-22c92c6b3712	1246	227	114	41	517
e6cbdc9e-7be6-4e47-b256-771fd7a911e1	1246	227	114	41	-
2b309437-2682-42c0-9c0a-eec3569fff2e	1246	227	114	41	18
2dc4469c-aab5-4041-80aa-f52348d3fce0	1246	227	114	41	.
645e651e-fdc6-478f-92b0-37797068e749	47	256	117	95	Times
836836b0-2159-454d-8517-821f52a16c20	176	256	59	94	i
20c27839-ecda-44b0-a447-f63656dc80c2	247	256	141	94	curious
fb7f49dd-2fd5-4dea-8d51-9dfc23ade284	400	256	70	94	or
2f3c9fdb-b9d7-4a77-8a2c-8fde5a9e85de	482	256	153	94	mashi
5d8c5fa7-09cb-4175-a80e-789af0741af2	482	256	153	94	,
bc231965-538e-44bb-a7ac-4428739a454f	646	256	38	95	in
4b44d769-5ee8-4d85-9b76-9649faa0304c	716	258	142	36	Unclean
dd244110-9fb5-4041-b03c-850fe1a13704	716	258	142	36	,
c57f9c9a-9ea5-4d3f-abae-59aa9ad04e15	861	257	152	36	nothing
82c3b168-b951-498d-b179-bc100d412ee2	861	257	152	36	,
fc1704e3-3a4c-4062-a739-19c32c20b201	1230	259	47	38	of
3ecf1734-c079-4eb9-a0aa-2f4b550e54f3	1282	259	81	38	God
c42b9241-a8ba-463a-91c9-9d8231fb1531	1282	259	81	38	,
552f5c7c-3641-4f85-82d8-5ceed42173ca	741	287	85	28	17
e4bb2852-7564-416d-9f0e-075f838cb240	741	287	85	28	-
c1c49cac-c9c6-493b-ada1-75311e2c020b	741	287	85	28	21
171edf96-e5f5-45a5-88ae-01d4a9312d0b	255	305	141	38	curious
3571aa19-f3b0-4e39-aa40-4b0a39a4ab68	400	308	246	39	workmanship
50debacd-e038-4f91-9c63-4529eaf3a72b	400	308	246	39	,
cf71b25c-0d8d-4aa0-b090-82b159d58b0c	649	312	36	36	in
2c9b4ca4-9b28-4ec6-9a07-e9db0618191a	713	287	221	63	Unpardonable
abe16989-1083-47c8-bab3-6381ef5237fa	941	287	63	63	sin
29531942-99e5-4bca-beca-1adc283f779f	941	287	63	63	,
28c7b8a8-a9ab-4c8f-b2bb-24641938d8e1	1012	287	118	63	224.29
bc417ae0-a2d7-4c12-811f-147e7a07ba6c	1012	287	118	63	,
f27b36b5-93ad-4547-8ddf-ed6b61fdab82	1138	287	55	63	293
96fcd707-cc1e-465c-becb-5de873221830	1201	287	29	63	3
82a6d1b8-2740-4afb-ab76-2d81501e2d9e	1201	287	29	63	.
26ab7902-1a2e-4111-8551-e1d626ccbc8a	1196	287	120	35	380
b06a2f1c-2dfe-428f-90b5-922f105dbb27	1196	287	120	35	-
9803f865-00de-42ab-9f2a-789914978dd7	1196	287	120	35	25
a7e9d737-a5e6-4eb6-a7e2-1d6dbc209249	1196	287	120	35	.
ce2d4d72-8ce2-40e5-97ba-82257d57f70e	76	344	133	29	building
a9bf4204-ff12-4898-bb87-9a23bce3dcd4	212	344	63	28	the
21cadd98-56bf-43cc-8d9e-5832fb89583a	279	344	81	28	ship
f085bca3-5e8a-4846-99db-f6591a4288ae	363	344	56	28	for
c07dbe0c-8e48-4a8c-b848-f8f54a3c2b4f	422	344	109	28	Lehi's
fcbb5877-2365-4049-8759-631577f33ae4	534	343	150	29	company
8a6675cd-8f57-4398-b73c-cf479344b490	534	343	150	28	,
86973ba7-77a7-48ed-a625-2d661e5c03ae	73	369	81	38	38
b207cfb8-cd7a-47eb-817d-ab2ec626d991	73	369	81	38	-
db431d21-6578-4e54-a625-39db81e7e490	73	369	81	38	1
53f5d069-9433-44bc-9195-6d128c434905	73	369	81	38	;
7c355859-e3b4-46d8-aec0-dc452496d9a7	159	369	52	38	for
dcab991d-34f0-4a11-a3fb-2f37c70e1e4f	215	369	124	38	defense
502b5832-0020-4dce-b5ec-cfab02a4f7c5	344	369	33	38	of
d79d5f8c-dbc2-48d8-9bab-7416abfbac81	382	369	100	38	cities
2bec816b-c14f-49e8-8819-ec7203d172f6	382	369	100	38	,
bd2d6ad2-2906-4696-8d14-e5d9add03a6a	486	369	100	38	321
98e0ba1c-822d-4dfa-ae6c-9d86502c2978	486	369	100	38	-
03199678-17fc-4884-aae4-6e08ebd4ecf2	486	369	100	38	2
45b9de22-5e1f-42b7-8be0-b3da42623f32	486	369	100	38	,
a468788d-88fc-460e-8eec-33df60cef5b1	591	369	97	38	331
8d722eb6-a948-46f1-b4f9-af4479c8520a	591	369	97	38	-
2c2312c6-5540-4cbb-9fba-0b78970438b6	591	369	97	38	4
7d798a1f-5f0a-4169-8821-8d08b6caf73f	591	369	97	38	;
3d50cf66-923f-4fb4-a99d-9f07dc0ff53e	716	372	155	32	Vainness
e3c77e2e-8788-48c9-8c33-ab2c9139af79	716	372	155	32	,
dc38427a-bcfe-4e93-9fe5-b28289e41d4e	875	373	62	31	and
964052b8-6259-49cf-a4bc-6a6d5eab4220	941	373	132	31	frailties
6b1f0578-c027-4b8b-8069-3d66c4de6a5e	1076	373	62	31	and
5a0326d0-e85f-4a0d-88e0-e37bd1a129a2	1142	373	178	31	foolishness
373aa4cf-9d77-4f9a-aea1-dcb8371e4a08	1324	372	32	32	of
7256fa53-7d8e-4738-83e0-07577f124376	73	401	70	35	land
15b0d6ca-c643-4432-86a8-d959141495ee	147	401	136	35	without
6c3c920a-8b36-4d76-b0f8-62d4ec8e3fab	147	401	136	35	,
7cee794a-51af-4f04-a647-5997d55a41b0	287	401	105	35	363
6f439a8f-5b4d-4ecf-8ef5-1f3e78d0a74a	287	401	105	35	-
23a198b5-23f3-4168-9e6c-e9fe5c415b7e	287	401	105	35	5
bd069212-e660-49f2-9441-3e5beeae29dc	287	401	105	35	;
08ec84fb-1352-43c5-b8ca-453df149197a	397	401	131	35	attempt
86b88027-2e0e-4195-ad94-249e1d055232	532	401	35	35	to
3fbf49f4-4898-4ee9-8e2e-02cd66728efc	572	401	116	35	restore
0c1649d8-2583-4a9e-a15c-bfb7c9a757bf	744	401	84	29	men
6a9d7927-be45-4d88-9122-f5d5ff342747	744	401	84	28	,
acb3f48d-9b0c-479e-a06a-37cd4776d4f6	832	401	96	29	69
70eb16bd-f04a-4d0c-ab6f-5494017b6d4e	832	401	96	29	-
604b1db7-4085-4e4a-978a-96b4ae3da46d	832	401	96	29	28
ff77c1f2-714c-475c-9534-319b969df9b2	832	401	96	29	.
d21b1d0e-9c27-49e1-91fa-274af7c314d4	78	433	117	25	growth
885b5031-5cee-45df-b5e6-dfc43fe45fa1	197	431	44	22	of
b13e12b9-5475-4022-88d3-e0116e265cb1	197	431	44	21	.
4d9ce30f-cd0c-49a2-9f59-f224852c4f61	237	429	114	32	364
c2fdbe29-adcf-46d5-b313-8807b1945e1e	237	429	114	32	-
ab342027-1334-416b-b1f7-33311b258fd5	237	429	114	32	9
31f0deee-4be9-4e7b-a7d4-6b1006acfa5f	237	429	114	32	.
1878c453-d19b-4b0d-9375-0f5e5bd34eb3	719	426	114	38	Valley
622d2d38-d6ae-4ba4-b566-cc8c67e57558	719	426	114	38	,
7163d682-87e7-4d67-93fb-d6f9180a6c29	838	426	33	38	of
67c2b929-f9ae-4d58-a04c-9a151100efc4	876	426	119	38	Gideon
ec8c60d1-2d76-4c86-a82e-3e13381528d0	876	426	119	38	,
8ff248b1-e27c-4e3f-9f84-4c48765bb1d7	999	426	71	38	etc
f460e6bb-9fbe-49df-9081-ddc7a5910dff	999	426	71	38	.,
06e24057-ea39-48c7-a684-bfcd1eee8869	1075	426	52	38	see
73533959-92b8-46e8-be89-aa29e43500b9	1132	426	123	38	Gideon
21413dc7-850d-4f10-9493-efca384ce3a0	1132	426	123	38	,
a67ef26b-c7e3-4fce-b2c0-72c1be6be93f	1261	426	96	38	valley
3ae936a8-400c-40bb-8cfa-eb3960d6ee88	148	458	145	28	Nephite
d7c09cbf-5d83-432c-8447-f80df772cc38	303	454	176	38	reckoning
23a1a8f2-14d2-4d0c-9246-a14f72727f4a	483	455	65	37	of
e1663a22-1db4-414e-9189-a176f29fca8c	483	455	65	37	,
c2fd7976-d9a8-423b-9377-53feb0a653e6	553	454	135	38	changed
a8ded54f-a62c-4408-83a8-cb47f3ad4e05	741	454	51	38	of
dc8f0ed1-bef9-4e00-bfce-b2ace02bd1a5	741	454	51	38	,
ae07f5fe-fd4e-4e8e-aef7-87d1910fba16	796	454	65	38	etc
90cf5035-bc4d-4108-9757-cd3e15698537	796	454	65	38	.
46b53fd5-f7c8-46c6-9c02-7fb907a2d868	73	486	84	35	after
8e37d0e6-c356-48fb-ae0a-1c699a8e010c	161	486	131	35	Christ's
32e18f97-c5ec-43ef-a1cc-43bf8aeefa50	296	486	96	35	birth
9133649b-109b-4e52-b888-f8bb54517214	296	486	96	35	,
e1823ae3-e733-44e0-a5c7-38745fe91a20	397	486	99	35	402
266c98c2-296e-4245-af89-3703d935eafc	397	486	99	35	-
f437af58-ee83-4cab-b9bd-1a268f954392	397	486	99	35	8
5ed65e18-4667-4a3d-88d2-e9abddc54042	397	486	99	35	.
f6585515-d114-49a7-a970-8652d9d265f4	716	483	114	38	Vapor
06b7f8af-f2c1-431c-b732-64e83452536c	716	483	114	38	,
257331f5-fc9f-4e44-9c18-4e35fee0e884	835	483	38	38	of
728949f6-5849-445b-8d6d-1d9cff868245	877	483	162	38	darkness
4bdad795-2710-4e0d-a2f9-51338dbffc43	877	483	162	38	,
5a4eed28-81c2-4e15-9601-c4c9215fd978	1044	483	100	38	Israel
0f2284a4-c5eb-465e-a535-37b254fae78e	1148	483	43	38	to
26f1679f-84ba-4c72-b7c5-af038447116b	1196	483	48	38	be
801980e8-9866-4d2e-913a-ed48fb3778e3	1248	483	109	38	visited
0269af70-183f-4a4c-9a7f-bd8080c71a75	54	518	147	28	Timothy
54561453-6e34-4b95-82a9-491f184f6e7b	54	518	147	28	,
9dc8591d-9e54-4a91-9da3-9f00dd74378d	204	518	158	28	grandson
b39640ea-f9a3-468d-843f-26f1c088108d	356	511	56	35	of
90c1897c-a917-4928-b49c-7d0924d2df6c	417	511	162	35	Helaman
19cfd6c7-6752-47e1-b8b1-7daf5cf9221d	417	511	162	35	;
71e00439-4e29-46a6-bcd7-e9ac07b57868	583	511	104	35	raised
1df13e09-de24-4809-847b-90b31157c5c9	745	514	85	35	with
b7dc0d32-95f4-4959-a751-4f035cf1efc1	745	514	85	35	,
dc286970-c856-4a85-9082-402216c21c1a	834	515	98	34	42
9cf94d44-4be3-491b-bae4-34869e5cbefa	834	515	98	34	-
3328c1ff-a814-4cbb-9fbf-5506e77f5a16	834	515	98	34	11
8cfeef37-9a0e-40fb-bf16-63ae27a84acc	834	515	98	34	,
f9ee3cd4-23e3-42b3-a7ba-aa98433acaeb	936	514	86	35	48
cbc9bc7b-ae19-4fb3-b036-fba4ded626fe	936	514	86	35	-
2cceeb34-8015-4174-a0d4-df75d641b688	936	514	86	35	18
74079ff5-5d6d-4b11-91c7-549ed913586e	79	543	81	28	from
6d92017e-f415-4209-8f8a-9dc2e36ed63b	163	543	59	28	the
e167a413-7a40-4aea-b82c-32f9ecc4c7dd	226	543	87	28	dead
053eb824-4c43-4761-909e-2002d6d1d1a6	317	543	52	28	by
4ca44cfb-50e2-42c8-a46e-b96f3c9d6d18	373	543	59	28	his
616b75d4-bc42-41ad-8c53-764b6ac423a7	436	543	132	28	brother
c97988da-8bde-4afb-bca9-b87414a353ff	436	543	132	28	,
ab319953-9099-4f68-aaa9-fd5c7300a9a4	571	538	117	37	Nephi
c01b33db-c7b7-472e-84f7-96ed73a0d1af	571	538	117	37	;
c3251860-43a2-4597-988c-780b7ef8b725	716	540	214	38	Variableness
48426d6a-b167-415f-a3f3-aeeef5568895	716	540	214	38	,
5e15898b-c500-4b9a-8e09-724585e2a5c3	935	540	43	38	in
c2c6d12d-d6f3-470a-88a8-09b0162f649d	982	540	81	38	God
9c39671f-920d-4ff7-8a47-9a76b8a73170	982	540	81	38	,
b53a8cf7-0863-42a2-a0ae-8f446c51a3fb	1068	540	57	38	no
c05cf1c6-e63b-4437-b234-457aecf5a2cb	1068	540	57	38	,
f06bd53f-c44e-47e0-bfae-37a18912edae	1129	540	98	38	476
cb47ceab-e811-469a-bca8-f29a366d464d	1129	540	98	38	-
11657f8d-8b97-4b54-b7c0-7c502c3a6086	1129	540	98	38	9
913072ee-71b0-4278-b994-790593f1d2e0	1129	540	98	38	.
e624527d-b480-43af-acee-8c4b0682432b	76	568	60	32	one
f403a38f-570f-45fa-bfef-9c4dab1345c5	140	568	40	32	of
b0e38316-5f2e-4406-a235-99eedf391c8a	184	568	60	32	the
5d0b8cde-ba69-44f0-9675-0501055ed5e9	248	568	112	32	twelve
3b681d3c-a193-4b28-b609-16c7beab1aa5	364	568	152	32	disciples
86ff32da-b2f8-47c5-85db-f4044afca36d	364	568	152	32	,
00f0c10f-57eb-4c71-827e-ed9ebacda566	520	568	95	32	437
8ea174c6-a0b6-4e6b-8f8a-4ecf14b19b49	520	568	95	32	-
232cdf73-cefa-421a-aeae-0b108308f219	520	568	95	32	4
30138abb-e2b7-452e-a62d-4063521772be	520	568	95	32	.
ad6a85b8-2443-4913-a1bb-cc9cad47350e	47	598	98	66	Tithes
955de0e5-34ea-462c-b316-26ae2a64236b	153	597	90	66	fide
4535863b-2eb6-49bd-bf94-099adacc6818	250	596	82	66	Lond
6dffbc0c-6e1d-458e-a142-c993e3725388	339	594	115	67	robbed
306fd723-be67-4695-befb-666953fc82c7	461	593	17	65	o
fe7d342d-8420-4ca7-89ef-9f3447d94c1d	486	590	206	68	elchizedek
579090d7-b822-4b39-9320-ced5ac196a95	486	590	206	68	,
88e852be-dfc1-43c4-9ed7-86692b855157	461	653	18	35	-
a51e624e-50d1-4adf-8427-94c5d60c1dfc	483	653	131	35	Moroni
5f2ae056-7e44-450d-aad2-3f1124027f7b	483	653	131	35	,
40f1642b-1e40-4a0b-a1d6-f66bb892c1bf	619	653	72	35	310
44a73b97-8c03-47a6-8bfe-b094d0dbc1ad	619	653	72	35	-
78d8ad88-f04d-4a9e-b6aa-c068086f4580	44	650	82	73	Title
46a1c9a1-97fc-43e6-b2c2-75e8b86540fb	135	650	27	73	af
dd0a36a3-efc5-48b7-ab0f-10cfd5b8347b	172	650	128	73	liberts
0622cf36-7a42-4fee-9e0b-43bc6f35e273	309	650	110	73	campd
db38a909-ce83-493d-a8b9-b0ee999e41a0	427	650	36	73	bt
569dd7aa-82d0-4f15-8493-6ae7dce7e88c	473	650	137	73	Morost
361c1334-8e4e-436b-a801-d73a77ba5349	473	650	137	73	,
9111966a-c968-4192-8e5e-a867cc153743	619	650	72	73	316
fa9f6d03-b29d-4cb3-ab95-24b70c809bf4	619	650	72	73	.
101f6a04-b7e1-430c-b251-a74b31fa00c6	743	676	134	42	351
a759372f-1bf3-4f2e-b403-bab59e1848ac	743	676	134	41	-
f8bf5259-6122-4dd6-bdd4-e90b57c06799	743	676	134	42	24
42626cbc-69e5-461f-b132-0014d7612fe3	743	676	134	41	;
5c488cbb-6877-4139-832c-61c28c4138ab	879	685	59	37	the
68d4839b-1023-40da-80b1-46c343959aa3	836	656	105	57	wae
c47f8094-1be8-44e3-8498-9f068ea03441	948	657	133	56	virgine
413515a4-aee3-465f-bc29-1e9d3a6596fa	1088	657	42	56	de
2b77f9d5-7826-477f-9491-bca4e7331b6b	1137	657	147	56	precious
ac208a3c-7be6-4c64-8d0b-0d1858fd5930	1291	656	69	57	and
c392a64e-506b-498a-8a40-ce1f0c2ec551	47	741	148	36	Tongues
63377d7e-04a0-4600-b05d-20d6185a7f35	47	741	148	36	,
836fea3e-6233-43fb-888c-6f499fe73567	73	738	119	63	sued
35c12c62-78db-442c-998b-49280cd53abb	73	738	119	63	,
aafa5256-71f7-45bc-aee2-6b975fb9553e	199	739	79	63	44ft
b4cd526e-ecfb-445f-97ae-9cd231981bc3	286	739	63	63	of
611ece16-ab37-44bc-9f32-570f5e3bda08	286	739	63	63	,
4d5548a8-0594-4474-b05e-dcfaacbd1000	356	739	126	63	217
c9453bf4-8383-4927-ac0c-c76805a09601	356	739	126	63	-
0e854ce2-7c85-4b3b-8a15-a4eebb418054	356	739	126	63	21
cfa3a8dc-423d-4414-9eef-e07d9c0ee026	356	739	126	63	;
e93b5e93-ff2f-4c12-9e79-c0f3c2d1b0de	490	739	47	63	of
32c7cb49-57ce-4a53-ad3c-d0718a53764a	545	738	142	63	children
d5415a96-8b95-4dac-8629-6da4f9dfbeaf	47	798	105	39	Tools
dcb73b92-0561-4b53-baf5-dac61caa03b2	47	798	105	39	,
02a8c8c3-bf1f-445d-93e6-c203b60bc1e1	156	797	109	39	Nephi
2fc3bf2e-c49f-46c9-8fc5-70265969db65	270	797	95	38	finds
c7a35ebc-d48c-4f4a-8202-4123fda57d0f	370	796	62	38	ore
b9ac0f1f-0740-4b88-8813-ed1a12086ecd	437	796	48	38	to
73dc73da-104b-4cd5-ad23-85970a5fa4f9	489	795	109	39	make
738ede59-a457-46b2-8315-cfc6e152c871	489	795	109	39	,
f43eec8d-ccf3-45aa-ad3f-5e0886cfb516	603	795	85	39	34
98442e5f-c6eb-4031-a67a-ce388a490429	603	795	85	38	-
7a33585d-bb8b-4ca3-8050-11a358c226f5	603	795	85	38	9
9ec64ebf-129e-4610-bb6c-43421685755a	603	795	85	38	;
bfeb9ad1-64ab-4773-a56a-aa77ec27e2b7	73	827	114	38	among
ac296271-364e-4cf6-98e5-6dc7f428ed4f	192	827	166	38	Nephites
aa2c5488-ef3d-44df-a3d9-fad02ae8efeb	192	827	166	38	,
f9d544d3-26cf-4423-8eb3-e04dbc4e2cab	363	827	109	38	128
275e6f6a-8c0b-40b0-8291-5c54d0ccb249	363	827	109	38	-
5c202ae4-e7a6-407e-9654-b1364d3553b8	363	827	109	38	8
035448f5-5a32-4d65-ac70-0f5670d88797	363	827	109	38	;
4f16d684-96cc-4a76-9467-2edbcbfbdc47	477	827	123	38	among
a42bbe22-58f6-4bd7-a3b8-3daf334c596a	605	827	83	38	Jare
852ec6a9-8d27-4e74-9dc8-46762a222e31	605	827	83	38	-
83ec7757-4faf-49e5-a5e3-8233a8be12e1	76	858	89	32	dites
63a15ae0-6ac4-42f9-975f-1dc6e71d6341	76	858	89	32	,
301bd49f-6852-4f92-94df-85b6d1c9d1e4	169	858	118	32	498
3cc56a71-0889-4012-9b1a-da46593160a5	169	858	118	32	-
a09408cd-30c2-4a92-834c-63f8aa1e8383	169	858	118	32	25
ac228bc3-03d5-4398-b59e-458025bb7d21	169	858	118	32	.
994c321e-2acf-483a-8240-0077e9d95c0a	47	937	112	41	Tower
5ce3ec57-0751-41e4-bc25-62e2af06164b	47	937	112	41	,
56981aea-a8a2-4f73-843c-1d6e1f4a8c27	165	938	113	41	colony
0f67bb06-83f1-46c6-912b-5872a8257ff3	283	938	36	41	of
82382e5c-9744-4935-8392-4a0f41b97a05	324	938	97	41	Jared
44eddec6-da79-4664-895e-69c947b9e19a	426	938	92	41	came
4ba5106c-8d01-49f6-a982-175586e3079c	524	938	92	41	from
c58238e1-e356-413a-903b-26201799ba0d	524	938	92	41	,
76e822cc-f502-4cfb-a4eb-455ec5b371f9	621	937	70	41	131
79bb22c1-56ce-4171-a2d3-d486ac956646	621	937	70	41	-
4b686ee5-998f-4567-b34c-fedc1534bd75	73	966	99	66	cient
956ed0b0-7a07-464b-a247-1b309c346761	180	966	74	66	high
84cbfcbf-ac67-4426-a07d-6ce32bba1640	263	966	41	66	to
d0760639-e10e-4ee5-816d-7794cfe6ae66	312	966	83	66	than
48cb5245-d7f6-4c3f-b81c-e2ba254ba8b7	403	966	33	66	eo
e0dc53bd-ea76-4653-8459-455b6af5acc6	444	966	124	66	heaven
c60ff025-21ef-4931-9ad0-ed1c1a1bbac2	444	966	124	66	,
7397a9df-474b-4c44-b58b-d9e22fd4a823	576	966	118	66	37528
1db314fc-0592-4c4e-afa5-d6f3ac7ae40d	576	966	118	66	:
fe2c89c1-09e7-47c7-9042-6585279615fc	73	1022	52	69	the
83516363-6677-43b3-8a5c-83737aef2012	133	1023	43	69	Dr
fd6f8a42-e971-450e-bee1-27ad361c6300	185	1023	103	69	136
ccb0bafe-7415-4a6a-aef4-adcdedb3f896	185	1023	103	69	-
21dc56df-8d77-43c8-b411-ce1b20e70ddd	185	1023	103	69	17
11d1cb65-7f27-4417-bee6-473aee833c1f	297	1023	104	69	ment
cecdf995-0fd5-4f80-9074-996c06fa2067	409	1023	60	69	ted
88228872-2292-45c0-9cd8-e464be59883c	478	1023	78	69	over
3bb8a888-b586-4dca-8e41-9f361546642c	565	1023	43	69	Ta
1cb6e5fa-21bd-4d76-a21e-63b2b64d7526	616	1022	78	69	Man
e9bf405a-57f7-4fc1-b0d0-bee29dcf815c	616	1022	78	69	:
c40f3867-70c5-4371-bb59-712232bc0d96	73	1082	72	38	ites
80b2578e-a265-4fbc-8a6e-ce34578af2fc	149	1083	100	38	from
38fe36fd-5be5-4596-8d34-7c4a0e7dda37	149	1083	100	38	,
01f71f07-4508-46e7-bd93-027aa1cd2025	254	1083	109	38	172
c64675ef-c94b-460c-a2c9-edf261a86a6c	254	1083	109	38	-
2a660181-e3a9-4b0b-bb84-747ee306c8bb	254	1083	109	38	8
bacc6d0f-2722-4466-a323-8d2d1a701cbd	254	1083	109	38	;
affe4a3b-2545-453e-acf0-c3dcbb32ea8f	368	1083	143	38	Nephi's
ae2d8067-fefc-46fb-a699-81db96081712	368	1083	143	38	,
7e979237-bc8b-4eba-bdf8-ab332267e6ac	515	1083	48	38	in
54338e48-aa9b-4b47-b446-3cfae4c2089d	567	1082	124	38	garden
900f5c6f-d1c7-4190-a14a-94adca657e92	567	1082	124	38	,
56188a57-a6b6-4712-8a77-53523249d0e7	76	1114	114	35	377
3031e13c-2e6e-406a-8e73-e54dc6053000	76	1114	114	35	-
d20eee53-85ca-4869-b5cd-2ff300b01b71	76	1114	114	35	10
e6f1cae2-0cdf-4b54-a2f0-0f3dfae76d71	76	1114	114	35	.
a4f4a2f8-7955-4e06-bcac-a8caadc336dc	47	1139	131	35	Towers
c78a4f1b-741a-4533-9394-625ceb059cce	47	1139	131	35	,
aaf72f77-92bc-45b7-beeb-bfa5f4df66bc	183	1139	132	34	erected
73a369b8-fa82-4875-89cf-843dce20bd6b	319	1139	55	34	by
c537e540-05c1-4485-85b6-0f96792beb9d	379	1139	132	34	Moroni
ba64caf2-bf40-40d3-82ec-512e5ae798c1	515	1139	47	34	as
0026938d-be49-4086-8fe1-83a9f8d4d7f0	566	1139	85	34	part
7e2e24cd-741b-4f30-b2d5-da54c21263af	655	1139	36	35	of
f19de828-47b0-4a47-9eda-cabf4a5737b0	76	1170	200	32	fortification
fd1000bb-4903-4d2f-ad7c-34ea6bad5df9	76	1170	200	32	,
eb2c9634-d8d3-4f62-bac6-83dcc15cc7f5	280	1170	102	32	321
425d6f4c-5e52-4696-88e6-6bfa22f9681a	280	1170	102	32	-
8cedd587-a3bf-46b4-a081-34b742b548a3	280	1170	102	32	4
8c68eb17-8c4d-4214-900f-47bebd99c201	280	1170	102	32	.
28c0462c-9a7d-42b0-bb21-e8084dc4ec83	47	1195	175	38	Traditions
13f11297-0af2-4460-9256-50d4b9f024ce	47	1195	175	38	,
aa5391cb-de85-4228-9b7a-15d31866b102	228	1195	138	38	Nephite
68a4e49c-9647-4853-9050-2a2455564e4f	228	1195	138	38	,
e5fbb6c6-ba2a-4841-a827-6bb534ae5379	370	1195	176	38	Lamanites
0d62b412-bced-4654-8d8e-a8e4e69690f8	205	1224	144	35	126
cef8be3a-f7b8-40d9-ad06-ca13ef01ca5f	205	1224	144	35	-
1ea4f57f-d7dd-4e82-8152-d4e5e139f87b	205	1224	144	35	14
eb59be7e-7b44-4a60-b5c3-a170789589c5	205	1224	144	35	;
b1ba1785-d8fe-404c-82b4-be8c020ce937	354	1224	167	35	Lamanite
1e5c596e-8b0b-4099-afd1-9ad6d970d37c	354	1224	167	35	.
87162dff-b66c-4420-bc31-d6154dda09c7	533	1196	161	60	incoreto
a65fca63-dc29-438a-9147-23abfc6ed306	533	1196	161	60	,
b456ef93-7885-4b8d-834f-e45015b2ddb0	69	1224	106	95	fine
d03c7ceb-696c-49f8-a1d1-d84100364d8c	188	1224	166	95	beated
a14c8d94-2cf4-427a-9dd0-de7bebe61cfb	366	1224	178	95	tiny
00b49900-f394-46de-ab6c-f0c014ec4fe0	556	1224	138	95	Koror
226dc395-9133-4995-a6bb-6af1ccd28b5c	556	1224	138	95	.
b1ac8b4c-2a1a-4d4b-80c6-9bc7bf27a7b6	142	1313	208	32	anti
ba9f1b75-d56c-434c-8ff8-30ed48746f19	142	1313	208	32	-
e534f743-ddef-46eb-9972-5ae61b58383f	142	1313	208	32	Christ
bc592d2d-89a3-4cc4-994b-b36adbaab21e	142	1313	208	32	,
fe60f64a-d179-4c0c-b162-8dab5b5fafa0	372	1313	136	25	269
ebbb1fed-c091-4329-a976-976691d33c72	372	1313	136	25	-
7ff9104b-5319-4ed3-a369-cb2dae1fb9df	372	1313	136	25	14
2f164d55-33fa-4742-be62-84e6224b230f	372	1313	136	25	;
ea1d1fbd-0dae-4f88-b315-73de31f8d892	526	1308	165	38	Lamanite
62f85700-4282-422f-911f-2a4c43a6c168	526	1308	165	38	,
c562ca6d-e111-447a-b208-b536f18a4688	76	1336	116	32	wicked
fb71d7c3-344f-4b50-81ad-b34adb2d55cd	196	1337	70	31	and
98c39768-ee09-4e3e-98b0-258886eee6da	269	1338	198	32	abominable
0142a044-02ed-451f-a8cf-6f524b745f44	269	1338	198	32	,
0427a949-e68d-4517-b772-2a67c177025b	471	1339	94	32	396
d4166505-61a0-4fd6-809e-6eb94efcdbd5	471	1339	94	32	-
de8458cc-a861-42b0-9361-3210f75ea3c7	471	1339	94	32	7
6e43ba87-a923-4927-bf8e-93902aa50e58	471	1339	94	32	.
d0de9c26-ec96-4527-be3f-fcccf24c2897	47	1366	262	35	Transfiguration
af107872-1351-4c19-a2db-3a8a65a9e33c	47	1366	262	35	,
d60be77d-2622-4c8e-ac82-fe16cba06450	315	1366	156	38	seeming
6a9276d0-f4f2-4558-9462-5918df86c150	315	1366	156	38	,
71f42dfb-38d9-4bf9-bbcb-c68b06adffea	477	1366	52	38	of
9cd5510e-7ce2-4c6e-8d3c-a12ffa9c032e	534	1366	62	38	the
7e7f5411-2f65-4d68-b6cf-9bc2bb9b4bf5	600	1366	91	38	three
7d6f01cf-26ff-4778-b952-c4880b49405d	76	1394	149	35	disciples
88aae317-5090-4eac-94fc-7f21674c3255	76	1394	149	35	,
76670773-ef4e-4f57-a6b3-d442d71b19b6	229	1394	118	35	453
ed9e0d60-57c6-49a1-a56d-1c2c6b870689	229	1394	118	35	-
8080a578-00e9-4adc-a578-d2d3b93e9fe1	229	1394	118	35	15
813acf53-f653-4799-a582-29ec9b938ac2	229	1394	118	35	.
4bf8350b-b243-461a-87b6-ec3a0fc10f02	47	1424	206	34	Translation
60a20fa9-d884-4fc6-8134-5d8ae86c45f6	47	1424	206	34	,
43590cbe-1d2d-477a-8053-2b96200888ee	73	1423	111	63	ranslat
7684e634-12ae-4b78-b75d-aaf62f5abddf	191	1423	55	63	one
a324d52a-ebcd-47cd-80c5-a492cce536b3	254	1423	157	63	Neptutes
9b25d4f6-e607-4d1f-912a-e61d0e981514	254	1423	157	63	,
896069a4-0d15-4c4c-82f2-6f41ac69595f	419	1423	107	63	217
b92fc33e-a654-4f9b-96fb-3d7b4fdff93e	419	1423	107	63	-
abd6b1f8-bf32-404d-a221-e5aa17230e8a	419	1423	107	63	33
1e94e057-5cfe-4d05-a8b5-3ba2812d07ee	419	1423	107	63	.
1f827bf4-1c8a-4a3b-84da-ec2883831273	338	1420	76	38	of
ff9123da-1f66-4667-9149-25af93dea488	338	1420	76	38	,
d1fef35b-6da8-4bd4-a92c-c7274ec1fb4f	419	1420	138	38	151
66aec936-511e-4450-9afb-a180325d4e71	419	1420	138	38	-
06e133b9-688f-4402-ac08-128e5b79b6bd	419	1420	138	38	13
9091b340-5117-43e3-84ce-e3372122a179	419	1420	138	38	;
0c013fe0-8ccf-4a53-8f75-71281359c23b	561	1420	81	38	gift
bdd03ead-87ab-48e5-9b64-fb48e38a4d01	647	1420	47	38	of
322f7ab0-c342-49ee-8686-2de7bc05d61b	647	1420	47	38	,
30ee2664-4999-4104-beed-5f61e4fe29b3	50	1480	153	35	Traveler
d3791ef1-e3d4-4687-a83d-1d5e5e335c49	50	1480	153	34	,
d06c6e63-ef48-4ace-9d95-f2bcee9460b8	207	1481	87	34	none
e7dc6cee-6f77-4ee2-a4ed-945c62fe4c62	298	1482	70	33	can
4a6bc935-a6c8-4240-86ee-66bad00371f8	372	1482	120	34	return
8c97a72e-e2d2-43e3-a8c7-3f7cc558fc54	496	1483	87	34	from
1408ddf9-3d20-4861-994a-272e561684dd	587	1484	108	35	grave
01dd284a-4c5d-4d63-a567-ae528f223120	587	1484	108	35	,
496d77e7-47e2-4d7d-9648-7af32ab68d0f	50	1540	186	32	Treasures
563ed21b-82c3-4a21-8aa3-db2ec2dfe3bc	50	1540	186	32	,
dc86741d-2c25-4717-9494-6e8ba4d62047	240	1540	107	32	hearts
ce3d7a8d-198b-431a-9edf-3a340a865d31	580	1537	110	35	69
6c4c442b-14cb-44cb-84f1-49d1e651665c	580	1537	110	35	-
b363924e-965d-4d79-84c7-76dd6dc1e7ce	580	1537	110	35	30
bce545ec-e7e8-4c23-9e75-439bf2cbbcdc	580	1537	110	35	;
c2b49cf8-44cd-4378-8d78-db55f2a2d38b	50	1593	84	32	Tree
5b17bbfb-10da-461f-bac8-4ef3237be41d	50	1593	84	32	,
de1f7441-ac06-4273-8fa4-5546a0267bb7	138	1593	36	32	in
489ae690-6b5e-4ca3-b8da-bcbfe942159a	178	1593	104	32	vision
81750e33-fb64-4025-8d2c-fd9bff09de20	286	1593	36	32	of
1c3ad51d-8fca-40c0-800d-1aaa9b24ab62	326	1593	84	32	Lehi
ab11202b-0a2b-4d72-9b47-ff7d66aee7cd	326	1593	84	32	,
48b5fc52-76ed-4a6d-a01f-140d24b810ce	414	1593	100	32	13
6b05b0f4-2241-4b09-93d6-5b66aff7738f	414	1593	100	32	-
afbdd33b-157b-419e-8ec4-a86fc945a2a2	414	1593	100	32	10
04bfd772-89c2-462a-9f9d-13191d7a69cf	414	1593	100	32	;
7ed72243-4fc3-437d-bc38-f1a9137967f0	518	1593	88	32	river
3bcc4468-45ea-4968-be43-358789db4358	610	1593	81	32	near
aa121310-d755-4086-92ce-271be6dc9038	610	1593	81	32	,
7cc5545e-3c45-424f-a3d5-67c6f733a321	69	1622	97	35	13
cd956de6-fe68-40d9-92a5-0f366ede3000	69	1622	97	35	-
5bcb8021-8d84-4698-8959-c99c0253b066	69	1622	97	35	13
039c9bbb-6d10-4ea8-a51b-c37449835f03	69	1622	97	35	;
76094ae1-581f-4de1-9c28-7117bd7c0fa5	171	1622	68	34	iron
feffa7a6-036f-4120-989a-6f7807250728	243	1622	55	34	rod
0cfdb335-e9a2-4978-ae4d-632af0732026	303	1622	85	34	leads
e6e22f4d-4b27-41ea-96cf-5c21b7e77fec	392	1622	47	34	to
2acd6b17-c2f5-4d7d-b7ca-94b23bfb1f26	392	1622	47	34	,
317a11fa-907c-4134-8728-ef77754ccfd2	443	1622	98	34	14
ee3e3fed-b37e-4f3f-97a7-474483ac3adf	443	1622	98	34	-
20a97d8b-d04f-4392-a1e1-ee687416fa1f	443	1622	98	34	19
c7768872-5808-4dc6-a0a5-e5eb01da74f2	443	1622	98	34	;
4b513b6f-a563-4708-bb6a-18d411d7c29e	545	1622	146	35	desirable
eea09104-2af4-4a55-97ca-4e230e241ccd	79	1650	75	35	fruit
86a9f8bc-f00a-44ca-a782-a131b77b399a	158	1650	44	35	of
c1f2b3bf-e65e-4190-8954-4f7661892fe8	158	1650	44	35	,
f21ad751-d1fd-4838-a21e-e4b85245e10d	206	1650	101	35	13
1d366bb9-6c60-443f-8df5-f2ea9915406c	206	1650	101	35	-
54acee09-2b4f-4676-8f0a-5d34ffbb67fe	206	1650	101	35	10
57eeab1d-4098-4462-89a9-501b0b51a244	206	1650	101	35	,
1e4f8c7d-e6a8-4ff0-bc51-8f293e76da00	311	1650	101	35	14
09204209-725d-432d-b5ec-c5ed7c26c96b	311	1650	101	35	-
770c542d-6da9-4afa-84ef-3be88c09e52c	311	1650	101	35	15
3538b3c9-bae4-41ad-bd4a-d357a5dc9e60	311	1650	101	35	;
078c9d20-70f8-4a89-9b2d-c6edfcc5549f	416	1650	39	35	of
12512e1a-c1cd-4c65-86ef-305e94baa045	460	1650	66	35	life
2c6e914d-4f39-41b3-be45-12e13274bffd	460	1650	66	35	,
3fb0f421-6127-4de6-b28a-4c6789d5c906	530	1650	105	35	19
da80c690-5a80-4efe-9beb-87aab4bf0d55	530	1650	105	35	-
08ced4c6-3997-49c5-81f7-83dd756f43f4	530	1650	105	35	25
3c582728-8957-4d62-aa49-77e3fe4a8ee1	530	1650	105	35	;
bd549a1c-9e51-4c0a-bafb-c684dd1f9526	639	1650	52	35	29
d34941ff-9e62-4625-8963-f122d0559313	639	1650	52	35	-
786a1844-6d86-4982-a851-6021aa453e35	76	1679	118	63	rated
42d14cd6-1bbe-41fe-b0de-78891550f83f	202	1679	31	63	in
ae927a3d-c6ff-4609-9ccc-a6e95b7d2bcc	241	1679	63	63	the
6c740329-701d-4018-8616-031f9f20c80c	312	1679	71	63	true
5240c7ef-e5c7-46f2-aa44-b99630b1f62b	391	1679	63	63	or
b9af4ecb-5bf9-4f44-abc9-202673417a08	462	1679	134	63	eenant
b27c2717-03d3-4420-a994-8997a1310677	604	1679	39	63	to
4bc7481c-1a79-433a-86c2-df027f368766	651	1679	43	63	be
aa950e80-4f94-47b4-afc9-307bdae3a6fb	47	1735	104	38	Trees
abaa4d44-77c9-442b-b4dc-cd52595d5d76	47	1735	104	38	,
9d3f0324-c59d-49bb-81cf-75e60ffd075b	156	1735	95	38	obey
4960a7df-1468-49e4-a782-6e04ef1a8d33	156	1735	95	38	,
be6ccd68-a7b5-4311-911f-2cd74607a2b6	256	1735	143	38	through
a3677943-d942-4ca7-aafb-de0171d56bc5	403	1735	95	38	faith
0cd10e93-658a-49f0-bed8-3e620b674c2d	403	1735	95	38	,
758b4fa9-0dbe-421f-afb1-9bb367451185	503	1735	96	38	113
889cf373-859c-46a8-bef5-b5fed88fe5bb	503	1735	96	38	-
24eceeaf-f106-41c5-8f03-42d0b80218b3	503	1735	96	38	6
d4a24f32-7aa8-4e76-876c-56ccb92d6e92	503	1735	96	38	.
4b258cb6-d2b6-4252-9651-45ee6a218946	47	1770	113	35	Tribes
ae98322f-0e39-4e2c-acc8-d0c794c2b0cb	47	1770	113	35	,
30cc5e15-b15c-46b9-932c-ef60f97e0698	165	1770	39	35	of
d19217da-bd3d-4f33-be56-b42d3d7993e5	209	1770	105	35	Israel
f0bb7042-ed0b-4e3f-957a-30d484e2332f	209	1770	105	35	,
d821c2c1-ae42-4a5f-884c-266398ea37e1	318	1770	87	35	word
8fb2c579-30f5-4851-b694-c120f2e0d5cb	410	1770	39	35	of
dc701abd-2c79-4d8c-9ceb-25beb5f4236f	454	1770	70	35	God
ea953d85-6504-49f4-a8c2-d3e9b132c2db	528	1770	48	35	to
97423037-71c5-4e46-bfa6-c369ab90c030	528	1770	48	35	,
23b1f025-ced4-4c38-9e69-e1d9aebb84ee	581	1770	113	35	101
eb37c9e0-3053-440a-9f19-1f6e2c714b3b	581	1770	113	35	-
d07c74ef-3a4b-41fc-a381-6f1a0fb3e60a	581	1770	113	35	12
68331214-f0b4-4abe-884f-e348dc9bb266	581	1770	113	35	,
a0607014-fa17-4bb4-ac23-1fd2867d5c6e	76	1798	110	37	429
067ea694-25e2-422d-86e2-8b04a71bd2a7	76	1798	110	37	-
97622195-f543-4504-87f8-27c5af8712f1	76	1798	110	37	15
d9f64d2d-0329-4bca-b9e2-81014aa5f85b	76	1798	110	37	,
4b5313ee-b335-4a7a-808d-a3ff1564cfc8	189	1798	123	36	465
b4bcd69d-0438-4c7e-b293-9a6cfe54881b	189	1798	123	36	-
3463ec01-a7b7-4dfb-addf-b0956eb991f8	189	1798	123	36	18
08c574a0-bde5-47b7-9911-90d7a3f33eaa	189	1798	123	36	;
ba49180e-0b68-4261-93be-9fea1c3b3cf0	316	1796	149	36	Nephites
45325131-94fa-443a-adb0-d39dcdd33b49	469	1796	140	36	separate
b5a3164e-e13e-404f-8aed-94240fb10e96	614	1795	80	36	into
70baa011-3c42-448c-aad2-afab2828983a	614	1795	80	36	,
a36f2abb-440b-4320-b57d-382f0be9c319	79	1827	101	32	413
33ee3cd6-e230-424d-98be-5a3686efa6d8	79	1827	101	32	-
2a34b0de-d34c-402f-9294-d4c1b2aa9e1d	79	1827	101	32	2
c6d30619-2c65-4317-a570-03405b31a341	79	1827	101	32	;
eef8011c-d242-4a96-b4fe-778dc9eb0f16	184	1827	105	31	united
31a972a1-89a0-4666-bd99-cc26cc728e62	292	1827	132	31	against
ce448318-193d-4de2-9435-04118c96da64	428	1827	81	31	king
24954151-3f79-4564-837d-3d114873a362	513	1827	105	31	Jacob
498a8602-490e-48d9-ae77-9b1dc84013ba	513	1827	105	31	,
c90d9d40-d334-48d2-ade8-13d0fc99e930	622	1827	69	32	413
10f805fb-0e43-4750-a5e0-d578284dbe30	622	1827	69	32	-
3f183bef-0921-4a45-8033-ccbedcc030ef	82	1855	48	35	11
045977af-c6a1-48f5-b6ed-82d4791a2add	82	1855	48	35	;
07009adb-d834-459a-886f-4b1c53737a46	135	1855	92	35	agree
3b49dbc8-71c8-4487-8af6-1f0b3a64f59a	231	1855	61	35	not
b15cf6da-9096-43af-8c0f-feb2fe891d07	296	1855	44	35	to
3b90712c-26f6-4a57-abc7-6b69537d3f8d	345	1855	83	35	fight
051151aa-a59a-4c37-9a31-33be91ff62ee	432	1855	79	35	each
1fc69418-6b71-42b4-be2b-c1f37532db57	515	1855	101	35	other
391540ea-505a-4c12-af8f-e3f48885d52e	515	1855	101	35	,
ab1fbe2d-70db-4aab-b001-bdbebc887855	620	1855	71	35	414
91822a3c-e313-421c-acec-cb1f59ab3399	620	1855	71	35	-
7be2e94d-f9c0-42c9-87bf-db384bd2349b	47	1909	107	66	Tribas
267978f1-cf13-4711-bf33-f762f2201860	163	1909	41	66	th
608ffbc2-6fb2-4c2c-ab9d-cc1ff9165c95	163	1909	41	66	,
f92b24b9-8c4f-4d8c-8229-dd5b6743d96c	212	1909	83	66	Lan
e00fde60-794b-4767-967f-2a3d09200102	212	1909	83	66	,
3a931e44-de86-42a0-8ddd-fad70b725110	303	1909	66	66	4730
a14533b1-6435-43fe-9817-6093d2b30df3	377	1909	91	66	155
fb431b77-4a0a-4fe7-acee-e7f1129e8620	377	1909	91	66	,
70564c78-0f41-4a4b-9330-3c6cd6a13cfb	476	1909	215	66	320.1641.36
388f26e2-bcd7-41f4-a028-4f06877260a3	476	1909	215	66	.
8f7966e5-0597-4d07-ba35-dc68a20a46f1	50	1937	156	38	Tubaloth
61a876d9-4d4c-4d60-945d-79edb3c8cdda	50	1937	156	38	,
15e5b464-e1b7-4b99-b24a-ff2af70a62d9	212	1937	154	38	Lamanite
5e3dcf4f-f061-4d8a-a7ee-ce58fbafd0af	50	1994	194	38	Unalterable
f3efbcaa-90ac-4844-b672-920b6713c74c	50	1994	194	38	,
4ea3613a-3b73-4981-9bba-78bb9e3ba146	250	1994	57	38	are
37df0e5b-c2f0-480f-b73c-42d526049bca	311	1994	57	38	the
0767840d-333e-4fdf-9fb4-0a571f226532	373	1994	119	38	decrees
b4a7f3d6-3f19-4921-a2d8-3304a8417093	496	1994	38	38	of
93b3c745-022a-4269-8b68-fa3cded6b77b	539	1994	76	38	God
e4ddad15-c437-415c-8216-ecaa9d0c6654	539	1994	76	38	,
1539fadc-273a-423f-8e75-3904d18d3b8d	620	1994	71	38	297
375c22da-9709-48e3-9f89-8471f39d01fb	620	1994	71	38	.
9585aa12-587f-47c2-abbe-33530a5e4add	748	882	47	35	14
6447c598-3c7a-4e0f-984b-202694bf1818	748	882	47	35	,
e62514a3-4d08-4f8e-82a1-a304e93a5dee	799	881	115	35	266
103adcdd-385b-4102-abf2-d3297db6a802	799	881	115	35	-
e52d278a-3878-43e3-86fd-3247324994e1	799	881	115	35	28
23d5df4c-0e35-4025-a661-f618d41d628e	799	881	115	35	,
2205c24d-e1b8-413f-aec5-61a36648210e	918	881	98	34	471
3bdd8a17-28fc-431a-97a3-5d0981b1cf59	918	881	98	34	-
a6682b97-f6a1-44e9-8668-3829185ebc06	918	881	98	34	5
ffd50e9c-4dd7-45b3-9bdd-2fb3cabffb81	918	881	98	34	;
e85c3fcf-426e-46b7-a55b-5e1080bcac91	1020	880	72	34	over
083cbdaf-ff9b-45b0-b679-55cfb3c01711	1096	880	55	34	the
0b051986-320b-4d22-a569-58bde7c1f1bf	1156	879	89	34	devil
bcbd9fb2-2640-4aa3-bd66-75b7f0dc45c0	1156	879	89	34	,
bf5dfae7-2c55-4285-926c-0e194fccbfe6	1249	879	114	35	236
35e76364-8b05-4d7c-9a81-042ecc9eb85b	1249	879	114	35	-
c9397e87-59d1-4383-9dba-3fa681bc8113	1249	879	114	35	21
b05e2f8e-c697-48f8-b52c-d58a2dcac067	1249	879	114	35	.
ddb29e83-e746-4f6a-88d7-c1a2d85c30c6	719	912	159	29	Vineyard
d69e038d-7464-4a2d-8e91-9f4afc0a0e14	719	912	159	29	,
23a31d04-6e17-43d3-8da6-e9830e7b2050	882	912	141	29	servants
7ac63e15-9ef9-456d-af0e-6561b42f02c0	1027	912	40	29	of
3bd836ad-a00e-4112-85a8-b24760addc78	1071	912	62	29	the
74853cf8-98b0-4191-97f2-9e911cf6dcd8	1136	912	83	29	Lord
4a0fe9e9-8eb1-4db6-ae32-1820149ac044	1223	912	40	29	to
a59b4327-1844-4f78-b64f-3dd782f21085	1266	912	96	29	prune
d6eece49-6962-40f4-a78f-c355214fc782	713	1186	104	104	Vote
c26008bf-dec0-4047-a6c3-93cc6124335a	830	1186	78	104	a
a82a429a-d0a7-4bfc-b72b-6533698706aa	921	1186	39	104	to
87a23fe0-6103-4eaf-854d-04338c4641fe	973	1186	78	104	coat
77342f66-7b03-4b79-bc88-1a32418caec6	1064	1186	130	104	,
44d25450-f4c2-41ff-8813-c85bc3281ccc	1207	1186	39	104	23
1a04358e-e8dc-4ea3-a4a0-98fe219274e2	1259	1186	110	104	dole
6c52bddc-49f6-4345-af0d-13598ee99c33	1259	1186	110	104	.
d58b6b9d-3d67-488a-9f83-22cecb8ef5de	745	1278	116	38	judges
966b639f-7244-4e79-9c9d-f7544efc9760	865	1278	116	37	chosen
28bf928d-193d-4d57-854d-7abf974c998c	986	1278	60	37	by
5df69438-6774-44dc-bb2b-32f66c2525c9	986	1278	60	37	,
cf3844da-2dda-46b9-97e1-e19be3776bcf	1050	1278	65	37	see
8807a448-1158-4650-8e08-207be68cb6f2	1120	1278	134	37	Judges
520a7ac4-4719-4ee4-b354-4e3d3a30683d	1120	1278	134	37	;
10ce576d-4c49-4a50-b6df-ab344a04a79e	1258	1278	42	37	of
e0396e92-ac8d-40d1-a0d6-2391bf10b4e1	1305	1278	58	38	the
a5a31b84-e399-421c-8740-aef11eefbbea	745	1306	87	63	angel
4f032213-5e83-42c2-b730-17ed9855ca2e	839	1306	55	63	like
47af8586-b6ca-4cc5-bf81-9726de49573b	902	1306	142	63	under
04582fa9-09fb-410f-837c-d3c520d2c420	902	1306	142	63	,
a6c595c9-e546-4297-b492-7eeceb87a022	1052	1306	94	63	alisi
1802f2bd-7fc8-495f-ac9e-961a02635fac	1052	1306	94	63	;
9370b7d6-7996-488b-a4cc-8e082df9357d	1154	1306	79	63	trom
bde3f6a0-b754-470f-94b9-4a47bda11296	1241	1306	128	63	heaven
9b429100-075d-402e-821c-4241a4a2143f	1241	1306	128	63	,
1990aa39-330a-4418-b108-5fc13e205aa0	745	1366	44	35	in
644f2f1f-7500-47c2-8b25-c350028c1c21	793	1366	166	35	protection
fe17cfba-257c-4c7a-9389-a57e72b002b8	964	1366	44	35	of
37bbba1a-c099-4e9c-a123-b91ea5046f7e	1012	1366	87	35	Lehi
63d367f6-3384-4de9-9869-fe10f446cb54	1012	1366	87	35	,
c181b92a-fc2c-4f1d-b23b-427e4bde6767	1104	1366	70	35	and
2ff3fb3a-7092-4938-98e4-e6222bdd7fec	1178	1366	109	35	Nephi
2aad0c1c-12eb-4684-b428-c5f0a7742c15	1178	1366	109	35	,
cb94bf52-a1d3-4ec0-a42f-56c01885dadf	1292	1366	71	35	371
a87fd103-39a2-40f9-95a5-7be7be768c1e	1292	1366	71	35	-
468f7b89-0407-48da-abbe-2e08bbcc3710	748	1423	62	35	the
d7d54953-544b-449b-af1e-7a049ca71647	814	1423	190	35	crucifixion
a85fe04c-bdb3-40cd-92c7-d8ff353b778a	814	1423	190	35	,
23c7a76c-91ea-47c0-9a5c-06f4721c7632	744	1508	102	36	421
bcbfbcdc-3c27-4ea7-ab66-711b613c61aa	744	1508	102	36	-
9c56d1e7-2d09-4491-959e-d266dcfa8f3c	744	1508	102	36	3
cabc5bd2-ed23-4c1a-a1af-ce1867732a62	744	1508	102	36	;
f4a1fc43-17cd-4d61-957b-4f996b8388c7	850	1507	81	35	hills
1879995f-bd38-4549-b9cb-d5d2402d8169	935	1507	68	35	and
31ede92a-d2d6-41d9-8e16-68a685a08f57	1008	1504	179	36	mountains
36bb9724-737d-46f1-adaf-ec98deb518ad	1190	1503	132	36	tremble
bd476d3d-643a-4355-b555-4def744ddaee	1326	1502	40	35	at
63565dfe-2d81-4bab-af7c-08881ee78b87	748	1536	57	35	the
314186bc-b55a-442c-be14-d8e23e05ad2e	809	1536	118	35	Lord's
5c8e478b-e044-4445-a5c6-d07f7796447e	809	1536	118	35	,
3f6f26b7-11b0-4146-95cb-360e17d6f617	932	1536	100	35	388
08ef1964-ece6-485e-aab5-a43b5e5b0e9c	932	1536	100	35	-
f4ced584-fe8c-4193-9895-030054a80fed	932	1536	100	35	9
956d2f22-00d1-478c-91f8-ac269aa238b0	932	1536	100	35	.
c152025d-9ec9-4774-b2dd-ed137b76cc54	716	1566	153	39	Vultures
8d3181ff-f4df-47c7-b3ec-77a657bbf10d	716	1566	153	39	,
30c0287c-7cb4-4ee8-83f8-97c5883c58ac	873	1565	95	37	many
64f53cc8-bddc-4f3f-929c-366f908c6c47	972	1563	108	37	bodies
def327fe-7a35-4166-a89f-0990dee66d58	1085	1563	36	36	of
ce7e27ad-9448-4f42-9084-051edda5f635	1125	1561	171	38	Lamanites
49adddcf-8735-4c08-bf07-03f40ba3d6f0	1301	1560	62	38	and
0e255990-c7fb-4b9a-847f-1af7ae8ce228	745	1593	157	38	Amlicites
9093f0c7-5eb9-405f-8505-b98eed5c8cff	907	1593	147	38	devoured
f2cb2c67-c63c-4f59-a8ea-c8df0402b3a4	1059	1593	57	38	by
270a3a29-9b79-46fe-8bd4-2897895d28d8	1059	1593	57	38	,
9ce75faf-4a6a-43b5-959c-c6fd73a1291a	1120	1593	116	38	200
5202100c-a07f-4df2-85b0-b07c049dc69e	1120	1593	116	38	-
a6899b85-64ab-493e-9a45-9702636eddff	1120	1593	116	38	38
78b6d474-c2e0-4677-8e36-6d5fa38a44e9	1120	1593	116	38	.
84469171-db59-490a-8c35-a5c98e5b4d9c	748	1770	95	26	221
c9c0502f-839e-4c51-a10d-45917b775214	748	1770	95	26	-
67cd9e44-df9d-4dd3-825c-c976bbd48097	748	1770	95	26	1
3cab8196-cd1b-4c26-9bae-06a9576c6a06	748	1770	95	26	.
20e044d1-6508-4314-ab44-f353025e966c	719	1792	194	38	Wanderers
dcb91e02-d4e8-405c-86f8-0ea72cad8a05	719	1792	194	38	,
b2ca38a0-3b24-4384-8436-c88407324c3b	919	1792	47	38	in
94ef015d-f7fb-4532-b352-86665a93ba7c	971	1792	33	38	a
0bb23fb7-1274-4d26-ad9c-6356fb16b4b6	1009	1792	138	38	strange
7edc61f7-86ba-4c95-8681-76c1fdfb4e03	1151	1792	95	38	land
ed19ee26-4596-492a-a9e7-7adcbb7fff13	1151	1792	95	38	,
c01c9502-9cda-4ccc-97be-5719845d0d88	1251	1792	112	38	229
e71cc725-9c81-411c-a464-5178dac6f99a	1251	1792	112	38	-
1f7b64df-687c-4d5f-8d71-e59535798ef5	1251	1792	112	38	23
d017bdfc-7c28-419f-9cb1-aaa463267a6d	1251	1792	112	38	,
1459e380-5a8c-4485-a4e9-55d03881a6a1	744	1827	117	29	263
e14b7244-5504-4da0-be9f-74435303a7a8	744	1827	117	29	-
db5ce9ad-2642-45be-b934-79e4060bf49e	744	1827	117	29	36
2143c269-d2db-448d-9124-4e977cf2e4c4	744	1827	117	29	.
9d982d9c-c21b-4970-99fc-782290eb465a	719	1849	85	38	War
e4a634e7-ef33-46a8-9a7b-c26596fadc7b	719	1849	85	38	,
080066b7-df79-42be-a307-bb6f04944aef	809	1849	119	38	among
ad185dc6-20ef-46f5-99de-a339908000a3	933	1849	204	38	descendants
d821cba6-ae76-4449-bb65-926bff7f6f10	1142	1849	38	38	of
a1439b1a-11ea-44e7-8032-5c8826ffa5b1	1185	1849	90	38	Lehi
2a026809-5708-4e83-beee-f41f848dbcd6	1185	1849	90	38	,
cbaecfb8-4fec-4517-82f6-483dee88d4ab	1279	1849	83	38	fore
9b4f2900-bbeb-4c9c-aa00-3e95d237e51f	1280	1849	83	38	-
b4c5c665-cf09-47f9-a67d-d16dac8e2c99	1120	1880	89	32	20
5ce4b111-b425-484a-89ad-c7b0ce302b26	1120	1880	89	32	-
ab71c119-c165-4a7f-96ca-fc8c4bdc998d	1120	1880	89	32	2
302ba1cc-1394-4286-af7b-d45b886850e1	1120	1880	89	32	,
62b072f6-6de6-4dff-9380-dd8efbfb0327	1213	1880	109	32	21
a66ece31-5584-4265-a28d-2cac8abdb5f0	1213	1880	109	32	-
6d333962-6ed6-4032-8aa1-822b9a4ff529	1213	1880	109	32	21
497460c2-9123-4473-8e99-324961eba278	1213	1880	109	32	;
787b8ce6-27d8-44fb-8a14-b8d85f59cbb5	1325	1881	35	32	1n
58fc5c98-af54-4bd5-9cb0-e0ac83bfba65	748	1877	48	64	the
13056f4f-80bc-480b-b62d-ec282ae21722	804	1877	96	64	BreaN
6a1c2d63-6a3d-4213-b48c-b74a00db0a16	908	1877	56	64	and
e41ad63d-5fea-4086-b4ea-c81ea68834f9	972	1877	24	64	a
e013b59d-fab4-4afc-9de9-dd0ead5df0fc	1004	1877	112	64	oision
39979288-fa44-4adc-83ff-1452d57b326b	1124	1877	32	64	le
821f4ce3-1ffc-4fb8-95dd-e3b3bb47ab0b	1164	1877	120	64	church
1f984cfb-aa40-4492-b99a-6546b8e8ced3	1292	1877	74	64	pren
e19bc020-bbca-4b1b-b5a2-1d80708fb5f3	751	2026	132	33	records
097b63d5-5f40-412d-969b-560388f33409	887	2025	60	32	of
10ea2f1c-07c3-4843-9340-35d48e00a69a	887	2025	60	32	,
114aa069-9c15-4d4e-9318-0cac7520e92e	951	2025	64	32	on
7e7d179f-fc24-49db-8cdb-6347f4eb7c7f	1019	2024	68	32	the
c8142052-1de8-48f8-b6ed-f8a462a455ec	1091	2023	120	33	larger
1d93217e-80bc-40ec-9f4c-930dad799bc0	1215	2023	56	32	or
5728acd6-ef3c-46eb-9fd7-7f7c4c57d314	1275	2022	88	33	other
