ID	X	Y	Width	Height	Text
d1a5ab44-15a6-4e52-94ba-601f1fa51519	604	113	176	44	INDEX
d7469e3b-f936-4b40-97d1-2868faf77431	604	113	176	44	.
4c3777a8-fb66-4b82-bfe8-b282a4067151	1223	116	72	38	783
2a75e3f9-77f6-4e4e-9a52-2354aa10b6a8	123	192	77	41	goes
5c7d8bce-ee3f-4b7c-b827-13331f0d70d6	205	192	46	41	to
dbf00f90-1c97-451d-9be7-c1f349487e89	256	192	184	41	Zoramites
014ae763-572e-4c9c-9f05-b0b3f8a05e44	256	192	184	41	,
dd0555c6-a340-4514-bbec-8595c39eda74	446	192	61	41	417
1b6d9fd2-787b-4ad3-9e18-9d93ee2eb8ba	512	192	20	41	;
336fed49-e041-4784-85bd-c89bea524ac3	538	192	154	41	preaches
9264811f-5ad4-41ae-abc3-8738d8fde588	697	192	46	41	at
5cef92d0-2fa6-40ee-9dc9-66f3ce034c39	748	192	138	41	Onidal
e5c35493-77c2-4682-b693-a0fd1f4ca4cf	748	192	138	41	,
4e338a7e-8bc8-4db4-9db7-0d9fc1a2b810	891	192	87	41	428
edc40a64-f7c0-4248-acc8-3f140bd826b5	891	192	87	41	;
cf999de1-618a-439b-a125-2574fa854336	983	192	138	41	testifies
bf7e87ad-de7d-4d3e-9bbb-84a038cad4c6	1127	192	46	41	of
44224fd8-1bb6-4c91-abef-c2c48baefe47	1178	192	118	41	Christ
ce1a77ee-233a-4725-a52b-d523838d3b8c	1178	192	118	41	,
ff5c53cd-03e9-4ac9-9818-20dae09492da	126	230	86	38	428
92331dae-c35e-4219-a9bb-b7f8907ecf0c	126	230	86	38	;
91b2a921-6405-46aa-a306-5e5f929c9d69	216	230	81	38	goes
3ffb5a81-6e63-4ccf-aeea-1afdc6f0fb28	302	230	47	38	to
9e5755b7-4ecd-4560-9a95-d211c9e460db	354	230	152	38	Jershon
586b3c5a-2bd4-4860-b3e7-b4145ebbbe4d	354	230	152	38	,
08494169-a2f7-483d-a90e-cb658dcf03e1	510	230	85	38	432
76bf29fc-dd1a-4248-83a9-cb672f6910f7	510	230	85	38	;
5d658c36-87f1-47ed-ab04-83bfe2ffd818	601	230	138	38	returns
7bbe4490-d2dd-4dbf-ba44-40f8aaef4b50	743	230	43	38	to
3ee7bd4d-3144-48cf-acbf-6d126824c343	790	230	199	38	Zarahemla
c8ec0d14-1b99-498a-b259-f401e092deb6	790	230	199	38	,
e17b720c-f732-44da-9708-d5c9a30427b3	995	230	72	38	433
1e706f9c-9654-4c28-8a57-bfa1f862e9f8	995	230	72	38	.
251592e4-c9c6-4e6b-97b2-553b6673db63	88	268	148	41	Amulon
470dd8b2-303f-4607-9dfe-3e37db45acd7	88	268	148	41	,
5aff2c72-8919-4cd5-9708-cb84fb55ce1d	242	268	97	41	land
03725074-300b-4c0e-9bba-7759bb628f18	344	268	61	41	of
3953f982-2c0e-4254-a34f-3d0c20ccaeef	344	268	61	41	,
5fbcf22d-0d94-4bde-880c-72bcf154eb96	411	268	97	41	276
f981690b-2a02-4bd8-9789-a7ed829ebbcc	411	268	97	41	;
22302e77-7c87-427f-85ff-4f2660107aed	513	268	123	41	leader
b9a7931d-f247-4cc6-94d3-ca95c2bbca38	641	268	51	41	of
b9cf1aa8-ba02-44ad-8038-332a22f5b1f1	697	268	133	41	priests
646d2e9c-d49d-4674-ac41-212a04485e4b	836	268	51	41	of
d2048c99-543b-4539-9df9-0819938f1f0f	892	268	108	41	King
d2cebd71-1d38-49a6-88ca-7c877b900871	1005	268	113	41	Noah
45857d57-07eb-4cc5-ab42-e7cce8c9d04d	1005	268	113	41	,
e8f070f6-d4b1-4ea1-bea5-bc52373eee51	1122	268	97	41	276
ccc24f87-a61c-4390-9806-0af9301f4d2d	1122	268	97	41	;
2f546277-10ac-429d-85b3-f91f79c1baf8	1225	268	68	41	and
939f7edf-5abd-4b2f-9eb7-89ccf49d8312	126	305	157	38	brethren
f65513df-e966-480a-8de0-e0d33ce6626d	287	305	85	38	join
ab1d0ab1-d4dc-4b56-86e6-032cb2582416	377	305	199	38	Lamanites
6307ef11-fe87-4381-b417-0a7856fbd493	377	305	199	38	,
21b70ab2-e3ca-40a6-a824-5c243649f09b	582	305	95	38	276
cbafa570-d9a6-4fe0-9508-fd89b380d585	582	305	95	38	;
0b696741-501a-40e6-a300-8f17e65f8dca	681	305	109	38	made
b8b3d5ad-a789-4731-aaac-d36a2c7caad5	795	305	95	38	king
79736160-f8c8-4590-baf5-5abdfdd996b6	895	305	85	38	over
c57413d3-efd2-4287-aa34-907da92ff4d8	985	305	123	38	people
8096d1f7-ac16-440c-a2b6-cf3aa16e29fd	1113	305	52	38	of
844607b1-d442-4bdf-afd5-756dc4c6ad89	1170	305	126	38	Helam
b531ff2b-4a0f-40bc-abe3-b6df39bb6961	1170	305	126	38	,
641e27eb-96f1-4831-88c1-672d5a23eb33	126	340	88	44	276
ef94af64-255b-4951-a103-5a907fe987c8	126	340	88	44	;
c07b8e38-fd07-47f1-b33a-b4c3208751be	219	340	77	44	and
f646dccc-77dc-4489-b867-a97650a99b7a	302	340	154	44	brethren
e79bdbde-38cf-4c43-b7c7-f78008e3e53a	461	340	176	44	appointed
0d1e3737-a858-4bf2-9bb5-e62770bd50ce	643	340	154	44	teachers
cc4aa59b-dd57-491f-911c-4dbe21cd12a0	802	340	49	44	by
51c3691a-6dcd-41ed-b3f5-76a8419a4df4	857	340	93	44	king
6bc6e068-8cb3-4947-a63d-7b4d5070a363	956	340	44	44	of
7c4b4b9a-9ce0-4ddf-a749-8d626d7632dc	1005	340	198	44	Lamanites
0fa0da6c-5622-4f23-b0cd-ff116cf9e392	1005	340	198	44	,
8ae393b2-a2ec-4d6a-a3c4-d1a39b6f32f6	1209	340	66	44	276
e5321140-8374-49d5-92e8-5772d5a2cb07	1280	340	16	44	;
636ee0b7-e950-45e3-9526-ed7f0665bd0e	126	378	169	41	oppresses
87af6711-5c79-4d12-84e2-171e08dc6a55	300	378	97	41	Alma
9272e8dd-cb05-4bef-8b11-3d1b94a5ac75	402	378	77	41	and
5c3ed748-02e5-46ba-9f07-3322160aa5ef	484	378	128	41	people
680eb9eb-3e5c-4cff-9546-6a1e255d9985	484	378	128	41	,
b21379f1-1440-417a-8926-e1902c110041	618	378	87	41	277
8652458c-65c0-4708-a4d9-2752bcf749db	618	378	87	41	;
737e6d7e-e5fb-4303-acdb-6f7149294c52	710	378	215	41	descendants
17bda0b5-dde2-4874-9f17-9a79f68375bb	930	378	46	41	of
fc594398-a77a-43ab-b23f-009882929acb	981	378	87	41	take
a67d41ad-4919-497a-93f8-7480b93bcb4e	1073	378	102	41	name
ac3fced2-09b1-4a70-ad68-8b756220c100	1181	378	46	41	of
8c9a45bd-0e9a-41cb-bedb-1483c89143ac	1232	378	64	41	Ne
ae3f399a-9bd4-4f7f-8c17-b8c9bd11ce84	1232	378	64	41	-
9585e387-26b2-4150-9f5e-bb78ef524543	132	416	120	41	phites
ef2dd517-0904-4369-9471-3bd3363e5253	132	416	120	41	,
98007545-e5b5-431f-b726-52d3e82b7078	257	416	100	40	280
fe449fed-7d03-4811-a6b3-aba990eafc4d	257	416	100	40	;
d6be3b93-df80-40da-9701-c6345d57ae53	362	416	125	40	people
85c761da-8258-4dac-852a-5ab1064bd53f	492	416	50	40	of
ce3a0bbc-0b6b-454b-ab10-d75029aabc56	547	416	85	40	and
e7741238-ff59-4bbd-bdae-c9a90b859b28	637	416	120	40	others
2e0025ad-7b19-4370-8807-3dfeb81c12da	761	416	100	40	build
a3201eba-530e-4a2c-b90f-c294ce8909f0	866	416	85	40	city
2389e74e-f0e1-4bee-94d8-b05adb20d614	956	416	50	40	of
68d4ddf3-0706-4eea-917f-40c215b385b5	1011	416	195	40	Jerusalem
b51b68ee-ab84-407f-9a24-e06b1c97c8e9	1011	416	195	40	,
ebfe627e-559a-4c10-81d0-c7ac3b40b18b	1211	416	88	41	381
0a40911a-5956-4b85-81d5-9de733b2f39d	1211	416	88	41	;
c62e4cd9-bc77-49f1-94a7-70e1eb9c117a	129	453	81	38	seed
c717972a-d2f3-4b6b-ac16-8fb3fe8e3179	214	453	52	38	of
a3e2cdd2-3258-4832-b0da-5c42d4354441	214	453	52	38	,
441017bb-15d8-4679-aaa6-bb859c7d380a	271	453	90	38	395
a4056f48-2d7d-4b4d-841b-14d604a7a376	271	453	90	38	;
ac697a06-1fed-4ebe-8239-b419ca9e9c61	366	453	95	38	slain
cc8007e5-4ab0-4f6a-b0df-1242dcc79b0e	466	453	52	38	by
05230cb8-4d59-476d-a0ce-73ff32ecedbd	523	453	195	38	Lamanites
3260c367-6f29-436c-9106-6ef5a0910f2c	523	453	195	38	,
37777b5a-ef13-453c-93da-dff38dc78dcf	722	453	73	38	396
05b3ece6-7d66-4763-97d2-2b1f883796c2	722	453	73	38	.
88213db2-c3d7-4712-bb9d-1aca0a0e388f	88	491	203	44	Amulonites
4c033764-c41b-4ffb-a3a9-737bb80bddff	88	491	203	44	,
e44cb432-1c45-40f8-a022-5ad44ad851b0	297	491	121	44	harder
26b3827b-ad58-486c-9de7-f905dc4bff72	423	491	88	44	than
e0255a67-ab5b-47ed-b79b-93261cfc1d74	517	491	192	44	Lamanites
0be64a21-50ae-42c7-b3e2-512fc9e11704	517	491	192	44	,
e094a5a2-17b5-4a10-ba5f-7712b19b7e1a	715	491	93	44	381
fc19a089-5cd0-48fd-b986-8d16a94c4b3f	715	491	93	44	;
5b7cfd21-4db4-401f-ab22-9005590c58d4	813	491	93	44	after
ef9af6cb-5cc1-4133-a7ab-eb8b8d1ca8d5	912	491	104	44	order
0a2a83bb-d1e5-4c97-a7f2-ec53ef301e86	1022	491	44	44	of
46157fed-830b-452c-bde4-3a3e9d2696d1	1072	491	137	44	Nehors
edd6afdf-a7dc-4a0e-9b12-f4bcf59d689e	1072	491	137	44	,
a25ee036-0c2f-4eac-8c30-f20b6e7fff34	1215	491	84	44	381
90daa198-ebdc-42d9-85fa-6d0b53dbe822	1215	491	84	44	;
15aa202b-3860-453e-9ec4-a412bc8fc378	129	529	100	38	those
2f64d52f-148f-4678-9841-3b3168e7e318	233	529	66	38	not
49637e69-1d10-40d8-99e1-d53b55baea4a	305	529	171	38	converted
e83eb070-a870-4da4-8f29-55d03cbbb3f9	480	529	85	38	take
ccfd38f4-451e-4a98-9b6d-40c5e073fd78	570	529	52	38	up
78706cc7-857d-4333-95ad-9ad9e82afc9e	627	529	100	38	arms
8b32c0a1-a9ef-48c3-926f-7e059e30717a	627	529	100	38	,
05b66f41-681f-4860-abcd-917095eb9243	732	529	90	38	391
19d9dee5-da6d-406a-8169-20a1f660d219	732	529	90	38	;
71c1d000-3a5a-47ef-b0cb-635aed129dcc	827	529	95	38	rebel
6e4a4480-8dc0-4563-a9aa-76ba9282f21b	926	529	138	38	against
e038507a-6f50-4ff7-86fc-195001610c87	1069	529	85	38	king
c4781e99-af19-4482-a1ea-277a5c5854e5	1159	529	43	38	of
16f6f4b9-ffde-443a-b665-1488a1d82352	1206	529	96	38	Anti
479157ff-203b-4134-b816-ceccb8db085f	1206	529	96	38	-
5384468c-3ad6-49a8-9ad9-5d1ccfb24f1c	132	567	61	41	Nep
b78be88c-e836-4f39-a51f-1b3f441368ff	198	567	159	41	hi
96248816-24d0-489a-93dc-fc65db72a3eb	198	567	159	41	-
8a124a0c-68e8-4626-adbc-4cdb9f649aca	198	567	159	41	Lehies
02df5e22-ee62-46b8-b362-65ed5eed800f	198	567	159	41	;
3f190335-efd8-49fa-aa92-2387589d3a3d	362	567	67	41	391
40d4249f-a9ea-4e6d-a2c7-08337e14448c	434	567	15	41	;
efb7fb39-a0b0-4e49-862c-88a5c9122340	455	567	82	41	seed
57d1edaa-d1b2-45e7-9d30-3b8d7fc5256c	542	567	46	41	of
92da5526-48aa-4530-ad7e-1e7b5ad24709	593	567	143	41	Amulon
1e8328ab-5800-4634-ac90-bf5e1ef129b3	593	567	143	41	,
19d3a492-c1af-4ce1-8484-147ae2472734	741	567	87	41	395
52fc6ee5-3dc0-4bef-bb55-3c78fdc7f8d5	741	567	87	41	;
13c44e51-0237-457b-8e60-58ab7b9a7929	834	567	97	41	slain
aee1f220-953f-45e6-8146-e29799be2ee1	936	567	51	41	by
d6eb5403-134c-4260-8f59-2e1f010150f9	992	567	189	41	Lamanites
459b1e63-de6f-40a1-9490-cff770559530	992	567	189	41	,
10eb621b-8c27-48d3-b043-88129d593550	1187	567	77	41	396
d1bb1471-da9c-49ee-ba7a-8b92ec9cb194	1187	567	77	41	.
675c66cd-e89b-4eba-a53c-8191c7bbad0f	94	604	133	41	Ancient
fbd4bf30-1217-4d7a-9251-aea562d31be3	232	604	210	41	inhabitants
5fa0dbc0-b953-4704-b651-3a8090a6cb13	232	604	210	41	,
6f096d82-99dd-4190-814b-07931fcac99d	447	604	128	41	Moroni
9d82cf4f-d233-4329-a158-02d9896c0018	580	604	97	41	gives
df7c60d7-4374-481d-98dc-2c570add24bd	683	604	138	41	account
2f798f65-a3b9-4088-a2d7-a779da730a18	826	604	56	41	of
c516315d-293e-48ee-bede-9e11ae7eafc0	826	604	56	41	,
723d5c23-e117-4238-ae58-b8006574a6d0	888	604	75	41	714
f00cc70f-cbd1-42d8-ab34-7b24e030ef6f	888	604	75	41	.
92d78fda-016d-4ddf-9a12-db74d5c28c92	94	642	112	41	Angel
85ba0ab3-fa34-49b2-9abe-012df72bf586	94	642	112	41	,
4315bc99-2324-4fa8-8103-acc2a67dc829	212	642	123	41	speaks
21d17670-2cbb-4376-851d-4216205acbc4	340	642	46	41	to
e3d259ac-599f-40b1-9554-6499776ff0ea	391	642	128	41	Laman
c43a03b1-e407-4f77-b154-5012f89cd264	524	642	77	41	and
b6cb183c-9716-4bb6-81c9-d1dc27d6fcfd	606	642	143	41	Lemuel
576fa12a-a785-4f09-9864-c76e9c04540e	606	642	143	41	,
a3dcb636-2ef8-4e28-bee3-0374d22a908b	755	642	51	41	9
d707e2d6-f70e-438a-8879-9a6adda3831d	755	642	51	41	;
3b31a750-16fc-48b8-8c85-80f7a906cee0	811	642	51	41	to
ab177c5e-f675-4f67-97cc-c7b5aa9104df	867	642	118	41	Nephi
e5651a19-5f90-47f3-83f4-45945da6509e	867	642	118	41	,
18572b0e-a3b2-44fe-aba3-4408aef85684	990	642	41	41	0
98649417-643c-4456-bbbf-46d7e290c454	990	642	41	41	,
a92ab4a5-0fd3-4ac6-9c27-6aef47ca598e	1036	642	123	41	38
d24a90a8-6fe2-4b23-b316-eeefbb6b8dcc	1036	642	123	41	-
39a6c283-d40e-43ed-b690-2e8188ab0818	1036	642	123	41	42
cf0def96-a9e3-4cbe-af05-698f8a68701c	1036	642	123	41	;
505f529e-e782-4620-8390-d3b81027029d	1164	642	135	41	appears
a28ad1eb-82ad-421d-9829-19a32214980d	132	680	43	38	to
1add62d7-cf5e-4294-8334-7abe7a2c4cb6	179	680	119	38	Nephi
670a2489-3f95-4405-84bc-00549fcc04e8	179	680	119	38	,
80973db0-7510-466e-88de-655db70cce24	303	680	62	38	28
df202ddb-5929-4975-a4ac-59cc1fde00c1	303	680	62	38	,
ec3aaecf-e933-48df-aec4-0c4f1901addc	369	680	57	38	20
0fa24f7c-2759-4456-abc3-3c4e3c685154	369	680	57	38	,
5bce295a-b771-4bbb-9860-bb163df5f8fb	431	680	62	38	30
7ef4bbeb-8468-42d4-857c-3627e31ea0ab	431	680	62	38	,
01f9d61e-35ff-49bf-8d9c-58c54ee26a52	497	680	76	38	33
c8b88f58-276c-41a1-9c23-c6c9d290b7b5	497	680	76	38	;
960b47fe-d3d3-4798-84e3-7794b1955935	578	680	114	38	makes
97d4e32e-3690-4076-87a0-ece7a0b750e3	697	680	119	38	things
2d929109-b1e8-4fc7-b04e-ef0202526d2f	820	680	119	38	known
c6aa3aff-b301-4823-a137-be45084efdb6	944	680	47	38	to
ee65e4d2-3638-496d-84dc-2bf3a62eeb3f	996	680	119	38	Nephi
f3f1fb54-c4f2-4a3a-891f-4c8b952262ec	996	680	119	38	,
a92f8fa9-f158-4a1d-9391-d18da0dd4f9e	1119	680	71	38	42
c67dbfc5-a877-4fd3-ba5a-190506a5ca6f	1119	680	71	38	;
1d263b15-f33b-4efa-a45a-88ab63c41888	1195	680	107	38	words
df12bca2-3dff-42ed-9f70-2d5cdbd59632	135	715	44	44	of
d899c05f-432e-412b-94e2-80be0b28ca1e	184	715	187	44	concerning
40e06fab-4646-4c7e-b44e-d4618d1e358d	377	715	132	44	coming
34e1cec2-2500-4757-b234-371422d8ba7d	514	715	38	44	of
1a90f3d8-ffea-429c-a516-d36270bb6fa8	558	715	159	44	Messiah
3e83affc-551e-4ec0-bb7d-e46b69b0adff	558	715	159	44	,
11bfe65e-79e9-4a92-a8c5-7adc63ea652d	723	715	66	44	65
433c3c3f-e2a3-4293-a1be-5a186a859da1	723	715	66	44	;
7d97187b-3756-4df7-875a-686c9777fb34	794	715	143	44	appears
973468d4-ff27-44f1-bb3a-13e0a4e28f67	943	715	44	44	to
e10f29cf-fd7a-441e-877d-957107947062	992	715	115	44	Jacob
f5e32a88-d1b6-415d-8c1a-0aab8fadc1b8	992	715	115	44	,
4cfad1a2-f904-4497-84ba-5ca2e76d06e3	1113	715	71	44	09
28fea70a-6dce-4432-9cbe-d71ee8fdd04a	1113	715	71	44	;
bb06d75c-63fe-4b75-9d62-491214d1a17b	1190	715	112	44	speaks
88c6181b-28bb-4dc2-abd0-61b9aaf56ae2	132	756	52	38	to
0f1592da-b818-4f99-b484-509bdaff91a4	189	755	190	39	Benjamin
24117f08-68a6-45d7-93b4-37363fbea67a	189	755	190	39	,
7f101aa8-d017-428a-ba0a-2879c223246f	384	755	100	38	215
7605467d-69f7-4f81-932d-295766f19572	384	755	100	38	;
a8ae0248-6875-49fe-845e-4909de51be2b	488	754	147	39	appears
ea3efa6c-a971-48f5-bf16-39646c7f5da3	640	754	62	38	to
5131cff4-5d4f-4ff1-9554-a7875bfab01e	706	754	105	38	Alma
00965e1a-aad9-45c0-b394-54527bce704b	816	753	86	38	and
74fa2a8b-d471-49ab-903a-a6c160589efb	906	753	90	38	sons
79553572-2a5e-4809-b5f3-31d85f128719	1001	753	57	38	of
6c8b2218-c844-4fa9-ac2f-fd6a8c6ec83f	1062	752	147	39	Mosiah
e59a2472-d9ca-4fda-b806-fea8e331c70d	1062	752	147	39	,
9cf7c420-9bf6-46ba-8c22-9ed0f13fbf43	1214	752	88	39	286
8f0f91ae-14b3-405e-aa2a-1893b20ec2f9	1214	752	88	38	;
e5467338-1ac2-40ec-9077-d6977e876810	132	793	138	41	appears
2eea5cd3-2a5e-48f7-9ec6-5e789fd0ba35	275	793	46	41	to
3dac550d-232f-4cbe-98da-e6622f0fdce5	327	793	113	41	Alma
27576504-ad75-41cb-888a-e3b9533791a1	327	793	113	41	,
1d70c496-2b1f-4a8c-ae09-23651c662b9e	444	793	82	41	328
44e9c281-7881-4172-a8f9-85741f6a1c03	444	793	82	41	,
2c91e998-a468-4706-8e2a-d0149db8bf49	531	793	82	41	434
31e1091f-60d1-41db-be95-ddb801014c36	531	793	82	41	,
bbeda08c-d23e-4840-af7e-5fe40d0404f6	618	793	92	41	414
9e53deaf-edbb-4a35-984b-83d6d69d0b3c	618	793	92	41	;
53662f26-5f7d-4fa1-b7b1-54393376489a	716	793	143	41	appears
d0c6bbc5-7bcd-4a48-abfe-47e1f4675130	864	793	46	41	to
4c73a15d-0df0-4487-bf1b-d0291c84a61e	915	793	149	41	Amulek
a8809ec5-ebaa-423f-9970-44e911ee0786	915	793	149	41	,
50493d4a-3115-4e66-8155-6a3c9aa16b3a	1069	793	92	41	335
3d516a03-f6ad-4907-b79a-c8c3ee2ebea4	1069	793	92	41	;
860ebaaf-33b7-49ad-9d41-55bec938df97	1166	793	136	41	appears
a8fe5b08-1d06-4fbc-95a3-e993e20c3a55	132	831	47	38	to
b4a26717-c8dc-4ae3-bb6c-139bf8fae1f5	184	831	138	38	Samuel
f830cb8a-418b-4963-88b4-babc6510f3e0	184	831	138	38	,
b14e8424-4f98-4f8f-9a5d-26e5872ec0ca	327	831	79	38	587
706ea154-f686-4162-964b-a997a2ba25e6	327	831	79	38	.
f1e4b7af-1a62-46a8-8a24-1fb9f70a11e0	97	869	123	41	Angels
e5fbecca-9e04-402d-b853-8eb87b2171bc	97	869	123	41	,
fb5e3ba2-71b4-4637-8c95-05c291d9155d	226	869	46	41	in
c0f4d7d2-84e4-4206-9517-cd2eb02f8b19	277	869	113	41	Lehi's
b0f57950-af67-49d1-831e-97f6df82eb7f	395	869	118	41	vision
c9b8cd69-6f8f-4a15-85d5-63beb473bf42	395	869	118	41	,
97645512-35eb-4b72-a3ea-aaabd04b4d9f	518	869	51	41	2
a8865bbb-8d8f-4947-bcc2-4c51a60781aa	518	869	51	41	;
cccae9dd-3e00-4337-b00b-470d91ffd2a2	574	869	149	41	minister
019a6290-6446-43d2-a615-b8fd90767341	728	869	46	41	to
85bf7ce1-b957-4fa8-a421-8abaf45648f3	779	869	113	41	Nephi
64a0b838-a07a-4527-84fd-60e64bd7f246	779	869	113	41	,
07e9ea7c-508c-4b2f-abb2-930752c68aa0	897	869	46	41	93
f047a356-9a4a-4811-9060-46e6ee6cf0fd	948	869	20	41	;
8275fe14-0f25-46be-bc2b-a52afd3f51cf	974	869	102	41	speak
7e8fcfc2-7fde-4090-bfc9-688861dcf762	1081	869	87	41	with
cee40512-d44d-4296-9805-de1c2dca8ffa	1173	869	132	41	tongues
ed73a23f-98fa-4d68-afa1-7dffb64a96aa	138	907	55	38	of
2d659ab3-1bb2-47f4-80ad-cb31666a71a0	138	907	55	38	,
f296dc26-582e-4ea0-ab42-8c664860c79a	198	907	79	37	162
59ee801c-8e4b-46dc-972f-472ab857e1f9	198	907	79	37	,
272b19ce-2b93-4ffa-bb32-303d47bea3e0	281	907	97	37	163
1a29a3b2-ea8a-413c-8c0c-a3133f7acae2	281	907	97	37	;
a87aa567-5e96-44fa-9c8a-b886ca679505	383	907	51	37	to
7a06ef3a-fecb-40ff-8ded-c59a632906f2	438	907	65	37	the
916963cf-6445-4851-a7e8-f21f53b2b788	508	907	106	37	devil
2b23416e-891f-4190-aded-66c42e893989	508	907	106	37	,
3763d6d6-0000-4279-bca3-5ef0ed8cec6d	619	907	92	37	174
c41549a3-3770-40ec-ab7a-0ebf324bc816	619	907	92	37	;
1c28fb04-2476-42aa-9986-e0fe55facf1a	716	907	153	37	minister
a8981293-3901-4130-9dad-29402974836a	873	907	51	37	to
ff0ea0a2-ebc1-4ec8-ab23-d7317b05fcf9	928	907	116	37	Jacob
727946ac-23f6-43d1-a8d3-55a045a8f5dd	928	907	116	37	,
7bd849f0-f6fd-4ccc-a67a-e4b80cb292c1	1048	907	97	37	120
ff375ccb-cd8a-43f0-b25c-7bf0eee59f41	1048	907	97	37	;
a741acc4-2933-42ea-8f05-5ab78571e2e1	1150	907	155	38	declaring
fed6b176-4be4-4e2b-8b2e-f3bc501a15f7	138	941	102	41	word
be8a9898-9c25-4f06-841a-87e96f979380	245	941	51	41	to
af1e0521-9db8-487e-bbed-0038398e5066	302	941	118	41	many
bfa9ab88-2fc3-4b4b-9974-28d08df85d49	302	941	118	41	,
6419627c-1699-4ca5-98c7-b6d32f9811dc	425	941	97	41	351
5a47e884-7da5-4a03-9317-c745a0ef6bfd	425	941	97	41	;
c53258ab-bb29-4921-a005-023fe7fb549c	527	941	133	41	appear
f785d6b4-21d0-438f-8288-8f4271fe1cfa	665	941	56	41	to
00b556ae-3fdc-489d-8f00-8e3e89bdf618	727	941	200	41	Lamanites
a90a765c-d076-41dd-bd0f-c628f64ec8c8	727	941	200	41	,
f37beaf1-f172-4fb7-b4d1-de681516607d	932	941	102	41	376
42fc1ef0-a335-4e2a-a33b-4be410bcf682	932	941	102	41	;
8d471ca9-b4e8-49fd-ae84-e948a93db731	1039	941	92	41	visit
5d16cef6-a4be-4b7f-b66b-54fe7e1f74ad	1137	941	128	41	people
d12aca6d-3487-4cb5-9a9e-9928cbdaddb4	1270	941	39	41	of
42d00744-bbb6-4c66-a9f2-ca6aca69cd90	135	979	281	41	Anti
862a53aa-61de-4d4e-b5de-716019079b15	135	979	281	41	-
fb0a4d46-1956-487a-8cba-7ff584f65a6c	135	979	281	41	Nephi
4d143a1b-ff25-47aa-b749-5865b10e7002	135	979	281	41	-
f5604145-406b-4518-bfe5-ad75b2700fdc	135	979	281	41	Lehi
5eb03934-b8c0-4c6e-b9bd-939748021507	135	979	281	41	,
7def86d7-0911-4b83-a40a-96c81d9fe215	422	979	97	41	392
e8c1aa72-2e0d-485d-aa6b-25a890f67fbb	422	979	97	41	;
4e4d5b25-b049-4a54-bada-f4d500bb8d4a	524	979	133	41	declare
03d3d968-a74b-435a-b771-f40e7b207409	662	979	133	41	tidings
d451c2ce-28a3-4d42-a525-db1e623bef5c	801	979	46	41	of
c6d4d0cf-b595-4322-ba82-defe5fde8681	852	979	200	41	repentance
effdaeb6-3ff8-45b8-aaf2-dd3d705aa4e6	852	979	200	41	,
4ff25a10-8f68-4603-b319-036464d07374	1057	979	97	41	557
c2b1b29d-6cbf-4412-80df-64557f88b32c	1057	979	97	41	;
f9527c52-f81f-40a0-8e2d-0148017bdc88	1159	979	102	41	faces
59f5bbe5-a294-4a69-b9fc-b005de2461cf	1267	979	38	41	of
7ee29f27-ba72-4186-b323-5dccb56e2a87	138	1017	102	41	Nephi
11801655-3932-452a-b722-c60ff6c968fa	245	1017	77	41	and
40a457b4-dc02-47b7-b95e-f3ebac6202a4	327	1017	82	41	Lebi
0a92c5ce-4a96-4940-8b0e-3c28245c565b	414	1017	97	41	shine
26904468-2774-4f6e-8df9-ce86e6358c83	517	1017	56	41	as
294778f4-c085-45b6-84be-54e8507496ad	517	1017	56	41	,
629a865e-4c72-4a58-a273-b0d958f5dce4	578	1017	92	41	509
71272de5-5ee4-4d26-9741-51f98c544d08	578	1017	92	41	;
1c3e4410-86fd-4ecd-bd88-fbde44749147	676	1017	149	41	minister
5ca8b567-04ed-4d83-a220-6d4e62404c40	829	1017	46	41	to
7a7d2d6e-1851-4c8d-9360-ff970d9cf545	881	1017	159	41	Nephites
8d1441a7-b339-41f4-8a8d-7103d9fa8e7e	1044	1017	72	41	and
a7ffb421-78bc-44ac-8eba-878c20f45349	1121	1017	187	41	Lamanites
05e4197d-9112-4f8f-86ce-5f5a1e185ae8	1121	1017	187	41	,
4561461d-b319-4974-9a55-847ba75683c1	135	1055	92	41	561
ef81bc42-0180-4862-86bc-4c87c02346ff	135	1055	92	41	;
b24a5e9b-dca7-45e3-b12e-d452b0428f10	232	1055	128	41	appear
4485daad-e04f-49ad-b54d-470f442dc6ad	365	1055	46	41	to
db263e47-e949-44f8-9d87-9fabbbc209f3	417	1055	92	41	wise
90d49f95-5b0e-4c58-99d2-4fb7d75adf8c	514	1055	92	41	men
cdab78ae-089d-41ae-ab99-7115aacecfde	514	1055	92	41	,
8f58a1f5-accc-4b85-999b-0fcc168c08d0	611	1055	92	41	598
4756ff0d-ac8d-45bc-bc25-122d6528270f	611	1055	92	41	;
1f244016-8e49-4626-b052-f96d3ae042dd	709	1055	92	41	visit
4fbdda91-b1ac-4550-a707-70526ba83ba4	806	1055	123	41	Nephi
515dffa7-2902-431f-85d1-c1049fc02e11	806	1055	123	41	,
1b165b77-3856-41ea-8b11-c7f6902a7a86	934	1055	92	41	622
c74b2735-4e6e-4511-b875-0775a70ba871	934	1055	92	41	;
01e9a0e1-2be9-4252-b4cd-b367681e5ba3	1031	1055	51	41	of
a26c0334-2e64-47ed-9fcd-4fa3ae12d43f	1088	1055	97	41	devil
473d4878-8cd0-4de0-b2d2-9b1df1adcb09	1190	1055	115	41	rejoice
7964bf64-a366-4ccd-a08e-82e960e2ed1f	135	1092	46	41	in
90d7e914-3b69-4207-b655-183934fadaac	186	1092	184	41	calamities
c4877ea9-89f3-4c01-910a-c401f0d12105	376	1092	46	41	of
286d68ce-9b7b-4bda-88af-e6caf751ff16	427	1092	123	41	people
e3df2218-db02-4fb0-8115-02a6829c9074	427	1092	123	41	,
d95f11e4-fce8-43eb-9838-1143afebd706	555	1092	92	41	626
02c2b7ab-30d6-4da7-9d4e-07f648a6f6e6	555	1092	92	41	;
027c18da-ae4c-496c-8d53-845648e41f9f	652	1092	154	41	minister
d27d8b16-14b1-4ce9-a39a-16aa78bc4372	811	1092	46	41	to
e9ce41da-d68b-4139-ac5f-dbe08481c246	862	1092	97	41	little
07e5f633-6361-4c85-9a8c-8d2946b72d83	965	1092	159	41	children
fe1469d8-62fd-43fd-958a-872527d6eb56	965	1092	159	41	,
88b86f1f-b3a8-4807-806f-4c3a769483c9	1128	1092	92	41	650
dd397989-ce20-4dcf-b6d1-e6ce141cacf4	1128	1092	92	41	;
39c287a2-165e-48cd-8b32-b2e4285c084b	1226	1092	83	41	min
a0c2b954-46da-4f46-a5ab-f97460088eaf	1226	1092	83	41	-
21ad4d04-f9f3-4c75-9f46-2bf03b45335f	135	1130	97	41	ister
20668459-ef0c-4c99-81d0-0c1e476660ce	237	1130	56	41	to
9f0649be-373a-4cc6-8c68-a7c532baab35	299	1130	128	41	twelve
b7bfb565-d067-43da-bfd7-ebaf99a1f87e	432	1130	169	41	disciples
9f0d7cec-8afa-4a8e-aa20-2111bcef1327	432	1130	169	41	,
0b74439e-37e3-4142-8f52-7cc7c8372c1d	606	1130	102	41	655
be29b04e-a218-469f-98bb-9bd8dc28c738	606	1130	102	41	;
a850e9f4-befa-49b9-83c5-5be8fe982b8b	714	1130	108	41	three
29a2ad1e-d85d-4613-9b1d-6c483bcd0cf7	826	1130	149	41	Nephite
b4222844-76c2-4f2d-961b-dde9e2d1501d	980	1130	164	41	disciples
aabeb99e-07e3-46d2-857b-26802f4bff92	1149	1130	59	41	as
f31039d1-53f9-4c57-a736-4cdaec7872e4	1149	1130	59	41	,
f67a6cf2-27e7-4905-a160-c545008e3d8e	1214	1130	94	35	678
f846ac3d-0da3-44dd-9204-637b6c9ed31a	1214	1130	94	35	;
8826de57-6bf7-4b66-9f2d-1d66e562c9dd	138	1171	91	35	office
a05f4e40-a642-4760-a45d-7094ccd884d7	234	1171	74	35	and
e5f21e3a-9236-4c4a-82dc-ad026aa5b639	313	1171	153	35	ministry
0a2675f9-5102-4342-837a-6cec0c92b9bc	470	1171	52	35	of
f57e790e-4d2d-4acd-bdb1-177285fc479b	470	1171	52	35	,
baceb47b-3742-4af1-be59-ae5109f0b316	527	1171	77	35	766
5da3db0f-b2bc-4ca1-aeee-c2002d334fb9	527	1171	77	35	.
f511efd6-c9be-47e2-9bee-02231abe20ba	101	1206	113	41	Anger
851200d3-b14d-4ceb-9a6c-7d0cf4bb833e	101	1206	113	41	,
9f1a93e2-8f12-4696-98a7-17704d0f9235	219	1206	118	41	people
beaed9ec-304d-4853-810a-a101381b34d9	342	1206	143	41	drunken
613acadc-84d0-42b9-b346-eaa75289a2d2	490	1206	97	41	with
a0424fcb-3b33-43b3-ad18-fab4a81541e8	490	1206	97	41	,
769e7359-76ba-454b-9cc2-151fad30adcd	593	1206	87	41	758
3a482be4-d8d5-4536-a95c-d55363a2e69c	593	1206	87	41	;
e015283c-c49c-4d7a-9546-8e446e7d126f	685	1206	41	41	of
e240a574-3c81-4343-b640-8b3d5fd9117e	731	1206	164	41	Nephites
263a8bcb-b4a5-43bc-a5ca-bdea4405ac78	731	1206	164	41	,
1ea1e9a2-a703-42c5-9753-ee09fe9e6c92	900	1206	78	41	772
94ed06e6-b8a5-4428-9048-381065afb351	900	1206	78	41	.
e3e20606-cb71-4650-8892-20cd1b6ced4c	104	1244	135	41	Angola
e873116a-3f34-4c20-8c0a-f8c7541a3e1e	104	1244	135	41	,
c7aa8ddb-b21b-4f28-bea5-0b7af389bfb3	244	1244	155	40	Nephites
1039a4f7-6948-4620-af1c-4bf8bde7d4df	404	1244	120	40	fortify
28b62af2-4865-4c5e-963c-7bd5194a9cd2	529	1244	80	40	city
47902384-244c-4fc2-9f16-de8ae37a633a	614	1244	55	40	of
748ffd04-096e-4e5c-9dbe-5c15fa5ffb98	614	1244	55	40	,
62356ae4-1da3-4b6d-a800-a73b1a34846a	674	1244	185	40	Lamanites
509f8163-e4fa-4b1a-8fe0-da17b6b74f71	863	1244	95	40	drive
bca84005-a98d-48d7-a830-74b8abcab75c	963	1244	160	40	Nephites
2bb490f3-de99-48af-870d-293f9c8b4014	1128	1244	100	40	from
0abdb9ab-f613-499d-b18b-0e884aac148c	1128	1244	100	40	,
b458f699-9aa6-4323-86da-fb991ebfe2b0	1233	1244	78	41	689
a1344514-2b87-4248-b65f-e83632f75275	1233	1244	78	41	.
b0e248ea-fe1c-4b45-93b2-3d58193bdcd8	101	1284	162	39	Ani
ed43ff9b-f0ac-4374-95bb-cf8e8f6c3fc4	101	1284	162	39	-
27f4836d-63b2-4fb6-a59f-80d56fb8611c	101	1284	162	39	Anti
16a8e174-c742-4bc5-a5cd-04d9f9f06a72	101	1284	162	39	,
11a4fc50-605d-4e1b-bfe2-71021aab153d	267	1283	114	38	Aaron
bef52d9f-bca0-47fe-a242-982e0178bd4f	385	1283	86	38	goes
d4c2802e-f4f7-48f5-ad05-0aa01c2751c1	476	1283	52	38	to
4ff3ef3e-0f9e-4758-87b5-92323b0a6798	476	1283	52	38	,
21330d12-5e44-43b0-9f31-6f9b0697fa50	532	1282	95	38	382
5851fd94-b3f5-4418-85c8-c865b46f7ad0	532	1282	95	38	;
6491d253-a0a1-45b5-93e7-81013ff39210	632	1282	128	39	Muloki
25d4d977-6297-4424-af18-76a412f3dee4	765	1281	57	38	at
38670a5a-0ac4-4cda-beff-ac25a5559925	765	1281	57	38	,
3b407ce7-db83-4331-bb87-c31eea1dfd0f	827	1281	76	39	382
860b132a-6660-44c6-9584-0cfbaf8c2811	827	1281	76	38	.
8c2b1453-2f7f-4e5c-badc-9dcdc1a28c69	101	1319	159	41	Animals
bd942472-ca7d-42f6-9bb0-caf696d414b4	101	1319	159	41	,
bc55bce4-c493-4638-84df-092e03550390	265	1319	113	41	found
3ead09f7-60fc-4a5b-9aa1-c26adbb41cbe	383	1319	51	41	in
75b7ac67-87ea-4332-b7eb-177f62fc5ac5	439	1319	92	41	land
64933612-1dd1-44af-82f5-93b834adb43f	536	1319	46	41	of
7a82d2e6-0a09-4103-8388-fe9d6192b004	587	1319	154	41	promise
aab1d7a3-46c9-4160-ae1d-ffd2d7624b53	587	1319	154	41	,
b77094e9-5a62-404a-a80b-f81f6b5d3345	746	1319	77	41	63
19998f02-caa1-4b2a-9f3c-c42341590e79	746	1319	77	41	;
24267d9c-628e-4465-a4aa-a27eef7b9668	828	1319	118	41	raised
4d52b8c2-8b39-4ec5-8388-572c0e36cc29	951	1319	56	41	by
40dfc440-49e8-4e4e-9eda-6931f40d58ab	1013	1319	123	41	people
3cb9af8a-ea77-49ce-9814-4a930161c837	1141	1319	51	41	of
7e0d1226-0f51-43bd-a972-d4f7c2619e7b	1197	1319	115	41	Nephi
0c8e4d8c-39d4-4190-a6cf-fc97e9a53acd	1197	1319	115	41	,
d2016c1f-39f6-4a25-8f45-78532342caf0	138	1357	66	41	95
84ee449b-53cc-4c43-a853-d43b5d5cc5a3	138	1357	66	41	;
a3bdc8f0-84bf-46bf-93ee-efdf4bfb9b26	210	1357	51	41	to
80738bda-e002-4b78-ab77-c3066fd79cde	266	1357	97	41	dwell
250f093b-e2f4-4220-b540-0dc0641f9eea	368	1357	46	41	in
2f92bb22-2754-48ce-a8ab-74dff435c7cf	420	1357	113	41	peace
1a845e01-8de8-4eaf-8362-5630acf183bd	420	1357	113	41	,
dab978c3-35e4-40d5-ae57-7838918fba46	537	1357	92	41	150
f10a85d2-6c12-452f-9a74-f29796897965	537	1357	92	41	;
09acd540-0f03-4ff2-9d6a-5bf668523f57	635	1357	164	41	possessed
4e6957cd-e41a-4fbe-b36d-fdab3cf82e7c	804	1357	56	41	by
f2e0dcf1-8bbc-4651-8a85-362119228053	865	1357	174	41	Jaredites
d8904621-7630-4a91-a21e-e69cb0ce1c44	865	1357	174	41	,
61500932-19d3-425d-8c24-4793e2598869	1044	1357	75	41	737
e7d014cc-e02f-463b-bb4a-aaad81672d9c	1044	1357	75	41	.
2b226605-8718-4f49-9902-ac8b89e1da3f	104	1395	195	41	Anti
27b39d60-a763-4761-ab93-b6e37ec9f449	104	1395	195	41	-
9dab0c81-0bac-4404-bd08-3ecb824df878	104	1395	195	41	christ
e9c3f749-b319-4c10-a72c-25e8dcd00232	104	1395	195	41	,
a081da35-7681-4710-85c6-78483e641ac5	304	1395	46	41	in
ceb55e80-da77-48fb-a311-fea0de39d642	355	1395	200	41	Zarahemla
12699942-b3c1-4a4b-918c-d2eaf3643aaa	355	1395	200	41	,
157a3bac-66d3-477d-bbed-3e8a1ea8719f	560	1395	87	41	409
759a1ac3-e1c4-43bc-88d1-c90cf3c123d6	560	1395	87	41	;
9385c662-fed8-4114-95e2-4cf80de0db60	652	1395	51	41	in
208cf0e8-638d-499a-b729-3b218091007f	708	1395	133	41	Gideon
4665ec76-ba63-44ed-ab17-9f5ee994fa95	708	1395	133	41	,
ac56e9d2-335e-48db-8af9-f65d16bdf246	847	1395	78	41	411
850bde07-16c5-4e6a-8c1a-d72727524e34	847	1395	78	41	.
78332dfa-f3df-422f-9864-6662b5aed2a9	104	1432	169	41	Antionah
0fac2a11-9a34-49a9-b476-a677d327fb33	104	1432	169	41	,
099b0397-ac41-4d46-b340-cbd32611aa94	278	1432	92	41	ruler
9e01335e-3bce-4b4c-9230-0a6e7151eb40	375	1432	46	41	of
961bb451-7732-46fc-bc55-86de5a379cf1	427	1432	113	41	people
ce338cc5-119e-40cc-b269-8f8babc50feb	544	1432	46	41	of
ea4243e8-2a23-4ed3-9669-c272e2b8d522	596	1432	220	41	Ammonihah
52f32671-170c-4852-ac54-1a3841ab3eaf	596	1432	220	41	,
1e567bf6-89d0-4677-ab5e-ef979d49eea2	821	1432	164	41	questions
616060ae-f281-4aee-81d0-e3f71bcd93c5	990	1432	108	41	Alma
8aca5c75-7f37-4d39-a4a8-38d12aaf2dff	990	1432	108	41	,
c479ca98-8acf-4a8a-807c-8244f04aff9d	1103	1432	77	41	345
47c3611e-3739-47bb-b8b7-6686e14d0f84	1103	1432	77	41	.
7087ed2c-89d3-4a94-a726-035a1c0997f7	107	1470	128	41	Antion
9aa668c1-8720-4b72-91d0-534a4a831ef8	107	1470	128	41	,
3436cb0f-d6f4-45e0-bf6a-536a669c3056	240	1470	46	41	of
e92bc963-b7ff-4b45-8ec1-c6479e9ea820	291	1470	92	41	gold
d338b7e1-45b2-4bb6-b91c-0fd4312229ef	291	1470	92	41	,
edb6f48e-7caf-42ca-9d63-57ee1eaa94c3	389	1470	77	41	339
42d71a2f-adf7-4480-bb9e-e6257358bcae	389	1470	77	41	.
e3e35773-0b00-4464-8665-58cd5399dcca	107	1509	278	41	Anti
21a47162-7f2c-400e-a050-e5ce94e0cb6e	107	1509	278	41	-
003f7324-df60-4617-8579-99efccbb318a	107	1509	278	41	Nephi
fa165c0a-f04b-4c6e-a19a-9a3a9266e133	107	1509	278	41	-
d1946316-d736-4984-8707-fbc9c3425857	107	1509	278	41	Lehi
b3aae6e0-3a56-4d5d-ad85-b87ee46673b5	107	1509	278	41	,
986fbd0a-c041-4f94-a090-a63867cedc71	389	1509	102	39	made
dd74f62c-67cc-48ec-99a4-66bc1ad7dfa0	497	1508	98	39	king
055e1f39-2c16-4a2c-b8de-cf438d1d28c1	497	1508	98	39	,
7b81369b-7181-41c3-acc9-dbf8ee04319d	599	1508	98	39	391
028b8514-6fba-4d2d-b687-09897d1a8481	599	1508	98	39	;
3b2c196d-5396-45ce-b7aa-5673886f2517	701	1507	137	40	Ammon
bf643172-4334-4ff0-9721-16a35ad29297	842	1507	78	39	and
c7060b60-954c-424f-b504-29968d4ff43e	925	1506	156	40	brethren
5dba887b-aae6-44aa-9481-99cc5d0423b5	1086	1505	137	40	counsel
ca6153a0-99e8-45d9-b04f-78a177a48e1a	1227	1505	81	40	with
bfa055b0-84a1-462c-91f3-29ca7473a4df	145	1546	133	38	Lamoni
a3080d2d-b764-4b54-9529-a2b860f083b6	283	1546	81	38	and
65ea4b2c-6113-4491-88b7-59ffb786bff3	283	1546	81	38	,
265c4a3b-2118-4dc2-b2c8-5530bee85eb8	368	1546	90	38	391
90295c65-593f-44d3-8a05-1140b882e954	368	1546	90	38	;
f1ffe989-c89e-4d2d-a87a-1e790dd539fe	463	1546	133	38	forbids
eac7c1fa-edd9-4cb1-955f-8e2d8b6ef664	601	1546	114	38	people
7fe6240a-d066-412a-bb6a-291a14b011f2	719	1546	47	38	to
09fdea8f-08c7-42a3-834f-67c4c0a797a1	771	1546	47	38	go
9f464474-01f3-4dcc-80ff-5d57c6e93e89	824	1546	47	38	to
0872d1d2-a4ba-440e-be49-a4d1f3a2c44b	876	1546	85	38	war
4b63eee8-1e48-40e0-a954-941dff6b5ebd	876	1546	85	38	,
6d2fd2fb-33ca-4540-be0a-1c318eebbd47	966	1546	78	38	391
40ded0d7-1a61-401b-ac9b-79a8942f39c7	966	1546	78	38	.
fca673cf-b167-47b4-b4a8-57752213a3dd	107	1583	313	42	Anti
66055590-69f7-4aef-9766-b9a4144c2284	107	1583	313	42	-
5aeffa0c-8a1d-4f1a-8fd8-e5f96b33cdaa	107	1583	313	42	Nephi
fe44ca9a-3761-4aa3-a60b-f76824748a1b	107	1583	313	42	-
f08f209a-58fc-4545-89c6-440c556b37ad	107	1583	313	42	Lehies
6c5b9ab1-9cab-437a-aa2d-50be0419e842	107	1583	313	42	,
7d14ba31-1c7c-4fb9-99d6-7ca779ef0322	424	1583	108	41	name
879d9bc5-9c35-4aec-80c5-b853d3b45e36	537	1583	46	41	of
fbda7901-bcfc-4525-b57d-54013fe3c471	588	1582	190	42	Lamanites
c0687c94-cd5d-4570-91d2-c5510d017e69	783	1581	184	42	converted
37a9f40b-cce4-4173-a2f5-ac64dfdeff75	783	1581	184	42	,
94ab29b9-d61d-42e0-b55d-0a4a71a83632	972	1581	97	41	390
4d409028-3d71-4064-b5cb-ce2135a6b9f4	972	1581	97	41	;
673d7eae-af89-4ecc-928b-ab898750a674	1075	1581	149	41	friendly
1cd8e683-8766-4d12-a7c1-cd753be220c5	1228	1580	80	42	witl
cfed7562-8e49-4ffc-9b27-0bf10ffd5d7c	145	1625	159	32	Nephites
f116e1e9-4f62-414b-aebe-ac57bd3d00a3	145	1625	159	31	,
8e9bbe17-e5c0-4967-93f0-15b10cac0ac2	308	1625	66	31	391
d436da58-3074-406d-86a5-eadd1fcf9add	377	1625	23	31	;
c673ba00-3417-4055-a07b-ca696efa1814	404	1625	209	31	Amuionites
579e182e-e5de-4fc7-bccc-e82327a982eb	404	1625	209	31	,
1fa41aba-cd89-490a-9a55-cb2fb5d27bbc	617	1625	201	31	Amalekites
f9731dd6-8cd2-4316-9e9b-f042644b8a0e	617	1625	201	31	,
79df8aab-312c-4d4f-946f-9afc2cdbb0eb	823	1625	74	31	and
4e0d18fd-bd30-4d48-9e50-fc7aeda5ba10	900	1625	186	31	Lamanites
bcef0220-da5c-44db-8a87-4cf9fef6c494	1090	1625	93	31	rebel
cc08acd3-ce21-4d55-a720-00ae6344174f	1187	1625	122	32	against
7c080d94-d4e5-4f24-9d61-ac6351112b8b	145	1656	81	38	king
75faa54f-b25b-43d9-8497-16ccae309bde	230	1656	52	38	of
f629e5fc-3649-43a0-90ef-c447a838c86c	230	1656	52	38	,
80c3fa13-c301-42f7-be88-c7398e16b337	287	1656	95	38	391
14d4dd11-7b6b-47f6-a274-68d08f3944fc	287	1656	95	38	;
3229bd16-8ea1-4e11-be02-e7f14c766651	387	1656	275	38	Anti
cedeb457-30fd-431c-bd3a-aa355528ca87	387	1656	275	38	-
0b631991-7029-4c1b-bab1-013eb319ac94	387	1656	275	38	Nephi
58456500-82f1-42c2-a985-cc0a7621960a	387	1656	275	38	-
aa369173-dbdd-4edf-94d3-d7bb2b325276	387	1656	275	38	Lehi
eb9e1030-dca3-4dca-96a9-fe58703e4e88	667	1656	100	38	made
7fef84f8-242a-48cd-accb-2ad227bb5e0e	771	1656	90	38	king
698fbab3-76d6-42ce-8c0b-2a670056e897	866	1656	52	38	of
34298eec-866c-4460-b848-e3d8b57484c3	866	1656	52	38	,
ea6e1331-0131-487e-a107-ddeeb1688b46	923	1656	95	38	391
f07d64a1-5587-47a0-a5f7-3d34effb4bd3	923	1656	95	38	;
0537bfcc-88b8-4152-96a8-60bd3044b5a2	1023	1656	114	38	would
1b6973c1-4adf-4de0-9559-31dbf005a5ae	1142	1656	66	38	not
64d3bd35-823f-4001-9cff-99cb6105276a	1213	1656	52	38	go
55b448d2-f22d-48c3-ae79-2e16a0ece657	1270	1656	38	38	to
bc80aa0f-c63a-4a95-a475-50977e523b27	145	1697	85	41	war
da2d2460-80d0-46b7-bfe9-5798492b1c48	145	1697	85	41	,
f6c22c70-1e90-4720-8641-38bdb53934c0	235	1697	90	40	391
fa83af45-b9ed-4f15-b3f4-8ef866ca0052	235	1697	90	40	,
d49c508e-5098-40d0-9e4c-f712851f080c	329	1697	100	40	402
ade995c1-9e3f-484b-a224-9672cd32ccc1	329	1697	100	40	;
4666e027-c503-42ba-905b-ab5b95bde19e	434	1696	95	40	bury
94d0ce7d-4244-4b88-9077-67d09e2bff75	534	1696	135	40	swords
6ae21702-588b-4bdf-81b4-2b1fa9e75082	674	1696	85	40	and
629855f6-71e2-485e-bed0-93f6ed66f838	764	1695	110	40	other
4443b4a8-48f1-4b45-a43c-65c6ecaeaa07	879	1695	160	41	weapons
4f909402-48da-46e0-8318-c0ea0e2fcd79	879	1695	160	41	,
b7e01712-da07-4f62-bf14-846b77be9629	1044	1694	100	40	392
9286689a-4853-4a4a-afa1-01de9c26ed26	1044	1694	100	40	;
d02d264f-1484-4f18-88d0-5a094ddb9bf7	1149	1694	163	41	prostrate
495f8732-54c6-42e7-b125-a8255b991647	144	1736	185	41	themselves
bcadb33e-9eeb-44ed-a78e-5ec12571dd69	334	1735	117	40	before
f0f82453-85bd-474e-93e3-5fcc16ea547d	456	1733	190	40	Lamanites
b30a758b-1354-432b-8a68-7c8cb1dbb52e	456	1733	190	40	,
6572f1c9-b226-4443-b0c3-09a8f98492d2	651	1733	93	40	394
b0daa30f-3dc0-4584-910b-b8027854bcd2	651	1733	93	40	;
d3a2c194-c17f-45c9-954f-4c37011e7d07	749	1732	98	40	slain
68fac375-3f59-442e-999d-dc8f67ba4aa2	851	1731	49	39	by
4b75be28-fd85-43cf-8597-00358cc640a4	904	1730	195	40	Lamanites
0912db0e-cd47-4122-ab5a-6341af8c9347	904	1730	195	40	,
b86a1851-3b2e-4c40-9112-023bc4be49c1	1104	1729	93	40	391
48fc7f26-1307-4df5-8f35-4d6b08e6ff18	1104	1729	93	40	;
eb9bc7c2-09b6-4f1a-bfed-cba316d5a9e7	1202	1728	110	41	joined
6f836a27-0b0b-4664-804b-e6f45531e47c	145	1769	57	41	by
7144fc8f-9d20-42d4-ae7d-60e3fe1843d1	206	1769	195	41	Lamanites
3e420134-5a59-427b-9cb0-b5799649ad3e	206	1769	195	41	,
24c74d72-2d01-4119-b40e-c955ea054e4f	406	1769	97	41	396
52cacc52-34ee-457a-af53-b7d35effb50d	406	1769	97	41	;
999b48c7-8984-466a-8d19-2aa0e743cbbc	509	1769	138	41	observe
ed82b7b4-58d3-4d84-980f-eb47c700d6da	652	1769	82	41	law
04faaa59-5e03-46c2-a49c-fdfabff6b52e	739	1769	46	41	of
00d140f2-b7a6-40fe-a83a-79da022715a0	790	1769	128	41	Moses
a8079df6-4b33-4dc5-b5eb-ea1e37c7b79e	790	1769	128	41	,
ad74bace-8207-476c-93bb-7bdd3af8d75d	923	1769	97	41	396
4f509ab4-44f1-4958-a8ef-5b15e4ca610d	923	1769	97	41	;
3a520a79-4b0d-4f89-bf0a-680569422163	1026	1769	195	41	Amalekites
96fd952a-3faa-422b-9e0e-a3b84ba97aa4	1226	1769	89	41	slay
0f3afc57-9574-4ca9-8fc9-4d2a2da22512	1226	1769	89	41	,
db5f042b-31fd-4283-9518-99e21c12c75a	145	1807	87	41	402
01350429-4e54-4b7b-aadc-e75d382a96a2	145	1807	87	41	;
cc971608-81e4-4d67-a590-2731bc1ea3b9	237	1807	128	41	depart
d7bb1f8a-e0e5-477e-a634-9fa937bb67b3	370	1807	72	41	out
4a39767c-0225-49f8-94a5-dfe30553abbd	447	1807	46	41	of
68755099-f2ef-45a0-8e5b-ed33fa7dbe88	498	1807	97	41	land
6cfce8ed-7d87-4d04-8c47-fa26b828059b	498	1807	97	41	,
d4bc8f25-2a11-41d8-a837-a254ac0bd98a	601	1807	97	41	403
027783a0-781e-49e2-b6cf-fb794d42062a	601	1807	97	41	;
db07580d-3c06-4e78-953b-4be037633dd7	703	1807	210	41	commanded
eb00162a-b869-4b25-ac9f-ee0847a614cd	918	1807	51	41	to
5a89715c-fc1d-4d58-9070-e6d8cfc1fa9f	975	1807	123	41	depart
33a0b5de-b558-47ab-822a-7b4855421dd3	1103	1807	82	41	into
f487219a-ebc4-4156-8378-db9f4cb16313	1190	1807	125	41	wilder
6fdc8542-dd36-4e6a-9d03-8a2e177aea29	1190	1807	125	41	-
d50ed7bc-b028-42c7-b46a-7c028e24a7f5	145	1845	92	41	ness
d329556d-bf44-4697-96b7-e268075f4c35	145	1845	92	41	,
ce1a9c8d-f6c1-45d4-8d47-9301b8774e8e	242	1845	97	41	403
97c0ede8-77a4-4d73-afa4-10ecf193e37c	242	1845	97	41	;
2f4d46ce-b48b-40ed-88bc-a0163d878bd1	345	1845	241	41	proclamation
1e1dde4a-9d8e-43d3-91a7-d96403f4e468	590	1845	205	41	concerning
b89c62f4-5e43-4086-83c7-9e833994b417	590	1845	205	41	,
badd20a5-52bd-4502-8abe-8be70f3186a3	800	1845	97	41	404
1954d84b-2118-4030-b004-b084df34b291	800	1845	97	41	;
0b52d97e-5143-48d6-afb4-7beccac44927	903	1845	97	41	land
baad0b59-2453-4c33-9211-4858f12a5734	1005	1845	51	41	of
eebeb9fd-9e1b-4d30-af31-104814e7c8c6	1062	1845	154	41	Jershon
dcfff81d-1f7d-46ea-8f87-0b9c011de449	1220	1845	91	41	given
8c046c88-dde0-4865-9ad2-9f147d9213fb	145	1886	54	40	to
2d5ce5f2-a2fa-4a3f-9ef4-a67a0f49cd3c	145	1886	54	40	,
e6d5b03d-53e5-4742-944d-079749824e18	203	1885	93	40	401
e209ca4f-b19b-46aa-a2b0-08c91a57cc21	203	1885	93	40	;
0e5fb35b-c4ff-4450-8d18-3d15d1ef5273	300	1884	176	40	protected
2e87a884-36bc-4f95-820f-da029f197a96	481	1884	54	39	by
375b9424-2361-4267-bfb4-e0b41c4991aa	539	1883	171	40	Nephites
420cd25c-fd78-4593-9275-8e38b7ddeb54	539	1883	171	40	,
b72a8a56-d478-4e87-b43d-a5bdca4a4855	714	1882	93	40	404
7f79907b-c1d0-44ec-b1c0-e7866daf88f1	714	1882	93	40	;
42554e2c-e73e-4318-bb8b-4653b8fd4073	812	1881	107	40	Alma
8a2ed05e-5df1-44a7-8f89-11f372d2e50c	924	1880	117	40	visits
8d7c0595-f0f4-4a3f-b6ed-c6dc42230aec	924	1880	117	40	,
2924c6ba-b78a-4f11-9909-a194824aa228	1046	1880	93	40	401
68ea52a0-c143-4808-b34e-e14cafc1fcad	1046	1880	93	40	;
6034202f-7293-469e-9d9b-7c98ca2ad350	1143	1879	93	40	take
da05d5ba-af0e-477c-adb0-532eb3c5256b	1241	1879	74	40	pos
9ea6e6d1-aa9b-4452-8efc-504723de8c04	1241	1879	74	40	-
162ef939-7f6e-4a21-b1b3-14a3ed1236ca	144	1924	128	39	session
f8128a3f-494c-4336-a7bd-917f1bd055be	277	1923	43	38	of
cc979d21-0b7e-4dec-aa33-2b58be4a8a6f	325	1922	152	39	Jershon
ca85598d-6111-4e08-b594-95b147f918de	325	1922	152	39	.
f8aa6b6b-daa3-47be-93de-067ca15bbba1	481	1922	90	39	405
d600abb4-06e7-4a48-8a40-b638160b47e7	481	1922	90	39	;
34ab92db-187e-408c-836e-be6b006c8799	576	1921	128	39	hatred
5a995b8f-f945-443b-8dd8-6619b088e761	709	1920	48	38	of
e3df2a43-8377-4fbb-be15-b7de36a35918	762	1919	185	39	Lamanites
5f1dc8dd-9404-4a60-ae8b-4fe8a9ce1714	951	1918	152	39	towards
d22157e8-fe7f-49b4-804a-ab3a0ce52dfc	951	1918	152	39	,
4405d3ea-faa8-49c9-a6ef-8bf813fa6ec6	1108	1917	95	39	457
5e04c974-e6d8-4421-bdf4-99865640cf06	1108	1917	95	39	;
d66d3caf-d734-43b3-8896-b30bf4cf3095	1208	1916	104	39	would
c3c9e667-2657-4fd7-b759-bc7b7850f02e	145	1961	67	38	not
c162a384-4ebf-4637-91c4-f1e0202b2f1f	216	1961	85	38	take
44ea9c5b-108e-442c-8025-f1462bec036c	306	1961	57	38	up
785eb3c5-d3a7-4c21-a3e2-b7d9c1d620ab	368	1961	104	38	arms
2a53a5bc-c776-4d04-b777-08b0ad3a0baa	368	1961	104	38	,
ff33283b-3804-4f7b-ba36-d33656a87478	477	1961	76	38	457
f756c108-41f8-4b55-9d00-2afd4d30d000	477	1961	76	38	.
ab2877a5-912a-4647-a24a-62e6a8cc5799	107	1999	180	38	Antiomno
ea4b2e20-8695-4496-b71e-7909fd1ff1a4	107	1999	180	38	,
5a1be2bf-ca63-4de6-84ce-01a18c423306	292	1999	90	38	king
f4e66ad4-16e8-47cf-8532-d597216f4bcf	387	1999	43	38	of
1e3f1edd-08ff-4c53-8057-9772383dee86	434	1999	157	38	Middoni
19fa5c57-4ebc-46af-a4ec-2f467c62b6db	434	1999	157	38	,
9a36e1be-abd8-4b37-9306-ace579f332cf	596	1999	77	38	377
9bcc4e8c-b46e-4152-ae4f-1e6cd8819774	596	1999	77	38	.
1ec4726c-9aac-4e9d-9545-04183dd6f08e	107	2036	185	43	Antionum
b4dc7030-0037-4602-b3ef-06b22ce7fb6b	107	2036	185	43	,
fc0921fe-0068-4240-b982-984b4bd00a08	296	2035	128	42	settled
45614b4b-da56-45cb-9f19-55b5dfce6888	429	2035	57	41	by
b2efdc49-1d68-4613-815c-b200a9913a50	491	2033	190	42	Zoramites
ae7f7ebe-9ccd-42d4-b378-327ca319fb63	491	2033	190	42	,
4a075432-6053-418d-995c-ee1a02c7647d	686	2033	82	42	416
e7d18057-e227-4ff9-b2cb-95b2899c1c7b	686	2033	82	42	,
b2c69130-71e6-4f5b-9e0f-40acce0489b1	773	2032	98	42	456
87998d53-fe3f-44c3-ab9b-e4cf5436cdf8	773	2032	98	42	;
2591cf3d-d8d1-4043-9452-622edb1c2f83	875	2032	87	42	east
27733217-1bee-4c03-98f6-837e27a15200	967	2031	46	41	of
8083416b-2417-479b-883a-c2113e3375bb	1018	2030	200	42	Zarahemla
6ea55249-a367-46fe-8984-82fa165a1381	1018	2030	200	42	,
0e8a8463-1a38-414a-8864-6b4911545f1c	1223	2029	92	42	416
d12ebc78-3ac9-4079-af78-445fd5b2db55	1223	2029	92	42	;
4c0a6af5-8bf0-4d9b-ae35-a75d71d08d3f	148	2074	181	40	Lamanites
648d8fd5-1183-4bde-bf36-8d5b21a6edba	333	2073	93	40	come
15a7597f-a3ef-4e92-ae31-9c3f7f7319ce	430	2072	83	40	into
5539d42d-7f1a-467c-ac44-db43b27fc84a	518	2072	83	40	land
cc8a4d88-e6da-4e47-8a76-7107627ff577	606	2071	59	39	of
ea7b902f-481f-483c-9955-b2df62beab52	606	2071	59	39	,
bac2b2cb-5644-48a8-895c-80538c6f7413	669	2071	93	40	456
8875471c-4332-453c-a5c0-e57b4a3bbe65	669	2071	93	40	;
59bd780f-f885-4ae2-b748-2ebae9b44027	766	2069	185	40	Lamanites
74469323-0cc4-43e8-bf60-358c7123287d	956	2068	156	40	gathered
1b9f693f-a8d8-432e-ba2e-03d164b2be26	1117	2068	49	39	in
807d3308-555c-4756-af67-993c147372a8	1171	2067	88	40	land
6a0736c2-b1ae-462d-ac0d-3cf49cc73540	1263	2067	52	40	of
9e457e08-0616-4e05-8a15-78a58200a4da	1263	2067	52	39	,
