ID	X	Y	Width	Height	Text
3932e826-7a97-4918-b544-2bb6fb1c0d92	695	69	173	48	INDEX
cdf27779-243b-43ce-8fa0-25cef75bfd59	695	69	173	48	.
66fbbe98-e279-4aeb-8c55-10dfa39a5767	1321	76	72	41	793
1605528a-406b-4d84-bd03-61b8769cdd4f	185	142	166	42	Helaman
26b8e23e-ec27-46c8-abe4-e10a911e276f	185	142	166	41	,
ad649f5a-9866-4546-b93f-5b22c9842fc8	356	144	78	40	son
e73de5fa-55a4-4fed-b354-103a17e0a290	439	144	49	40	of
7a9cfc74-98ac-430b-9240-91d04b0cd837	492	145	112	40	Alma
7aeec326-2ea3-41d0-8cd8-fa6795d080df	492	145	112	40	,
fd25ded4-1978-48eb-8f04-24b48c6166d6	609	146	93	40	417
038a830e-6dac-4a82-a5d1-751a47e2dea4	609	146	93	40	;
2a42a1db-b514-4342-b7c9-224bfec3411f	706	147	254	42	commandment
c451b11f-7a3a-4746-8bd6-a3c2478ad9aa	965	150	54	40	of
dc8247de-4c9a-4956-a9d5-f19efd1c45a9	1023	151	103	40	Alma
257a5605-4207-4680-af2b-8259796e880c	1130	152	59	40	to
0b5e281a-ee9c-4b0b-954f-edb05b7a7af7	1130	152	59	40	,
35594012-8b3d-4b5f-9087-98e408a7888e	1194	153	98	40	434
69211681-4eca-47ab-9ead-8382e0545fd8	1194	153	98	40	;
394466dc-f44a-45a4-bead-5a08b89d6fb7	1296	154	91	41	Alma
baafd4c4-75a1-414a-9800-26eb37e607d0	223	186	153	44	commits
0aa33c10-2425-404a-ae7e-75f734e3a082	382	186	115	44	plates
4d269d8f-cc26-4aa9-a4d7-16e91832fe94	503	186	60	44	to
30e9ab50-796c-4c3c-870a-f3e8eb9a3193	503	186	60	44	,
91166456-b8b6-40fb-96ea-b8cec5dcd452	569	186	214	44	commanded
29dee9f9-498d-4c05-aa0b-f5cf033a421f	789	186	55	44	to
3f86dc07-1ff6-414f-8ba9-8663f38f1c01	849	186	93	44	keep
a24a228d-0a60-4c04-9750-fcc86672055d	948	186	148	44	records
ad33abc8-fd7f-4e00-be76-6fadfa017ae4	948	186	148	44	,
38ceb895-9585-4e0d-ad77-312b8bae1817	1102	186	88	44	437
49f365d0-c0f4-499a-ba0b-f9d4d9ed4927	1102	186	88	44	,
294f68f2-c5a4-4a3d-bd87-84fc8eb85f9b	1196	186	104	44	489
a682179b-8a0f-484d-be82-83231b349dc1	1196	186	104	44	;
6ef08417-85d5-493a-ba01-8a13cd2b6c7d	1306	186	84	44	com
87744189-65ae-4c3d-8742-ceab6889cf85	220	220	142	41	manded
53878c80-4fa0-48e8-b1f9-379f4eaccfa5	366	221	49	39	to
6fd636aa-3818-43b4-b5b3-d38511574fef	420	222	156	40	preserve
2e7d67da-19ca-4a0e-bb2a-4c5fd716a23d	580	223	166	40	directors
8fac9bad-e013-4457-965c-6dc7d8933a03	580	223	166	40	,
ecec7576-8784-4a15-aeeb-2e80e8a08000	751	225	98	40	439
f84cdde3-9f42-483c-aae7-0c0714564aea	751	225	98	40	;
72e4938e-eac6-4bf8-96a8-2abbcc5c764d	853	226	49	39	to
973f651c-e418-48b1-aa2a-1bdf75ddcd80	907	226	88	40	take
857749b6-786a-4be5-a267-585e278d1454	999	227	88	40	care
7304f7fa-a6dd-4bb5-af18-3cc4bcc3cf75	1092	228	44	39	of
d785ba33-81e7-4be0-9d3e-492c490ad098	1141	228	122	40	sacred
4d9a1392-a32f-4a17-8848-23c5660ada61	1267	229	123	41	things
e023c799-d28a-4e6f-906b-f341d4f3594a	1267	229	123	41	,
df14e426-8f90-47e6-8c77-53f61e301b0b	223	257	86	44	443
f04c95fe-160d-435e-9a97-f8e0683e4b2f	223	257	86	44	;
5e793056-bd49-4d37-9621-f02cd1bb9975	314	258	145	44	account
06b484c8-d56e-428c-ab8b-f417f240e7b9	465	260	49	43	of
c983cda5-2665-434c-b7f0-135c7df1ae63	518	260	156	45	Nephites
0e7cbb8a-74a4-4c3b-9101-cb5fd91be96f	679	262	49	43	in
ae884be6-9b27-44dd-be64-390c96ae850f	733	263	92	44	days
31ae6465-076a-40de-97e6-047e974fb2db	830	264	60	44	of
d8c87174-44f9-4e95-88af-40ba459c5cd0	830	264	60	44	,
9ab7f8ac-aac2-4dc3-a12b-a0878c77740d	894	264	92	44	465
d6bc996f-643d-4f6d-b8b0-dacb07ee9c8b	894	264	92	44	;
68327ab7-a3b0-4482-9883-c439ee3f68c7	991	265	129	44	visited
179739a6-3552-486c-91d0-2685c7b02bc6	1125	267	54	44	by
7b2db01c-4e15-44b6-86e7-6a2a7df0fe64	1184	267	113	44	Alma
ec6c8f1e-0088-4901-955a-902be45e2566	1184	267	113	44	,
22aaf7dc-44ba-47f0-a4f5-70ef5e370e21	1302	268	88	45	466
534e7f33-cfa2-4f91-8848-364f2c87ac55	1302	268	88	45	;
e4c43e3f-2caf-48b1-8ade-e3564bcd825e	220	296	140	38	foretold
426ad417-f029-4c03-b45a-0f77103d6180	364	298	198	38	destruction
41fa6f71-fe23-4ed3-ba9a-6ee113c69ef3	566	300	45	36	of
e1c9e6a0-0074-47f5-97c6-87fcba98c87c	616	300	149	38	Nephites
5a15ed57-2645-42d7-9055-6987e1370543	768	302	54	37	by
3cebe247-3ab5-4565-a23c-d8a0a27c4bce	827	303	104	37	Alma
6d9f1036-3c5f-4c20-9383-25f0bf060955	827	303	104	37	,
3f04302b-63ad-4525-8e4e-da6432b712d6	935	304	90	37	466
fa9897a7-b1cd-4808-8ccd-8437100677f2	935	304	90	37	;
220cfb45-3ad2-48a4-97b0-3e0456aa9824	1029	305	144	37	declares
3d3cdd2c-c754-45da-b56e-255a3603cd4d	1178	306	90	37	word
bdd4aa34-5e63-41e3-b6a2-b35b3523deaf	1272	307	115	38	among
b039e814-2256-4ad4-9053-7c577255794a	220	335	123	43	people
2d017a90-3f82-4ade-a8d1-f967572578a1	220	335	123	42	,
5e7eadcb-0012-4185-b106-0420c655b8c6	348	336	92	42	468
66e12ed5-493a-4046-a879-b46be7fc16a1	348	336	92	42	;
a15ee93d-fd00-4b1d-832a-68c3b191b380	445	337	77	42	and
2bb8d171-18f3-421f-b242-62dfaaecfe44	527	338	154	42	brethren
614ebe0f-3c0f-4032-830a-aa09edc157fd	686	339	159	42	establish
32907461-fdbe-44f8-a3ac-7411ce6988d2	850	340	67	41	the
e749b372-3115-4b74-923f-1b7daea5b582	922	341	133	42	church
63c614ba-09ca-4868-b089-ba77fb03fca0	922	341	133	42	,
694cde34-0ea2-4309-9c2d-b4c220d0506e	1060	342	92	42	468
96619e08-6207-4e0b-b444-ecc3142d748e	1060	342	92	42	;
66576c75-892b-48b3-af43-0c629b0e22f1	1157	342	77	42	and
c00fbe57-bfa6-422d-b5d7-34ac709aecf3	1239	343	148	43	brethren
c3a0fd31-1cae-411c-83aa-1f5431bab529	220	378	133	41	appoint
b7adaa97-4450-4c7c-bb37-41a877b2cb4c	358	378	118	41	priests
19686c41-f299-4d2a-94a5-9267d5da7305	481	378	72	41	and
9ffa27db-0c5f-4b46-ab81-50e39027d2f0	558	378	149	41	teachers
a848f055-fe59-4353-89b7-bd2a587887a6	712	378	77	41	over
ec319b6e-4880-419f-8679-42da7345ee17	793	378	133	41	church
0bc48667-8ace-4cc0-a826-e8dcbac65514	793	378	133	41	,
4fb8af98-bf70-4cf9-830a-e57fab2851ed	932	378	87	41	468
93c6cca6-7c7e-4496-a45a-a7094ab64f49	932	378	87	41	;
8b8cd9e6-5f79-4574-b8b9-69900edb0cd7	1024	378	72	41	and
ec6b6246-e342-4096-a003-e8e204e3ed3a	1101	378	149	41	brethren
7b938ee1-b8e2-46d4-b29e-1f653a6c4707	1254	378	133	41	opposed
cfaacfa9-b3b9-49f4-933e-c9f525cceaf9	220	416	58	47	by
874a62b9-dcf2-441e-9e65-d96c26452399	284	416	211	47	Amalickiah
2fc609e1-3c15-4ee8-b079-b37c730993b5	284	416	211	47	,
bc3cb421-ea0e-4426-963f-388279ae2d95	502	416	100	47	468
82f6661b-3a70-4e82-8cb3-9d3a9b22abf9	502	416	100	47	;
04150bd5-7925-4408-9351-2c297fa8516a	607	416	82	47	and
e97ceb81-6768-487e-a2da-eb713db64792	695	416	164	47	brethren
b515773b-77cc-4d44-8afb-7bd197332747	866	416	94	47	high
492fa324-68bc-42fd-accc-7f76b575c4ee	965	416	141	47	priests
8a4bcf0d-196a-4ce8-9e23-4624bd12b68f	965	416	141	47	,
7adfd3e2-64a2-4133-8fc2-ecb4060e5446	1112	416	100	47	469
2bc750b8-ae1d-42cb-9daf-c23efe8e6c2a	1112	416	100	47	;
fbe9aaf7-0097-4bf7-aa13-8d376f09ff44	1218	416	88	47	and
7538db7f-270d-4ac1-83a2-d4da3b6181a1	1312	416	75	47	high
7ec5e7a3-ba23-4b6c-9e67-ce5fbad29d92	220	449	122	41	priests
7628a77c-2ecd-4852-9360-e38835195bb1	347	450	161	41	maintain
0cb8c77f-d811-4cdb-a7e8-3a9ad3eb8c8a	512	452	103	40	order
e12ebbcc-5100-451a-bfe6-ae038a06b173	619	453	49	40	in
be7319a5-f798-4523-84f2-98f37fae0ce4	673	453	137	40	church
991da8c1-71fb-408e-beca-1374214b94b3	673	453	137	40	,
dd04fb6f-8430-4716-9c23-def50689b9ba	814	455	83	40	473
d2cc79ec-6c53-4f1f-8bf0-443ad4be7c80	814	455	83	40	,
daed54b1-8309-4e31-a5f8-782ca6ac25d1	902	456	93	40	484
54d5a3b0-0a30-4397-8caf-a39cfccf54f3	902	456	93	40	;
602b1388-51ae-4b18-9321-82eefb33a717	999	457	156	41	preaches
8ef3f56b-3478-4e9b-8f25-0fd69d080903	1160	459	73	40	and
cf764c30-e2e9-4b83-9d6b-20a4b117503e	1238	459	152	41	baptizes
f70378fa-b4c5-402d-a841-2d8509cf6386	1238	459	152	41	,
3aee2308-90e7-410b-9d0b-8b479fe2d8c4	220	489	90	38	480
a4cd049e-4eec-4584-8f4f-679b17e8a359	220	489	90	37	;
fde4bf36-dcf0-46eb-8e34-81aceb415565	314	490	176	38	persuades
c142e12d-d36b-4697-b44d-763ef4db4959	494	492	126	37	people
04c377c5-0b5c-45f6-bd4e-0ce574d7eb0c	625	493	50	36	of
183ceaab-ddbf-4795-9850-cbabcb66973b	679	494	140	37	Ammon
29092f48-22e7-418b-a7b0-b4f1464be812	822	495	72	37	not
06cae5b4-15b5-4c9a-8bbf-0168c97ca7c4	899	496	50	36	to
e98cef3e-fe31-452e-a832-f03ab35bd2f1	953	496	113	37	break
a0bde5e6-d772-44f1-ab35-f5831dd6e2f0	1070	498	99	37	oath
5cc8bde7-80ce-423b-8455-5c9dd7e9a7f4	1070	498	99	37	,
9dc74afd-b9dc-40de-a07c-c5aaae48ae0f	1173	499	95	37	501
bb97aa99-057d-4359-8ec7-9e8912435501	1173	499	95	37	;
d74c1d7c-d247-484e-95c4-d2d8e55cdabe	1272	500	115	38	chosen
830a3a29-7d50-43be-99b5-9740be0ad54b	220	529	110	44	leader
654a385e-4111-4917-b90b-7d27346e77b5	335	529	44	44	of
c4ca3124-32ad-4b92-ac7a-424b207e93ef	385	529	82	44	sons
f7149dd3-06a5-4151-be51-4e5274af6078	473	529	44	44	of
c8e81c1d-242f-4d39-bb7c-e9bdb304e7ac	522	529	115	44	people
42f4d296-db81-42d7-aeba-bdde9aa7cd73	643	529	44	44	of
60b19565-7691-4005-ab91-ce4c024c129a	693	529	143	44	Ammon
21abca17-819b-4c38-8edd-d4e458896af7	693	529	143	44	,
d60067a0-14eb-4fd2-aa5b-01bf65e3eeed	841	529	88	44	502
75e3e8a9-eb23-4fe2-989f-b44d5a7ca025	841	529	88	44	;
2b8fafcc-f363-4e28-927a-4b4a209a8e3d	934	529	121	44	epistle
536d06bc-df53-4d46-a923-3424e4c4f1b0	1061	529	44	44	of
e06414b8-3ea0-4f9d-9325-77429eadd89f	1110	529	44	44	to
a6dc75d5-4b41-4b16-b823-a56f1d5a74ce	1160	529	137	44	Moroni
d16c26ff-62e0-433c-9d97-fe83aed19a61	1160	529	137	44	,
28f4f27a-46a2-4a0e-b95b-fb22407a58ed	1303	529	87	44	509
2b82f8e6-c937-4bbc-95a1-fbac9ba3bc4d	1303	529	87	44	;
c1b51d7a-194b-4388-9e4e-4891cf56f627	220	570	148	41	marches
81480ab7-fb86-4906-92d8-18e7abc6ec32	373	570	51	41	to
4258c338-0b83-4e7e-a13e-fcc1372e52f4	430	570	82	41	city
96a340ed-cd88-4c9e-9e25-8d9674d1ab12	517	570	46	41	of
ed208923-38d1-4295-b689-147799d374ee	568	570	123	41	Judea
6ebbe733-4508-4c8a-9cb2-54a392ad4248	568	570	123	41	,
87092640-dcf0-4669-a2df-33ddc42c579a	696	570	97	41	510
4f1a560b-3d60-4f58-9e37-fff5b193743b	696	570	97	41	;
3b5ea0d8-2ff7-4477-a5f6-24737de25a08	799	570	77	41	and
a2bd257e-76d9-441f-9823-cc59a14f50ce	881	570	102	41	army
1c210c3d-51fa-4fb1-93f1-eba695ac1052	988	570	149	41	pursued
88f133fb-c16d-41c3-a9d0-9e270e2f69b7	1142	570	56	41	by
007320e4-f1b6-40af-8b9a-f9ac2b86ddec	1203	570	187	41	Lamanites
97e1d2dd-7b74-4eba-95ff-dc9358160279	1203	570	187	41	,
e1977bea-72d4-4865-8574-8e9ae7c0396e	217	607	95	41	512
383aa10a-a2fe-4d1d-8cda-40a5196111d2	217	607	95	41	;
e0a6aca5-6a65-44f7-bea3-ba6503a657e7	317	607	85	41	and
52fe76d5-8601-4150-8bbc-f06ba4242376	407	608	110	41	army
a89b2de3-f3b5-45f6-8530-af746d97dd20	522	608	120	41	defeat
c99152cf-542c-4080-a7be-e8864650a0ff	647	609	85	41	and
913f5034-4275-455a-8d7e-1a6fca09357c	736	610	150	41	capture
3b0f205c-0bd5-4345-81e9-8befce2def4b	891	611	200	41	Lamanites
d56ae90f-4cb0-42e5-9a59-6812672513f6	891	611	200	41	,
8ea8e98b-c8aa-4a25-b1e8-8bf65cba5670	1096	612	105	41	514
649d6261-423d-44a3-ad6d-c2ea0ae9e77e	1096	612	105	41	;
b56ff862-08f8-492b-911c-ac76c908cd86	1206	612	80	40	and
d5eb2ce1-6ff0-435f-bf01-b5fe5434bf6b	1291	613	96	41	army
b2943f29-bea9-4686-b4f9-4bb010a26e07	220	644	120	41	return
756f6592-7b06-4b47-8df8-91dfb38d005c	345	645	55	40	to
f14fcafe-ccdc-444c-ac37-e7378e258916	405	645	120	41	Judea
cb7435d4-43e9-4832-88c5-adf873ae1da3	405	645	120	41	,
96061fc3-0616-42d3-b7a9-ddf934405975	530	646	100	41	515
04f7f5ef-52e3-4032-8644-5a1e53d47b58	530	646	100	41	;
ec1f999c-8502-40d3-8034-a0313a688d08	635	647	110	41	sends
46eba442-cb57-40b2-b40c-fb5c84a1866b	750	648	125	41	epistle
909c1b2b-fbe1-4040-af85-79702a4e6afd	879	649	55	40	to
9746db5b-47b6-440a-a24e-989f21548cd6	939	650	95	41	king
5751ccf6-b9c0-48fc-974e-63783e05b973	1039	651	50	40	of
2d6bc9b4-5a70-4850-8ced-1372d893333e	1094	651	200	42	Lamanites
2ffb3522-b6d4-42f6-be7b-706e963a0c6d	1094	651	200	42	,
b18b4a0f-96e5-49a1-819b-f8409c96a16e	1299	653	91	41	515
ace42b02-f18b-414e-b473-a578e9eadd09	1299	653	91	41	;
2443020b-4750-4ffb-8c66-004cce1cbb31	220	686	102	41	takes
da20ba2a-46da-447a-aad3-cfde0f4c42eb	327	686	82	41	city
09bdc914-3762-4ad8-bb32-05610f034874	414	686	56	41	of
b15b4546-01f2-42f3-bc18-04f6780c75c4	476	686	143	41	Cumeni
6fea5856-964c-4d19-9c6b-b0f6f19e8571	476	686	143	41	,
003e0c3d-9f4b-4c69-9998-60204c6496ca	624	686	102	41	516
19080f11-384c-42e5-a41c-d8e5055e3496	624	686	102	41	;
78cb232a-dcc4-4be1-95b1-51b5ed8bb400	732	686	108	41	sends
b1d35f11-4fa3-4693-a1c0-e517601db042	845	686	159	41	embassy
fbb51fd7-75fe-4b34-b2e4-e4049343c0fa	1009	686	51	41	to
e6e85d14-ae8c-42f0-a90e-6d50c526977b	1065	686	164	41	governor
e7eebe20-5df1-455e-ac1c-c331e7c235af	1234	686	56	41	at
a1be7aac-54ad-4a8e-a9c9-824fc6587209	1295	686	92	41	Zara
a3f19e1e-68d6-4662-b15e-cf9f86d6739c	1295	686	92	41	-
59832558-18ba-4dd6-a39f-9215a0e8f09d	217	724	126	44	hemla
0f29649f-658c-4487-8521-d334d78d0daf	217	724	126	44	,
c693bda8-f081-4f74-86ad-0a7c7dba40ac	349	724	99	44	520
8313c22a-d91b-4582-96f6-f0ed1ffb2d4a	349	724	99	44	;
cd3a5b3c-a572-4e0d-bbfe-8bee67875dbd	453	724	110	44	takes
0d5f5d43-b5c0-4280-b1b6-69a37edc8ad6	569	724	82	44	city
87fa496d-6acf-4b05-88fd-b1bba89f0749	657	724	55	44	of
8862269a-4d44-48a2-b002-e33b8bc7af18	717	724	126	44	Manti
67ef75aa-7262-41ee-a407-c74f84e3b807	717	724	126	44	,
b8c369ff-62e8-4725-9f7e-c7e4326940b0	849	724	104	44	523
3f6117fa-1ad7-47b7-9320-93f19d070b8d	849	724	104	44	;
b059fd04-d053-4a3a-b24c-3efad8a2b006	959	724	137	44	Moroni
825e476a-9708-426d-a206-243b81d3b6a6	1102	724	192	44	reinforces
1600619f-e3e4-4318-b75c-f8e3a46b0546	1102	724	192	44	,
60c1da25-3f9a-40d1-ac4e-d18b975a9f90	1300	724	94	44	535
5008941f-a310-48b0-8d8b-d8f1f2cf6051	1300	724	94	44	;
e91e65cf-8e0d-4e3e-9f10-0aa1128ec6d0	220	758	137	41	returns
15fb4419-56b2-4a73-b677-88ccd41b51bf	361	760	54	40	to
ff6d0bc5-25d8-4f2a-88f5-b857c9fb0ea9	420	760	93	40	land
8ca1f296-803a-4ec1-9504-0a4fbc19f8f5	517	761	54	40	of
315a57b9-58b6-4d0a-9424-bd4599151ea2	575	762	205	41	Zarahemla
bbfc521c-2750-4ed2-831e-6afad705893b	575	762	205	41	,
328b030e-fe4a-4caf-9f34-0ac8f3da05fc	785	764	98	40	539
b48de524-cfa7-4439-b792-471ba16a2ef2	785	764	98	40	;
84e45f06-b7e4-42aa-9e1f-449f2d34c9e4	887	765	151	40	resumes
dbc9e0b5-0a30-4191-a4fe-0c30eb5b777a	1043	766	185	41	preaching
7b3d0a98-dbaa-4181-889b-3657a0da398e	1233	768	54	40	of
97196fd0-dcca-4c03-94df-c357959d568e	1292	768	99	40	word
4b381ff5-6bea-4434-8ee2-03cda7b0fe6d	1292	768	99	40	,
d63645c5-e153-4b19-862f-b66ccf6b1e4b	217	800	87	41	539
4dec3fb9-e73a-4787-8986-7424801cb133	217	800	87	41	;
5c2b8244-0228-41b2-a6dc-6d14a66951ca	309	800	108	41	death
9a2cc75d-6533-40bb-96a3-6aa0978d9348	422	800	56	41	of
b3739b1f-f7e8-4d74-a9ae-02c26382468d	422	800	56	41	,
88d61c8e-bac3-49ed-af5b-6527a2f36d46	483	800	77	41	540
a8d74256-40e5-4056-a384-0b166af060f4	483	800	77	41	.
48680d3f-071e-448c-ba3a-8af506761418	179	841	163	41	Helaman
c5b4a1b3-a028-4ad7-a22a-03851cd631b4	179	841	163	41	,
7e5c69e5-0db8-4fc4-8be7-e62e8ac2bf0b	348	841	67	41	son
dfaf83ac-10eb-44c9-a7e2-6459ea350cc5	420	841	46	41	of
52059069-84d1-4b83-bd71-b5aa14e41cd1	471	841	164	41	Helaman
fafdc695-2194-48e8-8371-19d276862bf2	471	841	164	41	,
9c9b5dad-b54e-4812-87f1-7a0435d83970	640	841	138	41	receives
4aca812b-9cd0-4224-a494-1283a0ae992c	783	841	118	41	sacred
4460e47d-ef69-4aea-9481-9cd9f99b2268	906	841	123	41	things
11fb7b78-0fa5-4184-811c-b8ff2c433757	906	841	123	41	,
bc569d95-97ac-4152-a486-588cbafdc8b0	1034	841	67	41	141
c772716a-5b44-4b30-9b88-83bf1a877b53	1106	841	15	41	;
2485cabf-529c-4e59-b493-84a608274b87	1126	841	174	41	appointed
91b307a0-029c-47a6-9aa0-49726ec37fd1	1306	841	81	41	chief
ec919b6a-5f99-4de2-b60d-4f488a3d29b1	217	878	113	41	judge
5a7c028c-1268-487e-80b9-80256ae7b0fe	217	878	113	41	,
ba5e7ee3-674e-4868-8372-c6e1db869a81	335	878	92	41	546
8e683fa1-6087-47cb-90d4-bdd896488812	335	878	92	41	;
ca0b754f-110e-409d-b5a1-e56268868ba4	432	878	143	41	servant
5424677a-0676-43d3-ae7a-66ad601cfbb5	580	878	46	41	of
6fdf0c90-a7de-4eba-8474-8184901f8bbc	632	878	87	41	kills
8094042c-7c08-4592-a0d8-4da8f599d0a8	724	878	210	41	Kishkumen
adaeac62-6021-4288-9e08-4a6e5dbbbe09	724	878	210	41	,
145a2a13-02db-49e8-b28c-5e7c4601ff33	939	878	92	41	547
0b437429-d354-4c68-a614-be0541d1f874	939	878	92	41	;
1f2b853b-42e0-4cc5-a6a3-aad43dce7ae9	1036	878	97	41	filled
0bfe4007-340d-462b-82c1-b85995ae6df0	1139	878	169	41	judgment
a3af87ba-06ad-44cd-8266-7f97211467fd	1313	878	77	41	seat
639d449d-0529-4635-8060-4780f5879aab	220	915	87	42	with
badaca58-1203-4478-8ba2-01390196d6b1	312	916	180	42	judgment
377b511b-0589-4533-8726-871b1fa78a68	496	917	82	42	and
bbb102fa-d9fd-4d36-bf4d-47413b1dfb44	584	918	128	42	equity
86a480ed-b3ac-48a6-9d3e-5869183af9db	584	918	128	42	,
fe9c1b6a-00d5-449b-8db6-c7fa97753f88	717	918	103	42	550
5de9db90-c9f6-44dc-ba1e-f95582c08b5b	717	918	103	42	;
f9d64699-2e5c-47a3-a3b3-0a5619a42dff	824	919	118	42	Nephi
cd5e2b5c-0d79-4518-9ab6-cfac350e06f0	947	920	82	42	and
be13e628-b9cf-4189-b622-1b6ac2ffc3e7	1034	920	92	42	Lehi
d9fc5a3d-4fa3-4336-83a6-86c170b1fb99	1132	921	98	42	sons
ccf67afc-c106-4654-8899-f585975f53ad	1234	922	62	41	of
05b50afb-d03c-42d6-bc09-2430dd0642c3	1234	922	62	41	,
a8c84dba-de0b-44bc-97ad-4cbbad7e827b	1301	922	87	42	550
67bc1c12-7edd-4a44-8466-41057ec7b43d	1301	922	87	42	;
419c6ae1-fbdc-4917-b2d5-fc1881e0c289	220	954	104	44	death
b01e7521-46a8-4598-ac04-e912b085ebc3	330	954	55	44	of
95942e68-b08a-4d82-be26-d37317548e23	330	954	55	44	,
791230d8-29f9-48cf-8e22-bf1f72ce2ac6	390	954	93	44	552
f10ffb42-fc3e-4112-9d5f-799864f8da34	390	954	93	44	;
4e7f152a-b460-4af3-9c27-b51d90299e8f	489	954	115	44	words
8d2bbe91-9ea5-4bb8-a173-169de3b7f8ec	610	954	49	44	of
d84b1c92-796f-4574-8ea4-9a7cf29a5d9f	665	954	49	44	to
9c54529c-42fe-4e35-b8c3-8d4424eaab53	720	954	93	44	sons
97d82ac0-0cab-419f-a936-ec7ba6bb79da	720	954	93	44	,
ce590363-ae71-48a9-9e27-22f45c6857af	819	954	93	44	556
4d323eb6-aee7-48c7-a7d7-d7aa5d7a49f2	819	954	93	44	;
2adfb003-7ac2-4009-a750-5fb8c22c5ac7	918	954	99	44	gives
df00122c-666d-4a59-81e8-ce53a6cfbe43	1022	954	71	44	son
6238935f-7ed1-4d06-97d1-2618ac0e4b93	1099	954	115	44	Nephi
0fee74e7-7325-45ca-b9a3-682ce1e27f40	1220	954	121	44	charge
772f6edd-0734-4383-a4cf-7529f9f34bde	1347	954	40	44	of
490d10a6-db06-498a-9467-ad70ea5f686e	220	995	138	41	records
fcd6e879-de65-452c-acf4-c67d1e2133a1	220	995	138	41	,
8d6b700c-f4d8-47b6-a1c3-348cdd9ec013	363	995	87	41	600
6e27bfa5-78cb-4936-9f45-f358471b6842	363	995	87	41	;
4a52a8c4-8a27-4fc4-ac75-0c86dab4f8e1	455	995	133	41	departs
3f6f4422-8eaa-4c79-8c35-ef48a9ca6a6f	594	995	72	41	and
5fe7cffb-bd8e-410c-a254-8e90f6f9f91a	671	995	51	41	no
a9b979c9-6e25-4022-bd15-2cde5fa7dd0a	727	995	92	41	more
e94bd0d9-1c6f-4661-865b-b7ac2186191f	824	995	108	41	heard
e2741281-3471-40a1-a203-7ad833f90251	937	995	51	41	of
68313746-6783-48a0-af97-66b9a4074d22	937	995	51	41	,
7f255a60-9f15-4036-bf79-b4e1fae3c175	993	995	76	41	600
d7699132-9fcd-4db2-b302-03cd0f88d1e3	993	995	76	41	.
17c0c2f5-ebae-4ff3-b64c-719eb70b6d23	179	1033	123	41	Helem
d08483a4-bfc1-4ede-8e80-6513a5fbff14	179	1033	123	41	,
69f0c5c0-1ada-48c3-b631-0ab56e6562d5	307	1033	215	41	accompanies
903362eb-c7fc-40d2-a0aa-7403bce3e0aa	527	1033	133	41	Ammon
a29c60bc-c950-4921-b8fc-944ee8cbaab3	665	1033	46	41	to
851c39b1-cd33-47ce-8be2-0af93e6738e5	717	1033	82	41	land
3900a25d-566e-44d2-ba1e-caf8f4f21e1d	804	1033	46	41	of
17b217bc-fa92-4414-9a3a-ea0172025aa9	855	1033	113	41	Nephi
6386b06a-7283-4978-8325-48af21caccbb	855	1033	113	41	,
23f82c32-3d79-49b3-b614-c854465d36c3	973	1033	78	41	227
b048e23c-9e4d-4728-9037-a607c4f543f4	973	1033	78	41	.
74970d83-9840-494e-9648-981250be09fc	182	1070	87	42	Hell
7dfc2844-a673-41dd-a7c1-bb46a747d1c0	182	1070	87	41	,
43680a00-d1f5-4897-8ed4-15eb1bad79d6	274	1071	97	41	must
c5c3d585-2f6c-493a-a841-a1d3752a0f8c	377	1071	128	42	deliver
3a828d12-5d2a-45f8-8ad5-7853360ea798	510	1072	51	41	up
f0c1c244-fe1f-48d4-800b-1992bf6057fd	566	1072	97	41	dead
ed32f51f-bc09-4640-a9dc-0e8c28d29616	566	1072	97	41	,
8d563edb-d8dc-4f5f-b08c-4a1ffdb86557	669	1072	92	41	107
6b1e1d59-5ce1-49fe-a661-bb10a3317b66	669	1072	92	41	;
facc2d4b-3120-4e9e-ad37-43477b5fc80c	766	1073	123	41	chains
de5c4eba-f7ad-4cb2-920b-4a407c4d9c5b	894	1073	51	41	of
9ac5cd50-296a-4526-a7bc-68a3f110e904	894	1073	51	41	,
fef2f4fc-94ba-4d57-bb3f-ffedef3df60f	950	1073	92	41	352
9979d432-fab2-4cba-b0ac-d2da3af3d81f	950	1073	92	41	;
bbdd4303-1a28-4f8b-88ec-9539ccbc59db	1048	1074	103	41	pains
c70872f7-3e34-4a13-9b93-e82b45aa03f7	1155	1074	56	41	of
86c23387-f951-4e6f-9b56-19c85f48cc43	1155	1074	56	41	,
b212b04b-edbc-4a57-a2d9-a96e2f54090b	1217	1074	82	41	353
1c9ccc81-0fe1-429f-95d3-f3729018c5c3	1217	1074	82	41	,
79df761f-5f18-4567-96a8-9fa4a3bc05ee	1304	1075	86	42	435
6faa474a-c9f1-4372-b699-8de22471d361	1304	1075	86	42	;
6db7b87c-1343-47da-ab33-f600dc12c0c3	217	1111	128	41	powers
693a3aba-9de2-4958-ac85-bf3b03fabe50	350	1111	51	41	of
4140aced-9e50-41c8-bc84-124222287dc5	350	1111	51	41	,
ef2d224e-2773-4280-b5d9-3d037bec8668	406	1111	92	41	480
4a6d8063-2130-4bd7-98a8-7f3bded8295d	406	1111	92	41	;
c48cd4a6-35a9-4366-8662-d0cad8a26b9d	504	1111	102	41	gates
026ea3f5-62a9-4210-af85-d47a400ab0aa	611	1111	46	41	of
9a0df409-a0b2-42fa-93ce-bdcdcd025f23	662	1111	67	41	not
6c8e8dc5-4bd8-43a5-9b6a-e9dce51180f3	734	1111	46	41	to
e04f6fd0-39ed-475b-93f4-2c3c6cb3d337	785	1111	138	41	prevail
29676ec4-3302-4feb-9868-e6a877ec4d75	785	1111	138	41	,
f7b5a2ab-b978-42fc-b87e-ed9722a2d0ab	929	1111	75	41	635
34b15b8b-8502-4314-85a0-3d79867abc26	929	1111	75	41	.
1e0a788d-7479-4007-99ab-b8496195f21b	182	1146	164	42	Helorum
a032d0d4-ec03-4558-a7c3-20b2a8ee9bdc	182	1146	164	42	,
9ab0a51f-8dfc-47c9-86e8-02b27ec2be49	351	1147	72	41	son
149ff1d2-ed44-4bd4-b2a3-98bc2e3c0bb7	428	1147	46	41	of
b3f1f305-5d4d-4e1c-84af-5a54bbd81b11	479	1148	185	42	Benjamin
784302f6-aa75-447d-899e-df48ca462a1c	479	1148	185	42	,
7c64abc4-35d2-4bed-94e9-099ac385a1a1	669	1149	80	42	207
9d245352-7a9c-4f5c-b0bc-3c58013683f3	669	1149	80	42	.
f1debd5a-6538-4d93-beec-d21ddeed7d7b	179	1187	93	44	Hem
2eed7943-3b19-49d3-a8b8-cc7ce20fbaa8	179	1187	93	44	,
22cfce75-8ff0-45ae-93e9-1bf4d6236d8b	278	1187	220	44	accompanies
185b5be3-455a-425d-8085-1b2f065843e5	503	1187	132	44	Ammon
b7675935-6e0a-40cd-a0e1-ac61e0760c90	641	1187	44	44	to
55c01067-faa0-4920-b7f9-7f8ba770fe30	690	1187	82	44	land
71d1d5f1-c09c-49c4-9ccf-a0ea4056e587	778	1187	44	44	of
7bef4f5c-9dea-4ed0-b4e6-0ee84fcfa3f6	827	1187	121	44	Nephi
399d2ac5-a54e-4bd8-acb2-6e05a34c0add	827	1187	121	44	,
9972991e-c25b-4eed-a580-03b6b2b89aef	954	1187	75	44	227
d379fff7-34d7-4527-8035-666445aa0a54	954	1187	75	44	.
e44e0e6e-97ec-4f8d-8875-7bb83037e598	182	1225	200	41	Hermounts
a49fc287-0406-4bf9-93bb-91b2a6c9d7a1	182	1225	200	41	,
ad55042f-60ca-4e97-8e0a-e3a1904a903f	388	1225	189	41	wilderness
97f494fa-5d41-4584-ab5e-b838d8855a3d	582	1225	51	41	of
b2edcda7-dccb-40b3-8cb8-2833dc50f102	582	1225	51	41	,
60c36bd8-4318-42fe-95f8-66b70fb09e4d	639	1225	75	41	307
9678059d-1b16-45f1-81bf-d7ccfd8f265c	639	1225	75	41	.
daf7f23c-c909-4500-a8d8-c34417d89160	179	1262	157	39	Heshlon
df30b5a4-713d-4c7e-b83d-abe66f1a5bc2	179	1262	157	39	,
bf3e2961-5392-4d7d-90a9-88e091dd22eb	340	1263	128	39	Shared
9b0e2f21-0965-4ff6-945d-30cbf6ce969f	473	1264	86	38	flees
3617091c-aa7e-43d1-809e-108d2a8bc90f	564	1264	48	38	to
371834e4-ce41-496d-9ca5-d2af13076f30	616	1264	119	39	plains
5714c91e-c457-4277-9cf4-b7edc149a84f	739	1265	57	38	of
50f978f9-456d-434a-a7bb-a6de386f944a	739	1265	57	38	,
9af55303-91a9-4069-8929-76e3c77148f2	801	1265	77	39	753
e3cb6657-9c3b-4193-a106-eb7327bbb35d	801	1265	77	39	.
3381db9b-c45c-4b1e-b8a9-4d25cff3be7e	182	1300	103	42	Heth
bccfda1a-d81b-4212-a5a2-56a94a768889	182	1300	103	42	,
ed02fda5-2a0a-4427-9569-999a72086278	290	1301	77	41	son
c36e5bc0-85d8-44f6-aafd-a4a17cca20cb	372	1301	46	41	of
e3e5e399-4bd1-47bf-a140-19470ebf3fd3	423	1302	98	42	Com
aaec6bfb-052c-49fb-82b5-67fe995343c8	423	1302	98	42	,
c0dfc30f-b1b8-493e-b311-1414a24fd7c3	525	1302	82	41	715
1938e0a3-bae6-411f-bd28-aec93d066b32	525	1302	82	41	,
e3e021f1-3885-4330-8982-848f52d6b6f6	612	1303	98	42	738
e216170f-7a8d-4e3d-9b45-8129d254c0ed	612	1303	98	42	;
baad46f9-819e-4225-aa59-dcb5cedbd25d	715	1303	164	42	embraces
1645db98-3576-4e5c-98dc-f73d845924eb	884	1304	118	42	secret
69fb9fc0-b0ba-4436-8b92-1e1dfffdc7b1	1007	1305	113	42	plans
654df8b5-0829-4e08-9755-69397a8dc504	1007	1305	113	42	,
cc3efe1c-ceb1-486d-a072-5f47ecce2ced	1125	1306	92	42	738
99ce369f-6c96-4244-aa5c-0aca04793a81	1125	1306	92	42	;
ddd0eaa2-ae3f-43be-b5dc-ed9bd4e7068b	1222	1306	165	43	dethrones
18ba1169-2330-43e3-800a-e8c7857ec1bd	217	1341	92	41	Com
ebeb1e00-f25f-4966-bd58-9d231d969957	217	1341	92	41	,
90da4259-a008-4d11-9ff0-eb6d0c24a780	314	1341	92	41	738
e93e5c07-95b8-4b7f-ace5-213e9ffbc3fe	314	1341	92	41	;
806ecdc0-b615-46f1-b530-cb5820666625	411	1341	149	41	perishes
f8cd2c37-7790-41f5-a888-497f4833b338	565	1341	56	41	by
210aad16-5a3d-421a-aaf8-bae1aa426adb	627	1341	138	41	famine
ab021c43-4bea-4b3a-8650-f96fec1e3c90	627	1341	138	41	,
c0bfe044-2642-4b4c-97de-ce72695ffbe8	770	1341	79	41	739
90fe9b21-05eb-4f43-a9d7-eda14e98dc14	770	1341	79	41	.
518a7b58-c71e-4b25-9e9c-5d21f70db017	182	1377	100	41	Heth
38b0ed72-cb6e-4fc4-8178-6c8b6c6cdb22	182	1377	100	41	,
29c36c72-4cfd-46e6-9bea-025f8eb700a8	287	1378	65	40	son
638ab642-c5cf-4c89-97bc-27b96cda1c12	357	1378	45	40	of
a6851f0c-cba2-4317-bac4-98212d396e57	407	1379	190	41	Hearthom
88f04ef5-1b5d-4245-9645-f0392352f962	407	1379	190	41	,
b4174fe2-9a62-48d7-bf5d-c9ea9c69d3c5	602	1380	85	41	714
1af5e8b0-e7ff-47fa-8c96-9e8ce97726a2	602	1380	85	41	;
937780d5-df37-4572-8be0-e22fed64e94d	692	1380	90	41	land
9038770d-55aa-4fb0-9f46-b11d0050d2e1	787	1381	50	40	of
c95c83b4-a2b0-4e41-8d8e-b6605b373ce2	787	1381	50	40	,
e34fd10f-a5de-47e8-8c94-079ed04675e8	842	1381	90	41	732
db2d97f6-60db-49da-9d98-6f08a083cb71	842	1381	90	41	;
44af6a22-e214-4a27-88bb-f1f4024d4722	937	1382	90	41	born
d3e771cd-a7cb-4066-9091-9402d06e7f43	1032	1383	45	40	in
d145adee-996f-4fa3-9294-fa059b97a51a	1082	1383	170	41	captivity
324e5cd1-f34b-4341-a0e1-0cc9b794d12b	1082	1383	170	41	,
3c2b3572-6680-4e9f-8313-c3bc80c4b2b3	1256	1384	77	41	743
89e79230-c5a6-4b72-ad77-01b6d7be5a61	1256	1384	77	41	.
52a0203b-7954-4938-a008-5b7e07664ebb	182	1417	89	47	High
a12acfcc-adab-4ee7-b529-674c3202ede3	277	1417	141	47	priests
b6f8049f-9931-4340-8709-e94379924caa	277	1417	141	47	,
b483a008-92c2-4ddc-b5e7-51c8d87c0461	424	1417	112	47	Alma
76c7d011-0bf8-4f0f-a13d-4cadc760ba05	424	1417	112	47	,
66980a5d-a009-4f1a-8cd9-f3ca61f4a538	541	1417	88	47	274
d29975d3-a90e-4e0a-9690-c8a4656e2b3c	541	1417	88	47	,
a38ed949-cecc-4004-9a98-86815b4f2fa7	635	1417	94	47	297
bd46c218-a0aa-4ca2-aee7-84e43145fa99	635	1417	94	47	;
748d6403-e03f-40b8-a009-cdc964942133	735	1417	106	47	Alma
cea62e11-b51a-42dc-84b3-37cfe01a3d70	846	1417	135	47	retains
1de9f2d3-e2eb-48e4-a242-8edf1641cf44	987	1417	100	47	office
5b41f22b-e130-4554-9c2c-1ecf7c372316	1093	1417	53	47	of
c3ff294e-db1c-48d1-815f-345dc9a83d3a	1093	1417	53	47	,
67d0afa8-00f3-4f33-9986-3d82bd5d6a50	1152	1417	100	47	312
f602b619-ca14-4f24-ba22-81dacee5cf98	1152	1417	100	47	;
fb4f4aa1-0f7c-48ee-9b9b-c8dd6edf090b	1257	1417	127	47	Ammon
c8f43e9e-fecc-44b0-a459-b5d9a376c64d	214	1451	93	44	high
c48af82a-2ee8-474a-91a2-bc9401716451	313	1451	115	44	priest
fc1ce046-8077-46f2-86f5-0a376f7d2a97	434	1451	88	44	over
8cd6d292-f6c8-43c9-91f0-56531f0af8f4	527	1451	126	44	people
60b60663-9fff-4b68-ae08-5c237b1e3883	659	1451	60	44	of
f41c9af3-f578-40f1-95ac-ece2558397ec	659	1451	60	44	,
05f81c82-411d-4ff4-9e5d-f549b5c98e71	725	1451	93	44	411
16275fbf-5e21-49d0-8a50-e3ff46502af4	725	1451	93	44	;
3c29e037-352b-4f33-8a73-b9e66b6314ed	824	1451	88	44	and
6be44a94-7a01-4575-af2e-804df373fd72	917	1451	148	44	lawyers
3b13d5b2-ef59-41d8-ad8a-7c2a290f060c	1071	1451	115	44	angry
3d8f291d-951f-48af-b1c6-4e5c535662dd	1192	1451	148	44	because
c45d0a4d-c2b3-49e4-84b3-e36b0828252e	1346	1451	41	44	of
c639ba54-a2df-4bf9-904e-647b91e4f022	217	1495	171	40	testimony
c0afa8bc-336f-475c-b79f-a32ee64b43bd	392	1496	190	39	concerning
8842beb7-1e88-4362-8042-93cbd05bfb51	587	1497	119	39	Christ
b5134745-e23d-465e-a7e5-089059555ebe	587	1497	119	39	,
1f11d997-92df-49e1-9acc-c29a01a3d1a6	710	1498	90	38	619
7285b6d9-68a2-4012-bddf-0ae35e3679b3	710	1498	90	38	;
19b35ba3-7ec4-4d1e-91a6-afc8e3853650	805	1498	100	39	could
56383b3c-b607-4c8c-a25e-44f55b02b0f2	910	1499	71	38	not
82dac99f-60b5-417f-b627-e9a9e2203595	986	1499	152	39	condemn
b90a148d-9336-471b-a21c-eba84489e08e	1142	1500	48	38	to
fde2cca4-19a9-4210-aacd-79d0cfcdf14b	1195	1500	109	39	death
1852ea56-16bd-42f4-bde5-eff9eaa94865	1195	1500	109	39	,
3a6ab3fa-ded1-40a3-8f3d-06661e0da9d6	1309	1501	79	39	619
10691648-b4c1-475c-ba40-2d8a958e9827	1309	1501	79	39	.
7f13b427-a9c0-45b5-aabc-5d7c913edd05	179	1533	87	41	High
e4f64363-7fcb-4039-bfc5-88f86b587dab	271	1533	133	41	priests
2feb1526-3818-4bf3-8c89-7d79a597f61f	271	1533	133	41	,
f8ec87fd-2c14-439b-a39e-2cda3fb4322f	409	1533	41	41	of
1bbdf0c4-baee-4f8d-9527-cf850c4dc3cf	455	1533	92	41	King
dfcc72c0-52c4-4d2a-b1a2-be66e68f1062	553	1533	102	41	Noah
2463bc30-42c4-4cc3-8c0b-507fc9c3a9dd	553	1533	102	41	,
91247ca7-d6ca-4081-a43a-2802f245f4b7	660	1533	87	41	240
d97368b2-3ba4-4253-8902-2cb46c5345ce	660	1533	87	41	;
c0e00c92-d997-4639-be59-aefd2b503f6a	752	1533	138	41	Abinadi
9710f14d-9475-4214-ac4f-652afeadb6dd	896	1533	164	41	examined
edec404c-3b96-4457-b595-371c9b531f95	1065	1533	56	41	by
b1a527ae-4384-4ac6-9c64-04354e018c09	1065	1533	56	41	,
2f661614-b714-4f6b-a942-ef21fb20f7e1	1126	1533	87	41	244
498f6f69-fb9a-4500-8dd8-bae020f8ecb2	1126	1533	87	41	;
f2d08931-fddb-4eed-8090-46111d05c0e2	1219	1533	97	41	teach
dfe9a372-dfbd-4ff1-8a56-822ecd4e0c9e	1321	1533	63	41	law
c07ff49f-b0a8-402f-9f71-9248c140963b	217	1571	45	41	of
ab6c3510-7bd7-4c81-99f6-ae36033c996e	267	1571	125	41	Moses
2cbffe83-f556-4b2e-b0a5-f53cea09da28	267	1571	125	41	,
c929a33d-20f3-431c-bf0a-f01f205356d9	397	1572	95	40	245
bf68377e-8ded-4903-b999-a8a8ce9dcc8a	397	1572	95	40	;
ba0ec815-39bd-4ede-8d8a-ccc66606e49e	497	1572	70	40	flee
c304e91d-a086-4b90-a39a-8ee940ad25a1	572	1572	85	40	into
72fce37a-3c01-4d34-8ada-ff63c84792a7	662	1573	200	41	wilderness
86e54d71-d636-4419-bda5-27a60c3b91aa	662	1573	200	41	,
9ffc7bfa-fe69-497e-bef2-7b964810c7a8	866	1574	85	40	263
adcf959e-f860-4fec-a2b9-53df450041df	866	1574	85	40	,
309ff462-cb05-4246-b470-888b3588be55	956	1574	95	40	264
ee4ffaa4-3d40-428e-a596-d32d9b36b9d7	956	1574	95	40	;
22a412a7-3bbd-40fb-809a-8dc360286c32	1056	1575	95	40	seize
984b91be-7cb7-4bff-96e9-e9e3267e1e49	1156	1575	185	41	daughters
4c28b28b-92e7-4995-b588-7af484873480	1346	1576	41	41	of
4630b7f9-adac-4462-a893-6a39aeb1e304	214	1609	192	44	Lamanites
24f0766f-756f-4242-a175-b1c4e8135f9e	214	1609	192	44	,
b2cf8738-3959-46b7-b4f1-c3060d3bc10f	412	1609	88	44	264
9f8b97eb-115b-4473-b0c2-e1a18464e8ff	412	1609	88	44	;
345e590b-8ac9-49ac-b47b-ee70af4cb550	505	1609	88	44	seed
3b4c788f-4a2c-43bd-82c2-76181f7b8bb5	599	1609	44	44	of
a1d4411c-cc7b-4cfb-b133-aaf8d9a1fc04	648	1609	82	44	high
337eca96-b154-4b31-93d8-556863737cf9	736	1609	126	44	priests
9ef05e06-42db-43d6-9bdc-0df7d40e61ab	868	1609	49	44	of
060a9f45-966d-4dcf-b5c3-1844803e44c3	923	1609	93	44	King
c190835b-c2bd-4598-9cea-660ad3d018e5	1022	1609	110	44	Noah
52d7e074-e587-4526-acb2-7d261a2cd081	1022	1609	110	44	,
851720e4-6c27-4dc5-aaf9-8b847b5cd9a0	1137	1609	88	44	395
112f6ded-7203-44b7-aa7b-20659001923a	1137	1609	88	44	;
f224675f-38ed-4472-8e70-fae9ea0cd271	1231	1609	153	44	Helaman
b748954b-8a54-4926-9dfb-4501cc67c487	211	1650	77	41	and
2d1f2443-6265-41ae-b589-8e81442e9731	293	1650	159	41	brethren
f273e2d2-e6b8-4dc6-969e-33ccd18e2fba	457	1650	92	41	high
33c3fade-742e-4134-99fc-d0ebb9fc45ec	554	1650	138	41	priests
92b2be97-e2b5-4090-8591-e0ff161a6864	554	1650	138	41	,
b85b6f72-420a-40fd-9875-bcbd3279bf32	697	1650	97	41	468
05b0439c-3bee-4718-94c2-4843a610c6f4	697	1650	97	41	;
fe4de8ee-ab29-43fd-ae4a-29337d047338	800	1650	169	41	Helaman
36b98178-8cd9-452d-9c17-43a4a5087289	974	1650	82	41	and
0a8af6e6-2270-48a4-ac1f-78d0539e6006	1061	1650	164	41	maintain
300fafba-5f2c-4fcb-9fc4-d499e2690eea	1230	1650	108	41	order
c9582b1e-838b-4f0f-a3ed-2a6ecb34b9b7	1343	1650	38	41	in
6d40f14e-a599-4984-812e-12defd2a1728	214	1687	134	39	church
2e8c79aa-5433-4df0-aa67-6a0f492e84ab	214	1687	134	39	,
6fa3de5c-e01f-4f6a-a588-7646cfcd6238	352	1687	79	38	473
e8d911cf-f58a-44af-b308-422c09022580	352	1687	79	38	.
7df1aaa5-fef0-4ed9-94a8-02149ffbda56	176	1725	179	42	Highways
fe9a7549-5adf-4c5c-923d-dea6b87cf11a	176	1725	179	42	,
daf2cdbe-a9e5-41aa-b191-e2840a3a00cd	360	1726	72	41	and
c3acdff2-86b6-4167-8050-a7bf08849583	437	1726	103	41	roads
e894dc86-55e1-44fd-95dd-663dcc179598	545	1727	92	41	from
c3c42c88-4b6c-491e-bb46-bed5b8f91bbc	642	1727	77	41	city
4353d0cb-2fc8-4791-83d6-53f39fb16d52	724	1727	46	41	to
776980ea-b71a-45e4-82dc-9eb5a6bb663f	775	1728	82	41	city
a8fd69f5-0b3f-4046-82ff-0f185666af65	775	1728	82	41	,
da1845bb-4ed2-48e3-8777-4dcc6f4df6e1	862	1728	92	41	617
83163c79-7193-4b55-af98-5faa828055db	862	1728	92	41	;
d035de77-aea7-44b7-95af-badd83c2b55e	960	1728	123	42	broken
89d79d95-519c-412e-b354-7de948c7aeaa	1088	1729	62	41	up
e08cfc76-5ab3-4822-b4a5-2c5d27d1939b	1088	1729	62	41	,
fdca89c0-8e30-4a0e-8253-1e3307c8e2c9	1154	1729	79	42	624
ac886274-766f-4bd5-8b00-01f51abf9993	1154	1729	79	42	.
cb39c066-4b7f-415b-96e8-3d50c6a10aac	173	1766	133	41	Himni
4a1c44c9-acea-4b97-b4c5-beb44a38dd94	173	1766	133	41	,
a34b668c-8492-463b-96c9-badd4fc55fe4	311	1766	87	41	son
ef35f6f1-fde1-4fbd-ba81-f37ded1d86ef	403	1766	56	41	of
62402bb2-1c57-4d71-be95-7ac79fe4e146	465	1766	154	41	Mosiah
c1e74cf4-6459-4d0a-8c77-8975928ad25e	465	1766	154	41	,
09c3fed2-9b12-401f-bc1a-55b2efb86fb9	624	1766	102	41	289
7173efcc-0cfc-41a7-af20-a6bee52e26f1	624	1766	102	41	;
b325457e-f7f7-47e1-a698-163e282ddb0e	731	1766	149	41	teaches
fc4d4c70-e2f5-444f-aa53-629eb7286427	885	1766	128	41	people
f2f4500f-2b82-4b9d-98a9-4f1016fb7785	1018	1766	61	41	of
07a4bc25-6ef1-41c1-8966-84ae36967ee0	1085	1766	205	41	Zarahemla
a20427bb-4b3e-40a7-b2a9-a8056d56c4c9	1085	1766	205	41	,
1d8f9b7e-6ae6-468d-98f8-e1ec64a42c49	1294	1766	89	41	289
d0c2dfaf-0a39-4a82-be31-b6d5d109a97d	1294	1766	89	41	;
e82cfad5-9baf-46dc-9219-925ddde38bbb	211	1804	149	41	account
29fd2518-bedf-4f66-9697-02ed2012300d	364	1804	61	41	of
b04165db-6f1a-4c88-8b5b-d95ccefa584e	364	1804	61	41	,
41641223-3b5e-4acd-a5f1-674058c3b960	431	1804	102	41	388
4c44eece-c8f1-442b-b63f-a309096e3b03	431	1804	102	41	;
806e1e6d-41b8-498a-a0fb-5be54e9bf54c	539	1804	147	41	rejoices
e4fe5cf4-fe64-4170-bf81-5b365ecd872f	539	1804	147	41	,
bd7c7f33-a001-4a88-bea1-f5d0867126ce	679	1803	120	41	397
ef912dae-3869-48db-bd92-fc5539d564d0	679	1803	120	41	;
ab714c5f-6db2-401b-836f-0f8fde8d60b4	804	1804	145	41	rejoices
d946681f-6d6c-4da0-a946-96483440337a	954	1805	60	40	in
b9b2fb32-6a9a-441b-9d73-83892767decc	1019	1806	150	41	meeting
206bc96f-bf78-409b-9d99-94ce8dd31ad9	1174	1807	115	41	Alma
afc762cd-ba25-4df0-9e52-1296b98616ad	1174	1807	115	41	,
63d0cb65-49fa-4a0a-89f8-a25f639b58ca	1294	1808	90	41	403
88c68082-f6e9-45b0-88e1-b7c9e38713d2	1294	1808	90	41	;
7f0990c4-8384-431d-a006-2650535f4050	210	1839	140	38	remains
4f7715fc-3aba-4988-bc3f-00fc3b1a6c87	355	1841	49	36	at
d0ba0f47-1e15-49e4-bdae-a2ed13f6ccb1	407	1841	197	38	Zarahemla
0bf53071-f134-4bc7-bff8-c5ebf41b6f40	407	1841	197	38	,
d99f9407-5687-4993-961c-1669caeb0d90	608	1844	78	37	417
b763bd48-aacf-4191-93e6-5207d965c173	608	1844	78	37	.
29098bfd-a519-420a-a3ab-21755c21ed2b	176	1880	148	44	History
935a535b-e061-45e9-a3ee-8b09affb8e6e	176	1880	148	44	,
3a90d370-b5b1-4bf9-a269-c54453e7fe1a	330	1880	49	44	of
6d81b467-62f7-4c48-8e4c-343eb8c5a333	385	1880	159	44	Nephites
f917a9ae-ff5d-4eb9-9e29-18934aa41b25	550	1880	49	44	on
12f24126-eed2-4f8d-b6c0-47187738b809	605	1880	104	44	other
295d48b6-2aa5-4e12-a62e-e591b886fc4b	715	1880	121	44	plates
f3ca1703-179b-4398-a3a1-5da147eafd68	715	1880	121	44	,
546b43a7-0ae7-4c1c-8df5-09b7d027ee2c	841	1880	60	44	98
a1f97ac4-1f0e-4b6a-b8f8-8cb757b5863c	841	1880	60	44	,
8f87ea1d-6fb4-45ba-b1b6-a2906b0a3a9e	907	1880	81	44	167
52aab15a-2627-4a15-9f94-3a7d1e4a3777	907	1880	81	44	.
49d9ee0d-8c6b-4081-870c-8e4a2a2e5d8c	176	1920	92	41	Holy
f18824cd-656b-4b88-a236-150ca4085213	273	1920	123	41	Ghost
b539344f-876d-40fc-92c1-5d65edb4da40	273	1920	123	41	,
b5639699-d57b-42da-86d6-37f4167cc38c	401	1920	118	41	denial
8f5fce66-da35-4741-970d-0a9fb51facaa	524	1920	56	41	of
85ef9ba7-ea2e-4eb4-9592-b7486e2f4959	524	1920	56	41	,
f5509ede-0623-4837-9081-2f74e2b4f265	586	1920	241	41	unpardonable
bbe6cec8-1238-4ff4-8a81-a2a258560107	831	1920	72	41	sin
af0c6a2f-a3a0-47a0-a140-a09d4a58add7	831	1920	72	41	,
f7d80438-09f8-4737-a0ea-f69906ea2faf	908	1920	97	41	445
b1547886-e755-409c-b6f8-c51b20ea5b46	908	1920	97	41	;
a5fbfac7-abe4-4810-b1ca-74e972fec4c7	1011	1920	51	41	to
a5ebfd94-c8b0-4edd-9c71-1209c8199955	1067	1920	92	41	bear
3cbafcfb-2358-4e99-8bb8-86e824a4110b	1164	1920	128	41	record
3667ff95-4cda-4657-bfd5-80710476c1d5	1164	1920	128	41	,
1898730c-0df1-4464-b334-0b0d0563a7f4	1297	1920	83	41	634
7b89b841-ccc3-4b9b-8738-dfff6d45a5e6	1297	1920	83	41	;
4b6f373f-857f-4d5a-bda6-491180db0e73	211	1958	118	41	twelve
0e2cd976-5222-4979-914a-f67de28976cc	334	1958	154	41	disciples
51c711e7-5610-4c9b-96a4-20ed41b95576	493	1958	97	41	given
f830d216-628c-487e-a64b-d5c2262d7e1e	595	1958	118	41	power
536ec028-0a8e-4673-af1e-5a68de5e6477	718	1958	41	41	to
5d4a7430-396c-4996-a7ee-4d2ac18a4228	764	1958	92	41	give
c04156d5-ff6b-4bee-a39f-3d971caf2b98	764	1958	92	41	,
3153d9e2-f401-4b73-a328-29d2efcb44fc	861	1958	87	41	653
79dee467-546b-4549-9b0a-ba682732cbfa	861	1958	87	41	;
2ec3354a-d273-4d44-888c-482935acffe3	953	1958	72	41	fell
b173d547-b0e5-4001-9803-1ad5528261ce	1030	1958	92	41	upon
79fcc9b1-3a26-4288-b7f6-a596ec25c952	1128	1958	164	41	disciples
67198e20-1d5d-4fc6-a8aa-2399295c3a84	1128	1958	164	41	,
b7ffa145-f47d-4aa2-9402-c459650e455c	1297	1958	84	41	655
fbe362f7-02f6-4502-be45-63ab05379bd7	1297	1958	84	41	;
364010cd-dbea-4e88-b1a1-57c6e10e91ba	214	1996	41	41	to
0bb007b2-1c21-4679-bce5-63082f8ace0b	260	1996	51	41	be
6cfd1643-5aac-4f97-a293-7fb37a0744d2	316	1996	174	41	sanctified
ef039c3f-acd7-4c13-a44d-73a4e90ed01b	496	1996	61	41	by
59973919-8b1d-4afd-ad0d-e76eabe1e6dc	496	1996	61	41	,
6fbbc19b-f571-4204-95c7-1c7c899d403a	562	1996	97	41	674
36197e9e-8704-48ed-b504-23ed668bdff7	562	1996	97	41	;
e2be79e3-4e82-495c-977a-4ac376025cc8	665	1996	138	41	beareth
470d91db-6824-4bb5-8f10-50d959cb4861	808	1996	123	41	record
3e22902c-6864-46b9-807f-daf39f145482	936	1996	46	41	of
48157306-b191-4c37-9510-bcecd599faa6	987	1996	128	41	Father
a755fb0e-2a8c-432c-8458-f9acf08b31ec	1120	1996	82	41	and
8a5405b1-f4a3-4b74-80aa-71d621398304	1207	1996	82	41	Son
c4f4ad90-3ac2-4556-b401-19c0de6dfbf0	1207	1996	82	41	,
8b496b5f-0afb-4f52-9ce7-2012159781c4	1294	1996	86	41	677
c9740036-ffd5-4fca-b352-5a95c7a99f17	1294	1996	86	41	:
a3c42a55-3aea-4634-9239-e3fadd7a365e	214	2027	65	41	did
55b04e9e-d372-4a0b-85ed-094e31b0ee36	284	2028	75	41	not
0bb4a1c1-ea94-4116-916e-61327f1c4f2e	363	2028	95	41	come
5d9ce3d5-3b96-4215-94cb-760ca10dca78	463	2029	95	41	upon
b88af9f8-f10f-4a6d-be8c-fef40b66e18a	563	2030	80	41	any
af3010a6-ce50-4070-950a-bc3507146b67	648	2031	140	41	because
19fa0e18-a80c-467a-b5b8-9b79914b226c	793	2033	50	40	of
26d276f5-db68-4dd2-a652-b0477e1f7bf8	848	2033	200	42	wickedness
38728485-d814-41ea-9985-a0f22409d809	1053	2035	75	41	and
6c39ca5f-5beb-467d-96b1-d1ccc5327803	1133	2036	160	42	unbelief
2bad3a98-7bc5-45c7-a77f-a27334e2572f	1133	2036	160	42	,
7a515a96-4de4-4a70-b3d5-6a6d29079d69	1298	2037	83	41	688
344b5607-b0c4-4053-bbbf-214c63441ce2	1298	2037	83	41	;
59997ac2-42ba-4edc-aeb3-9d33baf3536b	211	2075	113	41	power
c7d760e2-a4a5-4115-9f17-400badcc4f28	329	2075	102	41	given
3ae5b0f4-b990-4077-b5ea-4ed7b3aeb32a	436	2075	118	41	twelve
87f4f697-c365-428b-8645-02c5eba3b428	559	2075	51	41	to
93f1891e-8131-4f15-834c-98b974f138d4	615	2075	133	41	bestow
eeaac5ac-e240-4c80-a706-2bad042e1249	615	2075	133	41	,
bccad445-1326-4f9e-b13f-729a1c749490	754	2075	92	41	760
98927d30-88c1-4e7f-aa58-ab14f208fee9	754	2075	92	41	;
b4d9823a-debd-4fb5-b397-6ca6f44215c9	851	2075	92	41	gifts
b820b14d-e531-405b-b68e-565927404630	948	2075	225	41	administered
cc20b6f7-f152-4e36-8774-740854f9a54e	1179	2075	61	41	by
86658047-c28b-4677-9afa-60c70409b3aa	1179	2075	61	41	,
672c2afd-9148-485f-ac1a-13b3453ed5d6	1245	2075	79	41	775
b51f36b3-6205-4b25-acdc-46c2468bf489	1245	2075	79	41	.
