ID	X	Y	Width	Height	Text
92123495-cf85-4fc9-a8ce-7a0ab43d3df8	120	94	72	35	798
f0e5ea1e-d53c-4dc2-a13f-a3c792063683	487	85	154	44	BOOK
db425c4e-3760-429d-8914-a38782835d77	647	85	82	44	OF
b760dcea-7ba3-4e85-9577-b96304dfa21a	735	85	234	44	MORMON
d8a1359f-bc5a-4b39-a5ef-96258e756703	735	85	234	44	.
cea4a15b-c283-42e1-a7ac-9737ada509d6	119	164	105	43	Jesus
ce6c141c-a43d-4c40-ad23-427084edf9f8	230	164	121	43	Christ
4f10897d-e004-4757-a254-7834ceafb626	230	164	121	43	,
6a944bee-2617-4fae-a237-8ac4284f548b	355	164	53	42	to
a84a6e47-5ba6-47f6-aea2-2914bc6fa3c4	413	163	53	42	be
1033ac6c-8ecb-4181-8a98-0da9d5c2ebbd	471	162	158	43	Messiah
fc571ce7-fb15-49b8-8635-e5d24977652e	471	162	158	43	,
d3a5dcff-8fd8-4e41-bad2-f122f4576ef4	633	162	95	42	142
56a72b8a-8d86-4d9a-bebc-642b4fc545be	633	162	95	42	;
4770769c-6b7e-43bb-ad4a-18fceb24b4b8	733	162	58	42	no
571ebae4-df94-437e-9f0c-d9456c985904	796	161	105	42	other
0370c40e-ca28-4bff-a8e7-e837fe5697fa	906	161	100	42	name
7c357c07-607a-4145-860c-64e5557110b8	1011	160	158	43	whereby
292566a1-053b-4f03-b621-d6d6b1aa7e49	1174	160	84	42	man
ec29a318-dda8-4f14-923d-8e7284ff2dae	1263	159	64	42	can
fc8d20d1-3fdf-4ddc-bd0f-312259b31364	157	201	46	41	be
77ac5d9c-71c9-4482-9606-1327bd5fa93f	208	201	118	41	saved
c39c7cfa-cc5d-4508-aa52-b5f40d3fbe64	208	201	118	41	,
b2ab2b49-6391-4fd7-9273-4e9bcc1d8722	331	201	92	41	142
e1e988f9-5b87-4e2a-be58-4a1ef6707508	331	201	92	41	;
2032c5e5-4c8b-457d-bbc2-521eabc491eb	428	201	118	41	gospel
fddd4805-7273-4121-8f9f-af39d8b6fd7a	551	201	51	41	to
99063776-98d4-4b5c-a3b7-10cb11a6dc62	608	201	51	41	be
e72e8f72-91c6-411a-af91-1f72e0f22d97	664	201	164	41	declared
092d34f7-1d2d-4e3b-8496-e8394f6c9ca8	664	201	164	41	,
19869d9f-b86f-4f26-9b7d-44d06d2389d8	833	201	92	41	159
9a46fd34-2640-471c-9539-20c580bcda27	833	201	92	41	;
409379a6-4a4d-4f7f-a69f-24e070fcda46	930	201	82	41	God
96386627-8713-454f-80c2-4c907d4470ca	1017	201	51	41	of
3946bf6f-f186-442f-99e1-6d927ec27811	1074	201	164	41	promised
00fa010b-55ec-4548-9670-282700305be4	1243	201	91	41	land
c3cbc3bd-d8e8-4698-b154-a1adc9b70e1f	1243	201	91	41	,
3f0c341d-0777-4f20-8850-1c2e5c16d69d	157	239	90	38	717
b1faaa00-85c3-4455-8069-8a8f9572069f	157	239	90	38	;
a2c697ff-afca-4072-81d2-8984f9c2b4ff	252	239	114	38	shows
dd662e20-add2-40ed-b042-05dc2389a143	370	239	142	38	himself
4a4ba466-ea5b-4ac2-920c-e66da45cca71	518	239	43	38	to
1b2f2caa-e5d1-4469-8663-20e93a72fe84	565	239	142	38	brother
c35abe6a-1fd9-45f3-87ed-2eb44893d865	712	239	52	38	of
cbe65d35-f303-4c8d-b9b0-a46c5e32108f	769	239	119	38	Jared
078e2160-4a2a-4204-9e60-2429d63b090a	769	239	119	38	,
314e3b2a-ea5d-4fd3-b863-252f5108f431	893	239	81	38	721
2a7e7112-be5e-4c9d-abcf-9aad5c637faa	893	239	81	38	,
4add0815-7552-4054-a466-ee5a6377fc4e	978	239	100	38	722
bdcf8952-49d5-48f9-b5bf-9448594dad1c	978	239	100	38	;
61c5cc59-64a7-40a4-beb5-acc8f9579855	1083	239	119	38	shows
2f6ef162-22a3-461e-b422-757067df5186	1206	239	124	38	brother
561bbb06-2dbf-41ba-994d-3d3188f8069b	157	277	47	38	of
fcf255cf-e803-46ea-8c56-3c31c91c9432	209	277	109	38	Jared
81b666a8-e4f4-4e77-bd06-d9a333056093	323	277	57	38	all
41499530-5147-4f60-9413-739d93a2e923	385	277	204	38	inhabitants
6233bc7c-452d-400b-bc47-c1aea6ea3986	594	277	52	38	of
a85c75fd-0e89-463a-903f-0739689e097b	651	277	114	38	earth
10bd8e7f-d074-452e-b507-b2ef700c4e6b	651	277	114	38	,
6045098a-cdfe-4757-b726-447c6b2fd361	769	277	90	38	723
a3837093-119a-4345-9044-1d714e5d47f1	769	277	90	38	;
91544eda-fe48-4615-97f1-ea08984935a2	864	277	180	38	statement
3d60c7d6-2e4f-4d55-9b08-445641940ddc	1049	277	199	38	concerning
61f02b65-3014-49a4-a6b9-29467b8aedf4	1253	277	83	38	Gen
70a2bc34-db2d-40d4-987a-917b052b0255	1253	277	83	38	-
0d8b5e1a-e515-4606-b74a-1eeb92929f73	157	318	92	41	tiles
f7006bef-5949-40d4-a6e2-9c849301458d	157	318	92	41	,
b582e95c-844d-48a7-91c4-0f2d459bde78	254	318	92	41	724
f20ac5b7-4355-4c7c-946c-136581d02a51	254	318	92	41	;
e0620b96-6d3b-4a64-b567-4dfdf657e23c	352	318	164	41	promises
2bc6e69f-883b-4c32-9062-290138aed870	521	318	77	41	and
be0acf3e-db2a-4719-afce-dac1e978da87	602	318	220	41	admonitions
3511dd92-1aa1-4c7a-8bb9-1190a68f0b5b	828	318	61	41	of
d768a50a-1217-4273-a29e-e39d5cf760d8	828	318	61	41	,
983d5b3a-a8a3-425f-822a-0b854d48154f	894	318	92	41	724
b822720b-e780-4749-970d-75dd97ebbebb	894	318	92	41	;
437db5b9-436f-41d4-91c3-8c2fe7e199c6	992	318	189	41	commands
5a600c9b-b365-460d-be89-f335699fe423	1186	318	147	41	baptism
e21467ea-2196-4bc8-8c65-bec83e3f1cae	1186	318	147	41	,
bce6d6d4-cddb-4bb3-9735-c9f098fe3ac8	157	356	92	41	725
97bc934c-7145-4002-b9c8-38bc9b0d885a	157	356	92	41	;
e399e88c-c112-4485-853c-77f8d66c825a	254	356	102	41	Emer
12d479d9-9972-468d-ace1-5dbe4a109a6f	362	356	82	41	sees
5341f26e-9f48-4b1a-a38a-187e7dea1ca7	449	356	133	41	coming
a7067c07-df22-432d-b9bc-c8e998a0ae3e	587	356	56	41	of
910eb57e-23cf-4b04-8452-a330dd73e628	587	356	56	41	,
d4eb30b2-7e4c-47c0-8309-d40fd72ba63d	649	356	108	41	737
d926d329-903d-4f39-afa4-3c69e1adc69e	649	356	108	41	.
1296468b-4105-4115-8fa6-a9aed477272b	761	356	87	41	(
e0ced5c3-4d9b-4c90-a8be-24ef07edb821	761	356	87	41	See
56640ab1-bac8-4bd7-ae7b-53374e490874	853	356	113	41	under
499d6e15-2c9f-40d4-a069-26cb30ec0581	971	356	133	41	Christ
36e48c11-c868-4385-919b-fd4960f71997	971	356	133	41	.)
549d4863-3a30-4ac5-9230-22d72af758ca	119	397	95	41	Jews
fd196350-eaa4-4323-baeb-18f63b81815b	119	397	95	41	,
ccbce6c7-c535-48eb-8d3c-71805b99f677	219	396	150	41	learning
86cbf133-63ec-44cf-bced-ca7663df52d2	374	396	55	40	of
df79758b-a44f-48c1-974c-8e69a2e3a338	374	396	55	40	,
6820c444-aea1-4f43-94cd-2f4109aaf88f	434	395	50	40	1
6b3982b5-7948-42fc-a79a-fcc999b1b81e	434	395	50	40	;
2159c511-10c0-44a7-a034-2f094b516b8c	489	395	85	40	Lehi
7fb912f5-8259-4993-983d-4fd09ec96844	579	394	135	41	mocked
35bb60f0-387e-48e1-9369-c9f140b165f7	719	394	60	40	by
6aeb280f-840d-4b52-9947-4ca1b6dbe6ab	719	394	60	40	,
f19a7695-9b5b-4e70-a039-0124e2dfb054	784	393	50	40	3
5db32d0e-3192-4367-ae66-d8aaf4423021	784	393	50	40	;
91210840-52f2-4a7f-aa31-f2353cce2589	839	393	110	41	angry
380fa673-e053-460f-8bbc-1b3f249421ed	954	392	45	40	at
43b2ad92-352e-4c8c-bcb9-716307efe4d2	1004	392	95	41	Lehi
36d0aa78-7568-4e6c-9343-590038be1edc	1004	392	95	41	,
990bfd27-e6b4-48b9-ad0f-19f9ba31ebb4	1104	392	50	40	4
5025040a-6b2f-4843-8970-809681654b2f	1104	392	50	40	;
ae977189-3b17-4c0f-992c-cce0feaa3666	1159	391	120	41	record
a74ffdb3-4052-46d1-a1be-6c2459b56fc7	1284	390	50	41	of
b545280e-da12-48d6-b52c-9c84b68d962e	1284	390	50	41	,
62f21d8e-2b66-4ef6-93da-c74bd01f96c3	160	435	50	41	7
b87ea4a9-a739-40a7-8e3c-cf72a340cec0	160	435	50	41	;
a3c65b38-5df1-4568-94d2-2e884db5f1a0	215	434	120	41	plates
7b3227fa-8ad4-49e8-b585-5a46a03bd8eb	340	434	50	40	of
9643fa7a-f9db-4713-b277-6c7a781a6b1d	395	433	105	41	brass
1e99ee4b-ea6d-4dc8-b781-d008b7e3fb9e	505	432	140	41	contain
55c7a1dd-3ac4-4827-a626-490c2ac10dca	650	432	125	41	record
804ba851-4098-4b5e-b9d7-c9ce83d8635c	780	431	65	40	of
782c1362-ee8c-4842-8bee-5f814f02cbc7	780	431	65	40	,
17f72baf-cf8f-4d73-a426-55a05d11a54b	850	431	75	40	15
2cca4191-f7f2-414e-8e07-8fc08f1b8e96	850	431	75	40	;
c99c0e67-fc59-45d2-8b49-c2d0bf85a03f	930	430	125	41	gospel
e0c4afef-d526-483b-94dc-e4eea0ea347a	1060	430	55	40	to
4ba52dc9-e0ea-439e-b6fe-59ddfcb771f2	1120	430	50	40	be
280d2cd0-6fa1-4ea9-96b3-107061c7fc9f	1175	429	156	41	preached
a7042931-8fd4-4b4f-bd83-e6ccc0206543	157	472	128	41	among
b7bdd31a-3b4b-4b78-b471-a850249c7feb	157	472	128	41	,
6dbdcb39-40c7-41c1-98ab-d1e7518cf1c7	290	472	72	41	25
d3edfeb1-8e50-4dc4-870b-172ea4d4bda0	290	472	72	41	;
202f3826-5fb9-4abf-9266-151dffdd097f	367	472	149	41	dwindle
0a9119fa-bc32-408e-b220-3032d0805cf6	521	472	46	41	in
48fc749e-3961-48c6-a93d-d846d6b776a7	572	472	154	41	unbelief
75a4aebd-77d2-46fd-9c4d-8cb958462ae6	572	472	154	41	,
f50b305f-2182-47d8-a5fb-1d1e056dede3	730	472	72	41	25
7e248e9d-2ba5-4efc-9b97-48dff434e52f	730	472	72	41	;
daf35788-6177-4217-b4dc-3db8c77975df	807	472	92	41	book
e053f60b-8f47-439c-99a7-a5d258a888fd	905	472	149	41	received
19af0fd3-d98a-428c-93a9-dda400fd2f60	1058	472	92	41	from
1d9614d8-67c7-4e9b-b1d2-1866d5cf01e0	1156	472	123	41	mouth
a2448c71-55e2-4afc-87d3-42c0b4bf5977	1284	472	50	41	of
4330cf6e-588a-44fd-8dd9-37370fc2cc3e	1284	472	50	41	,
198a118d-1429-445f-b3a1-5f7137d369c6	160	510	72	41	35
d6556ec3-5e5f-48d3-8e9a-15a2f207c9b4	160	510	72	41	;
a7b83164-3b9b-4663-afd2-647bff672ee6	238	510	169	41	Shepherd
babf355b-6a3f-405d-8b08-0f129298c1d7	412	510	51	41	to
176a2e56-35d9-4302-bf25-e2d999793f2f	468	510	164	41	manifest
62486416-d31f-4445-87bd-81301c303e55	637	510	143	41	himself
b1f89b26-6a31-499b-9ff1-edb41f2f03f7	786	510	97	41	unto
b0a3ae32-dfe5-4096-85c4-1302eab409f0	786	510	97	41	,
79965399-8618-450d-81f4-29aa2c3b99cd	888	510	77	41	38
ba787744-3d4e-4b9c-a57d-718deb14fd94	888	510	77	41	;
8ae57174-9d79-4011-9d96-62dac7ac4080	970	510	97	41	book
fbc4f67a-7a41-4327-9b3f-e61b24f5c899	1073	510	195	41	proceedeth
1b47558c-3191-4f54-adf6-5cf63706a206	1272	510	64	41	out
e4bd4831-1157-46fc-a6ec-129202d57ae9	160	551	47	41	of
051f3b59-12a1-4efe-a481-2bb754d5eaae	212	551	72	41	the
82c058d2-1d60-4784-92c6-c619a4f5cba8	289	551	123	41	mouth
84fbce5c-5f1c-4652-976c-d58fb568bbb8	417	551	56	41	of
9ea5af29-980f-4538-bdff-7c8380b33048	417	551	56	41	,
4a142657-ecde-488a-b43e-4e43c648c407	478	551	67	41	41
3f1b0c0d-b14f-4625-9f15-6f3e488f0378	478	551	67	41	,
e2be31aa-1e67-4fa5-90b4-fa13796a645e	550	551	77	41	42
b6ff5c1f-fb5c-4cfe-9dd9-027d44d5fd33	550	551	77	41	;
9e093f08-046b-4431-85c3-33be5bfb1a57	632	551	205	41	restoration
acacd7ff-ee00-4aa4-b667-a230b8104d3e	842	551	61	41	of
5de193bc-932c-4165-bd99-c3e085f62b13	842	551	61	41	,
04b6fa56-432a-4070-a7e5-33b94a2cdd53	909	551	51	41	in
bf581bd2-5270-4033-a05b-f9ee98b37022	965	551	113	41	latter
32f8e4ff-3fc8-4027-8a9b-71596900423c	1083	551	102	41	days
1a740103-93cd-496b-89b5-182991138072	1083	551	102	41	,
03c18686-41a1-4fce-9546-ae1b544e891d	1190	551	77	41	45
6399a013-6736-4e29-8a08-74034f2be864	1190	551	77	41	;
f222f95a-9637-4175-b89f-514a7e5266f4	1272	551	64	41	not
a0fdc0ee-342a-4e5e-978b-8989e7bca7a6	160	589	204	35	confounded
4b2a7812-a317-4fad-8721-553866e24515	369	589	81	34	nor
ce47f826-d2ae-4769-ae24-e9b22a5d5845	454	589	153	35	scattered
7ad0e5ee-8cf4-42d5-89d8-bf1975d3a35f	632	589	118	41	again
d49667df-a0ca-4e71-95a7-a0c47161f95c	632	589	118	41	,
90414a97-8e9c-4e7c-9263-7406e7f93d5e	755	589	82	41	45
0d450cd5-d373-4076-85c1-4258a19cdbca	755	589	82	41	;
bef38ddd-37b0-4976-b8b2-8c6f50720583	843	589	56	41	to
21a244a8-9a17-4305-bfc5-c4490376fb88	904	589	61	41	be
58d4cc25-f79f-41ce-817a-a997b471425c	971	589	169	41	scattered
d043c8f0-0c9a-4c9c-b03c-1ba3a371a603	1145	589	133	41	among
edf5984d-2c8a-49c9-a585-54dabaa0facd	1283	589	54	41	all
ae89d231-bd3b-4ebc-89ba-ffd5b6feaf7f	160	627	145	41	nations
ae2aa153-32a5-4653-8c88-77fad70214d8	160	627	145	41	,
251af7a6-3cb9-45e7-b425-298ee735a3eb	311	627	100	40	141
1f261975-0c77-4e02-be53-a82a15b38dfd	311	627	100	40	;
24b5d8f4-ba48-4221-88a9-7324d54227e1	416	627	60	40	to
6862769f-a8aa-481a-9e8d-20facf729000	481	627	55	40	be
208ce70c-501a-488f-8536-19be0c0578f0	541	627	155	40	restored
6c504fb0-74a5-4373-8506-79f30a2137fc	701	627	120	40	again
92a2544d-f6de-4d90-8efa-67c512682c63	701	627	120	40	,
6c0773c2-9459-4be9-9436-337ff7d481bc	825	627	105	40	141
7bc7c349-6e0a-4a51-9724-06cf2665ea09	825	627	105	40	;
70b77c44-b129-41bb-9689-287909c11ab3	935	627	125	40	Words
40e00aed-2b26-4b81-87b6-a7728e5103f4	1065	627	55	40	of
97940528-1c07-47e7-a072-3edaaaa1f0e5	1125	627	100	40	Lord
0c8ccf81-a027-43c6-88cd-663bcfdf3078	1230	627	55	40	to
0ff1846a-a634-46a4-8d34-87f1e3985fd8	1290	627	43	41	be
986ee91c-f73d-4017-93c1-d6d616f95888	160	664	144	41	brought
a0065016-c557-4197-9ed1-b692c740cbe7	309	664	102	41	unto
95994492-e488-4b9f-b19d-a548b41caec2	309	664	102	41	,
377dd19d-0e36-467b-871e-c45db63032c0	417	664	97	41	141
b90645f6-f9d9-46c6-9b78-f0baa26eb01e	417	664	97	41	;
b74fe748-c9f6-43c0-b0c9-b1fe64a5473c	519	664	102	41	must
750e9d8f-451e-45fd-8220-73c7b04868dc	627	664	56	41	be
f11cfb9e-3018-4ac1-b450-86a6ff36378a	688	664	179	41	convinced
cda4299a-9549-4290-84d7-c04df4bc35b8	873	664	92	41	that
cf0903b6-ba9c-434c-ae1e-115594b5875c	970	664	108	41	Jesus
f1487d6b-9a41-44c9-8d21-f38871bc78b9	1083	664	51	41	is
3f8f14b7-42a2-4960-8cd9-20c271ef40f0	1139	664	72	41	the
9f845987-6986-4849-93db-d69113c50ede	1216	664	121	41	Christ
035f3087-00fd-410b-8e38-416f5f610db8	1216	664	121	41	,
d0ecda8d-2913-4799-bc56-169045a18f35	160	702	93	41	145
c670fe38-7f4d-486b-8ce4-a07fc4cbff73	160	702	93	41	;
0ab669e1-3859-4c25-a910-f2abcb4c1d01	258	702	87	41	and
c5b1a434-7960-4c95-8841-91b5b8b097b6	350	702	149	41	Gentiles
d0730754-8dc5-4310-a8a2-84e509212741	504	702	102	41	alike
d680586b-65c4-492d-925c-874bac1852b6	612	702	97	41	unto
99b19bc4-cf55-4512-a969-38d54d4fe174	714	702	97	41	God
f986d377-db38-4f2a-80a8-a8e3610522b4	714	702	97	41	,
ed802e70-bc7a-4db5-80f6-09165306252a	816	702	97	41	148
264055e6-7c3a-418a-845b-3f2ce901efde	816	702	97	41	;
e1c23a5d-f265-4ed8-9ae8-aa243a49a3e9	919	702	102	41	shall
a6b6f9dc-d8e5-430f-ba6e-fabf504c9721	1026	702	56	41	be
505e1ff5-03a3-4bd6-88cf-89a5ebd94709	1088	702	159	41	drunken
ee606bee-86cb-4ebd-8426-421cec2a7e6e	1252	702	82	41	with
6b236a5f-3880-41e6-94a0-3d715f4d3b27	160	743	149	41	iniquity
0a95d3c0-18dd-4076-ae55-486881deee61	160	743	149	41	,
6d162e59-8031-4c6c-8248-bf619e604200	315	743	92	41	148
98bb1823-2eea-49d9-89a3-a4cd6938dd84	315	743	92	41	;
a5da1318-12b7-42d8-ae30-d8da324e82b8	412	743	46	41	to
4271e113-b38e-4319-8730-1f29d40c61ee	463	743	56	41	be
f6408b88-0e76-4c84-a476-95e287d96fad	525	743	123	41	visited
a0a68948-b856-470f-ab55-f71a69a9ed42	653	743	87	41	with
1372461b-63a3-4a1d-8f09-38e12a1552b1	745	743	220	41	destructions
97026070-1f30-49cc-9d4f-4b108bc09ad3	970	743	92	41	from
6cb03df6-18c3-440a-a3a0-d1b720be5b46	1067	743	72	41	the
16ebd596-3d29-4145-8dc5-3b99f7f9d828	1144	743	102	41	Lord
f55a9152-967b-4b8b-8919-37ca301bd871	1144	743	102	41	,
0b2d7a1c-474f-4b1e-b4ff-0c9b1478cbdc	1252	743	85	41	148
dbf76930-2021-4c4c-8fef-0cdb171bc472	1252	743	85	41	;
cb992e92-f02c-4d3f-8027-737b7ea8d904	160	781	103	41	Bible
c53ff069-3abe-44b1-836f-8ece0fb525d5	268	781	46	41	to
c19bdbb8-b104-41e3-9af5-63eb341cab8d	320	781	143	41	proceed
9e8d0e58-228e-4caf-b4a4-efdc7bb06c08	468	781	102	41	from
5f50f157-cc4c-4e77-b326-1876f6d657b6	468	781	102	41	,
7a62cbf4-bcb9-4bf5-a269-b84a37bcbe32	576	781	97	41	156
ae03d64b-c94f-4195-8076-ec2f8f9b7cc5	576	781	97	41	;
a9bee744-f6f5-4a8d-9626-1efc7701c2f1	678	781	164	41	diligence
eb96d06b-547c-4ede-8ba9-49a2667c13ef	847	781	56	41	of
adba5c29-afcc-49f6-b7dd-858a0e109dac	847	781	56	41	,
ac38e86e-fa96-43cd-a3ac-addaf5672527	909	781	92	41	156
ba596a1d-64cd-445a-886f-a8534acdbc23	909	781	92	41	;
63f2e1d5-2bf5-4230-9308-a96c07e4f233	1006	781	56	41	to
b95f02c7-a794-4b23-b102-b184bc09f5ef	1067	781	102	41	write
4fdb30bc-d84c-4e70-b8b7-73d213302815	1175	781	118	41	words
f7710fbd-10d7-4f5a-8f65-971c955adfef	1298	781	39	41	of
e0aceb3f-c104-404e-88a0-b8ed394d1a8c	160	825	67	39	the
04d66533-d264-4b4c-9d56-8048f63887eb	231	824	100	39	Lord
37b906b3-4410-4c4b-9258-dc1e5ce1ac67	231	824	100	39	,
5e655917-4136-49eb-9c97-234115674561	336	824	95	39	158
20e46f2e-3805-4814-acfe-e019eaf67866	336	824	95	39	;
d0d389e5-e06d-497e-a74a-b11d25f9785c	436	823	86	39	who
db04b3c6-9faf-493c-aae6-7b74fbe145eb	526	823	52	38	do
bcb14fd1-4ad0-4f9a-9082-d6c4f685368e	583	822	71	38	not
40d84cd9-f947-4d60-b996-703c7e897818	659	822	124	39	repent
1db33f27-53e2-4f16-b93b-209e03b64d54	787	821	81	38	cast
8df0f4e6-581d-4dfb-9514-475505b46eda	872	821	67	38	off
c2b2f2e4-2fb8-44c6-b477-00330298b119	872	821	67	38	,
dcad46f5-a074-4f27-b70d-0ee87ffbda0a	943	820	95	39	158
943be2d9-3e25-4049-a6b9-81ec0c97ff08	943	820	95	39	;
d8f3c004-6159-4ab6-96f9-7e5278599a49	1043	819	109	39	Nephi
a567dfc6-8ddc-4b68-bd48-3558647316f7	1157	818	180	40	prophesies
fbc2ea68-a492-4874-9f09-03accc1bcbfa	160	859	195	41	concerning
078b8cd5-f2c8-4946-9e91-18a9d2747d2a	160	859	195	41	,
9d7554a6-4396-49f7-881a-1523008c1887	361	859	87	41	158
845cd93b-196e-4af1-bf49-2a31754615f1	361	859	87	41	;
fba516eb-2c1b-45a5-92db-9f6890751665	453	859	46	41	to
f1a95a0a-5ca1-4546-99a2-28c26d60d1ff	504	859	102	41	begin
5f24a294-3463-4630-957e-9b1b0f1c5479	612	859	46	41	to
3f240e81-b303-4297-96a9-29169ceec0e7	663	859	123	41	believe
2a62424b-f902-4a5b-b1e5-9adc457510f3	791	859	46	41	in
d80e822d-88e4-4873-b1e5-784a3725a325	842	859	123	41	Christ
4652d7b8-34c4-4f7a-bd03-8179647aa4af	842	859	123	41	,
d0f93b0d-a639-4860-b8c2-a7a32acf28cc	970	859	92	41	159
7b934ff1-68cf-46a6-8a13-652b2caaea9c	970	859	92	41	;
e336dea6-afbb-488f-ae34-58068ef90a62	1067	859	46	41	to
8d71dc30-6c21-496e-a32b-8bfa446697a5	1119	859	128	41	gather
b732565b-c178-4e8b-a373-fb10ffee2d88	1119	859	128	41	,
680c30fc-751a-4096-a326-707e8e6f568e	1252	859	88	41	159
e6e6d477-319c-4dfc-af79-85cd021d5388	1252	859	88	41	;
e18ce5b4-4733-4a51-901b-6aa6af56dc29	160	897	57	41	to
24118c73-36bc-4434-a95b-6582571d2572	222	897	138	41	become
7410932e-87a0-4806-b191-8578335f2600	366	897	41	41	a
29bd8e3e-ecef-4b5a-a735-0cbfb13bd638	412	897	225	41	delightsome
f1dab462-ed48-400d-9e78-65725e015b02	642	897	133	41	people
5622b9b0-2096-4aad-a13e-c120853d5afa	642	897	133	41	,
c5e30a16-8e85-45cb-9f0b-083bb1899d36	781	897	102	41	159
b33cb7c9-2047-4531-9cdd-409a6cee0e39	781	897	102	41	;
45fe540b-1448-4f36-bb40-2ffd5249edd2	888	897	220	41	stiff
6348f250-c6dc-48f1-b74e-99dced433c61	888	897	220	41	-
99c07cd0-6345-419d-9318-8b43cd8dd8ca	888	897	220	41	necked
d2eb0fa6-095f-4e4c-a835-f43a18669a10	888	897	220	41	,
305967d2-fa4a-4da4-a882-d65bc84427f2	1113	897	108	41	177
6d0b1531-dee8-41ff-ae12-3c55967a849c	1113	897	108	41	;
6519057e-596f-413a-9f25-906e5b454146	1226	897	110	41	looked
5424f010-b67a-40e3-954a-e0b8772138a4	163	941	127	40	beyond
9277886c-735e-4266-a8d0-eadeba37e963	295	940	112	40	mark
ec0185d1-328a-4214-a228-f0db1b921dec	295	940	112	40	,
56478563-6b5e-4f08-9e82-9adaca822945	412	939	98	40	177
989180c1-17a3-4b5a-b97e-de4a68168a1b	412	939	98	40	;
cc0930d8-c794-407f-8d83-4d2ed0f03193	514	938	112	40	reject
d9f14df4-7d4b-43a9-9217-01fef2375e82	631	938	73	40	the
3eeeaa94-6e65-4cd1-8f73-62a1463e1a04	709	937	112	40	stone
0b433802-3dca-47be-8eec-968cf132ed83	709	937	112	40	,
96ff8106-4827-4d15-b3e8-c1e66553068d	826	936	98	40	177
3cff7138-e4ed-4ee4-88a1-6cd5d5b8178f	826	936	98	40	;
0cf58ec5-23ea-4013-942c-e0b0e02ae3db	928	935	107	40	three
9cc1f020-0f4f-4c13-a49c-ab2a258a2535	1040	934	146	40	Nephite
ce8dcc97-3e17-4314-9960-ef4e1c31f671	1191	933	146	40	disciples
730b004a-e523-43a1-b57b-dede954d632b	160	979	43	39	to
002043cc-071e-4be1-aee7-062aac905afc	208	979	43	38	be
ff3686a9-f367-47a7-9928-06543bb12f7b	255	978	128	39	among
25a11e4a-8e6a-4fe7-8b73-aab4a9905929	255	978	128	39	,
a871a353-374b-48ad-a506-0585177d5694	388	978	90	38	678
16b52b32-bec5-48e2-94fa-6ad53beb7375	388	978	90	38	;
ca40393f-ad2e-4c85-9548-deb8d0dd5cb5	483	978	133	39	records
da74b47c-a2ba-4d07-8e92-a27a467d01c7	621	977	48	38	to
bbdef6b0-31c2-4cc4-a4d1-5b1e90dc3701	673	977	48	38	go
f61efe4e-483b-496b-9352-3a033298d490	725	977	43	38	to
0d7f955a-5197-481e-901b-905e5c8f618c	773	976	204	39	unbelieving
b3318685-4298-4b7e-8593-1a1da88a43b1	981	976	52	38	of
175c3591-9f6a-49d2-9476-3e7a9ecb53d6	981	976	52	38	,
beaaa6d5-c8c6-4a09-91f6-8e8612f898e9	1038	976	78	39	699
2dc684d0-817b-41bc-9d2d-12b52fcc8b0d	1038	976	78	38	.
b3e880d0-967e-4698-aa22-5ac9aa192d5d	126	1018	100	41	Tohn
159aeffd-6875-4e10-8d17-22cc08e977e8	126	1018	100	41	,
80ab8b73-f177-4af5-9e45-f96a7eafb2bf	231	1017	110	41	name
46e8a8ff-1f1f-4c18-95a6-edc0ff2105a1	345	1017	50	40	of
3d77c672-611d-41f4-9e2e-02f1e8721f04	400	1016	70	40	the
f700ce4b-0f84-437f-a34b-04431fad4fc0	475	1015	140	41	apostle
23310280-7890-4e9e-bab5-26f32a4eab39	620	1015	50	40	of
171ace58-94c6-458d-9fc7-d91b78eb1ccb	675	1015	75	40	the
f0064bc3-956b-41fd-b06a-4b64866fec56	755	1014	120	41	Lamb
2a293a21-3cc4-45d2-a694-5b8eaf9ed013	755	1014	120	41	,
ab5d863e-3919-43b6-99cd-94f7e68658d8	880	1013	75	40	42
03c6a48b-2d6d-40ad-b413-c3bc3c3d49e3	880	1013	75	40	;
b8580a61-45fa-4294-8f7f-da744b40d65f	960	1012	205	41	revelations
b5900cb1-d252-4bd6-936d-e52ffc724d70	1170	1012	60	40	of
b885f6a2-4c48-48f7-a7cd-3f15239f3043	1170	1012	60	40	,
acf3ca3d-ad88-47b9-b372-b153abf64988	1235	1012	55	40	to
e2839799-1897-4daf-aae0-8fb80f6977d9	1295	1011	45	41	be
f1d5ad18-8f24-4136-b99c-f8b6617bf35d	164	1055	153	38	unfolded
cf02c60f-1890-43c1-859f-9e00fe718e31	321	1055	42	37	to
50736034-62d5-43ce-85bc-0b549afeb199	367	1055	55	37	all
27aad703-5a9a-4ec8-b528-3092a0a76b2e	427	1055	125	37	people
35ed6cd6-e2e7-4b6e-a91d-51b905d7ec7c	427	1055	125	37	,
ae7448d7-0a39-402f-8312-e2cb04c3b669	557	1055	82	38	725
fbc63eae-0fad-497b-b5e3-104e52ac4041	557	1055	82	38	.
16e85249-80dc-4a13-8acf-38f036caa0af	126	1091	110	46	Jonas
4a63cbb2-4761-41ec-805c-ba5ab8eac42a	126	1091	110	46	,
8a2345e0-ea0b-4b0b-9522-8fabc76a75a3	241	1091	72	45	son
59a39aef-3c90-48e5-b6e2-1250487bb9c6	318	1090	50	44	of
2fd81623-4517-46a0-9810-4b91e3e92726	373	1089	165	46	Timothy
a443199f-9007-4d5e-9ea4-bdbb04f03526	373	1089	165	46	,
c3c61e24-b225-42db-b1da-7c33b971fd69	543	1088	72	45	one
07e602b5-83aa-4969-8078-6fbd261fc733	620	1087	50	44	of
25f112b0-f410-4271-99f6-fabfcd5132ba	675	1087	66	45	the
c1521abb-e16e-4648-9831-5fd8f58970ed	747	1085	132	45	twelve
30812368-9050-48d5-bc24-dd51d2d2a851	747	1085	132	45	,
c5d4b225-d728-4c59-8614-bc3fb72d95ca	884	1085	82	45	654
a6d992fc-a0d2-470c-8948-ea0cf333ea0e	884	1085	82	45	.
4b4898b0-a739-4c6c-99f8-e7aa9c153898	126	1133	133	39	Jordan
3b389fad-dcd2-45e9-a84b-c4a9cb3e29e7	126	1133	133	39	,
c637bf84-3f7c-433b-847f-e303de0762d6	263	1132	157	39	Nephites
09414aac-9286-4747-a720-d22bc66573af	425	1132	133	39	repulse
f8a2cedd-9577-42fd-9eb4-fdeade50b334	562	1131	190	39	Lamanites
f52b2962-67bc-44c8-9c78-80591f5c1607	757	1131	48	38	at
3d22fa4b-5e28-4b62-b6a7-b718cf59d57d	809	1130	81	38	city
3e4eb093-31b4-4696-9cd4-bf238314864f	895	1130	52	38	of
8ef7297b-656b-4764-a475-35401a947352	895	1130	52	38	,
579b7030-aef1-4599-bcfa-9e0da6be7bf8	952	1130	77	38	698
35a93f73-e7c4-45d5-b6fd-d91322da3241	952	1130	77	38	.
f09afd10-397b-41e2-9fea-e36c028200ab	126	1174	122	40	Toseph
a1def29e-165d-492b-a48f-060d7e98e455	126	1174	122	40	,
42b465e6-30f4-424e-bb6d-9a5b6413bdfa	252	1173	68	39	son
0946a13f-261a-4e57-a44a-a68f891caa54	325	1173	39	39	of
8d7e5697-7364-45ac-9853-d77d7d201d06	369	1172	93	40	Lehi
0cd1facf-9fbc-4b11-b653-231d9fed29bd	369	1172	93	40	,
d906a51a-aca6-4c64-831a-5a13490c60a5	467	1172	83	39	born
b97dce77-77ff-42d0-8dd8-3fbc255e8c26	554	1172	39	39	in
efe6c3b8-7bac-443a-a3fb-ccd96af9f105	598	1170	195	40	wilderness
f652eb20-b6f6-412e-9a51-245c0bd3646b	598	1170	195	40	,
3ad257e0-3c00-42b6-a26b-c24e6f8c181b	798	1170	64	39	61
93e0aa3e-9199-4521-9d6f-a492a2d1cc18	798	1170	64	39	;
7c7abc31-83ad-482e-89d2-1b464da18783	866	1169	122	40	spoken
f1ba8757-c1a5-4ca1-bbfd-cc568799ea35	993	1169	44	39	to
27faf468-8a7f-4107-a036-a8207adf3bc2	1041	1169	49	39	by
2cf8acec-b464-4f3f-9193-c463a2e954b1	1095	1168	88	40	Lebi
f4ea11e1-f55b-436f-af27-4d801eda56e7	1095	1168	88	40	,
7a1468fd-876c-476d-b9cd-0a5e36c65b65	1188	1168	68	39	87
55f9b1de-3d97-4bde-87ff-4d33da4dde07	1188	1168	68	39	;
862a0a1c-f427-4818-b8f0-ac19ebd8f8bd	1261	1167	79	40	seed
9c169a5e-6c12-4b8b-8b24-daa86cfa1aed	164	1209	62	38	not
39abedce-84a0-43c3-a04d-7f1d4a78738e	230	1209	43	38	to
a9970884-ef90-484d-b33e-badab860810c	278	1209	43	38	be
72935716-d2ea-4e12-a134-8739eaa3a019	325	1209	123	38	utterly
328f175f-0ffc-46d9-bc5d-73a017080c28	453	1209	176	38	destrored
dfe73d4c-099c-4db8-aaff-e4f3ffa879d9	453	1209	176	38	,
d1eec8e8-f58e-4500-8b13-ee52bb91691f	634	1209	66	38	S7
e8d99c69-007b-4b60-9881-53abeec2b026	634	1209	66	38	;
c1cd69f5-96c6-4f46-b294-b766e4269434	705	1209	81	38	seed
d529c8f9-23d9-4d3c-819b-c12a86965c95	790	1209	52	38	of
d2ea51e6-7a08-47ed-b035-5d59fc3c858b	790	1209	52	38	,
db70be6f-c95e-4b2f-8241-422bdbffb5c0	847	1209	43	38	to
3567b949-9f94-4cd1-b460-40afe7255b93	895	1209	138	38	hearken
c43680d2-e40f-414c-bf91-7974f8e01955	1037	1209	47	38	to
9acee408-5aca-4392-99fa-52fc20259ca1	1090	1209	109	38	words
1fb76d24-2b7b-47d3-a602-b253e0a23064	1203	1209	43	38	of
ba129fb8-67ff-4be5-8cb3-86f29b3b372a	1251	1209	89	38	book
ceac227c-27f5-42bb-9b84-4cfbf95aa495	1251	1209	89	38	,
51e33c5b-d7ea-49b2-a87c-ef4d7540f560	163	1250	65	37	90
68374a35-516e-4eac-abf5-3a200069e2ad	163	1250	65	37	;
f8443952-e53c-4e2f-b4e0-2a47a70940ed	233	1250	69	37	one
8107df89-36a5-443d-a428-9bb165f05f79	307	1250	130	37	mighty
7439f046-b5fe-4451-905b-abf75e8f5c1e	441	1249	46	37	to
1f497798-88bf-4233-9015-44f9dafbb9a3	492	1249	46	37	be
8f1469ee-f884-45ce-9c2f-bd9e7f2cc005	542	1249	116	37	raised
e6bc5a60-f9f6-4653-a090-39eb16f1ed47	663	1249	93	37	from
f158a955-dd61-4319-86f3-f7c779e3415f	760	1248	83	37	seed
1089badc-f03d-40b7-a72d-3c109fc9a489	847	1248	56	37	of
f2b67701-cd1b-46f0-ab16-ce4c886a4e34	847	1248	56	37	,
4ed73799-adeb-4802-9678-ba2678342835	908	1248	69	37	90
f2e2ec4f-944c-4095-9c16-f7278f0d4da3	908	1248	69	37	;
e8e58880-0964-418c-98f6-f65dc87047cc	982	1248	46	37	to
5fb3da0f-ef50-4450-8d11-10069cb17588	1032	1247	143	37	hearken
73ade5ac-c1d8-42a7-b80f-666fb868485a	1180	1247	51	37	to
acdc831e-da28-4226-a129-e7dd35a158c3	1236	1247	104	38	words
63ac1c19-7fd3-418b-9704-f2049779be5d	201	1291	132	35	Nephi
10ed6f2e-7718-4b08-a805-49af7ba9e5e6	201	1291	132	35	,
6d08546c-6df9-4b1a-98d6-de8842f7c531	327	1284	95	38	90
3e7c6a2a-d13b-44ee-b291-c2ef5a780ae7	327	1284	95	38	:
68112131-108a-4ad6-ab1d-c88ccef6fa83	426	1284	95	38	flees
5d2c2388-5966-4a71-96cf-df2fb535ca67	526	1284	95	38	with
14d579de-ec04-4622-b4bf-f5e55c656424	626	1284	114	38	Nephi
c22c2f2d-04a8-4d26-ba60-1a6fa5859a0c	744	1284	85	38	into
02e1d1c0-d848-4bbd-ba43-a0e075c28af0	835	1284	204	38	wilderness
9d4adf01-2a09-483a-a0d9-5f6b45204a8f	835	1284	204	38	,
bff2a50d-c387-42d8-bd43-145ecd5001bb	1044	1284	81	38	95
35b048bb-e22c-44ea-945b-690d2a7febda	1044	1284	81	38	;
c65cfd7a-fd62-46ef-a4b2-b2276ed5e201	1129	1284	208	38	consecration
8f7904b2-c6ee-4e79-9f4b-72dbd9cf4165	164	1325	52	41	of
47283ab6-e464-4023-aefe-5d5e3590d7a1	164	1325	52	41	,
ac537e14-3077-4272-ab81-0e6b08890ec4	220	1325	61	41	97
f4effcda-7fad-4b46-a360-135744af35ad	220	1325	61	41	,
fb6fd192-4328-4a93-a553-dd17dbedcc26	287	1325	87	41	168
a063312b-85d0-4ae0-bee3-837bb2a51271	287	1325	87	41	;
3b541e56-95f0-41c1-8ea8-3db123da9267	379	1325	118	41	labors
78c907c9-8e00-43af-b84c-11920b0d56ec	502	1325	51	41	of
8fcc5d71-bc88-41b5-b70b-a99f54223e97	502	1325	51	41	,
41da2fb7-1980-4a0c-a346-ef1ceb956464	558	1325	80	41	168
22c4c700-349e-43bb-a2b8-2754de5073ca	558	1325	80	41	.
718b7002-afb9-4b18-b685-dfab2c930d23	126	1363	128	41	Joseph
6ca7ca40-61ad-43e4-b6ca-1ee97ded7793	259	1363	51	41	of
38fc2c0e-bda3-4320-9966-38f0cbcb4299	315	1363	123	41	Egypt
c9d6f0ba-b9c7-4bfc-9cbc-3a7d255f0922	315	1363	123	41	,
080a0d4a-6a66-47ae-a2b5-f452e8544777	443	1363	97	41	Lehi
94436167-fd4f-4ce4-8174-6c54c3665a3c	546	1363	200	41	descendant
fb95adc9-ecdb-466c-a1d9-917309273c70	751	1363	56	41	of
44824882-0b30-4968-912a-e9694f6c2164	751	1363	56	41	,
35508247-4b5d-4b99-89d0-a90cd7848895	812	1363	67	41	15
23c713e8-8ea0-47e6-a6c3-cc1b9421db8c	812	1363	67	41	,
60da9501-21a7-4482-a25a-837e0aa24b0e	884	1363	67	41	87
787450a5-beb4-48a4-84aa-a6f3d092ba72	884	1363	67	41	,
69cb69bf-79cc-405a-bb7d-ba88c78a54aa	956	1363	97	41	335
d3bc47d9-36c1-4e51-b474-6dd7ef6dd4c3	956	1363	97	41	;
74e0c1f7-0d49-48de-9314-9563bf4ce0a7	1058	1363	184	41	covenants
a2417478-1a10-4876-acab-f2bc71c001cf	1248	1363	92	41	made
853be9db-9ac0-4b62-a6ae-094743420ced	163	1404	100	41	unto
9a405048-56cb-4a72-aa8f-043a06a12465	163	1404	100	41	,
901c536e-326c-46d6-9478-7efe271486a5	268	1404	80	40	87
6a2a47b9-3127-453f-b373-9af3265624fd	268	1404	80	40	;
c9e4555a-fab2-47b4-9ccd-c02e9f1cd7ec	353	1404	85	40	seer
4764c24b-a35a-480a-9158-1e7a9cfa04a2	443	1403	120	40	raised
ffb9d1b0-a9ab-4b70-b2c5-c640c9310495	568	1403	60	40	up
018405f9-b135-4e67-82e2-902c52002ffe	633	1403	100	40	unto
d6bb09e2-e28c-425d-8073-39d506d46036	633	1403	100	40	,
75c98c1a-f17e-4105-9ff3-fd24aa36b7b9	738	1402	80	40	87
9e9f9e69-1a5d-4a78-a574-d570a0fde19e	738	1402	80	40	;
1d9c91d8-d1fc-423f-8fda-d4be2ae0d5c4	823	1402	100	40	fruit
d105b1d3-1a19-491b-ace3-b287c5b1827d	928	1402	55	40	of
772fb88d-c5de-4ea8-a694-718ce7f767c1	988	1402	100	40	loins
bc73b280-ea53-46d2-87ae-a6036439685e	1093	1401	50	40	to
b2edf6b0-0c8e-4210-a2dc-04263a057b92	1148	1401	120	40	write
b453a757-0266-4430-bf08-c9d58a7e16fa	1148	1401	120	40	,
c5f6aeeb-b24e-47d0-a4d0-5639fc456893	1273	1401	70	41	87
4d5d06ee-a87a-4286-b3d2-12a035822637	1273	1401	70	41	;
232795d3-c7fc-42d2-9878-08d56da9e12f	164	1439	190	41	spokesman
611c0380-fadc-4386-a362-3a32c01ae4fe	359	1439	61	41	for
fc5f7692-9f41-4935-9108-850ad76b4269	425	1439	113	41	choice
e8a7fbb0-fc18-4e21-8dc6-720b9700a5b5	543	1439	87	41	seer
64b606d0-026f-4562-83d7-74620b63a80c	543	1439	87	41	,
c66a9a0a-5b51-4e36-8cfd-ac9cc812c123	635	1439	72	41	89
0c07f6c5-af09-41f1-ab38-b1c67e4627a2	635	1439	72	41	;
67b95a65-91cf-4e19-b2be-75ed01ed95e7	712	1439	82	41	seer
a6be84be-233f-4298-9b0c-a59f5edc40a9	799	1439	46	41	to
c6435fb2-4252-4174-8185-30ca937a9a8b	850	1439	113	41	write
4954404c-b483-4099-a815-412e49bb50bb	850	1439	113	41	,
c89c8983-45e6-4c86-b3e6-b5af097537f0	968	1439	67	41	89
4ac414d6-3120-4c7a-ac08-231915b2f3b4	968	1439	67	41	;
e68106ba-2dc8-428f-b272-cb5446441683	1040	1439	97	41	fruit
7ff34498-f77c-4d39-8441-9eeb619b75cd	1142	1439	46	41	of
7b8085bd-ecbc-460b-9036-1834424bb80c	1193	1439	92	41	loins
165972f9-088f-41cf-bbf6-fe02608c88da	1291	1439	49	41	of
15d39711-8ae8-4f24-a485-369c7aebb692	1291	1439	49	41	,
0972afcf-2cd6-4f60-85b4-cc59b1c01b41	163	1481	45	41	to
d043c910-b1e0-4227-9bb6-69ef882f8a10	213	1481	70	40	cry
9540e40d-3ff1-4524-80b7-4677d2d098f3	288	1481	95	40	from
029ff642-22fb-400c-8c1e-659a8a9304d0	388	1480	95	40	dust
b68d8f19-121b-4d7e-82da-ba9ce9c14e9d	388	1480	95	40	,
48fc4b33-8059-4b25-9c4f-3e81801c9c17	488	1480	75	40	89
2e02f1df-d7c9-42be-b6ff-9ee238ab7a54	488	1480	75	40	;
f1ae3735-d5d1-4753-8c8e-a4c904e90022	568	1479	115	41	Nephi
d7e79f70-68cd-4d44-b066-a0c09b1c45a3	688	1479	125	41	speaks
34ca91e7-dbfc-498c-9c8c-1bd63b63646b	818	1478	195	41	concerning
22046338-e85b-42af-aa0d-1eafc62b0b55	1018	1477	190	41	prophecies
9c55a6b6-4e79-46c9-9cf6-d5be16313e97	1213	1477	55	40	of
1db5e7d8-4060-41c3-98bc-ff0e5cbdf634	1213	1477	55	40	,
661e9aaf-1312-4a15-aaf2-4e67479ac31c	1273	1476	67	41	90
bd4afb14-675b-440e-ac5d-7c083bdea4f3	1273	1476	67	41	:
2363ba63-223f-4bb2-a00a-9d0656d48fbd	163	1521	142	43	promise
fc3669b5-c6b1-4724-bff2-753ee3d90c34	310	1521	53	42	to
fce3240f-8a9c-434f-b9b5-22b23200b30c	310	1521	53	42	,
52b99f9d-730f-4856-8ec6-dfa02ba66e0f	368	1520	95	43	142
d1591f27-27df-4dac-80dd-1f92f2167871	368	1520	95	43	;
f0c1ad7a-9c24-4908-a50f-1ca64edec769	468	1519	173	43	righteous
eaf8b113-3389-469c-b0ed-21f49a2c5082	646	1518	126	43	branch
67e7c1e7-17b9-43d0-bd11-119d89f6a25f	777	1517	95	43	from
e3dbab92-eb2a-442f-a4b0-8858e2ea959b	877	1517	95	43	loins
5b586382-f865-451d-9253-69d33a618b22	977	1516	58	42	of
76c94ca1-16f3-49c7-a7bf-47132e770a98	977	1516	58	42	,
a2234b5b-8620-4108-a801-a84d5a3ccf33	1039	1516	95	43	172
d5efc191-9bbd-49d8-8f2c-1145581c81cd	1039	1516	95	43	;
c5356815-febf-4764-b514-11a85bf96239	1139	1514	158	43	remnant
b6ca3659-b803-4e6b-a148-5e88d986f236	1302	1514	38	42	of
23549351-f135-4c90-8b55-856a34809263	164	1555	77	41	seed
b539a777-420a-4222-a793-502d05033207	246	1555	51	41	of
1e29da31-c417-45f9-b1c9-4442b6067ced	246	1555	51	41	,
6092a2ac-013f-4a74-8145-0c0f8f455d5d	302	1555	77	41	471
25545f57-8c15-4ec2-9d21-3a8edd03a55b	302	1555	77	41	,
7f6267f0-e747-43d2-953b-c96e90108b56	384	1555	87	41	630
aa2924f1-a71f-4876-ac73-c9c0ac183fb9	384	1555	87	41	;
6df12cfd-486a-49c9-866b-bbf2b4d3ee70	476	1555	87	41	part
8c0ce8b4-984f-41d0-8444-a70475b37e43	568	1555	41	41	of
0a1680a1-a1cb-48ac-b6de-4f5ea48fde35	615	1555	82	41	coat
b5fb154b-c591-48f8-a78e-58b34ed28313	702	1555	51	41	of
ee971cc2-0a9c-4937-a44d-6c157ed29072	702	1555	51	41	,
fd1d0268-6ec6-48b4-b08d-05a1ac852cc8	758	1555	179	41	preserved
3eb88347-7ccc-4516-b5ae-9051a07699ad	758	1555	179	41	,
6534a8b6-2896-407d-be67-33862a10fd29	942	1555	80	41	471
9ea4d14d-bbe4-4c3d-b177-2a03f0093dd6	942	1555	80	41	.
b5131895-73ca-4029-bcda-4ec598f7d6b3	126	1597	185	43	Josephites
9bc83fa9-5410-4188-a046-836a06f744f1	126	1597	185	43	,
46e74fa7-0fcf-49fe-bb92-24e868e6c35d	315	1597	123	42	among
15023148-b86f-42f6-bdd0-bc44356d2079	443	1596	97	41	those
39082432-af2e-43ce-8d43-06e988693fbd	546	1596	77	41	who
0bec7d10-6098-4fb0-a692-f79de33d89bb	628	1595	154	42	believed
45612a48-9853-4122-bb36-9f44e129d526	628	1595	154	42	,
8fce9c3f-2e00-4476-bc79-0d6adadb602d	786	1595	87	41	685
bcbab6fe-8bb4-4214-aebb-1dd4d6039584	786	1595	87	41	;
8a73f166-d149-40d2-ab34-685cbe1911a7	879	1594	77	41	war
de215213-c9ad-49e1-9f2f-9c029113a983	960	1594	87	41	with
09789cef-1332-4ca7-be84-052b10f8f232	1053	1593	195	42	Lamanites
185dc320-26ec-4bab-bbcb-dbd879e9cf54	1053	1593	195	42	,
1ed38378-5272-4d6b-9ef0-d8d24c4f7661	1252	1593	67	41	688
205dd3ad-4211-433f-b2df-2afe3e8351eb	1324	1593	16	42	;
ee71b332-52d4-40f7-ad6e-9e5968fbe718	167	1637	109	35	called
799191ec-3e5b-41f9-8c79-4c2bcb7688d2	281	1637	166	35	Nephites
fa45b572-5f21-4b1b-8a15-e95e8cb3a6c8	281	1637	166	35	,
9da8191a-0b4f-43bf-a3f2-c5877fe4022a	451	1637	80	35	688
b588802f-957c-4ad1-8c77-6877df2b5e17	451	1637	80	35	.
e69ee2f0-a3c5-42c7-80ad-e4289c6497ba	126	1675	95	38	Josh
6758e9be-4664-454d-a8e4-1f143f67fe5f	126	1675	95	38	,
1620d541-8eee-4c9a-b34a-a2e63c402d47	226	1675	76	38	city
361b36fd-fec5-4127-b2f2-7f1a94e2e6f0	306	1675	52	38	of
0ec78e08-4e5b-4c31-95c6-ee8867182c9a	306	1675	52	38	,
6fddc01b-247c-4841-8bd2-32cb0c59a13a	363	1675	133	38	burned
6570278f-ac89-437c-81de-6d22630119f9	363	1675	133	38	,
c78eb18f-cb30-413a-8b95-008b8a6bebab	501	1675	78	38	627
4166cdb8-b778-43a1-97d9-1628f3f9673f	501	1675	78	38	.
06fe10ae-d80a-4c44-9c2c-e52334d81506	129	1713	92	41	Josh
e35fda4a-fb49-4eac-8a12-1b66570639d0	129	1713	92	41	,
05221422-cd88-461e-b43f-d5a450684f70	226	1713	123	41	leader
f47bce8c-39aa-4859-b731-b8fd11a4fb2f	354	1713	46	41	of
6e8efdea-7f99-415f-b43f-86d3b3c6967e	405	1713	67	41	ten
cf496370-7b7e-4d71-a661-126974c652c0	477	1713	174	41	thousand
4d61706d-cc4b-436d-ae35-fb50ebd6c9b0	656	1713	164	41	Nephites
0d2404f6-d112-4bbd-8d8e-5d078bd9a49f	656	1713	164	41	,
80fefb06-1559-4a9d-92b8-28090fecf24e	825	1713	108	41	slain
1cb4edec-36b1-4203-923d-20c5922b79e9	825	1713	108	41	,
a3644efc-2177-433b-b7fe-f8ab7eb4c10a	938	1713	81	41	702
5c1ff0f0-cf0d-461d-9106-c9cb66a9ed30	938	1713	81	41	.
ca178d36-f95a-4c1b-99bc-2212051a2f16	126	1750	138	41	Joshua
81478de3-a5d6-466c-aedb-654cb7e0cc4b	126	1750	138	41	,
626fd009-c043-4c2b-8d3d-2bde67c9d543	269	1750	154	41	Nephites
d3dde086-b11a-486a-984c-66a6d1769918	428	1750	97	41	come
6622a7b3-c7a7-4e12-b784-5841cde49864	531	1750	46	41	to
c3da6b26-044a-455d-a7ed-c9c9af7e857f	582	1750	87	41	land
50594d27-3355-4d5e-b618-3bc93fae01f2	674	1750	56	41	of
6e20816b-d821-4781-871b-1c1c166b5a68	674	1750	56	41	,
af004585-0da6-4360-90bc-26fda7f00477	735	1750	79	41	689
cce34742-503a-4120-90af-425432868b78	735	1750	79	41	.
b8459e8d-ea98-420b-af64-0077a42a4b61	126	1788	118	41	Judea
8172aae1-6613-431e-9f6e-f8375b249f0a	126	1788	118	41	,
7465a05d-124f-4b05-8bcf-9d3ba21f097c	249	1788	164	41	Helaman
62299a1a-f531-442f-83b8-a592853f5772	418	1788	154	41	marches
c8a85949-27af-45f5-82d5-a58e985e52f4	577	1788	51	41	to
29048c18-21ad-44b3-bf3c-1e8ec02ef103	633	1788	82	41	city
f52ac07d-0fd0-4fc9-988b-c3a799c7d042	720	1788	56	41	of
58d3bba4-36e9-4511-b06d-3eefc5103208	720	1788	56	41	,
540e8aa6-6793-4d67-9a82-afa55b2a0da5	781	1788	97	41	510
930a8a7b-d358-4a47-b44c-c82047670274	781	1788	97	41	;
f374b221-becd-4533-a4aa-7f02b6d237b6	884	1788	164	41	Helaman
7ce01f57-31dd-43dc-9bb0-559ba04186a7	1053	1788	138	41	returns
b32dc426-d649-4b23-ba8d-37668ad74be7	1196	1788	56	41	to
9c95a87a-4968-4ca8-86f3-931f98a48955	1196	1788	56	41	,
7672b622-8716-48e1-9b7f-09af5dcfb976	1258	1788	82	41	515
9e2d9d9e-47f3-4a08-ae0d-984c3760f96f	1258	1788	82	41	.
61068cc6-22f3-47aa-9f1f-bfd4a109481d	126	1826	116	44	Judge
a53242ed-e914-455c-ab4d-ac3c1e14edbc	126	1826	116	44	,
a3d3a1f7-ec33-4a04-8c27-8d0385c59fce	247	1826	170	44	Nephihah
dcb96d54-2008-4b98-b205-15f20754e025	423	1826	99	44	made
75d198af-5009-48a0-abfe-5ee22b345fa1	527	1826	99	44	chief
fa0a6c3b-2aac-4374-b4c3-42f471ca2c67	527	1826	99	44	,
c78d300c-c174-4111-b99b-2a099535c003	632	1826	93	44	312
db2721ef-152c-43a9-b0ec-ef262fa0092e	632	1826	93	44	;
8dda4da4-08b3-4cca-b9a5-199e82bba759	730	1826	93	44	chief
2cb8e9f9-84b2-48d1-8993-628f0dead35d	829	1826	38	44	j
71520c34-0851-4777-a770-bdaebe9ddd20	829	1826	38	44	.
ac34684d-bfc0-4300-afdb-beae205ff35c	873	1826	44	44	of
0f7c2ea2-4a6d-45d4-8a15-a3919c87f656	923	1826	220	44	Ammonihah
c160259d-b0c2-495e-b722-33c8c9aa86b4	923	1826	220	44	,
6dfcfa6b-8f0a-4ded-a947-b2ca7f09f65b	1148	1826	93	44	354
8d1c2c05-f4d7-409e-bad0-6e0360ce8bf3	1148	1826	93	44	;
6780fdd7-6393-4cb5-9391-112bc4eca176	1247	1826	89	44	after
28702f78-c0ae-4f32-9d3e-1d14ebe8138b	167	1867	95	38	order
69a46212-d669-41b4-af78-fcc58ead020b	267	1867	43	38	of
98db3113-8486-4546-a7a7-965ab00d320f	314	1867	114	38	Nehor
ad51742d-c9ad-435f-bbec-369eb1ee44d7	314	1867	114	38	,
4d810f6a-a7c7-4a46-9634-3502f4525568	433	1867	66	38	354
44541507-4ee7-4c24-bcb2-c674742736ff	504	1867	14	38	;
f9e42d3a-9b43-47ca-8ddb-90e56853e1e1	523	1867	119	38	smites
ac314e5f-503d-45b8-88c7-378fd61ba490	646	1867	95	38	Alma
a6a5a9b3-2d95-43d6-ac57-959fa79c1755	746	1867	71	38	and
422f5e15-fb2b-41fb-85d4-a7fc2080b535	822	1867	214	38	Ammonihah
3022c4f2-1651-4dbd-a43f-9c3f3934a9f2	822	1867	214	38	,
de8ea50f-ad3b-4efd-a2d5-1de00990a151	1040	1867	90	38	355
35aa3f26-713c-43b9-8fa2-54001f578931	1040	1867	90	38	;
c81fe352-6fab-4b49-9e3a-b838b8badc07	1135	1867	47	38	of
7197c059-4b55-4cd1-90dd-519043228dd8	1187	1867	152	38	Ammoni
fa8fe840-5b54-4620-b433-6e77de56df74	1187	1867	152	38	-
62884896-4bec-4291-a5c2-a0e56fe477de	164	1905	72	41	hah
bd887504-abb1-48d9-9255-fa82406558d6	241	1905	92	41	slain
42e73e21-c0b7-40f8-9f94-5a80210745ad	338	1905	56	41	by
32e51b5e-2d14-45c0-896b-baf433f74226	399	1905	72	41	fall
e182662b-d61f-48c1-b6d1-e22a3eb0ff38	476	1905	46	41	of
c32defcd-f443-4568-9197-3c6e8b9f1a4c	528	1905	118	41	prison
20bbc5b0-ec1a-49b8-85ab-537391d7b22d	650	1905	108	41	walls
5895eff9-a321-4f35-a425-1b63780ca9e3	650	1905	108	41	,
c13fd128-1f1d-436f-b634-33ef41507ed7	763	1905	92	41	356
0c088e60-aed5-4126-b429-b3342fba6e5f	763	1905	92	41	;
86e5ff61-c05a-448d-91f0-1b3f0e1cc042	860	1905	97	41	chief
e2a988f0-7e15-4537-9705-2ffda16c1907	963	1905	36	41	j
5db27174-f0e7-41ab-a9e2-525500e792e4	963	1905	36	41	.
96d20755-3d46-4e68-b622-d692f6f1cf97	1004	1905	108	41	sends
0a034c28-2017-4969-803b-dec04582bbfa	1116	1905	217	41	proclamation
0476ee2e-8059-42a0-b5aa-d3c7feb381a2	164	1942	190	41	concerning
0bd95960-b4a4-4377-bdba-87e4a8745047	359	1942	118	41	people
f96a2483-0c41-4399-9c46-02748ef0b2b4	481	1942	46	41	of
16b79e74-d196-4fa3-8616-74c21730b822	533	1942	287	41	Anti
c54f3740-9731-4f83-a5fb-77dc0dd95d94	533	1942	287	41	-
00f1e9f1-cf5d-43b5-9ef3-0b4d09314cb3	533	1942	287	41	Nephi
a6e84877-2e01-4435-a8da-dadd636410bb	533	1942	287	41	-
0e9299f8-b086-4e5e-9eef-635da1ac632f	533	1942	287	41	Lehi
e692a08b-fcc3-4f0d-aa2b-318e86a44648	533	1942	287	41	,
8eedfa3f-e9dd-4b53-8c3f-6ed4eb48f4b5	825	1942	92	41	404
fdeb2212-f543-4de5-8aeb-03e46c110d92	825	1942	92	41	;
2a70a897-624c-4bb5-9fb3-8f32678b568c	922	1942	184	41	Nephihah
7ae98495-d75a-4194-a78e-41cc0a762d43	922	1942	184	41	,
6efa23e6-6cc8-4258-ac09-f83b9443e1d2	1111	1942	92	41	chief
41df508b-2e21-41c1-b540-f10ae3a1a12a	1209	1942	41	41	j
01af5064-cda3-4927-aa43-f67ea6ac73b7	1209	1942	41	41	.
f38733e9-d5c5-476a-abf4-812f4c7e4ec6	1255	1942	82	41	dies
9fc3bb03-2b18-454a-840f-0fad77a6689d	1255	1942	82	41	,
9a60ea29-fee4-4d4c-b4c6-99768ec4d44d	164	1980	88	44	489
9f0672d1-42ce-415e-b746-7a767348b408	164	1980	88	44	;
fc280413-1c1c-4886-8db6-4fa4b52984dc	257	1980	154	44	Pahoran
6daafd60-323e-4ea4-9f0e-039d3e614da5	417	1980	181	44	appointed
6417e7b2-f344-4b44-a8a2-63f8101f6af7	604	1980	99	44	chief
a3efd1a6-9acd-48a1-89a9-f764950cca06	604	1980	99	44	,
73b69717-2e34-48f6-ab23-0894bf8e2cf1	708	1980	93	44	489
4a59ce12-d5de-4b0d-8bac-a293079a4138	708	1980	93	44	;
4347662f-95e1-4f03-95a0-c62c897566bf	807	1980	110	44	death
b3a54dba-7d4a-4c7e-93b4-508c52ff1e17	922	1980	49	44	of
20346430-b4fd-4ca0-82fb-788e66cd8ae3	977	1980	77	44	told
41de5195-52f7-4e36-860b-6e9c0a3eeeb6	1060	1980	55	44	by
347909f1-90c2-4cc9-bb1a-61cc6ae6c0f4	1120	1980	121	44	Nephi
620078fd-014d-4c3d-87a0-365abf37dd70	1120	1980	121	44	,
97c10cd1-c388-4456-80ce-d8ddb4ace93b	1247	1980	90	44	573
c945f21b-36bd-45dd-9722-c7345d03e926	1247	1980	90	44	;
0da62e56-7967-4f86-aa55-31f0d8fc99ed	164	2021	103	41	slain
b130edc1-d11b-4374-86e7-97c18037c5f0	164	2021	103	41	,
49fdc5cf-ca68-401a-a274-c236c44d20f2	271	2021	82	41	573
2ee8b285-4457-43de-a1ab-14c9e98c2ed8	271	2021	82	41	,
ed8cc1cf-c89b-49ae-905a-b68743d79b6c	359	2021	97	41	574
b8ab6431-3758-4641-ba4c-43b806127c39	359	2021	97	41	;
1c71bf9f-055a-40f2-9671-cabd1df7f37a	461	2021	174	41	Seezoram
021bde58-ac98-404a-a523-76128148a6ef	640	2021	108	41	name
c66e2366-6924-420c-a987-7d9494b9378a	753	2021	56	41	of
55c5ad0a-2cef-4603-8e4b-b0eeb8dc3419	753	2021	56	41	,
343d853f-433e-4b51-8617-29477c10971f	814	2021	87	41	who
791e2150-ed08-47e5-bb1d-43d525c793d1	907	2021	77	41	was
9755770b-6ed7-4891-b642-6c6e2692b751	988	2021	108	41	slain
a24820c3-98c2-4cf6-8dcd-a509a9af5ac2	988	2021	108	41	,
05c1539a-7779-47e1-bad5-d0fab2a3b456	1101	2021	92	41	575
ee0f151d-1b82-4969-9fab-bae9b7141a20	1101	2021	92	41	;
c87deacd-1efe-4c76-a54f-f67a574fa3e7	1198	2021	102	41	chief
2d05045a-3c25-47b4-8b79-8b73d066314c	1306	2021	31	41	j
57bc7dc6-c174-4a7c-a3fa-de45ee4b8f67	1306	2021	31	41	.
18244b74-8338-4267-8b88-a6f512da8f39	164	2062	193	35	Lachoneus
e74be333-ed95-4241-851d-21abfc0f9930	164	2062	193	35	,
2e14a017-c6cc-41ba-bb51-62bd9fdfe1d9	361	2062	96	35	600
748d0e04-ca41-4a90-8caf-7ecd2d82a039	361	2062	96	35	:
a200c9d1-82b3-4861-b28d-ef43889d7d23	461	2062	192	35	Lachoneus
459669a7-515f-4f10-94d8-85a3c4e838af	658	2062	179	35	murdered
0f94faf9-9c0c-4391-aa0b-736e489ace7d	658	2062	179	35	,
f09db661-7bb2-4573-8413-836252f0a703	842	2062	77	35	620
c8643c6f-a927-4c90-8704-7126df6770b6	842	2062	77	35	.
