ID	X	Y	Width	Height	Text
001dec80-9f8d-4ff5-ab48-8bff7c2b96e6	88	84	73	36	810
562402a0-764f-43f0-a228-ade8507fe39c	456	72	154	44	BOOK
eacfbc38-b864-417f-859e-6ef12c6ca054	615	72	88	44	OF
39b5b16d-b0bb-4ee0-9d91-5a98a4a56ae0	709	72	232	44	MORMON
b576a501-8736-4f06-899f-b08504da4bd4	709	72	232	44	.
b7b9e58e-eac8-4f6d-a75e-70453d0734d2	125	159	64	43	95
74a20faa-b5ed-4fb2-84f4-cab5afd4df2b	125	159	64	43	;
fb1cfe4c-6bf9-41a3-a22d-baa4a17b4673	194	157	100	44	place
cf2c2e9a-d548-4e55-9440-80228976df85	298	156	74	43	and
f651cf66-4953-421b-a680-cb93b4f5e277	377	154	111	44	people
3e4c5b73-af3e-4b85-8526-1f8eff3e5530	493	152	121	44	named
af318f85-fe32-4e4a-985f-1ce38608e878	618	150	100	44	after
58a10066-f745-40c6-825b-097dee4b2fe3	618	150	100	44	,
4e8c9072-d3a7-457b-92fa-b675c7ca86e9	723	148	74	43	95
86f8d486-e320-4203-b969-c87d48fd4d76	723	148	74	43	;
99937a15-a8fd-4d0d-8cfd-8c7f10ef9b9d	802	146	132	44	teaches
ca4cb946-26c2-4c79-9b46-13bb275177f4	938	144	116	44	people
a81e3759-26ea-4a37-b62c-2880e50e57be	1059	143	43	43	in
573bed58-e951-4e2d-b1f3-da9755627d36	1106	141	121	44	metals
7cea8caa-ce13-4a7e-9272-2f20c5586666	1232	140	67	43	and
cd6ffd70-8b05-4913-9d3b-36072066157b	129	195	103	41	wood
5885eb07-0dfe-489a-ac49-d8a76f85624b	129	195	103	41	,
611fe004-61e9-4fba-b079-7eb054eb87c3	236	194	78	40	96
c625a8f2-c2fc-48eb-884a-4e5090e6b0dd	236	194	78	40	;
19b6d3c1-1623-4546-a579-efefda1a8a51	318	192	117	41	builds
1f9298e3-4176-4293-99af-b7d4b4c5782e	440	190	137	41	temple
350a11eb-6c17-4ff9-8fbe-e15ab34f97c8	440	190	137	41	,
cd8bbadd-2702-4257-b0ce-7df8959de3dc	582	189	78	40	96
631f18d9-f807-4ecf-9547-0b6bfa011c69	582	189	78	40	;
a8301bac-59aa-4ce5-823d-8767de11c007	664	187	137	41	refuses
6a2075ba-ab31-4466-a546-0d28a0ff4ab7	806	186	54	40	to
7150de76-2eb1-4008-a135-5fbdfac5bac1	864	185	49	40	be
e3bce691-e2f0-40e9-be9a-3effc2fbccd7	918	184	103	40	king
36c8c432-dcbf-4884-ab7d-61fd2a6fd5db	918	184	103	40	,
cac32fe9-1afd-4d15-9c07-09de79f624e7	1025	182	78	40	96
868fc31b-b847-4b56-96e5-7b58c733bc58	1025	182	78	40	;
12de5aea-450b-4e45-a6b6-68fdb12280aa	1108	180	195	43	consecrates
7347790d-4d94-4917-bb30-55e715f1de1f	125	233	107	39	Jacob
e5f7c59c-60d7-44fa-8813-a92371bbd87f	236	232	74	38	and
5d5db17a-9294-4868-b4d8-54ec469142b2	315	230	134	39	Joseph
a41846b2-8d81-4bea-948b-b626e4ddd1ad	315	230	134	39	,
8e885324-8caf-4ba6-99c4-9ff4d05fb569	454	229	74	38	97
3c2759eb-5eb6-46ff-97f3-5ff60f1a9928	454	229	74	38	;
f07aaf38-f913-40a8-afac-73ff28f1058c	532	228	107	38	keeps
cc00fc24-7e0f-4005-b2f6-c9436e0e0de7	643	226	134	39	records
0fbacbd1-7a6b-4c5d-846b-b0c688eea2f3	782	225	93	38	upon
d48e0129-abe9-499b-81e3-d5e7cc81b33b	879	223	125	39	plates
10226da5-4ee7-4d61-9071-3087f6fe622f	879	223	125	39	,
dd2c2ccb-b7bc-4977-8a06-fb3200c0bf3b	1008	222	74	38	97
b88d3a37-5069-4370-8d80-4f1d5a5d4623	1008	222	74	38	;
6935141d-c495-4007-81f3-561d8b765ef7	1087	221	116	38	makes
7b32e2ed-d937-483c-8e2c-a949bd918d12	1207	220	96	39	other
b8ae861e-ef68-42a7-bd1a-0045e8d34f6b	125	272	116	42	plates
01503b91-b344-442f-ab3a-878eea951266	125	272	115	42	,
bf9d6597-20fb-4b5a-82da-4d3f78f9097a	245	270	71	41	97
b2a64462-6ba9-46e0-a702-a08610240a40	245	270	71	41	;
4544f4a6-bfd2-4bca-830d-720fc61a7df9	320	269	106	42	Jacob
d631ee9f-2cab-4dbb-8534-f85b95bedc3b	430	267	120	42	speaks
20d98751-a0dd-4a99-acfc-89c355c27f82	555	266	86	41	unto
560772a1-fc19-4c32-b1c2-ddccd83ab40c	645	264	115	42	people
13ec1ca5-a5e1-4aa6-acbd-09a0c87a97b0	765	263	56	41	of
473c9807-8216-49cc-8535-3bb255b62af2	765	263	56	41	,
25aa48b9-9c3f-44fa-af2b-862b732a40c0	825	262	71	41	98
b86d6034-1fcc-467f-9996-14d4f181ca84	825	262	71	41	;
b0e0bb8a-227e-48ea-b0dd-2d31e44cbaef	900	260	115	42	writes
56071d68-eaec-48d6-a966-6198650a9492	1020	258	111	42	words
3a3468b5-aba0-4ed4-834f-1a46593ec53a	1135	258	46	41	of
2354cf90-095a-4577-983a-d53c865f1642	1185	256	121	42	Isaiah
114f0307-a6c4-4703-aff0-f3054799e7aa	1185	256	121	42	,
f7b79d81-b4bc-4850-a176-7b936ad496e8	129	311	86	40	115
1915b3be-a73b-4bbc-85ef-07cd23475412	129	311	86	40	;
3fa9ec9d-46c8-495b-82e9-e21f680a86e3	219	310	86	39	soul
b87957ad-65df-41e8-961d-d9918e6eef47	309	307	181	40	delighteth
c6934b8b-9a4c-400e-8bfc-d59316136781	494	307	43	38	in
d2f40304-433f-4ee3-8170-26f6cf561ed3	542	305	181	40	plainness
3bc47710-70b5-4b9b-bfaf-990f5ed5c59c	542	305	181	40	,
cb4fb4bc-b989-4f92-9ad0-c44105c30565	727	304	91	39	139
9faa6c7a-0fca-49be-af27-804e0a7ed72a	727	304	91	39	;
9b3d37cc-e467-4056-a61c-fc61adbe382a	822	302	124	39	speaks
e87c5035-c192-4fff-ad3d-845893f532a5	950	300	195	40	concerning
bca1e7cd-f60e-4416-ac66-c0c55c55ebe3	1149	299	114	39	words
6e097795-48d1-4f5a-9c59-e2ff8d6f8c8b	1268	298	38	39	of
6109d594-a90c-4db4-ae57-5a5607793d5b	129	348	119	40	Isaiah
ff0d1fe3-b8ff-42d8-b4ed-7f3540438da4	129	348	119	40	,
e3491efc-b671-4edd-a8b9-6db5dfe9b2d9	252	347	91	39	139
ecffe3a0-4e43-4506-96b2-12a660d3f5a3	252	347	91	39	;
eff16de5-45e1-4b9e-9ad6-a03b18018a19	347	345	148	40	declares
2509c4fe-2171-4034-ac26-75ad7e7f20d1	499	343	176	40	Jerusalem
76e39a61-dafe-4506-8bb5-28cfe05c1eeb	679	342	72	39	had
01f74fbd-81d7-4ba9-b828-fff921c2d577	755	341	86	39	been
338416d0-550f-4967-bc82-237b434260b5	845	339	181	40	destroyed
8b75e785-03c8-4c54-be70-efcfc7b3bab4	845	339	181	40	,
85e1eaeb-0440-4e6a-9c85-eb04e2a4f132	1030	338	91	39	140
75585409-6edd-4632-be97-35f5bbb4e63e	1030	338	91	39	;
8769bf75-0471-4887-afd5-c8efa2eee424	1125	336	180	41	prophesies
81127d03-9408-4fc6-8d1f-fb291dba2eff	129	385	195	41	destruction
e35b2457-2cf1-4038-ba68-3c7bd69ea007	328	385	44	39	of
3bfd9e61-3fb3-48e5-9eb9-fa1b5b7d7037	377	384	64	40	his
c1c85cc7-e17d-4d97-9843-20a686edbd00	445	383	127	40	people
c7a433e6-59ab-49cd-86e8-3063d2bbfc08	445	383	127	40	,
6a6dddc3-8af7-48ca-82ba-0ab8d7a92b30	577	382	88	40	145
0da6b347-7962-4b30-9b84-ee11672a5b72	577	382	88	40	;
adc97484-91c4-4974-bd50-0f4eb1cc6ec0	669	380	161	41	promises
3cf65147-2a72-4e73-a9fc-570d3969fa7e	835	380	54	40	to
2c3c7f17-fa27-4d8e-ad98-d3acb25703be	835	380	54	40	,
ee2fdcd2-1a87-4755-877f-346d52b9576e	893	379	49	39	to
14019503-b965-49d0-829a-ade3f182ba8b	947	379	49	39	be
bebddd85-8ee8-4b8e-950d-4432e79df442	1001	377	215	41	remembered
17b783c5-e003-45ec-a625-b275f2091c04	1001	377	215	41	,
3b4d818d-a73c-4808-8b97-9cd4690ef452	1220	376	89	40	156
579914f3-fb4e-43b1-93db-3f336ac8dd6a	1220	376	89	40	;
4444d18c-4e02-4c12-bd6b-9166f5232afd	129	428	88	43	seed
dde5e0c1-fc7a-4c69-acdf-a6838c11af73	221	427	57	42	of
15520b96-d22a-4128-961a-2c31c03a2822	221	427	57	42	,
0fce0409-d89c-40c5-8f2e-bbaa26935488	282	426	52	42	to
42cfb45e-36c6-4043-bed3-33aac90167ad	338	425	57	42	be
acee04b2-df98-4e71-97d2-fc000eff4220	400	421	226	45	remembered
7a648560-9f78-4383-8562-14ec09ea8c0c	400	421	226	45	,
b3eb3a83-9bba-409c-8ad8-70679b7a5f27	630	420	98	43	156
96a1ada8-0c25-41cb-9e5b-ed5c63182382	630	420	98	43	;
52eaedfd-d24b-4dba-be14-dd8506b5e34d	733	417	190	44	prophesies
369de1f4-9cb0-4059-9570-cac7d7112ce5	927	413	200	44	concerning
6d7a2b46-40be-4916-9d7f-cb2ad26dd61c	1132	412	98	43	Jews
332f0bc0-ef59-449f-974b-2da8cf7e448a	1235	411	71	43	and
209fae22-1ba3-4030-a390-dcc605c715f0	132	456	156	48	Gentiles
3d08f6c7-8537-4d69-939b-db7666757d73	132	456	156	48	,
8865147e-5faf-4417-982b-3120c803bef8	294	456	96	48	158
95b552cb-7eb0-444c-ab77-9633ddab67b4	294	456	96	48	;
86fcdadd-6159-4a5c-a6d1-6ca82024ba8c	396	456	150	48	mourns
2a9dd908-1cd2-4fcc-a16e-9484954968de	552	456	144	48	because
2ae06d2e-1330-462d-81fc-1a847bf90234	702	456	54	48	of
40bb0abf-b100-449e-b923-09620907f435	761	456	210	48	wickedness
259b4e77-71ca-4acf-8fa4-4c9823b498a2	761	456	210	48	,
d92937fa-da95-4d28-a235-347e477d4519	977	456	102	48	164
3c405514-813a-416e-8545-64a16ab64b3b	977	456	102	48	;
d9d93715-e7a2-472a-92cd-502cb6e3e489	1085	456	78	48	has
c3990f49-cd36-45b1-a4c4-d25ff5d6544a	1169	456	139	48	charity
25304680-7b10-43b4-949a-41c07e21eb03	1169	456	139	48	,
29557818-047f-4e38-a0df-520d3f01ad36	132	506	88	41	165
1766b151-ab59-46c2-8e8b-a9acafa2e7b7	132	506	88	41	;
395413c7-2be8-41e6-9186-6598b1355cfa	224	503	186	42	commands
500c5aba-a90b-4437-b509-6217091597b9	414	501	113	41	Jacob
21f3f88e-8f1c-4f27-8df6-18226b597d33	531	501	49	40	to
f11d33c3-c77b-43e8-a818-d681acc1fbd5	585	499	103	40	write
20a86c17-f073-47d4-b665-ddd84cc8654a	692	498	54	40	on
9077d17b-0fd8-4cdc-990d-fd7a8d1038c4	750	497	103	40	small
0f12661e-e24e-4914-be90-b61c5d702185	858	495	127	41	plates
8eb45d5c-104e-45c5-a3ca-1a7e8e015072	858	495	127	41	,
ba13b4c0-5b4c-4290-8fcc-568ef23bafd7	989	494	93	40	166
c16580f7-e2c3-4e41-b64d-57e74330eb92	989	494	93	40	;
4df2d7a3-62ad-4b19-8663-ecbcee3a32cc	1086	492	142	41	anoints
1f10ebc7-4d68-4b7f-91c7-14447e7072f6	1233	491	73	41	man
4015008e-6e2b-4450-8b25-9fe1dfeb919d	132	542	38	39	to
b2d7d80c-eafe-4efe-8014-3c40f830271c	174	542	48	39	be
6cc5cb7d-c9ae-4e1a-8091-60c2a65d0ec9	227	541	95	39	king
d62e9a60-b553-4282-ae2b-da0cec2ff686	227	541	95	39	,
7ee74f55-fabd-43ab-844c-0ba60ae46030	326	540	91	39	167
bcd5f4c8-9acc-49a9-9331-08000cd28c3a	326	540	91	39	;
1e4b3771-4b87-4d33-b465-f38814f12d09	421	538	100	39	loved
006a5d81-bb4d-4598-bb0f-31eab7be1c81	526	538	48	39	by
3ca7d5b7-de8b-46e9-9c32-b008f148dbd4	578	536	129	39	people
b663a43c-1e04-4d96-8364-c400d065bd24	578	536	129	39	,
db770f4c-1f23-4a0e-a7d9-a7ae5ca0c084	711	535	91	39	167
1775cd25-52f5-437a-8b8a-b33d216e8edc	711	535	91	39	;
dfae63ab-12b9-4af4-aadd-8b9ba2829c0e	806	534	119	39	wields
9a19d358-cf28-4743-95f5-f8fc6fe73410	929	533	110	39	sword
4ce03672-a808-4ac2-8a73-245b5af9ec8b	1043	532	48	39	of
00d6fa38-b08b-4d44-a505-f643b6f59476	1095	531	124	39	Laban
8adea5ec-a65e-4d35-a6a3-74e70744043d	1095	531	124	39	,
334855de-4b98-4979-8a34-9b6513dbff3f	1223	530	85	40	167
5fa5ee47-5d14-46a9-b8a9-099477381144	1223	530	85	39	;
7003bba6-ce5c-40ee-b02b-cc155afd86fe	132	573	51	41	to
01da0e84-44f0-4155-855d-c2c9b1f8431d	188	573	61	41	be
65e90084-c7e5-4114-a4d1-c2d4f12e8a2a	255	573	113	41	name
c80e8807-52a3-40ff-ae7c-cf4b182545ac	373	573	56	41	of
1817e89d-b28f-4427-804c-3a235c2ba8fa	434	573	123	41	kings
a4e94ee4-9961-4c03-8e3f-d0f5fb52facd	434	573	123	41	,
85f8d6fc-a6da-4316-b84d-cad7e2100265	562	573	102	41	168
3d98f779-1496-48fc-bea5-20624bcae700	562	573	102	41	;
74bd1546-74d8-4f16-a4b3-373b8a6a59a1	670	573	97	41	dies
7e5a6083-5ad8-4bdc-87a4-3a55344aeef0	670	573	97	41	,
be509f6e-c869-4b6d-9fb8-aaa56ed4d101	772	573	102	41	168
949a43b1-dfb3-4da2-8d3b-0029a03d151b	772	573	102	41	;
755cb805-a056-45cb-a172-09f2c5afc222	880	573	215	41	consecrates
7309feaa-67b0-4441-bb65-01b1af4ed7eb	1100	573	138	41	priests
f10aa792-05fa-48b9-a603-70ffe12be47e	1243	573	65	41	and
dcf6594f-fd49-4af1-8faf-9a3f0cb4ca66	135	619	149	43	teachers
87096c70-cf8e-4a41-ad2f-f7162ed9a6d0	135	619	149	43	,
3d6c2970-1cd8-4952-8661-9a92914130f4	289	618	88	42	168
4cf2c69a-4263-4987-aec8-74702fad9429	289	618	88	42	;
27000ddc-84b5-475d-8396-1a945c9006ae	381	616	118	42	makes
aa54b38d-4149-41a2-8db7-1cc83168cf60	504	615	108	42	plates
da169c15-4a39-4c8f-920d-92edcdbab37f	616	614	108	42	called
8066cc47-13ed-4f36-a37a-b63530c97b2a	729	612	108	42	plates
4a3e4927-9e37-4774-a26d-2910020adb12	842	612	47	42	of
80b5834a-ca4f-47e3-880b-1a7f7e0bac64	893	610	113	42	Jacob
022d208b-137e-44ef-a1fb-605578e67edc	893	610	113	42	,
d1b8ab4a-fd35-4d01-93a8-0913e8a00729	1011	609	88	42	175
ddff959a-ade3-4085-acfc-e162f36b7f7a	1011	609	88	42	;
08876cc2-fc30-4286-90ee-6c81dbd03b4a	1103	608	98	42	other
efec02d7-33d8-4638-8ce2-4fdab6a472ef	1205	607	107	43	plates
1d82dd4d-da99-4cef-b721-3a99cf58a708	132	659	57	43	of
10b43083-05a6-409f-8732-1191126a94fb	132	659	57	43	,
666bbd7b-1952-4c3c-af56-c3603fee589e	193	658	93	42	199
a8904e07-033a-46ca-a4f1-43f2c9108aa0	193	658	93	42	;
fd7b0c2e-6dde-40b3-89ec-d0068a61f53c	291	656	118	42	plates
c4ca25a6-0a43-4ea4-a7d4-3107a31da4e9	413	656	57	42	of
5231e6c3-9f36-4c10-a73d-8efaa13fff3e	413	656	57	42	,
c96412c1-a9ce-4bea-b5f3-805d39a959c1	475	654	175	43	conferred
6f7ab09c-6fe1-44dd-9d95-595d62b1c2eb	654	653	57	42	on
67d937a2-1bf3-422c-bc94-4b0de4158d59	716	651	144	43	Mosiah
42694f7a-1b03-4fda-88ce-1b497523f466	716	651	144	43	,
f986ce69-2b73-43e8-96e7-2ec9b2d78a3e	864	650	93	42	209
e4c16bc5-ad8d-43dd-b087-f3efbd2fd16b	864	650	93	42	;
5e4a5482-16f5-408a-a7f1-6388ebc74ca2	961	648	164	43	language
7f8acaa0-22c2-482e-9f35-30c5713c3952	1130	647	62	42	of
b8294f6b-e236-446d-94fd-130717ee47f7	1130	647	62	42	,
af338403-5901-4800-854c-14e24f2a9ad4	1197	646	115	43	taught
abf54937-fc01-49dc-9cc4-a530006ec06f	132	697	41	42	to
3fa3535f-a0b4-4543-93af-64d5a3180271	178	695	190	43	Lamanites
de5d8e10-582f-4fb7-b21b-aeabff9bdc1d	178	695	190	43	,
f96ab3a6-2170-4161-b5b3-24e28495dc0a	373	694	87	42	277
d4178c2f-1705-4e42-9169-475dbc2ba407	373	694	87	42	;
6eca9496-b159-4317-b53d-69b679ceb327	465	693	113	42	words
fdccbb2c-e7f3-4265-9859-052d5f8eb59c	583	693	41	41	of
709a1359-0eb5-4f4c-bcb8-66088bdbe34b	629	692	82	42	God
52fd5edd-581f-4472-bc54-ff6b026fb4f5	629	692	82	42	,
4b5d90cf-662c-4920-81d6-b2cf5a8cd109	716	692	41	41	to
c9481b44-3c86-4e5f-ad4f-01e51240b098	762	691	87	42	first
e3a9d081-c633-434d-b022-fbd4080b7588	762	691	87	42	,
9f1cf275-666e-46c4-8ecb-d7db6ff608af	854	690	87	42	308
c3454268-1872-4982-8986-1f05d676cafc	854	690	87	42	;
81745155-e425-4e5a-b6f4-970010739ee7	946	688	149	42	Abinadi
615324c9-9e29-4961-bfdb-71cd1a80f121	946	688	149	42	,
f9b0a4d3-4a3d-42fa-b574-35409c5d8696	1100	688	67	42	son
76f9e60d-3868-460b-81d2-ba2bf4faed25	1171	687	52	41	of
dd7a40f0-d2eb-4fe8-983c-33a95ea3e4d8	1171	687	52	41	,
e4041be8-e428-4365-b436-1d27d579d5a1	1228	687	67	42	334
e5a60abb-7288-42cd-8098-64eeea4ff0c7	1299	686	15	42	;
c1065332-da9b-4ae3-b9ec-473477de6ce0	132	734	70	41	son
26253b53-775a-4720-a303-20b1d83cdc10	207	734	40	40	of
2132f08a-2fd5-488a-bb14-e6a3dc7811f0	252	734	95	40	Lehi
6c94c58e-8890-478c-a989-f216b898bcf2	252	734	95	40	,
1780b0d3-5e9b-42e0-989d-1fb2d0161afb	352	734	79	41	335
d2d8bb91-02a0-4b94-8702-202c32252eb4	352	734	79	41	.
0ba8f8ec-26a4-4fe3-936e-d046f7b56c74	97	778	121	38	Nephi
6a355a7a-44ba-4aa3-ad12-c8d54bb7f4e8	97	778	121	38	,
3696fe53-8852-4e2b-9707-035f179e6033	223	778	111	38	people
bf8e349c-f87e-4b4d-b941-3427d4b37a61	339	774	67	42	of
f03d52ef-60c9-448d-99f0-7425c7bb1c8e	339	774	67	42	,
90dc9681-07fd-438e-9d02-7c7046d56733	411	773	62	42	to
fdcc12ac-7131-4e07-96ee-66ececc5ebc7	478	772	128	42	fortify
b4691fb0-4e90-4eb5-821e-7ecfcc5ba122	611	770	144	43	against
eba96af6-85b6-4ac8-892f-885f20bf97da	759	768	200	43	Lamanites
6e218a43-97c1-407d-b2b1-c21fd7315ba8	759	768	200	43	,
ffd22e2e-79ab-4b18-857a-0834f8c06f53	964	767	98	42	192
0768e2a0-717f-480a-9bf1-75de88804121	964	767	98	42	;
25ef9078-3875-46ac-9d42-38789851381e	1067	765	128	42	people
0bc8f1f3-2114-4778-b48c-67f2e383fb9f	1200	765	52	42	of
286b1307-3f24-4189-a2d6-60356b295512	1256	764	56	42	till
35f0d143-5c84-4197-99de-f8c386182fa9	135	813	130	42	ground
c9094d0c-8af1-446b-bab1-5fa5947efdc6	270	812	80	41	and
1ef1d7ff-ffeb-48cf-a3ae-7f8be696eeed	355	811	95	41	raise
50b2a491-9339-4ed9-bf70-bb756a673a22	455	809	155	42	animals
f32ab8b8-d2b3-41f0-91b5-f98dac92e51c	455	809	155	42	,
ec55b453-c253-49b1-858b-2f9fbb600304	615	808	100	41	196
84871bd7-f2d5-482e-8424-42dd370f3900	615	808	100	41	;
119677f0-3a0d-4682-bced-c48e51e4efab	719	807	140	41	Ammon
561826aa-e34b-4a4b-8ccf-2cf9204587e0	864	806	80	41	and
d4870e8c-b6e9-4496-80dc-44bab11c7aaf	949	804	160	42	brethren
a4d7a4ee-e4f6-47f8-9035-a8449972a554	1114	803	60	41	go
4bfe323d-a70a-491b-a907-0848b353b367	1179	803	50	41	to
44856b67-221f-4cec-9c8d-3f0cb1646067	1234	802	78	41	land
aff15704-e445-4ad3-8a9f-9f0115ce5f96	135	854	54	44	of
f15cdc0f-c008-43f7-8265-e53b4d43b9f8	135	854	54	44	,
50b333a5-add7-4d24-be4b-5755423023d0	194	852	97	44	227
363c1711-e962-428f-a33a-acfc3a154f82	194	852	97	44	;
bc753fac-7b68-4420-a6db-5cfbc5ae9510	296	851	113	44	Zeniff
dab8140d-22cb-4f70-97c5-15da7559c814	414	850	76	44	has
1b9a3623-8ae6-4b24-aa84-b52866b16877	495	848	188	45	knowledge
9cc5ec91-fe4a-4d0f-a469-59ed53d80d2c	688	847	60	44	of
4a3e550a-9883-44f7-9eae-f3325215abdb	688	847	60	44	,
77a04214-1a6f-4604-8efb-2f7d8232409d	753	846	97	44	234
43f94571-63d0-40d3-ac3c-b159894b3b5b	753	846	97	44	;
1df6753a-a0c4-44c6-b749-17bc87c3208f	855	844	156	45	children
6318dc32-d928-4d3e-9ae0-452d64a94eba	1016	844	49	44	of
1522015a-1bd1-4b11-864b-77d891dd1872	1069	843	70	44	the
9aa6eb14-1e64-4b25-b0ac-af641ad84402	1145	841	170	45	daughters
398ee31b-5edb-47e7-9c83-bef149774af5	182	885	195	41	Lamanites
d30dc268-2815-4ea0-b8ce-4ecbef9aa7e3	383	885	77	41	and
b5b165db-9c9f-4c35-984e-79b061e26789	465	885	128	41	priests
07a3facf-f70b-4088-9348-6d57fae24f06	598	885	82	41	take
a535f834-b112-45be-9cb0-0ebf89f38119	685	885	108	41	name
81fcaa35-1d90-4e48-9e70-705ddf398e70	797	885	51	41	of
96a69bfa-b3f5-46ef-9d36-31ccd615e684	797	885	51	41	,
cab852fa-7148-464c-bf3e-ebcae0d0dbd4	854	885	92	41	280
100d9569-41fd-47d1-8fa8-6ac5048f2d6c	854	885	92	41	;
1eba985d-855f-4169-9cc4-1f5412f2f17d	951	885	108	41	Alma
521b99d6-bb9c-4141-8e0e-c299ee2c861d	1064	885	123	41	speaks
479b1c36-3794-47ce-b186-7301b5fd6595	1192	885	46	41	to
86a1091a-1cff-4d1e-9799-133555b05cef	1243	885	75	41	peo
b4b83029-c8b2-4303-a753-0247ba226d92	1243	885	75	41	-
bf313d62-f81b-4783-bf18-220352585961	138	932	58	43	ple
765384db-4e0b-4231-9c90-6a550f6bde75	201	931	58	43	of
611a9bde-0b52-4d22-81b2-fb3a6cf3b6e6	201	931	58	43	,
827804d4-875f-49b2-a265-27676b31684e	264	930	84	43	280
d3dc48f1-767f-467b-9962-b94de23446f8	264	930	84	43	;
4762038a-c99e-4e78-95fe-79565e0a1d8d	353	929	95	43	land
a8d3edbf-5e3b-4841-ad20-fda46d450bac	453	928	53	43	of
55fd7198-5a78-43f4-a2d1-3eda11a26c42	453	928	53	43	,
58e6d1b3-4cb5-418f-b0e2-48dee555a675	510	927	95	43	287
47a20822-c76d-4ec1-b3c6-e702e6610666	510	927	95	43	;
2bc3cb35-1826-4db9-9e51-06e704b1cd4f	610	925	116	44	Aaron
fcb575c0-8b72-46fd-b0e5-a861bd650d04	731	924	84	43	goes
0d95dfa8-4ffc-46a8-8f7f-75337abae055	820	923	48	43	to
afe0e5f9-b212-4615-9a2d-3790f4f60c79	872	922	84	43	land
664936b4-9c54-48d9-92e2-b13c1dc6b87f	962	921	58	43	of
8a01e626-610d-4e89-81bd-5d579e50d9b2	962	921	58	43	,
fd5a7afd-1e7f-4820-8bc0-5ab4cfab32a3	1024	920	90	43	383
f859889d-9a9c-4e1f-a101-f3894855f48a	1024	920	90	43	;
c41f7a97-d4eb-46b1-8b75-79b6417eb3f2	1119	918	121	44	people
8703823a-4019-433e-9df6-dd8932e3ecbd	1245	917	73	43	con
b5532bb0-fc80-4169-b4c2-8f219c1f1742	1245	917	73	43	-
a35216c7-7eb1-41b2-8a06-4ad393fd0c12	138	970	123	43	verted
89fa0aee-2869-48a7-98ba-9bb684811f42	138	970	123	43	,
1d76cc01-d700-4d21-a5ab-573416018e14	266	969	98	42	390
b5df5ced-ad3e-4c85-bb95-8ef75dbeca19	266	969	98	42	;
5b308880-3632-4586-8ebe-aeb2e25138f1	369	967	134	42	armies
f8ec1ccf-f42c-4ee0-8b82-4bcfa66d411e	507	967	57	42	of
f4ac9cea-1f9a-4a7e-86d3-ef2f4d2c1533	507	967	57	42	,
af2f662e-d90c-4b9a-ba89-4ada8507bc08	568	966	67	42	set
6aeaf423-9939-4f7e-9476-938efb2b2479	640	964	139	42	around
120202a6-857a-4726-b738-203fd4f9379b	783	963	154	43	Jershon
4eba929f-6266-48b1-9829-8c1f8b8f1dc7	783	963	154	43	,
d1cc2bc1-c132-48d3-b7a3-378f2a49d76f	942	961	98	42	405
401ecd2f-6bb6-4186-95b1-5161104c9a84	942	961	98	42	;
a7c52269-b7dd-492f-8f86-c0564ee036f8	1045	960	103	42	great
3395f98c-949f-4f01-99e2-e78942472884	1152	958	166	43	slaughter
4a2fe7a8-bc30-4cc7-a0f5-e7f428971481	138	1008	132	41	among
a2f5b9d9-cb0c-4217-ae57-1611f12cd8b6	138	1008	132	41	,
e57f36f8-6996-4d9c-a710-3746ae9f8ae8	274	1007	93	40	405
763711e7-840e-4866-bb08-f95fae98aa15	274	1007	93	40	;
03f5b7e6-622d-4e1a-90f7-e3be01d52085	372	1006	147	40	account
d3ab973b-d79f-438c-a476-f69a2e246ae7	523	1005	44	39	of
cb212baf-6a26-4533-9e3f-4a407df29412	572	1004	122	40	people
d04766b9-d352-4298-af7e-103cb0ff240a	698	1003	59	40	of
2ff3cf5e-898a-49cb-9ebf-f8260023e98f	698	1003	59	40	,
d463985f-eb9f-48fd-8cc7-9637d28537ad	762	1003	49	39	in
64747e96-616b-4b2c-9152-524b479e74f3	815	1002	93	40	days
1a4f2ecf-75c5-4b44-9f47-7ce034b6ff3e	913	1001	49	39	of
bada8b11-2c90-4173-b259-9a5ecaf78afe	966	1000	176	41	Helaman
10a5b86f-185e-4435-aaea-63acd831cffa	966	1000	176	41	,
cfcde83f-a93c-408b-9e3f-bfcef58be714	1146	999	93	40	465
ff8b0aa3-4914-4b0b-b465-1428120bff41	1146	999	93	40	;
c1377637-d08c-4ba3-bb7a-2c33a3115c87	1244	998	74	40	peo
f8c23e2a-76b0-42f2-a21c-40b9bc62daed	1244	998	74	40	-
adf3bd31-353b-4748-8b17-44cd960d2fce	141	1050	65	42	ple
4e4e3ff1-974e-44d4-b6e9-f16ed7cbdf66	211	1049	60	41	of
4598474c-5d44-4d29-af55-62499ffe0fad	211	1049	60	41	,
6f7152e7-82cd-40dd-994f-392d4aaec84f	276	1047	130	42	rejoice
6d20e457-3e0e-45b5-8ed4-9f1e91c284ee	411	1047	55	41	in
24fd63a5-987b-4c6a-8d81-2f19a3f60aa4	471	1045	120	41	peace
74fb69b9-4b89-4c14-a93e-0f15e89d9a53	471	1045	120	41	,
b4411f23-d9ec-4b87-b418-58294c37a5eb	596	1044	100	41	466
12a07c66-9782-4434-8bcc-c937cb20375a	596	1044	100	41	;
15539f03-134c-45bf-98b4-202c5b50cb6b	701	1041	205	43	Amalickiah
90060236-a4ba-45d2-8d5b-9f0f8cbfa094	911	1040	90	41	goes
f5cafc8e-1d5b-4a92-87a0-fb5edfc51699	1005	1039	55	41	to
0aa4a516-fd54-47c6-812e-44e3af625156	1065	1038	95	41	land
0300aa19-4d82-442a-8c2e-55d6e1e8cf73	1165	1037	68	42	of
0272b448-2767-458d-91dc-b1162e34eba9	1165	1037	68	41	,
7e7ee3fa-0d5c-4390-ad24-3c884b258a9a	1233	1039	68	35	472
0d4e97b8-d428-48e6-9c87-20bdfabf88da	1305	1039	16	35	;
8d2f85d9-d0d9-4d79-93a5-3578e1f0c76a	141	1085	135	42	returns
485104ce-a948-4eee-b4ed-5cd16817b3a2	281	1085	50	40	to
cff3449b-d6fe-4b22-9b12-567468b48889	336	1084	95	41	land
bbbdae75-f8d3-4bbf-a0a3-f0d2e8c8499a	436	1083	65	41	of
46a15fd7-0294-480d-a0cf-1e38f5dd7330	436	1083	65	41	,
bec7b93b-da47-4431-a7fb-cbfd01238534	506	1082	100	41	475
6939f42d-276f-40bc-9d73-8f1d12d8dc6b	506	1082	100	41	;
876ba531-bbc4-4fb5-a2f1-d8c208c8f520	611	1081	210	42	Amalickiah
44a70975-b7a3-414c-8eae-f45a26866f0d	826	1079	170	41	possesses
1f773906-013c-48ba-9e56-90d47d246f21	1001	1078	70	41	the
44ac76cf-52fd-40b0-b036-5a224d671391	1076	1078	85	41	city
8164b63a-4aa2-4418-8fd4-e5950b87f7e0	1166	1077	60	41	of
29bd6a63-5a1b-4c38-9b92-687e125f3b3c	1166	1077	60	41	,
907871fc-0c42-44f8-8865-7e197d8858f0	1230	1076	91	41	476
7605dbd9-3ff4-4c66-923e-a0357ae432b7	1230	1076	91	41	;
c7eea7ee-407f-4ba6-9453-2503cbb48180	142	1118	185	41	Lamanites
68f44723-f352-47c5-8174-93646f23d078	331	1118	72	41	flee
1e35604a-a39b-411d-9a8c-f833c896296a	408	1118	46	41	to
483e01e8-04d4-4514-b80f-b656648f1d38	459	1118	92	41	land
210a0911-aa5b-46ea-92c8-03678df66435	557	1118	56	41	of
b20dcada-d5cf-4e40-80d7-ed32c80a2557	557	1118	56	41	,
c5338b06-1530-48ac-b980-1d6f88d29dfd	618	1118	97	41	484
8448b9c1-f572-4528-bbb0-aaa5564b1d70	618	1118	97	41	;
edfdcd5c-06d3-435e-aec0-dc490a7ceeee	721	1118	102	41	peace
8a7d9a33-2e3c-4ced-8de6-673c85c40f39	828	1118	133	41	among
dbb522fd-5a19-41cb-9ec7-ec7867c06a3f	828	1118	133	41	,
ebc8e906-c319-413b-9b69-372ecb75a20a	966	1118	143	41	because
c9ba0413-aba3-4071-9f53-90b859b58f7d	1115	1118	51	41	of
1e200d2f-6fbb-490f-b3d7-78b80d3f4057	1171	1118	150	41	diligence
adefbf44-8052-4fa3-9893-5ea79d11fc02	141	1163	52	42	to
de5a7f0c-006b-4c16-ad0b-6dbdfbc23e22	198	1162	103	42	word
4b5b3d11-6c3e-4984-9ab3-995c53429f54	305	1162	51	41	of
7f99a602-aff5-42ec-90b6-511d607b7ef0	362	1161	92	42	God
0caeafce-cb35-48c8-ad74-8ca850caad88	362	1161	92	42	,
674d5d8f-6416-4603-9f67-59c9fd7ee9ba	459	1160	103	42	484
b02a1527-7fab-4ae4-a1ac-71c42dd8b500	459	1160	103	42	;
224168f4-3efb-49b6-8cbd-d9f3e2cfbe4f	566	1159	98	42	land
546b887e-c0aa-450f-b523-51478baf6ca4	669	1159	57	41	of
f7626943-cede-4516-9db2-94ab2ba81f1d	669	1159	57	41	,
428bc605-ea78-4e0c-b0a5-6fdf2f966bd2	730	1159	57	41	in
29644086-0f7b-4b68-9314-3964daf6b700	792	1157	154	42	straight
f040467b-e16a-47e5-89f7-a8a85faf788a	950	1157	123	42	course
f5c6b435-8a3f-4494-9e05-2e3628fec6ac	1079	1156	103	42	from
e1f2b0e5-4f59-4ef8-ae97-1c2a3120f952	1186	1155	87	42	east
eb2ad27e-b347-47dd-9197-452c9444bb21	1278	1155	43	42	to
a2e2a77c-9305-4c6d-b54e-2c3ee01f93b4	144	1204	80	42	west
4f7059d9-99c1-49ad-8ce5-d9b5e9da8eeb	229	1203	70	41	sea
4239e1bf-f535-438d-a486-44fc6c2f27ea	229	1203	70	41	,
c1819aa3-6e78-46eb-a2ab-c295c5e4e3ab	304	1202	90	41	485
80f2a16d-0043-4675-b609-9fc80cac5964	304	1202	90	41	;
c5a0e313-9d1b-4ec9-94ee-53abb686a894	399	1200	200	42	Gadiantons
1f703ada-ac82-43c3-8cef-f56883785264	604	1199	85	41	gain
e2eda065-af10-4ba1-8a48-862f9cc2e3ed	694	1198	100	41	many
09ce0176-c298-4cfc-ad95-fbff2a327d10	799	1196	200	42	advantages
07fa89cb-1fb3-462f-9541-6bf466479e13	1004	1195	80	41	over
94b28059-2c3d-4772-9def-8dcf76cd5eca	1089	1194	85	41	land
5549c41f-47ca-40f8-acfd-39bb824ae7fc	1179	1193	50	41	of
a9bf83f2-ee5f-430a-8ecd-c66f55a3f168	1179	1193	50	41	,
d68c4cf3-1b61-4021-accc-eeb0fe4792fb	1234	1192	88	42	605
3273166e-c896-4e84-a2ba-556c93e1e73a	1234	1192	88	41	;
b3476f03-8c9c-4330-9863-b3240205b665	141	1242	142	44	prosper
86db5c63-ef8d-4c06-9556-e2236dafafd6	141	1242	142	44	,
f0962180-2b33-4f9a-90d0-88711a440894	288	1241	95	43	682
54c427e4-e084-49b9-ad65-dc569914701b	288	1241	95	43	;
81c71caf-7ab0-470e-a98c-ca100ce66ad7	388	1240	121	43	people
1e931d73-7c8b-42a4-9f60-9daa13e3335a	514	1239	58	43	of
4c2dad9e-5fa3-4820-8bf5-dccf0841ecc8	514	1239	58	43	,
c146a45c-86db-4d7f-ac99-d0af29c870e5	577	1238	111	43	proud
bde6bffa-84b4-4602-953d-73e4b075e6b6	692	1237	48	43	in
5a86ab30-9626-4781-9980-bd0308874a04	745	1236	126	43	hearts
88f0dc69-5bdc-478d-b503-f97d6b5ab93f	745	1236	126	43	,
7c575460-30c2-4b0d-ad7f-5eeedcb366f9	876	1234	137	43	become
9f3de95a-afe1-4c7e-aed9-346fe8d982ef	1017	1233	174	44	exceeding
57c95101-a42d-428d-9987-12061a751100	1196	1231	129	44	wicked
e5c29efd-421f-4fe3-9872-78b32ab53843	1196	1231	129	43	,
9f1ac543-1c62-473c-81ff-f74f41df3a81	142	1284	75	31	686
98cd2100-b5c0-4d03-9702-ecbf40701bb5	142	1284	75	31	.
d10f3f33-4898-44f8-9f57-9c39bffa7aba	107	1320	170	43	Nephihah
a6cc7d00-352a-4cdd-b7b0-929c53859b71	107	1320	170	43	,
1a56be60-e162-4a5c-8999-02892815b2a9	281	1318	180	42	appointed
0bf1c17d-5ca3-46f2-8933-418fd8e55ca4	466	1317	95	41	chief
72832839-8eee-47b0-8ea4-b8e3d58f9e69	566	1316	110	41	judge
4eedb38e-61f7-4512-9f9c-e2cca2000807	566	1316	110	41	,
27a9356b-4e3a-4232-a30c-f26156943e4e	681	1315	95	41	312
c5e9e752-5c1d-4873-9a73-01021153edb9	681	1315	95	41	;
eb18493b-a3c4-45f8-ba4f-66412588ad38	781	1314	90	41	dies
2a98cf98-62f9-4fe3-81f6-db1a6e6aacae	781	1314	90	41	,
818e3d77-ec2b-4bec-b1b3-9bf8f31e8a4b	876	1313	77	42	489
5eeb3d1b-8980-4c3f-afb8-ab788154e8db	876	1313	77	41	.
b09f3715-7592-4c87-b993-9ee681f82d37	107	1358	174	44	Nephihah
050ce2f4-290a-4211-a9b9-faaaa763e32a	107	1358	174	44	,
079a3176-9086-46cc-bb65-4a9dcb13c144	285	1358	79	43	city
802c1083-b938-40ae-9974-5e1e3cef3f54	369	1357	48	42	or
4915a16f-9211-445d-9d98-3568ed05ace7	421	1356	90	43	land
561bf087-86ca-4d66-81d5-de34f351ce57	516	1356	53	43	of
719b24dd-406c-46f0-9edc-de1073d9cc35	516	1356	53	43	,
c729a834-0722-42ce-8f4d-ae01688f8284	574	1355	90	43	486
aef35a8a-7ba8-4b3d-834e-51b8e307ed74	574	1355	90	43	;
f510f5b3-d2de-4a1b-b224-7d7171ff892c	668	1354	111	43	taken
fc1e53e5-11a1-4a5c-891f-c45ee3e28390	783	1353	53	43	by
b6e9863e-cc31-4a16-a71e-e95bf0b2d1c2	841	1351	210	44	Amalickiah
db6df57b-0735-4e44-b61a-b9b28eeb568f	841	1351	210	44	,
92c99034-e4b4-4151-b8f7-438ac3b23ddd	1056	1350	90	43	493
1f73e066-ff09-403f-9b1c-8064e9d59f4d	1056	1350	90	43	;
a3fc53c2-50cf-4a5d-9628-c9ab493b9030	1151	1349	121	43	people
98c58241-d8f2-4f47-84d3-703872edeb1c	1277	1348	51	43	of
90ecdaef-ecb1-47fc-adef-f724788b2c49	1277	1348	51	42	,
a0548ef6-a0eb-4d32-8ad7-90baa2672ae5	144	1398	155	42	attacked
19db8357-b66e-416c-bb6e-ef6e44b5ea37	304	1398	60	41	by
bc60442a-6483-4fdf-a9c2-2c32232f6ca8	369	1395	200	42	Lamanites
300bd7d9-7866-4c8b-a109-fc5af8f831a6	369	1395	200	42	,
89cf5057-9a65-4fca-8861-673baaec2e83	574	1394	100	41	525
b6ac17e7-e5f6-417b-bf0f-9cb966171f0f	574	1394	100	41	;
decf07e2-1408-443c-92a5-b751107ca9e0	679	1393	85	41	city
d8a1442d-c11e-4872-82ea-a46c7739c61a	769	1392	60	41	of
3eb5951c-07c6-43b1-bb26-61941256e70a	769	1392	60	41	,
10dee786-c4d7-42af-970e-781e11af459e	834	1390	170	42	captured
c49bafe8-4fc0-46f4-9d3d-9170da3156ef	834	1390	170	42	,
199177c5-9373-42da-9385-895d5f5872ba	1009	1389	100	41	525
9d47e522-b3e9-416e-8c48-fda128095c8c	1009	1389	100	41	;
25a6b5ea-4f04-450f-a816-10b52dbc7f60	1114	1387	140	42	Moroni
75296e2f-21e0-4645-a51d-a4ce5aaf87ea	1258	1386	63	41	and
ebad3e23-c561-4701-bd1a-890f7ada7660	148	1437	149	44	Pahoran
756e41c1-aac9-41e5-bbd7-b2cf88169093	301	1437	47	42	go
9c26141e-1c5e-499f-bc00-f1ef83b4d1a1	352	1436	47	42	to
64ff90ac-99d2-41b4-8016-73e21b78278e	404	1435	77	42	city
e58b1706-b5b0-415a-81be-8f62f2a4416a	485	1434	52	42	of
7e9714ab-ff4e-47e3-949a-40c7f4088774	485	1434	52	42	,
b24b6371-e46f-4f89-a535-1dde09870137	542	1433	93	42	535
974f5f08-6afc-4aec-aa9b-3d80c4bcbad8	542	1433	93	42	;
a8d99eed-fdcd-4955-a454-20d7dec733d2	639	1432	118	42	plains
2290f9ab-3203-4aa8-a469-96813d542863	762	1431	52	42	of
c04a39e0-d8b8-4ead-a38a-e63d5f1f02ac	762	1431	52	42	,
749cbc76-74bd-430d-8b93-aaa3b2984267	818	1430	88	42	536
6462062b-816a-47bc-a68f-ecb8ede30590	818	1430	88	42	;
97e70250-de06-4012-bea7-49746a588504	911	1429	134	42	Moroni
647eaaf5-1f9f-4915-b618-0070afbda1be	1049	1427	118	42	enters
e9a4cc9a-a98d-4726-8fd8-8beec7943bb3	1172	1427	41	41	at
eb1fcdcd-b69a-424d-b8c2-8945e9e80e38	1218	1426	110	43	night
3bf93ef1-fcad-4bdf-b7d7-9b45ad17cac9	1218	1426	110	42	,
b2ac0005-22f9-4541-82ed-6bd2c545e4ad	145	1473	86	38	536
51206812-802b-4d94-9283-7df7509b412e	145	1473	86	38	;
d56d5d16-d953-4fdf-b0b6-64c3bbd22848	235	1473	133	38	Moroni
96d4cd29-5b4e-40c9-83dc-8d1e71331792	373	1473	128	38	regains
ab0ac39e-96d8-4228-aafc-fdf21f3d3525	506	1473	76	38	city
b196a565-a2cc-49ef-9ee8-9c42981367d0	586	1473	52	38	of
58923866-a484-4eca-82ad-05cfbdef7814	586	1473	52	38	,
2cdfc254-6f96-49d7-b576-f26588f09e47	643	1473	80	38	536
97ca6907-5ecc-48fb-8c4e-d7a8cf54e1b1	643	1473	80	38	.
72330556-807f-4557-b858-1d19bd087747	110	1514	164	43	Nephites
a142ade7-dd00-4ae1-8f7e-814c8d44a906	110	1514	164	43	,
0d8c27df-517c-472c-b2dc-769e3a954ace	279	1514	62	42	to
d2f35cf4-1b33-4674-8248-04ceafe8aa82	345	1513	108	42	write
f69677bb-1db6-42a2-b72d-0b874ce5aee3	458	1511	123	42	words
c7caccb7-78bb-4dd3-ba65-a3fe4ff2a223	586	1511	52	42	of
4835e302-6352-4d86-b631-cae792e2438b	642	1510	77	42	the
1dc73f5e-0c6b-497c-8880-8407c60b5225	724	1509	113	42	Lord
97cc198d-d5d2-4586-bafe-3a40305ab989	724	1509	113	42	,
0951781a-726d-46fa-b95c-b32254468927	842	1507	98	42	158
e0bf279a-edc1-4b28-a85b-ca187a31d2b8	842	1507	98	42	;
d6b68bde-7520-4ad7-ae7a-e609c59bdd7f	945	1507	82	42	not
4ecdb965-3625-4870-b2fa-f11bc9123d71	1032	1504	205	43	Lamanites
f26c0614-e1fa-415b-b8b9-49e3b0b269f4	1032	1504	205	43	,
d9877a26-1514-4da6-9107-56dd245b7f7e	1242	1503	86	42	168
01be3bab-502e-449c-a7ea-5bc1e042a14e	1242	1503	86	42	;
21053e74-3da9-499f-9f55-fa7084c1c65c	148	1553	151	41	friendly
38b955cf-d02a-4d34-ad50-6851e0872682	303	1552	142	41	toward
0073f8a9-424b-473f-8a59-30d78af16453	450	1550	127	40	Nephi
2d192fa9-fdea-465a-816a-ddeebe5ceb78	450	1550	127	40	,
6faeb862-8803-4958-b3d8-84d6fdec9fd6	581	1549	103	40	168
88a3de07-d24b-4b76-84f7-6d89e1f500b5	581	1549	103	40	;
e57f35ff-80fc-4e51-8f18-0fca5621af5a	688	1548	108	40	grow
7b2f6a71-a9ea-4ad0-9ad1-d6b54e758bfd	800	1547	98	40	hard
f0a4facb-141d-4877-bceb-d1f85eacd943	903	1546	59	40	in
a3931dd5-be90-4c09-a50d-6c189b9abd39	966	1544	132	40	hearts
293a226b-8ada-4095-9691-8d6392bc12f7	966	1544	132	40	,
595df127-3a11-48c4-805d-b946b4b8e641	1102	1543	112	40	168
27bd4942-b39b-4082-a414-c0bb124c808f	1102	1543	112	40	;
ca59f30d-6728-4101-a0cb-9349dbbd91a1	1219	1542	108	41	desire
527c20c0-7dd5-4230-af22-33019b889571	148	1593	98	40	many
fa9ed18d-e96e-432d-b0d6-9b40b480b0cc	250	1592	103	40	wives
caa97223-d79b-4ee5-9802-c86d00c0340a	357	1591	69	40	and
96cc4032-2109-4695-8d71-f22c35a5f0f7	430	1589	195	41	concubines
cb53efc7-0336-4821-a5bc-0b2b0098defd	430	1589	195	41	,
eabcccb8-77a6-422d-8552-b54c38057539	630	1588	88	40	168
89fa1f7c-4e8f-4679-8264-74dcef9ed293	630	1588	88	40	;
1c40bc40-195e-40cf-9242-eb5530594ee4	722	1587	98	40	pride
4851c5a6-16a8-4327-9ba1-6d6055b1574d	825	1586	49	40	of
5c2182d4-f4cf-4531-9ed5-c6b106cb0f10	825	1586	49	40	,
93ff3db0-8af3-4fce-ac7c-8c393d9964b9	878	1585	88	40	170
8abce99d-f7c5-4cad-a643-8456cb8a2be2	878	1585	88	40	;
2a59fc0d-82ea-427f-9117-04b02d443636	971	1584	122	40	excuse
f372cd2a-028a-4974-b67b-cb5c9e31d675	1097	1582	186	41	themselves
de4d2f3a-c4d1-44cf-98c7-30d7356302fd	1287	1581	37	40	in
144e7aa0-40ce-4a8d-ae04-4b3715b6f0b4	148	1631	195	43	committing
68b53126-bd82-4634-bca4-1bc8b3c37ed6	347	1629	205	42	whoredoms
9fd417f7-3d37-4a68-a5f9-5f9ffa565353	347	1629	205	42	,
9dd62000-fd55-456f-91e9-1d42d6bd799f	557	1628	90	41	171
320b5b76-96d7-4ff4-8a24-7cecd4d1492e	557	1628	90	41	;
e02afb7b-23ff-40cb-a934-65fcdcdc1443	652	1627	45	41	to
aa4cccba-b929-4b4e-8454-8e23e2b78b3c	702	1627	45	41	be
b8ceaefe-2981-4297-bcc2-132e90cb349c	752	1625	160	42	scourged
c7d4f29a-425f-4469-8aaa-d938a370bb35	917	1624	50	41	by
a20570fc-7441-4c44-a47c-35170a5f19ca	972	1622	190	42	Lamanites
a6e0d372-fd7f-4f9a-868b-808f816c9cc3	972	1622	190	42	,
65c5c657-2e32-42d5-b036-ee27f609d1db	1167	1621	95	41	173
9b13f7b5-f00b-4325-a166-1fe15ddaac9e	1167	1621	95	41	;
cc64506e-79d7-402f-afef-e68336c30354	1267	1620	64	41	La
3967ee19-930c-4f11-b8f4-d4d0477139db	1267	1620	64	41	-
7def24d4-e7c9-4a1d-bcfe-880cbaf046d1	151	1674	137	42	manites
915d6d5d-d623-4533-9b2c-2a952e08b348	292	1672	98	40	more
c0f9721f-de71-46ca-a885-299eae3b8c37	394	1670	171	41	righteous
51a1865b-451b-458a-adaf-c051e8f2d292	570	1668	98	40	than
cd3d569d-71d3-4a9b-b293-39ae438e928f	570	1668	98	40	,
9843b746-fdec-4f7c-919e-b04866cfec91	672	1667	98	40	173
a0a1564f-662f-4acf-a4f3-9279ba86c256	672	1667	98	40	;
c3e392ee-96bb-4d21-937d-e1a7d33abc89	774	1665	108	41	Jacob
627d15d6-50e8-4c82-8f6f-dfd112671b7c	886	1663	113	41	warns
ca120827-62fd-4a3e-a781-286f339ae4ab	1003	1661	142	41	against
2afec3b0-b557-4c5a-9cfc-5602a17660d9	1149	1660	88	40	sins
e8a8ef41-ed19-454e-8108-3d05680b43d4	1149	1660	88	40	,
ab7d8716-e4f6-432b-9ad2-dd5bac27e7a7	1242	1659	86	41	174
836fa64f-6f11-4b7e-adb6-f1604569adc5	1242	1659	86	40	;
851c1de8-e1e8-48e9-bb75-cbe8daa47a8d	151	1703	132	44	records
fafc19f6-3f9a-46da-b998-1ddbde436c36	288	1703	49	44	of
9793496e-171d-46e1-9db9-5cc925b35572	288	1703	49	44	,
bacdf2cb-590c-48f8-b5a0-3d92583c653b	343	1703	49	44	to
caafbb19-c00f-4d13-b120-51358f0381e9	398	1703	44	44	be
f7d73a0e-fd02-49eb-bb14-b1fa83c09065	448	1703	181	44	preserved
cdd9dc30-ea65-4464-8c1d-2f495d4dbea9	448	1703	181	44	,
ed5a8ede-5c42-4485-8f60-a6e00b1aa9a8	635	1703	88	44	195
b9501c15-31f5-4d32-a87a-c690fa8db2d1	635	1703	88	44	;
a57e0fe7-9e62-421a-97da-f009478d8672	728	1703	82	44	war
55ff2aff-9832-4195-b970-2a70e5580795	816	1703	88	44	with
743fe660-a84e-4ee3-9f50-2798569ba0d9	909	1703	192	44	Lamanites
f021e720-1b4a-468e-954c-79a193afd143	909	1703	192	44	,
f3d33935-957e-42b3-bcff-28c63a487ba9	1107	1703	88	44	198
78f2b841-c361-43d4-bef3-dce5e858869b	1107	1703	88	44	;
71475410-3e58-46e4-830d-53a03101584f	1201	1703	127	44	culture
cd3293e8-da99-456f-9cf5-cc2bdaf1b83d	151	1750	54	40	of
abc252cf-51cb-4d01-88fc-b65f02bd3d54	151	1750	54	40	,
e1b60a66-70cb-46a6-9f01-695378b8284a	209	1749	98	40	198
9cbc49f7-0b76-48d2-a8d4-7c33b1387493	209	1749	98	40	;
d7226908-f59b-4adb-a53a-54706ccac847	311	1747	161	41	weapons
efb11174-1dd5-492f-9f42-def018567698	477	1747	59	40	of
affdc720-8bc4-4a48-8e73-203e462c7443	477	1747	59	40	,
3e4c2802-f8c8-4362-95c7-7f445b5411a2	540	1746	98	40	198
d807b69c-1c38-475e-886b-273208536200	540	1746	98	40	;
2865a775-fb28-43a3-9a57-3e31b5b36194	643	1745	98	40	more
e389d7d0-cdfc-40b1-b6a2-42e7bce3f6e5	745	1743	132	40	wicked
9492d977-09ff-4bb8-87aa-1383bd98b46d	881	1742	93	40	part
202a1a00-f935-47b6-88e1-d9e0068bf285	979	1741	186	41	destroyed
b87e1668-d6c2-4a94-9975-618a1753f945	979	1741	186	41	,
25840c90-3632-4520-82c2-e23a4abb879b	1169	1739	159	41	righteous
99db036a-07bc-45aa-88e3-4a4579a67965	151	1782	121	44	spared
530368e4-c036-4166-b3b4-fa7e94d7ff0c	151	1782	121	44	,
aeedf0e4-8c7c-4981-b147-404121b77ad8	277	1782	88	44	200
c05fae8e-3011-46ec-9be2-7b30e49226d7	277	1782	88	44	;
0798279a-6717-4c59-96fc-a94deafd7fa1	371	1782	93	44	drive
ac26fc59-be53-4b5a-ad1a-c8e269567c38	470	1782	60	44	out
56af4d7f-dcd6-474d-95de-3c6cd810c43d	536	1782	192	44	Lamanites
81c8d134-5a25-4e18-b45f-72d5199c9a0e	536	1782	192	44	,
00ada482-6d5c-475b-b74f-0f2a6cbfbe78	733	1782	82	44	203
36852221-b06c-45c1-873d-5e930010052d	733	1782	82	44	;
a9a2e066-3d09-42e5-951b-80a74409dea9	821	1782	115	44	people
271c61f5-8e08-4cb0-812b-393db40ea561	942	1782	49	44	of
cbfa6c72-bc97-4454-b2a4-713592e64d74	942	1782	49	44	,
cdca0705-35bd-4f93-a14a-d474c5dae5ec	997	1782	60	44	not
c4d7f125-e675-4f15-a08f-e805b5e77df4	1063	1782	44	44	so
4445689f-0b05-46ca-a8bc-c9132d3c14fa	1113	1782	170	44	numerous
f38bc902-006f-4320-bc3f-ab1e87fb5d9e	1289	1782	39	44	as
4c42c0b5-8326-4c6b-92b8-5eddb5425eb1	151	1820	118	41	people
68140d05-0c5d-4db5-a128-d4124ed1cbcc	274	1820	51	41	of
b8deb2bf-ec37-40bc-9f17-3a7a1380bad8	330	1820	200	41	Zarahemla
fd56dde8-a9d9-4121-8c92-ad59b2a6aab2	330	1820	200	41	,
4c505866-def5-4482-882f-e91ce88779c0	535	1820	97	41	279
94c1d790-9356-49e1-98af-be2beec0646b	535	1820	97	41	;
90b612bf-07bf-46ec-86e2-01d3ca75b233	637	1820	169	41	prepared
de03f6b4-22e5-4f59-93b8-42740e2b155f	812	1820	51	41	to
d7d67ba7-a81a-4b2a-8f82-68a6d001e56d	868	1820	97	41	meet
4e5e670b-dd5e-41b4-9339-b05c3d395b9e	970	1820	179	41	Amlicites
e4128a07-0b4e-4276-a316-55937c2c7d89	970	1820	179	41	,
107112ca-5e0d-4d31-bf81-022fcff5b144	1155	1820	97	41	304
d0bf2af3-ee1f-4abe-a617-cd89d88766a5	1155	1820	97	41	;
b635270d-51dc-4b01-ad61-97b369a41418	1257	1820	70	41	war
c9d291a6-e4ee-45f8-b003-089fb42cf3b7	154	1866	91	39	with
c351dd3d-abe6-450c-aa4f-8314462f9dd5	249	1864	176	40	Amlicites
78876931-8e70-48bd-ba69-126fe173475e	249	1864	176	40	,
97d4953a-3679-473a-a0a4-9acf5ee70864	429	1863	95	39	304
8e3943bc-003b-4d07-8be3-3eeefcf42e78	429	1863	95	39	;
eb248f3d-03e2-4912-8659-c827ea219e96	529	1862	124	39	defeat
8e7f1adf-987d-4454-8c9e-9fe83a51a885	657	1860	176	40	Amlicites
6cbc966d-8b62-4638-bc84-26c2826fccec	657	1860	176	40	,
941db7d4-ed56-41fe-8015-71ce038f818b	837	1859	100	39	304
4bc7e488-ec45-49d2-8d95-5d9a7cc3842d	837	1859	100	39	;
79123c51-9d60-405d-8cdd-ab69cbdb30b0	942	1858	119	39	defeat
4baf7270-aaae-4b51-8c40-d7e3483f1dc5	1065	1856	195	40	Lamanites
7d9c8f8e-7e7f-442d-a76a-7ab59999d000	1265	1855	63	39	and
ea914abc-097a-4dcd-8554-6d40753e6b7e	154	1902	176	41	Amlicites
35580b92-51e7-40cc-af7b-ee657b96a910	334	1902	64	39	at
ee387eb0-f302-4925-8331-7513a5d52a8f	402	1901	122	40	Sidon
bf6de9e3-ca29-4f47-9eed-6441be82193e	402	1901	122	40	,
ae5d0183-6dfa-44bc-a38e-4edd29db8fe7	529	1900	107	40	306
66d43e02-6bab-4a4b-8694-7f48a402fc82	529	1900	107	40	;
a4c60ab8-98f7-452b-af47-ba9c832e1b1b	641	1898	181	40	Lamanite
03e0a60e-b7f0-4b45-a60c-34b849173b1d	826	1897	117	40	army
5ade65c0-3e79-4928-a643-8bea1df46d5b	948	1896	151	40	attacks
a89513d2-9e42-4c0a-81ea-567978c91308	948	1896	151	40	,
4edd7a90-58c5-4fae-8a3a-6dd7a98a1bd5	1104	1895	107	40	309
ced5c2af-fb2f-4fc0-95f2-cc972dd1434a	1104	1895	107	40	;
ac3ed9c0-7a30-4f2e-acb3-d372cdb09067	1216	1894	112	41	Zoram
cb94a695-18dd-43f5-82ad-3e0e9184da50	151	1936	97	41	leads
adeaa132-24fa-4496-bbde-c0e8dc8cf921	253	1936	97	41	army
53a22aa0-1053-4a24-a49d-0243bd57f2e1	356	1936	51	41	of
4b9faf0e-5201-4333-83fb-ff269a33c376	356	1936	51	41	,
ab3381ad-6029-4bb0-a407-0ba5d52b6b0f	412	1936	138	41	against
4910e2f5-5c1d-49a9-bfbd-2b41ccc149bf	555	1936	67	41	the
b25241a9-ca7a-49ca-94b8-4ae4ea8ffde3	627	1936	195	41	Lamanites
222f8d6a-d0e3-4d3a-aab4-a1e70bae4d72	627	1936	195	41	,
ea51fb0d-3187-4ed3-a6c1-d46dbd1719d5	827	1936	92	41	360
36d6f170-086c-4c61-bab0-1f36f6262b25	827	1936	92	41	;
b2b537fe-db63-478d-93dd-ae6425626afc	924	1936	128	41	church
fac0a221-0186-4c4a-82cd-83e225caf8b6	1057	1936	195	41	established
a64f567c-228f-4c3f-a8e6-f605f851545c	1257	1936	73	41	gen
109966a4-6b15-4937-a51f-2911974099e4	1257	1936	73	41	-
c82c65a3-0637-4d66-9bad-4ad84c5152dc	154	1977	118	38	erally
329ef1ea-dfbe-432d-b5ca-40bb12198fbd	277	1977	128	38	among
da812a32-ef9f-4487-8510-a81d858a20e1	410	1977	133	38	people
8df1bf2e-1280-4859-a72d-2d0f868dbdce	548	1977	62	38	of
adcb70cb-7e86-4f62-ae98-096952016ac6	548	1977	62	38	,
fd589673-c54c-48e3-aede-e25ff6be6af3	614	1977	104	38	361
993c4057-93f3-40b9-bbf7-7dd2968ad7a5	614	1977	104	38	;
29fe426a-f49a-46c2-bc05-99998e4e5d51	724	1977	218	38	murmuring
a078b273-cd31-4e0c-bf3c-2d135de5ed47	947	1977	62	38	of
13919b19-6401-4179-ba55-582183f8fdf0	947	1977	62	38	,
3697ec70-0400-48e9-bffc-11bb7d6e2036	1013	1977	104	38	386
0855c696-5599-4b05-ab21-51cfa6138387	1013	1977	104	38	;
38333df3-cc93-4497-bae8-0b9912a6c809	1122	1977	133	38	nearly
2ac8083d-8a09-4dc4-979a-5e6585f966f6	1260	1977	70	38	sur
e3e87a87-bc52-48cf-8636-64442de9040f	1260	1977	70	38	-
992e8bc3-c941-4619-b186-35b89f8783bc	154	2021	156	32	rounded
7430ef2c-5e83-406b-9d46-2e3a7906a612	314	2021	60	32	by
ce9b318d-316f-4390-9367-6340fc51643c	378	2021	188	32	Lamanites
a7b78252-cf6b-4f8b-9d0f-9727bf728a3c	378	2021	188	32	,
8e240ef0-25e4-45b0-a348-e82ef96a8a90	588	2015	100	38	387
248e983a-5086-4407-8962-da8f1b392044	588	2015	100	38	;
59c6f1ba-6ed0-4452-8731-ac75a2faf3dc	693	2015	218	38	surrounded
63f658ce-44e1-48b9-ab7f-2af66000d45d	693	2015	218	38	,
94256759-6e1e-423a-bde1-7d4fa8a6bd3c	916	2015	104	38	388
c7437f98-8398-43d0-a12b-ab4e8dbf3575	916	2015	104	38	;
32a36598-6051-41a7-98f6-160ce313fa99	1025	2015	199	38	Lamanites
e0489088-1ba2-4deb-a22c-ecb197467033	1229	2015	101	38	swear
91465ce8-b814-4bf8-bfc9-66ba0a0826e1	157	2057	171	40	vengeance
c8c024ff-fe33-4582-ac08-ec1a7e8871d6	332	2056	146	40	against
47710855-a035-45bd-bc6f-2b2a42f66201	332	2056	146	40	,
8174562f-6bcc-4363-bb39-b617515673d2	483	2055	93	40	395
fe8e6220-bafa-45af-8854-af6eede1a2cd	483	2055	93	40	;
0a2ecbfb-7263-4813-bd34-c05fff8d78f2	581	2053	190	40	separation
5684f4d2-8ed5-4c40-9120-77319c6ac43c	776	2053	93	40	from
7a17d22d-4928-4b0f-a211-6146c166f9c0	873	2051	190	40	Zoramites
d39d336a-998d-4276-919b-31657d097aca	873	2051	190	40	,
afae38ce-6cb7-4b29-b9e3-631aa20a9b42	1068	2051	93	40	416
68f696f9-e955-44b9-beef-24f865336319	1068	2051	93	40	;
441bcbbc-1ab3-4981-988f-48c8bb850e7b	1165	2050	78	40	war
5572fb7f-9911-42f4-b17a-9682080c0be4	1248	2049	79	40	with
