ID	X	Y	Width	Height	Text
a025d624-4454-4995-bb7b-59bb062c0bdb	79	79	72	35	814
bfeecc9e-1cfb-43a3-80ea-49c90a3fef0b	447	66	153	47	BOOK
778895a1-d67f-48ea-9a2a-0d1d4f447389	605	66	82	47	OF
07a065ae-f38f-4e6b-8acf-7f00a6e368ca	693	66	235	47	MORMON
f1502431-5529-4cc3-ae93-eeb89d5daa15	693	66	235	47	.
e8a8d35d-bce6-4571-bbe2-aa7f297e6eb8	116	145	87	41	166
94619950-27b9-4b24-a803-9bb46d1c29cc	116	145	87	41	;
52767895-54b5-4eea-ae51-ac521dc1f303	208	145	138	41	history
c7288917-347f-4b2a-87ba-7d5a50b6e582	352	145	51	41	of
5310e81d-f143-492c-8f5f-a6c3b5e7c512	408	145	133	41	Nephi's
f679ebfc-dc59-4e0e-b539-3d5a79e5144f	546	145	123	41	people
1b7321da-cd23-4dda-9300-679c4e981d80	674	145	56	41	on
302d11dc-7388-46ab-a66c-6e388827aeed	736	145	102	41	other
2eb56431-9138-412d-b0d0-260577936bfe	843	145	123	41	plates
ffdcf0c9-7850-490d-9972-e59758062a5f	843	145	123	41	,
2efad279-a20f-4ebd-9ef1-7ad20640270c	971	145	92	41	167
983cccdd-5b0f-4111-99a4-dcead85a7999	971	145	92	41	;
3b781d75-2044-410a-9c62-bae245aaa2e1	1069	145	36	41	a
7b875a6c-5f2f-4a48-980e-3f912c5a19d4	1109	145	177	41	hundredth
0c3349ae-0fa5-43af-bafc-01f9de713722	116	192	90	42	part
f39d2fda-95ed-46ad-b3ce-b7fe268abc95	211	191	75	41	not
64d52475-2f3d-4b18-9cb2-cb040ac82c73	291	190	145	41	written
29328985-483e-49e8-8499-d5e29b34e288	441	189	65	41	on
0ce403f3-18a6-44e4-85be-71eaee6836cc	441	189	65	41	,
fe4c49a5-a3d7-4af7-ab5c-3ab86a0fa973	511	188	105	41	174
60edf0b2-3e02-4496-8588-65b47090b9ee	511	188	105	41	;
9996d704-adbc-41d0-8579-95e8bb2acc9c	621	187	110	41	many
3ae835d4-d2eb-4914-815c-511a1ffd81fd	736	185	215	42	proceedings
f9e99fd3-6cf7-4447-92d8-c4ca49f49dbe	955	183	145	41	Written
38b5e902-9b56-49d8-a996-1fffa87116b2	1105	183	60	41	on
452fc1b7-bcb3-4046-989d-67a0e271cebe	1170	182	123	42	larger
4cb0db58-8e7e-4bdd-8c02-9b2d9ffdb198	1170	182	123	41	,
757f6922-a9f8-4cdb-a33f-7de3fc46d297	119	229	84	44	174
32a84c8e-5fe9-4738-85d1-06ad4f07d3ce	119	229	84	44	;
cfec0046-ecf9-41e4-89ca-80affbc91497	208	228	53	43	of
e05fca74-f015-423c-a977-4e23bec0e488	266	227	116	43	Jacob
2ef7fb88-e3c8-4143-9a3d-c2b935b8774c	266	227	116	43	,
371e645c-058f-4a41-b00b-14fc128c8e63	387	226	100	43	made
1be4618e-d609-46ce-a6f0-f80bc073fd99	492	225	53	43	by
aff91838-ddcf-4fb1-a5db-ca5c892e9135	549	224	100	43	hand
fe4f52bc-2a14-4def-88ab-39b4de21cb87	654	223	48	43	of
b828d78d-55e2-4f36-baa8-84987380e49b	707	222	116	43	Nephi
870877c4-2fc4-42e2-a3cb-fc9aef835108	707	222	116	43	,
984641da-c552-4788-b11e-62b07d468ddb	827	221	95	43	175
2b031b66-8cbd-4760-b5a1-31247136d39e	827	221	95	43	;
88ce62dc-c52e-43cb-8faa-04d04e35f040	927	219	121	43	things
773772a1-e3f0-4ecd-a062-e2b45d760f99	1053	217	137	44	written
e323e8d4-fc47-44bb-98f7-62026c421a41	1195	217	53	43	on
3b4010e9-c74e-4723-90aa-2a11ba6a4150	1252	216	41	43	p
86ee8f1b-25ab-445e-9cb0-697a4d7996d9	1252	216	41	43	.
c302881a-e37e-4b1c-a825-b09c5dfda60c	120	261	88	44	must
ee05f4ad-4676-433a-92a8-ac580a2b80bb	213	261	137	44	remain
501fb7ec-80fe-40b8-9580-e073e211c2db	213	261	137	44	,
01331852-c905-4352-83b5-4e58d00ba81a	356	261	93	44	175
1c163ce6-2b9f-4bfb-b225-3efd19dd192e	356	261	93	44	;
a3272416-a264-416d-a0c8-3ead5e3e5789	455	261	110	44	Jacob
cf122bbd-dad4-46ef-a074-4d0cf01fa910	571	261	115	44	makes
dc90a166-6865-4e07-897c-35f9d988fcbc	692	261	77	44	end
34815beb-669e-41dd-8fd7-3eddf34785e6	774	261	49	44	of
4445c78f-a19b-4594-927c-2d5f8ddd124a	829	261	137	44	writing
f497978d-e414-4f9f-a219-89e0d6c597e9	972	261	104	44	upon
d749f42b-228c-4add-b734-74dbd22485de	972	261	104	44	,
c7ca86d9-8367-411c-8dff-58efd59bc963	1082	261	93	44	193
8ad49a47-6716-4ee0-b35f-fdf92e7794e5	1082	261	93	44	;
4436b1ed-8197-4012-8173-b01e9e9c23d0	1181	261	106	44	Jarom
424425e2-d572-451e-b138-fc8e2d9c1c9a	116	305	117	40	writes
8754d01f-47f4-4863-9843-95a0bac76aa8	238	304	103	40	upon
f273a467-050d-4e11-832f-68f0869afb9b	238	304	103	40	,
eacc2f0e-4966-40d4-90fc-d7d8af759ec0	345	303	93	40	197
0ded20b6-5a8b-4ba7-af88-2aa170575518	345	303	93	40	;
0fe0715d-f029-4b1b-8987-66eeacb1dbc2	443	302	117	40	small
6edec4ab-5daa-443b-a00f-bc6bb40a18d0	443	302	117	40	,
faedf3cd-42ae-4761-9aff-16386b7369c9	564	301	93	40	199
971578b5-ccb4-42c1-8688-39b76d65a6e3	564	301	93	40	;
89c780b7-a84d-410c-813f-056ebe0b1bb6	662	300	108	40	other
99698ef6-6ce9-44d6-b116-bdf02ad23848	774	299	44	39	p
6b176d17-bd5f-4cde-98ef-0f739807f1c9	774	299	44	39	.
c5fbaa38-b9e4-4c27-97dd-d4fbae3366f0	822	299	54	40	of
12ec8cf4-eee6-4955-8d81-e4c5688af7df	881	298	122	40	Nephi
b80b5ebd-8916-49b9-8b3f-1e75eb860519	881	298	122	40	,
950a2bf9-83bc-4e19-8d40-aa9815d07b26	1008	297	93	40	199
80692065-aa04-42b3-8c28-f2f4ccec5a82	1008	297	93	40	;
2e4aaafe-573b-4594-a7fa-fb142ebbae69	1105	296	108	40	Omni
60952662-a3af-4cdc-ac10-65741090d38f	1217	295	76	40	con
760c72eb-7dcf-4edf-bfac-7e8cd5e28af8	1217	295	76	40	-
4d47fa20-3960-4024-84f9-6a3599560d3f	116	343	85	41	fers
a766e583-9f9e-40e8-896d-65978e0623d3	206	343	50	40	p
1554817e-3865-4fdc-a3de-18fa4ef99dc1	206	343	50	40	.
8232031b-d1e3-4eed-aa8e-a540f33aa6b8	261	342	65	40	on
93226538-841f-4955-a923-fefb0982bb54	331	341	160	41	Amoron
70c5535c-3e25-4d66-9000-47747afa8f13	331	341	160	41	,
cb7bc77f-0f75-40cc-99bc-69172ac84303	496	340	100	41	200
cf70e196-bf92-4c24-a1b9-561fef1e2ab4	496	340	100	41	;
31cb5395-f33b-4f45-b973-194fc5073bc8	601	339	175	41	delivered
510fd9a7-59de-43ab-b2f2-202e3e681be4	781	338	55	40	to
31034ca2-b794-4b13-9b97-bdc22e9f0193	841	337	170	41	Chemish
3aef2d3e-fe13-4137-8263-b055bcc20afe	841	337	170	41	,
8d140ae7-3277-4c4b-bf15-494e71491e49	1016	336	105	41	200
9a6405a6-4591-4501-9ece-eddfea1577bf	1016	336	105	41	;
a739aff3-e20f-45ad-8f66-a4d8e61f8863	1125	336	60	40	of
1859d5a6-30f4-4186-abf1-738c25383b24	1190	335	102	41	brass
1229892a-51a1-4a48-a159-008eac0636e2	1190	335	102	41	,
de48000e-8659-4577-87fd-7a484762471a	116	375	189	41	Zarahemla
982a5f15-e9b4-444f-9ba1-c28122ea1772	311	375	143	41	rejoices
dacb06bb-b17c-48b6-a421-df3901219993	459	375	205	41	concerning
b9f23e7c-b032-4008-80d2-e2fa0a122a1b	459	375	205	41	,
302608e9-1ebe-4c10-8155-8e4bcd943156	669	375	92	41	201
31ee9a4c-ebd1-4dc7-bb2e-6916763951e8	669	375	92	41	;
ad7b5a83-251f-41e6-af78-ededf707d123	766	375	102	41	filled
2c170a86-c827-48db-b356-9d0eacaaf9ed	874	375	56	41	by
48f9d786-167e-4686-8c0d-09164c3c6d87	935	375	164	41	Amaleki
c07026aa-2e07-4f18-968d-3c5e6c778d68	935	375	164	41	,
1a7a2335-cb92-4cdb-8e8c-7d1b2908f4f1	1104	375	97	41	203
f0eb6aee-1953-46cf-ad84-ce109a53fe7e	1104	375	97	41	;
126bd767-7d03-4a71-bdfd-845532705511	1207	375	86	41	Mor
258910e7-e185-43a2-953d-135ece6b0b63	1207	375	86	41	-
f70f2dd7-863c-437f-a86a-94d9518cea8f	116	416	84	41	mon
71ba5555-b59a-44ba-9c1a-cd1fde922db8	206	416	115	40	makes
a0821c66-8acd-46f9-9892-53f4887aa704	326	416	205	40	abridgment
e21b37ac-c8f1-4a9f-8b29-99876e162b3d	536	416	60	40	of
8faf696c-72ba-4435-b9f3-ad44dcceca08	536	416	60	40	,
50bad17d-5660-49b2-8ac1-d6a192759f91	601	416	95	40	204
076c4c11-c896-4f65-93ec-e560c436a271	601	416	95	40	;
de6175f5-562c-4f41-9837-6c0d81a3b2b2	701	416	150	40	Mormon
289cc6ee-0758-45df-b77b-b0f5edbaa1a1	855	416	100	40	finds
2e9b4533-c6cc-43b0-90fa-aabcb0925fe7	960	416	105	40	small
2648b0c8-5cd0-489a-8489-c76ee3b61de1	1070	416	65	40	set
dca39689-1b2e-4678-b261-8ea687279e42	1140	416	60	40	of
263dcb5c-c9b7-41b7-bb68-3d088f851280	1140	416	60	40	,
0ce2f208-8766-4cf3-b082-1f41ed002cca	1205	416	87	41	204
2e4ff526-e93f-4483-a2b1-7cee27eef5d8	1205	416	87	41	;
bae8aa09-9495-4f0f-8daa-aac123dda05d	116	453	55	44	of
723e462e-0e11-4510-8f28-97ed5d3247b7	176	453	126	44	Nephi
4d655b06-2e99-41c9-be76-539883f94372	176	453	126	44	,
09661437-441f-4961-a390-a0942ae59604	308	453	159	44	Mormon
1d7bd124-b2c4-4820-85ea-166a1118cda7	473	453	148	44	finishes
9ec540a3-1440-45d1-8d63-7a1cb91d2b84	627	453	126	44	record
596a154e-80c1-4803-b137-3060772185e6	759	453	66	44	of
f558e7bc-1e0a-4975-8cf2-4a652124e6b6	759	453	66	44	,
72cde68c-1798-4437-81de-6539907b2acb	830	453	99	44	205
ce5f09fe-b3f0-4a19-bf95-a5a918f745e8	830	453	99	44	;
043f1916-9e71-49b2-af66-bead77fa449d	935	453	148	44	handed
ed4a4fde-808a-4102-9f3a-51678c254ab5	1089	453	122	44	down
b5cb8514-014a-42cd-a1d3-e90f9f764bef	1205	453	82	28	from
3bd63b7d-64fe-48c8-b167-475e8e1a9e07	119	497	174	42	Benjamin
29a88b33-2572-47ba-87b1-8f019a937c63	119	497	174	42	,
caf0d408-be66-4916-a6c4-489c3921de55	299	496	98	42	205
f3f78ef9-04d7-4829-b9ab-7891b59a22b4	299	496	98	42	;
9c94d7d7-2286-4a2a-99f2-84c913c04f23	401	495	123	42	record
2b8025c8-06e9-4ef7-a645-662bfca542cc	529	495	57	41	of
9eb69479-e2ad-407e-a74d-c03975883542	529	495	57	41	,
88a9f78f-a426-4b88-b454-f12abf771570	590	494	128	42	taught
c804b1b5-2dfd-48e3-bede-30a0de833d48	724	493	52	41	to
2278b567-4bb6-4219-8939-a6dbd33cd7c0	780	493	87	42	sons
e5821051-6fba-4239-bd26-98f90f18a7d0	872	492	46	41	of
7843dc33-b427-4767-9df4-06daa10df223	923	491	190	42	Benjamin
047e9035-7575-4d55-8f2f-0e6f4c6afe3e	923	491	190	42	,
777049dd-5e6c-447d-a6b0-b90c61c1efcb	1118	490	93	42	207
c54f1b34-f515-4199-ae15-b17673967bbd	1118	490	93	42	;
4cd1ffc1-d811-4c82-95c5-ab6b2bc54fde	1215	489	78	42	con
f004a07a-5c82-471f-bc33-3df5cc6e10be	1215	489	78	42	-
4d1c5cf7-6293-498b-b55b-c6ed2ca61eb4	116	529	131	44	taining
e69266ab-9bfc-4bdb-a436-1e0bbe47a805	253	529	115	44	record
5bb5a46f-2c43-4c63-9b0f-198d3f85fabe	374	529	82	44	kept
a16768bb-a761-431f-b117-8e603b4d3448	462	529	55	44	by
c277303c-c062-42dc-92e3-79f6740d7c6d	523	529	115	44	Limbi
36d16b51-30d4-4e3e-9759-bdfbe2a8e245	523	529	115	44	,
d78ee283-bd42-4393-8792-80b31445f615	644	529	93	44	231
978568f9-a1ae-4565-9589-caca4b8e3fcf	644	529	93	44	;
64428b27-a3b9-4fe3-8e3b-6983929a85cf	742	529	110	44	found
eab0f850-2317-4e86-834e-f5145d4af591	858	529	55	44	by
1b976e54-23ad-407d-92ee-7cdda66ca7be	918	529	115	44	people
168d43c9-0b51-4814-9b7b-a322feaae19b	1039	529	49	44	of
ff3e7a32-9d24-4bf4-a4c8-b0d310df2e9a	1094	529	115	44	Limhi
62d9d806-ffd5-4db1-af18-89d2fdb3675c	1094	529	115	44	,
e3abdbdd-a067-408c-9ab1-b51c481eca11	1215	529	81	44	232
b684ac3a-ebab-4ad5-8de5-8aa37140fe7c	1215	529	81	44	,
5b619a95-5386-4b57-9377-c03e6c077fff	116	570	98	44	270
42837a24-bf3c-48f2-910b-33efcb0737cd	116	570	98	44	;
acf39a90-3893-4ebe-a94c-0359d25742ad	220	570	55	44	of
7282edcf-d25d-4c93-96b3-6ef2963c51b4	281	570	115	44	brass
a3f8927c-43ce-41a3-84df-52f32674b899	281	570	115	44	,
7b04f360-3c18-4d6c-9de8-45e471ce3d3e	402	570	60	44	of
8e036a20-9f8f-4d4d-8445-1fc612f9a1d3	468	570	132	44	Nephi
2c66a788-909d-47f9-8bb0-b631a2c14f15	468	570	132	44	,
97f78aae-a0ee-4f00-9170-67965915325a	605	570	60	44	of
51b36843-a9a9-4dbd-8998-3d40a3bddb50	671	570	104	44	Lehi
8e132900-7c8e-4312-ae63-d98e5009e2de	671	570	104	44	,
fb08d1ba-c769-451e-b36c-cc15d97a6b8e	781	570	192	44	translated
d251da2c-37f5-4fbd-924e-aeae195345e7	979	570	66	44	by
42e40df0-6743-4623-bf79-cd539badeee3	1050	570	148	44	Mosiah
570d90f9-fc26-4f28-99db-e6e8a047e5d0	1050	570	148	44	,
cfa6956c-5dc8-4825-8026-cae0e8260413	1204	570	88	44	291
e7a2c104-b8ca-45f3-8300-d7bac4971a78	1204	570	88	44	;
1ab1e95d-b77d-4960-b2df-1739bf8f7ca4	116	612	177	44	conferred
094d2d0c-9595-41fd-b236-fc8e9ce11d31	299	612	59	43	on
6d5e394f-e4f3-4669-8e9c-aa41bc3e517a	363	611	113	44	Alma
0dbfd0af-8d0d-46ad-9f9b-f46bc6d50a90	363	611	113	44	,
a7e8fdc0-c20c-4e03-b827-9f889adfbad2	481	611	81	43	son
b91f0336-ec86-40b5-b010-7e5a433b7819	567	611	54	43	of
7ba2c256-82df-493f-b485-b89cfeed7303	626	610	118	44	Alma
5e9246b0-597d-4448-8d0e-f4ce042fe47e	626	610	118	44	,
445a47ef-f0fd-4de7-928d-0f29a84be593	750	609	102	44	292
75a4bab9-5c2d-413f-b530-4d8bd9488021	750	609	102	44	;
64df4633-1d37-4242-9a02-774f8fdf0137	857	608	172	44	Helaman
1eb6c4e6-46be-41d5-876a-c338bc66b7cc	1035	607	210	44	commanded
15ac952b-9895-4b6a-b83d-26eaf596f94d	1250	607	43	44	to
cba43791-0c53-46c3-9ea8-4483556fcf76	116	654	85	41	keep
44bfb87e-efa2-42f2-b156-3b88575d0061	206	653	125	41	record
82687629-b930-4824-bf0d-881646681672	336	653	50	40	on
cc87057f-a291-4912-acaa-8519c78669bf	391	652	50	40	p
8d07b4b3-95f7-4642-8919-1fb4dc7deef0	391	652	50	40	.
93516e56-bbe6-46e4-acf0-6ac3ff32f650	446	652	50	40	of
ef991955-7155-44a5-990c-03c2c0123edd	501	651	120	41	Nephi
27728699-2b98-4f04-b217-0939e5393543	501	651	120	41	,
77ce9bc4-7196-49d5-8657-b7987a05978f	626	650	95	41	437
3533308d-d0c4-4053-ae4e-ef586cba06b0	626	650	95	41	;
46436af1-47f6-412b-90e1-779c773bc2e9	726	649	50	40	to
ac79a9ad-c52e-4982-871b-dc52a0a62374	781	648	115	41	retain
dd70a679-c32a-4dc5-ae87-f4c407f587af	901	647	100	41	their
552519aa-689b-4bfb-8357-11f5afb2a96c	1006	646	195	42	brightness
de9352ec-d9ab-488e-9419-61aa8633af8f	1006	646	195	42	,
6dd7fc16-0f8c-4145-babe-c91b72333a2a	1205	645	88	41	437
ac33af1d-c1a8-470a-88f6-1343dc1f24f2	1205	645	88	41	;
5ac8d54c-63e3-481c-94b6-11499b5bbf1e	116	693	105	42	given
f4396acd-890a-4b0f-b9f8-acb584a45c3d	226	692	110	41	Nephi
c5a5a89d-6016-43cb-b23a-d4eb8efe02c6	341	691	60	41	by
893bdf9f-09a3-4752-bafb-21a6ff4c2331	406	689	170	42	Helaman
0ffe1dcf-cc6e-4ea2-9826-8b1f63a3b91b	406	689	170	42	,
aa0a0e03-37d5-48ee-9241-4a5b741387b4	581	689	100	41	600
5f0e68fa-5555-4e4b-8d0b-b940281b9cc1	581	689	100	41	;
3bc8ccb0-5643-4012-9272-0cef234d8186	686	688	50	40	of
301570f4-b2fe-4b04-bf7c-bb4c9b1122b5	741	687	125	41	Nephi
2162c7df-bd5e-42be-8f84-fb4850d1492f	741	687	125	41	,
9bb7bde2-b3e4-4788-bead-f861370516b1	871	686	95	41	615
189490fc-0428-46d2-b058-a464babe3ff1	871	686	95	41	;
4e21fbd3-d645-415e-afc0-7039440536de	970	685	125	41	things
a88ee3fb-631d-48eb-bd88-eda3e58415c6	1100	683	145	41	written
adf8555d-ae43-48dd-85c4-a070bd1f1fcc	1250	683	43	41	on
b07cc4e7-2c43-4b0f-a1dd-b37dbbccdc41	116	724	44	44	p
f1b19a57-5b74-45a9-931a-b27d03434a32	116	724	44	44	.
8e6a4e12-daa6-41ad-b448-c7f7ac272c67	165	724	49	44	of
512bb59c-124e-4b89-8a64-ad1c7c2e6b91	220	724	110	44	brass
556182aa-a181-4f40-9fbf-b35fa9721c5d	220	724	110	44	,
a46759e9-f5ae-4910-aec5-cd0db057b811	336	724	93	44	630
a9c20196-93fe-43c6-bead-bbaa5fb212d9	336	724	93	44	;
3eb22bee-f4be-4f74-b70e-d6d0f5b3f202	435	724	49	44	of
347b16c6-c0d4-4cb5-af25-f9617dfbb4db	490	724	121	44	Nephi
607b71f2-19b2-405e-940e-2044ceea5401	490	724	121	44	,
5d15349c-b573-4f58-8ecc-6a4a146721a6	616	724	143	44	contain
a10157b1-6672-44f6-9abd-a1262f86ac55	764	724	143	44	Christ's
8c1f30a1-2182-46d4-a46f-8b382989fe38	913	724	176	44	teachings
b8af2824-fef5-467d-aec6-fa9583b9889d	913	724	176	44	,
3238a061-9844-4e74-ac72-f8b509b943b1	1094	724	99	44	671
a3971470-c46c-42c8-8122-336800d379e0	1094	724	99	44	;
63631af5-b1d9-4019-bfd7-16562fa2ef41	1199	724	94	44	Amos
dad6a04b-b213-466e-a1dc-bd9d69c7bdc7	120	765	103	41	keeps
a04042f5-b0a5-498e-8a26-e737b68906c7	227	765	46	41	p
2fa805bb-ed5e-4a28-9afd-4a7b897e4ed0	227	765	46	41	.
9ea2ede4-1597-43a8-90a5-490ead3ccac8	279	765	51	41	of
ad75424f-a84a-496f-8723-ad7fd05e7438	335	765	118	41	Nephi
0622f59a-2671-443e-aaf6-95860aeee0ac	335	765	118	41	,
eced93b6-8a9e-4972-8afa-fa46e1d2b5b7	458	765	97	41	683
dc496a91-30be-4611-bc80-aaa4b0debc67	458	765	97	41	;
3a341b80-f2e8-4d9c-a476-e1c30739afe5	560	765	72	41	son
534f008d-e087-4e64-9606-ec1302f4d3f2	637	765	56	41	of
38769c46-833a-4fce-83f1-2029778cf774	699	765	102	41	Amos
da3e33b2-59c8-491f-a5ec-57a21cb565ff	806	765	108	41	keeps
0934f986-eba0-4826-b199-b41a7102104c	919	765	46	41	p
0d30126f-a7a4-4c0d-ad89-cf383fad3e47	919	765	46	41	.
2e9a01ad-30c0-4ad5-b8ac-8ae1dba35ebc	970	765	51	41	of
8b634f8c-8743-4a53-aa42-7e317acfdc35	1026	765	123	41	Nephi
cb02898f-f95e-4cb4-b666-535515568a7f	1026	765	123	41	,
e471ab18-c154-436f-8518-a9372536a65b	1154	765	92	41	684
01633476-447c-49ce-abbd-9aaa2d7b7af2	1154	765	92	41	;
5bf93ee9-b40c-44ce-afa1-4ff30c9db89d	1252	765	44	41	of
b5c1c95c-1674-4878-8069-d04e65a93df4	119	811	117	41	Nephi
ce538a63-0747-44f8-9196-3b0723926a88	119	811	117	41	,
66efc4d6-518e-419c-85cb-bd5de5c3e473	241	809	151	41	Mormon
341a99e6-cabf-4854-ab1a-3abbcac30703	397	808	83	40	told
caf0f174-91cf-4f1a-b028-c7be3fbc6b5c	485	807	49	40	to
438ff1bd-32c0-4ed7-a2a1-785d5d7e2974	538	806	93	40	take
1b177958-2c81-471f-9d61-850ebdd3c8ad	538	806	93	40	,
dc2c7845-93a9-4db2-b6cd-14eda48a2aeb	636	805	98	40	687
4d6119da-cbb9-4a4c-ab91-c7b9dd741015	636	805	98	40	;
536396f1-7b63-4580-9856-8790e8506141	738	803	151	41	Mormon
ef4c759b-35f7-4cee-bd30-a3c71631cf08	894	801	117	40	makes
5b754ac9-abd9-472d-aaf6-09988dee62da	1016	800	122	41	record
eb51091f-8e38-4386-8552-0aac68a16f83	1142	799	54	40	on
cceac93b-91bd-4446-b204-ece891ce1049	1201	798	49	40	p
e0065947-7a04-4b98-8e7c-64ad036591d0	1201	798	49	40	.
80038020-04d8-47f4-9b74-5bd5cc57a437	1254	798	42	40	of
9c093149-f9f1-47ca-95ca-f99484eba546	119	848	122	41	Nephi
632f9014-b02e-4fd5-a580-9f65f46984c4	119	848	122	41	,
b3a5751f-ae8f-4221-ab17-509db0ce7d84	246	847	103	40	691
9fbbfd42-e952-456e-b126-208364f52272	246	847	103	40	;
73b38580-8a7d-4f6b-ae1f-df43ae544d67	353	847	49	39	if
e6db0068-a096-40d2-bd64-fa1b425fc16b	407	846	59	39	p
85312c97-7bed-4098-bb8f-5fe66a9a36b3	407	846	59	39	.
c9b7c33d-cb70-4f1f-8a02-9524a43ec24c	470	845	103	40	were
b6a49ee2-d0f0-4e9b-8359-1bfc2923fc77	577	844	122	40	larger
fc0320b4-e11a-4269-ad1e-048151014459	704	843	122	40	would
8358fc60-cf1e-45d6-80ef-6968ca68ab5c	831	842	103	40	have
7566e7a0-770d-438a-be14-cf6cff359619	938	841	146	40	written
e3ebc247-f6d4-41c0-80b7-1e02e78f0678	1089	841	59	39	in
fe5abba2-79c0-4c03-817c-4854f64b4a2e	1152	839	147	41	Hebrew
db29f3cc-5f13-489e-ba8b-e5836a994652	1152	839	147	40	,
14688215-3acb-4ba0-8536-bb72d8001c86	119	886	81	44	713
5d2b3b25-d2cb-4493-b942-ea456ce71f45	119	886	81	44	;
9dfc642c-e2d7-42f6-bc4d-56c75ecf95f0	205	884	210	45	twenty
9a99c489-e881-4456-93f2-73cb6887804c	205	884	210	45	-
b8a0fda5-5fef-4189-bf87-6ad3b29735f6	205	884	210	45	four
7078200d-035d-4007-8cec-812c7202a9b5	420	884	38	43	p
12b1394e-3890-4ff4-9246-dea0711d2f6d	420	884	38	43	.
61f12a27-a375-4f9a-9d51-3d5f853ac3f1	463	883	108	44	found
1232b616-1f66-42e9-b646-38235fb68b83	576	882	54	43	by
d5626b6d-e407-4b95-b93f-621089982472	635	881	118	44	Limbi
4bd795ee-c9d5-4737-86a7-ffc9c59d201b	635	881	118	44	,
ebd88c4b-1d06-4506-969d-91e0230f4f76	758	881	86	44	714
739602e2-357a-4f93-9862-ef87cc9b9843	758	881	86	44	;
cd3bb25b-f591-473c-9c70-9c9e62b16312	850	880	49	43	to
d5e9f74d-0cf3-4f54-a8f0-3c92502ed63d	903	880	49	43	be
34400faf-bb6c-433c-a4af-401e1a13d1ce	957	879	124	44	shown
96501eb3-25a2-4ae2-8c08-a6420ce5644b	957	879	124	44	,
93a772c7-4604-4a63-8dd7-357097662dd8	1086	878	78	44	725
e8628057-c18b-43b5-8740-303493297f4d	1086	878	78	44	.
27cffcb4-4f8c-496c-b9a2-b5090343dc26	81	928	100	40	Poor
c72b575e-2e3d-437a-b638-eaf7b4e17c9e	81	928	100	40	,
bd315341-3b80-42db-bba1-44cdd5ee35c7	186	926	176	40	substance
ab984d57-cafb-46d2-a850-2a2340ae9965	366	925	48	39	to
8c767394-c408-41e2-95cc-1143b208c897	418	924	53	39	be
fa3e9146-555e-4220-81a9-3b96ff8c51a3	475	923	167	40	imparted
08ff41f3-af3d-4b96-9a4f-4f9f74b8a559	646	922	62	39	to
bd9da129-b1fd-44a2-805c-22dece6cb3ae	646	922	62	39	,
b40b03cf-6443-4c1f-b1c1-ee787a2dce04	713	921	80	40	223
4e75e2c7-50e8-463b-bff8-d9bb74317d35	713	921	80	39	.
4506e5fc-dbdd-4340-a312-8b3ffc404883	82	964	135	42	Prayer
96609016-7a89-45df-b059-df41432e0882	82	964	135	42	,
ef53b5da-481d-40dd-a045-f1d0293e2a4d	221	963	110	41	Spirit
fcdd63e4-566f-4688-bceb-a61c5837b225	336	962	145	41	teaches
ffc28e3c-3a6d-4ac8-ada0-92c1f9ee003e	336	962	145	41	,
cce18271-01d9-457d-87ac-5e25a2c23f86	486	961	95	41	161
5892b4bb-39fb-4593-aecb-c371930e7354	486	961	95	41	;
aeeb260c-843d-4edb-b369-39d6993dce81	586	960	115	41	Nephi
0156427e-eb99-4b48-aa3d-1c384f98da05	706	959	110	41	prays
4877d429-e7ee-47d6-bfc3-f185a19a2871	821	957	215	42	continually
615d3f3a-7433-4fdb-a096-866c35010e5a	821	957	215	42	,
386caf4b-7b2b-46ae-b10b-211e210a8918	1041	957	90	41	165
c32b1ad8-7dcc-4469-93af-908bc55db14e	1041	957	90	41	;
b539827a-edfe-4828-af2d-b920b9e23698	1136	956	55	40	of
4b42f231-ab82-4568-be25-397c305dc4a1	1196	955	100	41	Jacob
90da9bff-de9a-4639-b81c-a4bdc237e941	120	1004	176	38	answered
d25dbde4-0501-4d92-adf8-611d36d999cf	120	1004	176	38	,
3bdfb28f-3df8-4817-996b-9e8f931b0847	300	1004	77	38	182
9124249b-f15f-4da7-b53a-7a2e92b01093	300	1004	77	38	.
10e480cd-66cc-4d72-a634-468fdb4d3e3a	82	1042	155	42	Precepts
a01a07aa-f562-43d9-9026-7cf9af6296dc	82	1042	155	42	,
da23acaa-1ff4-4e2c-b86e-67f5e9d28aaa	241	1041	130	41	blessed
c2433ccf-0257-4110-8198-8aa3639b972c	376	1040	60	41	are
81d70f10-c7b9-4644-a495-f3ca9366f8b4	441	1039	100	41	those
25cf4f36-b18f-4cad-8959-ade8a9f29fa4	546	1038	80	41	who
c245f26b-419d-4553-aa6e-9f670b7a76b6	631	1037	140	41	hearken
7db75175-249e-49c5-bfbe-058398e5506e	776	1036	95	41	unto
20fd0cb6-9bc5-496d-955b-cbabc6adcec3	776	1036	95	41	,
b9d1a370-addc-41f5-98dc-1c0589982b8d	876	1035	84	41	155
cdb51cad-a943-42ad-ac6e-f5e7530bd23f	876	1035	84	41	.
6774c50a-6fdb-47d1-9818-66a12ece451c	82	1080	190	43	Priesteraft
cd19d9c7-c9f4-4a91-a9f1-408039f9ec5a	276	1079	98	42	seeks
c5be02d0-2ac8-469c-9071-8b48ad9583e6	379	1079	67	41	not
795dfd0d-286f-457b-a137-9b626dcc6a3b	450	1078	67	41	the
25eb51c9-3c81-4ab9-9593-ed62c1bcb6f5	522	1077	133	42	welfare
cd1766e1-442f-4f8c-ad01-7be454130dd8	660	1077	46	41	of
6e309eae-a3e6-4b0c-b1cb-8702844d6708	711	1076	98	42	Zion
5f44a717-8072-4454-8040-067cb90d10c5	711	1076	98	42	,
08185a7d-08b9-4aae-9cdb-ea45456585ec	814	1075	87	42	147
b6eccb7b-650d-4111-bb3c-ce9ce2e22697	814	1075	87	42	;
5d65d312-2ead-439b-8bbe-1ef279cd6e07	906	1074	128	42	taught
3557c37d-844c-4984-8603-8aeea6324234	1039	1074	52	41	by
fa16845e-12e7-4ed9-a7fd-bc1856020acc	1096	1073	118	42	Nehor
ef132bea-e238-4490-8b65-5fa70ce977f1	1096	1073	118	42	,
23e24f1e-61d8-4b0c-b0d8-074700296d7f	1219	1072	81	42	299
de4e5170-b09e-42e4-8980-a0eee1613808	1219	1072	81	42	.
4c64f516-f6a2-4676-aabf-e43a25bcca4b	82	1119	137	41	Priests
0529843b-6505-46f0-ae25-cb03d37904d2	82	1119	137	41	,
591735f7-3d16-4589-bff7-6acc4759dfad	223	1119	103	40	Jacob
ea22bf05-88f7-48d2-a647-3c86652dab02	330	1118	78	39	and
95a857cc-56b6-476a-adc1-9b41a03057a7	413	1117	122	40	Joseph
707622b3-5490-4744-b925-d51019db6cdb	540	1117	49	39	to
95be9283-f361-4d95-ab08-dd5b7674bf0c	593	1117	49	39	be
bbd6e9d5-1f2b-449c-baed-cf753dd5b5d3	647	1116	151	40	teachers
a69daca3-b1af-4776-988f-e96ab7a379ee	803	1115	88	40	and
e279554e-4c11-4de1-8f40-6ca2b64ec7b5	803	1115	88	40	,
013a7386-a77c-49fc-9e26-7cebcf463652	895	1115	68	39	97
4df5870c-b3b7-4feb-bc23-5e5b977affbf	895	1115	68	39	;
f929409d-d5ee-4296-80c7-bee577285a7b	968	1114	180	40	appointed
a4560f7e-2434-40d3-a473-a47cdc3cbbab	1153	1114	49	39	by
029c8b1f-ceab-45db-bfa8-fcb038255c70	1207	1113	89	40	King
e520b4fa-e69d-4dde-a819-7537bd76f668	119	1155	180	42	Benjamin
75f9116e-73a5-477e-b82c-d4fc8b839b2f	119	1155	180	42	,
d48a9325-6f78-4004-98b0-1d7ab8d419e8	304	1155	95	40	226
132bbd72-eec1-4ec3-bcd6-e493cb5a7f00	304	1155	95	40	;
ca3c8bc1-ce1f-43a2-90b4-5112b6465e20	404	1154	165	41	ordained
08713a7a-6279-47e8-be4f-f0a39575b5d5	574	1154	60	40	by
4d38c3a7-b63c-45ad-bed9-585043063aaa	639	1154	110	40	Alma
a5191997-860d-434f-a282-28d9a3f85faa	639	1154	110	40	,
94ca649d-94ce-4f29-81de-15bb8cc514bb	754	1153	95	40	260
7d27a1d8-4b15-4aaf-b055-eb766d5c7633	754	1153	95	40	;
37909ae1-d913-4551-90ef-fa3ea62cee16	854	1153	55	40	to
7eabb0d8-5fb9-4975-932d-958e416fd2c2	914	1153	105	40	labor
88dc9e90-d4ef-4bc5-a4e1-bd94c5c79ec0	1024	1152	90	40	with
e944f5b8-81ca-4cd6-a1cf-d3590c03d385	1119	1152	100	40	their
ff4a3285-464e-41d1-b180-807806b906f9	1224	1151	69	41	own
2f474d7d-765c-4d4b-b9ad-6caa1cb1cc8c	119	1197	120	42	hands
b75cf8d3-8aaf-4ccb-b6bb-94975fe70c51	119	1197	120	42	,
bd78d029-bc3d-48d2-a719-e0b42f19c335	244	1196	85	41	260
e77d49b0-48f6-4cf7-9c23-09af7b419165	244	1196	85	41	,
fe8615da-b9e2-442f-9ecb-0d5a21d005fd	334	1196	100	41	285
e2a6bec2-0e65-4185-87fb-cdbf51f29e83	334	1196	100	41	;
0adc7d5f-5bbe-4a5d-bcea-1d3c2103aa73	439	1195	50	40	of
d8ce191e-f51b-493b-8590-bf5653410286	494	1194	105	41	Noah
271b8e8e-2e24-4256-a59c-0ebd8d5313fc	604	1193	80	41	flee
147173aa-c249-442c-802f-1f0282dbba9c	604	1193	80	41	,
b4b2a5c2-c362-4890-b6d4-5e8145a4a492	689	1192	95	41	263
ca6de0ef-11da-4d3a-a218-97d5710c6690	689	1192	95	41	;
1e970ab1-27d4-4f57-85df-6a0f0ebd207f	789	1192	80	41	and
a9add9df-9800-41d8-9522-420461ff8553	874	1190	160	41	teachers
aa754ba1-ca11-484c-981c-1a8392843580	1039	1188	210	42	consecrated
cb934abb-5d0d-43d7-9b96-188e57270005	1253	1188	43	41	by
c450819c-d4c3-4e9e-a52f-ed86dc4cca37	122	1237	100	42	Alma
684acdad-bf03-41b6-906e-9179aa3f3c80	122	1237	100	42	,
c26efd2d-b345-42d1-8ebd-1f98375c8e81	227	1237	80	41	274
65f6ab86-284a-4fac-aecb-47392656817d	227	1237	80	41	,
7bc8702a-5812-482f-9744-fcb97697e4b2	312	1236	90	41	282
33bacb11-d141-4090-aa42-602c2edefc39	312	1236	90	41	;
70e82123-ac08-4fad-9273-978df66715f8	407	1234	205	42	consecrated
661a9278-8535-4b71-b6ac-9b575c4681a0	617	1233	50	40	by
bc35f244-e85b-46f6-8fb8-63632fc77bb5	672	1232	110	41	Alma
6f7f6d9d-9e8d-47f7-aadf-9e94ee8788e1	672	1232	110	41	,
c6a9b37e-98a7-42e2-ad8f-d3115d622f07	787	1231	90	41	311
806ebaaf-06a3-4f4a-8195-9ab8aa2a65d7	787	1231	90	41	;
900a8dc2-a811-464d-b026-e64061227afe	882	1230	155	41	ordained
daba8d71-2d22-4e10-8759-9d4ef7aeea4b	1042	1229	55	41	by
735ed257-c35e-44a0-868f-ebdcda038d33	1102	1228	105	41	Alma
7a234724-1742-43d7-b240-848f6f6cf650	1102	1228	105	41	,
5cebdb69-d340-4669-91a7-c989adf79373	1212	1227	84	42	321
c44fb64d-7d85-410d-8ba0-8b16e195d29c	1212	1227	84	41	;
ab306fa0-2c6d-42b0-a149-7c63fbcbee12	122	1277	93	40	after
3e156ff6-6e9c-4467-9206-2e94f2e9fd3a	220	1275	186	41	profession
d57a25d8-46fe-43c6-964a-f521f4faf5ce	410	1275	49	40	of
4cdc79c3-c817-4bf2-8f69-6f72dca2d245	463	1273	122	40	Nehor
46313aea-3b58-4276-8bed-192ed8f6602d	463	1273	122	40	,
88fc9733-7797-4784-8ded-46f31968d193	590	1272	98	40	354
7a70b7f6-b264-4c74-a1a9-68736518e804	590	1272	98	40	;
666d215f-5ab0-44c6-9493-c3a1024a61eb	692	1271	93	40	visit
6dd2fff6-2a40-4947-840e-5c70e16e1011	790	1270	103	40	Alma
a9397a78-89a0-407a-8791-497a0c326b77	897	1269	78	40	and
4f73a921-e941-44c3-aab8-05aab6924717	980	1268	142	41	Amulek
5e5aa2b0-c7e1-419f-bc6f-b1e7ed348222	1126	1267	49	40	in
44d3db87-4ea8-40b6-b585-1ef57f165566	1179	1266	120	41	prison
5befb83d-ac29-4be0-b5fe-7304ae795573	1179	1266	120	40	,
961c9832-c1d9-4890-a973-7f3bac85b397	122	1315	80	41	355
4f59edcc-3c48-4d91-83bf-46652fcb6293	122	1315	80	41	;
df814fea-f412-4848-a7e1-f6517e0abdcb	207	1314	100	41	Alma
31f9e7ee-c9c2-4695-9d24-b4e297c48c65	312	1312	200	42	consecrates
fcacabd9-fc02-4f69-9f66-bad1132f2a27	517	1312	70	41	and
e96933ec-ffb1-44db-afc5-0d3974e32b6e	592	1310	150	41	teachers
e026db7d-5489-42d6-ba34-bb73f1e286bb	747	1310	40	40	p
10497a89-4511-4c3c-b7dd-b6842602bcd9	747	1310	40	40	.
9c1645a9-77d3-435e-9776-8a5d54b85c32	792	1309	45	40	in
d3a85b06-7278-419c-a13c-57984f9482bf	842	1308	85	41	land
ae444bdf-144b-4d6b-99e6-d2c3de01b846	932	1308	45	40	of
4aa7a8e9-482b-4fb7-b1af-b0094a1fee27	982	1307	110	41	Sidon
e0be2e41-3d03-4423-bf6c-d74b5493de66	982	1307	110	41	,
8920cc93-7809-4de2-b747-6323cf56521e	1097	1306	90	41	358
06aa548b-8661-4f50-abc4-ba5f1c9114b7	1097	1306	90	41	;
bc3c766e-1104-4ae9-8132-e1c2b1d09856	1192	1305	108	42	teach
b05feb6a-16fe-4b05-a22b-269a96229ba5	1192	1305	108	41	-
a8495a00-0f65-4cea-abff-13918b214ac8	123	1347	79	45	ings
184ab3c1-0776-4700-b46b-e3a14e847b7f	207	1347	56	45	of
6495a397-531d-49ed-8cd8-3c4565d79940	207	1347	56	45	,
0ab07ffd-fc17-45af-8504-f54d505a012a	269	1347	90	45	361
5e6605c1-5d2f-4024-8dda-689149f0c6d2	269	1347	90	45	;
18e3abc1-dfb0-4343-87d3-5ef3e5bfd99d	365	1347	208	45	consecrated
6f7fedf6-0e4f-44d3-8754-737d7258903f	578	1347	56	45	by
9836e7c6-ec41-4919-98cf-499659501cf2	640	1347	124	45	Aaron
e452ea5e-9727-4c9f-b455-c4fbb8dfec3e	640	1347	124	45	,
365f0582-2b19-4356-a74d-2d1cd7b56831	769	1347	96	45	389
c241f6b4-2fae-4226-8775-5b4b14624071	769	1347	96	45	;
0515340f-db27-4a2f-9530-70db0d12ece8	871	1347	51	45	of
b1b8ab52-8382-4b59-918f-a523e7bf966a	927	1347	112	45	Noah
c9208117-076c-4297-a41d-187fb127fd43	927	1347	112	45	,
5b5c8d7c-9996-4ddd-94f3-815295717643	1045	1347	96	45	395
bc2ac2a5-9e61-4424-9bd5-9fc5aaacc0bb	1045	1347	96	45	;
ded04116-a7d4-47ad-b745-f30356055d4d	1146	1347	150	45	Helaman
d343a80c-f732-4cbc-85ec-2acec7bd0d8d	123	1385	77	41	and
20a62c1d-c9ae-4712-942c-761d943c0b3d	205	1385	164	41	brethren
03cdf392-10fe-4140-9e40-954405da61c1	374	1385	184	41	appointed
64ec15e0-1dc8-463a-ac05-20eae0df92d4	563	1385	133	41	priests
d7b96bdb-99ae-489b-b84d-51f2d28c5ead	702	1385	82	41	and
f637a130-841c-44f7-8d6a-b774cc59915d	789	1385	169	41	teachers
01f81011-7963-40c7-9dd8-e5db778c64e0	789	1385	169	41	,
fa17b0c5-b27d-4682-ab07-84fd6471602d	963	1385	97	41	468
1430945a-8166-4d5b-b158-7ff4ab3da0c1	963	1385	97	41	;
9b71833e-ce2d-482d-8b0f-adb84f7978b2	1065	1385	102	41	false
a68dbac4-e4ef-431c-a556-5d4a25990ee2	1173	1385	51	41	p
bcdc3efb-214d-4102-873d-8a1494b44485	1173	1385	51	41	.
b3191e09-5c22-409a-9305-4fa8da905f83	1229	1385	67	41	and
d9e1ff23-4002-4fad-9f0f-22781e5b074a	122	1431	155	42	teachers
88398b25-1d58-4569-8cc3-7db7028244f0	122	1431	155	42	,
74e43d0c-228e-4b98-8fc4-58ee82b8d3ec	282	1430	90	41	685
2806da57-377f-4c7d-83ab-400388ad57dc	282	1430	90	41	;
d81352ce-eaf8-40cd-81d3-cd6f5171083a	377	1429	75	41	and
e2f6755b-2315-4d25-bb1f-3db5a5a664c6	457	1427	160	42	teachers
e4a0d1b1-c1f8-4d59-b498-f43050da4d5c	457	1427	160	42	,
4821e633-6fb5-4be9-a437-81ebd23e97b7	622	1426	140	41	manner
3a95d17d-79e1-474f-8242-dcbb34245380	767	1425	50	41	of
6e4631ea-9b8d-4b11-87ef-16f71abc333e	822	1423	180	42	ordaining
da2a4cb0-d327-4920-bbf3-5f0a4663cee5	822	1423	180	42	,
e909ae16-0523-4753-8fdc-cd82b13df4a7	1007	1422	90	41	761
5d2232ea-4b8e-4fef-a5c9-a9f69ca764a8	1007	1422	90	41	;
b7b177c2-743a-4d91-bce9-3af2195cc540	1102	1420	198	43	ministering
88bdaecc-70d9-404c-929e-2347b18fb46d	123	1467	86	38	flesh
1e926f54-6635-4674-9741-f3fae6652fde	213	1467	66	38	and
d3796b6e-0f8e-414f-9f61-20fcb0706138	284	1467	104	38	blood
a82146ef-543d-4caf-a04e-fed22340acdc	393	1467	43	38	of
cae81da0-92bf-4ddf-bdc9-2cceaae0985e	441	1467	123	38	Christ
5059b5b5-dff8-483d-b9da-fb8319561de9	441	1467	123	38	,
ef04e83f-7ac1-43a2-83b7-48fb0c3dc8d0	569	1467	81	38	761
b0bf4986-bd66-41d2-a4dd-f4f5a05f54c3	569	1467	81	38	,
1c8ae18e-5573-4236-b966-c222b48ea57c	655	1467	75	38	762
e7f75483-3c89-4586-86ad-d6929fb4bd11	655	1467	75	38	.
0e6fcb77-7510-4b77-86d0-d4f98e46f8ba	85	1508	179	41	Probation
60699c67-6608-415e-8263-d8097ab69fba	85	1508	179	41	,
5405468f-f792-4591-bab3-91f6373b7174	269	1508	77	41	day
1bf3116c-5d45-4c1c-9844-e5d2b2a311f4	351	1508	51	41	of
f6d34519-624c-4e00-b0af-b23142a7e58d	351	1508	51	41	,
b75a8db6-540c-4a59-bd41-96eb437c1e12	408	1508	82	41	109
d8247d1d-ac72-4213-a262-fe7bdaeda3f9	408	1508	82	41	,
bfab287e-02cd-4cfa-bdef-60fe7c361d37	495	1508	78	41	165
32f9fd81-73ff-4041-a770-1c2d61602b64	495	1508	78	41	.
37f9b254-b10b-4cae-aaf8-44100382a2ed	85	1548	171	40	Prophecy
abbec741-cf4a-4c37-a59f-87eb79723486	85	1548	171	40	,
6df6e538-1c41-4ba6-a988-604f7b2dd974	260	1547	48	38	of
515f248a-9a7c-4a47-8265-62124b3d0a44	313	1547	95	39	Enos
9e74c3b2-a2b1-4e07-98ff-9cd7075df282	412	1546	48	38	to
591c952f-1d4c-484a-bc80-00d216c65090	464	1545	119	39	people
7e2c80bb-d938-44da-ad64-a7b8b00a9e35	588	1545	43	38	of
56c6803b-55f3-4ed1-bc5c-de98ad8c291b	635	1544	124	39	Nephi
a344251d-7dde-49eb-92b5-f396c0d5536b	635	1544	124	39	,
e581b5f5-a75e-4adf-96bf-a012e92c61b1	763	1543	90	39	195
bfdf6d55-8057-4d8b-ba68-777f539f05f2	763	1543	90	39	;
ceec755e-e7dd-4119-9ad3-281be295b83c	858	1542	143	39	Abinadi
a0d91c73-e50c-4c1a-859c-7010fb2e318e	1006	1541	119	39	makes
cefc513f-ac04-4391-abe8-fd23750ceeef	1129	1541	43	38	p
11f6b4ca-04c5-4cb4-99fd-2efba54b3ca2	1129	1541	43	38	.
4c1e9aa8-f002-4991-b1e9-55900db90724	1176	1541	48	38	to
c6195790-2e36-4eee-bfb9-c824f7532bf0	1229	1540	77	39	peo
0b535946-48b7-42c7-b854-8079a7821597	1229	1540	77	39	-
ed8edec7-dc17-4411-8dcd-404e0002db1f	122	1586	58	43	ple
06ec9862-1b9b-4d5c-ad74-57f49c3ebdec	185	1585	42	42	of
b11037f9-5727-45ef-a692-cd8d987852b8	233	1584	105	43	Noah
4cfcf3b9-f3d8-4e42-8579-e6361314c90a	233	1584	105	43	,
9bf411b8-bb4d-488d-92ec-6a3cce6e61b5	343	1584	79	43	241
483320f7-d7fe-4c48-9517-5995d783bfec	343	1584	79	43	,
8b117e0f-e673-491f-b931-32afe03e3751	427	1583	79	43	243
eb0d25e8-04e3-4897-8cbf-110a9fc85ee9	427	1583	79	43	,
9d6eecda-99db-405e-a692-880efdf228b8	511	1582	79	43	251
3ace4581-01d8-4cd6-9489-a36a8b42ba4f	511	1582	79	43	,
798fa424-64ca-4740-948a-01ffae6517c8	595	1582	79	43	254
84592f90-002b-4beb-8784-c78333f475d5	595	1582	79	43	,
0bd07f86-40f3-4310-a27a-a0fcfe1755bb	679	1581	90	43	257
619c64b2-bb56-4697-bb77-d0b79b6454d0	679	1581	90	43	;
768310b2-2731-44f2-8198-716881f87f83	773	1580	90	43	sons
a798003a-05a1-4b65-8a72-5cd0d5ba96d3	867	1580	42	42	of
4a3eb349-9976-4fe4-9376-e2f116df6de5	915	1579	131	43	Mosiah
41defe31-feba-4ba3-990a-1df69533474d	1051	1578	90	43	have
27c6a12d-17ad-4f4d-9354-f3083e49edfc	1145	1577	100	43	spirit
e041dd35-a690-4a2a-aa75-04fc881e5394	1250	1577	52	42	of
693c5092-cd34-475f-93b5-fd192f9c745a	1250	1577	52	42	,
836e320e-6957-4763-9d98-63503c736046	126	1618	87	41	362
6dcb1b6d-efcc-4361-8233-0c0bfb0c032f	126	1618	87	41	:
8b1cceac-703e-477d-9803-641beef12426	218	1618	56	41	of
b24cfd35-9392-45ce-81fb-083949a95825	280	1618	102	41	Alma
24db5674-11a7-4441-bf52-17ec276589dc	387	1618	200	41	concerning
2afa6f45-4efe-4c31-9e6f-4917cd32ad0d	592	1618	169	41	Nephites
df46a682-5a9c-4e6d-b6c7-10689e27b657	592	1618	169	41	,
ffa2e15e-8da1-4a48-a378-5a7fffbba5eb	766	1618	97	41	466
f68fda46-d935-4e72-84f2-b3c1b3773c03	766	1618	97	41	;
30832be1-3e6b-4c09-874c-4eb57e084927	869	1618	51	41	of
60db6d81-e149-4315-a856-00c19d92f086	925	1618	149	41	Samuel
38e28d2f-615d-444d-8b3f-7feda56885ae	925	1618	149	41	,
5103fb4f-b7f4-4e54-b662-3fd3fb4fa56a	1079	1618	97	41	587
c5a7eb23-0ce0-4af7-a608-44d6c1a8d7d6	1079	1618	97	41	;
2c70b894-9e64-429b-8104-998d33598984	1181	1618	51	41	of
02ec09b9-2d5a-4f0a-971d-91878bbce460	1237	1618	65	41	La
d95c7fb0-955f-43c7-96e4-d14fbdfb2980	1237	1618	65	41	-
a751ee8b-3973-4ac8-811f-44a2f7ba91bf	125	1662	153	44	choneus
a9215fb6-b167-47ae-8636-5fe69099361b	125	1662	153	44	,
9010202c-4928-451a-a943-9684a6547c70	283	1661	100	43	608
e63605e6-ebd2-486d-a586-17b2d022f1d5	283	1661	100	43	;
0c4b0b42-cc61-4bce-9a16-c644f5666098	388	1660	53	43	of
59a845f1-3ecc-4312-a1fc-487c2cd04ab1	445	1658	168	44	Mormon
1ae1ba9a-7c30-495f-8740-ab3e99f23d60	445	1658	168	44	,
30958d76-d804-4f03-9bb2-15b739748947	619	1657	100	43	700
db9373f3-c2b4-4983-9983-b0bdb546afa1	619	1657	100	43	;
192edc33-afd6-43a8-86f2-902e3b8308d4	723	1656	53	43	of
2c5c6216-49ef-421a-8e49-fbe3713e4347	781	1655	132	44	Isaiah
2b05ef16-5e81-44ee-95a6-dec864510dc3	781	1655	132	44	,
b987815f-f184-4591-b175-f8bc68053dd6	918	1653	100	43	707
2afde1a8-b7b2-432b-96ea-d6a6c405a933	918	1653	100	43	;
c117f3fb-a87b-4ea9-8283-632e3ec2c0cd	1022	1652	58	43	of
aa237d05-94cb-439a-a1f6-9c77b60dcd83	1085	1651	137	44	Moroni
775cdb8f-adeb-4bf4-b3f2-c1edbd84ba67	1227	1650	78	43	con
eee2be7a-10a7-44cd-bab4-d514ef0520e2	1227	1650	78	43	-
28d7e44f-b705-488d-bbcc-a680aa455e22	126	1697	133	41	cerning
b8154373-93c3-4067-a1c7-1b87f5c6ac69	264	1697	128	41	coming
ee4e7b9f-943b-447e-b725-0f44a9adf996	397	1697	97	41	forth
dfff04ec-d687-4fa0-a51c-85e64e2cf5e5	500	1697	41	41	of
e37e5a6c-05f2-464b-8368-8eab797690f3	546	1697	128	41	record
fdf1c989-b64b-4dbd-be6d-2423c2a2c51a	546	1697	128	41	,
0f8fe200-88b8-4289-9060-a03f5d8c2063	679	1697	92	41	707
3be243b2-8550-40a8-8f4e-9b3a8755e993	679	1697	92	41	;
67229bc6-e094-4316-ad78-5cb777c94ae2	776	1697	46	41	of
62d9cbd6-735d-4f2c-b429-9781ffd7de45	828	1697	118	41	Ether
30b6595b-902c-424a-897f-0fed4531716a	828	1697	118	41	,
f8893b3a-b057-4c93-ba04-b3cf1704fac4	950	1697	82	41	746
5a231ffa-ec38-4415-8d9a-a4d3bef83da7	950	1697	82	41	,
af3405d0-5d37-4500-8230-b52dfd57c3ea	1038	1697	79	41	755
482dc309-ebb3-417b-986d-dd2ce72695ee	1038	1697	79	41	.
80608627-d8a3-4265-89c3-b7e04ece819f	88	1741	147	40	Prophet
ce564ac7-088e-4e55-b4ea-6b1750ba66a5	88	1741	147	40	,
ebefe268-90b3-414a-8307-e15faeb287d7	240	1740	43	38	to
d37912be-f8c8-4258-b836-f6391d785ae7	287	1739	133	39	prepare
2a447781-6678-4430-ad97-a845d0d0055a	425	1739	62	38	the
3d88f30c-6354-45ae-83b9-b37128b7a327	491	1738	81	39	way
f1aca8b9-3698-4387-a7ff-47de79771fa2	577	1738	43	38	of
5954174e-f7fb-47dd-9ae5-1fb753ae35c1	624	1737	62	38	the
e88d71e0-6bab-454c-be0a-218875f98672	691	1737	100	39	Lord
77b42bb3-0355-422d-9237-36a968f5f73b	691	1737	100	39	,
25e64bf5-6414-4d76-ae7b-dab54a820fe3	795	1736	71	38	24
9bb92d83-c378-40cb-ab83-ca8982984041	795	1736	71	38	;
2c3076d8-110b-45d5-98fd-43b80baeca9f	871	1735	109	39	Nephi
ef90ef57-31bc-48b6-8729-0b1daa6201cb	985	1735	76	39	sees
c25a114a-24ee-4bff-bbf1-826606aa81a3	1066	1734	43	38	in
39043116-3722-4e69-a173-895ce3da3c45	1113	1734	119	39	vision
225c74ef-5c72-4b9a-a04a-2ad64dc139a8	1113	1734	119	39	,
6b26cf82-a1cd-43ee-9ec0-163eb539b09d	1237	1733	48	38	29
f487c10a-79e0-45b3-a5d4-d861614a93d4	1289	1733	13	39	;
16a3f9ac-04a3-4b3a-860c-f1c0ecd058cb	129	1779	102	38	Lamb
5f1414c1-69be-4cb3-8895-00c17577eccd	235	1779	46	37	of
7705ab0b-c8e4-4e2e-ac1e-f57f5a6be373	286	1778	74	38	God
eb701715-4db0-4206-9cb4-c22e8f56a143	364	1777	153	38	baptized
d80aac20-a2c7-4292-a1e1-0f35100e8da0	522	1776	60	37	by
83d8c582-f202-4c4c-b2c2-ccf960ba10a4	522	1776	60	37	,
5b1bdb56-0e49-48a1-9b2a-10cfa790687f	586	1776	74	38	29
e07b9015-71b0-4138-b779-8bd2b4c13121	586	1776	74	38	;
7fe252f2-a447-496b-804f-23a1e1a7f2b8	665	1776	46	37	to
56412501-cfba-49e6-8452-87676137669f	716	1775	134	38	baptize
85c13e5b-749e-4709-9989-f62f39f3d4a9	854	1774	107	38	Lamb
c9d05431-b9e8-4eec-b2bf-384ae259d060	965	1773	51	37	of
7204e304-d1e9-477f-a031-e4211dccc3ca	1021	1773	83	38	God
ec36723d-00db-4c41-86a3-f858d7be11b4	1021	1773	83	38	,
3f7480b1-a0a0-4706-81a7-33297baf2e58	1109	1772	77	38	161
208c1fbe-b465-4af9-9fdc-cd2f677771d1	1109	1772	77	38	.
e200f41d-af3c-4d06-b671-89415b4e7859	88	1818	166	41	Prophets
01142bf4-414b-4d96-940e-c157da0c0fee	88	1818	166	41	,
e2f7ce5d-4d81-4beb-a6d5-0baf02a656b3	258	1817	137	40	predict
52a3ba68-8945-4d55-b694-d421a327f907	400	1815	200	41	destruction
3696479e-e17e-4869-9b60-2a6e7d76ddc2	604	1815	49	39	of
f595130b-b175-4254-a059-f50e51d24690	658	1813	190	40	Jerusalem
23c995d5-a346-4f12-9477-d39dcaa690df	658	1813	190	40	,
c426a9b6-b67f-48a1-88f8-36bb66424594	853	1813	44	39	2
4af4c040-ddd4-4077-bbfe-a22cffa9f757	853	1813	44	39	,
1ce4b011-7312-4660-8fae-16abb4b05709	901	1812	49	39	3
13e86f0a-92a6-4c65-be3d-57d4f2cd3f9d	901	1812	49	39	,
a311377e-ca5f-4540-8fc4-85f2ecc800f8	955	1812	44	39	4
6b010216-19dc-4231-9254-e8b08e6de6b9	955	1812	44	39	,
45ffbd94-078a-48dc-b217-715caffb179a	1004	1812	44	39	8
1b583ff3-4022-4a1a-9948-c44efab3d23e	1004	1812	44	39	,
c0906a96-ca32-4862-ac38-93b4043ada05	1052	1811	78	40	24
4c5b0939-8ada-4a4f-9ab1-49cd0659cc2c	1052	1811	78	40	;
52981e06-0ec9-4078-9b8a-481913a6502c	1135	1810	122	40	record
5956e388-ff47-461c-9a4f-403af10d2ed7	1262	1810	40	40	of
8b10a18d-e52b-4c7b-aa5f-2a26e796cfa3	126	1857	39	39	p
55653e62-befb-46e1-bc75-6a1c65384c9b	126	1857	39	39	.
424a976b-af29-4a38-be53-478f0077534c	169	1856	88	40	true
229370dd-cd22-4ebd-81e5-ce2efa18c73e	169	1856	88	40	,
86dd531c-12b7-42a9-82f7-4ce7910f2f93	262	1855	73	40	38
3f6708aa-83b6-4271-a1a5-061f62426fcf	262	1855	73	40	;
57f76cd4-2082-48be-a8f0-70026a514d10	340	1855	103	40	those
e71508b8-d57e-42b2-8ea9-d81d9c614daf	447	1854	78	40	who
72829dda-09e0-4ad5-ab78-162def667215	530	1853	98	40	stone
05bbff8f-4a03-4d26-a075-a9fe39407cc6	632	1853	73	40	and
34ba61f3-1502-4c73-9014-c094846b526a	710	1852	83	40	slay
fed95f85-ac78-4658-9fc8-b020409665f4	798	1852	39	39	p
782efd54-206f-44a5-9828-53fed7dc6fd6	798	1852	39	39	.
d758c1a6-487c-4488-aed0-48dfe6c13cc2	842	1851	98	40	shall
9a030702-a446-4092-87aa-a658d2ef00d0	944	1850	122	40	perish
499e5133-0f67-4def-9144-a756ca86aa2e	944	1850	122	40	,
3332f19c-6425-4ab6-8e4a-dd28173bdf43	1071	1849	93	40	144
e4e3b773-b0d6-485f-a8f0-400261c39c83	1071	1849	93	40	;
c05de77b-3499-4364-b86a-e5a01ce720da	1168	1848	93	40	false
41d3bb6c-68a3-4ff5-9ab3-c5936e80b99c	1265	1848	37	39	p
05f6a3a2-4e89-4434-82f5-45d2cbab326a	1265	1848	37	39	.
0e615fa7-1beb-4fb7-8c23-29f8ebc62796	129	1895	162	40	punished
cf3814d8-7b73-4146-82ca-0644fe9eaba3	129	1895	162	40	,
5f48321b-f768-4cea-a0f3-5fa9b644e59b	295	1895	95	39	206
4b04d012-69ff-4dbe-aeab-56be8a3daf01	295	1895	95	39	;
fc47c730-6110-4b16-abf1-e3eab49a2188	395	1894	95	39	holy
e7d967c9-eadb-4450-8d37-f64cd22999bd	395	1894	95	39	,
6606d831-02f4-434c-9de5-e2e550e2c2a6	494	1893	95	39	206
0d74ae4b-0f7d-4b24-a853-8e8c5afe4b51	494	1893	95	39	;
66c14e00-a6b8-433d-bdc2-0e09eb3533ee	594	1892	176	39	Benjamin
9e182d97-f702-4062-88c3-5eb9caa66c0a	774	1890	195	39	establishes
640d7d06-6feb-4cc6-bc68-2a43b5e78c99	974	1889	105	39	peace
47c03d67-af63-47ee-8b2a-c4ccf6743e25	1083	1889	90	39	with
16f535ea-2e59-4020-a8db-5641fbda7f0c	1178	1888	71	39	aid
17a7a01d-e9e8-4ba5-b45e-51e65567489c	1254	1888	49	39	of
f364fa24-32b2-43ce-aca1-0441418a863d	1254	1888	49	39	,
7d1d95cb-4a64-4993-abfa-8e0439b2b4bf	129	1935	85	42	206
b0eae27b-0b59-41e9-b3d0-2bee6c491241	129	1935	85	42	:
20274f6f-44fc-4179-bbb0-9e927d911465	219	1934	95	41	come
b5e0b854-a85e-492f-b8b3-d02124f63f4e	319	1933	120	41	among
53f4db8c-2ed4-495d-9942-782bad656697	443	1932	115	41	people
2126bd8d-f1f8-4880-b533-e95aeb092a9f	563	1931	50	40	of
eea3f191-91ea-440c-bd5f-015d1470bf5f	618	1930	115	41	Shule
e6af3d7e-3e53-4808-83e9-c3a2562e1be5	618	1930	115	41	,
81d1598d-6afb-4962-a63e-6136971a9194	738	1929	90	41	731
498b5a52-c1e6-445b-8e32-51c7fac1b8f7	738	1929	90	41	;
fd251f69-37ef-4686-933d-6f447504a0e1	833	1928	95	41	come
c38df120-c895-4b2f-9075-dd1032cfb5a6	933	1927	80	41	into
d9d7bb7c-453f-4f0e-baba-6d6d0b8d1e9e	1018	1926	85	41	land
3bdbd7de-294f-4033-81a6-9e4f1fbb927e	1108	1926	45	40	in
c1f4fe23-da9b-4fbf-8362-fc67f4c9f0a6	1158	1925	100	41	reign
0d9b1cce-93a3-4607-8df3-425258d48cb1	1263	1925	40	41	of
6ae0a003-593e-4766-aef1-26ed77b0e2e1	129	1969	99	45	Heth
93f27474-976b-471f-8c75-6332512c9dec	129	1969	99	45	,
4dbe821d-9f1a-40f0-a9f6-f7ed2798b81c	233	1969	88	44	738
6e9e9a77-9c4c-4d14-ae8e-06fbaa361916	233	1969	88	44	;
ff5c34e7-c52a-41fe-a6d3-2b6e946fe2aa	327	1968	99	44	come
102ca652-5d5d-4bae-80da-64eb0abe10ce	431	1968	44	44	in
b1c0bf45-a790-4fea-a24f-01633d4964c0	481	1968	94	44	days
fab3e51c-83d1-4b8a-903f-e64c14099065	579	1968	44	44	of
b2316244-1d5f-4d32-a26f-779d1cea4524	629	1967	94	44	Com
46ab391a-e12e-49f1-bd80-b5eae24bdfb6	629	1967	94	44	,
52d1983f-f9e1-48db-9f4e-86ff3fd66904	728	1967	88	44	743
41f9eb2d-8345-4c0d-8c07-aee900b9fc70	728	1967	88	44	;
6907b18e-3fbc-4347-8556-7ee5f09536a1	821	1966	72	44	put
f8ff5ea5-cc59-4678-9276-48e1c7f3ccc5	898	1966	50	44	to
4630dba7-e242-46f3-9f0e-3ec45cbe3289	953	1966	105	44	death
0f0d75c3-a1eb-4f4b-ab93-4f47710b74ea	1063	1965	50	44	by
7a791dc9-acf4-4b82-b463-5984e7c3134e	1118	1965	138	45	brother
0681027b-a250-43d9-b172-3529309bc316	1261	1964	41	45	of
e0a439cf-7581-4a4f-9423-44ec15b472b1	129	2011	145	45	Shiblon
94e6e515-fe9d-483c-8ad5-6c986713de4c	129	2011	145	45	,
bef92fb9-00f3-44ae-bd89-0e50abbb6ef4	279	2010	86	44	743
3b37219c-7db9-4106-8855-74219f2b8204	279	2010	86	44	;
f09d70a0-e933-46fc-a1cf-145fcd8c3999	370	2009	97	44	come
61973149-a5ee-4f8f-a5df-e03c0a132427	473	2008	49	43	in
799ae887-c224-46cb-ae14-4cc7811e3a0f	526	2008	92	44	days
e7898dc3-13ae-4fa8-93bf-e6f131d3d47e	623	2007	49	43	of
add86f56-9c26-4b44-9b9f-ff491305592a	677	2006	129	44	Ethem
5d57a34e-38d6-44c9-94db-bcb0a27c992c	677	2006	129	44	,
d6f12c07-30cd-4be4-8131-1fbf57b3aec8	811	2005	92	44	714
5ecec347-31ed-490d-912e-cc9f4b055b26	811	2005	92	44	;
55ce9d50-26b8-4846-809b-da936bf1fa1a	908	2004	102	44	come
e435e79c-668e-442f-a8d5-4767d325cd76	1015	2004	43	43	in
35716184-758b-42c5-871f-86466864bfeb	1063	2003	97	44	days
9019bda9-096a-4817-89a6-12f1c140210e	1165	2002	43	43	of
0e6b10ee-d8db-4966-bd7a-e2f4ce0d2bfc	1214	2002	92	44	Cori
99839d9a-9589-456c-bca2-f3d4ab3f972c	1214	2002	92	44	-
3098d6f7-319b-45ff-a928-bfa2e99dd3b8	129	2049	106	38	antor
6c967d2d-5ea9-4ccd-a7ec-12ec93ae1ee3	129	2049	106	38	,
6eca9f43-0c29-4440-9f46-47b09a73e8e2	240	2050	78	38	745
bdc2f836-35c8-4a31-afc3-4110a380a289	240	2050	78	38	.
