ID	X	Y	Width	Height	Text
820c5673-e85b-49b5-bbc5-484dec0a0f24	256	103	109	30	INDEX
170e7205-cd25-4a80-a164-294daabd540f	52	156	72	20	Numbers
e4c5ab5f-817b-4fea-8829-ccfa66bf4163	127	156	43	20	refer
7270e815-f048-453e-a1a7-bc108985d53b	172	156	20	20	to
1679746a-d303-4b3b-92c3-d0ccc994a7c3	195	156	45	20	pages
a7cd419b-b026-4d4e-b699-c647a86e952f	242	156	33	20	and
068e2338-7b4b-4e69-8c3f-96144cccbfb9	277	156	63	20	verses
f1c84d30-5b42-47a6-8247-6839108606eb	277	156	63	20	.
53576d81-26ff-43c2-a987-2205a4b278d3	342	156	48	20	Thus
e9fd948a-565c-4287-bd17-8e54ca84e6be	342	156	48	20	,
bc1bc877-dd6d-4a88-a67b-3d9f85309e79	392	156	50	20	189
cb393698-bd4e-4fee-9a04-8d1034071121	392	156	50	20	-
dd2e26b4-4354-49f5-9fe4-898dd1b9686f	392	156	50	20	34
4084a059-674c-481e-9f06-afe44f652bd4	445	156	73	20	indicates
2ef4ecbf-df24-4a4b-9511-bd7d79a6aa0f	520	156	38	20	page
0b000f19-d39a-4684-bdcc-ddd3d943ef7e	560	156	34	20	189
10ab206e-7522-4cec-aef7-f82697c81cac	560	156	34	20	,
d1dfe590-5bd7-41d6-92bf-00b6fa50fce6	26	174	32	16	and
646290a5-0ddf-4e0f-8e7a-66d6a960a0a3	60	174	44	16	verse
cadacb5b-1fc9-4173-bda8-9baafe7416f7	106	174	22	16	84
a0b38930-692e-43bf-bc3f-7575d7b233df	130	174	22	16	on
9c9bbe38-c16c-4e1d-b7b6-d2e00d660c22	154	174	36	16	that
8ed38fc8-89f8-4e14-ac84-816fdc148aa3	192	174	42	16	page
4488919d-da1e-4211-b1f4-e3faae529d2c	192	174	42	16	.
ee1615c5-e991-45c3-952b-6ace2e6fc2e2	246	174	20	18	In
1bffbef1-7de8-48e1-b52e-ba8ea1a623b3	269	174	63	18	general
2b34a60a-15e0-42ef-932b-6fd93e080b2b	269	174	63	18	,
6033728f-16ca-4fc0-bdc6-55643dd87c7c	334	174	29	18	the
65e0aa24-6df9-4cdc-8487-3923f79f8b97	365	174	45	18	verse
343fb45a-7dbe-438a-adb1-13932f96babf	413	174	20	18	in
d56c7670-015f-409d-8967-fd9a6aa4c65d	435	174	50	18	which
1db3a29f-3558-4479-87b8-311b5a0c515c	487	174	27	18	the
4003dd51-4fce-4d59-95ba-6a7e44da346a	516	174	76	18	beginning
fcdf6e65-2286-49af-a91d-55a3c4798984	26	190	22	18	of
b34ee7cd-9924-42ae-b23a-d6678b1e08aa	51	190	27	18	the
1e7f1eea-19d5-4114-bc10-8feaac85a985	80	190	117	18	subject
194765ed-a670-4e1a-9fc5-3ca180095fab	80	190	117	18	-
7a9092b8-de2e-4f8e-83c7-68c978a89476	80	190	117	18	matter
47f2fba0-de3f-4ee8-92c8-6de248190c8f	199	190	54	18	occurs
39ce51b5-4d3c-449d-999b-96fb7f4a67b2	256	190	18	18	is
733d16d9-cd58-46f8-b5fc-ce1e0722b444	276	190	29	18	the
0a57343e-65a2-4313-9cb0-db1ea6ff1371	307	190	38	18	only
e1db7cc7-f507-4704-9614-92dadbcb24c1	348	190	32	18	one
4130823d-7220-4c68-944e-8e53d85f4167	382	190	75	18	specified
39d1e7b4-0963-4f08-aefa-833ee90cb723	382	190	75	18	.
965b09d1-3401-4325-96bb-638f7a721314	28	230	54	14	Aaron
c7fae331-54c7-4750-ba53-7bf88dc43deb	28	230	54	14	,
4e8f8c39-1cce-4c63-b87b-56e4cd096249	80	230	31	14	son
4479b16d-9ac3-40b2-952d-0409a277e0c4	113	230	21	14	of
fb676650-e6c7-4ef9-b76d-2cf8bba1b4f1	136	230	56	14	Mosiah
c47c5ccf-09d5-40b0-8d7a-18b1093c9ee8	136	230	56	14	,
8f557a8f-5605-49f6-bb9b-18e325ac791b	256	230	50	12	словет
f9f0639f-4e48-4943-b55c-9e9d7235c82f	112	242	54	16	people
9a17d9cb-d79a-49dc-b1c2-5155ad00f85d	112	242	54	16	;
f6eabbc2-d827-4a40-b930-33de0c633792	178	242	52	12	refuses
4ad29e3a-af97-41e7-8818-3160d74b9d1e	196	230	34	30	uses
f6aec99b-4b7e-4846-9825-806dd70ecc1a	233	230	73	30	kingdom
43525061-4471-4d54-af72-1b2386615b93	114	268	50	12	among
9da77c89-68aa-4c15-95e2-40777eb8b279	174	266	76	17	Lamanites
e1294a9a-833c-4328-bca7-c7eabd558d70	174	266	76	17	,
0850cdd2-6e13-4549-8833-4d0aa2e2108a	108	280	78	14	atonement
18c85eea-159e-44ca-9200-a00a04ae613a	108	280	78	14	,
32d8b3ee-6e64-44cb-a57c-41e0a680dd7b	36	285	67	24	Ani
d1aada62-ffc9-4e09-8487-498a1a91ffb0	36	285	66	24	-
67fbc19e-2bc0-43a9-9520-6865fdaf721d	36	285	67	24	Anti
52a471c0-989f-4ac1-87d3-61459f620d41	36	285	66	24	,
66a4a686-7761-42dc-8f35-659decf19df8	104	284	50	23	250
3b309aa9-b837-40fd-b8e1-5cfc821d55e0	104	284	50	23	-
528f01fe-5259-4a54-b6e4-89ccadc5b7de	104	284	50	23	11
1f304aa1-efe1-4b46-93a5-b35d4ad2bb5c	104	284	50	23	;
03506d7b-275d-46ce-abf0-30896fa84b8c	157	283	31	23	goes
86a78bf6-adea-441d-9e7f-52a633538bcb	190	283	17	22	to
9ecbd328-1a88-45b1-89db-003d8a3981ca	209	281	61	23	Middoni
77545af2-93b7-4e8f-bcee-6c099af72ced	209	281	61	23	,
14c64d3b-59ed-47cc-86d9-d6d8ad11010e	272	281	28	23	250
6caf70cf-06d0-499c-b9a3-f0a77a79f1fa	272	281	28	23	.
c504a6a4-b772-4744-92c6-52eed6f8f96b	124	302	14	28	2
cd87cbe9-cdd3-4c6f-a68b-54a0caa29f12	141	302	35	28	0
af320ee2-b9ab-41e1-891e-d613a2241ad7	141	302	35	28	-
db885c73-174a-4521-9de1-cdbf3029a045	141	302	35	28	4
aa680330-98ae-4a13-9c16-3dd10f247500	141	302	35	28	;
b44a74c9-2c8b-4547-a972-3d208d4a808a	180	302	45	28	pland
9fe1dbbe-66f2-4929-8ca8-4f8c8834f3ce	180	302	45	28	,
01bae1ea-7f4a-4970-b639-a1c19e05e51a	229	302	75	28	247.23750
d683a1ba-f051-4f1f-ba09-a7c37fba15a9	229	302	75	28	-
861955ae-26c4-4a1f-a774-60f02d442741	316	230	74	14	Abraham
5dd286c4-74b3-483b-b16d-73c71657944a	316	230	74	14	,
60fee96f-7997-4d55-a8e6-181be8d67e20	326	242	52	16	102
6f3dfd7a-894f-4815-bce1-d6a2dacb02db	326	242	52	16	-
4119dda7-29fa-425b-a969-05dc32cdffb4	326	242	52	16	14
bb5404ea-d885-499b-88ed-7f4c1a7ff0d2	326	242	52	16	;
f17cf68c-cb79-4311-b402-263f9e331f9d	386	230	66	28	cindant
de9557af-edbb-4e66-81fb-2a4e4815ac24	456	230	35	28	with
324026c0-8522-41da-86a8-65da70809836	494	230	45	28	a
f77e823f-0a61-43a5-8e4a-d7a07117d052	543	230	51	28	sed
421f8ad1-b308-455a-8a1a-e5c9ef15deff	390	242	60	13	kindreda
4d8e253d-c9b7-4df5-ba39-c25a3cebbe7e	490	242	38	14	earth
8e60ef2a-92af-42bb-96db-7ebd1476915e	438	254	40	14	47
acf1c86a-2e92-46ed-ac8f-331b31c367ca	438	254	40	14	-
69220d9d-51e5-4146-bf22-cd964c27b9ab	438	254	40	14	9
799b1b56-ed4e-4983-9481-f3c94da7e0bc	438	254	40	14	,
d613e155-3bcf-4058-a1b1-52e8054f4463	480	254	56	14	440
2483629d-25c0-4680-8563-e2f7e5bc7a9c	480	254	56	14	-
cab1655c-75f5-495c-a0df-2f92e13bd9c9	480	254	56	14	25
e4a6ac4d-ece3-46ac-89fa-de381d7fb790	480	254	56	14	;
b1773776-6e77-40f2-bd63-232f1e8c7b15	538	254	32	14	God
40704cb6-b0cc-4e0d-89cf-e3d624e0e842	550	266	42	14	simil
830b495d-630d-4d90-8847-0d7df35224e0	326	278	42	14	itude
aa279ce7-fe7b-4c73-91d0-18ab2b7c3c23	370	278	16	14	of
27b03b54-45d1-4871-a480-5e95b4d88b28	326	292	45	12	tithes
b5bd4f06-a8be-40e6-a37f-34abfc1e8191	326	292	45	12	,
c36299af-5d27-48a5-a02d-6ff1f74f7b57	372	292	53	12	229
60ee5c1a-9950-4557-82a9-7c381481ff2b	372	292	53	12	-
6b8c7e8a-d5e6-4152-89d3-c84bcd15b8b4	372	292	53	12	15
73878cb7-4ac1-462c-ab9a-f40369068419	372	292	53	12	;
acbd338f-6260-4b73-9a29-9edd038cec5b	426	292	30	12	saw
39b3bb5f-3dcc-41a9-b064-7242bdf3fab5	458	292	18	12	of
7a4c273b-7b29-4283-a335-f8fbd783c050	477	292	57	12	Christ's
1fe57d96-5ab0-4262-abfe-6bbb77cd69dd	536	292	56	12	coming
70ddbce3-bfb6-48fa-b0b2-6c034f12344a	536	292	56	12	,
4ca56ed7-8075-4017-8364-b3754187ea7c	318	314	84	16	Abridgment
9ff0fb5d-403f-48ef-a0e7-92b9b83f163f	318	314	84	16	,
ee4bde27-a78c-449d-abcb-58ffea7bc4cf	404	314	16	16	of
d413bc8f-f8a9-48bf-899f-43570b27915e	422	314	46	16	Lehi's
5b915f9f-6395-49d3-9557-ef628006de6d	470	314	50	16	record
5a9a1f2e-b8ce-45c8-9669-543355d02d3b	470	314	50	16	,
3cac1fd8-ed37-43d4-adce-9784295d25f7	522	314	22	16	by
79fa48b8-53a8-4f0c-b1b2-187000c3b176	546	314	46	16	Nephi
248b9929-fd61-4f08-970e-cccc610ad99f	546	314	46	16	,
d3fbb82d-121f-499b-aa81-41f03d9bbde9	366	326	18	16	of
0f86b1a7-66ca-4057-865f-1c28bfda895c	386	326	46	16	plates
86cf3f07-608d-4149-9d83-125a3b1a9212	434	326	18	16	of
162cf2f3-3ef2-4182-b05f-aea86ff4e50f	454	326	48	16	Nephi
9c9cb055-68bc-43e4-a3d4-17fbe7983221	454	326	48	16	,
b201c2f0-c6c7-4d46-9810-f094afcfc8b7	504	326	26	16	by
cd688fdf-c6ec-4555-bf8e-ce91cf1c8496	518	340	52	16	record
4099dcfb-e3ea-4bb4-a3bc-0dba23e4080c	518	340	52	16	,
b0d91825-fdab-4017-a72c-fd3c089cac39	572	340	20	16	by
08ed99c2-c350-4ed7-a496-4a4f337ec17b	38	352	58	14	Ammon
02c35ce0-41a8-4f01-84f9-0e7cd3a3ca21	38	352	58	14	,
79310af2-4a0c-4a3f-b6ba-c92a7c523411	480	352	52	12	509
c05a6d9b-fa2b-46c2-afbf-01d3c762127f	480	352	52	12	-
e85ba636-dbbe-46e9-9290-11ed6e32330a	480	352	52	12	33
c2c72219-e178-4245-aa74-c370089c61d4	480	352	52	12	.
c367f253-99cf-4ae5-a2c6-c812c05f4339	326	352	35	28	bye
de2daffa-584a-415c-aa97-e8bc88a5306d	326	352	35	28	,
77099772-c2a1-4553-a47c-f87e54de4a12	364	352	35	28	24
05326ac5-7bbc-4bef-830a-df338a4537d3	364	352	35	28	,
4232144d-8cf2-40bc-8885-bfd15e291cf1	403	352	17	28	or
c0304794-82b0-4368-8f8d-2c5d65e2ec4d	424	352	59	28	pitilla
8b8f9d6a-c135-4652-8562-7a35e6061b86	487	352	70	28	darkness
07711a0d-86d7-4ec2-9c1d-7e8ea53fe910	487	352	70	28	,
df90152a-413c-405c-9f80-fc5245802783	560	352	32	28	188
e1451c2f-34da-4fbd-8322-9b455c36b5e0	560	352	32	28	.
4519c633-a2ac-4bed-9158-f5ec993d3295	314	364	35	28	129
db1ff826-a0e9-4f18-b8f5-6f9edbd09335	314	364	35	28	,
853c38fe-73cf-4b06-9d84-bbed11832a06	352	364	44	28	261
183bdc6a-556e-445e-bb7c-96898ab84d19	352	364	44	28	-
58aa8391-3957-4c59-b4a7-86b485995046	352	364	44	28	5
d5b1bef7-15da-4b74-8059-a21aa3756372	352	364	44	28	.
cadf6dea-8690-4670-958b-a72096496890	316	390	60	16	Account
c450aa8d-e07a-4b61-9a54-defce8cd804a	316	390	60	16	,
62bebbb9-1873-48e6-8c50-03a9b06e3713	378	390	38	16	made
e04be1f9-454a-4c67-a4f6-4eebf92589ed	418	390	20	16	by
74863ca7-f1cf-4218-bff4-a8f56c03188d	440	390	44	16	Nephi
251e8bd1-fd9c-47bc-b00b-a1265a63b9e0	440	390	44	16	,
92f15e49-569f-404b-bc32-faf3e100747e	486	390	36	16	2
cee6cfe7-9f53-451d-9c7c-1c39418a02a4	486	390	36	16	-
7985f719-ec4d-4eed-9811-d4c430ba3144	486	390	36	16	17
fa6f8dea-0964-4517-ba49-9cd1a1c6c029	486	390	36	16	;
b8861c4b-fe17-481b-afd8-9dc64fea25b4	524	390	20	16	by
29f14b9f-ada1-437b-b8f0-8d4cf7dfd6fe	546	390	42	16	Zenifi
b3880911-2b1b-4933-96c7-d039ed72b21c	24	398	48	32	Aaron
fed6bbbc-afac-47d4-9a52-ed8a122e2976	24	398	48	32	,
56c87095-99a6-450e-a466-232b08055c68	76	398	20	32	i
f8c5a670-a3fc-4852-8fca-9c647ca58937	100	398	32	32	or
5579f456-6329-43fd-aadc-f984df7904b4	136	398	28	32	ar
7db66d94-5737-4e2c-8c8e-e51cf2ace3d9	168	398	48	32	anite
396c64e0-e54c-4506-9117-401f82e45b59	220	398	60	32	destated
5a9847e1-f5ca-4658-97e3-100ca12ed5f4	284	398	22	32	by
5a7301f0-ff70-4d6b-927b-456d964c6cea	382	402	42	12	Alma
fa4e3adf-1e6b-4c3d-af53-c09de6ae3eb8	425	402	28	12	and
c175c431-c6a7-4d9b-9125-fc3256142517	458	402	27	12	bis
cca4b005-f5f3-4ec7-bb68-09440c9a8c7c	487	402	52	12	people
83df55f7-a5f0-47fc-956e-360a53e858da	487	402	52	12	,
f1693173-5cb8-4d81-b308-80c840e5e5e9	540	396	33	22	178
9fcb8b10-ca78-416d-9c3e-329bad45de45	540	396	33	22	;
3e7be985-77d6-4f07-8044-2337edae9637	576	396	18	22	of
6ae9b89d-5e5e-407e-b989-6968797d1eec	36	412	40	16	army
3cdc425e-068d-4717-b744-4ac06d5bfd20	78	412	22	16	of
a3b5c81f-8228-4e56-8773-17411825b399	366	413	21	16	of
21b53d6c-8f62-4e88-a57a-19882cc9f92d	388	413	60	16	Mosiah
4f68e440-e21b-4c25-9965-2fa00b5618c3	388	413	60	16	,
2b454d52-a4c1-4420-89f5-f03d14a76333	450	414	36	16	2376
c89c47e0-46e6-4539-8630-c99979343177	34	426	38	14	army
9c49bed6-133c-4ca8-b6f9-459e1e5ed0a0	74	426	19	14	of
521fb8d9-21ba-44f2-8708-1d07f0288824	74	426	19	14	,
5769eb31-e4e2-4add-92a4-898de29c2157	95	426	49	14	519
c2473265-9f34-4c96-a57e-7bb112ed6ef5	95	426	49	14	-
91b873bb-82ee-4239-8616-912567aa20d0	95	426	49	14	17
4f0b91c4-60b5-46f7-8a84-f13d31a9e471	95	426	49	14	,
cb8ebe8a-8957-467c-a1d9-55612961f821	488	414	24	12	of
680ade73-2821-412b-a019-20473147d18d	514	414	51	12	Aaron
c1688eb6-891d-4d09-9964-247965862678	566	414	26	12	and
e7e609f5-d801-4246-8383-dcd467f7e7d8	390	426	35	14	249
67914917-1517-4b9c-b350-31ac7dd5d9c8	390	426	35	14	;
3969872f-4d35-4425-ac23-3dbccb35384e	427	426	21	14	by
9162203a-f8a5-48cb-a835-6df48df06a66	449	426	68	14	Helaman
44cc37c2-8a3a-42d9-80e5-ca7699b3f6ef	449	426	68	14	,
56e278c6-a08a-417b-8845-baf5fec2d009	519	426	27	14	307
5661ecb1-5b3d-4dfd-8cbc-d3b47299bf86	519	426	27	14	.
eba3b902-ab31-41a8-b3ab-7796c8a26067	24	438	38	28	Аго
9ebc53b0-b25c-4d2e-a38e-087aa163af6f	24	438	38	28	,
9e7eefdf-9e5f-416f-a1fe-56104a1f798e	66	438	63	28	374.2
9d83d2b6-ae18-4872-81b4-18806473cd51	66	438	63	28	.
09cb3b70-b836-469a-839d-0ae91ffbb631	132	438	49	28	214
050ec89e-5ea6-496b-bfe1-970811a8707f	132	438	49	28	-
b4a7856e-b985-4245-bf2d-d390f98327e1	132	438	49	28	13
508be464-e080-4dc6-86d7-2ef177661fd9	132	438	49	28	,
2d59505a-dd24-4fe8-9352-a64cfbd1884f	185	438	49	28	322
38266f48-b186-4def-bd6b-437709bd42fd	185	438	49	28	-
d670a16a-477c-444c-baba-51bcf14e47e3	185	438	49	28	14
46ed3c6c-27d7-4ff3-8f04-cb2dd35bf449	185	438	49	28	.
3ad231fe-b166-4fb2-a8dc-79f8155832e3	316	436	87	14	Accountable
ecf2d81a-6d11-45cb-b003-24039d8857a3	316	436	87	14	,
122a7fab-b444-4637-ab67-7c0b13d1d237	405	436	56	14	baptiam
2e104dcb-6e03-4e0b-b25f-7032220eedb0	463	436	23	14	for
e251533a-e3ae-4d3c-9497-78a54a4f6ed4	487	436	38	14	those
58c71c69-5f3b-4d6b-9b9f-eee46215df18	528	436	33	14	only
8fc51f07-8c96-4e56-b14b-f5813f9ca86c	563	436	29	14	who
4ffe6394-1821-4bd2-a668-17b6b60529f5	326	448	28	16	are
cc1a0f70-63d5-49a7-b152-026937abde20	326	448	28	16	,
c744acf1-f274-4b72-9d24-7ecc096653ac	356	448	52	16	516
20324ea8-5ebe-47b8-9358-e13199cb1656	356	448	52	16	-
dd50c2b1-0fe5-4b82-8cb1-dd449c242e27	356	448	52	16	10
07bbddf8-28b5-4518-be70-b90af1c7d912	356	448	52	16	.
59a381fc-bba1-4a07-9bed-dea04f34fd36	26	460	88	16	Abhorrence
eb376397-3f70-4248-8393-752475f55867	26	460	88	16	,
500bb0d6-1d6e-4b42-a883-bded235225b2	116	460	26	16	sin
6d0a0dbd-3c7d-48cb-9d9f-a3136f2b3eb9	144	460	50	16	looked
2a88f89b-da8c-4d6d-8405-6ee27c5b7b07	38	474	24	14	the
371f99a4-39ff-4927-8fe7-f8fedd51f64d	64	474	74	14	righteous
dd437d3f-21be-41d2-8fe4-5509b55a6d01	64	474	74	14	,
8aae0da7-03df-468c-8cf8-ee470366e85c	24	486	60	14	Abinadi
487088af-23f5-4507-8b96-040806ddaef4	24	486	60	14	,
12e0d2b9-6e72-45dd-86dd-11c04698662c	94	488	68	12	prophesies
2338a8f6-7732-405c-b930-31f74d038336	118	510	52	16	159
8d24e761-78ab-434f-a12c-6f53cc3b1aac	118	510	52	16	-
46ba8c0e-0c74-4a27-b67d-c23dae7f829c	118	510	52	16	16
99446186-4065-44f6-8367-c847fbbed54a	118	510	52	16	,
bd6e4a11-8d26-43e7-bf82-439acdce4a64	256	498	48	12	before
47fe47ba-1f45-41d0-86ae-c68bd599cde0	326	486	42	12	485
015bf4af-0c73-43bb-b75b-8fa2d479a1e1	326	486	42	12	-
168e2b18-59de-4731-94a5-f10391f67721	326	486	42	12	8
7cb5ee63-2553-4985-9e86-a63599d5aac2	326	486	42	12	,
c583db8a-32e8-42c0-9cb1-de2c95bc4a11	164	510	8	16	,
6b8890f4-ee78-4334-bb9b-92bffbd16345	174	510	44	16	166
f78bf2f8-744c-4788-a2ff-432d1383efd1	174	510	44	16	-
f73cd09a-f043-4a91-b7b4-f68945a92b8e	174	510	44	16	6
c17a9c05-e623-471e-95da-71f765782ec0	174	510	44	16	;
4779aea8-5d2a-4555-b0ec-221958e484e3	220	510	80	16	imprisoned
48aac8e0-ebd6-46be-aca1-53bf5b505cff	220	510	80	16	,
b1c52e9c-24da-4b9d-a15f-7584775c01c8	250	522	52	15	159
8ccce7e1-b199-4c87-b868-d0d4428d875b	250	522	52	15	-
c6974956-3123-4862-b0ae-9b79a6b59ca3	250	522	52	15	19
81406f87-2523-4425-a24b-176055f7824d	250	522	52	15	;
16b0ff7a-1cc4-4556-bde7-399d0754b074	312	522	48	18	Adam
994dbebe-9944-4491-9f29-28a01e0785ba	312	522	48	18	,
9d35d8f4-747c-4cd9-abbf-737f70c736c7	498	534	46	16	68
6ea559f6-2bca-4dd8-bbdc-ef89dbb61b1d	498	534	46	16	-
6551d7bf-373b-49c9-9aac-e8409afd80ae	498	534	46	16	21
1192839e-6fa2-43f8-bd00-302e53b96acd	498	534	46	16	,
4507013c-d4d2-4a85-a808-b6fed29b687e	546	534	46	16	142
9695cd0f-4eb0-4314-8310-7bc611310df1	546	534	46	16	-
8596dc58-ac42-47c9-82ed-fe7d83bc76d2	546	534	46	16	7
29dc8207-af2e-4a52-adee-188cd4fab3eb	546	534	46	16	:
1ac93a95-4d7f-441b-8f8f-b4f283021ebc	36	560	30	16	13
a789ea19-7b4a-401f-b88a-53d75a630410	36	560	30	16	;
0cd005aa-bed2-47cd-84b5-f2c5bbee2d1d	66	560	36	12	face
250c1cc3-d59d-4ce9-9c22-786cbf849dad	268	546	34	14	161
5717f04a-c218-48c7-bc03-e05fa9252874	268	546	34	14	-
e5e3202a-821d-4576-82f6-142230b76ca6	72	548	24	28	ace
910e0a5c-2800-48d2-a3ab-d5fd3c817641	100	548	31	28	com
60357689-0185-4274-b3f7-76161bfb0068	135	548	49	28	minds
68b6cc1f-9851-4612-9cc5-a2282a12997f	187	548	45	28	160.5
745a056f-d040-4800-8495-15bf290c2b92	187	548	45	28	;
a322b0f2-ead9-44c4-8590-935d2d52b8fb	236	548	66	28	preaches
b2a7f717-c028-4976-82f4-9e8e8d548482	134	562	48	10	shincs
3e29a858-eb53-4369-a02f-682c65b7baea	134	562	48	10	,
5bb68070-813b-4e88-9d67-3a74c559d6ca	382	546	73	28	partakind
0f633433-3072-4477-9cc7-841c3040eb32	459	546	39	28	iron
a555fcb6-5d6b-4670-83dc-4537f0766e9a	166	572	59	12	foretells
4c7aa6db-e20f-4360-8762-117bb04d95d6	226	572	74	12	crucifixion
c8aabc08-b9ba-4940-b11a-54f649457782	226	572	74	12	,
e59bda86-4100-4d95-b30c-7b7965fa432b	324	560	28	28	tree
30ef7362-03fd-4459-b368-f4bf882addd1	355	560	17	28	of
ba8d2965-325e-4e60-aa0f-0b5cfb79636b	376	560	28	28	lie
d25ea0f4-41e6-416e-a57f-3fae90bf648f	376	560	28	28	,
c145e3f9-764e-41e0-88ec-5a36a5b2f497	408	560	42	28	tas
b212ff0c-a35a-41a3-b68a-a762baba9ba4	408	560	42	28	;
086e3456-b8d0-4c53-9994-1c2fc867d3ff	453	560	56	28	account
cf9c4896-177c-4576-a432-d5a116b81585	513	560	17	28	or
1000e79c-bd3c-4ce1-8ddf-8ce23485d4f1	513	560	17	28	,
3918bc83-ef5f-474c-bbe1-f11f8da2e405	534	560	17	28	a
b201734b-31b0-499f-8cc2-a49b29b02097	555	560	35	28	fare
fb07bc9d-9401-4066-8fff-ade576782787	555	560	35	28	.
02d40a02-88c1-497c-a983-b99b93d15079	36	584	62	26	preacher
55648b4d-7fd8-4dfc-8a02-96ed658bea64	101	584	78	26	redemption
44088e15-cfff-4ad9-a390-7425c3ff3097	182	584	16	26	an
0a175955-eda4-4b08-b5d8-183f72210c58	202	584	100	26	aticetion
d696472f-b639-41b2-91d2-c85365295225	202	584	100	26	,
8a5b74df-46b6-4381-b4d1-89e7c205f121	312	594	42	16	Adam
6c67432f-eeb1-4620-91a2-19d8b91ae5a0	538	596	54	16	contain
478d050c-a7aa-4015-8eed-a4c6d0620a8d	36	608	44	16	165
2462ed61-8c3c-4ec1-ae77-5eef599eb4c0	36	608	44	16	-
f45a5834-b0fd-4b09-8c14-98e23f32693a	36	608	44	16	6
f99d4008-2785-47db-b6ea-cfd9318cd190	36	608	44	16	;
addfc973-3151-4649-8d9c-545d94234fc8	82	608	78	16	condemned
4a506035-2249-4e66-a979-d5c039e82e8f	162	608	20	16	by
a7433ac7-2c80-43dc-b6fe-4eafa35cd434	184	608	42	16	Noah
2d7b8259-eacd-41c8-a349-008bb3f259cb	184	608	42	16	,
62aea894-7bbf-4493-b44e-e7233340c011	228	608	42	16	160
898654b7-7a3a-4b3b-abaa-a76e9bac9326	228	608	42	16	-
16693aae-fd80-4de5-bb08-f9d2e3d8a0f6	228	608	42	16	1
eafbba46-100b-4c99-bebf-c09d3b8adcf7	228	608	42	16	,
587a4ac3-b268-4c44-9171-ccf8f2f9e368	272	608	30	16	166
71299010-71ca-4ee9-a11d-2cee12b7ed75	272	608	30	16	-
4a235fbd-2c1c-45e5-87db-833979e9202a	530	608	42	15	54
9678f031-19f1-4435-a330-24edeefb5c84	530	608	42	15	-
c34dfa95-0be9-4942-af9b-7d3b22564a68	530	608	42	15	19
4095e92a-20ce-4d39-adad-0bfe440fd639	530	608	42	15	.
530ef8b1-1c57-4126-93b1-1b7b3f3b3bd7	38	632	54	16	167
cace9901-f6e6-4f58-bac2-7277ec590dc0	38	632	54	16	-
4c77a6d4-9951-459a-88fa-dba1f02c1f33	38	632	54	16	15
eb4d6194-19f3-409a-9646-0e8f877d0920	38	632	54	16	;
20021b67-49a0-40c9-9468-e893035895d0	54	620	75	26	•
d6c7edb7-8eed-4ce1-b5ac-82ad7ebc1c8f	54	620	75	26	sphere
d3adf28f-bfca-4b56-92ef-6e4b63b4610e	132	620	45	26	darth
4460c6bc-7e4f-4deb-8e62-d2f980213aa7	181	620	19	26	of
1b1ebc31-8e50-416e-ab9c-6139e59b45f3	203	620	45	26	any
1a23f688-5b1f-4496-9640-259ca2c6df57	203	620	45	26	,
cc62de32-0c53-4426-92b5-4759ecb963c9	252	620	50	26	16A15
91e9d243-dbb1-466f-9599-1832e592ac2d	252	620	50	26	,
714a6bc4-2db0-4463-bf76-268c20a0c13b	458	610	37	10	their
37e4a66e-800d-46fe-ab9d-5a59d6f43dd7	497	610	27	10	fall
674c8bd8-bbe7-4b98-a295-df356bce8418	497	610	27	10	,
c033ca9b-c90e-4399-89ec-2b4349f75c5c	400	618	16	18	of
6d05c5bd-4155-4236-90d9-74930c8346f4	418	618	25	18	the
f71c251f-ed01-4cbb-bcb0-cd091ecf7338	445	618	41	18	Lord
5c9ba84c-6b5a-4b6d-b5ac-cadfed0868b4	445	618	41	18	,
e48d2fde-5597-478a-b971-917b094c40be	488	618	43	18	58
ab3ba0a9-092b-43a3-ae42-39f24c65172e	488	618	43	18	-
f6e0ff9b-ef9a-448e-9b00-1b30a214d76f	488	618	43	18	13
4489fca4-0405-46a8-ac82-44791732acdf	488	618	43	18	,
945e166f-1282-46f5-a59f-189b9577c8ce	533	618	37	18	125
b9457c55-00e8-4c37-b781-ffc734f7d67d	533	618	37	18	-
14d00024-eb28-4483-8018-062d9ab1cb1b	533	618	37	18	1
31d84fa1-995e-4d97-a67b-30c1e63d0817	94	634	37	14	first
c01885aa-1646-43f8-b610-b602f3af14c3	132	634	54	14	martys
96f0847f-0ca2-410b-be06-88d4b7e94432	132	634	54	14	.
48f5a769-041a-4f24-8b6b-33ea0404742a	398	634	36	14	most
4eb7d9ec-9e15-424a-8de6-f2b8b4b158ef	38	646	52	13	260
65a68d22-33ea-4b4c-869b-17c1a7254e51	38	646	52	13	-
a477fdbf-71d6-4b5d-a38e-1e095ca549c2	38	646	52	13	11
a47f20b1-fe91-40f8-93eb-1ebb7bf09765	38	646	52	13	:
74b6196b-8fd0-4041-8968-f9756f3630df	96	646	48	13	means
cd5e12b0-e059-4c09-915d-281b9f992951	150	646	16	12	of
6f200f92-8203-4d88-8dd8-07b716c86d20	258	644	46	16	Alma
c94e8f46-6d2e-47a6-9667-b9e2082de2ad	258	644	46	16	,
b49693dd-9fc5-4686-a835-f4d2fc07ec60	38	658	54	14	185
5135380a-7168-4524-9183-000924c7f3da	38	658	54	14	-
820a5a1c-89f8-4499-8abf-9d6036c1b35d	38	658	54	14	15
d1ce9601-7284-45fb-961a-ac376bfb871f	38	658	54	14	;
7e91018a-59cb-4206-864c-074b0649fee8	90	656	46	16	words
85b92465-7f0d-401e-bf46-313b50947185	138	656	20	16	of
72e47f01-3a2a-4813-a58d-1f7d294cd26b	138	656	20	16	,
c22701ea-6e35-4795-acbb-3072291895b7	160	656	60	16	fulfilled
61754465-dfb9-4f4e-9585-64e5fc8d7b12	160	656	60	16	,
4c7ebf0f-6a5b-428e-9c84-02d3a7707684	170	646	49	28	LiGAd
3fb00982-b2e6-4bda-9121-0201417d6ef7	170	646	49	28	,
2ae990b4-3919-439f-bfd3-a1ac788a417d	222	646	49	28	923.21
66de31b7-5fa1-40d1-a029-2ac06f8b2d4e	222	646	49	28	,
925323b6-36ac-4514-a112-88737c03d8f7	275	646	29	28	260
4a913086-8993-4b56-82c1-d9b64e94f0b5	275	646	29	28	:
69da14a1-ab11-4700-af3d-d9f68ab442f0	436	634	80	12	abominable
d3224575-b2c9-4cf9-9092-25e885345f14	326	646	65	26	(
0e942fed-db3d-4d27-a65e-5b2a412125a7	326	646	65	26	verBary
01d57e3d-0d23-4e40-95e3-b3bd3e349a32	326	646	65	26	,
c3e28a07-8577-435c-b7df-911780fdd8a3	394	646	29	26	coc
befe822a-559e-4840-a224-4f64ab386a1e	394	646	29	26	,
f839239f-f89f-4958-99b1-5a273132f211	427	646	45	26	20
54724566-54ad-4c90-9d8a-4a1040cae8ff	427	646	45	26	-
a94f82ac-58c9-4549-98f3-e4c3d749fd0e	427	646	45	26	24
f7a8b6e1-fdce-47ca-b3eb-7ae412663c29	427	646	45	26	,
aaec688f-59f8-41b7-b3d9-a6bfa02409a2	475	646	37	26	224
977f5274-0844-47ba-9eb8-4b590facec74	475	646	37	26	-
1d84ad97-3e68-4f51-b848-415cc185669d	475	646	37	26	5
f12bd2c0-f66f-4655-91d2-b1d918f790dc	518	634	28	12	bin
202ace0d-619f-410d-bfff-e30df6e87d7e	518	634	28	12	,
3a4d6bbf-3285-4546-adf0-84f2cb9da980	548	634	44	12	293
83e63fd7-8a6e-4701-9c23-05c303300e9f	548	634	44	12	-
741224d6-70c3-4122-821e-7fb9f8595131	548	634	44	12	5
4205fc35-4e1f-43d4-90bc-94d53db3a173	548	634	44	12	;
1d7e5d42-6f86-4ce1-b8d5-d89216dcfa52	448	646	48	12	236
7b2f7ab8-c73b-4886-a2ab-4cf297cc403f	448	646	48	12	-
a88670a7-561d-4cf1-adb2-4967d7ffd077	448	646	48	12	18
be1782c6-bf50-4fb8-b567-95a8d78350f9	448	646	48	12	,
78e76f58-a899-464f-b90d-6f82c0d79368	498	646	42	12	255
feeaf85f-3db0-4c56-be00-29a02f54eea3	498	646	42	12	-
3439490f-bf8e-40f8-905b-fcadea58aec4	498	646	42	12	3
084a03ef-ba2e-49b0-8552-23c4f2259b67	498	646	42	12	,
f402794f-62aa-4c64-a39a-973418724606	541	646	51	12	425
451629f3-66e5-4f2b-b6bd-41b805272ee2	541	646	51	12	-
b1a2b24b-3132-4fb4-909b-af1ec6cf00a6	541	646	51	12	27
ad62e3c2-1bcd-4ec9-8eee-6e48047dcb68	541	646	51	12	.
e8172aa1-1eeb-47f8-a5d5-159a7de0a395	38	670	13	12	9
659aa30e-30bf-4549-ad3e-4906ae8d48c6	38	670	13	12	,
c9c90212-7407-4e76-8b85-ad25fcf525d7	53	670	51	12	461
58b529ab-1569-480a-b3a3-45c687fbd284	53	670	51	12	-
ae200934-e09d-4f8e-b46e-36edad0bb10d	53	670	51	12	19
b9a561cd-1c72-477d-8fb6-d68abc0dd43a	53	670	51	12	.
5317b289-cae5-45d0-a944-76a3f9927684	305	656	83	24	Advereary
1d903162-e893-4fa5-92b9-a31fead2de5b	305	656	83	24	,
6c70bf1b-87f5-4c3b-9920-eac38a800c8e	390	660	51	23	Christ
92b5ddec-d352-46a3-a623-aa1e81194754	390	660	51	23	,
52ca5ee4-6f4f-49b1-a48a-e694be787521	442	663	34	22	the
395c167c-e03a-4b84-87af-0aff26dd1afb	442	663	34	22	,
f9dd2606-2053-4c99-8311-39f49d8c9b4f	314	668	74	18	Advocate
297322d2-f221-4826-ab9c-58c6904a1911	314	668	74	18	,
42ca3480-c4f7-4bc7-b506-59e50e912100	28	682	70	12	Abinadom
092d2eb0-1488-40c8-a609-846493c809fb	28	682	70	12	,
466e4a79-1d96-4adf-835b-6a7262825312	108	680	63	18	Nephite
a45339e3-c0b3-4e4c-9115-62ef8eba00ef	173	680	74	18	historian
f82ae800-5750-4368-9a25-6884221e5231	173	680	74	18	,
086f494a-ce40-484b-b9ba-60c5da0cd6e8	250	680	36	18	Bon
3658bfd7-3f99-41ff-b007-7a365d29ff20	288	680	16	18	of
8abe039a-a3a8-48e3-8a87-3a66b65d319b	314	682	56	30	Aff
5478b178-612d-47ae-98e8-a11cfb8aeb0a	314	682	56	30	-
f1a5561a-91e2-4acc-8a23-f5d6aceb95ec	314	682	56	30	ad
ddd21056-8ceb-4d68-8664-da7bc82383b9	314	682	56	30	;
8c88d247-9f03-4a4d-b900-83de6d674ed3	374	682	86	30	Duighment
c241f769-83d1-415e-b695-4b12859a26a5	464	682	26	30	and
bfd9c69e-5941-4a77-956e-8c86969a96f0	494	682	64	30	blessing
b835292d-6d1e-4a6f-b175-f197cd938082	561	682	33	30	arc
30278f79-7ade-4b73-adbe-a67167c3440c	561	682	33	30	,
e961642f-7020-4ecd-b053-bd2657ca8533	36	718	24	18	of
abd318e1-ffc1-4769-bafa-31138291a86e	36	718	24	18	,
22b73d25-fe25-4d6f-a996-6c9a0106e9c2	90	706	78	24	Lamanitish
5cb0cd29-c933-4530-88d9-d5669234140b	171	706	54	24	woman
42365dfd-99e2-48a5-bafe-49380069addb	171	706	54	24	,
469d1d4a-dd42-45e5-971e-4c71f63a1221	228	706	54	24	convers
de231f92-865a-4e40-85da-a8d748abd28a	285	706	17	24	of
2040ea39-df6a-4f75-ab83-2a0a780fbf38	458	710	50	13	effecta
b388ed98-810d-4c84-8b83-e231526a4707	122	718	38	12	calls
f5e267dd-196d-44d7-b2ac-be3f8bb593f5	74	718	42	29	2451
d2b2f2fe-3b83-45cd-8c31-3b5d5bc3d768	119	718	14	28	a
858c0c6c-0e61-4afe-a6d8-475612ee90cb	137	717	56	29	red
f949a903-c553-4883-be0d-4d19f95f5e9b	196	717	16	28	be
90c191a1-3fe8-4b5b-9c06-01876219e720	238	718	44	12	house
0025c94c-3700-4873-81f4-c1d997518379	38	732	36	26	mu
ee106204-88c0-4513-b852-b18338786532	38	732	36	26	;
79f2bcb4-ca41-4843-b8bf-acb353f6fe0a	77	732	49	26	246.28
0a3389a9-123d-4a4f-9105-9091fd418a5c	77	732	49	26	;
edb08484-e8d1-4d6c-b2cf-af5cea985da0	129	732	46	26	raises
543a9c10-f1c3-4e8f-a80f-b9f09a5251c7	178	732	23	26	the
6ad2837b-011a-4c9b-86ea-3fdf44a16a04	204	731	46	26	queen
9863fff4-2797-42c4-bcbc-9c0cf17c137a	204	731	46	26	,
2a7d6b96-9c39-4444-8648-cd1289b8613e	258	730	21	12	of
8eb7cbb4-6e88-4b07-9db7-84e147eac589	281	730	23	12	tu
9031d954-8ab5-424e-8fb4-d645e91639fc	281	730	23	12	-
45a40cfa-37f0-4cfb-9ceb-2f8ab64b3325	314	706	8	32	A
e71186d0-9681-4b49-80ad-ec86705f8b5c	326	706	84	32	israted
bd547fe1-15a1-4515-a4d9-82399b7b1e58	414	706	20	32	or
1461bb31-2712-413a-bede-8e24ef434574	438	706	64	32	Diece
e0ae831d-83b0-44e5-8610-3214e712b956	438	706	64	32	,
8339eb2f-bd22-412c-82aa-8637784794a0	506	706	32	32	526
e44e365f-da1c-4a40-90d1-bc6eabac8b9e	506	706	32	32	,
e2dd3416-08b5-4938-a292-019001fca0ab	542	706	56	32	357.43
e21abedc-bf09-496f-a78d-23341a8ed8ac	542	706	56	32	;
1aec6694-3721-4c6f-8b59-6239a4f5d3b4	254	742	52	16	246
7aad040e-fd2f-442e-b474-708ad0437979	254	742	52	16	-
ec9c5008-aa3f-4952-87e7-0a34994e1d2a	254	742	52	16	29
55cf554d-cc49-4bec-9024-605df6221c6d	254	742	52	16	.
fe6e681e-462a-4a58-ba75-36c1f5f04e7e	76	752	43	18	Omer
2cd16737-fc9a-4dea-95fe-6e654ffdb758	121	752	54	18	pitches
29402852-dd93-4fa3-aa94-00759d43b82a	177	752	32	18	tent
302f3cee-9b1e-4e72-bf42-db08afd9b96d	211	752	22	18	at
714f09a0-67a6-4cf8-8257-cdd0f6330544	211	752	22	18	,
cb25ffaa-360b-43ae-ad2f-0792ffb4214c	236	752	42	18	493
0daa2e57-5d94-4a97-9a37-186d979ac446	236	752	42	18	-
53cc430c-e057-4ba1-b695-f75f81dfcd39	236	752	42	18	3
9657cd65-387f-4aa4-8008-c71ed8b7a563	236	752	42	18	.
30d4d012-66ba-4fbb-8056-057c70c480d3	314	734	56	18	Agony
424f7179-011a-4079-a4dd-efbece7f141f	314	734	56	18	,
2d22e669-43fd-4913-8309-ed8e1bba0c7a	366	734	22	18	of
a90b1778-9545-457e-8cd8-05302788ccf2	391	734	38	18	soul
c5e1a45d-5c71-4fc5-a730-5c94f0266bab	391	734	38	18	,
181aa292-f2b7-48a8-a13e-83b5bdc2cb4c	431	734	41	18	376
e7b13119-86b4-4648-a59e-5348b98cb653	431	734	41	18	-
841be2f8-698d-4314-b273-03a8e39396d9	431	734	41	18	6
8db641b7-8eb1-4341-bc19-155194401a40	431	734	41	18	.
5b9d723e-46ae-4301-b3e4-1d5f03eec15f	314	750	54	14	Agosh
d948a621-7861-4122-8085-a6b6cb8b9b25	314	750	54	14	,
26a8cd14-9807-426a-b97c-09d0c79d6f85	324	748	40	32	Foch
69696a00-c6f6-4ecd-91c3-66f680114ca3	324	748	40	32	,
3ecc83e5-8263-4f89-8f54-ffaacbc4bbf4	368	748	24	32	bot
04063d69-19f1-4899-a123-1fec8c54d571	396	748	60	32	leground
6a6865e9-92ff-4dc3-ab12-03d2e8ed02f0	460	748	16	32	of
5d510487-bcf6-4204-bf06-2503492975a3	480	748	20	32	Lib
bbeb0a46-7978-4fc5-9e86-b930af9b7501	504	748	28	32	and
edf05732-e5c8-4649-9670-9f3f021ea2e9	536	748	58	32	Corian
fc894486-3a64-47a7-b60d-edb81f22a1fb	536	748	58	32	-
01c0cda2-8221-42ce-a2db-e91945bf9408	316	776	32	16	Aba
a2251938-fad9-4e5e-b8c1-ddb4f967d238	316	776	32	16	,
b594dc83-1e84-4f1c-bb75-83af274fd88d	350	776	28	16	son
1c559390-52d1-42e4-a4fe-8c9a4aea32dc	380	776	16	16	of
a4f875c0-70a5-4b32-95a4-2887433210c0	398	776	50	16	Zoram
a12f8204-0cbe-41d0-bb40-00bccc97c3fe	398	776	50	16	,
df762652-ebca-44da-9674-f34f26fdf2a3	450	776	42	16	235
4ebae7b0-30b4-4c74-a2e8-c96816b3aa38	450	776	42	16	-
a29f454e-3292-4673-b501-061966e8364f	450	776	42	16	5
c8001ad9-8485-4475-829c-2362cf797e56	450	776	42	16	.
7b01495d-f805-4cc6-9403-f99905217e3b	316	788	39	26	1499
9d498ee6-6ff8-4f49-8387-720fb17ac131	316	788	39	26	.
ece525cf-7751-48b6-8f5e-71d222550cb0	358	788	55	26	Jaredite
db3e2804-c70e-4a3b-9c35-500b4a611eeb	417	788	39	26	king
02300a87-47c5-4888-ab23-27bb76c0eb8e	417	788	39	26	,
9ca25d65-5572-44b8-84f9-0e6ac0789d88	459	788	23	26	son
7dcceb19-1d9d-4d30-9a15-fa478010d6c2	485	788	16	26	of
61690cb5-4bb4-4022-892c-c73301b38e2e	504	788	36	26	Seth
3e1c8fd1-116d-4b03-9ed8-74a0bb4db5cd	504	788	36	26	,
9bf408aa-b25a-4383-bdf4-78c2e5911c3e	543	788	49	26	479
1fe9f096-e0dd-4a2a-98db-96f0f3d75496	543	788	49	26	-
a2cae728-b356-445d-9e46-7f93caa9c11b	543	788	49	26	10
a43346ed-d3ac-44b0-abb1-761bc5e818d0	543	788	49	26	.
b673f5f7-450e-41cc-bdc4-6ce35f7cc09c	358	814	4	12	,
7b3833d9-a0f2-4d0a-86c9-5a1cd672eaeb	364	814	29	12	son
1a32c7fd-98d4-4ffb-925b-2895590e44ad	394	814	18	12	of
b03da71b-5344-4802-8687-ac2a5e535d7c	414	814	60	12	Kimnor
7a521b8f-f9cd-46fc-bc1d-d12dca6bade1	414	814	60	12	,
b43d21e5-0611-4b76-b447-6211b4644cd0	475	814	53	12	491
fa80d2e2-9edd-487b-90d1-8a7cc97cca56	475	814	53	12	-
c828d2a5-42d0-4423-b1fd-46e87309ecca	475	814	53	12	10
20571ef1-2388-473e-8327-d6f2c6600f32	475	814	53	12	;
aed684d2-29e2-48e5-8c88-e5e2c5dce78b	529	814	63	12	daughter
5cbd1812-9083-40a6-801d-4935b34e06a5	326	827	18	12	of
5b535e26-b034-427b-8d04-3952f6fa9705	345	826	44	13	Jared
5db7667d-3657-4da3-accc-60c2bd97c75a	390	826	51	13	dances
6c032a95-de92-4170-a778-55f8bf5f6aed	443	825	51	13	before
04ad0152-5a5f-42fe-853b-dc2671ee983f	443	825	51	13	.
e36b60ba-c90d-41b8-a35d-413c77d24dac	36	840	56	16	covered
58fd0d7b-ac30-4af7-b674-23f6c878246e	38	856	46	10	stone
17954e67-6434-434b-8bf4-b6459e7bdde3	38	856	46	10	,
fb16c222-0ac6-47db-881f-74731df7e70e	96	840	60	16	through
07449523-c3ad-4c68-ba5d-6c5056ec72fa	496	826	54	14	492
72952403-13a8-4788-94c7-5ecc7afd67ca	496	826	54	14	-
549cb462-f9e4-4396-b27d-8d3fa7220992	496	826	54	14	11
15e4505e-a3ad-4ca1-926e-d8d20ebd3922	496	826	54	14	;
b5c05a05-515e-4777-89db-cfa6292b0dff	552	826	42	14	oaths
9998e6bb-8f18-46f4-94cf-7f1cc7de9a39	82	852	58	16	290
1b7ce635-6fb0-49fd-98a9-902b37f78725	82	852	58	16	-
36c7eb51-8b9b-45ff-b5d6-201e4eab0a5d	82	852	58	16	23
9eb85ae9-7035-4c83-a8e2-bbc39ac81e5a	82	852	58	16	;
8ff97ed8-6aec-467a-8865-45d67d2e71ed	144	842	16	26	of
8e618786-8e5d-48c3-a2e1-a5259459eaef	163	842	77	26	Lamanites
665ae51d-2519-4051-bb2a-2e3a1d9ae139	176	837	60	31	amanite
69faf6d9-456f-4301-8ee9-b44455ec2ab9	240	838	34	30	prep
111462fb-6263-44ac-a710-7f79b7c87b21	277	838	27	30	aNd
c5d137cf-2742-46b5-97c3-a115d64aee52	514	837	80	15	overthrows
126b0c5c-6964-4ffd-8609-e57003613f0b	328	849	58	17	kingdom
a51931f0-0b82-4051-b485-55faa4d6f247	40	866	44	14	phites
d7c0221a-9507-4ee9-83c9-644be555bdd8	85	866	31	14	not
469dbc01-7843-4d6c-ad12-c39b048b1597	119	866	35	14	fully
08feec19-1253-47bd-af84-4c2d48b3f482	42	878	68	10	Lamanites
6ae3f17d-56f4-4710-8591-979d300144a3	118	878	32	12	and
02936d91-a178-4f2a-810b-fc512b48134a	148	876	72	16	Nephites
06c03b61-b57f-4426-9f0d-4068dc6842a6	160	866	58	26	replites
e4ecb48d-dc05-4827-b95f-1e7f1c2964ca	222	866	19	26	in
eda96d0d-4abc-4abd-9610-dbc3b70051ec	244	866	38	26	days
4e700af9-6f54-45f2-9506-638294a2102c	228	864	58	14	364
fa5957f7-0153-4eed-b202-98d46394a2a0	228	864	58	14	-
dd33caac-362a-4c42-a893-e47d0f43158f	228	864	58	14	14
492ab43f-b826-4f44-b04f-a66d8aeceadf	228	864	58	14	;
40a91b4d-497d-46aa-9026-f00d78fc8b78	287	864	15	14	of
07c89827-b842-4fa3-b3bd-243098d6e86a	540	852	54	12	marries
1ac3ace3-6257-4d0e-aa6c-8fa12a0dd31f	326	861	14	28	da
bebabd24-2916-452c-bceb-8bd9aaf3a8e3	343	862	46	28	vareer
a179f20f-f317-4ebf-8c11-b50d7affacf4	392	862	14	28	of
45d49cfe-4f4f-4cb8-801b-13fb19ee41f3	410	862	46	28	ford
8822057e-7dd4-4994-94b0-b753b69baabe	418	874	58	16	obtains
3838bff4-55d1-468f-aeb3-dbfed33682d4	478	874	68	16	kingdom
0dc305fb-7edb-4da7-b49c-94b6f1501632	478	874	68	16	,
85ad0ef2-9eb7-4292-b071-a032b6f768e9	548	874	46	16	493
7fda036e-5454-4895-a28c-5d212c29f3d5	548	874	46	16	-
f0c848ee-a9a1-4c23-a91e-62a280cac27a	548	874	46	16	5
fe7597f0-65f9-43ac-8cbb-4cfcd06a4903	548	874	46	16	;
e0a8693b-4963-4d81-9543-3a1b3d03bf40	40	888	62	16	Mormon
e14e8d94-9b27-4fd4-b5d7-a5501e987013	40	888	62	16	,
41c6d47b-f9e7-4cc5-a784-3012fa55ac76	104	888	44	16	518
49d6a936-ebe4-49ba-9bdc-91d2d9b3303d	104	888	44	16	-
e5f971ca-524b-4b4d-aaa6-accbf4a01551	104	888	44	16	9
d23fc66d-2546-427e-871b-cfd7c88edb02	104	888	44	16	.
f2155128-5948-4155-be25-17174666100b	328	886	36	16	wara
0a929ce8-3282-4b0b-ac4e-b042bac29591	366	886	34	16	with
7bc21c87-2ea7-4ea4-824c-a01cc320dff6	402	886	40	16	sons
3c4949b0-b80b-4edd-ae3e-f58ac33ca6c5	402	886	40	16	,
dbda332f-128a-4676-8190-14d79f29415d	444	886	48	16	494
86f07322-b594-4013-b74b-9f20ea0aaf85	444	886	48	16	-
f67d43ed-7bc6-4577-a223-9399411cb44a	444	886	48	16	12
f001a261-7f45-4e0a-a62f-82f277246265	444	886	48	16	.
c9044b0b-6266-48b7-9396-9a1e3de916d4	296	904	26	12	585
