ID	X	Y	Width	Height	Text
1371ba85-2bd8-4e43-99bc-7df5079f481d	286	60	64	17	INDEX
3a031c99-a400-4600-83d8-8e9cb55141f9	50	90	52	12	296
7ad48949-c60e-486b-8171-0b30ac256f20	50	90	52	12	-
3f0fe0b0-a28f-4884-8c88-cd2399634ca9	50	90	52	12	14
8d42471c-8a97-4ea5-9556-80683f4afc15	50	90	52	12	;
5e903649-bbf6-47a8-a897-5545bbad2ffe	104	90	24	12	on
660f69e5-3d80-4871-b05a-81390a05edb2	130	90	82	12	restoration
56497c5f-1502-4e60-b248-d665b4694cc9	130	90	82	12	,
0afff8c4-561c-4006-a4a8-725e1a2b6259	212	88	56	14	296
fd4a1ccf-8a09-48e3-b915-384d29ffe159	212	88	56	14	-
a1de280a-8625-4abd-8936-057d189b2b18	212	88	56	14	22
901b1418-fc17-4c84-aaa5-68a93327ace2	212	88	56	14	,
0e622c85-0d12-4f2f-9118-e2ade43bdae6	270	88	50	14	297
7c40cbc6-49cd-4ca2-9f46-8e4686027cc1	270	88	50	14	-
e08b7912-bc09-466d-8991-497728e4eb2c	270	88	50	14	1
29e70e8f-0d1b-46d9-94f0-808599abbc61	270	88	50	14	;
cc813e65-5ba2-421a-9662-435c5c0e9877	50	104	18	10	on
cf831d62-2e17-46e1-b0bf-e3b1ace050ad	74	102	67	12	mortality
7ab98319-e7aa-4fc1-aa3a-287d3d7e4ca6	143	102	20	12	as
4309c9dd-9941-42b5-8d23-214fcbd20157	164	102	15	12	a
3cea03f9-74d0-4178-8978-7a5a9fd5f6cd	181	102	93	12	probationary
e1ed72ea-6517-4032-9324-0b3991e32518	275	102	39	12	state
9e9c4414-e745-4209-bc4b-dde9af652f20	275	102	39	12	,
5981b480-b18f-4fd4-805a-4ba984a4114c	50	114	40	12	298
dcd4a795-dbc2-40ab-a836-5551319f384a	50	114	40	12	-
e4b698f2-07b4-402b-9123-f26ac47d5405	50	114	40	12	4
62d6d88c-b8b7-49ee-8cc6-1eba57527561	50	114	40	12	;
a134372b-de1f-4adf-a20e-ce5db88ee025	92	114	21	12	on
8285f96e-efba-480b-83bb-f9f0b66ca1d1	115	114	81	12	redemption
ec4a47ff-f869-4457-bde7-6c2efc43b44f	115	114	81	12	,
6e6bc692-50ea-4c07-b03a-09b602f967f9	197	114	51	12	299
20c5f0c9-886f-44f5-a893-353b05a6ddce	197	114	51	12	-
3f1e3e12-7100-4b31-9711-21fc44905de1	197	114	51	12	13
291bfd22-e6a9-4af3-8250-904782ffed46	197	114	51	12	;
e5400352-bafa-4e8b-8636-a05411add264	250	114	20	12	on
e25d9b3c-d81d-43d3-8b93-348a1242501e	271	114	43	12	claims
5f58b75f-5b64-44af-ac2d-090bfec3370b	50	126	16	12	of
f077c9db-f557-4a9e-b5f7-3c9116b9816c	68	126	54	12	justice
6d196ef3-dce4-4619-85a7-09d8b2f208d4	68	126	54	12	,
09d178be-5238-4d44-8fb9-42e35eceb989	124	126	54	12	299
d2309f32-b1c7-4d28-a58a-2bbc1e1a0167	124	126	54	12	-
b4d7477c-d13b-4001-b260-f39e4e7aa8f5	124	126	54	12	14
8ab2f08a-bb77-453c-916d-316f51abe2f0	124	126	54	12	;
29b13ce2-7999-43af-a2a9-0f9a112269b6	179	126	22	12	on
96a0c9ed-3bfc-4a2b-8729-344a26186eb2	203	126	80	12	atonement
395db32e-b8c6-4357-8925-3d6f957b6a42	203	126	80	12	,
8b17cca7-d54a-4ef4-b6d1-61176995c06d	284	126	30	12	299
cd76b4d6-1e7e-49d7-b074-788a8cb092b9	284	126	30	12	-
31103a93-93e6-45cd-8a57-0d94c99789a9	142	138	18	16	of
911de9a6-5284-4032-a0a2-40ed74fd678e	162	138	48	16	mercy
f318a1db-27ab-4365-afa1-9580499df966	162	138	48	16	,
496f4060-27b0-43ad-824c-8f98cd49c79a	212	138	52	16	300
9304afe0-fae8-432e-b94f-34d0cfe38f08	212	138	52	16	-
de2372ec-0e4c-4014-8eff-2d0eee0aaed4	212	138	52	16	23
d1facc98-1f36-4ddb-98b9-13370d5ebd4a	212	138	52	16	;
55feb7a3-17f6-4113-9a68-d9fe1e7967bb	266	138	18	16	on
e907edac-b9c7-4eaa-a1b9-dd41030fb4ce	286	138	30	16	free
19feb9d9-8b1a-4e38-bef3-fc671166e922	36	150	50	40	Apeal
2d08a83d-15f7-4a76-a76c-fe2aaffe5ae5	91	150	20	40	to
94b5c4e0-2cbd-4915-bf33-5c12f1238184	116	150	45	40	eat
2a8f6b42-a023-4f38-a1c3-6e7906579f0a	116	150	45	40	,
39a30e61-df08-4c48-93fc-c02fc546fdd8	166	150	15	40	in
f5e8c859-6e2c-44bf-8f83-183e348f8fdc	186	150	85	40	Ammonia
2d412080-aef5-4a90-add2-76f5b436525b	186	150	85	40	,
b85ba056-74ea-430d-9790-faf51f1b57fc	276	150	40	40	261
0dd7802f-60af-4cc2-9c17-9bde37b5185b	50	174	44	14	speak
183bd321-8fdb-420a-a1c7-3fc11ba953c7	95	174	21	14	to
46e02b34-0433-4b85-9907-4eb55078c1c4	50	188	78	26	repentance
c7df753d-33a9-4bd7-896f-9731368b1ea2	50	188	78	26	,
c4548d43-438f-4527-add1-963b1bee536d	131	188	55	26	221
da7f10b3-845a-4d60-9f3b-e975cb61e854	131	188	55	26	-
e62a324b-4e17-4bb9-ad20-cbe0575fd238	131	188	55	26	33
add5cc63-5efb-419a-8131-f40bd4f1fd86	131	188	55	26	;
42af88be-f4f0-48b0-9724-1c1396faf02a	190	188	44	26	bound
ce9cfe5f-9874-4fe1-9032-38ab38755029	278	198	38	14	corda
d662d1a1-dbe5-4860-8bc3-bce2ee346929	50	202	19	22	by
c6de5123-8670-4050-86e1-f970e912c45b	72	202	50	22	people
c28c4e75-0ed5-429d-a60e-c60a143b3108	124	202	19	22	of
f88234ac-e7b2-4142-9e81-1125452a37e1	146	202	91	22	Ammonihan
619c2531-efc4-40ce-8b24-8687632ff237	146	202	91	22	,
6fdc53db-20b4-4065-917c-d022ec868e20	240	202	47	22	230
9f7c0228-a494-422f-8314-550d3f19948f	240	202	47	22	-
8ac14810-df9d-42b9-9f67-f9b28f3e97d7	240	202	47	22	4
0d3e28ae-3ab8-406b-b6c1-a10e3118a71c	240	202	47	22	;
717f5a8f-b0ba-44f6-bd8e-68632e8dc477	289	202	25	22	ste
c5301f71-dfa3-4a5a-bfa9-a59ddf510057	72	212	50	13	people
61d41035-304c-419b-ba38-cbc4aa9caf29	50	226	60	10	converts
b7c79ada-7464-4e8e-b1f3-a2380a52d40a	48	236	36	16	chief
fd86e9d7-60e9-4d4f-ba2a-270fb1ceb795	86	236	48	16	judge
a73c8cee-7632-4386-b132-e5a8ee019402	86	236	48	16	,
4ed912e4-be7b-4782-9228-4b6f109ae884	130	222	38	28	5310
f5330ff3-0090-4c08-a883-543c4397d375	130	222	38	28	,
5e95124c-da4d-4052-972e-5f981e669fe4	172	222	63	28	232.94
56c8e54a-910b-4601-bbdf-d69fd3e9a69d	172	222	63	28	;
280422f4-c6ee-4594-8105-71abf9f41606	238	222	78	28	mprese
4d4cb691-bd27-45c7-bcf9-b96593e53140	48	248	30	16	and
f1526146-6533-42b0-a23e-3ca003b21ba6	82	248	46	12	bound
f66e9e27-2067-468a-8a04-b8a18fef3546	82	248	46	12	,
ac057eab-0ee2-41d2-a090-e8479ccddf6e	48	258	52	18	232
e72589da-fff8-44ef-9b98-e151ed542cce	48	258	52	18	-
d0d1f763-5ba7-41a0-8e4c-1fa30f05cdd8	48	258	52	18	25
e60fcf49-b30c-441d-bfd1-c28e8c71a0da	48	258	52	18	;
60feb9e1-c38e-4851-be95-237038418d23	102	258	44	18	break
6bc50aee-bed1-4098-bfe3-a8ec5b2fb511	192	258	58	18	232
86b76dff-edc9-4261-a818-b6f6c2dcb1c9	192	258	58	18	-
3596fce4-00e0-43d2-9994-bbe39ea23376	192	258	58	18	26
fad6afd2-1d13-4841-94a6-570dc6b71226	192	258	58	18	;
3f685aea-9c39-4944-8280-6b9f6701bdd0	48	274	40	14	when
f089929e-578a-4348-b5dc-39accb4452dd	244	286	54	10	retura
dec9cc29-369b-42f5-934b-bafc0c51e896	48	308	50	16	236
90909659-645c-40ad-840a-dc09ac8e2ea9	48	308	50	16	-
f686ab0e-63dc-45c4-9575-96c452dcc445	48	308	50	16	13
1a586685-0477-481a-af76-dc1c5c435e0a	48	308	50	16	.
800ad5dd-ff3b-4aad-936d-6898b2d6c47a	40	320	35	28	All
8e103b3b-0545-4ae9-8997-102d48ab2c74	78	320	31	28	hal
bdf1170c-738b-4b9f-b920-ea686c8e43f2	78	320	31	28	,
ae7f3b08-b3f7-4956-95b5-3db0a25adb8e	113	320	28	28	god
29add881-011e-48e1-b4eb-5206cbc3db61	145	320	31	28	113
d7e29fde-305e-4977-a53b-4a2c7ff65c11	145	320	31	28	,
b986b6ab-1af0-4e19-931d-ca4b72d862c6	180	320	20	28	20
71e72ede-c68d-4f6e-a5ea-38d913fd945a	180	320	20	28	.
cb32b1bf-e0a3-415b-90f9-a79ebb261898	146	334	31	14	the
4d039666-e14c-41ef-adc1-6960dbc3514f	146	334	31	14	,
09a933be-84d0-48cb-9429-0f5d64516e4a	179	334	45	14	86
682b3368-476c-4112-9887-383311526ca6	179	334	45	14	-
5af873ab-24d0-48c5-82a5-596f09597b3a	179	334	45	14	ch
ed691a69-9550-4ff2-852c-589d83eb2813	179	334	45	14	.
26fcb6d8-a061-42dc-bc95-6c9ac4dd28f5	226	334	38	14	23
38f4fd01-a478-42c2-856d-541d7b6f5784	226	334	38	14	:
469ef18c-eb64-44ff-a098-e87d175d1a2a	226	334	38	14	6
0c24367a-e3e7-43e5-9eda-b891ea24b8f3	226	334	38	14	,
19977576-37f8-4195-a7e9-ff741f424b66	267	334	47	14	157
0a1e5ac1-4c77-4cc6-b158-cf4735167722	267	334	47	14	-
6a2f1ec4-f70f-4b90-b162-6a6574d8998a	267	334	47	14	23
f70b6131-0410-4e1d-843a-8265f45edd9e	267	334	47	14	,
fd87145f-d98b-416f-88f2-bc7719c14f77	50	346	28	12	384
9ad482a3-df18-46ea-80c7-9f2f657596d1	50	346	28	12	-
0db71f17-b61a-480f-b28e-0fa138053256	36	358	44	14	Alpha
0440871c-09c1-4016-a1c5-d4f5fff87a4b	168	356	48	16	Christ
9d9b8d91-cd82-42e1-bbb9-2a83d6f99a7c	218	356	46	16	called
10045283-f4bd-4dcc-9033-40e40595daff	218	356	46	16	,
8a922d1b-166b-4190-b7ed-f88ac1fe605c	266	356	50	16	418
eddd1cc8-123a-4148-ac1d-0ea49f0299c8	266	356	50	16	-
3941cf60-2776-4a50-9900-80b12ee95c1d	266	356	50	16	18
de9f0c69-3880-4993-b6c5-38a81b140c03	266	356	50	16	.
3a9ee622-65c8-4fdf-802c-ff654378b4ca	84	370	36	12	built
c430d882-6220-4c63-91e2-90544fa07755	121	370	21	12	by
f01a108e-9363-4b56-9af2-43cf629ec327	120	382	36	29	204
d0f19ae0-1a9e-46c1-84c1-613bb3f83772	120	382	36	29	,
a09e6fd6-98be-4ddf-84e0-7526fd18c9b5	160	381	15	29	23
ce490fcc-29ad-401f-8b32-6df8cec19578	178	381	58	29	Penitent
b2d61587-9ea5-4c2b-98ea-b669915f71b0	239	381	77	29	Lamanites
880b8e66-fe55-4f5e-90ec-0b2f5f2af999	46	418	26	30	Ple
380e1346-0c18-485a-83d2-7ddff16f652e	76	418	15	30	ee
fd6b8a42-e31a-47e1-8402-abeffdda427f	95	418	34	30	ood
724e98aa-9058-4231-bf84-9b33d65882d4	95	418	34	30	,
53a387df-68c8-48dc-850c-8f2fce7123c7	132	418	19	30	152
11a013b0-6a99-48b2-95ed-ab537fe2a7bc	155	418	67	30	Benjamin
7b45dac9-b164-4d66-8035-171155d9c93f	155	418	67	30	,
d1b77587-3e3e-4169-8755-efa5f03dc38f	226	418	52	30	131
2300ca79-fa96-44aa-90d8-99b72803a27d	226	418	52	30	-
90d95629-5dad-452d-8d48-e6571af95e2c	226	418	52	30	25
a1ae5962-6469-45dd-ae78-fbc56a3f500c	226	418	52	30	;
e870a0aa-60b6-449d-b585-061dae649bb3	282	418	34	30	ends
17a12fbf-9de2-4131-946a-d49efa25a16e	38	442	62	16	Amaleldi
061d9c4d-0355-42b6-8aa4-a97d1b08769f	38	442	62	16	,
fbf7e2c6-f95a-4449-bcdf-83b2c7863559	102	442	26	16	one
8457cace-b262-4de0-a96e-7ab0bfde3816	130	442	16	16	of
a908fcc7-927b-4cfd-9576-c8c8831df8e5	148	442	26	16	the
7f42311d-27d3-414b-8c15-68d91fb507fe	176	442	62	16	brethren
e0a74d20-6e00-42c1-aba5-cb179541b510	240	442	16	16	of
7f7bd095-d0d1-4130-aca1-d37da97af443	258	442	60	16	Ammon
4cbe3e2d-888a-4997-a782-0a38c6353d57	258	442	60	16	,
99099160-3ff8-475c-83cc-41ae8df04be5	48	456	42	16	147
cb597b02-4371-40dc-8836-1136da8b6159	48	456	42	16	-
391466d4-95d8-4575-9c01-ad0db315be8a	48	456	42	16	6
e46ed801-7970-4c2d-9852-ebbff80100a7	48	456	42	16	.
c8c6c225-03d8-4e06-a50e-781cf15ef41b	300	498	16	22	9,0
ef489a35-d12a-48c1-bc4a-83c34fb9f78d	52	518	48	12	Nehors
d70b395c-f45e-45e0-b093-158a6a817ebe	52	518	48	12	.
a071966d-96b9-4880-98cf-e6d05a23b2d1	114	518	24	8	240
61ba5571-9ceb-46fb-b840-7539b0beecad	50	530	40	12	rebel
9b6cf47e-c7db-436d-bc63-9047d81b5f5a	50	530	40	12	,
2e325961-ee9a-4ba0-ade8-21096f7c758a	96	530	40	12	256
5837bfeb-e576-48a2-a2fd-ce84e207e47b	96	530	40	12	-
f45ea358-b4d0-4b0a-90ed-263059d2c2ce	96	530	40	12	2
eab30ec2-daa5-4a72-99ed-12f6b8b8ad28	96	530	40	12	;
cf0141b6-c624-4e6a-9dbd-7e06ade34841	188	520	50	10	convert
1ad149e2-a9ff-45df-a989-e2d48cedda28	238	518	18	14	ed
97c9c364-dc3e-40bb-b568-59b66276d21a	50	542	48	12	chosen
74637420-3fbe-4483-b9f8-521b85b58624	138	528	30	28	evel
788f7219-f35b-4df5-a5ec-80eea9f393ff	48	542	36	26	their
a06b94c6-e606-4941-ae2c-a2c70fdaa9d0	87	542	42	26	made
0107af02-9c68-4c02-8c8b-c49486d60148	132	542	34	26	route
49e84f4b-7b9f-47e5-bc1a-5b9b857fc787	172	530	62	12	character
3c544631-8dbc-4a43-9800-1f58e2f2aab8	242	544	34	10	becau
d5a7b562-21f4-4d93-93db-777011c99ba1	102	566	34	14	from
000ff26b-0cba-4cd4-9064-2fb9ed8534e9	166	556	70	10	disposition
071f7260-8c24-495a-bdd8-771fc4c32cb4	264	552	22	16	-
b76c67d6-e3cf-409d-83bf-e8e21506b8e1	264	552	22	16	6
48f5358c-1254-4ff2-ac99-3f84dc2aa610	264	552	22	16	;
1d112d15-9c30-4c28-8ce0-dd4ed7bab5f8	288	552	28	16	dis
22bfae6a-93df-49f2-af9d-8c9f7dc9da9a	288	552	28	16	-
ffaa6b25-8faa-469e-9d22-8c2b6dd13813	244	568	38	10	01
f9bc67aa-dcb1-4f5c-9c6c-4bd61aaca13e	244	568	38	10	-
748cc052-435e-4be4-9185-f241323358e3	244	568	38	10	13
4f692bfb-b115-4173-9de1-bdaf2aa0910a	42	582	74	8	malickin
31d1579a-19d4-49f4-86c2-4ef147737caa	51	590	63	17	Helaman
e5368c22-7ac0-438d-9a0b-f94481e4a64c	51	590	63	17	,
97937603-896f-4aab-b0cd-81fe2f9b8952	170	594	24	8	mar
09f7d191-72aa-4796-a7f4-e1ee73b63de1	264	582	52	12	against
a310bc10-700b-4c03-8d69-b8ba0daec3fd	50	604	26	12	10
1c61a4a0-eca7-4fd6-93a2-b0128115f289	50	604	26	12	;
040efea3-9f1c-4217-aa74-a276f4e715f4	78	604	30	14	Rees
189ad0f2-6d89-4d56-be5c-3b562cb00f4b	228	594	54	10	unning
cce10541-7532-411b-8ad3-8b323d4cc0a0	284	592	32	14	310
c3917989-d05b-4ee2-99c6-da85973cc399	284	592	32	14	-
b0ea3429-b4d8-4754-8e6c-431093f247a1	48	616	64	16	captured
1dbef2e4-fa3f-4d07-88ed-486928141003	48	616	64	16	,
eee2e974-bd76-480b-bfe9-01cfa6e9a284	230	604	25	12	29
c7a5987b-f9ac-4ae2-b813-976128d62511	230	604	25	12	:
54621425-4b62-454c-840c-368c5b9cdafe	257	604	37	12	army
6d0e9f57-fa31-4f1f-bad8-404b493c4cde	78	630	16	14	to
f4b99f05-039a-4faa-93cf-5c09a2332b7d	204	616	44	14	elding
dd7b5641-adf6-4116-aa86-ba3e65e11378	249	616	45	14	people
cc7505c8-146e-405f-99f0-6c4bd3945655	297	616	17	14	of
962ca5cc-99e0-460a-9053-8c9ce45edb0f	297	616	17	14	,
24f59581-06e5-49bf-9d83-1394834efde3	54	642	22	10	ites
af0cc8d8-abd9-49b9-9af6-bbcc4c8f117a	50	654	26	12	313
aa7c0ffc-5493-4a89-abe5-c3d32c263cb4	50	654	26	12	-
d8798bef-ebfe-4804-8f4b-8de2cd0e3a12	238	630	30	24	nite
472e6827-1d82-4bf7-a08b-d8f20e544549	266	630	48	12	Laman
0d91106f-8735-474c-a925-5883a7f2598b	266	630	48	12	-
856b84bb-cf9e-4f21-8323-39bfefdfc9d1	48	666	40	14	sends
5644a569-5522-42f5-9c0a-561ab2097b54	238	656	28	22	915
4c782108-32bd-46be-8c60-44466d61ba74	238	656	28	22	:
5fc211fd-5ccc-4fc5-81ca-e1eaea774fd4	278	644	40	24	113
2401dbe7-fd8b-4c15-a386-e183503c77c1	278	644	40	24	-
04ee07c9-fe17-47e1-b1c3-c5e86650513f	278	644	40	24	4
6d3d6c09-e655-4a8c-bc4a-ca533de401ec	294	664	20	16	his
24656319-77c0-4d9e-9ac8-49c6e54a1cdd	570	60	34	16	537
1f0ab519-2bc4-407e-b0ba-3a27181d049f	326	90	65	10	Amaron
81d07fd7-0af3-4bf9-85b9-0a448cb0bd43	326	90	65	10	,
feec236c-b126-48f4-8c2e-691d913edb57	392	90	30	10	son
4d949259-fd4f-4f20-825d-b057e8832098	338	102	37	12	trom
3ea7df40-9dae-4dba-92cd-e5323fccdadb	377	102	26	12	his
ecc42879-8b50-46b9-b0e4-67c9a81947af	404	102	46	12	father
b560105a-1198-412e-9a05-fa1c4619b486	404	102	46	12	,
1aa9c9fe-dda3-4675-97d7-193694e3b212	498	90	60	12	receives
70f00fdc-b00e-4eac-9142-78312a1c9a10	560	90	46	12	platea
b3d0ce8a-0e5a-4f29-85a8-4dd072739645	422	88	30	30	ber
88ac94f4-6b5a-45c6-ab78-426fa6131201	422	88	30	30	,
b60c4e79-bb35-47fa-a687-0bccb73e8dd1	456	88	41	30	129.3
8949490e-f331-4b9f-a9d6-1f805573438e	456	88	41	30	,
7cb9cfff-6b2d-43af-804f-c7069e5cfa0f	501	88	56	30	acciver
7a1a31d5-a52a-46aa-99aa-62742ba34f10	561	88	45	30	plates
55ba0c91-3ee9-456e-a0be-6414faed7697	426	112	44	12	130
0b20c2ce-1782-4d27-b671-ad0b5cefa403	426	112	44	12	-
d4a94772-1dad-4138-b21e-6a62d8bdf129	426	112	44	12	8
4f4071b4-fcc5-47dc-9044-156a57b6c9f1	426	112	44	12	.
1b606a68-e674-4f74-9b87-e76780f64bd9	336	112	19	30	Do
876503d7-4290-4ab0-b7d9-50109648d5dd	358	112	79	30	chiedie
7195ed3c-2f9e-488c-bc01-82c2b34d7833	441	112	34	30	king
4d05eb73-5643-4b11-ac47-2236cfb44c45	441	112	34	30	,
8845fe16-2a41-4877-9494-5c9e95f6d5ba	478	112	67	30	overcome
9b3ca937-a8ee-4edc-bbd4-954b5615d14a	550	112	15	30	by
df2df7f5-0c63-4cf3-8d2d-029ba97cd6e9	568	112	40	30	Com
2c9fd0ce-588b-41bd-b11b-e50b3196931b	568	112	40	30	,
59b5527c-f4ac-489c-acc9-1fa176525a5d	326	148	84	28	Almanie
bd396795-dab1-40a2-8d3a-67ef441f5ae2	326	148	84	28	.
488aad35-1882-4e0d-a36e-715045ccef21	413	148	56	28	Nephite
2656a493-0640-4ad0-b527-ec068318bcd1	473	148	73	28	dissenter
bd3d4bc1-9e59-4f3c-a774-181f9d750760	473	148	73	28	,
b7c27538-8227-4c4b-848b-be759e8830c1	550	148	56	28	teaches
7d716e76-b5fa-4354-b124-34f456c7b660	328	172	60	16	Amlandi
0ad93a99-6e52-457d-9349-1a078bfe1093	328	172	60	16	,
571e7606-ea06-45b7-a064-d34a363c95b3	390	172	60	16	ancestor
c8ef747d-1ebd-4334-9b6f-d30e90ff9208	452	172	16	16	of
aae8133d-98bd-4ecc-95af-5252bc756362	470	172	56	16	Amulek
80f91c43-1778-4ec2-8bb2-815ba62f691f	470	172	56	16	,
e1d45d01-6e78-4640-aac3-316fd30b3e6e	528	172	78	16	interpreted
7bc89dd4-1bc5-4b04-8a18-07b0b765528a	338	184	85	20	handwriting
9e21f5eb-f6f0-45e7-9039-f421f5514936	426	184	17	20	in
5eb23217-a525-4256-a602-e1724ac760fc	446	184	53	20	temple
89c559f6-1057-4698-8477-2a07fbb68259	446	184	53	20	,
da4f092a-791b-485b-8670-fea64629c2e2	500	184	46	20	219
527415d0-8971-44f4-959a-d17ebf701ad4	501	184	45	20	-
28002941-e7dc-4d56-b884-fd56cb7dadf5	501	184	45	20	2
546ed0ed-9597-4698-a531-99221cc89755	501	184	45	20	.
d6b55b70-f4a5-46d2-abd4-f469b9361341	330	200	49	14	Amlie
ef12a938-d7dd-4e87-a8b4-8438016a794e	330	200	49	14	,
7288d4eb-4bc8-496d-8362-8109d0ed6b90	381	200	40	14	seeks
603a876e-9811-4a70-8f24-835623e9b277	423	200	17	14	to
f399097f-5b9f-4dd2-a5c5-869235195e33	442	200	19	14	be
37fba841-200f-45ca-b228-4c80b9b3ec57	463	200	38	14	king
1eae3d54-15d2-4a67-b180-cd86565a2ae3	463	200	38	14	,
ac652854-2959-45b0-b1d6-60259e473cdf	503	200	44	14	198
933931d3-5b87-4825-bd59-410a1ee23fb1	503	200	44	14	-.;
44600ca6-c754-4078-8d54-d7fa113feca6	549	200	55	14	rejected
302a5ba2-12eb-44d1-8d35-d4f6624a5754	402	210	44	16	198
c5b697c5-790c-4c82-abbe-b779e37909a7	402	210	44	16	-
82f8359d-eab5-4bff-84a1-8ff235460e8b	402	210	44	16	7
cd067342-0c44-4562-b5b3-8f9645143644	402	210	44	16	;
35e77413-b427-4844-920e-80e1fa67323c	448	210	40	16	made
d280d29b-d3a0-434e-ad0e-d393d2c51407	338	212	52	26	faction
a8b2f3a7-1a4b-4da1-a661-c5c42c2791cd	338	212	52	26	,
f54ed398-e3e1-427d-a4a9-36b93d0a0dad	393	212	42	26	198
e19d7710-fd9c-41a6-9224-4f4a16c24f42	393	212	42	26	-
027007c3-ea8e-410e-9c36-50a69d541cd1	393	212	42	26	9
09beec70-3d91-44e1-aff9-cce31db04862	393	212	42	26	;
d6bac034-9608-42a5-ace5-0ad27729185c	439	212	36	26	alia
b8b5b827-cefe-466b-bea0-61cafef9a659	478	212	19	26	by
140977ad-5ee7-491c-b4dd-a5accfae2dfe	500	212	36	26	And
8d285de1-8911-43fe-92ce-96ad5076660a	539	212	16	26	in
ac0edbfb-a299-4650-97e7-c53ea3f6e3f3	559	212	47	26	battle
5bba2a74-386d-438f-88a4-8301ef9abc35	559	212	47	26	,
f79f9adc-82c1-43ca-b30d-db89a8059edf	336	234	50	16	200
37d4893c-ff41-4a66-bc56-4e180fbf8f53	336	234	50	16	-
6ef55d1a-e5ef-45a7-ac47-c4f841ba29ae	336	234	50	16	31
7c84f3e6-b670-4ae9-bcbc-f2b4cb2ec9c3	336	234	50	16	.
234aa3e3-2abe-4c84-a85c-c8d0457aa882	328	250	32	26	11
581a475e-7c1f-4bdc-b3f1-a4f3c9e56107	328	250	32	26	;
45c584ed-68bd-46b3-a486-f920dc429279	364	250	68	26	defeated
1d1f9bb4-8c97-4f18-9931-1cb41cbb2d35	364	250	68	26	,
4b849a00-b7bb-4f7e-bce4-17f54cd513a0	435	250	52	26	200
c57d0614-b2a9-4ca3-9709-ec35f50ef71d	435	250	52	26	-
64677331-6cbc-43dc-beff-bde067a475ac	435	250	52	26	35
db887268-9da6-4689-af3a-838e13ba2f7f	435	250	52	26	,
d63c6739-1bdd-436b-9871-c4de2a470f07	490	250	52	26	marked
fd251f4e-7846-4684-8768-72c76460395e	546	250	28	26	in
538cae8e-0d4f-4bd1-9ec1-ec06b5e89444	434	260	54	16	200
0d81901c-004c-4efb-9562-16e89ceb5ce9	434	260	54	16	-
3c7df481-4460-4e26-97bb-61356771c567	434	260	54	16	35
a5d09fd0-8cf5-4044-98db-3def1dd85af7	434	260	54	16	;
b1cb6660-c3d1-4a6d-8c55-27ddebdb2712	490	260	56	16	marked
561b58fa-9347-46bf-9eb6-5b7869ac0805	548	260	22	16	in
55a3be80-1f23-4943-8c29-215ce7def74c	572	248	34	12	198
3efa6090-cb58-4003-b590-7448ab29c79a	572	248	34	12	-
82c167e6-e74f-444f-8d94-5b676a8aa901	340	274	46	12	heads
d7b5f60f-3c6d-4c37-8246-8ce2e7235400	340	274	46	12	,
9e8bd9df-23fc-49c3-9fbd-760ce0efee8e	388	274	46	12	201
ee1fa1e8-0ee9-4c32-b1cb-d561af8c9c9a	388	274	46	12	-
3b21f709-05b0-46eb-8447-2dedd79d8f94	388	274	46	12	13
cc6aa5bc-f635-48dc-99e1-801cd793bfe4	388	274	46	12	,
4d74d9ef-d0fc-4750-8217-e953c6e7eff3	330	286	55	12	Atman
568a5135-04d2-4165-bbea-38a0f72e1454	330	286	55	12	,
aca38920-372f-4bef-b7d1-23cca3864f7a	387	286	12	12	a
cd28eb5e-a9be-454c-a8cb-5d2269429dac	401	286	55	12	Nephite
62342f35-8981-4a5c-ab83-f1a75d0d7ab1	458	286	76	12	missionary
00c25f16-1da2-4b17-b646-d55d77891c54	536	286	16	12	to
960f0588-cf12-4d4e-9e35-d8671bb9845d	554	286	26	12	the
f240af27-df0f-4b7c-95dc-34cce933725f	581	286	24	12	La
1df2e195-3b94-4e27-a306-be33148d54e2	581	286	24	12	-
f87b77a0-7246-4e8a-a736-0f7aa65e2747	336	299	59	27	released
73611a30-f914-4d22-851e-854aaf60ec4d	398	300	37	26	tropr
2219c652-5767-4ba7-b75d-4aa567b914e3	402	298	76	12	imprisoned
311566a3-a3b5-44da-85c5-6db9955606cb	480	298	18	12	at
bf4facd5-3f30-4c5f-a03e-3e2e7c8974fc	500	298	60	12	Middoni
8e77210e-ef14-4537-b9bc-a72b20f217fc	500	298	60	12	,
f2c51382-ef41-4a35-b963-d37d4fe4d9b2	561	298	45	12	247
aab6e7d5-216a-42a3-829a-57c87554b917	561	298	45	12	-
10654b20-8f11-47b9-adbe-7a09a2906bdb	561	298	45	12	2
ef837c9b-b40e-427a-b173-bb72a0dde431	561	298	45	12	;
a53d627a-c2e8-4483-a5ff-bf8c8ff1f8b4	330	346	74	16	Ammaron
cb558966-d49a-454b-b576-e8bddd35fe21	330	346	74	16	,
f8f5c340-d682-42f1-8dcc-0ff9d46aed51	406	346	46	16	keeps
184815d4-3af8-44a4-a6e2-6a7c371615b4	454	346	30	16	the
3e561bfb-fca4-4bd6-b74d-1f770fc195b3	488	350	58	12	records
6df74a20-dfa2-4224-963c-e17c733310b6	488	350	58	12	,
b211cac4-580f-4627-99fc-6de7b2054ea4	338	360	40	14	hides
eb869989-709b-43d6-943e-04956a97f4d6	380	360	58	14	records
854be546-b02c-4a4d-9c01-1b9e9b697ab9	380	360	58	14	,
f0efb24b-98c2-4c66-b01a-8fbc39b5842e	544	348	42	28	Оттом
9691c7dc-1d1e-48e7-b3d9-515dc887c1a1	589	348	19	28	оі
8bcd5f55-386d-4bbe-b026-0356d229667c	402	372	53	14	460
a08409f2-9f24-434a-8f3c-89c19603fab9	402	372	53	14	-
ad01cd9a-e1eb-4246-af28-635b30013f64	402	372	53	14	2
0c4158c6-3d0b-4fd9-8d90-a7fefed6b056	402	372	53	14	;
963a0b8f-f2ef-4cf7-93b8-35d28aba7174	456	372	26	14	his
f58af321-47ca-460e-a797-dff888fc3fb7	336	374	45	26	Tered
f1781745-9865-4525-9721-8ff97264cdc3	385	374	19	26	by
8f785b74-4c81-4cc4-9bfd-42e8c09905b9	407	374	68	26	Mornon
036855a0-b9ce-4c5d-9c6f-f5219b710350	407	374	68	26	,
c5cc5577-afe3-4b96-9550-f30e040b3778	479	374	45	26	467
b889ab1f-72f4-42a7-a0f0-0802c393dc0c	479	374	45	26	-
161a9b51-a1fd-48d9-a42c-2d7d10045484	479	374	45	26	25
dd60c0dd-13de-4c83-811c-077d832c376b	578	372	28	12	fol
1a576cdc-184c-4741-95fc-de50b5451d13	326	398	45	26	Awn
6ec252e8-25cc-4bbf-9795-bd75dade797e	375	398	29	26	his
00f23a17-d253-480d-bc29-ec78f0d38a8f	388	397	77	15	descendant
c6df09c6-8d39-4ce8-9a42-6d0bbc368c10	467	398	14	14	of
0b163f16-9cc3-4d82-8b1f-799203ec0746	482	398	77	15	Zarahemla
f6dc6ab7-b17f-47f3-9bc9-db2034fa7064	482	398	77	15	,
a3398d9c-e75b-46af-a274-81710e4db34c	561	398	45	14	147
1326ea47-dc2f-4615-86c1-20e2ba5c958c	561	398	45	14	-
4318ca91-d168-4122-830f-130aa5f88689	561	398	45	14	3
8a52ebbc-07d1-4625-845b-d772900bdc26	561	398	45	14	;
dc67d6df-a675-4f62-923d-f40741b15ef7	340	410	34	16	with
03078bbd-a2e3-4b1d-a54a-c26bb9c66e85	404	410	66	14	brethren
04cb2e22-37f4-450f-b747-fdae62067f32	472	410	47	14	meets
0b2eb8c9-74ec-464f-90b5-404544015289	521	410	35	14	king
116a2a87-1691-40f9-8125-bd8ecc57d2f1	556	410	52	18	Limhi
93b48802-2675-4c02-b926-1e5d5e1ca70f	556	410	52	18	,
b75fdd80-9e41-4a37-949b-d2c6d7b353d9	484	434	30	16	the
bac9d1f0-4e44-43e5-98bb-939f2cce9dd4	516	434	36	16	king
4beb47c8-e9a2-4cd1-9d38-c877ecf0b9e1	554	434	34	16	and
5a3261a6-957d-4981-b27b-743d1f7fa5a6	590	434	16	16	in
00a0dd44-ccab-4dcf-abae-f34b60ceaa2c	406	446	50	18	147
2ccdd87c-ced4-49e8-a31d-15f617980a3d	406	446	50	18	-
83099af3-26f5-4adc-bd9f-aa5a720c65d5	406	446	50	18	8
b3d09360-216d-42ab-8065-cd8d099eab20	406	446	50	18	;
f6eda87f-8f1d-4096-88bd-f72ae952aa0a	460	445	72	15	addresaes
0084d78b-8cca-40ea-9c4a-a86c63985a99	338	458	50	18	Limhi
7e3fab05-1ad0-42b2-b235-329f960aa8ce	338	458	50	18	,
8914d5c4-92ca-4628-977a-b60ea966e19e	340	470	46	12	150
dec8c506-2097-44f9-bd8c-113af269b72c	340	470	46	12	-
81b6c33a-21c2-4608-9d79-f514d6f664a8	340	470	46	12	6
4c0f8839-63b5-4576-8a55-09c7d5433277	340	470	46	12	:
ea11ae23-b88d-4705-b116-6234ced27cf0	388	470	44	12	learns
7548ff7d-045f-4793-8009-3c2f1309ea62	456	474	44	6	disent
aee28584-13d1-4ffd-bcc7-eb453b597d18	532	474	20	6	or
50264be8-e03e-4f6e-8d33-163fa83034e9	553	474	53	6	recordR
8d0fffce-0257-4dd2-8db3-8d2788cb8bb5	340	508	30	12	who
761d75d7-0f57-46a2-8cf0-39f94495e1a1	368	500	44	22	could
ffdf935a-31d1-45ae-8cae-3d6f84aa4949	414	510	28	10	tran
57d4a832-1645-46c9-a5f0-ccc6c6f8befd	538	510	68	12	suspected
d8855444-f62c-4566-b6f5-eb4fd49e6ec9	338	519	18	28	if
c7628dff-85c3-437d-a751-d634c118f4c8	359	518	25	28	bein
600cbce5-3c99-46cd-9e28-f7ed1eb4e2db	387	518	7	28	a
f7fab52b-17ca-4e05-900a-e57ed6f41237	397	518	42	28	Prie
e1076f2b-74cc-42d7-87f8-8bda6b7f0060	443	517	42	28	people
04f44827-482d-4cc4-a065-c1d737b6a472	488	517	26	28	to
46b93312-3e63-46a9-806d-0dc1e6e76d4c	488	517	26	28	,
ce8b8d28-a2a3-4f4b-af8d-8d4dd56218f1	338	530	46	18	Limbi
383100f3-8c14-4088-b28f-2b1bde157875	386	532	32	12	and
8561ea8e-01a7-421a-8a93-d5618662ddee	442	532	47	14	people
7adb8d23-a366-4e02-9897-ad70a7ea4007	491	532	17	14	to
9f285f70-cbe1-47fd-8f8b-97005323bca5	516	520	51	12	175
cfe7b245-1cd8-4928-a48b-48555b024325	516	520	51	12	-
1b290b72-669d-462b-96c3-884bceecb351	516	520	51	12	23
21bee724-28cd-4e06-8436-32f8867e496b	516	520	51	12	:
b194642d-7ee8-4d24-8311-c976d98055c6	569	520	35	12	leads
a731f971-6ee5-4eab-8be8-ef1f14b93435	506	532	70	14	freedom
64423b63-596b-400e-a786-c45ab71478de	506	532	70	14	,
71565993-d8bd-4e89-b5ec-9ab3438987da	574	532	30	10	177
08a08f19-7bd1-4835-ac45-69d88a2b8b54	574	532	30	10	.
c172de75-7392-43e8-b327-58c2c693cf46	330	556	58	16	Ammon
e3576aa4-0ba3-472c-a160-317f96e3082c	330	556	58	16	,
b1bc021e-0227-4b07-879d-cbae01f003f9	342	570	90	14	missionaries
193eba54-6486-400a-a33c-9094164a32db	342	570	90	14	,
1f4cbd6b-ad91-4f62-8826-c6cb919b46b9	340	582	58	14	Ishmael
f9a5ee74-a4fb-496f-a096-42770fde15d2	340	582	58	14	,
9716d6ff-7498-493f-8283-1b98031fe921	500	572	42	10	enters
b825879b-9da0-400a-99a2-5909e84eb118	340	594	56	14	becomes
0d9f20ff-2259-416d-8dc8-4fd553fae1b3	338	606	30	14	25
1b35083d-a20f-44f7-acca-7efb4a359469	338	606	30	14	;
8960b9df-25d8-484f-8b55-ba9541e20d68	368	608	36	14	conte
30557e46-a1fb-40a5-a2aa-795d5bb330c0	404	580	43	38	band
aa5f9958-7e94-4f47-b397-327e68426447	452	580	20	38	be
6e9dfeed-d2c9-4de2-bc77-15773ed9d209	340	620	28	10	tion
0a749e82-f3b8-46e2-9cc6-681eab2192e0	416	618	40	18	king
65064916-4df4-46f1-8ba4-5979f3f45108	416	618	40	18	'
e510d89e-e851-4bf2-97e2-ba8a38d5b4ce	340	632	28	12	not
fdefad80-e355-4d1e-bd25-073c5922a062	514	608	54	24	240.34
6a6547f1-31f8-421d-9ac5-e89aad9d9a6b	514	608	54	24	₽
8cccb0d1-f30a-447d-82e9-ee95a586c76b	338	642	28	16	the
a29d258d-9da1-4720-9346-fd933efa2d73	382	644	32	10	Great
3f621404-69a1-4ff8-8161-ddb924823817	448	626	46	32	220
a40e7ef7-3db2-4892-94d7-0b27d8b1a414	448	626	46	32	-
f47b5010-9f62-4c66-b246-042c35c91278	448	626	46	32	3
8a5fb261-44bb-4e3c-a466-5209e062e643	448	626	46	32	;
e1d5e6f5-ce2f-41ce-ba4e-057414c21969	340	656	44	14	chario
e9648631-4220-4ed8-b94f-f4662f610ebc	338	670	58	24	240
8fc0bbe0-37d7-480f-9660-57258a3375cd	338	670	58	24	-
c351f717-d94c-4a16-91eb-afd2f1db72fa	338	670	58	24	241
58b20c08-761c-4d44-8454-1bc176eb635d	418	704	52	14	atened
b0956583-9781-4225-adea-9c2cfea54e17	338	730	26	16	ple
644df56c-1534-4c0e-abda-e50af812d1b1	338	730	26	16	,
7e8a0bba-576f-4780-88c2-1a226b27df3b	118	728	26	24	Sis
81118c89-d34c-4fe6-a0ba-37447158d34e	98	776	20	14	ma
df2c1876-5105-45a3-8847-165f807fda08	72	788	26	14	ord
5c2f07d8-58d2-4c4f-8156-83e092ffb302	220	778	27	24	and
f47de9a8-00e7-43ab-a9a8-7098f720bc0d	250	778	30	24	on
03fb083d-1b35-4ef1-88d4-4a6f21723a00	106	798	48	18	316
5a336992-d0bc-4b8b-9f58-29363e465883	106	798	48	18	-
a0773d0c-eaf4-4b7b-9b24-1a079f63f0c6	106	798	48	18	6
1821fbcb-d59c-4f36-b32c-37a6ad1ffdd2	106	798	48	18	;
cdbaab63-58f3-47e8-aa99-e830328cce24	110	812	52	14	enraged
8210dec1-0b52-45be-b1e7-a40c11bbddc1	50	824	21	12	he
bd16c65e-5f3e-455d-a2ab-4201d1db83b5	73	824	45	12	curses
237fd3a3-3577-48d2-888f-31875d3a7028	122	824	52	16	Moroni
8a7575f8-934f-4882-a781-df611f691e89	122	824	52	16	,
bd1880d5-8a02-4591-9753-38747cd0c633	50	848	54	18	326
647eafa2-fd54-43e3-ae24-be488b91a22e	50	848	54	18	-
699f6155-c06e-4012-983a-57b2174792bb	50	848	54	18	23
edf40885-3aa2-4483-94a3-5b60f116d132	50	848	54	18	;
77e94785-9605-47ab-9431-5cfe20ca86c9	52	862	42	12	meets
45844cce-6c7c-4479-b845-52a18d80a6cf	106	860	68	14	Teancum
f5c77ad9-78ae-449a-a46e-65331272aedc	106	860	68	14	,
5051d08d-fc60-4749-ba47-87d3b6ed6863	126	874	62	14	327
28efef5a-fc21-4ad7-8dd3-81c50a92ec9c	126	874	62	14	-
b46a8bdf-4ebf-4fde-bea9-70a5eb04a644	126	874	62	14	34
7c5ff416-8fc6-4750-b7a9-7e25aab2fd72	126	874	62	14	;
32c3a816-16ea-4837-8e08-a96852b65486	42	886	49	26	AminE
00e430d6-d92d-4659-84e4-d957fc40668e	94	886	36	26	else
2fbc1d9d-1f8a-44b7-90f2-35d37fdd3354	80	898	67	12	cklenites
13a7d3df-4ff2-48d2-857d-50b6327c9a24	80	898	67	12	,
d8020171-eca3-4f50-a31a-0b62ec3d090a	149	898	29	12	see
36f78fa0-2069-47f5-9225-6aadccf7711d	179	898	75	12	Amalickiah
01449fc9-9b68-4274-9bc0-5a526750e9f0	44	914	22	16	85
c76d07b3-9670-4a9e-852d-13f9a24cd869	438	768	40	10	Vepbi
ab27dc62-0fc6-489d-8d64-ead993896967	438	768	40	10	,
f96c89fb-fe44-4364-905d-9aae0b5ebf89	478	778	24	16	his
b4570c99-2426-4875-83d2-6ba67c748499	412	826	42	14	249
b61173db-41aa-4231-8b48-c70d191e3319	412	826	42	14	-
e06f2740-36a2-47be-9c45-1105ea0b0cd4	412	826	42	14	28
f240d2b1-38aa-4d34-ad9d-5bba3335fd91	408	850	16	16	25
b0216d1d-2f95-4341-ba65-a0af582442b0	426	836	26	28	123
62d5aa3d-5569-4d71-b12c-420b2ea7f3f1	552	742	54	14	Lamoni
bebeb39d-5c87-4d6a-bcbb-5e936f2bff00	552	742	54	14	,
105218b7-6d75-4db1-81a2-c94f4712a0a7	546	754	20	14	to
dd310c46-46e1-4236-8246-8c7a9c1ff314	566	756	22	14	go
e0c17112-e948-4ee1-b546-0473e6e34579	592	756	14	10	to
c23fa8ac-2f54-43cf-a71b-8d888a117763	584	766	22	14	for
360afb1e-b2bf-40fb-9796-291d992ad29b	572	778	34	16	from
e5df4dec-b61a-42f0-b30f-36d720cc01d4	574	790	32	16	king
a9f1b5b7-2b3f-48b5-8e60-e93b3837568f	340	864	48	12	council
978ee387-fc8d-464d-b2f5-3fef89b399ba	528	858	20	20	nd
10046c92-898e-4fda-af9a-368c754b3852	551	858	54	20	brother
6741aa61-1104-41b2-b482-8db093f49620	551	858	54	20	,
c403ec9e-5524-4fb0-9a0a-73b7b74ef813	342	876	28	10	256
451e1501-5a4f-4155-bc3c-86142daed035	342	876	28	10	-
bfb29c22-009b-4205-9fd6-3f2db89a170a	546	876	20	14	160
761ea608-4c19-47ae-8d72-d3a837d0e888	546	876	20	14	-
63819158-1c8d-4158-8bfd-0ef8ceebbd6e	340	884	46	16	buked
ebcd59ce-5d2f-4e8d-bc74-ad9645c8fd4b	338	898	50	18	261
8cdae8c0-c468-4c52-92ad-36bee9e32785	338	898	50	18	-
81fe6295-65ec-4b89-87f0-acafbeaf599d	338	898	50	18	12
27677573-51b7-4039-83bc-ca3a41650710	338	898	50	18	,
b79b1d35-ebea-4f6c-a271-152d49e6ca51	382	887	70	31	263.35
0c1cbadb-76fc-4f27-9b61-499bdda1c383	382	887	70	31	;
bac200b1-c1c6-4dd1-b221-d7ed166dc1b1	412	888	50	14	Aaron
9e3c0cde-826c-4243-b8c8-d2eb86bfb65d	412	888	50	14	,
f08ecb6e-80e6-4dd5-9996-dd52cb558889	460	888	56	16	261
d7d590a1-5b91-4083-80e8-6695d553c186	460	888	56	16	-
4e73f2b5-f100-4497-805e-c8efa35eb5f7	460	888	56	16	10
e59bad4a-0655-4ed7-9138-4befae2497b5	460	888	56	16	;
5c4bed27-9b19-4aba-a444-5f476568e3b7	518	888	56	16	praises
81f4c7a8-dba3-4932-8c27-58136f443b23	450	902	68	12	proposes
5fd7b069-b21b-4264-a635-b26448202eb4	570	884	30	18	God
d93bf072-f49f-4c52-b1d7-44571ea74e37	516	900	74	16	migration
87b47d2f-e57b-4c6f-a7dd-1f110bc55c22	588	898	18	14	of
