ID	X	Y	Width	Height	Text
6d4efaae-b239-4685-9e7a-46329ed1afa9	82	62	34	16	540
67aeed32-fe26-4d2d-8f13-49f8bb3fe59b	334	60	64	19	INDEX
239686f4-09f3-4de9-9598-a83e7ced3508	98	90	49	12	created
2caf1a0e-59ef-4617-8719-c3a8dadb8c98	149	90	21	12	by
d7cbc56d-4fc2-40b5-8a56-ec4c345ea2cb	172	90	32	12	God
1159d5ea-646a-4310-8ad9-f800f550fd7d	172	90	32	12	,
9652c668-3eba-4634-9e14-c5a5ea89eb00	204	90	45	12	54
44091fd8-9d94-4e1c-988a-060bb5160215	204	90	45	12	-
6d355288-449a-46b1-bbc7-d6f19af1a0df	204	90	45	12	15
cb6d96ac-47b5-4ce5-9902-b14f84aa7908	204	90	45	12	;
abfa4a15-d277-4f68-b224-31e757cb9031	251	90	50	12	hunted
4db25b7d-748b-4a35-8538-18464b42edbf	302	90	21	12	by
85ae01da-061e-4e84-aa4a-35dce8b10366	325	90	37	12	Enos
4bd68b54-2c6e-4c1c-a3eb-a4197acd408e	325	90	37	12	,
e953aeae-11db-4d90-bd00-be294f81f7b4	98	102	43	12	125
6efc43ef-2f79-4e24-8d54-75d993717040	98	102	43	12	-
357f78da-d31d-46e2-9168-6afec1738cbc	98	102	43	12	3
f3436436-30f6-4dc5-9943-3499b604ee91	98	102	43	12	:
5cf443f7-5d46-427b-9426-6ca70354cedf	143	102	74	12	Lamanites
a6c9d04b-8d1d-4c91-9db1-ac0173f92546	218	102	39	12	drink
c4b98e3a-ec51-4352-b062-3cd545931391	259	102	37	12	blood
6036d12c-5350-417f-aa59-0b7ac0498ef5	298	102	20	12	of
387dd4db-aec0-4298-859a-8d4ada6697bb	298	102	20	12	,
dbbc55ba-af89-48b9-a650-ab5e6825ba44	319	102	43	12	128
5d638aa6-bf2d-4dab-913a-6f5e710b776b	319	102	43	12	-
062134a4-a1ff-43f3-8fb0-8b93a38b962e	319	102	43	12	6
75ef51c4-b680-45de-823f-c97ca213ebda	319	102	43	12	;
d753748d-db48-466c-a429-96bd4db8bce8	384	90	34	30	part
476742b4-6c6b-4561-bc39-d3dc689ed23c	421	90	22	30	ole
a7a4c5dd-6934-42e0-8e64-d32ac8fb7038	448	90	37	30	tour
dec817a6-bdcb-4936-88e3-47c4a377ee4f	489	90	60	30	testosed
b6a87bf9-4685-4ede-991a-1eb5803cbdfc	553	90	52	30	2238
972983ad-893b-44ad-b71b-67b7c517fd06	553	90	52	30	,
8765c021-2793-4097-b21f-0e97198ae164	609	90	47	30	24.2
0b96cc22-6b7c-4e96-adc0-966e3bf33f38	609	90	47	30	;
9cff870d-0089-4faf-b6d1-3f2f4c2c173d	386	102	33	12	part
fa660575-1d63-496d-9ce4-6c1ac64f1a77	421	102	22	12	of
36d5aa64-827d-4218-8c23-b9addbbd45e4	421	102	22	12	,
78e1b31a-fbbc-4625-96d1-dc7bbff39510	445	102	19	12	to
890da91c-f944-4639-a5ec-20e54034d03c	466	102	21	12	be
ad788ef8-63aa-4643-ae4a-2d7e01651bc3	488	102	66	12	restored
3b8f147b-b0a2-435b-a5cb-e37031a8fa9d	488	102	66	12	,
7220c8a2-4868-412d-853b-59c62bb63b58	96	112	18	16	at
f957b453-d7b8-4a8f-8317-3080499430d3	116	112	62	16	Mormon
f8b42dc7-e2cd-4634-8bfe-2424dd7e1310	116	112	62	16	,
bcc33ea0-637c-4faf-8835-9efe7a75348d	180	112	44	16	168
963eab51-4248-425f-9f51-650f191cd107	180	112	44	16	-
51cb76e2-bcfe-4ae6-9516-21daabcc610d	180	112	44	16	4
d6d1cc20-3729-45e7-870c-25c7d33b1920	180	112	44	16	;
ed0e64c2-b1ef-45be-8327-f5bdee8b2729	226	112	18	16	in
d269c6b6-c363-4cf2-bb4f-6317933a39c6	246	112	84	16	Hermounts
aa386c54-7b09-4f7d-84e6-88c7b5b24fd3	246	112	84	16	,
8bae0b2d-0560-4650-b3fb-138c0228bb97	332	112	30	16	200
0c3d68da-a2d6-4f00-a2fb-25eea5407053	332	112	30	16	-
9680105b-6b04-45ec-ae93-1d06866691a8	404	114	60	16	Christ's
1dba8a81-20ea-4470-bca8-b7fe871cea58	466	114	46	16	spirit
4efd12a2-ba12-45e0-942a-90f9c8e16442	466	114	46	16	,
43b59217-133c-470b-a9d1-cb84f3518142	514	114	48	16	484
55d229ce-7f9a-41dc-851f-4df3f1f6f6db	514	114	48	16	-
ae7eb8ca-0e71-4c9a-b37d-3b9eade801c6	514	114	48	16	16
f65215f0-90da-40dc-b36e-b68d2744783a	514	114	48	16	.
2279c8cd-d076-4def-b6b5-a07421028e0c	96	126	23	14	37
26474bc8-b7c0-4d51-9644-20e59f3b0d23	96	126	23	14	;
3b68304f-861c-4d53-9de9-157729b4f5ec	120	126	55	14	mangle
f0f5c2de-33e0-4fa4-bb7b-00865063d223	176	126	50	12	buman
3b9bc331-458c-4b0b-9e12-564361c8a885	228	126	70	14	сагсавзев
457ff32a-05b8-4544-8a15-a2a437909ee8	228	126	70	14	,
bfa7434d-8e48-4fb0-979d-de3e4286c39f	300	126	48	14	235
b0cba88c-0bee-4959-9669-baa6b992f766	300	126	48	14	-
9eeac047-91e0-4251-b5a2-66a69e0f9ed8	300	126	48	14	10
d91c2a1f-a77c-4ab1-9502-853f4bf47ac4	300	126	48	14	.
af263fe2-656c-4c1c-8fe7-dbd274d3e29e	86	138	77	14	Beatitudes
904ba59a-1331-4265-9bd6-1dd3ef646c4c	86	138	77	14	,
6de4f2f3-2b70-46f9-911a-4f28eea365b7	165	138	40	14	given
7a397bcc-a62c-4370-8cc5-6db6c1dee85d	207	138	17	14	to
5ce4f7c8-d63b-441d-8641-cdde981757e3	226	138	63	14	Nephites
f7c3e989-32dc-4100-b3e0-fcd6fa5285ff	291	138	23	14	by
1cb53c62-e399-47f8-b018-12492db0de86	315	138	49	14	Christ
2659c1af-a3a6-4389-a706-247dac3a476e	315	138	49	14	,
e0b6f852-4599-4720-9a31-23a69a3fb661	94	150	44	14	424
8b3882ff-30d2-4d3d-b19a-e607f6a40272	94	150	44	14	-
19f28618-351f-48c1-8fdb-e17686b5d688	94	150	44	14	3
87824b02-f33f-40da-aad8-45aa49d70c92	94	150	44	14	.
fd6bba17-a4c6-4bb7-bfdf-e85fae2f6c1b	376	128	26	30	Bon
814c5c39-4837-450a-818f-2e064e79257b	406	128	75	30	LimiTe
de955a79-66fd-4405-a2c2-d7ea8ae072a7	485	128	22	30	led
7278818b-f991-4232-af25-850fbc629e2d	511	128	97	30	Lemans
d08a484f-7f78-4ddd-a787-505602f60145	511	128	97	30	-
04f9c4f6-b232-43f0-af93-440b665bbeff	511	128	97	30	24
7fcfc877-1d79-4443-bcbd-68cfe2b8737a	511	128	97	30	,
c38ce193-f838-49b4-ad69-fed5b98e740e	612	128	42	30	29
3214c669-8fa6-4003-bcaf-58f8395491d0	612	128	42	30	:
b1093d0d-4d72-446f-ae02-ab6ea9fe3805	612	128	42	30	19
6a4a4ded-8b9e-42d1-951d-bc00ab64e207	612	128	42	30	;
90d1557a-f90d-4508-86cc-d2500212f7b4	388	154	69	12	predicted
bf02b9a8-f2ee-4762-a67c-1580084379cf	459	154	24	12	by
a5e64247-8c88-4c7e-8e89-f2af69eaf64d	86	164	36	12	Bess
5126d8ac-eb11-48a9-bea0-8dd74506e1c9	86	164	36	12	,
2a4597f2-2164-40dd-ac62-581ccf82f116	124	164	54	12	deseret
c347de8d-9a7b-47b2-a8de-66d13ea4f041	124	164	54	12	,
ae8e91c3-3da0-4149-829d-d1f55fd21637	179	164	51	12	carried
dbbca53b-4ea0-49e0-b978-a31e2b62598b	232	164	20	12	by
aaefb053-a42e-4fc3-b8cd-3562c94d53d8	253	164	67	12	Jaredites
bd68fd9d-95ac-4853-9a02-5f78d7e417c0	253	164	67	12	,
9c62939e-d208-4864-a352-eb7da667454c	322	164	40	12	480
cae7ca57-6ff1-4001-96db-fb5b6dc62fa5	322	164	40	12	-
17415c0c-a244-4664-8171-32624a3cbcc0	322	164	40	12	3
56d760ee-2d14-4de6-802f-de5ad574bd7d	322	164	40	12	.
a98ce4db-97dc-41c1-844f-f080139946d9	84	178	54	24	B94595
67342b4e-265e-4138-b116-5885ddf467a2	84	178	54	24	,
8a430387-bc35-4f31-9f46-06f4ae3f4836	141	178	24	24	not
96279231-e04b-4c34-9067-9ba0d4a3f544	168	178	15	24	to
77b19b01-6e0e-4e1c-9c88-528e1f864b01	186	178	18	24	be
16d604fd-4b1c-4415-9436-60513fec11af	207	178	51	24	allowed
962368a7-37b1-427f-986d-e677a616f5a3	261	178	15	24	to
8a2ea0a5-c022-4c6b-a8d4-8b5571eb1f49	279	178	27	24	nak
5cfb27bc-db56-4777-a6dd-5a890dc1c308	309	178	15	24	in
8338e1be-bffb-4556-8880-7dda0b5ff384	327	178	37	24	yain
7ad1fa3d-a2e9-408a-92b2-dddbfa253bce	327	178	37	24	,
8e44a7a8-3fd7-423b-84dd-0dac066ef01d	386	166	42	12	seeks
eb01da46-c908-4562-a46b-9e4bfc37885e	430	166	54	12	[
99b82ce5-7298-4383-a548-47d96e9c7198	430	166	54	12	reedom
5b76b382-50f0-4d21-a761-c26353722477	516	142	36	24	а
0cef7849-8ae9-4604-8db0-3b61927987bf	555	142	59	24	1592
1f9250d6-c4c8-43b2-b7fa-398a205889f7	555	142	59	24	"
b36f6e00-07b8-46fe-bf01-a6619e469df4	482	164	45	14	from
243fcfbd-bf13-4024-8d84-fec530305f64	482	164	45	14	,
2be85d08-699d-4db1-9fa0-3502b6a75748	529	164	54	14	176
548c9663-5d8c-4fa6-97bd-ddfe6d44fadd	529	164	54	14	-
ff05b206-7710-41f4-ab7b-3ea32afb0001	529	164	54	14	36
9aadfa0b-7e8b-4d57-947a-b924e9147f46	529	164	54	14	;
7d4cec13-9658-48b5-8c4d-22e3a5cb0d5f	585	164	42	14	Alma
02ddd053-82a9-4cf5-a34c-9357ff29ea9a	629	164	21	14	and
108ae229-3343-4244-b50f-0c4842fa3dc9	386	178	49	14	people
7ad15405-aa9d-46ff-823e-98a0cc65eacf	437	178	68	14	delivered
f1a10f3f-07d0-4d61-8147-fce7b7d1eb10	507	178	43	14	from
fb044c6d-5655-4056-b7fa-216d406e1538	507	178	43	14	,
3a4959eb-9907-480f-9f39-01f6e6aaf582	548	178	52	14	181
90ab39c7-7c57-4b09-9f5b-f5f3db907f45	548	178	52	14	-
ef309ef2-a49e-4223-86d5-8936a61f347e	548	178	52	14	17
4652c8d0-910e-40f3-98a9-424638b6ae51	548	178	52	14	.
aa550aa9-8786-4915-9f7e-90d31863176d	84	202	44	16	Bellef
77124dc8-234c-45a5-84ae-ee92824635a2	84	202	44	16	,
df29e539-55bd-4adb-a575-e253d1a477d7	130	202	74	16	individusl
e4994a21-d77e-4e04-8fc5-f6b580dbcf14	130	202	74	16	,
ee3c906e-6c95-49f4-b35b-5e50fad20fa0	206	202	26	16	not
68784d5d-e466-4173-b4d9-685a924a9c59	234	202	74	16	puniahable
bbebcf21-e7a3-4290-b2bf-302a40b9472d	310	202	20	16	by
58d64319-5b18-4da3-b0ba-a9185f7df1ca	332	202	32	16	lan
7300a3df-a87b-4ff1-90c8-7660cf68a040	332	202	32	16	,
3812c468-48ad-44cc-99b6-33c378a505f5	374	190	48	32	Baor
657bb2e1-9ff3-4d61-98cc-e7d9e6c14856	426	190	36	32	ward
a1faebe4-da33-409a-a973-81d25926431f	466	190	56	32	relie
098da0fd-910b-4af5-965b-564b9f3aa3b3	526	190	44	32	toute
cf6b0dd0-edf8-45a1-bc8b-6ed79ffef04b	574	190	20	32	ed
70234217-fd4c-436f-a52f-d73b5ce7221d	598	190	58	32	Bland
801ee72a-f210-4140-bc1b-e08135b890fa	98	216	49	14	196
5368c4a4-5eee-4ac5-b64f-6d616f936ab8	98	216	49	14	-
2beeddad-ad27-4060-b8ea-47c03fe804d9	98	216	49	14	17
8ef6788e-f10e-49bc-ae4b-5b86b8aa9202	98	216	49	14	,
bf59c619-c76c-442f-a464-6a8056686cdc	149	216	43	14	269
7f45c989-a3fd-434e-99f8-e5b2aad89741	149	216	43	14	-
4432e6e9-650b-4a6c-a35f-87faaba3d57c	149	216	43	14	7
8e564852-8880-4758-956b-23a51ecab754	149	216	43	14	.
71a22ba4-3b78-47f3-a30a-3845929334d5	388	216	68	16	explorers
0edf4525-60ea-4bd1-8049-703a73e46b86	388	216	68	16	,
84615f92-550d-4cb3-b6b5-d8a12157d7c6	458	216	42	16	150
1f37dedc-41ed-4421-98b3-0f963e202c4b	458	216	42	16	-
43472647-538b-4645-9ef3-2df3f17c6b97	458	216	42	16	8
979ed859-078d-4775-af96-5b0797ac9518	458	216	42	16	.
72f8c77e-6be5-441a-a393-c7d000c0b355	376	230	42	15	Book
eb44d495-6e84-42db-a992-3837f822c542	376	230	42	15	,
faab2379-d0e8-4db2-9b58-352d9772f125	420	229	23	15	in
2502431f-ada6-4542-b258-0d8cd2be5345	246	238	48	16	called
41317047-a919-4b0c-83f6-a6a55ee3c0a7	296	238	68	16	Nephites
acaa4d47-cf29-45b8-abd4-5cf2a5efb3b7	296	238	68	16	,
ce5df388-9bfb-4fe1-8e9a-95cb363b4ae6	96	252	48	12	458
294ab415-4f78-4f7b-af46-d313c6f40b35	96	252	48	12	-
4bc57288-2211-4347-b6b8-a4cee4cf5442	96	252	48	12	36
2ed4b7f3-b7e9-4ee2-91d7-097df088f819	96	252	48	12	.
00c3d628-9ad0-497b-960a-b9a4d543f8a0	86	264	56	14	Ballows
d10f3406-330a-4a25-bbe1-8f30a25d0b17	86	264	56	14	,
104c12ae-2184-40f0-b4eb-9c7c1c7932a1	144	264	17	14	of
ba3ee2ac-f6d1-4af6-a3fc-765e58537654	163	264	44	14	skins
8b6dcbb2-3cfc-459d-928e-bd54b61a1aff	163	264	44	14	,
11739ce6-49da-4ca3-8e53-ed9d4b95c932	208	264	40	14	made
cf72ed7b-8855-4c8e-8157-96abbb8ef2e4	250	264	19	14	by
8c1af5f6-4c76-46a2-b86a-64816ff0acfb	271	264	47	14	Nephi
5caf7010-89cb-4dc9-8ae0-67ba67615342	271	264	47	14	,
99abdcbb-8006-4693-8c3d-e62ad63376cc	320	264	42	14	34
cea37cfd-5a48-4546-ad77-09f2ee95171b	320	264	42	14	-
0fd9a84a-2d6d-486e-af58-d3f75695541b	320	264	42	14	11
11c7124f-9006-4821-8e8a-a1e3a2a98770	320	264	42	14	.
58d5444f-2f3f-42b3-868d-4da682c3516e	86	276	52	14	Benjami
79f9456b-0c91-4736-8c44-c78c622e896d	266	288	54	14	131
b8758752-320c-4854-b754-f7298a01b7ee	266	288	54	14	-
d4d214bf-4a3e-4d1d-8b84-de7c96681770	266	288	54	14	23
ba38b3d1-2b27-409c-bc46-af3da1a4a6fa	266	288	54	14	;
8177d26d-7d1a-4441-930b-420efab6c013	322	288	40	14	given
95c5de63-ea74-47a8-9ade-0b5f6b799a7e	386	242	50	17	record
c4f49088-26a9-45ae-ab16-c33e7ff3fd06	384	242	15	30	ro
532c441f-8d4f-4ff8-8682-e5466b4d0d3b	403	242	26	30	On
6e7dbeb3-5e89-417b-bc7a-e4cf3ca913d2	433	242	19	30	it
235c7a4a-3f88-463a-8e5b-748085401859	455	242	11	30	d
8195b57a-94ce-4b99-99e1-6bcb3f050d35	470	241	88	31	233.2010
7e30c6a1-0602-4de2-a29f-50aeeccb9ef8	414	270	62	16	precious
15d9b220-f3f7-4866-b6f8-36f7157562ca	612	244	42	16	worth
1a106cc2-b22f-405b-9740-e4bb94ea8a52	576	258	42	12	many
5ef9cada-75d8-4a71-88d6-cded91ce3031	620	258	34	12	plain
0610f4b2-3861-4fe6-88d6-3df06d8ded11	576	270	78	12	abominable
b75520a6-050b-4934-bbeb-62aa52650997	96	314	48	14	plates
cd3c262c-6330-4f6d-88e1-a547ab54f4cc	96	314	48	14	,
29a9d2a7-924f-4f26-bfd9-1b7080807cc1	97	325	50	16	Bainst
82ecaba9-dc1d-4ad7-b45b-e5e4efc9b708	160	326	80	17	Lamanites
8b6cd8e6-ce7f-4d3b-ba13-cd9ef82988b7	160	326	80	17	,
1fb7136c-664a-4df1-832b-8c9d78e44b2e	314	326	48	13	defeats
8a6e46aa-e1bc-43c7-8aff-da4681b265a7	180	338	56	16	133
76926d57-e171-49d0-89cb-77432574d03a	180	338	56	16	-
2defac70-f1f1-4a74-8b1d-e8626949d7ef	180	338	56	16	14
239b649d-bb62-4d04-a838-fcd49aa913f6	180	338	56	16	;
9f607f23-8906-4244-b73b-bb87bf465ce3	94	352	32	26	роня
10cd18c4-2793-4a6d-8dfc-33cf989f0a2e	130	352	36	26	того
0636feb4-596c-4eca-a1b0-9460c06f8e20	146	350	45	14	134
582090bb-2c45-4f1f-94d8-46aa980cb962	146	350	45	14	-
fbbd7f18-defa-4c6f-a3ef-092a456dbb36	146	350	45	14	1
af04c312-ed53-4b3c-85d6-22625ed25f23	146	350	45	14	;
f6e8206d-9f7a-42dc-86e5-147cbd3c99ae	193	350	37	14	sons
74dc5858-bee4-4f7c-bfe1-aa51e097d6e2	238	340	15	24	1
2b95218a-f95c-45fd-9e0e-6036ec1b418d	238	340	15	24	,
16ad404a-31a5-47c0-bd47-9ac2642f3a4b	256	340	52	24	9342
f9034f5e-5662-4cb4-9fd7-36af93091202	256	340	52	24	;
94fe7c75-031d-4fcc-9f74-1b5a775f27d7	308	350	54	13	teaches
a12fafa9-d55e-4a25-89ed-b1e266cbc557	224	362	45	12	134
e7a34e37-a073-40dc-9062-1f592636ab9a	224	362	45	12	-
2c8afc86-d84e-4892-9ee8-83e920592b84	224	362	45	12	3
0631b9c6-4c69-4a44-9054-bdde1cf52869	224	362	45	12	;
57f9f84c-7f30-4b13-b3ad-b3c65812c902	271	362	53	12	confers
ed85e771-7bc2-4aaf-9dd7-3faf2027055e	325	362	37	12	king
6060e472-8f30-4081-bff1-d90ecdbecd6b	325	362	37	12	-
ff59951c-941b-4c0b-9958-b371bf466768	274	374	52	12	138
201d3348-31de-49ee-9562-fe4fdc888ef9	274	374	52	12	-
1ea51364-4157-45f6-b03c-8229cf811d62	274	374	52	12	30
30f211fd-f236-41d3-aa9c-378bdc97e99b	274	374	52	12	:
aa7f21be-23ce-4889-8695-ac6b9a247e58	96	364	27	38	ten
cc780d2b-f072-46e0-84d4-253bab3ff36e	128	364	43	38	sere
5cea4c56-19ed-48a4-a0c4-f5435e692b89	176	364	48	38	has
9303e24b-10d8-457f-bef6-af6b328c1a87	229	364	16	38	on
650d71d5-066f-4650-9358-32b0570dcc39	250	364	112	38	Mona
839e00d6-8201-4ef8-9ef9-45d02a3baf98	316	396	46	16	136
f7fa4f04-87cf-456e-9cbd-5260125b7ec7	316	396	46	16	-
7496c195-83d5-47d6-8ef0-bced0584217e	316	396	46	16	8
44eb4362-8192-4f38-84f5-79ed26acf7e8	316	396	46	16	;
df7e924a-9085-414f-a18c-95ebc022ec3e	98	422	18	14	14
f729c6bd-a12a-40e4-8048-f0f6e24756e9	98	422	18	14	;
db36bd36-0bff-430f-8f80-a33c8f453dd2	117	422	42	14	urges
09c622fe-2de1-45dd-b283-29954062093b	161	422	49	14	service
ceb7738e-d52b-4481-ba67-0dfd0cb7a21b	212	422	18	14	to
766c5623-cad7-4f04-a5ea-bacd2fdf753c	231	422	43	14	fellow
7068c5ad-6e0a-4e4c-bb0d-6f3cd15c3f85	96	438	43	20	people
8224ef93-cc28-48de-bf47-490ef6a6a5b3	141	438	20	20	of
d77161f4-5ba1-498b-b2ce-4d9462d4183b	141	438	20	20	,
eece7841-0570-4813-ba14-4e0f08226647	163	438	65	20	covenant
853fa8d7-9514-4ee9-990f-00a6e169d9cc	242	406	28	32	How
f14831bd-649a-407b-b003-91477f13cbdc	274	406	36	32	Lan
1a70ca62-625a-4552-b260-3d7e6374e500	274	406	36	32	,
c00dcd8f-5ccb-462c-b9de-0465f229ca56	314	406	44	32	137.37
d0c07a86-10c5-4942-ac46-96259a7df370	162	446	56	16	names
d6cbf5f0-daf7-4934-8869-5973c69a01cb	216	436	10	28	•
aa6d667e-8753-4719-9e4e-7c2bc1acb80e	230	436	60	28	covere
6d2cd638-c3c0-479c-9787-20e3a75eb496	242	448	69	12	covenant
16abd608-92bf-4085-9de3-310916ef6488	313	448	49	12	people
adeace3d-5840-418f-9068-6d9ef6babd7a	313	448	49	12	,
be4035c0-914c-4992-b604-4cc18419168c	96	458	46	16	146
8918d44a-ea6f-484f-a0a9-cf4a63c5f28a	96	458	46	16	-
d07a99de-0287-4274-940f-8b5140f04b3c	96	458	46	16	1
2222614a-977d-4b1f-9708-786fadbb64ca	96	458	46	16	;
87de8de1-2e46-4c2a-b22e-37ee483d05e5	144	458	90	16	consecrates
cc2be4e0-4564-4642-b931-72a41fe04cb6	235	456	62	21	Mosiah
5ea2f45b-b0dd-40bc-9bed-3999bf3d854d	235	456	62	21	,
4e128496-669c-4482-91af-58d127798a3b	96	474	48	12	priests
791be3e2-2b5c-40dd-b57e-d71f04491cf5	96	474	48	12	,
60905765-5696-4de7-a90f-4f610d568cbc	152	472	46	16	146
ebc93412-4544-4da5-8a16-0d250cc9e994	152	472	46	16	-
49f4685b-2afb-4432-bb1d-9ec431518ced	152	472	46	16	3
30da4a56-6cc4-42fe-9e64-483081a9b691	152	472	46	16	;
d232e905-72c0-40e6-924b-1453a4891e0e	236	472	58	16	147
bff8998a-5f8e-40cf-a08a-17448d5b89c8	236	472	58	16	-
b8267099-3503-4a7c-98fa-352a6a4ca4c4	236	472	58	16	ch
56d62772-eaa2-4586-80a4-6f0bef37a9ef	236	472	58	16	,
a55b9607-df67-40a4-b542-f6f461655903	96	486	54	14	example
6dc3f5be-cce3-434c-807c-ce3cf3ea59b3	172	482	47	18	cited
3c138965-363c-483e-8262-fddea2e3413f	172	482	47	18	,
3f9d57e5-e3aa-4cba-bd21-49e233c62f0b	222	482	52	18	192
cda2d536-e014-4d4a-afa1-28674a8a7357	222	482	52	18	-
17a372ae-4359-46cf-bfa9-e8605dc780d9	222	482	52	18	13
1981240f-cb4d-4c4a-b9af-8a843f552c42	222	482	52	18	;
175f01f2-8cc2-4bc8-b05f-ed05aa0a5114	276	482	67	18	teachings
47dbfd03-2468-478d-bb96-91edf566fd23	345	482	17	18	of
2a809708-6072-4254-8b1a-95d41b2fbe08	80	506	44	32	Bite
0beeb2cb-6cf2-4bad-b925-3f462c8a98e1	80	506	44	32	,
7bf0d485-141b-4cc4-ba44-ed591eaab341	128	506	28	32	am
71821750-8962-44fe-a68e-019c93a79e94	160	506	60	32	prophet
10169dba-f832-4fd3-ac5c-254cd2434fb1	224	506	16	32	to
e37a6134-730c-40d7-aa9e-0b3af5f4f325	244	506	24	32	baR
baee82f6-4f02-41a0-a6a2-8c5df1d376f2	272	506	44	32	Bibet
cbb51580-7801-4edd-8402-e2e86c07d660	320	506	44	32	101
13cb6dff-2608-4251-a266-523d178204f0	320	506	44	32	-
335a1058-cc77-4480-bded-711e9566b329	320	506	44	32	3
81ed5413-bd34-4280-962d-c78a79de17ac	320	506	44	32	:
195f9632-8620-4af5-8fd5-0b6c5abc7908	94	534	18	16	to
7a85a696-c2f3-4881-ba0d-c69e385b3e85	114	534	56	16	proceed
29db9edd-1fd8-4bf4-a4b3-8d0db8e5c0a5	172	534	36	16	from
86c2d61a-5c18-424e-a006-945c0021d16d	210	534	42	16	Jews
76bec21f-61e6-4aed-b323-fb1523a25860	210	534	42	16	,
75c0d466-fc6a-47ed-a952-18564cc91515	94	548	56	10	contain
4060e838-a23e-4052-949a-8c5107fcaa51	252	534	45	14	101
76ded515-9d07-4be1-89d0-2ceff0ae2718	252	534	45	14	-
62795166-2f86-4319-a964-931ebee00f69	252	534	45	14	4
dd9749de-6171-4450-a15b-7f59e1a4c51b	252	534	45	14	;
4495805d-e186-43f7-bbb0-040cf6e846b2	299	534	33	14	does
2283fe7d-1c84-41f6-aada-00b1da885d1c	152	546	23	12	all
fa87a715-78f4-486c-8df3-020673434fc1	176	546	26	12	the
8a1b9a3c-f2bf-41d3-b138-4153298410e3	252	546	21	14	of
65cc63ca-a338-4142-af01-cc9bc9f10479	275	546	35	14	God
56bf9c20-fd5f-41b8-ab59-2c8736be151a	275	546	35	14	,
75a138be-f4c0-4cfd-addf-d99a11b45c34	311	546	46	14	101
c8a40917-339d-448c-bbfe-72df4cd69037	311	546	47	14	-
b3cb20e1-898b-4bc3-8ed8-bedc516f9cc2	311	546	46	14	10
9ae4ab6d-71ae-499d-b608-b28431566a3d	311	546	47	14	.
376129c5-b92b-4beb-b911-1da9f73203c4	84	556	42	14	Birth
e73dcdfc-e2af-4186-a3b9-853048394a90	126	558	19	12	of
d094b81c-e889-40d7-bbbb-3784a8b02e61	147	558	49	12	Christ
9176c871-82a1-470b-86d5-06ff669917af	147	558	49	12	,
54078229-1441-4009-b6a5-5c38de3d2ce3	198	558	98	14	foreshadowed
c9d541b0-72f9-4894-a504-5896c60f2d0c	294	558	22	16	in
d8c9f87e-4868-4292-a0cd-febcbc7eba05	318	558	44	16	vision
c8452e15-3c05-4fc5-98b9-8ff212109bd1	92	569	18	16	of
219a5069-1752-4ed3-b922-c32be9a42eb2	112	570	48	17	Nephi
7dee6029-9fcb-4b14-ab58-d346abca9187	112	570	48	17	,
cad7a5dd-03e7-4060-8e89-5d05acbe8bee	96	582	46	14	Nephi
c09ca308-7a81-4b0e-a512-c94d92aa1c83	96	582	46	14	,
a27a747b-4a99-4423-96bb-68a8e6323378	186	570	21	12	15
db5a4737-345b-47c9-9ed7-5d4f059842ab	186	570	21	12	:
50907af0-ffd4-447f-9fd6-49c30e5346bf	209	570	42	12	signs
82579637-51f5-472f-bf8c-2fac4796d967	96	596	46	10	393
52f0b775-78b4-438a-9884-0e0c1bbb41cc	96	596	46	10	-
d7dc3d76-4a6d-477c-a1b8-c4ebeab6da1a	96	596	46	10	3
ed7fb22e-1887-46e1-be53-b33b369562b9	96	596	46	10	;
350bbba5-b4d5-448f-99d2-5ac1f3d5872f	144	596	28	10	відт
0ef67d69-2915-41c9-8cb4-95ad7f6650cb	246	566	15	30	I
66518136-fe56-4857-bb5a-44b1c17d28cc	265	566	71	30	predicted
53bffbb5-10fe-4fc6-86f2-1a7d3ba65ae0	340	566	22	30	be
debe00fe-da2d-49dc-9f93-d27324539857	340	566	22	30	,
c1145a84-3589-4dad-8c4c-11d4fa7a3ca3	182	594	43	12	riven
7add40fe-ab5c-42d0-a948-613af37099a8	182	594	43	12	,
ddacec0c-785e-4283-82c6-38bae8733b3f	227	594	49	12	400
f011e4c8-1b75-4d2f-a449-75c6eff376a2	227	594	49	12	-
d5a5f51b-4c9c-48db-8515-0d705a9bc6b0	227	594	49	12	15
7f96cc03-8e29-47d5-8164-776809baf4c9	227	594	49	12	.
c7fb4592-64a8-48dc-a1f9-39026428f8fa	228	608	62	12	wickedly
0d317521-b711-4745-9ce0-eb48401a3cab	291	608	38	12	says
340de771-8cb3-4de5-b512-9ff44ea1ace2	330	608	30	12	that
faf988c0-117d-4241-89b1-973760f3a797	168	606	56	28	STe
0a78ad46-eb93-4c2b-a6b8-14209fcbbec2	227	606	28	28	Nick
97ec8d4c-8ac2-41ae-9b5e-741766b68361	259	606	28	28	or
92902371-1695-4f0e-b664-0dd576687b97	290	606	24	28	nor
0221a7d7-e058-4a0c-867b-67275cdd9394	318	606	7	28	a
de39af84-8eb4-4e6b-9421-d6f87aa42d58	329	606	31	28	that
3b5f2738-13b6-4ed1-8fea-67b15f3ac279	94	630	42	18	Alma
da7df2d4-c977-40ef-adc5-e783efd39dbe	94	630	42	18	,
7b95cf2c-5cf0-4c0e-ab9d-16e59c891c98	80	642	44	16	Blind
ad41b83d-f958-4263-9718-b8856ea086cb	80	642	44	16	,
8ba4a4d0-a6a1-4886-a57e-c45806769d4d	92	656	45	26	Bite
c2927aea-7cfd-435f-a0af-6541906f5ec5	92	656	45	26	,
a80b872f-2c13-4187-a1d3-d842cb5b0675	141	656	94	26	0057473.15
b112a748-ce33-4578-870e-7345e6a32f2a	141	656	94	26	,
edd8e215-38d8-4f66-a808-e8b72e0118b4	238	656	38	26	4560
eae386ee-ec5d-4492-9089-63fcf4148136	238	656	38	26	,
88cb4509-76ba-41d6-9ce4-ad61f5da91d7	82	668	54	24	Blight
39c349f5-0007-47f6-b787-5a0756261aa6	82	668	54	24	.
ec2f71ef-2bc6-4617-b5cb-7510eff929ba	139	668	37	24	14n6
f1f5d311-415f-409b-94b4-a36f53bbb224	116	679	12	17	:,
f520e4ec-ced1-4d9e-85ce-ef6c00e53f9f	130	679	72	17	stumbling
1a3c4235-8c40-4834-b2ea-13bce25306c5	204	680	86	17	(
12d0d079-1ac0-4502-8b35-bd6290ec7e87	204	680	86	17	Egurative
d431e282-8f31-4396-9c30-ef60efd43e54	204	680	86	17	),
c51adb3c-b752-4ad9-a668-5eebba4502fb	292	681	42	16	59
521dd9fe-fb57-403d-9d5d-77d6badfdcf8	292	681	42	16	-
855eabb8-d63c-4041-94e8-c94a82f59bd3	292	681	42	16	33
9c7346c8-6e40-4568-80c0-2137d9b2bc6c	292	681	42	16	,
51119717-0ea1-4f1d-b8f1-43dd7fb25e98	336	682	24	17	94
c641bfcc-b0b2-493c-b312-28879774dbf4	336	682	24	17	-
58e4f4e3-96c6-4585-8413-19d4177dfc51	92	692	26	16	20
2f696ccd-9d4d-4c68-b171-015ab67b539a	92	692	26	16	.
4132d9a4-1d73-40af-871c-a73fa669e053	82	704	46	16	Blood
5f7c74d9-b480-4bd5-a8d7-4a5debe70140	82	704	46	16	,
4e1ec98d-2ba2-4c69-809b-1412eec8261c	130	704	60	16	atoning
0336b642-dd24-43a7-8619-672a5db7c431	130	704	60	16	,
4978988b-dfd1-4b34-895a-51cb8c4582bd	192	704	18	16	of
247f23d4-dd3c-4797-8fed-6848574edb22	212	704	52	16	Christ
413b1782-33a4-4f55-adb8-8e435566d706	212	704	52	16	,
d0adb8b9-b319-40e5-9144-9c3f46dc9fb4	266	704	44	16	21
74fb7f95-a04b-443f-9c40-7e7225e4cb61	266	704	44	16	-
6218f243-6ccd-4716-ae78-a6519faa571d	266	704	44	16	10
81eda451-2dce-4cde-a98b-4eb341a90ce9	266	704	44	16	,
e191ee4c-8428-43fd-8de4-2e46f36994f4	312	704	48	16	140
a3939779-3cb3-454a-a672-9767ab73c0eb	312	704	48	16	-
d01761eb-4ef6-4887-8c82-f312158c3fa3	312	704	48	16	11
22a14600-cf36-4892-8034-45e92e2a19dd	312	704	48	16	,
43933772-c80f-4a51-8b12-ada1739099ae	94	716	42	14	250
65481c62-3209-4359-b908-64618f302396	94	716	42	14	-
49208875-834d-4e00-86b2-e0b78341c045	94	716	42	14	9
65b2f7c7-4de5-4af0-8b6f-262a8398cf53	94	716	42	14	;
6da5b777-6c2a-44f5-9eee-43eed64656c7	138	716	84	14	sacramental
dba562e9-5b93-4503-8536-da919f822a67	223	716	26	14	cup
df8c8418-0f2a-4d64-ad0a-78ef9da5511f	251	716	16	14	in
30ce40a5-9f9e-4284-bcfb-b3569b57c41e	269	716	91	14	remembrance
67eaf262-9867-48e4-a309-f18ce6987eb0	94	730	23	14	of
a1b0343c-5bb0-4476-8859-6d42cc6caa0c	94	730	23	14	,
f4a75500-3e10-43d2-952f-6658da04ffcd	118	730	54	14	434
ce291225-dff1-4376-bd55-47d76642465d	118	730	54	14	-
804543eb-f960-43d0-8b79-d0f64d84519d	118	730	54	14	11
0f22fe2f-5ab4-48d1-88a6-6ca51a472f62	118	730	54	14	,
90036ae9-3ac5-4c82-989e-b4efe1130994	172	730	52	14	511
d9e5d253-e2b0-497d-a8d1-4a601afeb016	172	730	52	14	-
b8fd6034-c62b-427e-a51e-06eef5918f03	172	730	52	14	ch
5b887d80-9697-491d-a2e8-7cda580c4937	172	730	52	14	.
31eefd32-41b5-4682-a9dd-7037058ddcb1	230	730	33	12	5
84f5be02-3aeb-45d0-a82f-f73ccfe69874	230	730	33	12	:
cba661af-d04b-4b97-a0da-b5c08378c779	230	730	33	12	2
9d54d9d7-bab5-4431-b449-814ec2ca8e4b	230	730	33	12	;
8ed61e67-ea6d-4379-a8d6-94f2da7d70fe	265	730	48	12	people
2bdc7d32-362c-4a56-98f9-e351f0b51950	314	730	20	12	of
ac845a5a-2b54-4cfb-8d63-82c1e08aa27c	335	730	23	12	the
951306e4-75b5-4052-978c-054aec5b90c1	92	754	40	14	their
fb70e7e5-7c47-4b15-bf30-d960720725f2	136	754	38	16	own
d2e5276b-6dcc-495d-8959-27f2d1a3522e	136	754	38	16	,
2c966abb-a403-4d6e-907f-802ebf5419ef	232	756	78	12	oppressors
4408e639-d5ef-403b-a6a8-ad110f0875d9	92	766	60	16	drunken
18683625-66d4-47e2-9c1f-30b219cfd5f0	290	766	48	17	64
146d52f8-68ae-4694-9aa1-f886897289b7	290	766	48	17	-
d3d3bc3c-768e-41ef-a770-e641b20ac3f8	290	766	48	17	18
a10bf38e-4204-4b3e-be1b-27e44bbd0860	290	766	48	17	;
4a865f27-65e5-44a9-94db-cdd5a9d119a4	92	778	28	14	the
19b1e837-d245-4047-887f-3f8a4c51804a	120	768	42	28	saints
f7ff2969-e3c2-4f11-a152-03f0085892e4	165	768	42	28	shall
58183778-3b26-4c84-a1c2-f5b43e105546	211	768	21	28	cry
7717e39a-8f6d-4d59-877b-0e6618402cf9	235	768	35	28	from
3d7512c1-ff12-429b-baf4-9c05938b40dc	274	768	24	28	the
77e7be37-5282-43ce-a1cd-442f00b68068	302	768	58	28	ground
56680176-01a4-4335-ac3e-6c0d818595c4	302	768	58	28	,
b5e0a459-d1a4-4043-8624-7643f2135fb4	92	790	42	14	99
0bcb6472-4b47-4367-ba08-93d0bad8545c	92	790	42	14	-
dae9bfd6-7de4-4ac5-8443-1540aeec1546	92	790	42	14	10
0ddb9fa5-2eac-4c18-88fe-3b315ae41fe9	92	790	42	14	.
5228fe98-a97e-40cc-acdc-627e187a50b1	80	800	75	30	Blooded
c9d8eaff-bcb5-446f-af80-40ee23ece30b	80	800	75	30	,
e1b2e527-545a-46b1-9ff2-c848b7a9d57d	159	800	71	30	predicted
d0d90a4e-8fae-4aaa-8995-26cfb0759977	159	800	71	30	,
34ca8ac9-4624-4a03-9e13-e973c466dc51	234	800	41	30	0.12
f09e702b-4322-480e-a4f7-9b6a514a8306	234	800	41	30	,
3e683d7e-d837-4f1f-959c-c97790a3bc3c	279	800	41	30	30415
00d4336a-7f74-4ecc-a8b4-e55f6fdd4c72	279	800	41	30	,
9b522176-38f4-4955-b84e-ca491ee850d6	324	800	40	30	71
f9413d72-0055-48f5-bc3d-1029cf68ab0b	324	800	40	30	-
1e520c59-ada8-4d2e-b062-94f6d018cce2	324	800	40	30	6
fae2c8c6-996d-46ec-a83d-ab0cfeac6659	324	800	40	30	;
d1e21f42-f299-40ce-9639-6821ad46a97e	84	828	51	24	388
b97e0bc9-428a-4ca4-bd72-2d55095a3932	84	828	51	24	-
b08075be-acc3-4c2c-8945-7264b6ef5273	84	828	51	24	5
05496d54-0155-4ec3-a0a5-057643257a82	84	828	51	24	,
40dc72e3-c11c-475c-a189-c8e0365cc2c3	138	828	52	24	411
6fabea1c-fc21-4816-9cfa-43a697c1fc13	138	828	52	24	-
8e466608-e0d1-4dec-8d7a-6157a82d4abf	138	828	52	24	10
2fd762dc-fd0e-4135-958c-ae6a13c8e317	138	828	52	24	,
46d2678f-0b35-4eeb-9033-d5403aae625d	178	827	66	13	strength
5019475c-759c-478a-8bf2-86dbb00deacd	308	825	48	15	157
496ca176-5901-449e-b22d-5c662c54bdba	308	825	48	15	-
6de2cecc-0077-4403-9006-09994847f2aa	308	825	48	15	19
fd602521-543f-4c87-97df-f90fa3fa25de	94	840	44	12	388
869a161a-13af-4ebc-9c6a-303e0d3185d3	94	840	44	12	-
ae35f4e2-3e54-4231-8bf6-f17bb2fba0a6	94	840	44	12	5
8febbca2-4573-400c-b75d-28e281a2c49c	94	840	44	12	,
aac5363e-b74b-4654-9af5-b89e9d5751b7	194	840	44	14	464
2047fad8-7e17-4fa3-afc7-522d6e788598	194	840	44	14	-
0f478b6b-0eea-4769-8fb4-85c0b70ca94a	194	840	44	14	2
73ef75ab-3423-4ae3-aa14-8c91b9bbb223	194	840	44	14	,
d48f4f65-ee9d-48a4-b4ba-ef57e45e7a2c	242	830	48	24	466
4ddb785a-d9ef-4b16-970f-f87d67c76175	242	830	48	24	-
b35719a5-563c-4038-a10b-0f5e181329a8	242	830	48	24	8
8e23b846-ebd5-42fd-a6b9-0ad150c1eb63	242	830	48	24	;
9296c3e6-7232-4f3b-a259-1fb57e1ca88c	293	830	18	24	In
0d3320a7-5838-4a46-be6e-b770445f3ea4	314	830	44	24	right
6a64503a-0e92-458a-9d2f-223ca7d5a4ef	314	830	44	24	.
c975e550-d78f-4c86-994c-73348fcad768	92	852	66	14	couaness
fdbc88ed-c884-4c6d-97b2-a91c39c3f51d	92	852	66	14	,
6d851472-79ed-4bfc-b2d9-502d99867746	210	850	52	14	263
b79ea287-2d42-4ed5-97dc-6501c5706f85	210	850	52	14	-
89dade4c-9898-4add-a3d1-f1ac1bf76181	210	850	52	14	36
59b31036-fcce-4f94-9893-e21be1a2876d	210	850	52	14	.
afa7da9c-e3fb-4270-b07f-b711acb8fa4d	80	862	60	30	Bonie
5f441849-b608-40d1-938f-a169caaad2db	144	862	40	30	rob
83e012b7-5151-4281-9d6c-238a8f484cdd	144	862	40	30	,
65f85ee7-d2eb-4463-b972-7c1d7d212e5b	182	848	68	42	12320
7ffec750-d038-49a4-9119-a0408d74c36d	255	848	26	42	сс
205cbae8-bf62-4dd2-b324-2cc46bce12c8	287	848	16	42	10
5612b369-7bde-4339-8aa0-71d991936ccd	287	848	16	42	,
e6c38d18-e8fe-4c5d-836c-f312cf37d8f8	308	848	56	42	467
05e2d888-d54e-4933-be4b-5d024c2e65fd	308	848	56	42	-
2c99d11f-5c6e-48c8-b2b8-7bd7e9f623dc	308	848	56	42	20
f79c3a97-aa8c-4937-88f4-e73a35436b68	308	848	56	42	;
e87fac6e-69f2-41de-9bf1-fe4e7fe40777	84	888	40	18	Body
13eacffb-8679-4f9b-95d0-9a1cee30dff6	84	888	40	18	,
6c8dc211-1d3c-455a-91cf-a8f3f8dd68ae	127	888	45	18	Chriat
80f235a5-5ff6-4399-b441-f09fbe17e0b2	174	888	38	18	shall
a57ea134-b98f-4a13-bfb0-6a7e343bc5e3	214	888	38	18	show
545e8d4d-ce9b-4508-9d65-a0f3cceea299	255	888	27	18	his
a147bbc2-df4b-4496-80fb-e4e948dc0c83	255	888	27	18	.
46e33ab5-3ce5-4768-8d5c-f80aeba20521	284	888	38	18	67
4e5c001b-11d3-47d4-9283-83290ba31745	284	888	38	18	-
654788a5-1a3f-46c2-a173-fd9a35e039de	284	888	38	18	5
ce255a0c-07ea-48e2-93d3-1a827a2c62ee	284	888	38	18	;
c461afc5-fccd-49c0-af1c-1a25cb0f439e	325	888	35	18	mor
6f53ac2a-89fe-48e9-82eb-b936d498fb71	325	888	35	18	;
387dd56a-4e49-483a-8990-1a04b0512a20	116	900	47	14	raised
d16f1c40-501c-4d0f-95c6-a0fd77f7ecef	165	900	14	14	in
e294dd2a-055e-433d-a4e4-5a15fc6c8ff4	181	900	87	14	immortality
4a61033f-373f-474d-a361-0b514397868b	181	900	87	14	,
7ac7fd74-81cb-4dbc-bfcc-d2ef0c48b5a8	270	900	49	14	206
e7e9c548-46c8-4688-a07f-2305400c6142	270	900	49	14	-
e073e80c-e709-43d5-b85f-1410eb888f15	270	900	49	14	15
19b7aa92-6945-41fc-bb9b-5c941b9597cd	270	900	49	14	;
b976739b-d250-4332-9d73-c3678f7259b4	321	900	39	14	spirit
30ea7c08-df4e-4c92-8f7d-c33046e6d824	432	306	48	14	96
c03deb0d-3b92-4f6d-a96e-daa05125a69f	432	306	48	14	-
6f10a016-ed65-4be6-8155-df480cec6550	432	306	48	14	10
2f25f61e-8137-40e1-a379-897e47649916	432	306	48	14	,
93e81e8f-05b6-4b72-8d85-c8b75034de4c	386	318	33	24	beau
def3f0de-0f51-4843-962c-2b0b4beb3702	422	318	21	24	got
9f5f0478-23dc-4b01-9fa8-3d723353a874	446	318	45	24	horse
fc4410cd-541b-4e55-892f-b4e72f059182	494	318	30	24	06
febbabfa-b290-40f4-b9f4-8a1611e65c00	494	318	30	24	-
d293932a-9c1f-4876-a5fc-f1f209097fd6	494	318	30	24	5
d6e8dc29-0bd2-4202-8410-e17081e972fd	527	318	35	24	95
9ad6ef2b-1fbe-449f-a55c-f0cd307dc5c1	527	318	35	24	-
26dd3aca-1359-463b-ad14-07242f11d029	527	318	35	24	91
7cb139f2-579c-4520-8ecf-6c1a2df60906	450	330	75	15	housetops
acc117dd-5e1f-4a47-87dd-95e4094a0f4f	450	330	75	15	,
ff2e8109-6b13-4fa3-8688-75062ec77451	512	342	42	18	other
f550b1ab-3bd0-4147-a1cf-442636d59372	386	354	45	14	96
2f7bf7d6-b4f0-4242-9237-b1230fc1f523	386	354	45	14	-
fc9053e8-e308-4b69-b637-1b5fa0282337	386	354	45	14	13
25a6fba0-e477-4f2b-a0de-2120699761a5	386	354	45	14	;
731cdf84-85be-4584-8e6f-e4a504152534	433	354	51	14	words
c58891fe-ccd6-4e85-90d0-1d9d875c262e	504	344	66	24	delivered
7a4d2250-86de-4cf5-a2e0-410630b3ac3d	573	344	18	24	to
3bf91f3d-90e9-40ba-9f50-befef5060553	594	344	36	24	Been
3baccb03-d30e-48f8-a5f2-8ea792dd31aa	600	356	48	14	learned
1b1c7ebf-70ba-44d6-bb1b-cd834a81aa9d	384	366	48	16	96
6a732a68-dc55-4038-a129-0909df60e078	384	366	48	16	-
725dd001-3b68-4628-8272-9161331aff96	384	366	48	16	15
0df0eda8-7f11-4e9a-9940-8223f10b8f1e	384	366	48	16	;
7d832378-f33f-4b59-8b73-27ee2c0e42f1	386	378	46	17	97.20
aa38d10b-7f82-4df7-8b80-ec146aec852d	386	378	46	17	;
3293dba8-d7ca-4a8a-a6b8-fb7afcb55e2e	540	382	46	12	among
cf44201e-0dcf-4af1-81f4-9252699dc978	592	378	62	18	Gentiles
bbd79d38-799f-4dbf-ba8a-d3995bff0eba	592	378	62	18	,
c33c37f8-54c2-430a-982f-1b46e3366cb8	386	390	44	16	102
ebbbd1b9-2887-471d-81b5-a2994f6bb2b3	386	390	44	16	-
4ea81a11-2fe9-46d1-bef0-165d97c04d13	386	390	44	16	3
93dbe6cf-0c0f-4ee3-85bd-aa0158abd385	386	390	44	16	;
25f5830c-804b-4c6e-b61c-5121fe7cc483	432	390	18	16	of
31589d8a-7893-4212-aa27-a9070fa961bb	452	390	24	16	life
4485655f-33d1-40d1-bbe3-f02974562f87	478	390	62	16	contains
12e8831a-502f-440e-bfc3-dc448fff1935	542	390	48	16	names
45821a4d-bc6f-424b-9632-3aac757526e8	592	390	16	16	of
2c6b1a7b-e2c2-4f0a-b7f0-727437052405	610	390	42	16	right
40de2610-40e9-4f71-a32a-7021281356e2	610	390	42	16	-
fb8637ee-83b7-49df-b72b-ef87ea30b895	426	402	54	16	209
dad884a3-a8fc-4318-b471-0920a452f13e	426	402	54	16	-
0de0bea6-95af-4794-b4d5-dafb72ce826f	426	402	54	16	58
cbd6771a-2440-4f58-9cbf-95a585bdb9ab	426	402	54	16	;
9f994632-093c-4573-8567-8ee21fcfd222	482	402	18	16	of
92fbce98-7396-4c73-ba3c-9e1fb2bd1cec	502	402	60	16	Morraon
b6aae044-08fe-4b39-b136-890fa9e92e92	564	402	20	16	to
cdffa7a5-8b84-43eb-bfb8-9c724781fb7a	584	404	30	14	try
3e59e09f-50b9-475f-b448-a62e3f5381d3	615	404	39	14	faith
3bdef867-c267-481c-8f83-af0d67b05b8e	615	404	39	14	,
ed20970f-8631-448a-956b-2b44e80e67c2	384	414	46	18	448
75fbe559-608e-476e-91f3-a6402989e6b8	384	414	46	18	-
57ea89c8-7fbb-46a3-a8e1-958d86c04411	384	414	46	18	9
204b602a-e19c-4ac9-87a4-fe615819155e	384	414	46	18	.
1954fdcd-1ba7-4f94-b850-8e1100a366d5	604	442	50	16	Israel
e1fbc9e8-8ffb-4d0b-8a7c-4e28ca5d01a0	604	442	50	16	,
6529829e-f2ce-4709-b735-620c73718c68	602	468	48	12	101
38a40f48-73de-4558-bb5f-30e246db0e2c	602	468	48	12	-
afcce5ac-d513-4a32-b2c7-2def91b02ae0	602	468	48	12	11
faa057ae-91d6-40f1-9d99-56f38a7b5555	602	468	48	12	;
61374c17-412a-499e-90b9-0f45825178b0	386	482	46	12	many
b2454e34-63ab-4d7f-baed-4c70d0bb96bc	386	482	46	12	,
4cd00292-7a89-49bb-90ab-c10e316a51e5	462	494	59	14	188
f38667d2-0af1-40c1-ab7f-bee339328319	462	494	59	14	-
aa21dd04-e721-41c8-a40f-25cfe6f800f2	462	494	59	14	25
c2a91e3a-f7ef-4c0d-90b4-16766f3eb70e	462	494	59	14	,
a82eb980-11cf-445d-8600-267ad5a8ffd2	523	494	24	14	28
1a8b4d90-eb59-4455-9623-0f36eecd9b13	523	494	24	14	,
9b61942a-0599-4724-82d3-250dcfb312f9	549	494	51	14	206
4f59bbe6-8221-4386-a0ea-a01e21c4d64b	549	494	51	14	-
6dd18ba7-b787-47d7-a4fa-5c6d9711ddce	549	494	51	14	14
e2505046-faee-40f8-8d9f-29309af2790c	549	494	51	14	,
f9ae7e5f-6012-4f52-ace9-9b6ddda0b2ee	602	494	52	14	252
e75a4408-ddab-43c9-9aaf-876cbaa1bbe8	602	494	52	14	-
438c3d99-4525-4000-9e16-16094406a6e6	602	494	52	14	15
ea689002-cff7-475a-9aa4-e63021b85dfd	602	494	52	14	,
c3cf2985-62c8-42bc-bbbd-1cdeeff3c26e	384	503	43	18	286
0e0cfea1-faa1-4932-a4a8-213fda7a1b12	384	503	43	18	-
3d84ef12-270e-46e7-a923-1ac3a080d537	384	503	43	18	5
8cb73ee8-8603-4ea7-a3cf-3f6e710901de	384	503	43	18	,
12a43ba4-0940-46f3-bb2a-567ab55ef300	429	504	50	18	287
a48283c5-9232-4c83-bf97-20b2524a2d40	429	504	50	18	-
28a24a92-56e8-485b-90f4-34ba60dfbb1f	429	504	50	18	23
5429186e-206e-4a6f-a815-e02bc0a52d13	429	504	50	18	,
7429611d-f00d-4596-8802-5b8022831a35	481	504	39	18	292
fc74944e-cb75-4c50-aaba-d8199141b36d	481	504	39	18	-
24c56dff-6c11-4292-927a-0186e6960253	481	504	39	18	6
8ae5d13e-b8ab-4820-8b9a-fba4d7432c28	481	504	39	18	.
74c6d6fb-2270-4af6-a57a-37cfbdf79d81	374	519	78	17	Borrowing
2f461724-d8e2-46bd-ae92-8876bc5ab888	374	519	78	17	,
edcf8ab2-cd09-4f4f-a58e-901697f4f8b7	454	520	50	16	144
3356ae0d-4039-43a6-afd1-83825670f7f4	454	520	50	16	-
68deba4b-e447-4703-b252-47dc70273769	454	520	50	16	28
ead7ba1b-9a87-4325-91ea-d2be3f90e5f2	454	520	50	16	,
173b1547-c8f7-4650-9f9c-f90d16156f04	506	520	48	16	426
b2af22ac-86ba-411a-ba5a-88548b16b92a	506	520	48	16	-
7033ef6d-f1af-4c90-861c-9ba2e619c2d8	506	520	48	16	42
8cfaa44b-19c6-4333-b4e5-dc1ebd960890	506	520	48	16	.
2a8c419e-8935-4301-8609-6e8ffb71e2aa	374	532	72	20	Boundary
75f49c57-307f-4586-ba3f-c0d00f435dc8	374	532	72	20	,
6a68cf9d-7d8c-4c9d-8a5a-45d7b44b8c3b	449	532	60	20	disputes
560a374d-6f82-4ccb-850d-81c915d431f8	512	532	30	20	Icad
9ede3f10-b9f9-4e0f-aebc-80a6a8101d27	544	532	20	20	to
4f24f3ba-857c-4d65-8289-8ea9e2cdc639	567	532	33	20	war
bfd9e2cc-1ef1-410c-9639-793c25cb2a02	567	532	33	20	,
1def6215-04e9-49d4-a60c-9ae5f3b5bd56	602	532	51	20	322
887ac4c2-068d-4ab5-b646-fa70d069baa0	602	532	51	20	-
6869b740-429c-4a72-923f-cc1b5f60a6cd	602	532	51	20	25
18e06449-d097-48b4-8c6f-82339781bfaa	602	532	51	20	.
b9bb2341-0881-4497-a419-4439c922787a	374	545	70	18	Bountiful
19f1a174-a6af-4cce-968d-bac5661d39c5	374	545	70	18	,
c3b0336f-442d-45ed-8fdb-4310df8c8873	496	546	27	18	see
fd7413ca-d936-4337-bd54-4b827e58a9d4	525	546	72	18	Boastifal
3551c9b1-8fee-4875-9de8-721730808a18	525	546	72	18	,
372c4d25-17d9-441c-9507-1bb6d685a378	600	546	34	18	land
92e88950-b8a5-425b-9e0e-e282e8e7efc9	635	546	14	18	et
6679730f-517f-42f8-a375-b5a67e863646	636	546	14	18	.
51a9a688-df4f-4a34-9e71-b8a8e70c3551	374	548	71	30	Bountil
cfd01df6-43a2-424e-a86b-1bee45b2e0ea	374	548	71	30	,
7633f1c2-5696-477b-9818-0dcc632aa43e	449	548	26	30	find
f05eed1a-3a96-411a-8ba4-f0ba52c0edb4	479	548	15	30	of
8ea9a274-89d4-4339-acc6-f4f7bdcfb082	498	548	22	30	(
d938951d-7f52-4c7b-b3f2-dc6394c7d98e	498	548	22	30	in
a003d50b-0886-496c-aad1-1b246cf76c77	524	548	56	30	Arabia
390d1e62-8e92-4c28-8bd5-aacfb8d79cd7	524	548	56	30	),
7678e5b2-5840-4f49-84fa-df58afe5072b	584	548	37	30	34
dbde48d4-21d7-4e91-9f67-a665955fe54e	584	548	37	30	-
07c1bd5f-01ac-4a7c-818d-fc2ed513b60c	584	548	37	30	5
01aecef3-04c4-4d38-b271-ca4493e03692	584	548	37	30	,
896db376-923f-484d-9fab-4315f595c3d9	625	548	25	30	6.57
4d3a7baa-180e-4ae6-9081-57be1ad8d7cf	372	574	45	30	Bound
e9bd5e8d-b394-4ed9-bc35-9564f548b8b7	421	574	65	30	42nd
01592c16-c897-4b10-b426-cdbd129d344f	386	600	52	12	254
d2ba26a7-96f5-4e24-9ba0-23e37ce516d8	386	600	52	12	-
36ad9b96-f601-4b51-a021-f672e4ce3ae3	386	600	52	12	33
0a27cbff-fab0-48d9-8058-dd24da009135	386	600	52	12	;
17fce4ad-dfb3-4471-94d7-d5bd6fdd4453	440	600	63	12	Nephites
228dd132-4c63-4a43-a427-642f7548f7b2	505	600	48	12	driven
8b39caaa-62f4-416c-b0b3-da6b8b2969c6	554	600	18	12	to
0e4faf1c-75f3-4d75-91e3-9c64d09aade7	384	612	50	14	326
eb39c53a-ae48-4700-8661-5de7405d44b5	384	612	50	14	-
9436ad38-a425-4fda-9c99-b7572d85c8af	384	612	50	14	28
481a58b4-1333-47eb-a64f-e6ca9cf40873	384	612	50	14	;
64f9e1a7-0c3c-4438-875c-4d9a65b0b242	560	610	4	18	,
73ad6202-0918-4fde-b1ba-4fbf31baa6d3	567	610	53	18	326
d06858b6-507d-429c-8f79-de4820b83eef	567	610	53	18	-
495c633e-69b1-4dc5-8724-96e88b2f3c05	567	610	53	18	29
26fb7391-dd1e-4427-ae25-31efe30aae63	567	610	53	18	,
5e8d940f-e029-491d-9b07-072ea1c3eb64	384	624	26	14	15
69b69619-b98d-4ef5-a1ea-5f96eddc0995	384	624	26	14	;
21bbc754-c9dc-46c8-b27b-db579eeab30a	412	624	64	14	fortified
270e2935-4f80-4af5-99c7-7302b136cb54	412	624	64	14	,
a5498b70-5080-4bfa-b19f-1fbfe7da9819	386	636	62	14	Teancum
63d32b99-7016-4ea8-849d-30955a142865	384	640	51	24	arrives
8427b0ad-0686-4bec-8200-85fe810b7438	438	640	21	24	It
43eb2547-3a60-4c48-b51d-5ee622fd7628	438	640	21	24	,
3333f589-694c-4c75-ac03-7e48fb94eabe	462	640	48	24	329
4153e649-816b-4fc3-8a6c-4cc0fb36f22d	462	640	48	24	-
8b5417b6-c49d-4d95-8b72-8c256314d227	462	640	48	24	18
d0f1df7b-3c25-4c9e-b5bb-8ad832006da1	462	640	48	24	;
e56c93a5-d1be-4169-8912-8148748a4b94	513	640	36	24	Lehi
717e7441-a3e5-46ba-80de-757923da3aad	552	640	42	24	meets
e43abdd9-9516-4221-9a33-4dc8eb54b7c7	597	640	53	24	Lamen
82ddd1b5-80a8-4e00-8bbe-50499144e1ac	597	640	53	24	.
a5d45b1d-bde4-435d-9716-7702424ba83a	382	662	32	14	ites
79c94894-b3e6-43a4-b568-65204eae88d8	420	664	32	8	Dear
9b5fc840-d37e-482c-8387-e9c9cb5b692b	462	660	53	14	330
40c97228-4b69-47e8-a152-d54fdd5aad31	462	660	53	14	-
0fcf3522-a7af-4609-adba-ab3a62dbff51	462	660	53	14	27
1192d3a0-6ef3-48d9-8795-a41f22c45a26	462	660	53	14	;
9dd2599a-df44-4d4d-a51b-1985da77d065	516	660	70	15	prisoners
82ef14cc-cda3-4f49-b3d6-143b3768b648	590	662	60	12	marched
10aa275b-6d55-4e3d-a095-e0d849bf173c	410	674	54	10	330
8055d81f-381c-40c7-88b9-a0847ea68cc6	410	674	54	10	-
9ee579a2-778d-4f0a-b577-a2ac74613ca7	410	674	54	10	39
0a6a2dd2-2cd4-45cb-8d90-54a8d536bb6d	410	674	54	10	:
f05548be-c602-4946-b029-90e5edae625e	606	674	46	14	331
44d4fdbf-b36a-4049-9710-ad6d8122814e	606	674	46	14	-
ab6945e8-d63c-47ad-a578-bd7dbaf9fdc8	606	674	46	14	3
e244cbf3-9478-4286-9fe5-1bc853edc75b	606	674	46	14	:
03ba242e-135c-4eb3-ac1e-0aac6839b01d	600	686	50	14	Corian
6240068b-043b-4641-ad44-ca0666e34bd0	600	686	50	14	-
b4e372ee-07c7-4a3d-a3e0-18f5e42848b6	384	698	38	14	tumr
a558c229-752c-4a43-bc08-54a5959b4afd	424	698	59	14	marches
3eaf705a-99d4-46da-83f3-6a9059c6401d	485	698	56	14	toward
53cb814a-ca7b-4fbc-b23d-bd963694c3f6	485	698	56	14	,
2ddb7861-00c7-4501-835a-421f88094069	543	698	53	14	361
eb9001df-3bc6-4054-a0ce-6aa6aaa66f2f	543	698	53	14	-
c50e34f1-561a-4c25-ba29-1eaa5d5578b8	543	698	53	14	23
48d74b9a-0bdd-439f-86c8-2cf5ffaf0f30	543	698	53	14	;
57136ca3-5307-4145-bc05-5c52fcc4b846	598	698	52	14	Laman
d6bf4a4b-2ad0-4245-8f51-364fa2ec305a	598	698	52	14	-
3f201b97-8cb6-41fe-9531-78b9d71ece0c	384	710	30	14	ites
5e3a2840-37e9-4ea2-8056-49433eb29ea2	415	710	26	14	get
165d51f5-73e4-4b76-95ed-5752405f492c	443	710	42	14	lands
8979c8d6-5e58-4b9d-8e5a-dd9743547c1e	487	710	38	14	near
74bac7c3-6dd3-4fe4-a308-11b1d22be1b4	487	710	38	14	,
c3f1e501-5328-4b52-9500-682ac42f151a	527	710	47	14	366
b28fe9d4-6327-4a0a-beac-a6f1fd7aaf96	527	710	47	14	-
2b802df6-2f54-436c-94be-7863e13c1c90	527	710	47	14	5
5faa5e49-f6ea-4195-a63b-ba6fdbf00acf	527	710	47	14	;
fd79efb5-803b-40f7-9b82-06af43d2e579	576	710	49	14	Christ
5b98ce07-7d8e-4857-bd13-3b75c9e17eec	627	710	19	14	ap
aa833764-e35d-46e3-b58f-289763de79ba	627	710	19	14	-
d1c04709-78f5-4720-a10f-5fc0bda635dc	446	722	46	17	421
9b627c09-37ad-4dd9-9cf6-983e894cd2f3	446	722	46	17	-
2867b5ee-16d5-45a2-92b5-41e453441333	446	722	46	17	1
8ef2dc33-e7dd-4644-aa2c-bae235729c3d	446	722	46	17	.
521eb96e-a829-4893-a0d1-6a295d8a12ff	372	737	38	16	Bow
b6b6598f-b61c-4b42-b1a5-ca6265365732	372	737	38	16	,
7c9fb36e-848a-4549-bd03-1cbe839d677f	412	736	44	16	Nephi
86b731f4-378c-4029-8143-bea76dce7c4d	458	736	48	16	breaka
110c8ed7-b316-449d-8195-4cff398219da	508	736	28	16	his
8e163a45-7c6b-4e03-b52c-4c6437d45d56	508	736	28	16	,
8cecec3c-eb74-4e69-9c1c-602639ceceac	538	735	50	16	32
d571f38d-089d-4b43-9b1e-ea45fa8e6991	538	735	50	16	-
c9283330-b4d5-4be6-9869-bca7d9365596	538	735	50	16	18
de5866eb-426d-4483-9ef2-f269537fb1e5	538	735	50	16	.
6fedd643-a215-45b4-92d5-81d7d04d729d	590	735	28	16	See
111b95b8-5e3e-4d61-acbc-2691901c6b2e	620	735	30	16	also
46f06697-f0ab-4929-b12a-a46774b302c1	382	776	42	14	cous
f9ed7c4d-c5c6-49a8-b19e-628b52dee50b	382	776	42	14	,
613c304a-da1d-4e37-9410-782d577f5d99	430	762	35	14	seed
34c48d93-afdc-499b-9142-430b975ec344	467	762	16	14	of
d5717896-a6c8-4b15-8f4d-f2aed5d7b5ed	484	762	35	14	Lehi
5cec778c-69f6-42c3-84cf-2ffb0e5c0171	521	762	17	14	to
7f04a1de-1562-44e2-80e2-3ac6f40c20e7	540	762	54	14	become
72e4411b-03f5-469c-8a40-bc93afed4955	596	762	10	14	a
a76fe05b-b95f-4d15-9731-f93a874ca064	608	762	42	14	right
e09611f1-6d07-40ba-b311-cdea45f0ba3d	608	762	42	14	-
f9b14fca-e15f-4324-9f35-a7741aa30b2b	422	774	46	16	71
2af512ab-a304-4acf-922b-8ee827486b30	422	774	46	16	-
218f2410-3daf-4aa2-b98c-18438a47a80e	422	774	46	16	53
80c9a36b-cf92-4451-9c59-beb3c0f2d281	422	774	46	16	.
cdb41527-bb5c-479e-93c9-778753316405	372	802	45	26	Bros
1d61367b-1838-4666-ac5b-c172099c0623	372	802	45	26	,
b7fab487-4bbc-4502-b11c-51c7a5b24fba	421	802	42	26	plate
004451c0-604b-4b3f-998d-8c4b747b5309	466	802	52	26	ding
77547b60-e82e-437f-8d57-bc4a35a39f40	521	802	84	26	Neol
3fbc8281-8b7e-4561-a719-80505f055b6b	521	802	84	26	,
f2c0582b-5806-44ce-9e04-4419cfcbec8a	609	802	41	26	0
ceddcd95-cf40-4913-8511-3a594e7baa4a	609	802	41	26	;
c1d41244-7aee-4b6f-b632-d8f9e7e50780	382	876	45	26	434
9503eef9-535e-4ae4-b276-5ac05a6e0576	382	876	45	26	-
a3fbd45b-b404-42f4-9919-f4a951c29cab	382	876	45	26	1
3a6fabbb-fe3e-4122-84cc-8fb216c6942e	382	876	45	26	,
e2082777-e806-4e41-8ca3-b6a9d2cd76d6	431	876	52	26	roman
b96a13bf-b3fa-4cf6-b713-5e026152045e	486	876	23	26	and
683853c8-c26c-432b-9068-e974ec93a042	512	876	42	26	biese
a40df7fa-73f2-4213-89ca-21c548638448	557	876	13	26	de
50519333-5e82-4c57-a605-838acdda7893	512	874	41	30	siled
8d0c1fa9-f204-452a-8ac6-b93f39b4338b	557	874	23	30	dot
6774c2ad-28cd-4d49-b0a4-a63369fa2517	583	874	19	30	7
10a869e7-c259-4e3f-8e67-dd5fc79855e2	583	874	19	30	.
b4f3000a-6d60-4f92-872c-e4e8dcb0b2e2	606	874	44	30	Jesus
075bf281-3bd4-492c-a6bd-5a2c2c25752e	384	900	17	14	3
ee353c07-eab1-45e2-bc94-895b98abc08d	384	900	17	14	;
0564aac9-a6de-4278-ad81-464a3cfc46cf	403	900	93	14	miraculously
a61b3f63-db1c-445b-8310-1306f87eec14	498	900	65	14	provided
dba0c02d-e6cf-4c66-9643-a45f98662636	564	900	23	14	for
d727b2ef-a434-4dbc-92f0-cdab48fe8581	589	900	59	14	adminia
d454c611-defc-4688-8947-358426e94f72	589	900	59	14	-
