ID	X	Y	Width	Height	Text
9793d522-f89b-40c7-bb5b-7c592270d61a	72	54	32	16	542
a68e3ff5-ef3b-418e-acd8-f5ba8d1afd81	326	52	64	16	INDEX
6bb1fe30-837a-41f3-8bbc-5d6f0b4d388d	80	84	54	12	charity
de471ab3-7b59-4dcd-9347-6848e65b38df	80	84	54	12	,
482910cd-de31-4320-9cec-e20a619dab60	142	82	26	12	all
181a048e-9f44-4446-a7ae-232c4159398e	166	84	32	10	men
8cdf6d67-be2e-4cee-8ac3-33ff4ace69c6	204	80	58	14	should
925c38da-4d3b-4bd8-8793-6d69603c6637	263	80	38	14	have
0cfcafad-3059-43c7-bec0-817d866c6a98	263	80	39	14	,
ab3d5abe-ea2c-4fa5-b7e5-fd95ba9a298d	304	78	49	18	95
ab9d5b11-184a-44f0-a7b8-7c1f584bc3d9	304	78	49	18	-
6d191cbe-4882-48a1-822f-b6eb8ea49c22	304	78	49	18	30
fedb9709-9b98-4f51-981b-a2d8e7330638	304	78	49	18	;
87c61e91-50f4-4a6f-92b6-7b0a25d13e34	356	78	6	18	\
4463aa4a-61f9-4fc1-aae5-15b8ec674ae4	376	80	46	14	42
6dd4e8db-3496-4879-b116-d21cdc8a7de8	376	80	46	14	-
d6cc45c6-4be1-4dca-8a1a-1ca63014c94c	376	80	46	14	18
f0aac5e0-199e-48cc-bea0-addabba4d816	376	80	46	14	,
bb0fb795-c1c1-4337-a937-5fe89c48e8f7	422	82	45	12	47
9e7992f2-7553-475b-9e8a-8f68269adcb0	422	82	45	12	-
1c13fea2-2589-4389-acf3-b091ea211f20	422	82	45	12	12
cd638515-d22e-428b-8fdc-e5b2a9951504	422	82	45	12	,
8c5c7601-0e49-49e5-9a41-9ccf0d75b8d6	469	82	37	12	52
21d37fee-66e4-4546-b03e-9d1d808dbf8b	469	82	37	12	-
e9db74dd-e35a-47cb-a871-79f543093ba4	469	82	37	12	3
020f5082-32a8-41ea-bbea-79680d480b4f	469	82	37	12	,
1fd39e17-4d7f-4db5-8ed6-b4356e33cfc8	508	80	38	14	63
2f3206b7-b3cc-4e88-8af0-664c83c6b02b	508	80	38	14	-
116a8b1d-b281-4a84-b74d-83e10d960aff	508	80	38	14	11
3dc1826a-06f7-44b8-a6c8-aad7d43b2ad3	552	78	38	18	73
86b058ee-51a4-40b4-9e10-7aeacd14aaa0	552	78	38	18	-
761ebbfd-2a50-4a6f-907c-8c510ef7858e	552	78	38	18	2
fea32aed-a9a6-4729-b36e-c909b52f4f71	552	78	38	18	,
55bb54e3-ddc0-411d-aa9f-58a04c30b4ba	592	78	48	18	127
790e2c80-7229-4264-8f25-20d57e2b9375	593	78	47	18	-
343b8d90-e1a6-4fde-a1d0-873898ddd8fd	592	78	48	18	27
186e071c-9045-4b8a-9026-3f5f4a5399aa	164	92	26	14	for
a626b580-8ee7-45f1-8709-e4e6cb637845	192	92	23	14	his
e40b378a-c7b0-415a-bf78-e68f3c5a73ba	216	92	51	14	people
f4e7a2d7-3996-4d61-8568-cca035e8eb23	216	92	51	14	,
e81f4a56-d3a1-498d-9a12-ba959b7367b4	269	92	28	14	and
0aa37339-ff61-4d16-a093-f2611a60584d	299	92	24	14	for
faefd55a-e5eb-4d7c-85e9-a62f67703853	325	92	25	14	Jew
f22b45b9-6bba-4ec7-9071-768ea291f192	374	92	46	16	211
e07a36ac-be42-4a36-a89d-dc7a65017c50	374	92	46	16	-
dc1afec2-6904-4674-bb89-11bafbde8d17	374	92	46	16	7
e6d4a1c1-d186-446c-a840-4db14c43651b	374	92	46	16	,
2ef521de-61c2-4cc0-bc37-e4a0eb7ed0d9	422	92	46	14	516
4845bf73-f7ed-4762-8859-2139fd38a43d	422	92	46	14	-
7f1ce6cd-e1a7-4bfa-be94-a2509dc5f5b9	422	92	46	14	8
03445fa1-7c41-43f1-a0ab-01a63efb5cd6	422	92	46	14	;
ad5fb481-b85a-4673-924f-1cd04afc84ae	470	94	26	10	Son
408895ae-0a70-4bfb-86f5-179900902970	500	92	16	14	of
c621f02d-9853-408a-8d14-c6b5593b97f3	520	90	28	16	God
950d6051-a89f-485c-9a8d-4720df8256ef	520	90	28	16	.
39a2af98-d16c-4432-8ac0-75d876443c9f	552	90	48	19	91
01b4a6fc-316a-4871-8d3c-4fc3a538d509	552	90	48	19	-
43df0e45-c88a-4f44-ab40-9c69f3fffd6d	552	90	48	19	16
b47fbcad-c849-4ba4-9ab0-88321da5a5fb	552	90	48	19	,
ebadd077-0ccf-4720-abca-17359a950bfa	601	89	43	19	163
06df3d79-5a83-47a6-a922-e179569dcddf	601	89	43	19	-
3c88f5dd-aa74-44e8-9c90-e25bf90f5956	601	89	43	19	2
6ac43520-36ce-49bc-a07e-7279d6efe451	601	89	43	19	,
3cfc824b-e715-489e-92df-1c468aa2be67	374	106	49	14	209
84cac166-a4de-4869-a250-329b2d1e660f	374	106	49	14	-
eb2c3312-5e07-423b-b999-6a086cfa6374	374	106	49	14	50
933208b0-cd6b-4126-809f-ae35b7e48ada	374	106	49	14	,
c8ecf68e-36d5-4b55-a8d3-6784f028efee	425	106	42	14	281
7828a02d-108b-4cbb-967f-46aea366ed15	425	106	42	14	-
cc9a5d48-874a-471f-a325-7e444764ef69	425	106	42	14	2
c235e38f-2242-41c4-8aa9-474b9d8b04a1	425	106	42	14	,
ec17aab3-22f1-4178-995d-545b00e267b2	468	106	26	14	282
8641fa42-65bc-42c5-a09b-8eb91bb48cd2	468	106	26	14	-
2192266d-e15e-4f7a-9808-96dbed8d0f1a	86	118	32	16	and
48a1f047-0048-492d-a8e0-ec7a0fc5063c	86	118	32	16	,
d4ddf0b8-7ec0-4a4d-a432-ab78c97ca772	120	118	54	16	213
0b06b13f-582d-49df-bd7e-8cc899c3dee5	120	118	54	16	-
9462bf2e-f380-41fc-a731-20e6174ba7e1	120	118	54	16	24
a84ed729-6e51-4ccf-b133-b538f4f2d6b1	120	118	54	16	,
6b428acc-bac1-4c6a-84ee-8bb0f69a2a83	180	108	48	10	107
d319721b-63bd-46d1-a7c6-1fe4f5a1fe62	180	108	48	10	-
d4743f18-daec-4db0-ad5e-87f5be90cd47	180	108	48	10	7
098a7c7f-7a36-4c3e-aea3-e991d6bf2d17	172	118	56	16	230
935a33eb-f63f-49c4-b6d2-c28ecb78cfae	172	118	56	16	-
9020971e-9814-409d-b9c2-b27d1cc6d0bc	172	118	56	16	29
9119e1cc-f9a1-4b38-8ac9-cc00c0a86abd	172	118	56	16	,
9799bb7a-5a21-4469-9ecf-d1809aabef60	230	106	12	12	8
08be8db5-d2d0-43c8-ae72-e8848202e851	230	106	12	12	.
6fd04ad2-91b7-403f-abce-547dbf2bedd8	268	104	45	14	faith
95d038b0-e2d6-46dd-ad7d-2d59559ac995	268	104	45	14	,
c81465b1-76fe-4b84-89a4-4976aa17d4a0	315	104	39	14	hope
47b0b926-5931-4c3d-ad93-db84bfadb34d	315	104	39	14	,
1f6a9692-6cdd-4751-9d1c-85678f501e3c	226	118	58	14	502
816c1dd1-8846-4dba-9f64-ccda948e91a3	226	118	58	14	-
b3447b0e-6d19-492b-871d-c547e7a2a186	226	118	58	14	28
a1a76bef-9907-4aa5-85a1-31f45adfe46a	226	118	58	14	;
420f22af-5b28-4e08-81ca-fdefecdbdbc9	285	118	29	14	men
f89c9d57-b57d-42ab-afbd-129741888cfc	320	118	34	14	can
c1e596bf-f775-4485-b549-7931e1a5752d	320	118	34	14	-
4835dc3c-b322-48bf-8110-f4feb20abe65	550	106	15	12	of
06c06e8e-21cc-4a63-bc9f-fc3797379c14	567	106	74	12	Righteous
6e5effdc-c4f6-46cc-9d1c-406c92ee95e5	567	106	74	12	.
6c197f6b-e13b-4925-a7cb-8a4648c4a9fa	376	120	38	14	ness
9ff727ea-9b68-431d-ba11-1d82a8581125	376	120	38	14	,
737d2b08-65c1-4bd1-a364-5d9390a7a837	596	118	46	16	Begot
f12b3b69-29e1-42e4-8912-907d0a8e56d9	596	118	46	16	-
81d531ff-651e-4c9f-b9d0-e358d207903e	114	130	16	16	in
a260d2ea-0f13-44ef-8c66-b77141762a71	132	130	38	16	herit
25e8abd1-95f3-468e-bb20-42917b139780	174	130	62	16	kingdom
f563c51a-5ff8-450e-9e16-21c94ac9f08a	238	130	60	16	without
b51e629a-e4be-45e6-9f04-b41a25ca294d	238	130	60	16	,
ea416aff-2a11-42b8-a659-6ea2318b4d47	416	120	36	10	93
d1d28c0d-6ad3-449b-9ed7-8e07766b19fd	416	120	36	10	-
daddd0ba-9001-4193-b18a-ccf7772b1fd0	416	120	36	10	9
c50ede4f-c071-4572-82c1-d1c55432e395	450	118	32	12	447
a730bffe-83ed-4d3c-8f80-8de946abe78e	450	118	32	12	.
8fd671e0-d368-4140-b58c-5f42b9064896	526	118	32	12	-
aa0de708-1757-4e34-9305-86869b2af289	526	118	32	12	22
1570b2f4-0668-4a64-8608-ac64f226c1a6	526	118	32	12	;
c79454c4-9f8d-4732-8baa-a16b9c1b0d77	299	127	57	18	502
1ee6dfb0-6f0e-43ed-bf70-c8e40c1236ec	299	127	57	18	-
535de504-9641-4fcb-8a3b-a729f399da05	299	127	57	18	34
b98203b5-3c83-42ce-b95d-7e5dc8c7f89f	299	127	57	18	;
10bdcd04-dc24-438c-90c1-d6c6969361fd	414	132	30	10	113
8c7afa7e-3ac5-4523-8d75-b1331222d04b	414	132	30	10	-
24745c20-185b-4187-bb7f-9cdddc810b31	462	130	20	14	221
5798ff48-9638-4852-9c65-306496d7c221	520	130	34	14	228
5e129ba5-1519-4b47-93fc-458c14a4e5f9	520	130	34	14	-
2db28163-cbcd-4131-b144-fc00c947a86a	520	130	34	14	9
d9654574-ff1d-4289-a0e9-9500bbc6a88b	616	130	28	14	One
c24f9431-9b71-4dc4-90dd-901178f6b4c6	78	140	66	28	Mormon
a0a648ec-84c8-4479-80eb-ed0e6c87048d	148	140	21	28	of
c7fae26e-56bc-4d55-a297-0e0536f574bd	172	140	38	28	fathe
26191067-f888-4f4b-9f79-cb1ca9e7ebf6	214	140	42	28	hoped
5d6bdc92-0025-4cfb-9510-e3b878faee59	214	140	42	28	,
53fe34e9-6d11-4083-84ef-a9d771041fa1	260	140	26	28	and
70f99674-a4cb-4a8e-acd8-ee774fa17329	292	142	34	14	512
41671d95-a437-4fdc-9d24-73e5340b16bf	292	142	34	14	-
9a03b21d-f71f-4a2a-9ded-d50d09dc516d	292	142	34	14	1
fc825d7e-918a-49e9-b4c4-37523c25fbcd	376	144	16	16	of
286b4777-1ab9-4cd8-b9cb-9ad05e7de3c7	394	144	48	16	Israel
8bde142d-29ea-415c-a7a6-5c8b265b85d4	394	144	48	16	,
c6d2f9a9-746e-4b2f-8071-abe73a000ec7	442	144	40	12	42
13b7aeb7-ba69-402b-a290-b6f5ceaebaa5	442	144	40	12	-
ae47fe2a-9f1c-41a4-bae3-3c383b08de03	442	144	40	12	14
011df9e2-ffa0-4523-af46-01a339808aac	308	154	46	14	32
11805c8f-3519-4c27-b07c-9e933a290ee5	308	154	46	14	-
83fcd35a-52c9-49d9-a2ed-05e4dc3898c9	308	154	46	14	25
58138ea8-3863-4303-ad89-af449e933ce7	308	154	46	14	;
bea5ceeb-7af1-4705-bffa-619b4ace30db	86	166	50	18	Laman
5414493c-91e3-4aa3-9018-32e3ab324789	86	166	50	18	,
4a201931-b74d-4ecf-9838-ab19cbc3d67b	150	162	32	32	emi
ce547a5f-346d-49a6-9aca-486bb9495785	150	162	32	32	,
317b5028-91bb-4960-9b1d-d00142a3c7ad	186	162	44	32	i
e814d686-f2c5-4115-95b5-ed9a2f3bb16b	186	162	44	32	,
ced4f7bc-51e2-4d18-b261-36f20018226e	186	162	44	32	d
f16f04a8-d222-4232-8f1c-bc7959ddc04e	186	162	44	32	,
560e9e7c-577b-40d8-9cff-155ac1de1bce	234	162	52	32	brother
fd8a8e5b-56bb-4e53-a984-64aca5d4b744	290	162	16	32	of
da69b39b-ab7b-40a3-a722-971eb238af35	310	162	46	32	fred
72fe30a2-b6ab-45e8-a8e9-50f59d3943fc	310	162	46	32	.
2605f0d2-dd4f-452a-ba3d-62178bdb9607	426	158	29	26	and
d5b43a6f-b11d-4e21-a604-bd34dcb3c54b	458	158	32	26	Son
fa8f876b-66b0-4736-8a47-dc600b8147db	458	158	32	26	,
3b592f89-2ca2-40ee-aa01-bbf14e71b812	464	156	32	16	One
f6be458b-7404-4705-8c86-ea2b50a38746	464	156	32	16	,
181748f9-ee72-4e56-8026-7b316cbc8723	416	182	64	14	shepherd
82913a20-5ad6-4118-a37c-21ba6094b567	416	182	64	14	,
255b7973-5b93-4d90-8df7-7dd5fea69449	484	180	24	16	207
4d815315-70c5-4743-b207-0965acb41bee	184	192	36	12	wise
f9b2bd9a-77e6-4606-9782-c68ccfff7e4a	226	192	70	14	purposea
70a2f4f8-f566-44fd-8541-d1db70ead49a	226	192	70	14	,
55c917be-8bdf-4b92-9d5e-5c7bfd36230a	302	190	54	18	179
c0eb96d7-b27e-4caa-a00c-6f5433462a99	302	190	54	18	-
52cb625a-21dd-4ac1-a990-efc99c3db852	302	190	54	18	21
72dedb1c-2cc3-4bba-a874-77a3381f9447	302	190	54	18	,
dbcdd2fd-4012-49f8-8905-07260919c8c6	386	196	44	10	eaven
713aeabf-adab-4a13-8dc4-a2da95bd91c3	386	196	44	10	,
b351100e-cb55-45a7-a4b3-d23347916fa5	440	192	44	16	209
0312b970-bbc7-4db1-8dfc-8c7fbc43583f	440	192	44	16	-
4b51bbf2-5afc-44eb-bcb5-e0b5e4bd167b	440	192	44	16	50
a3c88156-2b71-416e-8ea9-61f83e93308f	88	204	38	12	388
31bf6d43-c933-4ceb-b4ce-617b2c77c253	88	204	38	12	-
f11aeaaf-a087-43fa-a816-ba1a7bc1de50	88	204	38	12	3
210fd367-3b8a-4cff-a266-0a31b3093f59	88	204	38	12	.
3cd3ffc3-6990-4832-a03f-d380f5bf4206	78	218	63	24	Chastity
46eb65dd-d9ca-4bd6-9578-f469df2c4f90	78	218	63	24	.
9627887a-3213-4c91-86a7-6e7b6a2c7289	144	218	30	24	end
7e4e8a9a-dd52-4afa-beb6-40f200584340	177	218	60	24	delight
9a43ee97-01a9-41d2-831c-073b9a281f57	240	218	34	24	ice
7887ad2d-e6ef-4b0a-a6b0-25130d667832	240	218	34	24	,
b63e4718-63e0-449b-ad2b-032d6e077ca8	380	208	42	10	heaver
33128a2a-e0b7-451c-92c4-224b4c5323f2	464	210	18	8	cal
4c129880-3b42-4950-8cf8-22a6156f7066	272	214	44	12	162
1bc0d2c7-14c9-4185-80b5-e8849ed813fd	272	214	44	12	-
0f551750-2ed6-437f-84d8-814f5f4fac55	272	214	44	12	5
7b324f2c-a6bc-4d99-9ea1-619d23f89fb9	272	214	44	12	.
ad867742-8ec1-405a-8d2d-f1ba23327616	382	220	30	8	1718
13b3161f-e9a3-4627-9955-6aca871ff558	382	220	30	8	:
2fe8dace-7424-41e9-a36b-2fbbee713bf4	458	220	24	10	fait
7b60c5e5-adae-44c9-8c84-c0b0feba577c	538	182	20	12	377
7995b0d1-c22f-4af4-8f4c-4fdef55884c4	522	194	34	12	ernal
d63db2c1-95c9-453e-8fcc-d11be6ab939b	536	206	18	14	39
2063cd0e-a3f1-49ae-bd13-14b25670c20c	550	210	26	22	315
9b6dfd6c-d0ad-4acd-8b1c-556574023e5b	564	208	26	10	auti
833ae537-41bd-4c63-86a1-c6d01bf27834	594	182	32	14	ting
07b1a192-21b9-4507-8c46-da29b317e522	176	228	66	16	delighta
4e9fbca4-ad05-4be1-ba6d-e3b2b123c4b3	266	226	54	16	111
d3520f16-8151-4622-8b2d-68e710dac5a2	266	226	54	16	-
0528330e-f361-4287-9d79-2f8bb927013e	266	226	54	16	28
674af7ce-dfc8-4195-a9fb-3c85c76cf7c6	266	226	54	16	;
5e746da2-e97e-4d6f-b08b-321da9c0e279	322	226	32	16	pre
641a648f-ee78-4d1c-bab4-16851ada2989	322	226	32	16	-
21e55cf0-6880-48a6-bcc1-291f9f9ff397	380	234	28	8	ЛГБС
fa2e4300-1e53-47ce-92a5-a83cf65a1c12	88	241	42	13	cious
749dfd11-f914-4025-b1e9-37965f3e4aa6	208	254	42	12	plates
203af0b9-841a-4157-8333-6800bacf230a	78	254	52	26	130
c3b5036f-4b06-4216-b886-1f10d20b8c54	78	254	52	26	-
b240f1a6-3f7e-4839-bd4c-68f821638dab	78	254	52	26	8
2427d6c6-38d1-41b0-87d9-20a96e1bc975	78	254	52	26	;
a0dce550-7835-4ab0-a5a7-8f283112c88e	133	254	42	26	rice
a6131179-de5c-40c0-979b-03f7205c9fdc	179	254	16	26	in
58c32c92-2611-48a3-b9ce-938292f62253	198	254	32	26	book
cf6df1d9-955c-416b-9921-2d7234775588	234	254	16	26	of
cf956647-f077-4f45-99a2-e93b44588099	253	254	45	26	On
0630b680-b655-4d75-bf0e-8c693e15aa0e	253	254	45	26	,
44988684-b2b2-47d2-9009-52f429b4f4d5	302	254	38	26	130
868630e0-6a45-484e-a971-28cfbbf6513d	302	254	38	26	-
9a68fca6-96b0-40eb-b92d-b0b63c0015a4	302	254	38	26	9
9cafa7ce-213d-4353-ba59-699f20e76554	302	254	38	26	.
12befa46-b062-4df2-a605-1696494e0f14	256	252	37	14	from
56dd1a43-4aa5-4697-8e88-64a846b4723e	294	252	62	14	Amaron
c3b41285-9b5f-4966-97ae-22c7271e8727	294	252	62	14	,
e9d778fe-656d-4b91-86c4-4e1c5e1a575c	82	276	66	14	herubim
191369b4-e27c-450c-b4e9-da2a8c9c6650	82	276	66	14	,
e3a54a5c-06a2-4ba9-85e2-d2d20f507864	150	276	31	14	and
8e2a7226-9d0a-4dbc-b947-9917dbc5eb80	183	276	12	14	a
07377445-2149-4df4-8590-a5a7de2fd7c5	197	276	56	14	faming
89e2ad01-f1ef-46b0-b2b9-9842be7cfedb	255	276	47	14	sword
70561976-3592-4387-a199-f27423540a3b	255	276	47	14	,
ee575e4c-2bae-47fd-af05-e2d58a7a7460	304	276	52	14	226
bd868842-e9ec-489e-a14b-2f414a29846a	304	276	52	14	-
ca8a933f-3d7b-4ceb-bca2-b2f5d2e4a493	304	276	52	14	21
8ca6057f-fc20-4922-a377-543e89bfeb29	304	276	52	14	,
368e4d53-43f0-4692-9ec4-64c6ce4c5960	88	290	40	12	298
6410bb32-552d-44b2-b9d1-92b18594c7e4	88	290	40	12	-
dedfbfe4-1a98-4c81-85ea-9558ad084337	88	290	40	12	2
66b2453d-dee8-4c2f-9bf6-b170399c21f3	88	290	40	12	.
9d106f59-f4b6-4c55-babc-ebe6dc8ecd76	78	300	67	18	Chickens
b27b2579-75a5-449f-bb2f-b194ef8dbffb	78	300	67	18	,
d1082026-ec03-481d-9f6d-8ebdfc5160cc	148	300	20	18	as
62cc2ced-af32-4406-97ef-3386420eebe4	170	300	13	18	a
788d1696-9197-43e3-8e1b-c6eb5162e2dc	186	300	29	18	hen
ad47a6ad-7f70-47e1-b153-7c99c9509db3	218	300	58	18	gathers
772dcd9a-8045-4579-8aae-f1321b802608	278	300	32	18	her
5a0f07a6-984c-4ffb-a5e2-87bf296a66b5	278	300	32	18	,
aeb6a7b7-7d75-45b0-99a2-fd3d56960148	312	300	46	18	419
a0bac195-15c5-4955-b7c5-1743a2635a05	312	300	46	18	-
6a096b85-3887-4f5a-b5b2-d2a3fb273995	312	300	46	18	4
7a449e96-b96e-4ce5-9224-ed01688c582a	312	300	46	18	,
a8eb51e9-bbd1-4f72-8a8e-e415e7056fa8	78	326	50	14	Chiats
2d62f138-b6b2-452c-926a-ed5ef02705e0	78	326	50	14	,
43b07094-aa08-4289-83dd-6be1b4b1d8d0	86	324	44	32	boter
3ab59977-2901-4832-8190-d21d7ad8e3c5	134	324	32	32	mind
d72f8ed8-3fea-4bcc-812f-579037f68ed0	134	324	32	32	,
4fb2dccf-76c8-4040-925a-044112fd0abf	170	324	52	32	leader
b50d9f49-2592-4d34-8f0d-f1bf8bcb6866	170	324	52	32	;
027b1e75-e9a2-44af-ab42-0c5d2c79abf0	226	324	32	32	dom
a75977d7-b4ce-4f14-a4d3-7095656a2c49	262	324	36	32	arite
753b9f22-0ef5-4109-a304-7f9bf386f9d5	302	324	58	32	was
a8ce4689-a307-4a68-ac8d-08cc5ffa0757	88	350	48	16	414
929e55f2-ad1e-4ae9-8df8-8b852b6aa64e	88	350	48	16	-
b56c8575-59da-45c8-8357-968edeb5aeea	88	350	48	16	14
7ec2a127-e80d-4da7-b462-9516751bae20	88	350	48	16	.
bc0ac006-d5d8-473f-9eda-0b439c9c14c7	76	364	38	16	Chiet
e688d12d-4e7f-4b3a-9af9-c2eda8649c97	116	364	52	16	fudges
4d792d20-4e3d-4920-8f31-f192669b182e	116	364	52	16	,
5830b4da-82c0-4aa7-ba69-2a8ef2e41863	170	364	26	16	see
6073d664-4c94-4717-99e5-e24cd5c28389	198	364	52	16	Judges
cf6882c8-e21b-4687-8b22-18dd68180dc2	198	364	52	16	,
54417289-95fa-43e5-9646-a3c3b38b81e5	78	376	38	18	Chlld
d910fb7a-67a9-45b5-95e1-d9f421e1b4c8	78	376	38	18	,
bff6e920-3c1f-43ea-96d7-2e4cfd025fac	119	376	16	18	of
49f9ab7c-c3c9-4d31-abbd-91861db48fa0	137	376	43	18	virgin
f6144cba-9fc1-4370-aeda-3142d1aa0e86	182	376	16	18	in
818266b6-ed23-4a2e-8da9-0116c5a198a9	200	376	45	18	vision
6a57de6a-78b7-4982-bf65-cab1fb28f66b	247	376	16	18	of
69c6a267-ec77-4b8c-9813-c1406f87a702	265	376	45	18	Nephi
ae53cecc-1e97-4e1f-8107-18cb50460991	265	376	45	18	,
f36da840-a06a-45dc-ae8e-d2d91b668b01	312	376	44	18	19
7fd20fa4-c64c-4658-9a5c-fb32a8e19e3f	312	376	44	18	-
f495d6b1-4aa7-48b3-ae6e-2f1d177cad69	312	376	44	18	20
cb0425e1-c2b5-431e-9c1d-a42f1314cd7f	312	376	44	18	;
e3042691-03cd-4146-809a-b2bc774ae277	88	388	42	16	little
53b5770d-324a-453b-b856-a6b9f90e9e2f	88	388	42	16	,
8eb8b43c-c4ad-40b9-97f3-f5daba81e54f	214	390	40	12	thera
8964510e-0f70-4a2e-93c8-7aabd7fd25fc	214	390	40	12	,
2f8749b4-de8f-4899-8c03-ce9144ab8bb7	262	388	38	16	85
371fc212-d519-4569-8fd7-764c24bae671	262	388	38	16	-
326e4bc9-836e-4e84-b29a-5bdf2cd0b96e	262	388	38	16	6
82e95cfc-f6e6-4089-8ed5-4411526420f3	262	388	38	16	;
cae22e30-3a2b-4143-933f-edda1c0eaa28	88	400	42	14	devil
f103ceaa-c77e-4ba8-914b-28c67af7bd0e	88	400	42	14	,
b5393309-7f71-413e-b8f8-8649ddd0bd4a	132	400	48	14	208
ebe01e8c-8fa2-4795-b1fc-13906dfad056	132	400	48	14	-
62ca559d-1f36-47e9-b249-f64aabf76c99	132	400	48	14	39
92a75729-96b9-4f88-8636-ff1f66d76c25	86	404	42	26	liftic
04618cdc-886a-4d0d-9e87-1aa76d83d820	86	404	42	26	,
66f4779b-21b2-49d3-b762-e6e18eb57100	131	404	26	26	type
42657d9b-5caa-41e1-98e0-2107c6c00927	161	404	16	26	of
8f69f98e-1777-49bf-9bcf-2e9c59e427c2	180	404	46	26	humili
8d1b2ddf-d6e1-42d6-81c6-8e5a60384a89	248	400	46	14	222
15064bc0-d565-4346-90d1-43f34bd36900	248	400	46	14	-
369ca189-ceb9-4340-9a7b-ed8d70e10e58	248	400	46	14	23
cf608032-4683-4f6c-ab32-79fd8b99840b	304	400	52	14	333
5a79000e-6be2-45e3-b722-df15c2a0c2cd	304	400	52	14	-
838ae71e-c6f3-4e6d-b3b1-c241b1a01302	304	400	52	14	11
f07f5309-86f8-4b01-8a23-2bec2480272e	304	400	52	14	;
8990e414-b18e-46b6-a009-147474181442	244	412	51	14	423
d42951d9-5f35-4936-a13d-963fde155610	244	412	51	14	-
91dc6450-bbe3-43ab-a5f1-da4044e88ee4	244	412	51	14	37
9d718cd1-6433-4aec-bca5-098224af3870	244	412	51	14	;
12be33fe-baba-40b2-9e07-2d1758795547	296	412	57	14	Mormon
5db56e6e-ad41-40f7-9846-e89b33e74867	88	424	12	16	a
f9658349-f746-42bc-ad40-1f4e1fcd71df	102	424	44	16	sober
2d224af9-edf0-46ca-8eda-01265bfab2c3	102	424	44	16	,
e8d4b880-370f-4a85-928e-1c244c26ea12	220	420	40	20	Holy
b6e2f22a-5757-493d-8b8e-3e8c8b2112c4	220	420	40	20	,
d63b6854-7b21-4912-9f10-7f8e248447b2	262	420	42	20	516'3
d9cd47da-2308-4948-8a08-3cb181e938ab	262	420	42	20	.
0c808fb8-7a74-4f28-a6e0-6e2582e3fe43	78	438	62	14	Children
c62f53b9-07d2-4390-9f43-2ed7c8e92813	78	438	62	14	,
bc2eb3a7-797b-4e01-af12-d0c466e7c33a	144	450	50	16	35
6ba97906-ce7b-4b5f-a67b-932f93f64765	144	450	50	16	-
5256e416-436c-4749-978e-a03ce1c616de	144	450	50	16	20
e7ba39f6-caf1-4dcb-ae78-f86adb04063e	144	450	50	16	;
2fd44a22-bd2f-4a90-8f42-5ff9b7fdfb50	196	450	20	16	to
63a007dd-7a82-498e-b4fe-ae6f41e6aa71	88	450	67	30	peoples
6f1b8b03-3cc2-4fcd-b87c-0ebe21b8bff1	88	450	67	30	,
36d0fd90-6f4a-43ad-915d-1256290d8354	159	450	37	30	many
6c40d71d-9569-4d53-bbbb-61fec6bdfb0b	200	450	32	30	o
59088346-3111-4417-bf31-0bdbbbf885f5	248	464	64	10	restered
061f1d0c-0c31-492d-918b-b2fec9b3915e	248	464	64	10	,
78e5695e-911a-4972-89c5-9cd79e7b3c52	90	512	45	12	found
8fe2dc77-dd86-4fc3-9897-a52c86005c58	137	512	23	12	the
61e96395-47ef-4434-b3cb-7a0e9b01cb67	212	506	58	22	278
d0563506-c73d-414c-8511-e091b5dd6a0f	212	506	58	22	-
68f3d274-1554-401b-bc23-eb843828c931	212	506	58	22	23
21a34dba-16c7-4792-9445-140d257b06ca	212	506	58	22	;
71eb296b-eabb-47e2-a411-b8ccc9373297	326	502	28	10	con
171ad32d-cb66-4876-90ab-bb2d1af6c62f	326	502	28	10	-
2fee9e65-e10f-4b2f-abe1-722b7691cd2e	272	512	60	12	brought
cb1368bd-8c8f-43fb-b9fa-441b9d63c0e0	336	510	18	16	to
6fc17519-bc15-42ed-9217-1bc31a987005	89	525	47	14	Jesus
f206b4b3-2d4a-44e5-949d-88509e139655	89	525	47	14	,
fb1e102f-cd83-403d-9d12-4e9ce6c05306	138	526	44	8	433
aa256301-80b5-4f1e-8f57-cdd51fd4acf2	138	526	44	8	-
711a02f3-ae40-446b-91ca-fb2a3b4aa005	138	526	44	8	48
5bcc8314-90a0-493b-91ca-7610514b145d	90	538	28	10	21
194163c1-113f-42ff-a7dd-cfbfdfa6d02e	90	538	28	10	*
cee55f77-958a-4bc0-adea-a80242b7cbc5	120	538	60	12	ministere
7df6e227-2e41-4c68-a801-152ec9b63ea5	90	550	40	12	speak
47ed5b5b-c635-423a-8c62-9842a0db6c89	90	562	52	12	women
f769480a-feb3-45b4-8849-56eddddd18e7	90	562	52	12	,
e2815cef-2647-48d5-973a-9013854a187f	88	574	24	14	21
1e8f84ae-db09-4400-a664-a06d4d87ff25	88	574	24	14	;
b55578ce-afb5-4db2-aacf-bd0a1962e0a9	114	574	58	14	baptism
65d6433a-2c81-4ef1-880c-5920515e8a25	88	583	44	17	516
f2e67631-8474-4ea0-9cc0-306c0d692134	88	583	44	17	-
76a3878a-dfe4-45d2-afc4-56a5e0a8ae57	88	583	44	17	9
833d69a8-4bc4-49ec-a943-82f771305d19	88	583	44	17	;
71cfc821-7e02-4d8d-be82-f32a0b7c3b9e	88	598	48	14	Christ
0bcd55f8-33e0-441b-baab-78d8492e06e1	88	598	48	14	,
a8ca048a-0316-48c8-aa25-6835fcc9b40f	142	588	38	10	saved
818b92d1-ab4a-4507-9cc3-cda913046891	320	570	36	18	God
f4e9d6d4-a089-4d1d-805c-04e6a66b379d	320	570	36	18	,
f0326284-f73e-4637-85d9-d3ad479772f9	78	610	46	16	Chelca
7051c5b7-f789-4e71-a955-4435c869f418	140	596	50	14	517
250f3a41-9adf-4875-92c2-ac0053d634b4	140	596	50	14	-
4bcbf4b5-47dd-4da1-92a9-3ed1c4d06c63	140	596	50	14	22
3146b281-7e68-46cd-8644-f0a4600a0f00	140	596	50	14	.
d4292ebb-b328-4a4e-ad99-0b1b7a9afd70	132	610	28	16	the
a54d4230-2719-4466-a5a1-1b0b8fa2ed1a	88	622	36	16	50
faa2ded5-5033-4fff-9399-1f6517031170	88	622	36	16	-
7bb036fc-f55e-4b9a-b7de-35cadac0a9e4	88	622	36	16	5
4d25a4be-d22c-40f9-966e-3ae0ac9d5f14	88	622	36	16	,
207428d1-0804-41a6-85d3-e414ef7d71ed	130	636	22	16	a
42d8052a-c558-4f45-9216-8b037c497779	130	636	22	16	,
206f7c31-0636-486a-8a22-1032d49e8a72	160	610	57	38	6007
c204ce28-eed8-42b5-b10f-c073d82bc007	222	610	24	38	10
0f9282cb-4542-4742-8b58-5c03f3cb5d59	250	610	24	38	13
f6e6a92b-d291-4e7b-9aef-4be3c62bc9e6	279	610	27	38	13
f53a2120-2ec0-44d4-b666-adb6136f4a37	268	612	42	12	4
9febc550-82aa-433b-822d-d430b089f2d2	268	612	42	12	-
49cd408a-9015-4e50-96cf-02049f792d01	268	612	42	12	20
84899aa4-07a0-421f-b1b4-342c49b64cc2	268	612	42	12	,
40f65139-a578-41db-a24b-38928bdfcdd5	308	610	48	16	24
fd5e7c2b-4311-40e6-9a26-0b389382e43f	308	610	48	16	-
64a9204c-8fbc-4a7d-b942-64452e441b95	308	610	48	16	30
41f4da0f-e47c-4ca4-add7-90220777b2ef	308	610	48	16	,
0c207c8d-e375-40cc-b50a-22834ef404f7	308	620	48	18	503
ca3dc54f-7e51-4f30-9b28-b1580d41e367	308	620	48	18	-
a167dd16-4508-4c20-b6a8-1b9f0321cfcb	308	620	48	18	2
493ca905-1c6c-4e3a-b4df-14b9fe4b0564	308	620	48	18	;
5b3db928-035e-4b44-b162-3110b97b495a	150	634	46	16	56
5eef17a7-7ec1-4e7d-9e39-1dc302883462	150	634	46	16	-
1650b4ba-068f-4957-875c-ffce24a36d1f	150	634	46	16	6
0969a084-a88f-4926-8afd-9dd59ee0687d	150	634	46	16	;
f5ac18f3-d19e-47ce-9649-1b9d080fb518	198	634	48	16	plates
89771baa-c85c-44e7-ac54-d498ac86dcfe	198	634	48	16	,
602eaca3-7e60-43cb-87fd-27a332d1b230	306	636	48	12	people
82840324-6797-49cf-b3fb-e8c598483de2	306	636	48	12	,
563a4262-b349-43ad-a193-c172aa586303	78	660	52	16	Chriat
a0f0f0ff-a70d-41dc-9531-87e6f08cda79	78	660	52	16	,
8406881c-b849-4a10-aa60-ed3021fa0154	128	662	46	14	names
58d61953-042c-45de-9704-31e018f09b30	88	672	24	16	10
e3e9041f-0edb-4b14-a7c4-d962696a09b0	88	672	24	16	;
ffce22ae-0636-4d63-bdc6-f9f74279d0af	116	672	52	16	coming
475ec815-133b-4d98-b73d-7d7db6531112	174	660	16	26	of
009f487f-9970-47a3-a5f2-8d9be1a69f30	193	660	71	26	predicted
c49c57f3-6d0c-4c2d-b062-81bcbc147806	193	660	71	26	.
e47abee6-642b-42ac-b068-4fdf30f3dc7f	268	660	52	26	124
70668a7b-3195-4ba1-aab5-5a1876cc58cf	268	660	52	26	-
16b64094-c62d-42b6-8291-a3b34db7c0fb	268	660	52	26	11
7726b1ba-3683-4958-948d-55cd721abd63	268	660	52	26	,
7933dad6-83a9-4735-b47b-a2f62351122d	323	660	29	26	379
03170551-37a3-44fa-b244-c270604f8e66	323	660	29	26	.
09b07259-ea15-4c2c-90bc-f6403af0cbc1	88	684	20	16	19
42f54dfb-3d89-424e-b7a5-95817119fc7d	88	684	20	16	,
9f3776e8-24c4-40f1-87f2-74676bb358f5	116	686	51	14	440
0480f8a6-d18e-424f-921f-9210b591590c	116	686	51	14	-
c7d8c713-5c3f-43db-ba76-03bba28feaaf	116	686	51	14	24
6470954e-7a3e-4ad5-938f-26179fba775e	116	686	51	14	:
5925f1e5-15ea-4a6f-a487-1729afa4f100	168	686	22	14	67
8a6d6f24-1f35-49b5-a042-4ec9b6670967	170	670	19	30	of
d818fd9b-7a9c-422b-b3d5-f59c1f705d56	192	670	76	30	predicted
a092af83-c173-42e1-8321-6b0a0249a61c	192	670	76	30	,
d7135f62-373a-45e4-b200-f3022d560585	322	670	32	16	379
37323b2f-aabe-47e1-8a4e-6caaefddf82f	322	670	32	16	.
b3269f02-01fe-4f0a-87d1-3b90e1e0cf1f	88	696	26	16	22
d04e8f46-db7a-4d00-9e17-04c57bb96b2f	88	696	26	16	;
b903cbcd-b00f-4487-8dfd-de1a37cd81d6	116	696	20	16	by
5f1ab5ef-c078-45f9-969b-28a21e15b96a	142	698	46	14	Nephi
90a82cc1-8903-4e85-b92a-ee191b4f092f	142	698	46	14	,
808aaba6-d78d-4be7-93ca-460a582aac85	194	698	32	14	BOn
b36c0154-58a3-41c1-8afb-94a46be4221a	324	684	30	14	380
88175939-b59f-4d27-b3b6-f99a551d2cf9	324	684	30	14	-
be61f951-8567-47bb-96a7-8ee2adac2f0b	88	710	48	14	Alma
2d0623a2-d0fa-470d-98ce-ea2cb00dcb9b	88	710	48	14	,
8f0b5211-4152-49ce-8ae2-330c684a2213	212	708	60	16	Ammon
87087e33-b1e1-48e2-b15c-3beb99ea66e7	212	708	60	16	,
692c6870-7910-4be4-89ac-d3b12df84fe2	88	721	48	15	Aaron
9d22ca24-a93e-44d8-b7f4-39a9a7083f0b	88	721	48	15	,
91a99664-3981-415b-82a4-88c87fe225aa	88	748	36	10	man
79d07841-01fc-4fdb-8b2f-9c9d90ea152a	88	748	36	10	,
097a1658-323c-4b81-a456-35031114372b	129	701	58	38	1301
22d28992-542f-42d7-9620-5c9af7df735b	129	701	58	37	.
47795e36-ea6a-4f69-9856-0a22047173af	186	711	26	32	3
ade9b9ef-e4be-4b28-b2be-fae719763b8b	186	711	26	32	:
23bedd7d-ac01-454a-9796-97e21317a2ea	211	715	61	39	7ephin
37d641fc-9cf0-458e-903d-92d103e6ef58	224	696	49	28	amon
30349705-66da-4cab-b066-0ba480232178	224	696	49	28	,
be0ccda9-222b-4be2-a236-dd4c391ed4f7	276	696	54	28	243
42aaa703-c354-46b3-8e8e-1f642351c9cd	276	696	54	28	-
23394ba7-7d23-4efe-bc67-b52808df58a9	276	696	54	28	38
c27525e7-fdfb-476a-bbfb-e5a0a90aeb9b	276	696	54	28	;
b717c904-1d1b-4823-9f93-effe787ebff2	294	698	38	10	18
918b870b-9be9-4fe2-9dbc-d2d0699aacb4	294	698	38	10	-
0996f972-af03-43bb-b3bf-7fcc0d2bfd5a	294	698	38	10	6
0bc48520-45dd-4b1a-8c9b-06ecb416d857	294	698	38	10	;
bcd45f30-c189-4559-a4ee-b9e5623fb1f2	234	719	64	15	Samuel
e5b5e406-9307-4a7c-9651-31a30a92dad5	298	722	26	10	the
10d15ab5-504e-4075-b0fb-9a601bbc0046	326	720	28	16	La
575f7541-91af-4807-ac41-17a7a16855ed	326	720	28	16	-
3cbd4e2e-ac48-4ad4-98d6-68077ce09801	144	732	40	16	393
f38649ed-a636-41f9-aaea-1ff59c22fe78	144	732	40	16	-
33c0c889-80b7-48ff-b52e-07d3a62a96ad	144	732	40	16	2
0f9acf9a-86a9-4f0d-b99b-9f0ed9704714	264	732	28	16	Bon
839b84e8-e068-4f14-b5d5-6c1408b452f9	294	732	18	16	of
288f2b03-8781-4db8-aa60-5899f77c894a	314	732	38	16	Hela
e7287457-b831-4cc8-88a8-f17a3420fa16	314	732	38	16	-
6ba5727f-59bb-414c-937e-e2cbc8e3cdc8	252	746	51	12	440
c42a38a8-3af3-4c69-8f2a-026369867b8b	252	746	51	12	-
22d1b870-63bf-4ab7-aaaf-10ed4c2db867	252	746	51	12	23
2f5fef38-3472-41f7-a4ae-41e68826d225	252	746	51	12	:
068daa14-21e0-46b4-8d39-d4bfe608b816	305	746	33	12	time
51f96a91-0d4d-4f1a-a587-3c423199e2cb	339	746	15	12	of
af0843a1-cbda-439e-bd6f-50f6b95a1a6b	256	758	42	14	393
55f24281-d48b-4351-87ff-56f6ba50e8a7	256	758	42	14	-
ff018416-5f9f-4d8d-9659-ebb6165c404c	256	758	42	14	2
94b663c5-1618-4b77-8bb3-845e3a806e94	256	758	42	14	,
1d2f9e33-a393-443b-b189-998f2be39b5b	300	758	54	14	400
b0828108-71fa-4b1d-a3a8-9382885c7ec3	300	758	54	14	-
331b7455-7d49-4e7b-8b33-eb175c623272	300	758	54	14	13
d9d46b2f-7b1d-4054-981a-832ff398012f	300	758	54	14	;
8ceec92a-1291-4983-8540-7eb89fb33634	308	770	46	14	402
2ba553ca-773d-4485-88ad-5952e007530d	308	770	46	14	-
07d312c4-6b38-4baf-836c-2d5476f44ef1	308	770	46	14	8
1fc6f57f-ac37-4e1f-9a2c-1928178a3a97	308	770	46	14	;
3e870972-d079-4a5c-bd04-5b581fc0424d	88	782	49	28	190m
e0d01f79-c814-4c2b-9a6e-7648b4f11eeb	88	782	49	28	,
bd1fbdc7-4d5f-4bf7-b85f-b2321b5c4463	140	782	45	28	church
671a28e0-7294-4b99-9ccb-1ca53d30225a	189	782	17	28	to
aad1bdc3-0258-431d-9c66-ef5ed0b7b45d	210	782	14	28	be
a99d4f99-e48f-4925-97a0-261d95d1bfec	228	782	24	28	da
81c13ed6-7c54-4364-bf67-27f601a0aef5	256	782	14	28	ta
0e7b5714-b2a5-448f-979e-8a3436356626	273	782	17	28	to
1b8a92ff-2ae3-4ac9-84df-8bfe6cd5f565	294	782	38	28	Bene
c908beef-ac66-45bb-9fd1-d601e7aacae5	336	782	14	28	oi
84ea1c38-fcbb-4d32-bca9-63f57c399c00	86	806	42	16	450
0cb11165-99b8-48c3-b1f0-b273ca480780	86	806	42	16	-
ba84a387-a840-4150-bbd7-329d31e0acc9	86	806	42	16	8
995da59d-49ef-40d3-ad28-aa7eaf050c34	86	806	42	16	.
21a41db0-d698-42be-8249-c935d6cb77e5	138	804	49	30	Accort
60973f6a-c65c-44a9-b6d6-c60a09d229fd	190	804	19	30	be
d8cb4de7-81a1-4657-a81a-0696e3b4cbc1	213	804	65	30	Bont
27e2b84e-c2b4-4d7f-af8b-4b6a22f7e964	88	870	21	24	of
009d540a-ad9d-4c40-8017-cbb4dd7e3c63	112	870	66	24	Messiape
327d770b-f5e9-433a-bb21-513813f30e82	181	870	15	24	17
44ddaa3e-4cc3-49f7-b6b1-a2754c5e9959	86	892	24	16	12
8a1e24d0-fb6c-4a15-837c-420ca837b814	86	892	24	16	,
afa37633-43c5-4e92-86ba-82fc81af09b1	112	892	54	16	104
626700ee-3ee3-4458-a163-09ed0b52d336	112	892	54	16	-
7642eabd-a82f-42f5-b1d1-5ac208732e1c	112	892	54	16	13
1cb7a494-6ee9-42ed-8313-fa6088ba09a2	112	892	54	16	,
aedc3e38-5060-431d-8053-546600dd3f89	172	892	50	14	141
baa29656-a706-4664-9f5e-e6bb854df1eb	172	892	50	14	-
1fecf5d7-0db3-4ce1-bd61-1131dc64ef6b	172	892	50	14	20
17611f89-0502-4d67-9341-793ea152dad4	172	892	50	14	;
1a249190-7b79-47b2-abc1-2eeca7183df7	256	870	44	8	379041
6f5795c5-56b0-4de3-bdc6-69548588fd11	324	854	30	16	the
c13e4a84-254f-46bd-9e27-31e0908a741c	230	880	51	12	Savior
1331520d-ca9f-424d-bd88-8a189c79afd0	230	880	51	12	,
635ef5db-e24e-4cbf-b118-afdc8e704243	282	880	44	12	25
366657c1-a36f-4fe2-a5a1-a019d96d42a4	282	880	44	12	-
d78e322b-4225-4da3-bfca-7fc1c34e3301	282	880	44	12	40
08528dea-c0a1-46d6-b93b-5c099785cb75	282	880	44	12	,
180ad319-d58a-459b-9ddd-12293053469a	328	880	26	14	47
741ec7b7-d8e7-41f9-aba7-02dc6795e9c9	328	880	26	14	-
d631284f-fb04-49e6-a62c-3a8309354e0a	234	892	72	14	Redeemer
31216816-40ae-438c-8b2c-5e20ef746cbf	234	892	72	14	,
6baa91e2-6731-4f35-9aa4-4441a114b93c	308	892	46	16	28
12a9d03f-08e6-4bd5-96b4-593e69e0ff75	308	892	46	16	-
0ee74e35-c8ac-43c8-af7c-bb300783600b	308	892	46	16	14
c341e204-998a-42d9-82d4-a09a4afd57c8	308	892	46	16	,
f304e046-fc70-4d0e-9c80-a3eb2c654866	376	260	22	20	hia
e13075cc-a0ea-452f-a38f-a765bb8df22a	376	278	36	16	Bora
e5e243c6-caff-4216-bdb9-5dd772566f9d	418	282	14	8	•
49afa5d2-91af-4ea6-99bc-405328ca4371	433	282	45	8	woman
0feaa9fa-3165-46c7-bb5e-474cab748f85	376	292	22	16	by
4b82826d-316a-4cf7-8dac-0cd55d9d1485	410	292	38	16	John
5e4cf49c-4de9-40f5-aa48-86ee8d6cf158	410	292	38	16	,
9fe5cb21-f217-41cc-968e-c2ddc895ba7e	454	290	34	12	19
21574b8c-79b6-491d-94b5-3836710b0812	454	290	34	12	-
7bdd13a9-f680-431f-b55b-0a6e0d4aa97d	454	290	34	12	27
1b9ac501-1e86-4e50-921e-8d7c1a68cddd	492	280	14	10	18
1bc585af-38e6-43c3-8037-bb5350bd5df5	510	268	24	24	18
38af3daf-4e8f-4d5e-82c3-bb9b300e567b	510	268	24	24	,
b142e058-a6d9-441c-9329-5368910711a6	376	302	58	18	mocked
237e7cf2-b4d3-4a5f-8f67-4617a7477593	376	302	58	18	,
21ac0f1b-a60e-41ad-842d-e6160718a872	437	302	63	18	scourged
7ffc60fe-cb1c-4193-9936-c43fd4c6cac2	376	316	40	16	lifted
0f3d7615-e255-4025-b7cd-e952d04f904c	378	320	39	24	140
f5520c62-c3c9-4d02-b8fd-5117a949fad4	378	320	39	24	-
6e313834-217c-455e-b21d-b1ad4ed0cfbf	378	320	39	24	9
0be3416e-e291-47b3-8e6b-cfbf25224f09	378	320	39	24	,
ad2688d7-35c0-47a2-b1bf-b1962416543e	420	320	56	24	450
9a22a76c-ab59-475a-aa9e-7d857577973b	420	320	56	24	-
57475dcc-13ab-4f57-9144-ff28f014bad2	420	320	56	24	14
67e3951e-6157-4223-96b5-63d50c76df3c	420	320	56	24	;
56b73810-3ee0-4c69-919c-4297e6e6f8eb	474	318	24	14	the
39c20968-38a0-4c41-9902-052633ba516f	380	342	24	12	13
d2a97b39-1f0b-4e79-8ea4-7575d7d9e947	380	342	24	12	;
f2be8b79-67e1-4eea-b088-359a8d011495	405	342	50	13	breaks
91164f2b-c708-468e-81ea-e98eb91c5bec	456	341	26	12	the
b3e5bcf5-8f29-4677-beaa-ed73199aa9f4	378	354	44	12	Bhows
dc1ae1c2-44fb-4258-bdba-aeecf931aaef	428	354	54	12	himself
359a66a3-478b-4a26-a307-c44a34e8190f	376	364	52	18	420
469346ae-8f70-404a-8999-d968ea3e7fad	376	364	52	18	-
593b22b0-87d3-47a9-950b-2422b31826de	376	364	52	18	18
cac78cab-d61b-4701-a54c-eff764e27805	376	364	52	18	;
59b2ee61-525e-48eb-8fdd-5c97366f4526	430	364	60	18	announc
9b9b2b6b-2fb5-48f8-bd76-ee20472b064a	380	380	52	10	heaven
6d49abc1-74ed-4c97-bdd2-63215f71ab0e	380	380	52	10	,
8ecce1b0-577e-4483-89fa-d50fada60e5f	438	378	44	14	417
ef1e53ec-c367-40b7-a963-0dcc6a69d188	438	378	44	14	-
43c09e06-a163-4ab1-90b0-50472380d961	438	378	44	14	1
1c525ef0-8605-49b2-b4e6-e1656506d7b6	438	378	44	14	,
8e9830ed-64fc-4b47-bb4c-742137482022	380	390	24	14	ple
555cd289-7f85-4318-a875-809f65940027	406	390	76	14	understand
4357f300-84c0-4448-b0a9-29d624020e14	488	372	20	18	119
9716003c-f6b2-4e7d-96f2-8298ebfd6daf	378	402	48	12	acends
43226c14-2acb-4d5e-84d4-4dd2f8105a30	434	404	28	12	out
e68eb2ae-921d-497b-92e7-f240e3ad6993	494	390	28	26	chea
71695769-d0c3-4424-a1de-84eecef17c9b	532	370	26	20	421
0c4fa122-ce29-41c6-9aff-65276d1c6524	526	388	26	30	voic
9fe8030b-eb1e-415d-9362-6d200f239317	556	388	7	30	,
90f746cd-999b-46da-bad6-cfe2277db7f6	567	388	19	30	213
8e7a9914-8e60-4342-9af6-27aa98fed64b	378	414	47	14	Nephi
17ea0866-36ee-4990-a803-daf6fa189fb2	378	414	47	14	,
674c2b36-2403-4e19-818e-d37175d8179b	427	414	51	14	422
190f31a0-4bca-4a49-b2f2-407637bb8d79	427	414	51	14	-
8b4bef9d-d806-45ae-98e7-13da220f8159	427	414	51	14	18
759e7eeb-3feb-4c98-a423-bc83b1127175	427	414	51	14	;
bd98df08-96f0-4d13-8176-953621804ac6	378	428	46	10	others
6d3125c6-f045-41d1-875c-cffc0fb04415	426	428	20	10	to
d3b7b8ec-39ce-4b16-b8ed-815eb4ceb249	444	428	38	14	bapti
fb489c89-4a96-4e2b-bab2-d7da698a3c52	378	440	26	12	the
b8f4d655-6b08-4496-93f6-be22796311d5	480	418	19	22	кс
6079e5d2-61ad-488f-b850-f4bd2f4bb661	480	418	19	22	,
67a15fa3-69b8-40b8-bf07-2ae0dee8948e	502	418	24	22	422
7d5641ef-5561-485f-a046-780d8f030bcc	538	414	32	16	ions
e2f916a2-9d86-4231-aec5-56efdc57f0b6	572	414	46	16	Nephi
e8306606-643f-4c8e-99ce-83da46953b0d	410	438	50	16	twelye
194e0b0a-c7a2-4388-9fbd-4dcc8ea7db67	380	452	44	12	works
42a97f62-4c4d-44b7-9ec6-97a70bb06e5f	426	438	38	28	alia
3f2f8b8c-4042-4fe7-bc50-6b874c06df60	468	438	34	28	disci
5ece9526-6ba7-454a-9aa0-abe37c1b68f9	498	442	48	24	140.5
e151ef73-8beb-4b04-9dae-e819936bd6b6	498	442	48	24	,
1685e6e4-9b53-4b51-a7a1-d422449ec24c	550	438	40	12	22
30ef5c80-74bb-4e86-97ae-56893851a10f	550	438	40	12	-
12ac682b-c0a9-409d-9be8-2f76c8b2e240	550	438	40	12	22
84a1ee62-05d0-4d2c-90b3-a389125de8c1	550	438	40	12	.
fccf9ebd-6736-4202-b30a-751f387edf75	600	438	38	16	423
fd720e0f-6243-4af0-889b-a70db8ef9492	600	438	38	16	-
02221d2f-a0f9-4233-a624-eb6c985b26fa	600	438	38	16	1
812afbaa-e1ab-42cf-8636-845a08fd22c4	544	450	44	18	432
365e8af5-0456-43fd-8f54-8ca65e92ba5f	544	450	44	18	-
e9626ff3-5c38-46b9-863e-351ab69c9d49	544	450	44	18	7
9f421bcb-11c6-4594-ae57-214857a2bf46	544	450	44	18	.
6bcbb500-4964-49a0-a0c9-2c8342e489ac	376	462	21	28	For
44956a54-cc83-496b-8508-06258ed55f48	400	462	41	28	ahow
70c66c87-b33f-42c5-932b-e688ac5d792a	438	464	54	14	himself
2860af86-e46e-4ce6-9e63-e7ebb1c3b046	592	450	46	14	449
85391f79-16e5-4c8d-a18c-f3ff8a7b9647	592	450	46	14	-
d9c849c2-cfa0-4b8f-86d8-b5e270a6d9eb	592	450	46	14	15
1dc20281-db29-43d1-b487-44dd2d1a25a4	498	464	18	18	to
433e2535-046e-4c4d-9eaa-941fc8c07fec	518	464	27	18	the
57635f53-c85e-4c27-959d-a6ab7459ceca	548	464	32	18	loat
f609e33c-489b-4a3e-8b63-353d06059d55	581	464	41	18	tribes
8f582f8c-b0f8-4bdc-b347-2b2d5249138f	628	462	16	16	of
a9c5205d-9c3c-4549-962b-0f2c8bb23be6	406	502	14	14	in
3cd31ef9-c1d1-4e65-8b5e-cfcdab0b2cfe	380	514	38	12	wine
0794d138-f0d9-4206-9cfa-7a5e0ce05123	380	514	38	12	,
2d6f8877-d63b-4d22-8ab7-830c562556bd	420	510	47	18	434
9b63d41c-2cbc-43d6-b3be-b01c8d6c4abe	420	510	47	18	-
7487a2cc-6a26-4e9b-a647-5640eb6093e2	420	510	47	18	1
3dc48d7c-b5bd-4d9e-8d24-778323f3a01d	420	510	47	18	;
8435b4e7-dc68-4818-8085-caa69e1bcf94	469	510	35	18	Lays
30e3f3f8-5707-4491-b269-a72b6e7aa9b6	510	512	44	12	hands
29249ace-7e5a-4665-82cc-1914efa40d09	558	514	28	12	on
40dfdafe-b0de-4d81-8d93-9afe33ab9d48	584	510	30	16	his
0b4ed9c4-5096-4e89-969b-8e8dead59be7	616	510	28	16	dis
e16a07f8-5697-4aa6-b5b9-7a5a88d07601	616	510	28	16	-
3bb773ca-3783-4c6d-ab26-81b1352b6a86	428	524	54	16	436
d26e8687-34fe-4da2-9e10-ee69a75f923b	428	524	54	16	-
d467cd7d-5e06-4546-a29c-d430e5cef863	428	524	54	16	36
34ab8ec7-9ba5-4138-ace4-78439518e77d	428	524	54	16	;
0cd81026-2dc5-4db2-8684-a9a3d5bccd19	380	538	49	12	636
0b4e3d14-7432-437f-ae24-03a8672d1427	380	538	49	12	-
53d6af6c-28ca-4d12-abfb-30680ca43797	380	538	49	12	39
ee05afa1-63a3-40f4-a1e7-4551b3ee8c99	380	538	49	12	;
a43bff19-ad86-47ff-a88c-1ea96d063d92	431	538	55	12	арреагв
5e9f4095-7be1-45fa-a07b-3599062504ed	490	526	54	12	ascends
f9266dbe-3e94-430a-a253-883bae1044c3	552	526	30	10	into
00db173d-02b6-4b84-a1cb-5e0107206125	534	538	48	10	437
67980997-857a-4596-a97f-7e774e49a856	534	538	48	10	-
422f7fe1-917b-4f65-8145-5a8ebe772a9e	534	538	48	10	15
2e3475aa-b1e0-4049-9e23-bb58cd526481	534	538	48	10	:
ced15996-9d0c-498e-95a1-77780c8bbbb9	592	526	54	12	hearen
da9c9309-92b3-43cc-9eba-fbc264964432	592	526	54	12	,
cb1d5a98-0898-496a-b457-4d9dd8dd4e43	590	538	54	12	miracu
726a60ee-53e9-478a-b1ea-b230d85d6b3c	512	550	66	12	cramental
d130e1ba-709c-473c-9897-b288d86d2cd3	579	550	62	12	emblems
945e1dc2-f127-4afb-994a-b4dcf4ae4eb3	580	550	62	12	,
6b7f9b90-ea20-46a5-b053-61bb4ebe58e5	500	560	60	16	disciples
6c2d7584-06e0-4335-9542-60edfa81a1d9	376	574	42	14	dicts
0d01e80d-846f-486e-988e-5e7299150c06	376	586	38	16	tion
0e246173-01a3-4789-89c4-507aca72d96e	376	586	38	16	,
5e331668-67e2-42a6-a36e-7bb055315172	416	572	52	26	dener
167cb899-273d-4673-adf6-d2ba4907f464	471	572	37	26	Li
ecc7e965-c493-4249-a463-873d5226e3b4	514	574	26	14	the
0215150d-36eb-44bf-b148-e059031a10ca	568	562	26	12	449
33d3dcea-2631-4164-9d1c-1a92c846cc90	568	562	26	12	.
e882bd0c-8227-41b9-90e9-940a136571ff	592	562	21	12	-
739d2ec4-f52b-44cd-8e7f-dd946345e449	592	562	21	12	2
cb7563e2-7d14-4392-849f-81da1d6aeeb5	592	562	21	12	:
7b222df0-758f-487b-8141-5e4afecaedcd	615	562	25	12	pre
e51d471c-ba61-4795-a7fa-927cbb292548	376	598	40	26	Fiver
bfcce182-7d76-49ba-8eeb-5d5567c3ebd9	438	598	26	26	the
0f42a6b1-6e75-461d-9c2e-26c8c9839314	467	598	27	26	429
c246f12f-9fcd-4ffe-aa95-888b5a60b4cd	378	620	24	16	the
a383559f-8c06-40aa-89b7-a38240d6089e	404	620	40	16	light
e8239caa-ff00-4eb7-980a-52d7735a7a14	404	620	40	16	,
8bd74d15-0933-459f-a1e0-1e5712838896	446	620	44	16	429
8a6e1b1d-cc08-4764-8adb-70c11873c1aa	446	620	44	16	-
fe48ad39-0c5f-4d9a-9c51-94f4e40018de	446	620	44	16	9
d2dc2181-4b51-4413-b540-973573c50083	446	620	44	16	;
7ffbd0c9-3828-496e-94ec-ff75a9427839	570	622	18	14	the
9be3bf56-c2a0-4031-9429-7dfc75a02fb3	376	634	40	14	those
c7bccc97-17a1-4c57-b945-200f8096b85d	384	648	38	10	40
0364df97-debc-4f4c-b8f3-38972bd669c8	384	648	38	10	-
e645d570-5eab-478e-a7d6-4863212c5d22	384	648	38	10	11
8407267a-2f14-481c-a209-56eb76d7aff0	420	634	3	28	•
96af5743-88ce-4536-ae97-a559fa336043	427	634	49	28	209.7
8f73744a-d64f-4883-93eb-9f3074a2f766	427	634	49	28	,
f929a353-71f1-4ff2-b37d-3eeeeb7f2e4b	479	634	27	28	22
69906bb8-363b-4d08-b4da-164fc06b081e	479	634	27	28	.
66105181-ea1a-4fbf-ab3e-2a37d9b2d99a	378	658	22	16	ple
b79724f8-0fb1-425c-aab8-145b7fdbc4de	450	662	27	8	but
3b776f33-d618-4758-a9de-3cfe1f407b6f	478	662	26	8	not
e0c72523-c137-4730-8be1-e2c853af0bf9	505	662	15	8	is
555c0891-a902-4cae-9ee7-2049117c062e	526	660	28	10	neit
10f68c4f-8660-42d1-9e05-7afad295fc18	380	670	56	14	satisfies
cfd1a89c-fcba-4365-87d2-d9756a294093	438	670	26	14	the
62ffeaea-f66a-4ab2-a568-3f57a0013adc	466	670	60	14	demands
8a2f72ad-ebeb-41d9-a997-c83c006020b9	376	686	50	26	204974
45ba384a-2f44-4131-9f1f-f9e08a4f57e1	376	686	50	26	,
2a09658f-c905-47c5-9a98-9936fec2b011	436	686	82	10	resurrection
2ebe2bdb-feee-463e-8dfd-3a414a506856	438	696	44	16	295
856a47c2-9d7d-4fbd-8d89-90f4bacfc845	438	696	44	16	-
4755d113-ba4b-4218-90b7-dad20ed8a850	438	696	44	16	3
2191c497-b35c-4698-824d-7c83200020d4	438	696	44	16	,
0d3e94b0-2922-4e83-a65e-2c8c072aec9a	376	706	55	20	himself
14a9a9d3-f8db-4272-8bf6-f03e52d1aa43	434	706	21	20	to
534101e0-61f5-48a8-9e1e-5ce16342804d	378	720	36	14	dren
dbf2170f-ea5a-447c-9c89-d6689d6876c4	454	710	16	10	ali
ffa75c36-7c25-411d-9fc8-afbcc10c4228	414	722	52	14	eternal
d3f0ee5d-a277-4125-82ac-1479147a26f7	478	708	46	14	188
6bb51b08-1d01-46ee-b842-d5e11427f560	478	708	46	14	-
829bff9b-b9da-4c3e-bab8-49eb814d42a2	478	708	46	14	30
32414b46-27d5-4c6a-b04f-cf73914e5b38	466	720	32	16	life
719bd826-f0ab-4a5c-bf2e-2fb67adaf324	466	720	32	16	,
d3144b13-54a6-43ba-8929-51986433f81f	500	720	24	16	164
91084285-edf6-477f-b413-1465c0d00b1e	554	720	40	16	shall
2687486f-531a-4db1-9045-b01fdacf695d	416	734	46	8	163.10
a4c2faff-5642-4cb0-9840-651b42253f44	448	744	40	14	107
64179488-740d-4da9-9f8c-93baa429ea30	448	744	40	14	-
13fac348-2887-4c65-b5e9-7fe0692bfbed	448	744	40	14	9
51b77ec7-2bb3-474a-a334-41d2283e234a	448	744	40	14	;
1fcbc92b-b1a8-459c-81d0-3d756c1e84b1	490	744	8	14	b
4fed0a62-bcb1-4ec2-9d7b-f51c2f5c3033	512	744	22	16	the
e4e30ea2-4c8d-4d6e-b267-dcaa26a4faf9	492	770	40	12	ccond
976ed2b2-1ed9-439a-a3f6-a923ee4893a6	382	784	44	10	Jerusa
11b37345-d434-4b5d-9ff3-a083b1b2edb6	382	784	44	10	.
4bdf0f2d-068a-4432-b52f-f5f5b1fa6484	492	782	17	14	is
2dc79945-b421-4c56-ba6a-86bc05aeab00	511	782	25	14	the
f321bb80-dd7d-44af-b002-cc72b0094e4a	478	796	36	10	reject
931c6a92-374c-4bd7-9b58-33c0b8426f72	376	804	40	28	4551
a90eaa1d-c575-43f9-937c-80cc5846a4ba	416	804	26	16	454
065a6e56-f97e-4dfa-a7b8-f9adc963611c	416	804	26	16	.
7db484a6-7081-458c-b0f4-ee370ce25b52	378	830	18	16	of
42c918d4-eaa6-460f-896a-30a950399abf	398	830	46	16	ordinar
309f3211-f8df-4979-ad45-e7c6340f1e0c	378	844	32	16	tize
0bd30d69-1d6f-4aaa-b1a0-b5b12966f49b	378	844	32	16	,
868ace15-fb36-4d56-9ab1-56d430869c50	418	836	52	22	422
f967d7b4-8972-4f70-82a0-cc0fc99c72fb	418	836	52	22	-
eba40d4d-bf71-4f5a-bd1a-ffe73fec7b71	418	836	52	22	21
be995833-91fc-404d-8f6f-ca4c89461c3e	418	836	52	22	;
c3a7b699-a13f-47cd-9dbf-183009be0731	378	856	64	16	baptized
9aeb2eb8-4fa0-423d-a771-a1e691202064	378	856	64	16	,
0da1f927-3729-4dcb-a21f-c431dbf6efbd	378	866	44	18	Ghost
9fd6f725-775b-4684-b846-96ad28f9959c	436	870	32	10	aiter
c0f652e6-f208-4576-b46f-de6b0056fdfa	436	870	32	10	.
0c9f11c2-a39c-4150-b5c7-62635b261cdf	486	854	56	26	124
972ebca1-6b3b-463e-b5c5-8bee40b06b9e	486	854	56	26	.
004f3bf8-af97-45cd-9046-19bbf5bc1a17	486	854	56	26	fre
96c38402-60a9-44be-bd69-f47acdc498b5	544	850	34	18	and
d56eca2b-bba5-4a0f-b893-441b54903007	578	856	28	16	the
4c891e0f-b540-4daa-95f5-7bc9cb867ab6	610	854	34	18	Holy
4901a0f9-7100-4abd-b007-f5a2bd15607e	380	882	44	10	called
b5ffb770-408e-406b-80cb-cfcd5b77515b	425	882	29	10	the
c1efa900-2cbc-477b-ad3e-47a3b66debbd	456	882	52	10	church
024935da-f12b-4805-8e44-0d5f74dc0687	456	882	52	10	,
824397f3-37cc-4a41-82f8-b1ef989cdd35	510	880	46	12	169
071b9012-15de-4cea-b68f-a33b8da8d51a	510	880	46	12	-
fd19a837-4dd5-4339-bd7d-e2019f75a6c0	510	880	46	12	17
9cbeb35e-a247-4adb-9dfb-78625fb023f0	544	870	18	24	00
b9a90a93-06ae-4f4a-824d-c0b841d23ec0	565	870	49	24	449
36fecf71-8d21-430d-b8ab-57fe691c638a	565	870	49	24	-
7e86714a-b264-4c66-890d-20e475f21824	565	870	49	24	21
0bb72d29-dbe6-4d5a-919e-21a1ede01d01	565	870	49	24	.
a5311a25-0558-4b63-b14d-384afcbd6737	596	870	44	12	aptizec
2dbb24e4-91f4-40a2-9304-74f4e376dd9a	380	892	25	12	the
cdeab037-32fd-4bcb-8400-68501dd31fff	407	892	80	12	sacrament
f70e3e9e-40ea-4e75-a970-182e85442735	407	892	80	12	:
a2bc9e5c-29d0-4bc7-bf02-b5c243cb24f8	488	892	22	12	in
1bc5ebf3-3f96-4c67-b3a9-24ded081d081	506	888	97	20	remembrance
eac3f7da-827f-4fea-998d-33be122c14cd	606	888	15	20	of
44abda7f-3579-4b67-8f89-a02f211c1cbe	624	888	20	20	his
