ID	X	Y	Width	Height	Text
c9d445f2-e7e4-4c26-b6a7-d6dd0bc66636	284	54	64	19	INDEX
b84380a7-4c5d-472b-a953-02b32353fbd1	570	54	34	18	543
7adffa0a-3a29-4736-833d-b34d694bb0cc	50	84	38	14	body
f4325e9f-53a0-4aec-b9da-9400302504a0	50	84	38	14	,
91b7649c-aab3-4713-8020-79f95eea375a	90	84	46	14	434
5aec6062-501d-4bb4-ab54-62cc020222f4	90	84	46	14	-
d1e5759f-e80e-4326-8f31-6a56b9b4b4ad	90	84	46	14	7
8d963b7a-a310-404b-b838-7ff734bbfab6	90	84	46	14	;,
84a6f1ed-a4b0-4810-885d-f53d744ffdc0	50	96	30	12	bids
a5ba5157-7c0e-4be8-a007-4a09b0e73d32	82	96	69	12	unworthy
b70026bc-c27f-42a1-89b0-5fe7e36252e4	152	96	20	12	to
ef351618-bd99-47b7-921f-1246ceab7b51	46	108	26	14	the
70a64e19-0892-4a2f-b0f5-2ef300cd9f83	74	108	42	14	unity
af77442c-e866-4a27-ac83-bbe19f0e6349	118	108	17	14	of
1fbccca2-3ff5-44f5-8970-4a3844134c54	137	108	31	14	the
44cc0218-c2b9-4386-81d6-9eaad073492a	168	96	60	24	Godaead
bdd96381-7cc4-4904-9215-9ace98022d1c	168	96	60	24	,
aada3605-aa17-4312-b0e7-8b4db42c47b3	231	96	49	24	422
3216964c-d97c-424e-8e1f-dd670f85f147	231	96	49	24	-
1caa92af-275d-4516-9bbe-ac8925986456	231	96	49	24	27
0150f61a-b40e-45ad-a1fa-26e847fb5c68	231	96	49	24	,
23db99b8-a947-4311-8acd-330abaf6a297	230	106	52	16	422
7837c94e-9d5e-4348-aaf0-6f18a1765efa	230	106	52	16	-
af9e6a21-d8d1-4a61-b1ae-9af5b20554c3	230	106	52	16	27
101cb3e2-f446-44e9-9c46-9835c2b7f143	230	106	52	16	,
95daf63c-8104-4ca7-9f19-de6378ae2f2f	48	132	65	14	putation
2053b642-6014-4e86-adde-fe7bec1991f5	48	132	65	14	,
ec410839-0ddb-46d2-bcfb-1df7d2aa43d7	114	132	32	14	422
8f22ba3b-0684-47fb-ae29-72101f79b4a7	114	132	32	14	-
17d91849-89ac-4313-a4b2-bdb7ee4fa559	104	120	3	28	•
82fe6f69-2cdd-41cb-ade1-e70f5e4c8fa6	111	120	59	28	422.28
18b7dc6b-5a43-4bc3-890b-948133795107	111	120	59	28	;
d85c8494-ac68-4819-9d2a-10deb0063947	162	120	66	14	bubjects
215d18df-ffe7-4c38-b2b6-0836b8077c9b	162	120	66	14	:
5b5e85af-5cd2-4893-987d-e0b3217d7813	230	120	56	14	forbids
1e1a92b2-4ac3-4533-b2a0-dc8d2e16e897	46	146	45	26	ahild
591f5ea9-5f64-4bc2-8500-7050e0fa11d2	46	146	45	26	,
0b091f15-1cdc-44b6-9062-9e73ee69f67c	95	146	53	26	425527
deded38a-aa8e-45fb-beb0-a245e738971b	95	146	53	26	;
1422636f-0844-4709-b359-7bb2a6bf601f	132	142	54	18	423
da59a9b5-4467-4294-93cb-5c003ded3ec6	132	142	54	18	-
36309eb3-71cb-48be-ab6c-fa6fb510999d	132	142	54	18	32
ce40d1f1-2ba8-4e38-92d5-01a515cc2187	132	142	54	18	;
0377bfd7-03ef-4650-be41-9314c2661f66	192	134	33	20	men
eae5abaf-2771-48d4-8de2-a4fea1155c9c	227	134	38	20	must
583f33e0-6e16-434f-8efe-e74c798bff68	267	134	47	20	repent
6560f19a-249f-4dc4-8136-9fd253e27b1c	188	146	39	24	госк
2d9eb487-ecd3-4b9f-88ca-10c17f20efd8	188	146	39	24	,
8c3c1cac-146c-414e-b1bc-681fdea624f6	230	146	52	24	423
e798358a-c095-4970-86fd-556d43fdc22b	230	146	52	24	-
4b2c71ae-7aae-43e6-8605-800e0de599c9	230	146	52	24	39
6cd0aa80-674c-4a23-9578-8cba44899c9b	230	146	52	24	:
f5110517-5986-4435-a21f-7026fd1aace4	130	182	46	12	424
54aa3797-2f3c-4987-9089-37748ba8504a	130	182	46	12	-
bc69e15b-d420-44e3-adf8-6b7adbc8f2dc	130	182	46	12	3
7f2e76d4-d07d-4b27-92c0-5ba78c57b50d	130	182	46	12	;
839204a5-849f-46f4-b333-ed2cb77bc6df	162	168	26	26	the
d109e310-ae0f-493d-ae42-d1e3ba4ab54c	191	168	49	26	mounte
a1c14861-1196-4dde-b5de-6a3b3a6a7505	243	168	71	26	42430.24
92149f19-2ad6-496a-933d-883740b267f7	243	168	71	26	:
1f1b0c0a-df6e-4d38-9c04-e0324bc09537	210	182	48	14	sheep
f5af1b2a-f0b3-4b56-8e2c-c93d220aecb5	210	182	48	14	,
89aca9e6-9979-4ea0-acdf-0a3d57b7cdc6	68	206	46	14	Israel
05dea8ee-f04d-4dcb-b171-3dc35f682949	68	206	46	14	,
3a4ffdbb-5fbb-4785-9738-9fd7f8076d7f	170	194	46	12	430
5361bd62-bee6-4e31-8f1c-5ead1a42ef33	170	194	46	12	-
25b0a9e1-c8ab-4398-89b8-e7de0dab76f0	170	194	46	12	1
afa058bb-49a0-4260-92d5-88f68cce5b21	170	194	46	12	;
db27f6fd-df8d-48b4-bfbf-04c8204191d1	218	194	27	12	the
1f5300a1-5297-4e9b-a6d3-348c1a3754f0	246	194	68	12	gathering
244efa23-09f9-4b34-acfe-6a2da9338240	156	206	45	26	people
3eda3175-3edc-4692-ab53-687f649c4746	205	206	16	26	of
1fefba9e-f98f-402d-bc5c-4e51d738537a	224	206	34	26	God
98d7b4b1-c7fd-43e8-8a5e-c5654791b8aa	224	206	34	26	,
1502169e-c7da-4912-8d44-4c2e5a3536e1	258	206	58	26	41
4a43149f-9579-42ce-a7ac-b372ed8bd5f3	258	206	58	26	-
2793abee-be4d-4012-aa8b-decd4ad3605f	258	206	58	26	13
ef723942-4669-4309-a0de-83565d6dc1c0	258	206	58	26	:
a186d7e8-f812-44eb-8f3f-60ebf3c99024	162	230	50	12	always
16d8f389-8012-4afe-983d-1614aa6b7c52	162	230	50	12	,
519c75bb-bdd5-4bc8-bd42-cc80da9e954c	213	230	53	12	435
a7cc74ae-c6c1-4b17-8294-20b99fdd8f37	213	230	53	12	-
e509d782-b035-4f28-8e82-45d632394fd0	213	230	53	12	15
a7ce1cbd-c15a-456b-9b35-7b2c08298c83	213	230	53	12	;
1d35afda-ee0b-47b0-a419-a5f2de5e2c03	267	230	45	12	prayer
b11332ca-3344-4573-91ec-795b3a3ed386	66	242	60	18	families
e3675942-da60-4bc9-825d-2d3ca1bec34e	66	242	60	18	,
0160d45f-1005-4781-94e3-c6b4cd6e5195	102	254	50	16	search
21ea2a9f-c3e2-42ef-a907-ef0a335b9594	190	242	33	12	neet
abe78f0f-74ea-4a9c-a2f5-bc71ce863db7	225	242	64	12	together
208d954c-6a71-4c13-bd5b-d7b013cd9e6d	48	270	66	12	teachings
5767b0b4-85ea-4823-82a5-f2c3adc4550b	178	268	48	12	written
bf68507d-f15d-4f35-ba28-896cef3c04d8	178	268	48	12	,
d2def141-c778-41c3-abba-7dded89a0632	104	280	74	26	prophecie
018bfaf3-088d-412b-8d61-990873167bf0	210	278	52	12	Malachi
bf7867d1-2906-459e-9da6-dfa38098a33b	210	278	52	12	.
095d4b06-08d6-41ae-89a7-981d06bf37d3	260	290	56	30	people
828f0177-dd0d-4251-b018-0f3ddc260ceb	260	290	56	30	,
a27dc3d1-c1b4-4e62-948f-7352a5d44179	90	318	66	24	expressed
d0cbb2f1-e9f4-46e1-860b-ee62bec84351	159	318	12	24	a
d1022c78-130a-4fac-8b4d-a0882cb91d82	174	318	18	24	as
2eb7decc-8ee3-4466-8996-57903984bde7	195	318	19	24	6s
62786ff4-d8cf-4904-bf59-c14e0a565ae9	210	316	4	12	I
3c9bf087-1cf4-4829-9559-a264fb738cbd	216	316	27	12	for
396deed4-6785-4d41-b1b8-ba5007032108	216	316	27	12	,
2c7f9cf3-47a4-4c92-b0af-34ed10a8d6c6	245	316	28	12	452
3ccfd7a7-ee6d-4224-85d2-4c8a8ebb3b25	245	316	28	12	-
ec19c134-57e1-49da-9cda-1b9873f7b21e	268	316	48	28	452
a3c86038-13db-4060-8277-3ae2cd986d73	268	316	48	28	:
183b26b8-576c-4197-8835-871f90a62b49	268	316	48	28	2
5558ee83-3cf2-4ef8-b2e0-980422319ffe	268	316	48	28	:
416a6e96-9739-4ad3-85e9-d1c36fcf5ad5	48	342	50	12	desires
b1f83b20-95f2-4538-9689-c2b284f4f3c1	106	342	60	12	granted
52afbab7-fd5d-497f-a91e-9593334395ac	106	342	60	12	,
f8e34f81-f1a9-4dd1-ba35-b3c4978e4f6f	256	340	58	18	promise
e60d97fe-2bf8-4c69-af4e-20ad59c32869	144	378	82	14	miraculous
6653a5c4-0cf1-48b7-bcce-32097fcb0260	246	366	30	12	the
3a7606e0-f3aa-4e0f-a124-03db0363658c	278	366	37	12	land
b13b3875-6427-4f86-bba7-474a278aee5c	278	366	37	12	,
1594f573-be2a-47fd-94ab-558d5a3253e5	106	392	44	10	names
120c5948-7e25-47b3-813e-843d7406102e	151	392	19	10	of
5a77be7f-d510-4c5f-85d8-7bf066f68a9d	171	392	25	10	the
06380f12-0603-419b-abd1-bc141da4e4b8	226	378	88	14	deliverances
ae482276-74d6-4c6d-8256-bc97bc8dbc5f	226	378	88	14	,
e3acfa0b-0658-437c-a726-dd7e4893326e	46	414	30	18	26
e75be2aa-68b2-4fc8-82d8-82c74170cc8b	46	414	30	18	:
50c502c4-1b38-4229-8d60-624868950759	52	402	21	28	16
9f4b63be-9d4e-4aa9-bfa9-71454e13a73a	52	402	21	28	.
d792d2fc-5714-4283-8915-c35e3fb0a5b9	76	402	21	28	3
83830c29-3021-462c-8936-f97637113e79	101	402	119	28	minister
6bd17403-c4f7-45bb-96cd-f5586c04547a	101	402	119	28	+
3539d2c9-c16a-48f0-9ae2-5ea040a3f97e	101	402	119	28	0
ea61aaf0-3ae0-4fca-955c-222ffdf66a78	198	388	15	30	to
edc03663-b0cd-4a8b-af6b-1258db7c76e3	217	388	23	30	so
9857d995-d93d-499f-a746-eb55213b3da4	243	388	23	30	not
546650f4-44bf-4c2d-957b-9248e7dc45a5	269	388	11	30	a
7413cb08-f087-4758-9088-75764a1bc277	284	388	32	30	3
15ae57b6-26a7-4902-a585-36362aca94fe	284	388	32	30	:
7365e5bb-cb9d-4bb5-bebe-9f0bf501afa3	52	428	54	12	Gentiles
168c4d7f-b69a-4b81-963c-f51076018ca5	52	428	54	12	,
19d5d499-0c1e-4806-9abd-cd7683d79289	106	430	35	10	but
cf34df30-0b26-4654-8684-14afeea6462d	142	430	72	10	unknown
bf147c44-d588-413c-9130-e8347f964a7b	142	430	72	10	,
2114607c-4b35-40de-a752-3f081dae17a5	178	416	33	24	ow
beb555e0-1e21-4e45-9b9c-7357951af9c3	178	416	33	24	.,
fd64eb84-2fb0-4445-92a1-8392c12bb535	214	416	48	24	453.27
0bd73b1f-1f79-4844-9b8e-a9523c812750	214	416	48	24	.
7c9b532e-23ce-4df7-a010-cb43217dc0ab	40	442	70	14	Christians
775eabce-2fa6-459f-9ee8-c44eeda46c53	40	442	70	14	,
877e606e-4011-402c-adc8-fde7536df69e	112	442	38	14	name
d4199fb5-0bfe-40de-bb0e-f58670dd8f90	152	442	40	14	taken
4e0b1df3-7259-4ee9-bca6-3ce86895334d	194	442	21	14	by
fca4026f-be4f-4739-86b4-6a847ed70768	217	442	66	14	believere
d753dce5-aa23-4924-941f-bdf6ab380072	217	442	66	14	,
2d1af124-5b0c-47ce-a104-e77ccda1ca25	285	442	25	14	310
9006295c-8cc5-4e5f-8d6d-f1b769f14d8c	285	442	25	14	.
1700ca74-0a1b-412f-99d6-a2eff6931d3a	46	454	23	26	ISe
8313892f-afd3-4c62-8658-4b4ff123ad2a	72	454	36	26	cause
fd9219c9-fc3f-4ee2-a541-5f4c8b9db869	111	454	23	26	of
64d44cb2-1037-47d5-9414-3688311335b9	111	454	23	26	,
f30bb5ef-56b8-41ff-9a9d-b4a5c87e93d6	137	454	62	26	defended
0f4941f0-1604-4c31-8d50-0b355c62eac9	137	454	62	26	,
6c8f73c2-1c24-4914-ba5b-7a2a12934ced	202	454	49	26	316
acac63db-3f64-4d2d-8314-1c1c0514c6d7	202	454	49	26	-
bdc03f70-7b06-49f3-bcbf-36370d277106	202	454	49	26	10
9d16a4d0-cc39-4b9b-8c4d-d2fb4ca8f1ca	202	454	49	26	;
c223b779-1a5e-4fb4-8603-506de6bca7b6	254	454	58	26	executed
34f9c92d-6c07-4188-9657-ed8f8cec12cc	48	470	58	12	secretly
91e7cec5-58bd-469a-bd50-be6e14f6dd51	48	470	58	12	,
69c5ba11-f93c-4609-bbc1-e41cc4264578	40	482	50	18	Christs
ed49f1f2-4e6f-4cda-91af-2eef64a21dc6	40	482	50	18	,
5a9151da-cafb-4cd0-a561-70948f6ecd29	136	482	50	14	133
2f86e002-32e6-474f-9790-6e17996a3aff	136	482	50	14	-
286041db-2d8f-424e-aea2-5fcce9071991	136	482	50	14	15
0092edc0-dac6-4e57-8119-e0fee8b5d673	136	482	50	14	.
ed63ea90-024c-4ae0-b5c4-9e9aae33aaf9	154	496	46	16	26
abca7a49-9376-4d35-a21c-f4e405805f64	154	496	46	16	-
0c662406-692c-43c9-a286-dc1f21f12280	154	496	46	16	10
919a3715-8ab6-4377-8dfc-de941f3a78cd	154	496	46	16	;
53a27f09-27dd-484e-bd4e-feabf786209e	202	496	34	16	and
7f5ef350-ab8c-4a12-820e-5b52a392d9de	238	496	40	16	fold
3dfca8f0-18f2-43b7-91eb-1573fd0fcd70	238	496	40	16	,
71e514a7-984e-4058-83b7-7cf48bcb5221	102	510	62	15	through
39bdcc61-af65-4abb-937c-3ca00b3c8785	50	546	48	12	143
eb3168ec-17ed-47d8-90c4-2d5317ff0f89	50	546	48	12	-
63b72f6c-0970-42fc-8d7e-0dc837f2635f	50	546	48	12	22
56f7ef89-44b4-42b3-b7a8-5322bd2d1884	50	546	48	12	;
e79a1f7f-2a5e-48a0-ae79-447149fd55eb	100	546	18	12	to
606d98ac-e2f8-45b3-a5ef-c521e12ae288	119	546	19	12	be
f39f1416-843e-4512-980d-66cae126352a	142	534	56	12	204
d53c7c85-9816-436e-bc22-7b049091d1d2	142	534	56	12	-
787638a6-1340-4969-83bc-d5574b911b7e	142	534	56	12	11
5e37833e-c769-488a-bb97-dcf4b1203c5e	142	534	56	12	;
6e8ddd6e-d5a4-42e8-8e22-c7df6b32e32b	199	534	49	12	among
fddfde68-7085-435c-8483-0745630aa1a5	136	546	45	14	called
6e827846-9afa-4be4-9403-357520fe403b	183	546	21	14	by
1ec5bfa8-3863-4d37-b9ba-f898c4474c58	206	546	38	14	name
ea16321d-0574-4e56-8f62-bac6c04ee9cf	246	546	17	14	of
5f168396-a432-4bdb-b38f-5551b2e12490	265	546	47	14	Christ
9a43d16c-891c-4a69-a24c-6ea04830de87	265	546	47	14	,
bf062167-46f9-4ce2-96f2-c272e2376980	46	558	48	16	450
6ad90586-d651-4d2a-86af-494dee8a3aae	46	558	48	16	-
8fb7c642-5366-45e3-8474-8b63a8ec9c1b	46	558	48	16	8
035cae46-afb2-460d-88f2-99db0a8c637a	46	558	48	16	;
2872c185-0461-45de-99ac-b61dd73e8979	94	559	72	17	organized
25f4f3d6-f207-496e-ae2f-51f6a518cfd0	196	558	70	18	disciples
d795fe72-678e-4dfe-93c3-512634c83e8f	196	558	70	18	,
38ff5e86-a01f-4568-8295-62d4584739b1	268	558	46	18	456
13b68e93-7746-44e0-82f6-ac2048fa7a6f	268	558	46	18	-
79916b0f-e2cc-4599-9169-9215a326b93f	268	558	46	18	1
90db0446-72d9-4b70-a6e5-ca6b27dec8e2	268	558	46	18	;
b9e9ba74-5d23-4775-b79c-b1cc1b1339f7	46	570	43	18	meets
be4aa464-b38a-4516-8b4d-bbff722fe437	91	570	43	18	often
65db32aa-ef63-4a38-85ab-da9f7817fd78	91	570	43	18	,
4974ae9e-765f-4422-96fa-a5ca96ec9b6e	136	570	40	18	511
0450d702-e512-4c79-949a-5b18d22455d3	136	570	40	18	-
a811d772-e2d9-4995-88d7-ea942888796c	136	570	40	18	5
238c195a-8832-405f-9e0b-7ea4e7c9500c	136	570	40	18	.
f7fb8bc6-b801-4ea3-a5d8-322f1427428d	36	586	36	26	cand
a84ceefc-90e4-4ceb-916c-49bdaeae6829	75	586	84	26	abominable
01908914-6138-4848-ab5b-81cc99ab8bbb	75	586	84	26	,
cdfaca58-53a4-4f1a-80b7-3f1e4db8b89d	163	586	39	26	22
897fef9d-0add-4ee9-a5fb-c22603755d83	163	586	39	26	-
c76f8983-2539-49f5-aeaa-9b4ff38c351c	163	586	39	26	3
946bdfcd-b003-4403-b2c0-c025a8717e01	163	586	39	26	,
eb23f783-7ead-40fb-81b4-a8649bdeea3d	205	586	36	26	19
75a824d0-9cbd-4f38-a724-c9322067dba1	205	586	36	26	-
ec1bb693-2ddb-4c17-9e89-49b510549a06	205	586	36	26	3
41b4d659-1f54-4012-8df6-c73566da2e8d	205	586	36	26	,
b8acd4f2-73ff-45e7-bf68-d795257455c6	244	586	45	26	27
59c561d6-435f-4735-b9b2-96d6602348d8	244	586	45	26	-
e3e91d08-e337-4b4b-875a-4c3905fe9751	244	586	45	26	17
cd8a7103-3f35-4083-9803-570f0f1d87f7	244	586	45	26	,
baac12aa-d935-49d5-aeee-cce36de1b46d	293	586	19	26	ea
011af620-223c-4326-a83a-60fe2c40c0d2	48	598	30	14	and
13c964c9-0f96-47ec-ab6d-5ad1b3b13e57	79	598	84	14	abominable
9fb6f842-d967-4893-995c-336f45dfab5b	79	598	84	14	,
18e88cd5-1406-4720-9a01-c84d739a3c64	165	598	37	14	22
0415a911-72fa-4ab5-a42b-2067d2004e4f	165	598	37	14	-
40be4550-340f-4fcb-9128-b6a49384d3b1	165	598	37	14	5
dc989c8b-f298-4d75-aca1-8cdd74812e00	165	598	37	14	,
3beab394-0d9e-441e-bd86-a79f1295e9c8	204	598	36	14	25
b471a763-d711-4194-a3ea-74202843e6d8	204	598	36	14	-
a13a7516-69b0-466f-afa1-b5232b986c30	204	598	36	14	3
9a30fede-db32-40e7-b1a3-c3831b3eb2e2	204	598	36	14	,
08faea45-fa76-4cb2-b931-30e952780280	46	610	110	26	23
733d92ed-2365-444f-b603-86797dc6a08c	46	610	110	26	-
f81c5871-5f0b-47a5-b081-67dc24af10d2	46	610	110	26	63
f474dccc-0edf-4fe3-9cfd-57ea96c9826b	46	610	110	26	-
56312720-3cce-4bb8-b1bb-9b1a3a05c2b3	46	610	110	26	1247.1d
98eea713-304c-4510-8927-a2ee069840fd	160	610	42	26	whore
fef1dbef-4d8e-4e34-9022-80b73aa3ef3c	205	610	26	26	of
d29a5c69-4a4f-49fc-8f80-b22a657aad78	234	610	6	26	l
042c215f-4702-446d-947f-e31f94b30f0b	244	610	23	26	the
fe49a0da-247e-4ad2-9c96-da8cdb538659	270	610	44	26	darth
be692289-5a50-4a32-82da-30b5ce7115e6	270	610	44	26	:
e7ea68e8-b887-4f4a-a8b8-46bc0e059e90	46	622	44	18	26
88e79ec5-d4ce-45e4-aa6d-fdbf00d42812	46	622	44	18	-
5157bbb7-c3e5-4685-801f-a134d8e073e0	46	622	44	18	10
332a0a2a-74f7-4972-b8dd-fefa151bde38	46	622	44	18	,
3d8e2bde-c53b-4657-9346-cff196afee75	100	622	44	16	47
c8defbde-dfbc-4158-ae63-801196b0a5d3	100	622	44	16	-
29b617fb-90e9-4e85-a19b-9cc8544f9e3b	100	622	44	16	13
2f3c1fe7-49ea-4056-a992-6949d2fc5e2d	100	622	44	16	,
56dc808a-671c-47d5-839f-01dc0f252008	156	622	44	18	72
c8a88f76-d708-486d-bb56-4aa3bcfe6115	156	622	44	18	-
2a56838b-9500-470b-add5-75dd70589058	156	622	44	18	16
42788408-0f2c-45b1-aaf4-60e8bf084ccb	156	622	44	18	,
e67878c5-ca29-448f-b592-8c805c86f746	208	622	50	19	99
33a3c5a5-10ac-4252-92dd-a7a6068f3e30	208	622	50	19	-
9f215710-352f-4620-b2ec-70a527facbea	208	622	50	19	18
8f67615d-ac0a-44ff-9b94-96cda7b3545e	208	622	50	19	;
7e04057a-f5c7-4ed3-9e87-e0d77a440ae8	48	634	49	18	Christ
1b52e22c-c7fe-4b54-ba5d-f6756b0ece35	48	634	49	18	,
4b315bae-64a2-4387-91f4-dd2ace2c6ec2	100	634	50	18	458
f2a0944b-0fa5-4c76-a5a1-8c0477a86bc4	100	634	50	18	-
bdd57070-096f-47b2-8f87-a1c4fe856ebb	100	634	50	18	29
a0b8a46b-f5dc-43b1-9bbf-3b8b518c7886	100	634	50	18	.
61cd8956-be1c-46b7-9764-bb2b292176f9	106	650	47	14	many
eac03cd1-a3ea-4057-b502-7da34701b62c	106	650	47	14	,
0706d7d9-6336-4e69-9307-f30bded17b11	155	650	49	14	among
294b0942-075e-4d19-b91c-d252f20411fa	206	650	63	14	Gentiles
dc24437d-787e-4b47-b19c-17dbcdb7693c	206	650	63	14	,
e6db32f0-da12-45a6-b9d6-66b62a8865b9	270	650	44	14	94
e89f0f5f-4916-4025-ad9c-5a1a2b582a53	270	650	44	14	-
196e8d4b-53df-444c-b78b-6b06767ad20f	270	650	44	14	20
ce0482c1-51f0-49ae-943f-41c41c989f29	270	650	44	14	;
7e729f96-1c6f-4881-ac04-6c9784042199	38	650	66	28	contend
26cd215c-15b6-49e4-a9d5-7dc0da266a83	38	650	66	28	,
3e863403-f2cc-402a-8c2f-b1d52ab60cf6	108	650	45	28	maying
80e146a8-21aa-4c65-a256-f12c743109b3	157	650	38	28	Ton
5e23628c-348a-4efa-8419-b8c62ebc99f5	199	650	24	28	the
d52e10c1-9dac-4ada-ae9a-54945a4ea9f4	227	650	45	28	Lord
ad1909e0-c7f6-4671-9f8d-580824b03861	227	650	45	28	.
127fb388-f5ea-4ce1-9aa9-103d2eae8cf7	276	650	38	28	93
69328623-c797-4291-aa54-5be9aa88aa75	276	650	38	28	-
932750cc-a137-45b0-9007-b3ff904cd098	276	650	38	28	3
029906ea-2621-4fee-97d0-17aff544ccbd	276	650	38	28	;
363f3e27-27f0-4b25-ab65-d4d451ae4aab	50	676	36	10	many
3d14501e-c0a1-412f-949e-1ae4a0deed77	88	676	63	10	branches
0c39f80a-5f62-406a-8759-c28ccaea4d94	151	676	49	10	among
fa8726a9-c922-4db9-b00a-78bb35f6d02d	201	676	65	10	Nephites
44a176e6-6f42-4922-9d2b-1c90ac6830ee	201	676	65	10	,
d1ad0a15-5f1a-4b6d-b01b-dae7c2c99c48	268	676	20	10	all
d5a27fe2-3d0f-40c6-90c9-0b1d35039c51	289	676	25	10	one
1ee176aa-5378-4f98-bb05-060abe21bb10	48	688	54	12	church
1a06142f-6b59-4edb-9151-9baeb93c5651	48	688	54	12	,
e943c598-5930-485c-88b0-21061d64fa47	106	688	54	12	183
f781d58e-1239-4355-be34-1aea6e8afa8c	106	688	54	12	-
13e9ebfa-9009-42f9-a2a5-b5185fa2d075	106	688	54	12	22
2aab172e-2b92-4ad1-8f04-ee9c23e2471a	106	688	54	12	;
154e90d6-92bf-415a-8e26-08a4c0c36073	162	688	38	12	built
f2d8368d-8b17-4668-a94d-de446d548c28	201	688	24	12	up
c9053380-5af2-4708-aec9-6169769f2835	226	688	21	12	to
73c2330d-0afe-4ad6-93ec-c896ecdffc27	249	688	27	12	get
7aa65774-3879-42c4-ab25-f6ee0003512a	50	700	49	12	458
8c712243-de52-4697-8c5f-180e709be33b	50	700	49	12	-
a85a3b4b-a5b4-4d2c-a481-f710eb9c36ef	50	700	49	12	26
dc00efa1-43df-428b-8bda-62fc0a81d505	50	700	49	12	;
c07dab92-0d4b-4231-bead-f40641bbb408	101	700	18	12	to
e1f222a2-a268-41b7-b85d-6bf877109050	121	700	51	12	forgive
52ff2b2e-7795-470b-a86c-b93da96472b7	173	700	32	12	sins
4b4e791e-8706-4222-a08e-f8ab68dde688	206	700	22	12	for
97a130dd-fb2a-4199-880f-5bc1000587a3	230	700	53	12	money
5fa3b343-3dc5-4178-bf3e-b1e943f9e80c	230	700	53	12	,
b10b66e0-f1be-4506-8dfd-7a9a1acdb509	284	700	30	12	474
5818da5f-42a9-4673-86e4-81605e07e9c7	284	700	30	12	-
a2bec6e7-64ed-417c-82a8-ec84771b17db	48	712	22	14	32
f1518be8-09de-4a78-be99-fbacf0864d70	48	712	22	14	.
765da08f-b660-4815-8cac-ddc05f7b8779	38	724	56	18	Cimeter
00c99cbc-692f-42ae-99b5-1310aa3ede01	38	724	56	18	,
eb1fd6bc-2a37-4cae-b5e7-86d4f5eaefc7	97	724	76	18	Lamanites
c8701988-8576-41a8-91b6-76ad2ef6ccee	97	724	76	18	'
ce7dea19-6610-4741-9bfa-5c6415a24f2d	175	724	32	18	skill
e667535c-fd7d-4f3d-ab90-8073aa401bce	209	724	20	18	in
d611418f-c86d-4f52-91ae-272614f7a8d7	209	724	20	18	,
96d29aa9-5b9d-4077-8c35-03853f3c89a0	232	724	50	18	127
5cdbf852-ed7e-41c1-9e6e-4d54c5c79863	232	724	50	18	-
02c433be-c69f-415b-9a23-89ca432e9e77	232	724	50	18	20
ef653366-3f18-4876-b163-61866411ba2d	232	724	50	18	;
85543a2e-a418-4fc9-8f37-a11f204a8094	283	724	31	18	aur
cfa7d560-fb73-40a2-831b-5bbd97ed5333	283	724	31	18	.
eed5e911-bb08-422f-b319-51172187776f	48	738	64	16	rendered
bdce63b2-6222-4c26-91a2-04632b07d928	114	738	24	16	by
176d7b75-f4af-453f-9f1d-b3892f8f849c	140	738	94	16	Zerahemmah
f246c488-a376-410e-a61b-fa83a48ac5e1	140	738	94	16	,
ef3484b5-fc97-4bc2-93ea-563e0b4c9e83	236	738	40	16	306
56220428-e92e-4cc3-bdd2-3539fde85f2d	236	738	40	16	-
d9b00286-c897-48ec-9cee-f0da0fa3330c	236	738	40	16	8
3a905170-d2bf-4a91-9ea6-7bdb29d56da0	236	738	40	16	.
2f7324f8-0e3e-41ea-b7e7-a9a19af2ed5a	48	750	33	14	also
70655352-3939-43ff-924f-c75a4b02e8ad	83	750	69	14	Weapons
1afe7bce-6cf3-40f3-b953-a3a1e2df4b31	83	750	69	14	.
4098ff98-2b0e-4727-bc98-866dcc81f295	36	766	92	16	Circumcision
889cf5ba-6125-4513-b973-e03ae3241955	36	766	92	16	,
6508c18f-5314-4559-ad50-efb421655ee1	130	766	26	16	law
40980e09-dfdb-4dea-b2d4-2b52f6d4ae45	158	766	14	16	of
dc94d403-2140-416b-b60d-1737d8b7d68a	174	766	34	16	done
896f6a29-7ef4-466c-b358-7433a9daf27a	210	766	36	16	away
ce3a54a3-ce9d-4cb7-88ae-bd730bce0d20	248	766	16	16	in
e3f44563-f823-47e8-90b0-cdf45b682dab	266	766	50	16	Christ
f3794c8b-68d9-4779-9ef7-9420efe09d6b	266	766	50	16	,
a1610959-d0c9-4365-b505-170768fe32dd	48	778	42	12	$
57a1766f-e5d9-4c13-85f5-98d7d7e485da	48	778	42	12	16
e959d34f-79aa-47e1-813c-039e1fea9687	48	778	42	12	-
4d9e089c-8553-4922-b54f-a3b1c3aee9fb	48	778	42	12	8
202ccd93-7b2c-4e4f-967a-ee2385a68d55	48	778	42	12	.
b93270c8-2d44-4c6a-9378-2d40ac32f2f3	84	808	13	26	&
4e5c4879-5987-45d1-b104-5bbc947c992f	100	808	45	26	them
39d833a4-2dcd-4122-a509-d43e6c34e511	100	808	45	26	,
7c1b3c5d-93d6-4c41-8704-209fc81e5eb6	149	808	49	26	2143
30de1cf1-5393-4049-95de-034d65163e62	149	808	49	26	,
4826c4c2-7b99-443c-b656-c3c836207584	201	808	65	26	Contined
1dd1a3ed-5878-466f-958f-9059260ce8ba	201	808	65	26	.
be789150-a582-4b3b-8d7c-20253b236ea4	269	808	45	26	5201
feb1dc3f-5974-4ef1-91ae-e29d12074130	269	808	45	26	:
a93d194c-8f05-4250-b16e-5a2e5f7cb2de	92	832	46	12	built
00d3796f-829d-42f7-b299-eb69c77c8d20	100	820	35	28	But
2662cedf-a5d0-42ac-a03f-1141770409c3	138	820	26	28	by
2ca571df-842b-4617-aa3a-a7b839ec5e43	150	818	46	16	214
22625d3d-1902-4019-a9a7-7a46fbcfb11f	150	818	46	16	-
6f191743-db29-4d78-89df-364101c66a35	150	818	46	16	7
4350571c-7dcb-4739-a125-c979e3cf313a	150	818	46	16	;
1a35fe8e-2da6-4518-9616-f2712a9e8965	198	856	68	16	repaired
7d7ad2aa-085b-4810-a734-fd407b8996ff	198	856	68	16	,
861ecbe6-ccc7-42f8-91ce-99f8f003b322	50	868	67	14	destroyed
c6b80b3c-2af1-4ada-92c7-0dd9a5901913	118	868	18	14	at
6d85c273-8fd1-42e2-b2d7-e4f3d6507170	137	868	35	14	time
3fc1dfc2-965e-44de-9426-26c33749b7bc	174	868	16	14	of
a64f7cc2-9c3b-4ed9-8634-aa022153071b	192	868	79	14	crucifixion
ee8c5c12-bab2-41cd-bfc9-72047bf20eb5	192	868	79	14	,
0d25989e-71d5-4dd8-9ba5-3b378e90813a	272	868	42	14	415
f294b5e5-24dc-4044-a2c3-804fb3a4b7b4	272	868	42	14	-
fe8a7c25-aa44-4ca9-8e51-0e9a58a478be	272	868	42	14	8
dd276321-aae8-4136-8028-b74c8cfc0b9d	272	868	42	14	,
edbd092c-c469-4450-bc6f-b1c7d985a082	50	882	44	12	417
53a79ec8-4298-49d6-8095-1161cdcb3f8f	50	882	44	12	-
dd387edc-15f6-44d1-8746-69a153140b09	50	882	44	12	3
7ef0ee58-ea8a-45ee-b1d7-9c9707aeb5ac	50	882	44	12	,
9856568d-ef33-497b-86e8-b43ed545cb19	96	880	46	16	456
5ddc7cd7-dfe2-425b-abc2-e28a28380224	96	880	46	16	-
7291e567-76c0-4bc6-91ba-83c5affa724b	96	880	46	16	9
17c55090-e3fd-4af2-be01-5c8f3893926e	96	880	46	16	;
ef7b9f17-011a-4c5b-b94e-79f030aef773	144	880	50	16	many
9db8fd49-3ede-4f3b-a4e3-d2b2d80a5d0b	144	880	50	16	,
c7264e3a-11ac-4d3d-9b6b-bbe8705eec3a	196	880	38	16	built
d3f33993-3891-4f1e-8575-52e48a034fe1	236	880	24	16	by
9cc8aaa1-45bd-4e58-8d5c-644959e10c0c	262	880	52	16	Corian
8f3f1e8b-3205-4a22-a233-437f0f24c741	262	880	52	16	-
fb109f89-74f2-40f2-863c-2475ef7e4463	50	892	34	16	tum
a10aeab7-24a3-40cc-9c17-2c4e2e32ec6f	50	892	34	16	,
c6bf9477-da45-4ed7-b1f2-c622d82bb85f	86	892	49	16	495
1107cacb-ee13-4f7f-bc2c-94200f750093	86	892	49	16	-
79d9cf0c-a89a-4787-ae8e-d3d13df38257	86	892	49	16	23
f17f897f-37e7-4060-8f76-6f10ce22fe91	86	892	49	16	.
f2c8efe7-9aff-4c05-b8db-a26ef7980a86	326	117	82	19	Civilization
92bb0cd8-98a9-46f2-91e4-6931e6cc1682	326	117	82	19	,
ce8933d6-f34a-466c-832f-1a4a52d9d6d1	498	118	64	14	Nephites
5676e6e8-8e27-49c7-9b36-2ea2e0afedba	336	130	41	30	inted
fca6c049-3584-4833-b3f4-77692bd51a5f	381	130	15	30	t
f77aa904-e621-4185-a0a0-7da548de74a4	381	130	15	30	,
edfeab44-387f-47d8-bae3-2b5f0a755693	400	130	52	30	313617
e6ef61b2-7d69-426c-800d-802de408aa59	400	130	52	30	?
fbb45a65-9876-4ef6-9f4d-571997824a44	406	130	54	16	326
212a0014-5364-4a16-b367-66c1ca45b6ff	406	130	54	16	-
554c845a-9d49-4843-8a2b-1f2b8c954e64	406	130	54	16	22
308c147a-22bb-4c34-8a1d-a8bef7eba663	406	130	54	16	;
6a2a7cd0-f042-4331-a073-9451c254fdfa	462	130	78	16	degenerste
f9e7c182-9973-4df2-ab14-19d69852a763	542	130	64	16	Nephites
5f54de40-c51f-4aed-bb64-9dbc3c5b9814	338	144	60	16	without
1b71b659-8cfa-4ce0-9ff5-2fd3ccee700f	338	144	60	16	,
449ed6b7-c8da-4db2-960a-ff157d549e06	328	160	44	22	Cisite
8d2391c5-70fd-4226-b371-2e589808887b	328	160	44	22	,
841ae496-6a4d-421c-ac98-59caecea3d87	375	160	16	22	of
44673786-8604-4aa8-afd2-4f2bd55a98f8	394	160	16	22	ro
5c3f9e23-bf0d-4552-b32e-ace4e6991faa	402	158	36	24	госк
0be09801-1aab-4f0d-bf63-a8d16f39d016	402	158	36	24	,
8807ae1b-db24-410c-9b67-b01e32b64627	441	158	48	24	79
5bd3899e-35c3-486d-80a8-3e2441b8063d	441	158	48	24	-
376de73e-fab2-4027-95d8-a073455c03b1	441	158	48	24	21
ab82e6ad-042b-4933-894e-e8a0cd380286	441	158	48	24	:
8188e882-c018-4c6a-a696-26c73b279757	492	158	42	24	470
24cdc164-5670-4d71-8b3e-351f13b6a7a8	492	158	42	24	-
819d7f51-49e3-4baa-8eb0-cda46b377e7d	492	158	42	24	2
43ab20c5-c68f-4f0f-b4de-072d90267734	492	158	42	24	,
1167fb6c-432a-4c7f-872d-5c5653e63dce	537	158	49	24	458
e6ae0c52-779d-4c27-a80a-30df59e87de4	537	158	49	24	-
e61c9be4-9c96-4fa1-98d5-940dc8b1bb30	537	158	49	24	20
d35dbacf-482b-4c39-a76a-befff2cf65ca	537	158	49	24	.
c704c280-9a1e-4e52-a996-a82c340d5f39	444	168	44	16	75
56c95b80-4232-45e6-8da0-e190d46c7e6e	444	168	44	16	-
af20a9dc-26e4-4712-a65d-7a49d35fed09	444	168	44	16	21
1ba05d2e-d64e-4134-a44b-0c30c3ad381c	444	168	44	16	.
22c9aafb-19b4-4885-a101-3258a3335425	326	180	58	16	Climate
3266aef5-37cc-4b64-b2f3-e5f3f52072da	326	180	58	16	,
05973c21-e18c-432a-af14-9f0a2d2d1099	384	178	66	18	discases
9f527a7e-13e9-4f8d-8d0e-074ee1e450eb	504	180	50	15	313
01bf1efb-d6e7-4066-9a1c-fc2d92e24ade	504	180	50	15	-
67b19914-9790-488a-b9ab-51f18c7043ea	504	180	50	15	40
9ba433c7-9b43-4807-bedd-140f0d8059ba	504	180	50	15	.
ed71f934-193f-47b4-ad97-23ef3b63e1e9	447	180	30	21	due
40f0e30b-a2d8-41f1-a69a-91458bece3c3	478	183	65	24	10383
c048747d-54b6-4c64-80ab-dd468dbccb54	478	183	65	24	-
0d35bc75-f2af-4ae8-ac5f-b8a364afc220	478	183	65	24	26
20590842-8b2a-4a3f-a658-4fb3b4565b07	478	183	65	24	,
ef6dcdfe-2503-464f-9afd-9f413b55a0b6	544	187	43	22	426
48203d45-167e-444a-bedd-ad40dc206ea1	544	187	43	22	-
8e5f3796-64ba-4a0f-ab34-b946e0d47116	544	187	43	22	6
5bb58e0c-2c47-44f6-84e0-fc7034a7bdd9	544	187	43	22	.
81251366-b8b9-4136-9f17-685536528245	492	206	17	12	of
c4858f44-cae9-489f-9cdf-a7e3beb25387	510	206	48	12	Zeniff
13422cfb-4ca9-41d5-8d84-fc44f99fe063	510	206	48	12	,
0d31e872-72a2-4de3-87d7-3a327b7ff992	559	206	45	12	154
063431ed-0154-497f-9e6c-21e27089999c	559	206	45	12	-
892e7778-7390-481b-9c5c-cbed9ac8505e	559	206	45	12	5
d463762f-de8c-4556-9b1a-b36f3a588eac	559	206	45	12	;
1fa76046-b0b2-42ea-950b-e553cf806e1c	326	242	45	28	he
b30344ff-c03a-45d4-96bb-2a799baa944d	375	242	35	28	trom
ff6a4ae8-a25b-4521-bc2d-ca28b2110024	413	242	52	28	Dared
8f1055ef-ab9a-4284-b41b-135c6b6a46ed	413	242	52	28	,
abd60585-8505-409d-8468-1939bb8fc2c8	469	242	56	28	33
1b5bfb93-4894-46a5-b053-0f8165527134	529	242	57	28	wait
7e47404a-d7a3-4859-9ab8-b9cde7655d8e	338	267	58	15	sacep'в
d6983ede-ea48-46ad-a9c0-8b58b372e2ea	338	267	58	15	,
3b89c912-401b-4adc-9e2b-e7c71453974e	396	254	29	26	428
9cbec983-3cf4-4ee8-a320-a03847ba01ef	396	254	29	26	.
c449b16f-155c-40fb-be45-aa136a2be3e0	428	254	40	26	1kd
bdafecda-7320-4c16-a299-4bd3b131e77d	428	254	40	26	,
92fef74e-30b3-4e94-90c3-15429fb96b77	510	244	54	10	302
c55f3dcd-a550-4eca-b74d-d730f94630f0	510	244	54	10	-
c5229c6e-e32c-4c15-91a4-f6a65c9b8307	510	244	54	10	19
f8643834-92c0-4ede-a25d-d01cb87eacec	510	244	54	10	;
5b38fb40-b249-48f0-81da-f18f56cef76b	565	244	37	10	with
99bd8fb9-a441-4ff6-885d-f3cc46d57ef1	376	280	40	14	angel
73f707d8-4b95-45e4-a851-63bdaf0b9ade	418	280	73	14	deacended
a3399dbe-24dc-4f19-ab51-ea0d9bdc66d6	493	280	17	14	in
8de1a76d-c8d5-4d03-b33f-9e6601bec96a	512	280	18	14	a
69dc6043-90a1-44b1-83a2-51d1b9f7602d	512	280	18	14	,
faa70991-6430-441d-a4a1-552b5a9510ca	338	290	62	14	darkaess
f7b719ae-efb6-4584-9766-d437bbc7ce0a	402	292	13	26	o
4b23bde9-c925-4ecf-b063-4b83f6640bcf	418	292	78	26	muttmode
069a1604-4f25-4514-8cfd-e494d03eb313	418	292	78	26	,
bb9601c7-9a18-4d99-b6ee-f7b91af9d406	499	292	62	26	371.28
c2544e6a-9fd0-4087-a627-92bf54b34451	499	292	62	26	;
77f705e7-3ddc-47b8-9e80-4a92782def2f	564	292	40	26	over
1258355a-f960-4938-b3d9-59459eb3b031	564	292	40	26	-
9197dfca-76c4-4ca9-9eb4-8ed080a6069e	410	316	73	14	multitude
aefa4f2f-27e2-4633-abc6-518d9a421eba	485	316	44	14	while
27c52158-0d5c-43bb-ac65-ce3a5a4ac943	531	316	49	14	Christ
30734877-433f-4a2c-92be-8e25c8d5f78b	581	316	25	14	as
9ba3672e-0701-4ed3-aac9-457004de770c	581	316	25	14	-
5e11a046-d703-43c9-bb70-4eb849f68d48	338	342	27	24	Dro
1a00ef2c-e36e-4fec-b80f-136d662afd0f	338	342	27	24	,
c136cbbd-9c39-4695-81af-c0416a38655b	368	342	48	24	Moroni
a51d4ff3-a83d-409f-a2c7-320f09fa8aea	419	342	25	24	Bre
ee97d219-485a-43ad-9dfc-4e0086303e04	336	354	55	26	310
aa710ef2-8d12-4a26-a6b2-f53579e320b9	336	354	55	26	-
6fe46016-149f-460f-8c0a-cdfcb5d08e17	336	354	55	26	12
2ae52a50-3f7d-4895-9b0f-ed26e138b2f3	336	354	55	26	;
57cc8056-5bd6-4250-b0f7-89300d4b3d3b	394	354	18	26	01
672b2a71-ed0e-49e7-832a-77c803ae1da7	498	354	33	14	title
21696dde-d593-4612-868b-48439c0f0974	533	354	18	14	of
84b62de2-e42b-4782-b62d-01aa95f82ccc	552	354	54	14	liberty
e1bcef96-6917-4f97-985e-cf4a27380b1c	552	354	54	14	,
8f231ab8-2a3d-4dc8-870c-adc388381a82	414	366	54	12	Товерп
1ee11776-8f6d-4e8e-9c88-bb9e59d45eca	414	366	54	12	,
28e7e59c-4b85-4bec-8e43-b9a7f0e7a9a1	472	364	48	14	311
a87fbd01-1c27-4f77-b9ba-15d850d4b088	472	364	48	14	-
44004ae6-820a-4d0a-8cdf-3e1acf0da66d	472	364	48	14	24
6190cec9-2fb1-4b89-8bba-c7f06e4e731a	472	364	48	14	.
4fb1bae0-7ff4-4a2f-9c0e-99c24b6fc9bb	326	378	78	16	Cockatrice
63da0334-5f20-4f66-aa9a-6e623b4857a9	326	378	78	16	,
0612f64e-df38-4155-86ab-ecdeed415012	490	378	52	14	103
0c6fb681-23c8-46b8-ab0b-46bfa220a7af	490	378	52	14	-
5c6ee714-dd3b-4930-994b-d711fc3a457b	490	378	52	14	14
c459b876-5603-4706-a0e9-2e2382123e08	490	378	52	14	.
625440d2-f5ed-4afb-8611-3566bca2a7ef	328	390	45	18	Cobor
9646781c-33af-42ff-b255-eb299f5e093f	328	390	45	18	,
2c2ee5ca-60bd-41cf-b5de-c2486aec28fb	375	390	54	18	brother
042d3cea-ffca-491b-9c2b-b9284c34158b	432	390	16	18	of
6daa1dda-7a52-408b-af47-9cfc72e2af43	450	390	45	18	Noah
8d076c88-11db-480b-9929-4a85744a7e5d	450	390	45	18	,
1ab8a410-d8b2-4f5b-ab77-e08cc5e7f279	497	390	9	18	a
aad94a6c-6b49-4c0c-bd13-09639361f31a	508	390	63	18	Jaredite
301c3b26-76cb-4f16-b5c2-0f22ce4696ff	508	390	63	18	,
e826a317-4b24-4dc7-9147-ba6e8d22082a	573	390	33	18	490
64786f7b-6ea7-4c47-b660-96238d92e274	573	390	33	18	-
95f28e4f-af74-44f7-a3db-cdb16b59306a	328	418	46	14	Conor
5d57623f-ec6b-4611-b8ff-2ef8c9f53b63	328	418	46	14	,
88d6054d-9bd1-406a-afb2-03db6ab59a8a	408	418	24	16	of
0a67ac9d-4f29-4330-9a92-c9523232b389	434	418	46	16	Noah
89c7882d-4c28-46a1-9c18-b1298a485cea	434	418	46	16	,
f0418a5f-505b-4e52-b91c-75d8a864ed89	482	418	64	16	becomes
8df7d1cd-ca55-41ec-9e2a-ab24cba0aac8	548	418	40	16	king
7d3105bd-cd5d-46a1-bcc9-c4c20825da9c	590	418	18	16	of
eb8258f2-c513-4fbb-8c8f-a28cfb3d3837	338	432	68	14	Jaredites
1e7e31be-4e31-4265-a9cd-8a39c2c11be7	338	432	68	14	,
7fef6087-ca1b-4dd5-aae5-c7deeadc98d7	408	432	50	14	490
28a7628c-5a0c-444c-8fd5-0d8ca0b51b42	408	432	50	14	-
cd09ecb9-9a83-4cc8-bbf4-a3a134bd2512	408	432	50	14	20
a7413243-1d21-49cf-ab2e-c35be8d2b2f4	408	432	50	14	.
bfc8fdf9-23c9-46ee-b61b-84414c59f299	366	444	58	12	Jaredite
c99b4566-f352-4f0a-b3de-84186a57c869	426	444	38	12	king
54286afb-dad3-40bd-9117-af0c890a8fac	426	444	38	12	,
3e70b81c-839e-49e8-9abc-ee73ebfdeed1	465	444	45	12	father
4278f8ae-a804-48b4-80fc-ec31474c9ac1	512	444	18	12	of
26cd3dfd-7b90-4209-8ea6-f889f670298b	531	444	39	12	Heth
73c0e67e-72a3-4b3f-a525-26f7a6da85b0	531	444	39	12	,
e698ef84-79a5-4a49-b495-6fef33c110a2	336	454	25	18	26
24043872-ad88-4770-8cbc-ff51a19502cb	336	454	25	18	,
729b4738-89ab-429f-b885-1a7fba3f0eed	363	454	50	18	495
3bd3ec1b-6d09-4910-befe-b89219e7482c	363	454	50	18	-
af6afac3-ba2e-44ae-ad7c-0878c1733934	363	454	50	18	25
bd1d11ec-4a3d-4620-a28e-da2acc4ff806	363	454	50	18	;
3ca30c5b-04e2-49cb-bced-efe0086f0e80	415	454	70	18	dethroned
63c1cce2-eea0-432f-9155-e17005243183	487	454	27	18	and
4b437437-0023-452e-821a-6507950c412a	516	454	38	18	slain
a0df325e-8800-4aea-b69c-36ebdeaed1fe	516	454	38	18	,
6f092c03-49f7-4e97-8bb4-ec85f90fb64c	557	454	44	18	495
bada0254-3dd8-4ff3-9d0f-7e425aed5cbb	557	454	44	18	-
d082c124-983a-439a-8fc6-db60f6ab47be	557	454	44	18	27
71f93068-9385-4736-a32a-c60577767d6e	338	472	51	24	498
2beab9ef-6c4a-4d2c-a7aa-d0e8894e23e7	338	472	51	24	-
ff4e9a3f-add8-4df1-b486-813c0e7b15c0	338	472	51	24	31
892e8f34-9e83-42c3-93f1-e5ecb0096b0f	338	472	51	24	;
a9da4415-9732-4cce-baa1-49043b477845	392	472	57	24	subdues
f72b3863-f3bf-4fe4-bcd2-0d9e833c9065	452	472	48	24	Amgid
17ee12d8-b8fa-469a-804e-5e86feb3b6ac	503	472	30	24	and
67bd445c-8096-4192-8071-48b3394dbdc6	536	472	33	24	ins
b70bd871-5c8e-4bb0-a653-955a448cfe5c	572	472	30	24	pari
6b15a5b0-b4aa-4218-bebf-973c1908487b	432	494	52	16	498
5e6bb6f0-145e-4d3b-9b2a-8b87aef96c53	432	494	52	16	-
cc253331-d7f9-416b-a00e-0fee558ae2aa	432	494	52	16	32
fbf0095d-72be-43ee-90b2-465505c742aa	432	494	52	16	;
08fb4b19-8ac2-4f66-bba4-9a0cc06fc00c	492	494	50	16	fought
ad61a735-fba3-41b6-9ed6-66c0016f0e67	548	496	58	14	robbers
68c5959f-a166-487c-b701-c8dafb67b1ce	548	496	58	14	,
cbe9b359-d92f-4af7-8bd2-95ef57b61687	340	508	50	10	498
de1a5a46-39d7-4b07-b0b6-5f8cf4b93a8a	340	508	50	10	-
4cabafe7-92cf-411a-b7c5-32714ab95915	340	508	50	10	34
be4c4d0b-5e55-4ba1-8d27-8b38c38cd0c3	340	508	50	10	:
4903222e-4122-403b-b780-a334f4621128	390	508	68	12	protected
5fcc293a-0024-480b-862b-fbec0eb2f58f	459	508	63	12	prophets
446eb281-5cef-4a31-8130-5ebae2cebffe	459	508	63	12	,
9ef7e8fe-39f4-4295-bcd1-36722093b277	524	506	48	16	498
31f15424-b5e9-4856-8d35-4547fa264801	524	506	48	16	-
8581981d-ee8a-4c91-8eb1-e31713f1f6b3	524	506	48	16	2
b2d18316-73a6-4ee5-b793-63eb61060ad5	524	506	48	16	.
9f74c9d8-60b4-466b-a1c2-3cfa787b7c2d	326	520	90	16	Combination
c9cc9469-db4a-43a2-8df6-d6ad15a353e3	326	520	90	16	,
69b46c50-441e-453d-a9dd-24ae6385af30	379	527	110	34	murderergo
f9f708a5-4293-4786-a38c-28d3256f1dcd	379	527	110	34	.
b93e3fd2-197b-4385-9efa-0545e5e1a207	379	527	110	34	15
be5ff589-cea6-444b-a053-469aacc70782	379	527	110	34	.
6e9ef9dc-03d4-483d-b0f1-cc513b051fad	462	518	4	30	•
5e1bce85-2bbb-448b-b483-4d58d4336848	470	518	41	30	13
79dee3fe-6004-4d5b-b1f3-84ee88500d2b	469	518	41	30	-
a822faa2-719b-450d-b990-dacacf4fe36b	469	518	41	30	6
969fd98b-c8cb-45e8-b780-3b1faafce061	469	518	41	30	,
ffe78544-841a-49b8-a219-4e607ac39a9d	514	518	56	30	amen
aefac0af-0ec8-49fc-a642-e2680da937d5	514	518	56	30	,
585ef041-0bd6-41da-a529-ff66201055f7	574	518	32	30	363
ea0aee64-af4d-4097-ac9b-a929cfa8c92f	574	518	32	30	.
5013754b-a092-413c-b921-ae7f8a368e75	328	560	77	29	Cadianton
137ce1d2-dda8-4724-8563-198df2954c78	408	559	72	28	Robberet
461e74d8-4557-427e-b76d-df28a1c22eff	408	559	72	28	,
19372748-85d9-4564-8b97-4c2df2097f37	486	558	46	16	94
8a0671ff-b4e2-461b-a31d-38523258f022	486	558	46	16	-
45ae0fe0-8167-46e5-9398-96de6a3be0bf	486	558	46	16	22
a66a7192-19be-4e9a-a2d0-0dc9976af9ff	486	558	46	16	.
24964a78-ba4e-4e8b-89ee-b179b5c1c43c	338	586	42	12	upon
2828d8d7-94ab-4f25-a65c-5b74f96ea026	338	586	42	12	,
92fec467-db10-47e6-b82d-1dc362985960	476	570	82	16	Judgments
f7751b52-2fd1-4a35-b9bc-602083f14306	560	570	16	16	of
cb833648-1e2e-475b-b8e1-8f3274d1611b	578	570	26	16	God
ee37faea-91c2-499b-bd74-5a14a80f321d	386	584	48	10	290
9f4fb5c6-6569-4877-96a7-e656b7755e76	386	584	48	10	-
d52f5d86-e346-4766-be87-83647a1d2051	386	584	48	10	30
25bed6af-d7c2-4d26-9b3f-49e5afc98435	386	584	48	10	:
41de3025-e58f-4f80-9428-8e22269fde42	522	582	54	17	among
bdcb4080-d7d5-4917-93cd-c0c152426024	578	581	26	16	Ne
c2a34e94-8a0e-4a09-8454-e9faa8e87d78	578	581	26	16	.
7a183764-f698-40e8-9be3-5920949909da	338	594	49	28	374
f35cf0f6-4eab-484a-8591-e1e2dabaf45a	338	594	49	28	-
8c0e5055-e1f5-4602-9a50-ee46210010f6	338	594	49	28	62
b7b846a5-237c-45fb-a3d7-1a660342a45a	338	594	49	28	,
081e4c8e-cb12-4ace-bad4-d5c435354623	390	594	50	28	theis
f3e8cdc6-0901-4958-9036-8d4842b77df9	390	594	50	28	;
5888f724-5bcb-4ae1-9bfe-877e7184ab82	444	596	36	12	signs
0ee8a3c1-f91c-4e35-9a27-2a8245db6b4c	481	596	27	12	and
eb85d1a1-f285-4646-99a0-d7746c3370c5	510	596	44	12	words
d4916dc4-455f-43b6-84c9-04230e971408	555	596	47	12	among
a0d91b54-066e-457a-8494-57cdf1f91931	555	596	47	12	,
d2eaeaa3-c04d-4a8f-93a2-c9b19ea1fae6	492	620	42	16	oaths
5fe06c0b-a27d-4d3a-96d1-e534022f61fe	336	682	50	16	among
6587cc32-478e-4cec-bad7-cff19549956b	380	692	42	28	192.21
22bb6cfa-f7be-4dad-abc0-5316d4a67e35	425	692	66	28	ernies
3a0ea9b1-9693-4fc1-96da-83213086d910	495	692	49	28	wamed
b22f75c3-a094-4f24-8ce0-6000842b2f33	548	692	17	28	of
b1d60377-c5cf-4aad-bce6-1f75a5721a15	569	692	35	28	Jine
1b38787b-3c19-456d-b13c-2467840002bd	569	692	35	28	.
7b2b03e7-d00c-4234-8f9e-ef880390dee1	526	710	52	22	493
acfdaac5-7c87-4c0d-94b9-8248ccc15aed	526	710	52	22	-
bf88e8fd-2e9d-43a6-bf14-839da43d915d	526	710	52	22	25
941c174c-d4f6-46c5-861e-edd3b9b42dd9	526	710	52	22	;
9de7e401-a54e-4f88-bda1-71dd2e1f2986	581	710	23	22	in
2fae2783-2a4d-4243-abcc-d792c40ebb73	581	710	23	22	:
5a816928-c6a6-487f-a9e9-44cd90d34200	390	754	42	14	Heth
433a22b9-b7b9-4888-bbfa-a0d9f124d0ed	434	754	72	17	embraces
860a1ded-74a2-43b6-b4cd-4a4240ae114d	434	754	72	17	,
d0d3df0b-2bd6-4e15-9c6b-24f1a0a9c481	338	770	44	23	iected
15f79d57-bf6e-4700-a8d5-27d0d393a250	385	769	64	23	because
a683bba6-61b2-4cc6-b6ad-8798dae574ab	454	766	52	16	498
9c9bba8a-e750-4185-94de-03e1e9bba38a	454	766	52	16	-
d2474752-fa83-4110-9549-7144615f3c94	454	766	52	16	34
0f7216a8-3064-46f5-8dd5-b93b2d4d1105	454	766	52	16	;
63c19697-83ea-4389-91fe-5d659f8da391	514	770	66	10	prophets
c528b9b1-7389-4ece-80fc-3e4d00f95383	582	770	21	10	re
8271d1c1-fb92-4686-a3b5-51ecb55f12cf	340	792	36	12	blain
1f46981c-93be-47e7-bbf4-ca997eb5385b	382	790	58	14	because
c29226ba-38c0-4993-9b1f-a69d4c8c9400	438	778	24	28	o
49f9c18e-fb8e-4bac-be77-aa9df5f12c2f	438	778	24	28	,
305519cb-b866-4402-b2c6-68b38336a723	466	778	49	28	4354
8ef97d19-5d5b-430f-82a9-968acd84d43a	466	778	49	28	-
f7c30fbd-ac56-42ee-8a00-908730abc289	466	778	49	28	13
77c7b032-50c3-47d6-9f86-9d118742f96b	518	778	38	28	cRy
b62b099f-d9c4-49fa-a187-8c707c2aa402	560	778	46	28	people
32b967a2-9716-4f62-8c30-9dceb81cfb2e	580	794	24	10	ге
1b15c0f5-109f-4c85-a289-01b51231f527	580	794	24	10	•
9cb77686-571b-4603-80c2-d01aa8dbe1b7	336	800	24	32	ser
b17e2db0-6916-411f-8029-97e2ab323c1f	364	800	20	32	of
875ac230-7cc0-46a8-9d4f-6cff52bc6c13	388	800	48	32	Filed
29173384-2752-45c0-8ea2-0b44932915cd	388	800	48	32	,
e43f484c-40b7-465b-b34c-378de0c73b03	440	800	44	32	508
fe86717d-b089-4bd5-8ff6-b1b7cfff5fef	440	800	44	32	:
55b61d21-12f1-4772-8c9a-8f709d07327f	440	800	44	32	9
c7a6ba65-f85a-4cb4-8227-540589530577	440	800	44	32	.
5ef73c77-6d12-432c-bbc9-837f0c1e884c	474	804	49	14	506
7ebc267f-dc8d-488d-a63e-2b35dfc3155a	474	804	49	14	-
e3164759-0e71-4fba-8b1d-5b4fa19a0248	474	804	49	14	8
7421e17a-71d8-481c-b84e-2a521e86a4e4	474	804	49	14	;
67d44b33-a21c-40b3-a939-298ff8f92f7d	525	804	42	14	cause
84daeeb9-9345-4f4f-a837-458ff6f133db	568	804	38	14	mur
d057a11c-1d66-4a51-a263-193d02a2e90b	568	804	38	14	-
7a4787c5-bb59-45d8-af16-dd1a3d9f5d04	328	830	52	28	Coming
eb983f73-2ddb-4256-be43-7856ff472118	384	830	14	28	of
eb3a5f7a-658d-46eb-b3ad-4c3250914e60	401	830	49	28	Caris
81e96cc7-96ce-44e1-8851-4c98f19fdf32	401	830	49	28	,
7e42aef7-2b0f-44d9-9804-acc36e84106c	454	830	21	28	see
d951406d-fe28-4201-a499-9be2a1ed2b50	478	830	50	28	Cariat
df4480af-2f35-4ad9-89dd-ad80f8c3e107	406	830	51	12	517
a2caaa7d-0f3d-4ec9-ba03-61dd76d9dbd6	406	830	51	12	-
9e318575-ba20-4543-af75-16f7044ff1e5	406	830	51	12	26
dd6fc153-6c20-48fa-94e1-4aedd4ccca4c	406	830	51	12	;
43609976-3106-40d1-8399-695e82792210	459	830	26	12	see
2adf2442-69ab-4e59-af29-8ef463180cc8	486	830	37	12	Holy
9bb7bac0-ccf2-4b20-a66a-b8e4addc445e	524	830	43	12	Ghost
1817a3a0-35bf-49fc-896a-3ca75ece85a5	525	830	43	12	.
8bdfbe32-8c90-4da1-9822-45b905aad18f	338	856	28	28	1
917b44be-858f-4169-a832-b2038d02a134	338	856	28	28	,
64f8fb16-359a-4ef0-b018-44268eab68a8	369	856	77	28	Amalickian
c2412763-fa25-4270-915e-3024af27ec97	450	856	42	28	chief
b754ee5b-08c2-4006-9e14-1d97d589f312	450	856	42	28	,
91e00801-d9a0-440b-94f2-04eeadb0f87c	495	856	57	28	504.93
339f4b00-3eb7-46dc-94d8-a486ee613156	472	856	57	10	Moroni
65d240d1-f468-4835-b8a3-494c42b3161f	531	856	37	10	chie
786ca918-eb02-4709-bae3-15b04fe4ba63	531	856	37	10	?
0442f489-4130-44f0-a8e8-fe9ffa5adeee	574	856	32	12	310
35694221-4e54-4829-8048-6ea3481450f2	574	856	32	12	-
bf576621-5d43-4be8-b7d5-fffc1f9909ac	552	866	54	18	Gidgid
cefafe5a-d188-4e80-9255-323c6b66c07e	552	866	54	18	-
01738a83-8965-4b18-9f05-1051f6538062	340	880	33	12	doni
1745b928-4bb2-46a5-bcdf-68f363a5cfb5	374	880	39	12	chief
17aceda0-091e-4bbc-93f6-6d4474c6ec3f	374	880	39	12	,
b057d8a8-0b79-4ebe-977e-4964e712daa3	415	880	54	12	405
3bb83d03-a11e-4d52-ae3f-693a1be99ce3	415	880	54	12	-
86205ed3-f7a7-4df4-bf15-2517df3f1d50	415	880	54	12	18
45008574-e911-448a-8e56-190b0851c482	415	880	54	12	:
e5ac4fe8-71e9-4569-9876-97dd428dd51a	470	880	62	12	Mormon
787d8470-606a-4997-9251-87828a605540	533	880	54	12	refused
b607164d-f1e4-47f3-bab7-11cf181dc292	589	880	17	12	to
eb3fc81a-8b82-4613-ab05-9ae6c765d2ca	340	891	23	14	be
21cb6541-bd80-45bf-83e5-8e41c2e3988d	340	891	23	14	,
cfc5e532-8b5b-471d-96ac-728c4fee4f12	364	892	50	15	464
c587c507-3957-4d2e-912b-3004c81fc9ef	364	892	50	15	-
468aa6cf-20ec-4cbc-9ee5-a5a7138f6237	364	892	50	15	11
58bf5aae-d165-47be-909c-6847c8be1691	364	892	50	15	.
