ID	X	Y	Width	Height	Text
8cdd698f-3c33-40fa-b6c9-37fd4568e491	82	54	34	16	546
e4e5d99d-93a0-4c23-b507-1d0a3932961e	332	54	64	18	INDEX
2b1cd1a1-7fa0-4ad8-8390-07880c79f7c4	96	84	18	12	in
febdd138-3a37-402d-b503-5530aff7adff	116	84	51	12	Christ
77e440be-4b84-4430-a608-e3043dd81c1c	116	84	51	12	,
589ce790-a4a9-44ef-84e4-ec5147005dfb	168	84	45	12	166
375bfe35-41db-4d08-80be-a11a3c10171d	168	84	45	12	-
62b042f6-f57f-464f-a17a-0ead9aead2b1	168	84	45	12	8
c8e38ae1-f4ee-4eb4-b30b-78dccbc589bb	168	84	45	12	;
82ac69f2-3a45-42b4-a145-c14ea9555ee7	214	84	56	12	murder
1a32bbe1-2416-4e09-bb2a-44b57bf77e97	272	84	65	12	punished
d608c4ed-5bc4-47f7-9aa4-140f180896c8	338	84	31	12	by
9da0ff70-5616-4848-b0b8-003831f7ffd4	338	84	31	12	,
151d52fe-b6fe-4852-994e-2126cbf1cbef	83	104	62	19	Debtors
5eca9235-8ce2-404c-93cd-831d823ba163	83	104	62	19	,,
0c315823-ecab-41b0-bead-a80a4f7ff247	94	93	49	26	196018
4de8d7a1-4d98-4bd0-9fcb-02bc4c071055	94	93	49	26	;
1a42470c-087d-41d7-a8ff-983347a3c7ad	146	94	70	27	42iritual
ace9961d-9558-4877-ab46-bfca9375f798	146	94	70	27	,
4c6e9b5f-6e7e-435b-98f8-679720638530	216	93	52	17	225
6eb8045c-bc3b-47a7-a2fc-105f237bdd5f	216	93	52	17	-
1b73473e-7e85-40f8-99ca-826fef72cfbc	216	93	52	17	16
f8e06579-c2bb-406b-a5eb-87ca019d5792	216	93	52	17	.
0d28e8fd-907d-489b-a980-3f59785b852b	140	118	74	12	Lamanites
bf680d0d-ef82-4813-bd56-0f1c4dcd413f	216	120	34	12	out
c8351ce8-ffea-43dc-9c3b-a1fb09fa4d7b	84	120	62	26	329
94d6c88a-adab-48f2-9d43-a4be6227eec0	84	120	62	26	-
a4877904-51c9-4b9e-9ee5-ac8f34a6ec59	84	120	62	26	21
b564339a-6f8b-48db-bcb2-4b525cb54ca1	84	120	62	26	;
a0d0d7fd-939e-42fa-b356-9388c3c0e8e0	149	120	65	26	manify
d11e5d19-f9be-4a2d-a45e-a58d4d5933f4	217	120	23	26	0
ac15e6a0-c89b-4f68-a1ad-8836abebc91b	217	120	23	26	,
6e70194e-5273-4991-a0a9-d8f660bfca7b	243	120	39	26	34.1
c24e541c-8966-4b10-9f97-b56ad7c20a5f	274	118	90	16	strongholds
d14c816c-b416-4165-a644-ed43a4a8e1b8	274	118	90	16	,
4ed66f60-fcd7-4207-a8c0-060e7d97ce69	84	144	51	24	Decres
a68df2cb-9a10-45da-b429-22c788c3a77b	84	144	51	24	,
8a4b88cb-96e2-4fac-995c-c8b3ce299f52	138	144	69	24	protecting
f3a39ba8-13a2-42e2-b0bd-52a5f913cfbc	210	144	30	24	sons
5be66862-c130-4e81-b04a-6fe959322332	243	144	57	24	3
f76cdcd7-46cb-4050-9c72-9cc1011bcb9e	243	144	57	24	-
32c5d6ac-ac26-442c-ae3c-2b6a16143e23	243	144	57	24	Most
bc9a3ae9-d72b-4a68-83b5-82ef42eb4e43	303	144	27	24	God
466424b4-813b-4a32-b9ca-3c0f227ef055	333	144	25	24	-
daa3f826-1a5b-4584-8124-4c3a34760615	333	144	25	24	2
6fa992af-76f7-491c-9b18-5c68a75a04d8	98	167	66	16	alterable
57685a17-9345-4afd-b597-1f83c15c3f76	98	167	66	16	,
b73c5d69-5722-42f9-ae91-6c34ee02206f	146	158	16	26	4
9aebb4f5-5501-4762-a661-514b9b840b71	146	158	16	26	,
5d847336-07be-406c-a052-2a55c3ad0715	165	158	52	26	257
56f3f6f4-fd42-4167-bcc4-17f3a1ea683b	165	158	52	26	-
f7b0a86c-d745-4fc9-9565-d1bd1f3633eb	165	158	52	26	80
2c4e94e7-622c-4c5b-80b7-e5fbf814decc	221	158	21	26	0t
3e85c44d-3ab0-4ea9-b7e3-f38396eb0c55	170	168	46	14	297
41a6324c-530b-4e02-9e33-f12b5b055416	170	168	46	14	-
38610066-57d7-43e7-82d5-7b26d6534d88	170	168	46	14	8
23d63ae8-d16d-4efc-a6a4-2d99c84658ad	170	168	46	14	;
d55fe709-92f8-427e-b75f-b5e2fe26418b	284	170	78	12	concerning
94309bf2-dc4b-4f16-8730-68ab041aa1f3	96	180	33	14	land
e83eebe1-0c4a-45f4-b124-6434e1dd5201	131	180	17	14	of
8128bed7-346e-46fd-901c-f7ce18e698ad	150	180	64	14	promise
b47eb6c7-fd4f-4dc2-ad6d-4bea6d775a73	150	180	64	14	,
1b8edfb7-27fa-4322-a182-09f7a681b56d	94	206	26	12	the
c6369f96-4bb4-4173-9442-c40dfa78d9e6	136	194	20	12	to
287a71e7-ecd2-46fa-83de-311471125c7f	158	194	22	12	be
26398e9f-5d16-4785-ac65-1d14ed8d0ffa	214	180	42	14	481
98a1b228-d0e4-457a-8664-796e59dd0392	214	180	42	14	-
dd740560-0370-4b68-8756-9a31dab193ba	214	180	42	14	9
a444fa56-7dae-4390-8a96-b50cdf3b08e9	214	180	42	14	,
a6ca8711-1dd9-4641-9cb8-4f1218da2ea6	252	189	51	15	145
4e997c9e-78ed-46f8-87b7-cc7fcb673139	252	189	51	15	-
a015da92-a0e4-4305-8d98-14dc1b03c927	252	189	51	15	30
37d3046c-6cb9-4e27-a663-5d7738580c90	252	189	51	15	:
b3273473-4473-4818-96af-aac4c93a540e	304	190	39	15	done
b357e3bd-4c34-4a47-8963-91f67db00fc6	345	191	15	14	in
65ea4f05-5d1e-4de9-b173-8b0b4a79593f	94	218	54	12	287
44a1dcd9-df54-4616-901a-178cb86d2b59	94	218	54	12	-
5b2ff91b-e8ac-479f-b1b1-553a875cd2a7	94	218	54	12	15
7074f2dd-8bbc-4e5a-9ed8-7cbbc440a176	94	218	54	12	,
1c355668-751a-46a3-9d89-0a0b7beef797	162	206	55	12	206
bc6e7204-1248-49d9-af6f-254899f42b1a	162	206	55	12	-
2caa04c3-9a4f-4280-80a0-befa6eb97b26	162	206	55	12	15
3c9c8d35-845c-43ad-9c3b-aa98d63631f3	162	206	55	12	;
6807b599-99e0-4e51-be33-ae23635f8ef0	219	206	50	12	judged
d27a0731-32c6-4869-bb4d-59528c221ceb	270	206	69	12	according
a245fbef-63fa-46c4-836b-447011dcb49c	341	206	21	12	to
108fc042-795f-42a6-9924-84348722d856	341	206	21	12	,
31c27b6c-4424-4778-a18f-42db075e17df	238	218	50	12	391
561076b2-c38e-4414-a348-1f883af63612	238	218	50	12	•
78b9d1d7-d293-47b3-87c5-57b741375183	238	218	50	12	26
432276bb-afd7-4998-85b7-c74d5450a6fe	238	218	50	12	.
8e55a146-83d0-4a46-b02c-f71eb6658982	86	230	63	14	Defiance
3e98e34d-d541-4635-bfec-81810363f1ba	86	230	63	14	,
9c27d39c-b889-4248-9d75-f7506072abce	151	230	19	14	to
d0c2fdac-ee49-43d0-b652-0b1e95d75250	172	230	79	14	commands
bcd5d41a-4387-4687-b61c-1fa04e17d5c4	252	230	18	14	of
28345118-9181-4e5e-ab68-a8612b5a315c	271	230	35	14	God
80969d74-fca4-4583-bcea-2213b7acd424	271	230	35	14	,
9aadc759-f7b6-476d-a261-43b42661e0af	308	230	54	14	206
477e63b7-1d4a-48f5-ad41-1da85ebc4f78	308	230	54	14	-
45c543df-34ad-430f-951e-a58b7b9a4285	308	230	54	14	18
77d2f012-0de7-4f12-aa88-07729dcfdd5b	308	230	54	14	;
e832bbf5-4d29-47c7-a451-173b1752f086	98	244	16	12	co
d2de5a4d-f0f9-4978-8eae-122d2140be8f	116	244	32	12	law
7c4a703b-3e39-408a-a1c4-80c471729250	116	244	32	12	,
9975d5a1-dc11-4e66-b3f3-7861e37b625b	152	242	48	14	413
8e2121c6-8eeb-4572-9577-baa6bb1795a6	152	242	48	14	-
b1e0758d-921a-4cf5-9d57-51308807884e	152	242	48	14	30
b5768db7-e1ab-455d-8bfe-525bcd2222d9	152	242	48	14	.
10094ae4-5799-48f2-9ee2-5fc8c12f6312	81	253	43	27	Deft
2cf72a88-c32b-4f87-855f-dbc02d3469cd	81	253	43	26	,
ed11559d-3b23-4281-afc5-10349f9dcb8c	126	256	50	27	308
221516f2-832c-41bc-8005-25a6c428251a	126	256	50	27	-
cd46bb44-c91e-4b01-80e5-cbda9649631c	126	256	50	27	16
74eb21da-8d8b-45ae-9991-16bd39ac097c	126	256	50	27	.
129c95c4-de0e-4e8b-b2dd-4c0a77e4985e	138	254	17	14	of
20fecdcd-7cf7-4a27-847c-8fd669818d49	157	254	72	14	allowance
c13add78-2d69-4bde-b480-56b9e4789a57	157	254	72	14	,
967d580a-2f01-412b-8207-152fe2dd6b16	231	254	37	14	none
9df3044c-014c-4337-b404-9ca4976a8150	269	254	33	14	with
a8f04b9e-daa7-4f87-b4b5-59682b37f5d6	304	254	33	14	God
2efb050e-4673-42e6-81d4-7b8d23091967	304	254	33	14	,
3083f8c9-0a76-4a96-ae9c-8e64871b7d7a	339	254	21	14	for
d1eac1cb-4fb7-4687-b1ec-2da30ed1c32f	82	276	56	30	Deliat
b7296901-5195-4ec7-b21f-a036b5188128	142	276	15	30	of
a2ce5ad2-efd3-458c-8008-e87219e71512	161	276	15	30	ta
02b697fe-58e8-47b4-b33c-e9da7a077b45	179	276	45	30	popid
31d6f437-94a7-483e-badf-85de754297b2	228	276	15	30	in
7504351e-89b1-4336-a741-fb0c94ee526b	247	276	65	30	satis
b2527e8d-98c3-4101-be3e-fb2b75b1238b	312	278	50	15	111
738bf224-a42c-4864-8a80-c0680ece83d0	312	278	50	15	-
0d02ccd6-54b8-4ae7-9d37-e642e8fd879f	312	278	50	15	28
ac6270a6-c4b6-4baf-90b4-8d25c2bfdba6	312	278	50	15	.
f11fa3b8-e9da-4373-8a22-e75fface52f1	334	292	28	12	fair
54dbbe11-f058-4dd1-a5f0-499a7b53e16c	94	302	31	28	Ci
9e15bcea-ff90-444a-a715-9dc536e5036c	129	302	21	28	an
5db56870-7688-467c-9ce9-5f33e6b4d600	129	302	21	28	.
f312af1a-d389-4856-be80-405d768c68b2	153	302	7	28	3
266e9f0c-349b-4660-a7f3-c3ac234667dd	153	302	7	28	,
294675e0-af73-4d67-82b2-6d35d6a57709	164	302	50	28	318
6fed10fc-e567-4b8a-83b4-ec1ae70b4268	164	302	50	28	-
ad7e8c69-af67-4888-b574-8abbac2e3b30	164	302	50	28	12
3b66be17-e0e5-4f13-8710-d89b8f3949b6	164	302	50	28	.
ad5f79bc-d973-44df-956c-64854eb88d0f	178	302	54	14	456
2cdc4235-bf84-4801-b7fe-559906115276	178	302	54	14	-
5eaa5753-fe66-4f0d-96f8-1fdb076e83de	178	302	54	14	10
39cc9c03-d1a7-42c5-b001-caae390469da	178	302	54	14	;
5e5780da-60a4-4f6e-99a6-852d6c6853a3	234	302	44	14	white
e0798774-45f6-419c-a56f-f825f0f577b0	279	302	35	14	and
879e30fb-07a5-40f7-9a1a-81ed037147df	279	302	35	14	,
17834054-267f-42fd-81a9-a6d387149ae4	316	302	44	14	102
dfc057a7-213e-40ad-9e5f-3fac80bc9c94	316	302	44	14	-
027c0761-1c39-4f70-b642-4b00682897ce	316	302	44	14	6
4320bcb7-92ad-496a-900e-fd73c6117b39	316	302	44	14	;
a54f4457-050a-4aba-961a-affa94b7f365	82	328	71	26	*
64381268-2225-47ea-9e95-0eb1b0b5ba03	82	328	71	26	manian
9f3fe370-68ae-4ee7-9685-9f7a01f05291	82	328	71	26	,
8c4c3785-b257-4884-ac2c-39ce14022804	157	328	52	26	255.17
5087645a-2a30-41f9-8c83-413b4947ba69	157	328	52	26	,
f284944f-daca-4582-8db5-15a7edb0a47f	212	328	36	26	from
36abad22-c559-4df2-bc48-8579ce74e4f4	251	328	42	26	bands
a7270169-6216-43a9-ab33-b2465ed80e7b	296	328	16	26	oi
33de188a-12f9-4832-b8fc-1686108a0ad5	316	328	44	26	death
0b8cc9e6-b670-491a-af2b-3de0407178be	316	328	44	26	,
da32118b-4c55-41af-b935-37db2958e180	94	342	49	26	204
9f280dc9-df67-457c-8769-28a2afc40225	94	342	49	26	-
ace5b1e4-f75e-4aa1-91fd-0fff59e9c53f	94	342	49	26	12
38fafb60-b3b9-4d4c-938a-0f660e94defb	94	342	49	26	,
b39fc52b-a76a-4444-a534-58b579ca9ec1	146	342	32	26	rom
fe060711-48dc-43ba-bef5-99d41ca8dcfd	182	342	32	26	toes
44df61bb-3863-4c13-a1ed-127ab0341fc6	182	342	32	26	,
3c162e94-7245-43e9-94d5-562dcad583cb	217	342	23	26	by
4c19470d-75d0-4104-8289-1d69b9b1c831	217	342	23	26	,
c3832a33-149c-4d93-b6c2-03c9fab7d747	243	342	19	26	the
5fcc4588-c41f-482b-8bc2-8282843fd2f8	266	342	39	26	Lord
e8c95f84-9060-4201-a7bb-0296c286c0a8	266	342	39	26	,
1587542f-fbc5-4659-b135-ade48dba5c2e	308	342	42	26	309
d8347c0f-e510-4905-9eec-a5904a70f2ce	308	342	42	26	-
11dce4a6-3032-46e3-b11a-9c8e40ab8422	308	342	42	26	7
9022c432-b3fe-4a75-8e95-e2ce6dfb6f23	308	342	42	26	.
50022e1d-0e3c-4891-ad75-50d23a63f539	296	340	19	14	of
a64536a6-c6d8-4b50-9ab4-38f21810c67c	317	340	45	14	death
5b1349b1-0c36-4c5f-afb8-dddf7dbd59e0	317	340	45	14	,
9f0526cc-7d57-466e-8969-6606297108e5	82	363	72	15	Demands
d061cc27-dd25-4868-a500-e856b709b4a6	82	363	72	15	,
3e8b0d39-9b8e-4a57-ab0d-54b8d4e85622	152	364	21	12	of
7ada22e3-ed77-4913-9086-1e23aecf047c	175	364	54	12	justice
04f65d7e-d3f1-4a5f-b856-1df310b2f58a	175	364	54	12	,
8be01bf7-203e-4fdf-9cd8-31da99015a20	230	364	56	12	139
cefe4537-4dda-45f9-86eb-6301ba53e2a5	230	364	56	12	-
df08da5d-2e92-4de0-90f4-6aca43f11b07	230	364	56	12	38
8e862ea0-3090-46d5-b80f-e60630461231	230	364	56	12	:
5a39b29f-832b-450f-a2fb-43e5f59b78fe	288	366	74	12	stonement
de3cb67f-5ed9-4324-9aae-1c921dda9327	92	376	61	14	satisfies
088c5c5b-e1e6-47e3-a678-a1fd69c1e83f	92	376	61	14	,
77275306-37ea-4921-9c68-7650f389ba39	155	376	44	14	69
67811cc7-4e0d-4098-8bff-76f90fe305ce	155	376	44	14	-
bdad46cc-602a-4b6c-9537-17aeaa238fcb	155	376	44	14	26
5ac11337-dd8e-4c59-96c0-db15c662fa81	155	376	44	14	;
bcc70442-7b44-4ed0-89ba-fca49100fab8	200	376	45	14	mercy
1d338d17-ccd2-4a63-921b-866a1d644923	248	376	59	14	satisfies
8dc0971b-f2bf-4878-9339-632b656f6743	248	376	59	14	,
0d1dd3e6-a6ca-4476-a914-76a32b52abd8	309	376	53	14	282
0d6201aa-5888-4e9e-9031-b3a9a1efdd08	309	376	53	14	-
19ea4581-a9e3-4bd1-9e9e-c015807c7ba9	309	376	53	14	16
c33ab8cd-924d-4935-9bba-5ce643eea2f4	309	376	53	14	;
1024d2c7-21ad-4c74-90c7-d9a4ac0167f5	94	392	38	22	fused
4ce2eca3-5f7a-44ad-b0ce-e12321817231	135	392	19	22	by
a409d64c-751f-4d8f-9058-ba6e970e2168	157	392	19	22	La
2d6e64c2-cbd2-435b-b4cf-c9a47df0824d	184	388	56	14	299
39cfa62b-9c42-4fe9-a005-28171ee466b0	184	388	56	14	-
3a500411-7a82-48a6-a913-d495a1ab090f	184	388	56	14	15
575eca56-4742-4b09-9226-1a2e23b7a3df	184	388	56	14	;
1c56a8e4-3719-43d1-8939-571286844b5d	240	390	20	10	of
a984f3c6-9df3-4cd1-a60e-3fbf8beeddd1	282	390	53	15	robber
6db9ad8b-4989-4331-8c54-1309b1e77554	282	390	53	15	,
6e195a01-8d85-4719-a9bf-fa36c8eee96c	336	389	26	14	re
18802739-aaf6-4470-931c-fda504046392	336	389	26	14	-
c6e379b2-49e6-4fce-8b21-776fd95fef8e	160	402	76	12	Lachoneus
3711ce9e-4abf-4ec6-a440-58022a69876d	160	402	76	12	,
ec93160d-7d89-4d19-8095-6fcd1fae921a	238	402	48	12	404
5232b292-cc6c-4c12-a9fb-771357b610c4	238	402	48	12	-
2939d037-d69e-43aa-8456-c32cac9b33ac	238	402	48	12	12
f77bea53-d73e-4c61-ab01-47dfb98b3922	238	402	48	12	.
66994e0f-665e-40d8-90a5-6450a79f3baf	80	426	38	14	Den
dbc2b144-19be-4c08-8bd5-88371467664c	80	426	38	14	,
6bc525b4-b0d7-48ee-9002-addf54b544c9	178	425	85	19	cockatrice
2e4aa758-f9f2-467f-86ac-1a3627d24dac	178	425	85	19	,
d7140684-d17e-4780-a2c4-2fc182289684	262	426	44	12	85
d935f1e1-21a1-41e4-8304-c7faadbed336	262	426	44	12	-
bc9e5fdf-b67f-44af-92b6-3d454b8092ad	262	426	44	12	8
7f51b0a0-5758-4ec1-8e6f-b2512fff8eec	262	426	44	12	;
0bd6ddb3-2ad6-44e4-b2d8-8efb4254d557	304	426	22	12	of
54a24ffd-a8c8-4df6-8539-ad6738d7f02f	330	426	32	12	wild
f237e4d6-acea-4b58-9693-8586a29f5a03	94	438	49	14	beasts
529300f7-bd77-4e0b-a440-0331a5d98f98	94	438	49	14	,
9a25d658-9900-443d-84ac-160b71ff250b	145	438	38	14	three
09a3c610-37ab-4b18-8236-8f2ce10e2897	185	438	59	14	disciples
f3c40900-070b-4a5c-890d-cb1a4a9da702	246	438	30	14	cast
b1c54e40-595b-4abb-9180-6f14aae30314	278	438	33	14	into
8077be33-b9bc-475d-bf62-e5d7818bf486	278	438	33	14	,
07b80816-bb24-4af7-a928-60f60099d17f	313	438	49	14	453
fded28fb-6449-484e-899e-447ac730d144	313	438	49	14	-
39cd0630-6706-46b0-aa5d-76079cd909e0	313	438	49	14	22
c269679b-9726-419b-977c-d18500d883c4	313	438	49	14	,
c75d62f8-3b4c-4191-9038-c8adf231b4da	94	450	50	14	458
c9343e3c-cb08-4cfb-81b9-dcd3675eb2a4	94	450	50	14	-
fbe95af4-bdd4-4a6a-9ef0-d059a08f873e	94	450	50	14	33
87cad5ec-d231-4c5d-a57a-1093cafe116c	94	450	50	14	.
9b514327-801c-493f-a23f-9ff3bafede68	312	474	50	19	32
28384b33-6a2d-4369-99d9-d63c0475b44c	312	474	50	19	-
5287c43c-bb49-4b71-a9d0-0ed1e651a100	312	474	50	19	25
5fec0e86-6056-4408-8098-17b2018c256d	312	474	50	19	:
585f2ffb-ae86-458d-adbc-10fdc3855e1d	81	500	90	49	Dacoit
24436fb9-8fa7-4732-a0f2-8d278b1a88bb	81	500	89	49	,
7e43974c-8c6b-4985-b587-a22c5bd7920a	170	495	42	42	1
5b6d1263-cf4c-4a6e-93df-65671bb7b963	170	495	42	42	,
5d939eab-ee39-4a0d-9826-321ca7261883	213	490	38	42	5
552ba50b-3f5c-4fe7-b28e-632bc3be57ee	213	490	38	42	,
3994cb80-22ac-4977-953c-b3deb06e9c51	251	487	28	41	417
00500eb2-010e-4711-b213-e055c6be616e	279	484	19	39	83
b4cc3a3a-c694-4678-b681-558ebfd764aa	298	482	19	39	01
fb65f17b-9e12-4298-a01a-1134c5e5deb7	317	476	47	44	cod
23996049-1189-4329-8f04-440014d397e8	317	476	47	43	,
98cafab9-645f-4fbf-ac2b-ccff74c4476b	290	523	46	11	102
569d782a-bf11-47b4-a671-3de64a546400	290	523	46	11	-
5426e54a-1475-461d-9702-9637bd209e1e	290	523	46	11	49
de02b4c6-f3cd-4a07-b1b0-1dced98f34b4	316	526	44	22	182
c6aea0c5-133e-4b52-88d5-ca5960c81f2c	316	526	44	22	-
1a2ffc9f-0820-4b0b-9f3b-f19d9e7d8363	316	526	44	22	2
e5f61c28-6e9d-47ee-bcbe-f643ffce56df	316	526	44	22	:
f4fd0f83-8673-46ba-944a-9bea7f4e1e9f	282	548	56	16	259
8258666e-53e2-4ceb-ae80-da8607e1a623	282	548	56	16	-
9a638006-8769-42a5-8f50-bcf9a473cc10	282	548	56	16	29
4f391eec-5a13-4929-a7da-f2c3f51bbb71	282	548	56	16	;
82bf6c47-d7ac-41c0-ba62-81246335fb6b	92	584	48	16	419
1a680b17-9e98-46c3-9295-aa1d8b52ec67	92	584	48	16	-
ae420ff2-f8ee-4ccd-851e-27d138b5cbb7	92	584	48	16	4
bf41b956-f6d1-49d8-9f2d-9eaf0e3202d1	92	584	48	16	;
96de0bfb-3200-41c9-bb96-52ed8d68f423	92	558	48	30	857
4a212f1e-0304-4917-be3d-73aab549e49d	92	558	48	30	:
2412b268-a7f5-40c9-8da8-a1b30a230ef4	92	558	48	30	3
1feee788-bfcb-45ee-ba82-834e48abbeea	92	558	48	30	:
5efcc57b-b3fa-452d-887c-ba4e50786f2d	141	563	15	27	of
02377d6a-b638-4bc4-9f52-238952e3aa1f	157	564	80	33	Lamanites
d25af595-cda1-4311-873c-caf72c0e5cdd	157	564	80	33	,
50134fc1-2936-48e0-92e8-44bf14627ef9	238	572	36	29	96
f47dfa21-d2e7-4de4-b353-f90689f0b57f	238	572	36	29	-
c1985616-b084-491b-b31c-ab83721f036f	238	572	36	29	B
87a1fbc6-ff0b-4966-b37e-3fcb05a461ec	238	572	36	29	.
7c61785b-3518-4241-8547-f149ed23ca3f	282	560	23	14	of
cba39075-7e46-4d5f-a81a-dfee46518329	306	560	56	14	Laman
86055b5e-91f4-4271-8730-2244b80de5e3	306	560	55	14	,
bc79c70a-b9b0-43d4-9f90-7a7216ba27dc	140	586	16	16	of
c3a3d102-22f2-45fe-a19c-b9491a7fab7b	158	586	72	16	Kiplakish
722884c3-e575-4374-88ac-83630d44b46e	158	586	72	16	,
e4788ab1-0939-4c62-ae1e-d2f8a192db38	84	598	52	12	Deseret
c3c64ab4-cefe-4e64-b355-cee8915fe9bf	142	598	46	16	honey
47ba838e-9259-4bdf-9f5b-ca9c7092de68	224	598	42	12	480
17261cfb-ce60-4deb-891b-d254c94f6892	224	598	42	12	-
0d0089fb-0043-478d-85bf-a2c494546ee5	224	598	42	12	3
b244861e-978f-4ae3-addb-ac78af7714bf	224	598	42	12	.
16888c8f-3fc0-42fd-a84c-c4444046144e	84	610	75	13	Desolation
00abbf98-26b2-49a0-be97-d42601f0b0d7	84	610	75	13	,
099ea834-7842-4679-873f-e611640f8603	160	610	34	12	city
4030c2a5-3e59-4433-8a33-addb61ac1f56	190	596	23	26	be
190b233a-9d42-4fb3-bf78-9d92b9934fad	190	596	23	26	,
0cd05afb-197d-4390-97bb-f84a0ab881c2	216	596	72	26	Lamanites
1d54d607-d829-41de-9c1f-35d370e94a5a	291	596	46	26	march
3feb648f-4de6-4ccc-92b2-b14c59432b05	339	596	21	26	to
4aa2616d-d57a-44c0-9013-1bd5bd724fc9	339	596	21	26	.
fdf99447-166b-4744-ae5d-138e27d64c90	94	622	50	15	464
dd3be343-c4ce-45b7-b534-c1c2a2262591	94	622	50	15	-
d3c5c85b-e5bf-4f6d-affd-b92850edc0af	94	622	50	15	7
1ee654ad-ebc1-4176-b962-3d7cb635cc65	94	622	50	15	;
4a9b7b06-5f1c-4acb-9ca9-67b556c9eed0	94	634	38	12	465
14f4e948-ec03-4dc2-810d-543e40ab3420	94	634	38	12	-
24bdfabf-18b9-43ad-9d95-e7af8fe7f88a	94	634	38	12	2
f27d6c66-bff3-41cf-a4c4-164ff9acd921	94	634	38	12	,
46cdb19b-0b75-48e4-85b2-f9b34bdc2ad5	144	622	74	12	Lemanites
5cb98cb2-cef6-43d3-a8db-d400093ca085	222	622	37	14	take
6caf3ef3-6139-4633-961f-391addd6959f	260	622	77	14	possession
a4898426-7670-46e6-a6f8-d141ea283f16	338	622	24	16	of
daaa7ddb-45e9-4b31-90f3-6ce52644d02e	338	622	24	16	,
7fd817de-dd0b-4d27-84de-6e0eb93d4797	136	634	64	16	466
bed8613d-2dc4-4ffc-b6f1-946102fed361	136	634	64	16	-
bf0b2450-3927-4605-9c8f-d8fedf6d39c2	136	634	64	16	13
09c111bf-2c5a-4136-b5cc-36eafa38a55f	136	634	64	16	;
3b21dcad-e64a-457e-8620-d267956f4d30	202	634	60	16	retaken
a9d88c81-4bf0-4a3a-b192-887a1490cbbf	264	634	26	16	by
1db1e706-b57c-42c9-962e-a2245b116fb6	292	634	70	16	Nephites
39b9681c-e65d-40d0-8baa-763f47f6dc67	292	634	70	16	,
f04d90de-67eb-486b-b2d3-60d091711609	92	646	40	12	466
24681fa6-4b67-410a-80aa-3ed25a0a5bb5	92	646	40	12	-
5269662f-f380-4fe8-85dd-f0a49e2b285a	92	646	40	12	8
0573a9e1-7041-47be-8277-582b3bec1c45	92	646	40	12	.
ecf81b11-bd1c-456c-a82c-cf2f557da52d	86	660	72	10	Desolation
8f735eb1-b558-4393-b409-88c103cabfae	86	660	72	10	,
469fb305-a424-48f7-bfca-51f447923c16	160	660	34	10	land
5d35a560-0bd1-4b65-956f-17e670a0bb4a	195	660	20	10	of
c4fb028f-729c-4ed1-a77d-f1f9605085e2	195	660	20	10	,
6cafaaec-a874-40af-9e9f-c44e6beca8d0	216	660	54	10	254
5ab70157-67e1-478a-b82e-9cc4975d1c0f	216	660	54	10	-
52205a16-0613-4797-b177-bf11a2a6e724	216	660	54	10	30
b25402d9-5874-40d7-a013-15d781641c25	216	660	54	10	:
b929246d-e390-4ce0-b632-cd0ffb23e113	271	660	35	10	near
9f414c1e-6e17-42b2-84a3-36e61b85bca7	307	660	51	10	Bounti
a47142c0-4c37-418c-88ab-a880a3540476	307	660	51	10	-
c7850c88-2a1b-4a25-a207-2e02d7e37d87	94	671	25	14	ful
d7730e61-0d94-4ed1-9e64-3375704a5f4a	94	671	25	14	,
0b68cdbc-c2f9-4214-b002-982ae2c27d10	120	670	54	14	254
a31bad0a-ff26-4499-92b4-e0d084fa941f	120	670	54	14	-
83d131c9-6927-4ecf-8a92-11b88ddce34a	120	670	54	14	32
ea111b20-3f7d-4a3a-bb65-36fb65551b7b	120	670	54	14	;
2bb0257e-c0cd-4045-ba5f-28094db27d1d	176	670	47	14	people
38f1a720-de39-40e9-a0ed-4fdf3d63feba	225	670	65	14	gathered
9be7d8d2-d90c-49aa-9e13-896e58751472	292	669	21	14	at
c508f702-6c5c-40a5-aa2a-7048a6f95c0b	292	669	21	14	,
77a83c9f-2f7b-40cb-a3cb-3f21b40c4635	314	669	46	14	464
27a02e3d-9980-404f-b758-aeaff567d176	314	669	46	14	-
8c23d824-bf1a-4354-9a53-9cd337f1ce60	314	669	46	14	5
4f11fb08-c058-4626-9ca9-5988a94530cf	314	669	46	14	;
66e44ca9-88b0-4367-8106-18a8021ace40	92	684	33	14	near
80ceac44-6138-4bf0-a4c6-9d68f38e33e0	127	684	52	14	Moron
ba6a616a-539c-4ad0-ad30-727e90ed7326	127	684	52	14	,
7f5a524b-0841-4408-9b71-889595f901fc	181	684	41	14	489
772e3074-a483-47d1-bc95-c9edfada0e5a	181	684	41	14	-
f4d5277a-43d0-4e5e-8bac-86df1bb41723	181	684	41	14	6
ca4eb178-cf57-449a-b503-77ff2f941d89	181	684	41	14	.
cced66c3-502b-43ac-a010-ded95540992d	82	696	74	16	Desolation
0db843b8-5b2f-4d6e-ab6b-f0114dd9e949	158	696	18	16	of
d3fa8e02-af5b-44b9-95e7-df6d48f956a0	178	696	56	16	Nehors
04b91138-0f7a-4029-8219-65b3425460b9	178	696	56	16	,
e768b843-d144-4b79-9100-bf1ba125e96e	236	696	48	16	236
cd5e0780-107d-4365-b01f-3a933d010a6c	236	696	48	16	-
d3eea9fa-ca38-4cde-8d8a-788caa63d783	236	696	48	16	11
8bc35a26-28ca-4f40-90c5-53baa5cdb4ce	236	696	48	16	,
8e1e4e08-81c2-42dd-9347-04fa25a9e25b	82	706	56	18	Despair
b4504d7a-bfe9-4970-bf7c-e356cad390f6	82	706	56	18	,
31bc1531-9bd2-4c06-a300-475a11222312	141	706	56	18	because
d2c44da0-b972-497e-9c52-3dcfcd13184e	199	706	13	18	of
8629d3c5-964e-43f1-8abb-29e439d73d51	215	706	61	18	iniquity
d313a75f-9b7a-4b5f-9549-1f746c529ad8	215	706	61	18	,
73320778-f716-4a0e-9491-30294b2ba57d	278	706	50	18	262
dc12f803-c8d6-4f1c-8dde-8afb72823883	278	706	50	18	-
165b79ed-9bfe-42eb-b941-ee3fe3faf8f3	278	706	50	18	19
c1207c12-cbb5-4f47-85b7-7c5c696a4473	278	706	50	18	,
18a0c5ce-ee1f-4656-9362-afef9e282e93	330	706	31	18	521
4be12e48-9a92-49ff-b77b-8bbf25a56a54	330	706	31	18	-
6c024390-d402-483d-baa6-fb742fcc70c8	80	732	73	28	Der
fa4c4c6f-826f-4c1c-9a17-ce5c18dbe9cc	80	732	73	28	-
a67ccc76-1203-427d-855d-33749acdbe69	80	732	73	28	ses
80e84e58-026b-4176-9cde-3c851bf866d6	80	732	73	28	,
d3ae523e-1cd8-4086-bdb2-70a84a6881bb	157	732	14	28	of
2d319537-c84b-4a97-a819-07314a34773b	174	732	42	28	works
888615d5-ed2a-47e7-bbde-925a2b817c37	220	732	17	28	of
0d13b6ed-5b49-49ff-84f2-d7952bdb3b32	241	732	24	28	God
24a826f1-2017-4b0f-a736-c723efe20bf5	269	732	38	28	shall
31300d5c-9405-457e-bd87-b1d6cd2c3e78	311	732	51	28	perish
9aa4d1d5-4bfe-4978-8d52-90f8e8b1505e	311	732	51	28	,
50e8162f-a441-4f3c-83a1-3ffd69063a6d	288	769	46	15	415
d854cbb5-3137-4abf-ad91-30c2f0142be7	288	769	46	15	-
90aa56fb-d6ab-47d5-808a-01ea56c2b8e5	288	769	46	15	5
bfe32bcb-91b6-4be5-a9d0-36e38ed13e01	288	769	46	15	;
529acd5b-ea28-4ea5-a947-c6563ec66524	335	770	25	14	be
dc6a2297-bdd6-4cb9-bb48-ff9db64df49d	335	770	25	14	-
6c858b7d-0797-4d45-9aeb-50ead7645074	94	784	40	12	cause
fa430eb8-054b-45f1-9f60-8cfd2c59757f	136	784	18	12	of
d2e60a1b-b026-45b6-a9dd-ed6d8d9a2c46	156	784	83	12	wickedness
a8a60caf-b439-449a-910b-3a6a742b96d2	156	784	83	12	,
4d6f063f-9eb6-4d40-b4ef-a8543cdc8fba	240	784	53	12	418
98831f90-0018-454e-96b8-220eb956ef88	240	784	53	12	-
f81edefb-e6ff-4f7d-9299-4b34c51f4b15	240	784	53	12	12
0bbafb89-173f-462f-a41e-3e32ac6c9f4c	240	784	53	12	;
26fbcb7d-11df-485a-9ebd-db811713e361	294	784	65	12	occurred
33553bb8-56ef-4ea4-a66c-42a361d98bdb	294	784	65	12	,
e9a196eb-bc1d-40d1-8b01-21b28a0db813	92	794	45	28	172
3b7fa1fc-7e8a-417f-a445-a5629a81b2b0	92	794	45	28	:
dbd5ceeb-6c81-4070-aecd-36da41cac752	92	794	45	28	33
fc8fb8cd-08c4-4428-89c0-fe05e1c8aa35	141	794	10	28	or
adf0c0b1-fcd9-4dca-a80d-f3ce9f94c4df	155	794	66	28	aredes
916420c5-5b98-4ea8-8c7f-931f26a6004c	155	794	66	28	,
2efa00b1-439c-4f3b-8f56-1031bb2a7944	225	794	49	28	490
06618fb7-8a76-4f66-b5ab-284770666613	225	794	49	28	-
c6b12d98-7908-48fd-b150-ca7c97a08b7b	225	794	49	28	05
d8692cff-5076-4b72-bbca-2b471fd47caf	225	794	49	28	,
89d3f285-4fa9-472b-8279-f3f29a2c081b	277	794	38	28	498.1
1919331c-ec0e-4bf2-bc9a-3371c9408015	319	794	39	28	sopl
f637911e-ab1e-410c-b28a-d1c6510af307	319	794	39	28	;
058b6f32-5c34-4500-83cd-5800465e64cf	94	818	50	16	504
9289f114-e850-4337-bed7-085937e44fb0	94	818	50	16	-
fd0314d9-05d2-4056-8034-6fb41b27a35b	94	818	50	16	14
5a48efde-d1ec-4c1e-b251-d7337d82d4dd	94	818	50	16	;
671003e3-18d3-474c-8b82-574d8bb0e649	146	818	48	16	caused
cfea0bca-7d1b-479e-85c5-4968f5a027bd	196	818	20	16	by
6ff0464a-51b3-4f01-91cb-cbf6c5addea4	218	818	44	16	secret
cd7fc634-cdfb-4f44-86f8-fa3d800ea4dc	264	818	96	16	combinations
045a1a1d-7b8c-4b86-b7b1-3c45d1de0780	264	818	96	16	,
b298b76d-f564-492e-8d5b-2d9719c4d479	92	830	50	14	492
73f8e074-ae75-4e51-a3d5-2160bea13806	92	830	50	14	-
0cafbb80-75ce-4928-beb4-a96f7c6e51b4	92	830	50	14	21
fc57a7e6-06fe-4969-b078-afab8ff0e666	92	830	50	14	.
849fe5ea-286f-485b-b705-d6e3bcd79978	80	844	44	16	Devil
28880225-8984-42f1-b95f-8fc145da4a4b	80	844	44	16	,
c830f32c-456b-4aeb-becf-b2acba3e587f	126	844	54	16	founder
3e41a555-89c8-4e82-817e-676996749f4b	182	844	16	16	of
6ea42473-a694-43ca-8dce-391dd75d95dd	200	844	24	16	the
8c336527-0394-4845-9ced-a7aacafa06f0	226	844	80	16	abominable
23fe41e8-b613-41fa-9f5c-13b25ba49417	308	844	52	16	church
29ea2866-715e-478d-bac6-84d360eb812b	308	844	52	16	,
64fe7d62-3996-416e-9fb0-daab59566284	92	856	38	28	lien
c342ff76-a1a0-453a-951c-a865e261e869	134	856	31	28	ange
f3b80ac3-a1e8-4b1b-acfa-093c6cab868d	169	856	52	28	at
87249f3e-8861-4944-904a-70a754f575b1	225	856	35	28	628
44930785-9ede-4192-bc9e-543a9ca774c3	225	856	35	28	;
2b0603b0-972e-4abd-a1bc-03595ae7427c	263	856	59	28	bealed
75a802b3-a4ad-44c3-bbd0-dd6e52784cba	326	856	32	28	heat
21b7f3e1-c232-4cb9-94ec-fa3e055f393c	94	870	40	10	tallen
269481cd-9eaf-449b-b980-4d5265372ca9	135	870	39	10	angel
ed43bd5f-35df-45df-961f-c0f94d24d8fa	260	856	38	14	26
758fa6a3-e589-4f15-b4b2-b1d1c3364124	260	856	38	14	-
32371db7-4668-40b9-96b8-b7293ef84b4d	260	856	38	14	7
8339f36c-8fae-4657-bdca-829a4d6cb86e	260	856	38	14	,
3f349cf5-ccd6-49e1-a88b-9c8943c6a062	300	856	47	14	51
71ba4e62-d792-4d4e-a782-2c5bc023f126	300	856	47	14	-
bc2fee1b-dae6-4a4f-90b7-77e4ad820b75	300	856	47	14	18
38041802-0041-4553-9aac-af01ebb8d7d6	300	856	47	14	;
a8cac925-6ff5-44a0-9b5b-ff6de4e777ff	349	856	11	14	a
d1555ee7-fb09-438d-a561-108b0e45dbce	216	882	74	10	transforms
a956c486-f62f-4ac2-8ae2-a048005c1735	304	881	54	13	himself
5bcf8922-b985-4c29-a52e-ad80004656d9	304	881	54	13	,
d57c60b4-4f86-4dc3-a2c7-eeb848588bd0	94	878	34	32	87
32c25f33-88b4-4037-aee5-05a3a862caf3	94	878	34	32	-
bfddbc5b-5897-4b81-8c9b-ee89de7ae70b	94	878	34	32	5
58e52d63-bd92-44c7-9690-059115ba4e55	94	878	34	32	,
918d10dd-845f-4169-9a4e-2c0a95da35bd	133	878	26	32	and
38f18e29-5d9d-45c9-8ead-8ce84bb19dbf	163	878	47	32	ages
6ae754cb-202a-42d0-9526-95a7349c8cf5	214	878	47	32	sans
e8a44cc1-711b-45c7-bb9e-ef97888b9b0e	214	878	47	32	,
dff7028a-9850-4284-92c0-e1e5122022a8	266	878	43	32	68
75d9801c-9276-4996-9045-a1908ed8b8ea	266	878	43	32	-
202a0ed4-96e3-475f-bf17-611dfc1ff2ef	266	878	43	32	16
f82aa9c5-ce69-4b61-82c9-84b827fd2b82	313	878	49	32	ane
61b6ce11-9954-48d3-996b-09c7a727764a	528	110	52	10	comes
9362a30c-abef-4e8f-ac06-4b61f9ad2a4b	408	118	50	16	400
dee75c65-6ecf-4584-8c2f-52020d5bc6f5	408	118	50	16	-
751ca908-6972-4d2b-8f23-22dc9559b9b4	408	118	50	16	22
a5de1ca6-82a7-49ce-95f7-24f7753b2b43	408	118	50	16	,
4d57fdf1-df96-4476-a7f7-aef807d28129	460	118	48	16	513
3f92fe4d-0936-465e-a774-757ad7f6bba4	460	118	48	16	-
71f1cd12-1373-4dc9-9e6a-3d07c563516f	460	118	48	16	12
792d0a29-d5dc-41e6-a860-f496c5352095	518	120	49	14	master
3ec92f94-34c1-414f-bf83-fd46b8402d39	569	120	19	14	of
dd9714ff-8eff-4395-aa00-d4e58ddaf2a2	590	120	30	14	sin
2630a6c9-e2f9-41a1-8e1c-c6e0ee948b53	590	120	30	14	,
07db0e4b-bd11-418a-bb9e-6f7c7c82aecd	621	120	31	14	143
d44b8b29-5d17-4b1a-bd8e-59cd585dba51	621	120	31	14	-
141bab77-1f97-4771-956f-92cdee01a602	386	130	22	16	14
4965514a-634f-42bf-a5aa-db5f0ec321a2	386	130	22	16	;
8d37a384-78e5-471d-b4e6-813b61948106	410	130	80	16	captivation
a6aacc5b-edee-4c67-ad9b-4e335e6b15f6	492	130	20	16	of
d89afd03-7fdd-4c0f-acda-83cbce4d5530	492	130	20	16	,
2933e3d9-41d3-46cb-ad7f-b45e828d1a76	514	130	52	16	218
1bddfbd5-2964-4475-9f20-3755aca1bdc8	514	130	52	16	-
535bb138-d5c7-45d6-b451-dbde7b48a161	514	130	52	16	28
d62ff058-8868-4c98-a42c-c512a340760e	514	130	52	16	;
5bf39033-2fba-4194-8b57-0c8f6acfd57f	568	130	66	16	appeared
0a6a1d74-d199-4bf6-962c-a2e2c0773b25	636	130	16	16	to
2065fa39-976d-4775-80e8-8a9d59cba68f	502	144	51	14	takes
10c667ae-39a4-46cd-a100-d5cdb9f7aabe	554	144	78	14	possession
3c4b3f23-645c-463b-8c43-175b5f413960	384	144	52	28	wicked
5fdd6905-19ed-4697-af8b-6a7e0f2df972	384	144	52	28	,
96248eeb-786f-4ef6-8533-33f7c31a7e89	440	144	49	28	295
9ee77204-44fd-43f2-bbc3-b28c00eb44f2	440	144	49	28	-
42171062-69b3-45bd-a790-a0b06a9968b8	440	144	49	28	13
49c96735-13d9-4c58-bc5b-ad8e25c3b4ed	440	144	49	28	,
db527571-d86b-4420-99bf-5ff85b7c80d5	492	144	14	28	de
dba23d10-0f68-496e-8b3d-710835e49e94	510	144	45	28	roger
ec079265-37a9-4064-9dbb-fe1f62cfa184	559	144	14	28	0
752c9123-ab5a-4351-a171-9ffca7baec56	576	144	45	28	803
bdbb3477-2eb1-4687-9c9f-5b09574ff1a3	576	144	45	28	,
175ce5f6-88e6-4d1c-a366-8106fd9e0b5c	625	144	25	28	380
4cb270af-7cdf-40b0-9ffd-23c9fc2682a0	625	144	25	28	.
7516f3c3-74d1-4c62-bebe-063b7fd7d6fc	432	168	49	14	enemy
16e5303b-af63-4fee-a2ca-12fed648acc3	483	168	16	14	of
540f8818-6c4f-4c0f-8561-6d14e9a07ab6	500	168	33	14	God
e1cc7952-03cd-430e-a1e0-980786484676	500	168	33	14	,
15d24278-25e7-4dc6-ab5a-63f799772b20	535	168	51	14	513
5cb934b4-2a49-4e40-9f0a-d709ae829ce3	535	168	51	14	-
de7ef5c2-8dac-4471-b106-30f8a47508e7	535	168	51	14	12
c5462272-a0da-498a-9f3b-bc31e673f252	535	168	51	14	.
7d8b3c09-235f-4da9-9b57-3b407cad6721	426	182	19	12	to
80afe376-727f-4f94-91f8-0a5ce553f086	447	182	23	12	be
038d64e2-ab95-4143-8d33-cab89372c790	468	180	36	16	cast
1b03cf7a-d899-4954-86c6-fe47434210bd	506	180	30	16	out
cd50beea-99fa-4014-a715-66af9bee9f65	506	180	30	16	,
1380a360-1b94-40ee-903a-5eb5fa0747f2	538	180	46	16	140
f4212a92-903f-467a-becf-4d154a659d26	538	180	46	16	-
e193331d-c911-4a92-805c-d6ec1ef96b8b	538	180	46	16	6
5d9821c6-b7b3-4bcc-839c-94c271beee20	538	180	46	16	;
5843caf3-9f80-4eba-a208-9f180680e2aa	586	180	34	16	cast
ffe96bfc-3bdc-4cd3-bfec-4498bda2ea56	622	180	30	16	out
ad8598b5-bd51-4fd1-8eec-a199a47603e9	622	180	30	16	,
ccfa385c-cd7e-453d-a08c-5270fa53be48	374	201	64	18	Dilemma
b43dbc54-f72c-43c2-885c-14942d045682	374	201	64	17	,
43c63585-7d96-449b-b072-a2e69b0995d2	440	202	26	16	the
b0b9c76d-31e4-4b46-ab05-898fcc817151	468	203	44	17	awful
5c052c45-be00-4532-b4bc-08733b3595b2	468	203	44	17	,
91e0e58f-b9de-4a17-857a-68b9bca93dc6	514	204	18	16	of
f8171f4b-fb6f-4c3b-b80e-8bce0b277cd4	534	204	38	17	guilt
2b7dcfaa-3b69-4631-9696-7bc4563c8acd	534	204	38	17	,
0b921369-25a9-4ef4-922b-3bd1d445c075	574	205	44	17	211
c7dfe7fa-53d1-468b-b9e6-c10a9b6b3c18	574	205	44	17	-
c6faf634-f125-49fa-bbba-396b86fe5797	574	205	44	17	3
c647a65a-606d-4ad5-8120-ab08baf767e9	574	205	44	17	,
47032309-c38a-4c0f-bb77-89c1ddf19ae9	620	206	32	17	212
927bda5e-c3d2-48d5-8850-6c55f8f7baab	620	206	32	17	-
386f390b-fc5a-4060-954a-24ac33c4e619	384	218	24	12	18
f3e49494-8a17-4eb7-8c90-37ac7904875f	384	218	24	12	.
17b2b711-f8bf-49ca-95e1-af1b60e826ca	372	229	72	16	Diligence
ba1693a6-a20e-45d5-be6e-abd402f32456	372	229	72	16	,
a74498e7-cd95-4dcc-b71b-599ef51cd225	442	225	37	18	wins
224ae01e-3b4e-45c0-b122-520b2bde2b13	480	226	41	18	prize
494f2c66-1ef0-462a-9dcb-789f95d8589f	480	226	41	18	,
913bc418-283c-4d7d-831f-76c1978b8962	523	227	51	18	144
f1c808f2-8974-4dfc-a6b5-715d5293ab6f	523	227	51	18	-
ed2fc76d-c6cc-453d-8c0b-30d1bf4ce589	523	227	51	18	27
397b7641-7dd7-4a97-9d20-3045ff54e532	523	227	51	18	;
d6692999-c652-4330-8829-748e5755a7ca	576	229	17	17	in
081dfbd6-dd27-41d1-9522-91bdfc2fb47e	595	229	58	19	keeping
15d45ac2-acd3-48be-a970-61ee84662a96	384	240	118	16	commandments
a5d4939c-84d9-4b4f-8a74-f2d9e4cd365a	384	240	118	16	,
e6328028-bf3b-4106-9890-9bb835029db9	502	242	48	12	213
10edf136-378e-46ba-b0c0-79c593cf37d0	502	242	48	12	-
34303c7c-91a4-450f-aefa-8e37c4a0d1f3	502	242	48	12	23
e3503eca-1bd7-4013-9615-9135d83b265e	502	242	48	12	.
49823a07-6952-4e0f-ba4f-454221408293	374	254	60	12	Dimmed
183f8d76-7255-4da4-858b-c8be4cdd01f7	374	254	60	12	,
0dba1ac3-e983-4853-945c-6f9a0e00ddce	384	254	21	28	19
f9853dac-8d0f-4083-b8b1-832fd2a80b90	384	254	21	28	,
5ea27468-ee92-44e3-9f95-771182173993	409	254	29	28	288
a6cb4744-a6cf-4457-bf1b-0e09c291af81	409	254	29	28	.
9fa2810d-bd26-4a03-bdad-03d2116a1f17	441	254	39	28	plates
8b5824e9-7dbe-4833-aace-fc43f9849ca9	484	254	25	28	not
9bc599e6-4acb-47d4-a0e0-8abdf7229652	513	254	18	28	to
8a6df4ce-0cf8-44ad-8732-b58b09c07e8a	534	254	25	28	be
f57f906e-ada3-4211-80e7-22e87df6bafb	534	254	25	28	,
fbe3b11f-1954-460f-980e-ba5596b65c0d	563	254	14	28	by
15ab96f5-ca55-41b7-bade-1f72bee3f70e	581	254	43	28	time
506ffbc0-b976-4294-9727-a0ae7369b2cf	581	254	43	28	,
8f5e4c28-0d5b-4457-aaab-62819df1f0b1	627	254	25	28	19
5af64ef4-ab9b-44d8-9e29-6b1f4626aa6a	373	277	76	19	Directions
6b6c9512-64cd-433a-a421-0f2b83484afc	373	277	76	19	,
5b736277-f057-4e6b-a3ca-8cf06faa0f83	458	278	40	14	given
ff4ea22f-07ab-48a2-8c27-2eeb8b4c33b1	536	278	68	16	Liahona
cf221b66-4c8a-47a2-b25b-67ce532caecf	536	278	68	16	,
e280c7e1-a794-41b7-8069-7f218f73e6e1	606	278	46	16	33
26e627c7-8c81-4c24-8c35-1796b8e8b54e	606	278	46	16	-
ceb4275b-20d8-429b-ab0b-8ada833e52cd	606	278	46	16	30
330f929e-047b-4d76-890c-fcf391a82b57	606	278	46	16	;
60cc8e93-d396-4a74-af50-106820058d1c	386	290	38	16	given
a8744a42-ef63-439d-88c0-90e19a1f540b	426	290	54	16	brother
7b0432f7-e750-4d72-84f0-b0c960943ccd	482	290	18	16	of
1ae8f0cb-8c73-40aa-9b29-f31ee10a61f0	502	290	44	16	Jared
7ac4e929-6915-44b6-848b-e5d6fcc27fe1	502	290	44	16	,
2d9eaef9-e878-4dc1-950e-d278de129c74	548	290	42	16	480
ae78cbd1-43d5-4f55-b5bf-60dcdee1a7a5	548	290	42	16	-
d54496eb-19cc-4c5d-b34f-73e0519d6820	548	290	42	16	5
a89982ac-67e4-40db-a13a-dc6fb62beb65	548	290	42	16	.
4dcb18dc-7204-41bf-8227-e0f9b16b8b70	374	302	61	14	Director
97640aad-9623-4a7c-bb82-90da4ee54eb2	374	302	61	14	,
6cafdc3a-be2c-454d-b59d-6e852646cd83	437	302	24	14	ace
51bd327b-5175-4e5c-9198-38a728afbdb4	463	302	57	14	Liabana
a461f993-be77-460a-aa62-00d12303a7fe	372	316	34	12	Dirt
d93aaa9d-6e58-49e5-a53c-fbb3cb6fad97	372	316	34	12	,
cf805738-5cfa-4d43-85e4-5a94509736c5	414	316	38	12	cast
311bf513-8e3b-40de-a42b-7b164ea40d25	454	314	26	16	up
a2a0b71e-1116-4c17-a28f-7046526d23b2	482	314	28	16	for
0f688d09-5421-4847-b8e9-9dae8fcd464c	512	314	94	16	fortification
22b76bc1-dcd5-46f6-a0e6-ef8869f436e3	512	314	94	16	,
9410e50a-0dc3-4d4f-9b3f-1ca40ff90af7	608	314	44	16	318
b69c1745-9545-4908-86e2-e1928575e4c4	608	314	44	16	-
37394981-b010-4baa-80e1-357a7cce0037	608	314	44	16	2
7cf01daa-4743-4e88-902f-c406b7c5cd63	608	314	44	16	,
ca2984a3-38da-40ac-8278-b11c3d6cdc37	382	326	40	14	331
f7b75357-1562-4995-be44-258146df2b01	382	326	40	14	-
3cbfd78e-d81e-473d-8f27-41f070b379df	382	326	40	14	4
90d11fe3-4d93-41f1-9133-77bde8e66a90	382	326	40	14	.
6ed1d963-3158-4fae-8cc3-03475bffafa3	372	338	62	16	Disciple
327099c4-d2a8-4428-be58-e746a66531b3	372	338	62	16	,
20acb9eb-538c-4391-bd2f-923251fc1697	436	338	60	16	Mormon
65556d44-5375-4296-8374-f1f3b3e06782	498	338	18	16	a
41d0e58f-fc54-4fbc-984e-61197f5c16f5	498	338	18	16	,
b0c490a6-4a85-4649-a456-9e6db8bc0143	518	340	50	12	409
686d7c84-ccdf-4506-bb4c-0899ceef3ed0	518	340	50	12	-
92a40347-1b2b-444d-bfc5-344af06c1016	518	340	50	12	13
7227c8d2-79c9-4d4b-ba2c-849d77138b3c	518	340	50	12	.
78ea2f99-2fc2-4ca4-b0a0-7e0886ecfc74	372	352	47	26	20
273d0cb4-cf75-4ffa-a1c5-eca5e05b3a3e	372	352	47	26	-
efd4d33c-681f-4654-b986-e5c85c5e77d1	372	352	47	26	8
5a75004d-c8df-4a1c-890f-2d9641554cfc	372	352	47	26	,
ed0ca9e7-94a4-450d-b106-55c63086331d	422	353	41	26	21.10
ae0dd821-0f14-4c11-adcc-8f4de2545545	422	353	41	26	;
b176e583-8b14-43c8-919f-31fcc7846e55	465	354	54	26	chosen
6c2a3980-3796-4411-92c3-23c7f8651fd2	465	354	54	26	,
123a0dcc-f69f-432e-b874-4b6a8b79a96b	522	355	47	26	422
324100e9-7ea4-48bf-ab5b-6aff3f5b178b	522	355	47	26	-
bebe3591-026e-433f-9498-866554f63aae	522	355	47	26	22
a724734b-31b6-470b-96a5-bed6b00a261d	384	376	26	14	12
9083ed55-cd31-4e0f-946b-69f69ac1d62c	384	376	26	14	;
94e406d7-09bb-4603-875d-a6b5d327b1ed	412	376	46	14	names
6c5e6337-680d-44b1-91fe-c278391c52e8	600	378	52	13	twelve
e588fbd9-5bb4-411d-ada5-f8c4a2187e24	384	380	78	24	assemblies
0bfd28ef-2cff-4d42-88f0-7e0f2f8f3077	384	380	78	24	,
03176832-e2ab-43d9-a4d0-2ae979b69126	465	380	42	24	437
b0de7193-3bb8-4b83-8e39-2e951d929add	465	380	42	24	-
e3853609-0953-4681-a858-69d889c63367	465	380	42	24	5
fc230093-f203-484f-8d69-776d993826b4	465	380	42	24	;
616aa16e-92a0-4bbf-94d5-6fb0da8a9926	510	380	57	24	promise
b9143b69-b6ef-4f05-95e9-da201d6dfb35	570	380	12	24	of
6c1642fe-7644-4a7a-9ad6-199996644e88	585	380	42	24	Jesus
a8f29b42-9b80-4b73-bacc-dab9ff687567	630	380	18	24	to
483f8686-23d4-4129-b2fe-7f16e971d0d9	384	406	44	22	452
a873f412-19c4-4b7c-91f0-cb81cfa2e6de	384	406	44	22	-
31ee0ce6-3912-4e05-9c8e-3aa0a23830a6	384	406	44	22	7
9a842003-b082-4511-9e7c-71f3d0fcdbce	384	406	44	22	;
1f04238b-995e-45f4-afb9-c984ca63d537	431	406	41	22	found
619a329d-e722-412e-97b8-147d7a27a841	475	406	13	22	a
e379f450-1bba-4454-8814-2804e0490c91	462	402	44	12	three
03173239-0a12-4951-b073-d665cf91bacd	462	402	44	12	,
d56627f0-5984-4b8c-a033-c56da0424f4f	488	414	52	12	church
3b102687-c058-4f32-800b-8561b31d185e	488	414	52	12	,
b6f60a93-200c-4598-a61f-fe1ea88f9f37	542	402	19	12	to
665110d5-5bd7-4c04-a10a-24f96e3a2109	563	402	43	12	taste
7dd90953-2a2f-48da-847c-3135d34276fb	604	402	46	14	death
acd09e09-1b09-405d-8de7-1ec94b66d002	604	402	46	14	,
164e1893-e581-4ac2-b227-1d826161c646	386	428	59	10	wrought
b482f7ba-6de6-4e42-a39a-41006420e8e1	446	428	24	10	by
1719f89b-ab62-491d-8d5d-5ae445e4a781	446	428	24	10	,
43c8a06a-4ac9-4af5-a381-823e610d213b	384	438	30	12	and
16560ca3-36d3-4f72-823f-0fa5ec70d301	474	426	42	12	456
c6ae6164-dd9a-410a-8fb3-0fdc3221776b	474	426	42	12	-
1e870c0b-d656-4926-ad98-3e2136a5069c	474	426	42	12	5
9f2a379d-26ce-429b-a059-9006f35e79a9	474	426	42	12	,
4e49ff16-446e-4b15-9562-c6e05ef74edc	544	414	46	12	456
7501685c-5b59-4d1a-bc66-a0635ced6d91	544	414	46	12	-
93ceabae-765d-4bb5-829e-dfb71c119ae4	544	414	46	12	1
1400c5e5-43d4-4600-b05e-2fb79bc7d6ce	544	414	46	12	;
3403676c-78f4-4fb7-80ae-04ac9358cdb7	592	414	56	12	miracles
775674ee-5706-434e-b7d2-44d2afe8c18f	412	423	30	28	ght
8c2d7300-bef4-41b3-bd6f-df441e63efe0	444	424	36	27	bred
d05b127e-0bfb-4640-8032-21e037cb4e65	444	424	36	27	,
6bf2e363-50ab-4304-a8af-964543ab4a0a	483	424	49	27	458
5c9fbad4-f5b1-4ed8-af97-ea5bdc22957d	483	424	49	27	:
269e3edc-20b8-4d81-8f12-2b3eb09ca8ab	483	424	49	27	30
6a717fb7-e87a-4faf-8c4a-59b3b552e8c7	483	424	49	27	;
5388aca0-24ec-4fe9-a48f-ccc49b866faa	535	426	17	26	in
0cd9098a-fffa-4a9f-8056-5466ac7ae51a	555	426	62	27	turnace
27b968c7-e506-401d-a99b-958850ac7853	555	426	62	27	,
10ea2ef9-be4c-43f8-bb66-63847e8fe438	620	427	28	28	458
f2a34d1a-07c9-40e6-b8e2-9048d25490eb	620	427	28	28	.
5efb717a-0ad4-4e87-816d-e3db8a719efd	384	450	26	14	32
5768bb2a-dc78-45da-9213-4a84b4e36ff3	384	450	26	14	;
6173a35c-5dac-4d66-83a6-2e231b3ea3f6	412	450	21	14	in
754d8d09-e819-4a00-a0f0-89ee95161b46	435	450	38	14	dens
1393d05f-bf59-40de-b224-7ed8ce3ff718	475	450	19	14	of
3e8f989f-a19d-4eb4-9323-c5e8df7a4eb6	496	450	52	14	beasts
fb09cbb4-60ef-4dd9-9bf4-a5aaccfb69dd	496	450	52	14	,
5d0b8c73-f29d-4142-bb5b-6118535fb676	550	450	56	14	458
fdd9c1ae-b92b-4e37-9bd1-497689fabc9d	550	450	56	14	-
4f0cd2a2-186d-419d-b188-7d6a2119cf49	550	450	56	14	33
5961e6d7-f3f8-47cf-ac16-286ba7022ebf	550	450	56	14	;
777bb2f9-ef1d-43f5-a45d-cde87b5dfb6e	608	450	42	14	taken
bbfbfffa-a216-43f2-87b2-1847bb9d91fb	382	462	28	28	див
e91edd8f-25df-439e-bcc7-e667701bcf11	413	462	56	28	злотоні
b54fd789-71cb-4e03-a7da-3ec35af678df	413	462	56	28	,
f6baf777-889b-4567-a14b-fa963436a40c	473	462	49	28	433
ac28dd65-6c08-47d7-9f2c-c305a7b00c65	473	462	49	28	:
046af171-f240-4819-bf40-2d8ebb6d8160	473	462	49	28	210
b84dc294-0677-4746-8050-08e371b24834	525	462	42	28	72
8aaa7912-6cff-4004-8c06-28de7a66eb14	525	462	42	28	:
19b637ee-edc9-44e4-9af7-ad14835cf07b	525	462	42	28	1
25961e47-300a-4807-8282-329595172fa6	525	462	42	28	,
ab604e3b-e251-4065-8ab4-5a9e5bf9f239	571	462	17	28	т
b484f9c7-cd18-42bb-8f1b-8407fe4efa1c	592	462	58	28	Моттов
3a5e596f-14c9-4e70-861d-29bfd171b1b2	472	474	52	16	453
21106e8f-c216-4637-8ac2-545cfff655f8	472	474	52	16	-
304db1ec-45f2-4ae3-9b5a-638827150ac2	472	474	52	16	26
62b3a859-1ad7-4f66-9d33-465be02298b1	472	474	52	16	.
07619c9c-4685-4578-9f57-d6d481a89206	440	488	42	12	cures
5df39c16-e443-4d9e-aa33-c3234f269a55	484	488	20	12	of
ee940798-b071-476c-8380-bea4f430497c	484	488	20	12	,
c510eb01-fc7e-43a1-8337-3fa99ff1e875	526	474	48	14	472
5d718424-682f-4800-8b98-1e5beb0c4af5	526	474	48	14	-
a29edf6f-4df3-4962-b3ec-f5b1ac0b3ae3	526	474	48	14	11
25010e7b-37aa-4a4f-9570-9e00290d75fb	526	474	48	14	.
926642d5-ee6b-4868-b951-cc499fb47502	530	486	49	14	Christ
12c2da5f-3a22-4143-b750-cb894e1b766f	581	486	69	14	predicted
058064c9-1e79-498f-9d6b-b516f76fb1c4	581	486	69	14	,
40161441-4818-49f8-a8f7-991a20dffabc	428	498	60	14	effected
851c7332-270b-474f-a7df-26647370cfeb	428	498	60	14	,
7c20d56e-4b27-41b2-a8ef-5eca7fa46085	488	485	45	30	4327
1cbbffee-bd7c-4d26-a505-ac375cdc34cc	488	485	45	30	;
ef8ae6c0-6f6f-4193-98e2-998cacb34a05	537	486	45	30	Christ
ce05ef5a-3896-4caf-9e10-5e8b03977897	537	486	45	30	.
600d356a-5d46-4bda-813a-c9e343b60c2f	585	486	65	30	polited
151c7b78-d67b-4dfc-850d-592f9412ddbd	372	558	82	30	Blapilor
521d08b8-f0f5-4a97-8458-8ffdf956423d	372	558	82	30	,
ed975239-a5b5-44a8-bb53-304787aac58b	458	558	19	30	of
3ac51634-9305-4fad-97f9-dcc7d9d214b4	481	558	34	30	So
a3b8c5c4-c83c-4dd8-afb0-f18cbd8acae5	518	558	45	30	51922
6e4ea2d7-3adf-46f1-9891-f25079a268af	518	558	45	30	.
002511b9-7fb4-4c8c-9846-670044002817	567	558	49	30	135.17
74d96859-efc0-4f76-bbd9-3b519305184f	567	558	49	30	.
418cdf10-740b-4bdd-851e-970e41cbfa24	462	584	23	14	of
df1cdcc0-0678-4854-9f63-fb1a3e200877	486	584	38	14	King
24e8c6ac-89b7-4d71-9786-52c32b01797a	524	585	88	13	Benjamin's
b0db07bc-ae84-4c9b-bdcc-7fb7b9a7c578	372	584	52	28	Digoa
6ac07385-39b9-4b30-b4b4-0a5bda749c59	372	584	52	27	,
3dd6e099-dad6-48c8-8517-cdbb934a727e	427	585	46	27	1043.2
5ec21731-3a24-4094-9ad2-d5c8d1cb5cfb	427	585	46	27	;
d8fbc798-260d-4c1f-ae66-dfa461b76b61	476	585	17	26	of
4dee7718-6fe1-4417-b813-75a726b24441	495	586	65	27	Lamanite
0c9423e9-d2e8-4d1b-95f5-b55c7f470f89	563	587	39	27	king
e474e874-e45d-467f-9b32-c94760df5149	563	587	39	27	,
1aa5c05b-bfd2-429e-9409-300661a335f4	606	587	47	28	152
78b26c22-95b7-4543-833c-06d54c4f1c21	606	587	47	28	-
5f49aa25-6cbf-49c0-abc7-9cc0bdb520e3	606	587	47	28	5
ffc9aec5-c55c-4233-80ff-fd7ebecaa000	606	587	47	28	;
e74babc8-7cd7-4ac1-8458-ddd80b284d52	380	598	80	40	santos
d09061e3-a31e-416c-b854-bc6019691487	465	598	20	40	Co
8a42acf4-895e-433f-a8c9-eaff91187709	490	598	45	40	biden
80b2b558-6a53-4b0c-a52c-88bab452d80f	540	598	20	40	by
281238ad-148b-4974-8298-ac75fefb1040	565	598	50	40	Christ
a9790e5e-d50c-4c64-9fb4-a1eedac0a823	565	598	50	40	,
cdbbede8-890a-47e4-9409-d7933a41a038	620	598	30	40	822
340a6147-d687-487c-90da-2d8aaf5bce77	620	598	30	40	-
9129ccd9-a74e-4e9f-86a0-0c0594b6a0d1	368	618	37	33	022
96e411e0-9441-4010-8389-5a21d01945cf	368	618	37	33	,
0e4700d8-887b-4c40-9c23-f32aa36da15e	407	620	21	32	23
e00dc27e-e733-4d73-b464-651851acdbf7	407	620	21	32	,
43ac8825-2e10-46cb-aa59-2fc9d948c914	430	621	52	34	436
b989371f-057f-4d02-863f-0e3ca59a6ecb	430	621	52	34	-
8a9bafde-daa2-4b0e-b1e7-073ed60f9a3c	430	621	52	34	34
4b4df72c-7604-4f02-a841-d0d900c9a249	430	621	52	34	;
039266de-0bb1-4407-9f5b-ab45878017be	484	625	79	36	concerning
500229ec-e059-4541-ba37-31113a18ad48	566	630	48	34	intane
ee5b6ff2-fa05-47c5-bb35-31a95b8added	616	633	37	33	bipe
490907ed-684a-4f36-936e-5f45ec0fd111	370	670	82	17	Dissension
4d30ee49-1d7a-4226-9136-e0fd5521d954	370	670	82	17	,
d345a782-0144-499a-ae25-93b8b8640f98	382	682	83	18	Amalickiah
d4ab64a1-4b35-4a21-8400-564ad7e1fe8c	382	682	83	18	,
df197707-fa49-48b8-85e7-8ad299a0d846	467	682	41	18	309
08af4c40-ffdf-4898-814c-b4f172966d90	468	682	40	18	-
5806b107-a4c6-42f5-ae05-c9374a232bc4	468	682	40	18	6
d3f6ddb3-ab68-4cb1-a7b5-a7ba4f9a197e	468	682	40	18	.
1919220b-e110-4c3d-99c9-3c61c76fb23f	372	696	52	26	lowed
ebb17f4a-8297-4970-99dc-4a0fac7f3023	427	696	16	26	by
431d2d29-6b69-41e1-ae89-138bf47ba4d5	447	696	84	26	wickedness
803ecacd-845b-46e9-8c08-729e2ec4c14c	447	696	84	26	,
a138b04c-9ca9-4f24-b698-85cc859e06b7	534	696	42	26	315
830bb3d3-2d6d-42f7-b865-4ce209feb995	534	696	42	26	-
314d4011-3d7a-4dca-ad99-894a225cde72	534	696	42	26	3
3ae762af-65ba-41ec-a707-b3c1f210ef11	534	696	42	26	,
13c58528-1eaf-4883-9a64-eaee38aa3752	580	696	42	26	84
abdafa4e-f657-480f-8022-570ba6b60bca	580	696	42	26	-
cc502045-4e3a-4ccf-8c21-729aca0bf271	580	696	42	26	57
42e43bef-c3ce-4f35-83e9-406c57000f7a	625	696	23	26	tol
b8381396-3ccb-4eb5-9af5-2cfdd2182b13	625	696	23	26	-
5c7bab51-132c-4e1b-9074-df3939696c0b	382	706	42	16	lowed
c9cb9c87-cf55-42e9-90d7-ba08edfc9a09	426	706	20	16	by
beb96ff0-2531-41b4-88aa-b933b0ad179d	370	718	74	18	Dissenter
f07dbbe1-ad4c-400e-b8d3-73f80892896f	370	718	74	18	,
314d3ef7-4298-4307-a240-73a71e46efb7	447	718	81	18	Coriantumr
2ef32b56-264e-4ca0-be48-5a4c72ccba56	530	718	16	18	a
d3740095-532e-47fe-95d3-15db4e19741a	530	718	16	18	,
4fbf75d2-3ea8-4f48-a709-96b66f04758f	548	718	54	18	360
ce2b409b-cace-42ce-ac5b-994a9fb8a684	548	718	54	18	-
fdbda63c-4ec4-4144-b03b-6d82f580b333	548	718	54	18	15
cf4dbee3-042d-4f19-9a88-8a4c342a998c	548	718	54	18	.
ea9bbdfb-52dd-448e-b371-d443def33838	372	732	81	17	Dissenters
d97e755d-da6e-4925-baaf-fdc48382c0ac	372	732	81	16	,
3c59b65b-37a5-4ced-8b7b-b51e0c4e45b6	454	734	52	16	names
3b41cf4c-7c4e-4590-b290-37db34bc0d7f	382	748	28	12	not
69592055-c66c-484e-88d7-446527b7d7a1	502	734	58	14	blotted
2a71734f-3b9c-401e-991d-253c3b53327e	561	734	33	14	out
9f17a81c-aea8-40bc-9909-e79fd3fd6959	561	734	33	14	,
3cdc3840-6df5-4f3d-bd40-0ec20921e10f	596	732	54	16	197
37393c16-7d0d-4463-8ec4-5f51a58928aa	596	732	54	16	-
0968bb76-0201-4fec-954c-3c434591a85f	596	732	54	16	24
147aa9de-0900-45b5-8742-04c9817447f9	596	732	54	16	;
2e1469a6-0134-434d-8aeb-8c851a4c5ea5	414	746	70	12	converted
899d1650-d9e6-495f-a9a3-d200cb13ea46	414	746	70	12	,
b368fcb2-b0ec-4389-b4d5-2963f127d77d	622	744	28	16	La
0b833731-6d0d-4163-9d52-c40f44df4dec	622	744	28	16	-
29380cff-a2cc-4171-8fff-41ab29d78ad3	384	757	60	15	manites
2e325e7e-127a-4636-bad6-1d42ced0f844	384	757	60	15	,
b21b2013-257b-415d-9716-c8475f06447e	384	770	60	16	manites
3842899b-bac7-45f5-9887-50e17dca0a03	384	770	60	16	,
61b88534-aca8-4605-82d1-a0197bf88150	444	754	48	32	259
8731bede-68fc-4be3-ba21-ae60f1331c52	444	754	48	32	:
f9999e46-3e10-4024-b998-15d2e26f48c7	444	754	48	32	3
e184be28-b14f-4d13-95a1-540bc5a2c12b	444	754	48	32	;
70f8210e-b973-4432-9e4a-f470d9e44335	496	754	30	32	Le
008eb962-0838-4e0e-ac4b-2d877da04f4e	492	746	55	26	aunted
39f7a4eb-1dd8-47c4-b728-d74a54203794	550	746	72	26	dowerute
51c61257-12e9-4ec8-b821-a9283c479588	494	758	54	14	hunted
587e652e-53a5-4f6d-b549-337774ebd79e	596	758	52	26	1274.8
0043e3c2-4ad8-43c0-bc28-5f34d6f0b0fd	596	758	52	26	:
eb1c303d-45e6-4665-a360-fa5df98dd0ee	618	758	32	12	La
1d18ce69-891a-4e26-96b2-c29ab5b5c0ce	618	758	32	12	-
38de48b0-a8bb-4a04-8535-1fcd231bda55	524	770	78	17	Zoramites
e6136ddf-12db-4f0b-9604-821177e00c7f	524	770	78	17	,
2231c372-db01-46e1-92cd-5ec4717ea16c	382	784	10	26	I
98fb95aa-87a5-4c83-8916-fc21082a5fac	395	784	58	26	menne
3011de32-1b8b-4944-8b95-d0ee31f4940d	457	784	19	26	to
3f92ad09-975a-4702-b9c4-5337635d34e2	479	784	65	26	Nephites
896d8562-7ea9-48ea-88dd-4bf85b3ba009	492	782	52	16	301
5c66341c-7f26-4202-8456-cba3c4f9ad88	492	782	52	16	-
e14a35b4-a488-46ab-a108-f812ac3b0262	492	782	52	16	13
fc8ee6af-3ebc-4465-8481-f92006edd02e	492	782	52	16	.
bc9a22f3-fd8d-4d4a-b3ba-63343b6903bb	546	782	48	16	315
d34e6cef-ea58-444c-9b3a-38873afe28ad	546	782	48	16	-
b89a7c9b-0869-41c8-b90d-d724d4a333a8	546	782	48	16	35
0bc90228-e353-4299-8d7e-750d5c555eeb	546	782	48	16	,
ff9ccbc9-ed1b-4f4f-a638-5d2af3e27c1f	382	796	16	14	a
3a4e82ba-959f-4004-9b59-8502c3491a38	399	796	56	14	menace
b59814c5-fb14-45b1-bd0a-d20f89910de1	457	796	25	14	to
71b803d3-a8a0-4969-accf-ea7146341c65	598	782	52	14	386
1b10d194-8309-4b7a-ac79-510d5b67a19d	598	782	52	14	-
820b4ec1-deae-4983-855c-0fbf718bc433	598	782	52	14	24
39f2c5a0-3659-491d-a0f3-75d8cb672733	598	782	52	14	:
5962ba8c-72db-4f06-b372-861f14427fbc	556	794	54	14	318
fe32aa95-88e9-470a-a41e-c60db49a5e34	556	794	54	14	-
a1d2c2b0-9a0f-4ae1-b4f5-1b42d80d929a	556	794	54	14	24
b6474867-ad96-41b2-903b-2e7fdc3e9184	556	794	54	14	:
b9062c8a-2388-496f-ba21-0621a80018fa	610	796	40	13	king
405fb617-acc9-4e54-a2b6-58498345f6d1	610	796	40	13	-
c79c3101-ca31-4b3f-bbbc-c3566f4e6359	578	805	42	17	354
81ac1c8b-a3ad-417e-bb0f-ab6bce898d64	578	805	42	17	-
bf45d56e-d45f-405c-9507-ea78df6833c0	578	805	42	17	6
064f7194-fc09-491d-bd4d-0d5d323e22c6	578	805	42	17	;
73e8bcdd-a36c-46a7-97ce-cd1f08d7560e	622	806	28	17	one
5abd6038-682d-480e-8f6c-9830c5b65432	382	818	70	15	converted
0f822a15-b1f9-4a25-879e-ac0977d4e66d	382	818	70	15	,
ef971c9e-a520-4259-9cbf-53b09e175586	384	808	71	26	neverted
92eb7046-e5d7-46ab-bdc5-f044c97f26dd	384	808	71	26	,
bd9e6b1c-d9b4-48f9-a3ba-e927511f6f10	459	808	6	26	3
8c80e580-b530-4693-a98a-ea520365b994	468	808	39	26	79
07d94606-fe27-4136-a637-46479befc31d	468	808	39	26	-
f47fc66c-484d-4f4b-932e-8c0123fbed71	468	808	39	26	35
c42fea3a-afd9-45d6-97a2-9da7df294e7e	468	808	39	26	,
ddf5e925-2bb1-4da3-9e8d-a74aa42ca91d	511	808	42	26	Jacoo
2e791fe8-83d7-4b9d-b5cb-38a85054c04d	556	808	23	26	ad
49083dbc-ad89-4525-880e-1822db953498	582	808	66	26	conspira
2fba60be-60db-4071-af8c-5459c094a0b2	582	808	66	26	.
aa44f9b6-8a76-41fa-add6-3aafa6c77b83	380	826	36	22	tors
664a0e20-8f77-40a8-acd5-c1df90474d83	380	826	36	22	.
8d918988-6f27-4519-a1a3-ac507945522d	418	826	50	22	413
a6407296-d17a-4a8e-bfbf-6d8eeb58375b	418	826	49	22	-
e5868a45-321b-4245-8e6d-d86b17ebce35	418	826	50	22	12
85d65a6a-8474-4147-bd70-dec7cbb38f0d	418	826	49	22	.
168b9491-916a-4cd8-b221-7c35dfb22234	374	846	60	12	Division
968e6aed-7834-4379-bc65-ddf145d6f6f0	374	846	60	12	,
fedd51ac-26cd-43b8-b247-4d64cf52101b	436	846	51	12	among
9c0675fa-f629-4600-852a-df2d873e22c2	488	846	47	12	people
44b40b6e-1126-4efe-98e6-854217ab4cad	536	846	78	12	prophesied
fc008811-367b-4962-bc05-670115d0f633	536	846	78	12	,
7c3e38d3-9625-4ef1-ba98-9eaccf1a3f20	616	844	32	12	103
eefa4a60-b90c-4070-a1ae-ee1f223cbc6c	616	844	32	12	-
565406ec-8d38-4869-a1c5-d7dcdcae1657	384	856	23	14	10
62a50f0a-bb09-4f21-9147-e8ce38a193e8	384	856	23	14	;
95748b4b-73d1-42ef-9379-c0b0689a8432	408	856	51	14	among
232be205-ab71-4985-b4b9-f257b99e97b8	461	856	37	14	king
dae09723-5a69-4481-b6e1-d6070f61ce5f	499	856	51	14	Noah's
f4c8a7a3-d451-4886-bd35-b185e2b51e5e	552	856	54	14	people
fb0cb5c6-e74d-4dc8-97ab-51f42f78ec19	552	856	54	14	,
f0a2db6a-ac4f-4598-b50c-b12ecb27e976	382	868	58	14	between
f3e2321b-9ccb-4e58-9c2a-7f389c7169a8	441	868	61	14	freemen
45df9a57-2f2c-42da-b83b-16f5632e5e35	604	870	44	14	324
e502cf29-b790-4288-80c2-c094eb328769	604	870	44	14	-;
