ID	X	Y	Width	Height	Text
a4e242af-afeb-4bd6-bb06-2a46f1fee7e2	62	48	34	19	548
e0d8b504-18a4-4608-ab28-b78f435e3589	314	48	64	18	INDEX
efffa945-728c-4a60-98f2-c72862446ccf	66	76	46	14	Ether
ba095bf5-0ba0-49e6-a613-023398217f4d	66	76	46	14	,
49561a6a-2a30-4cac-bfb4-f3001bfd84a3	78	90	74	14	prophecies
185b6883-5d8f-4a8e-8cfa-ad7b4f8a299e	116	76	26	30	con
0e795bfd-eefc-45b6-826a-148f7eb3213e	146	76	37	30	of
b7944730-2a2a-4fab-847e-1f912c393e79	187	76	52	30	500
7a343019-5033-4f38-8312-f0fcd92b54ec	187	76	52	30	,
6933fa9a-4c58-492e-9a2b-f559c87def60	243	76	45	30	word
2f4cb3c0-7a66-4979-90a9-1bac86323a4f	292	76	56	30	500
025b6e52-a3aa-482b-9f9b-e42dab1ac690	292	76	56	30	-
9d997906-5ede-45dd-979e-4e00267fe4dd	292	76	56	30	23
7a93780b-2170-472f-b503-73ea42f190cd	292	76	56	30	:
4111fa7a-09c0-4945-aac3-1474fdfa96b7	352	76	64	30	Fat
1c0d28a3-4d9a-4e65-88e5-3430abab79fc	420	76	78	30	anarce
b473ac7d-9290-4d12-af7f-438058b546c1	514	78	64	16	enjoined
dec0a1bf-63a6-485a-8826-aa9c70246710	514	78	64	16	,
093f98c4-fe86-409b-8807-9d312cd375da	584	78	52	16	131
a34ab7a8-c64d-4444-8b03-e739c3426375	584	78	52	16	-
13450ec2-42b7-4314-a62c-7b12814894e2	584	78	52	16	26
568d8ffb-0e8e-401a-ac09-84bf0bd66969	584	78	52	16	.
f0a9cd00-87ce-41a4-aa41-35bed869d743	496	90	61	14	brought
4710f776-be2d-4a2f-ac9c-368ded67158c	559	90	77	14	revelation
81fd8e6c-3abe-432c-ad80-bb6de133a134	559	90	77	14	,
3b652497-8c68-465f-9fed-dc0167ec81a0	76	102	50	12	jected
a77637fc-25d0-4ac9-9572-0f5fb94aa326	76	102	50	12	,
f37656bb-74c6-46b8-bca1-60b4df797b9f	126	102	46	12	503
ba361f53-1de1-4107-a274-df3314e15aa9	126	102	46	12	-
96d240c0-4d65-4143-87ad-a5e5a9367c7f	126	102	46	12	2
4326fded-1d70-4528-b101-0b68beb07977	126	102	46	12	;
fbd6c9f6-f5ca-4ad7-b689-dbb81279e74b	174	102	32	12	sees
fd9a50ab-6138-4bde-beb9-0ba8e973cb65	207	102	34	12	days
941e5880-32ff-4727-a765-9a2cd14551d7	243	102	18	12	of
ea522802-71a1-466a-83cf-2e4f10f96641	263	102	50	12	Christ
de60198a-b775-439c-b17d-d27b669b1b34	263	102	50	12	,
08d7218b-0e89-4e1c-84e7-1995902dc9a7	314	102	28	12	503
bf61cdb7-275b-491e-8e27-74428da2d8f7	314	102	28	12	-
a1bc7622-ad6f-4ce4-81ed-fcab3622494d	76	114	56	28	565
765ef3e2-86c5-48ee-a93c-83fbc069fc35	76	114	56	28	-
f2f80918-8690-47b8-a774-9898fde947d4	76	114	56	28	223
439e912d-691f-4bee-9552-cd3862c18234	254	114	40	14	rock
b7f98bc0-7fb8-46fd-85b2-f04cc169c671	254	114	40	14	,
ea99c0b4-7ed1-448a-948e-55c919e2d433	78	138	44	12	words
885b4392-6a16-4cb6-b95b-297b414130a2	96	114	27	36	2
60423af1-515b-41f2-bb15-c91a56ba7080	128	114	63	36	order
1d8a4d8d-9a18-43e5-92f4-29384a28b69e	195	114	27	36	the
edb7455c-56dd-445f-80ea-d4f9fc7b9a99	227	114	40	36	tord
ff73930e-32f6-4a5c-b1c7-1aaef4d6f288	272	114	28	36	o
2f7b55da-9e8d-4170-99e7-40bec2ac51e9	132	126	42	14	word
d1dd767e-29a6-4377-82c1-f2adde3d7df7	290	126	54	14	507
d240ad3c-c905-4d9a-8c51-2addf0e612dc	290	126	54	14	-
8ea1132f-0cec-4b25-a8aa-eb2a811ef295	290	126	54	14	24
7a4736fb-152f-4508-9c90-d8c7252783c8	290	126	54	14	;
340cc58a-7df1-4e16-bac6-dd356602efcc	308	138	36	12	hides
f2187d39-d4be-46bc-96b3-0bf6be06e5c1	354	114	53	30	Fabs
756175a8-c436-45a2-bd49-4da0526a0cb0	410	114	46	30	Sta
49e5799f-bbbd-46a4-9cd3-b5ea8a756a36	408	142	40	12	unto
4a9e8fd0-b190-41cd-9632-b0510b3cb723	408	142	40	12	,
2b840a70-c7da-4c62-a9c2-22743b556d61	78	150	56	16	records
78591bfc-b12c-4acc-bb46-4f51843d14d2	78	150	56	16	,
a0da2bde-5150-4235-b091-cd6bdc92ac00	132	150	54	18	509
a1da7041-8cb0-4820-b472-8001f32b019c	132	150	54	18	-
b457f3aa-0168-40f1-a874-962decf81243	132	150	54	18	33
3b4bdf09-e97d-4d30-9369-98a9e9ccf297	132	150	54	18	;
3fb5cb4b-fb74-45c2-ab08-c756366f87be	188	150	27	18	last
2c1a0829-17cd-4516-893a-85dbca39a805	218	150	43	18	words
0e360cf9-1429-45e2-aa09-9bac07cf67f5	263	150	20	18	of
4a426ab2-2014-4ce0-9a63-e9c2024079d1	263	150	20	18	,
02262536-803a-4245-9d8e-92fb99e1c051	285	150	49	18	509
1b2a6b64-427b-472c-9599-38b82bb1ed7e	285	150	49	18	-
f6489abd-808d-49f4-946d-f009c8aed13b	285	150	49	18	34
156b5077-0b6e-4071-a669-d27b2934f39f	285	150	49	18	.
dc920ccd-fced-4e96-9ded-cabd8502e45b	368	144	33	24	Only
f8e5c24e-5247-4e35-8ca2-a49a02852f4d	404	144	70	25	Begotten
5d9735f9-464b-45df-8527-befc3f356438	596	140	40	16	82
6249cc33-0da7-4a68-a328-f313986c9055	596	140	40	16	-
4ebf0e43-f6a3-4dbb-b0d8-c0666027be78	596	140	40	16	6
8a0872c0-0758-454d-ae54-e8247d5fa0ef	596	140	40	16	;
df883662-89ec-4b7e-92d1-6c0b218f2f47	534	152	50	17	90
07a23222-0794-43ae-8f22-73f9bef53f68	534	152	50	17	-
34d11401-ba0a-47d0-b3ea-80cb1c8527bc	534	152	50	17	12
b95df875-c0b7-4528-a499-14c749d73780	534	152	50	17	,
4425c3ff-db68-48a4-9513-1c92df63824b	554	142	27	24	-
7f57f7cf-f5bb-4435-b625-e4fc24d47cc8	554	142	27	24	12
c1500378-f09c-4c58-95c5-35bf99b09955	554	142	27	24	,
601b8f8e-184a-440b-93aa-6ac4e60b35c1	584	142	48	24	208
53157f03-0ac8-4cd3-ad40-b0f27e86aefd	584	142	48	24	-
bf1a6dbc-9a5c-432c-9c6f-d819bdb5fe93	584	142	48	24	48
1d774490-c0b2-4564-b2dd-0240402a74c0	584	142	48	24	,
46d91518-7af7-4c83-a76c-3e80cdbb7294	130	162	40	16	Adam
28cc2c9a-0047-422b-990b-ec239a452a9d	66	172	67	30	Evidence
a4c0b7a5-8c1c-4614-a18a-57b15492d2bc	66	172	67	30	,
bcaf32dc-5c85-46c6-9bb1-48001511fc60	137	172	41	30	demin
54877eae-4dc9-4a87-a8de-c7fdb57f9512	182	172	22	30	ded
22ef0c37-fd4a-4bff-af8f-353e02a6ea00	208	172	22	30	N
02d5a471-3d00-4d20-be35-634cfad11500	208	172	22	30	,
95519cb9-d3a1-462e-9d6a-4c85aedfd9cd	235	172	45	30	Kerib
8792f6dd-8aa5-40f0-ac3b-114d2717d7fc	235	172	45	30	,
7030d3b2-47e0-435a-b5c8-2059841dd82b	283	172	7	30	o
51e8adc0-4552-45a1-a496-e90ba09403c6	295	172	49	30	21210
315df73e-6e61-4b18-b090-8e21c5b69e1d	295	172	49	30	,
14c782fc-a836-41c8-bc00-68175e971f4c	406	176	56	14	493
8cb067b1-9897-4082-a57b-ff9f965a62a3	406	176	56	14	-
0ea5ba8b-e39b-47a2-af39-a1f28dddf4ff	406	176	56	14	25
3f65f3b5-a61c-41cd-9ea2-add24548a327	406	176	56	14	;
009274ee-60cd-48a7-9fed-73a844f20bdd	482	178	80	12	contention
aef0c731-d0e8-4eac-9bfc-da9e5c2422fe	482	178	80	12	,
4d09a0ac-1624-4439-8392-3364df01c346	564	178	42	12	devil
fd3d7fed-961a-4297-9574-72fc2c0ed42e	418	190	16	12	of
4207bbd2-e774-4125-aa8d-e212223c581c	436	190	50	12	heaven
6b8f8345-62c2-4264-a5bc-15efabe3749d	487	190	27	12	and
afc252cc-3c35-4065-97fb-bb957900a81c	516	190	42	12	earth
cc3be79f-261c-4cbc-9a58-ceb3d16cd63c	516	190	42	12	,
1710f269-53b5-4e67-845c-36c6fad23319	559	190	43	12	140
b62e3b8d-e427-4941-b926-03c6c9b351bf	559	190	43	12	-
a432029d-fd08-4175-a01b-be378b932b1e	559	190	43	12	8
59ecf2dc-20f0-4c80-890b-b18c02bb5668	559	190	43	12	,
72d1028e-9cd6-4482-816d-ef9d77aba42f	604	190	30	12	393
6a4c5094-9770-4390-8234-0077843900d7	604	190	30	12	-
9ab7ebdb-2448-4d9d-a1dd-c6e3860a7de7	76	200	51	14	372
37fb921a-5eed-4da5-a0fc-497df05bb78b	76	200	51	14	-
aa4b7563-18e7-41f2-947e-1d0b2eb9199b	76	200	51	14	50
95d50349-2943-409a-9578-182f3eb3c1b8	76	200	51	14	,
43d447cf-ff49-407c-8f0b-52cecbc1ff4e	128	200	48	14	380
15ccc487-b600-43ed-99f4-da56e7a4c20f	128	200	48	14	-
bdcafbd1-b77c-4a41-baed-c7c61d319312	128	200	48	14	24
0840fad0-4b84-4185-8844-a7ffacb6b990	128	200	48	14	.
28ae0c61-a371-4c6b-9cc6-899eb299d27e	66	211	32	15	Evil
ba7b4b65-34b5-45f3-b67a-0bd52c5f5050	99	211	32	14	one
f48c13b5-83c5-460b-8fcb-fde324ede196	99	211	32	14	,
93f95f05-a70b-4feb-b318-f62c1060cb67	132	211	28	15	see
4b3e2c2d-b609-4b83-a447-2d523ccbb846	390	195	45	19	485
1eac2b17-8c0d-4e93-8f95-39a759289be8	390	195	45	18	-
16226019-b103-49f2-9356-aa60a1240e39	390	195	45	18	7
e3ccede0-c956-4d8f-ab53-43e3f205a97a	390	195	45	18	;
4bbc2a86-9cdf-4264-ab3a-af5716e75728	436	197	30	18	and
9188a0c0-9db5-4c9d-a0fc-db940b5a279f	468	198	32	18	Son
aa1f78fc-cea2-4038-a8a6-679ec8f8d68e	468	198	32	18	,
e79de2ce-033c-425f-84c2-0ea3b4c898ab	502	199	45	18	163
93c166f8-b642-4777-8151-ad8062d287a0	502	199	45	18	-
b5067e8c-3962-40b3-a257-e500c480eb17	502	199	45	18	2
9629d613-2ef3-46ed-94f0-ea1e4b1c7d7e	502	199	45	18	,
05eff746-52c0-44ff-bbdf-9a69c72a6f86	549	200	52	19	422
8b158a2e-1e87-47bf-8bee-265db5b32c6e	549	200	52	19	-
dba38153-9bf1-40c8-9052-937d9a51c6bb	549	200	52	19	27
00c766c6-46da-4f0d-aa95-3b4fa7696aba	549	200	52	19	,
ede18242-8a30-4b90-8615-492d4d360282	602	202	32	19	441
fd7750f7-ef56-491a-b381-ea02caf0b631	602	202	32	19	-
ee1d7f79-6d76-44b9-8c08-76043438b5dd	64	222	40	18	Evil
e5f6adf2-d299-4328-8a9f-7b0c807dc455	64	222	40	18	,
410713ca-11fc-4c1a-baf2-9bfac0e65cff	104	226	46	10	comes
b8d285e3-ece5-49b2-a3ba-7c49988adcfd	442	214	50	12	484
f21bcef6-358b-4ffe-837b-b6a6a7c71fa7	442	214	50	12	-
b6e60dec-9670-47b4-ab5a-d5850081aea3	442	214	50	12	14
4ff4807d-8be3-4db4-a3b7-30fd7fb30ad5	442	214	50	12	.
4a4ce6f1-71eb-4592-80bc-2f70a7f3d86f	64	248	78	16	Evil
14793838-5b53-4f38-a8d3-a923acfffe92	64	248	78	16	-
e181640f-da47-466c-b347-94434293e61f	64	248	78	16	doers
26c85416-e24a-4555-9889-62bdaaa9f07b	64	248	78	16	,
9c306b98-a63a-4f47-bfae-4486ec38b254	74	232	55	26	513
0cf6c7f2-7c00-41b3-b2f4-f31e2774a0f7	74	232	55	26	-
0c9f5864-c36f-4eae-a509-efdb2a16b647	74	232	55	26	12
b3d3af38-5deb-4e4e-b1aa-468b1fdd87a6	74	232	55	26	;
e4221364-4ec2-4c97-84e4-bd3919227228	129	238	57	26	82
fabe8f9b-5d63-45a3-93b3-c46e1419e659	129	238	57	26	-
5da8b2b5-af79-4cad-828f-c9bddfd39f7f	129	238	57	26	17
23786c63-14b3-43d9-97f3-a46c4714c7b7	129	238	57	26	,
6b89cb3c-5130-4c9c-a7dd-dbbe2e8c21a8	186	245	43	25	88
40f86ab9-2e08-4da4-8e41-fef957c455fa	186	245	43	25	-
7ff1fe61-7d16-48c2-bc20-adf4e95ec676	186	245	43	25	20
373fc746-5968-4b87-8726-8f37ae94bb53	152	222	7	30	-
bae04f97-fb72-47d2-a16c-b5ef204a7bc7	163	222	37	30	quick
8a6e5175-d0fe-4cfb-8986-a012ab71fb83	204	222	26	30	evil
0cc0d909-0284-406e-b15a-e2a285ad63ce	234	222	15	30	0
5e028a8b-0d46-4891-9738-10eb435ed4f5	234	222	15	30	,
5bfba982-633f-476e-bb14-5018e639434b	253	222	45	30	13334
8ad44fca-7e69-4562-9f48-bb728c232992	253	222	45	30	.
674ba1e0-1031-428b-97aa-8f24aa9f9cbc	288	224	56	16	208
a33a1fdb-33ad-430a-92f5-5c1f26671c48	288	224	56	16	-
3af52617-f7c1-4c1c-becb-4f3a96e90703	288	224	56	16	40
8993312c-6c86-4dbd-be05-838f315c68da	288	224	56	16	,
8c44942d-10cb-4835-b15d-040d0ca7f08a	354	226	64	30	Fables
dc3e8f12-e01c-40e0-8517-72de74b393ec	354	226	64	30	,
ff3dcb3d-d1dd-459e-98dc-2c5bcc5e223a	421	226	49	30	Bowin
d5abc50b-5fe0-438c-b112-93b9abda047b	490	226	40	18	72
cb75c429-c2c5-4614-afbd-5479f970185d	490	226	40	18	-
64b12994-ab3c-4a8a-9a3c-85d23eadf470	490	226	40	18	9
dc0196d1-9ae1-4198-a0af-c17d8b191a1d	490	226	40	18	;
4e25f41a-5e71-45e8-8c9f-bdc68a9c07fe	538	230	76	10	intquities
d1479aff-dbc6-412f-b041-734d71ffe1a6	424	230	44	24	our
608a7e24-893f-44dd-96d7-c5556413deb2	471	230	24	24	for
a98a6912-c4a1-4f3c-9146-6e18b05d155a	498	230	37	24	sons
50e02ed4-84ac-4fa2-9798-6860e60f4869	498	230	37	24	,
8747a1a5-f743-49f0-bbe3-07cd796190a5	538	230	47	24	365
9166f8de-3ac6-4b60-9148-1d269b4619de	538	230	47	24	-
3790febc-df5f-4f30-b1b4-878b6e949bd1	538	230	47	24	5
92b16f1f-778b-4feb-9f19-80223a8f7aca	589	230	45	24	BeaT
e86d8472-2c0e-4766-bdc4-1c150d1b9acb	364	250	22	18	of
b8989f02-50f5-4d82-806b-9422e021b5a1	364	250	22	18	,
a12065ee-2c8d-46ae-96ae-408c956d1ea2	66	262	63	24	-
aae5e1b1-7e3e-45ce-a85e-28fee2c93537	66	262	63	24	christ
87c50f01-d7eb-4b06-9433-d9fcc5ff1ceb	66	262	63	24	,
94f29742-14f5-40b5-ae8a-ee3041ab859e	132	262	48	24	104
23ecb7ea-60ed-43a2-a74f-2df717882908	132	262	48	24	-
716cb894-f74e-4ef9-996c-14ae05e16258	132	262	48	24	16
bbc38f44-458f-4f14-8b3e-c6c2d697cda5	132	262	48	24	.
cdeae1a2-1de9-4ca1-a9d5-af21e0ba03f3	168	262	24	12	by
9f3f4a30-44ab-48a7-a4b5-e913227dc2f4	193	262	53	12	Nephi
b373209d-76ee-47cf-a6ca-986e99229814	193	262	53	12	,
f08895b3-43cb-4232-8ce7-a276092cef2b	247	262	42	12	11
a9cc8ea4-0999-429f-a513-6e4008915ef6	247	262	42	12	-
54ca8679-c916-4699-8193-57e5f64d1932	247	262	42	12	8
09d816d4-e3c9-4ec2-95c4-a24f81dbcdda	247	262	42	12	;
69193631-122b-4af1-9d3b-0c16cc448c6c	291	262	30	12	set
1f1ca4c5-33fb-4389-8069-a1186d6252f8	322	262	20	12	by
120a6160-193d-426a-9022-5dcbe905ab6c	368	264	20	12	on
9fe56bcd-c363-48c0-aee0-0adec764274e	389	264	39	12	ficsh
3ac06dce-db3c-4125-95a3-786734be7580	80	276	46	8	christ
c34f3dc4-2588-4e6f-810d-ad4c6707f94e	80	276	46	8	,
2cc8b31a-f093-4374-a0d3-9c0fd9ffc32e	392	254	33	22	Turn
639320a4-1951-403b-a604-6df5a001184f	428	254	22	22	di
20e70955-6b53-423c-83e6-141e3340b051	428	254	22	22	,
833c75f3-8faf-455f-9f19-fd2d323a77a9	453	254	39	22	518
fd8f5ebb-cb5c-4e98-af17-0dc84f2df0e0	453	254	39	22	-
0de34b84-63d4-4e56-9895-8114b95f0814	453	254	39	22	8
4d18fb5a-d5fd-4cf7-9663-afef89207d04	453	254	39	22	.
3ef8c192-eef9-4519-ad11-f064fef811b5	452	250	50	17	448
6d3eb385-6ffe-46c5-af0a-63ef3feabce5	452	250	50	17	-
9affc709-769f-4f0e-b8e6-0e6cb1b193ba	452	250	50	17	ch
d524947a-98ce-4d07-8b30-414729f16e04	452	250	50	17	.
cb424618-57ef-4ab1-84cd-0f9a098436a7	502	252	40	16	25
06e12de4-a964-4481-a7d2-106ef043d3c0	502	252	40	16	:
f49c9080-5f71-47a8-967f-d52bdf0a2d7f	502	252	40	16	6
1b2353c5-2eb9-47e9-a2e7-53da543b0255	502	252	40	16	;
1b2bb17c-1f85-4a59-a836-ada240e1ef60	544	252	66	12	children
15515135-da84-4c10-ba97-a61000b0eff6	356	278	49	14	Faults
3acc80a2-876e-4a7d-bb50-667765bff4f5	356	278	49	14	,
01c42231-10e4-41b4-9ee1-20fe24e4837e	407	278	72	14	confession
93d706c7-6376-4e9f-bfb4-59740d6c144c	480	278	19	14	of
35f88fc2-07d6-4399-adeb-b6cfd30b1630	480	278	19	14	,
ab9c0f08-889c-4f75-8087-d42443406516	501	278	45	14	urged
d22d482c-679a-4f75-ab8f-d31cf74ef2b4	501	278	45	14	,
b49826c4-06f9-4ef9-ac06-683fd4994897	548	278	51	14	294
a6e7a41d-2158-44dc-8667-80495eeda35d	548	278	51	14	-
94f98d84-03ca-42a3-898e-c80988fa3ba7	548	278	51	14	13
7ccfb00e-fd0c-4cf6-a536-14198c0f4ee0	548	278	51	14	;
d06ad69d-9abf-4149-aba2-9e312427944f	601	278	33	14	con
0fa85687-6222-42ff-8779-04383253e280	601	278	33	14	-
3025a8f4-07c9-4b05-8d52-d39109d8c2af	66	286	48	24	Ехатр
0b3551c0-f3cf-4fc0-a1da-d7531597fdc5	66	286	48	24	,
3d509395-2c1b-4cee-883d-3cede6ffe042	117	286	57	24	238.11
e873823d-4ae8-496a-b2b2-931e48f7a488	117	286	57	24	,,
a1b73222-a8c7-407a-9b74-eb181fdacaa4	178	286	54	18	111
2d66b41f-8686-439c-8125-91ef57d678be	178	286	54	18	-
42f20f51-c305-4d15-b3d0-a218559042e9	178	286	54	18	35
7e12d9ff-5343-462d-a641-42fcf186b756	178	286	54	18	,
3ddbd4e0-fdd7-4604-8447-7a3aa80f40dd	234	286	54	18	112
c18a977d-e844-4e37-b42a-a2467aad8e5c	234	286	54	18	-
5f0b3c46-8acf-4c25-92bf-0319a6e88509	234	286	54	18	10
d80f9258-1e62-419e-9966-d09701a70f1e	234	286	54	18	,
938ee01f-caba-427d-ad54-77e16d60b588	291	286	55	18	204
173858c6-e801-4676-a49f-6ec5a9802e15	291	286	55	18	-
acb402d5-a96c-4770-92e3-432711ed351c	291	286	55	18	11
e5fc7766-057e-4b1b-992e-b023a6be0939	291	286	55	18	;
261c14df-c8b4-471d-b2fa-4a3ca5463758	168	298	42	14	293
7c8e4bb3-08f5-46a8-84ba-ae185d5d256a	168	298	42	14	-
f1740f70-29ff-4c2f-84bd-6a4a32fa4eb4	168	298	42	14	1
ef363bcf-8c36-484f-bc7e-823b51985379	168	298	42	14	.
65933cd1-fb15-407e-b2fa-0cc51cc49332	366	290	48	24	473.17
714295d1-d653-4451-8324-1ad783719810	366	290	48	24	.
edc28d5f-199b-4ed6-b672-b3d0dc1d2427	417	290	51	24	401
b751056c-ed3b-4990-bf20-88f4a81c4c55	417	290	51	24	-
f6890cf1-20fc-48e6-a2b2-f8242bfdddf8	417	290	51	24	25
120861d6-c582-48f0-a296-43984062fe0b	417	290	51	24	;
96bc2ce2-6bf6-41e0-8352-f5c903f8ba0d	471	290	18	24	in
5cdcfbb5-e164-4963-95fc-321340f1ba31	492	290	54	24	record
8f29be7d-a170-434f-9444-6866808b25b1	492	290	54	24	,
69aa5356-4b41-4288-999c-f4b6cb1a223c	549	290	24	24	are
608d0763-49c5-4994-9b4b-1bab1b6ecb1a	576	290	18	24	of
37fdc662-e42d-476e-8bef-b569dc430d42	596	292	40	14	men
6829a0a6-0521-4856-af7d-dff53a14527d	596	292	40	14	,
62ab943c-9707-44a9-b2f4-ef6e9a3e78b6	156	308	65	14	Moroni's
cbd1972e-5ee7-430d-a1da-7416454e3985	222	308	38	14	final
c56f8d16-aa47-4dff-9ebe-8bb8aba0a4c8	222	308	38	14	,
1933c45d-abb1-42a8-9391-f50efa88b95d	263	308	39	14	520
773fac07-744c-48f2-9c55-c354cd15f2db	263	308	39	14	-
cb502af7-0347-41d4-874e-88291dc3211b	263	308	39	14	2
92b3d2cc-f2f9-4772-8311-5e551e288b2c	66	310	84	28	Esperase
b1805255-99c7-4d4c-bd09-482dd26b5e9c	66	310	84	28	,
1f858f52-d062-43d4-86d7-686920a6baa6	153	310	31	28	win
3dd07d76-566a-459f-a038-d9202dec002e	188	310	38	28	Til
21cb593d-0111-4447-a643-36ef0776b98f	188	310	38	28	,
52ed815b-00c0-4f2f-9410-319b02881881	230	310	49	28	278.27
9eda7fc3-950d-407c-82b1-31bbaeeb0938	230	310	49	28	,
05e46b60-42fe-4d6f-920c-d259947183ac	283	310	41	28	231.4
53e76ea1-1f21-48d5-91ab-74bbec6a2bae	283	310	41	28	.
dd59559d-aec6-428f-8d88-15d27aff18e3	228	334	63	14	Zeezrom
1a4d5dfc-296c-4c8f-baa6-1d09cfc03425	228	334	63	14	,
27cd5076-048a-4d13-8363-8dca93c50ac1	293	334	49	14	221
e1e307f1-ac11-4d9a-95c5-fbcab17613cd	293	334	49	14	-
9386b4f8-c16f-4dce-9314-681c1b857ff2	293	334	49	14	31
25eb7437-3437-4b5b-a203-ea9dc6f14e14	293	334	49	14	,
c202e40f-7182-4ad3-9113-12cab21a4728	64	334	64	30	222.2
86ed6c50-5ddc-4a49-914c-673c91ecbffa	64	334	64	30	;
392dba63-39de-44af-bce8-423cc134ddd6	131	334	82	30	Gricked
ab96161c-40ff-46ff-86ee-d2217417de3d	218	334	105	30	roic
46f2ab5f-1b72-4459-b684-05c3c016739f	326	334	16	30	in
8a8aa639-1748-4730-8bd2-edef1634724e	78	358	76	16	working
d3e60c6a-25eb-418a-98cc-56372c6e589e	78	358	76	16	-
ad38bd25-cd02-45ca-8d26-edfe751a153a	78	358	76	16	of
e4f2ac6c-5669-4451-8dd4-10c7d8638cc8	156	358	56	16	cement
9d4e1ca1-fffc-426f-a03f-546aee1ada50	156	358	56	16	,
90a8dd0d-48cb-4336-a72a-587f28649ab1	214	358	42	16	364
d1d0bc70-dc4f-4959-a39d-b6be9d034dfd	214	358	42	16	-
c88c8bbd-083e-46cf-be8d-a4a859f1b1d0	214	358	42	16	7
f04c745e-2b07-403e-976a-7f4ee0e183b4	214	358	42	16	,
433a93de-8edc-47c6-bf32-0c552c9d39e4	66	370	78	26	Expartness
1ce40f6f-105e-4f85-9d06-6849a0141457	147	370	19	26	if
a97f2f93-abd9-4ca7-932c-756819584592	170	370	50	26	Ammo
0fc8ff93-9e34-42a6-b1e9-e0b88b2c0c39	148	370	22	16	of
d7421385-4fdd-49a7-9ccc-4cc65524d3fb	172	370	62	16	Ammon
e0bf50f8-c819-4736-a2e0-5a8806372099	172	370	62	16	,
09aaf419-d0bf-433d-b61d-3321fb66146c	236	370	42	16	240
a51b6ea5-a5f1-4d11-b009-87ff3859d40a	236	370	42	16	-
1dea0e4d-8f72-470f-926f-bfca3fb6d49e	236	370	42	16	3
5e71cc36-f490-48f5-8e57-12cdd4ad748f	236	370	42	16	.
7da7213c-d849-40cd-b210-aae542eea0a7	66	384	68	14	Exquisite
15dc93a8-908e-4fef-9b08-a332ee6ca661	66	384	68	14	,
b187c369-0ef5-4e3d-b904-283d6d148687	76	396	46	12	287
0bb9eee8-a7ac-4e38-a417-1056d60997c7	76	396	46	12	-
5f824382-74fc-4f9a-827b-8270de74f2e7	76	396	46	12	21
775d5a71-23ce-491f-a1b6-6d0dcc9dc3a8	76	396	46	12	.
8741479b-acc8-48ca-bf43-f1a1a04c7f52	230	384	30	12	and
2b7689de-ad7c-4fc1-8fc5-14fd3cb61bf9	268	384	76	15	sweetness
9db27045-fe5d-4100-a758-de2c685f969f	268	384	76	15	,
34703bb9-5321-4ac7-92fc-4129aee34799	64	406	56	30	Epiers
f5ddcb26-b207-4e3d-88f1-384d775994eb	124	406	15	30	,
c67c20a0-e3b6-487a-af99-65b73f21d0a2	143	406	55	30	130
c608935b-1777-4f75-a940-93331023b993	143	406	55	30	-
dec9089e-de09-4ba1-8fac-4767a6873fce	143	406	55	30	10r
e9392d5a-a4ff-48b8-81dd-7ac758899428	166	408	75	14	searching
b20e1942-f81c-4b01-850d-64944b799d51	166	408	75	14	,
40aa17a3-524b-4f7a-801a-75c7216580f0	243	408	45	14	70
0112839b-4ece-4d2b-aa12-939ceec9a253	243	408	45	14	-
bd44adba-940e-410d-8096-20d1d37ddfe9	243	408	45	14	44
553e5dc8-6fe3-4f98-865f-1ac5fe7a66b8	243	408	45	14	,
cbc3a3d8-ee39-4096-a2eb-b717634594a7	290	408	52	14	189
7436f594-7d07-4ccc-9e96-91e4dec432f7	290	408	52	14	-
d8208be5-05ef-497e-b3eb-6bb38a899b5f	290	408	52	14	31
7743521c-13ba-40ba-a51f-edad933c437d	290	408	52	14	;
9e994a26-28fb-411f-93ea-166c565f1882	76	446	42	12	faith
b737fd86-2cef-4791-bc3d-c2e5c888f804	76	446	42	12	,
4e6ac8c6-367d-4bf3-857e-a532c0c94c63	210	424	50	22	432
e4bdb501-a6b7-4fea-8c56-3f4e15ab8153	210	424	50	22	-
78759d02-e21c-46ed-96c3-b41e345f762e	210	424	50	22	18
2392693e-5abb-4b22-889e-6d6f37b42e98	210	424	50	22	,
2558334f-a560-4a8c-b1b5-d3a40ed5ec1d	266	422	22	12	to
7acae52a-27c1-4b78-8438-dd1186ff29f7	266	422	22	12	,
8305fafb-587f-44c6-860b-d16ed2c17acc	294	420	44	10	159
46a07797-208f-4d2c-ba83-4ce9261aea7d	294	420	44	10	-
c9286ceb-8a4c-4adf-a360-85b6e248361a	294	420	44	10	22
8bb54f8b-e6e3-43af-acef-f1f5d3187754	266	432	54	16	441
c4ff544a-b80c-4b19-8e70-88a39b11d3e1	266	432	54	16	-
27ecb061-7df5-457f-84fc-70aef21c5399	266	432	54	16	32
8d80eb87-4bb4-4fc9-8e0b-e7c2cd99ab6b	266	432	54	16	;
a2363c2d-01ac-459e-82bb-b281f8577077	290	443	54	17	501
3ea2b254-578a-4370-9e95-5e751f6b449c	290	443	54	17	-
3ac6dcc7-d316-4e3f-a8e0-8c4a09f86215	290	443	54	17	19
aa90279f-01a1-4d12-85e4-c2f62fc34129	290	443	54	17	;
1c4d1c7f-5c1f-4316-bcb6-3bc7b1503f8c	104	458	22	12	an
ed4a283b-17ce-4804-8d31-f6cd464b09d5	128	458	32	12	cye
82c02b42-3761-4a4e-8463-890906bbb73f	128	458	32	12	,
28d80d29-b9d6-407f-8820-9b5cca7948e6	282	456	19	14	of
67b84d7b-df9f-416f-92dc-1d1c28a26898	303	456	41	14	body
dde383ce-9bc1-4337-9102-19adc19e40aa	303	456	41	14	,
2091090d-012b-470c-96ca-e300f77456e1	76	470	50	12	427
60e81660-aa99-495a-8b37-7c83936dc1cb	76	470	50	12	-
6bfd06a6-0b2c-46c9-a6e6-8c14caffef80	76	470	50	12	22
8e69c0bf-d864-4321-a2ef-84ea142338a9	76	470	50	12	;
1727c0b9-6b0e-4df5-94b2-eb3e801e4e61	127	470	36	12	mote
eeb99632-7b42-4cf1-8efa-7b58e7fc74da	165	470	16	12	in
75bfcfcb-4e3a-47b7-a89a-c24b83ab877e	183	470	53	12	brother
9a3c091a-5a55-4920-b3ad-42703759f3da	237	470	12	12	B
8acb77e1-09d4-4f23-b88b-1146a2258d30	237	470	12	12	,
04bfb714-de32-4f25-82ad-aea0054eb46f	250	470	41	12	428
f03b298a-dfb6-4326-b7f8-ce631beb2f98	250	470	41	12	-
e8b59263-d4f8-4f88-a92b-c591a9fbfb83	250	470	41	12	3
cea22f21-7e60-44e5-809d-0cad4ad19577	250	470	41	12	;
c4325c79-8a51-4011-a0b0-642d512fb8bc	292	470	50	12	change
c34e7d7c-edd5-42f7-8162-e42024272ac3	76	482	22	12	in
5d9ca974-63c4-4258-a1c7-861556aadbe8	96	482	70	14	twinkling
ab6ba7c5-910d-4637-b232-89947284b9c4	76	494	18	14	of
c3d6f53a-175c-44c1-949d-656d6f678192	95	494	35	15	God
52653c45-aa4f-417b-bacc-44a3d5c8219e	95	494	35	15	,
9192d346-9496-4442-8031-f4a4b9f78904	130	494	28	12	473
c60f31de-d31e-4de9-a49c-fa3b07040be4	168	482	18	12	of
87407145-7049-4d3b-97fb-79d23bb1ef26	188	482	48	12	452
6e381faf-1e81-4f90-a007-a799fca76563	188	482	48	12	-
24ad4f11-1f9d-4cb1-8686-f5e0fd50f7c4	188	482	48	12	8
89142863-f9a8-4cde-b9eb-8b5ff849f1ed	188	482	48	12	;
f3fa02d2-a194-485c-9d99-33b5f34c5cae	237	482	45	12	single
b525b649-a0d6-4200-8a0e-0e812a0b4f66	284	482	20	12	to
f29e2e35-085c-4586-8184-6daab6f3f0b8	305	482	35	12	glory
ada04451-8c56-4850-9c6b-027fc3dd51a0	156	494	26	14	-
22195884-59b4-44d1-964e-28ee4f297266	156	494	26	14	15
54ae9eda-6a3e-420c-bf54-27b03d4b8e89	156	494	26	14	.
9bd0ba6c-0c71-4227-a1c9-eb55bfd61cc2	66	506	39	12	Eyes
80d1fb9c-5047-4198-8e81-bdfa92c05f37	66	506	39	12	,
b97415df-49bc-4aa6-bbe6-b54933a9d05d	107	506	18	12	of
f9fcb3e4-adc8-4526-aba5-f89dfb6b081e	126	506	44	12	world
c0c964c4-9ef0-49f1-9752-580e0dbfe499	126	506	44	12	,
d1c4285a-89ab-4c64-8a0b-c08603fdece0	76	506	21	28	the
8571a53e-ec9c-4d80-bcd7-935fdcd77178	100	506	45	28	blind
86d675a4-cdfb-4d25-8acc-13f74eb63112	100	506	45	28	,
b5105ae7-9a97-4151-93af-2808765bc853	149	506	42	28	91
d90e619f-5858-4655-b069-1b82750f18a6	149	506	42	28	:
22901069-38a3-408f-9295-de6b7e367f52	149	506	42	28	25
4ef8094d-95a2-475d-8256-ac769df743de	149	506	42	28	,
69781182-53f3-4efa-a864-db9a75d5fd7a	195	506	14	28	of
110cddc5-f79b-4f09-83f2-411a2578b947	212	506	38	28	blind
7a922423-1d59-4853-83df-3b04935e2b19	254	506	52	28	opeed
242bbe08-1d8f-4598-8a56-3b93e0446eb6	254	506	52	28	,
43d6afa1-febf-4955-9ae8-953d26e7c220	310	506	32	28	4490
5358a345-d49d-4fab-9642-5d25467ce73b	310	506	32	28	.
54a160bd-3107-4538-9677-13b8a755eddc	70	544	38	14	36в
ebd07893-3a34-4d83-b884-ed40aac48160	70	544	38	14	,
b3b1e329-1a64-4f64-808c-b255141ea6b4	110	544	48	14	380
efd5c4ca-289e-4eef-a230-bf9ae86c91a0	110	544	48	14	-
09e3bf11-36b5-4de6-a7a4-f411ae6aa2c7	110	544	48	14	20
b5893b48-0b5a-4a5a-8b98-cc9b13243f87	110	544	48	14	.
bf62e419-067f-416e-9dd6-80180d774288	76	556	40	12	wrom
5882724d-726b-4da6-921e-8790e2760187	76	556	40	12	,
11d480ae-6464-49fc-819d-a94c79bf8dd9	118	556	12	12	a
1c4b794c-4551-482f-8c0f-4df851e955f1	132	556	44	12	silver
3cc2dd30-fa5c-48fb-a977-5d1641ea7c6c	177	556	36	12	coin
7236e884-bfad-424e-9c9d-48752216bde3	177	556	36	12	,
39f52694-5a78-481a-87ea-4975cf4c2876	214	556	44	12	222
705c11a7-fdfe-42cd-b373-5cbbc0181f42	214	556	44	12	-
881ccf2b-a9f7-4498-b9c0-b3899b559737	214	556	44	12	6
e3479c28-7ba5-4304-b742-1f6b3a2ffbe6	214	556	44	12	,
3dd375e1-2b5d-4c9d-9b53-4f53bc21f40f	259	556	19	12	12
811edfd4-f040-4851-8c5d-e1216be7ec34	259	556	19	12	.
7e3485e5-712f-4f22-ac2c-1859e2f1ad18	62	582	62	16	Faction
b71fb652-cacd-4f95-a693-37d7fcd17ba9	62	582	62	16	,
775e8d40-67ba-41c0-a28e-22ec819d69a1	126	582	24	16	in
0f0be3fd-0286-430b-8627-fe8d002d5443	148	582	90	14	government
a2c98e3a-8e7c-434b-a91d-121577795ea0	236	582	58	12	feared
e3b04666-b066-452b-aadb-d1309f574c26	236	582	58	12	,
0f614c5d-5656-476b-9b03-0d92b2cd042f	130	606	54	18	Christ
46d55e92-b549-4b06-afd5-efe30783358c	130	606	54	18	,
e1890689-be42-4b84-bedc-dec190326e06	184	606	52	16	105
74b01496-b5cf-43ca-ac5d-b5cbefaddeff	184	606	52	16	-
1a346812-cba6-4be3-afcd-2bcbe9a2f0f1	184	606	52	16	19
89f7da30-1a57-4d19-ad75-b5df8bdd4926	184	606	52	16	,
f0bbce96-d136-4ef1-937f-52f005439ea4	120	618	54	16	234
cd7054bf-0f9a-4472-ac5a-e4d9741c34f8	120	618	54	16	-
e0d58f92-654b-4390-816b-0f1c136df145	120	618	54	16	10
1d79160e-0fc3-4016-bdda-3d33489bf485	120	618	54	16	,
ee64e4fa-6329-49ac-a7ff-c083b2a9bc72	232	618	48	16	291
4c91b5f1-9358-4152-9229-c803b1248306	232	618	48	16	-
a260061d-64c6-45fc-b3c3-93044325dd4a	232	618	48	16	33
3789d274-11ff-440c-9fc0-3e177e831f75	232	618	48	16	,
32c871ac-a8e4-472c-9503-dde5da690437	74	616	49	44	2021
b3b60108-05f1-4657-90c5-ba31d1e29b77	74	616	49	44	,
b68bb170-0cd2-4409-a0ba-327930940c79	129	616	22	44	50
f6c6ea09-0aa4-49cc-a7a8-752bd259eb9e	157	616	16	44	0
89ecec64-97bb-4983-80fb-271084f15f5c	179	616	22	44	23
2526bbdd-afb0-458b-9fa7-c470c78eacca	206	616	22	44	10
f642dd7c-f5d2-4de3-969f-a636d39b47ef	234	616	44	44	231
4ecb3797-8f71-462b-a7df-64cb65e9a431	128	642	44	18	396
379794ff-4e99-472a-8775-c5e663c74b93	128	642	44	18	-
ec2e7a6d-7455-4e12-84fb-42f9c69e8b82	128	642	44	18	7
15a06194-95cf-4623-997a-b7ec049b977d	128	642	44	18	,
ee742279-9030-4d01-8c1f-b8db5969bab3	248	630	42	28	311
cff785d9-645e-4875-8c3b-06321cca55e0	248	630	42	28	.
924fccc9-26ef-467a-9ec4-30c2cf45a964	293	630	47	28	243
f6931d49-44a5-428e-971b-d32e126b23d5	293	630	47	28	-
cbe751ea-3448-4cdf-ac3b-dff79d652f0b	293	630	47	28	36
6b3e2d8a-eacf-423d-aa49-3d4ea6e76e09	293	630	47	28	.
25d3e85c-bdc9-4be0-88de-7683ccf42318	298	644	44	15	words
9164e383-09c6-483d-aa73-57a9cfe10e91	170	656	44	10	176
b839d3d8-e41c-462e-94e0-459363289807	170	656	44	10	-
df0ff3bd-b9b4-4071-b6f5-89ff44a6bfe9	170	656	44	10	30
68ce8d1e-5f1f-4def-9cec-79813c385c45	170	656	44	10	.
f4dfa53c-9872-4eea-a64b-4cf791e2782d	222	658	58	14	206
f3f3f2b1-0fa0-4f97-ad4f-f836be5ceb58	222	658	58	14	:
48809bdc-ea1f-48e7-9807-b7a2bed18bf2	222	658	58	14	12
1a2f7478-4c2d-4c91-b5c9-a2d1e9806127	222	658	58	14	;
38030192-a57a-4b58-b1cd-137d1773b9cb	278	658	60	12	protects
ceee999f-ba6a-44b4-bed7-603618e80f38	184	668	50	15	343
518565dd-7c48-424e-adc3-3147c804f9e0	184	668	50	15	-
41647bb2-394a-47b0-8c4a-f7fe2f86b282	184	668	50	15	27
b8db039f-b845-439d-a5dd-c86763d6a355	184	668	50	15	,
753c1e66-e71f-4b04-9457-dd265060abf8	244	668	38	10	390
a7f42255-d904-4024-9b7c-5136ed2391d6	244	668	38	10	-
bf708d64-118e-4a0c-8214-8e6117f7e2ed	244	668	38	10	5
d0e0edc3-0c1d-44fa-ac90-16ac77ee163e	294	668	48	12	427
e8c34f3a-7faf-4d04-9d46-bd0e1a4a748a	294	668	48	12	-
33737a2e-e338-4edd-b066-6f8a1a2be0e5	294	668	48	12	30
45c22901-a321-439c-9852-beae31c48970	294	668	48	12	,
bcdaf778-e61f-4eac-ba8d-e2fcf6ae35d7	368	380	32	12	tsful
dbb7ab55-43cf-43bb-bb5f-2fc86f0dfd41	401	380	38	12	upon
64164770-521e-45cf-ad60-48bfb1d1facf	440	380	80	12	mountains
8b1a5b94-d00d-4229-b9a2-e71edfe3c242	440	380	80	12	,
6d3d2aab-b2ef-472d-b41d-c042b3bfa89f	521	380	49	12	164
f579d238-b793-4827-8c7c-62c220d0f25a	521	380	49	12	-
a164b604-0de9-446f-a888-29f6f83350e8	521	380	49	12	15
a86b84a3-71e6-4072-8fca-bd5abc7c93b8	521	380	49	12	.
f2da1e4a-4271-49c0-a574-b27e3b4097e8	354	392	54	18	Fevers
9dcd99de-b38e-4898-8710-6a4ac4360ed6	354	392	54	18	,
e768978d-9bf8-4315-a6ee-d053e97b1d64	410	392	50	18	among
ac274c06-67aa-4e5d-99d1-6c928d3584e7	462	392	68	18	Nephites
61cdcc48-4f5a-4252-a58e-75c249878187	462	392	68	18	,
8806fee5-bd79-4106-9fa7-61c8e95a3ea8	532	392	50	18	312
0fd7ebdc-da05-490e-a56a-b9fd6642256d	532	392	50	18	-
8cf6b871-2316-459b-a966-c386d65645cc	532	392	50	18	40
69edd9f9-06e4-4d00-ab3d-5eb4a263ad9b	532	392	50	18	.
865f67c4-6d90-41e3-961b-56d5271fd119	394	406	74	16	spacious
f97ce624-7c4b-4e51-9171-b6e63e15d924	394	406	74	16	,
8c7ed330-b3ad-428c-8e15-f358aa60399d	470	406	20	16	in
04598e60-0e7d-40af-9fc6-a7364daf88c3	494	406	46	16	Lchi's
069b240e-e505-45cc-bec1-d3793902f2dc	542	406	52	16	vision
0227a121-9495-4303-b7fc-f5ce1e94ceac	542	406	52	16	,
877e66cc-c41e-4874-b75b-247627159314	596	406	40	16	13
20e6eebd-e8b9-4b1b-88d8-cf2bea9d3d9b	596	406	40	16	-
e0e67844-e891-411b-9122-c352befffb7c	596	406	40	16	9
e624416d-be92-44bf-a8a3-86c10f2d0c18	596	406	40	16	;
620bf3a9-625b-4b77-af40-17a6e3a4459c	446	418	60	16	fruitful
4a2eee63-9063-460b-9489-6b7c976d8035	446	418	60	16	,
7331acf9-7e9e-4f43-bc37-dd6ee9147c6f	506	418	42	16	97
34a382a7-c278-447f-a3ab-47dd233b41dd	506	418	42	16	-
ddb850a9-62ec-4b6c-9f6e-5d8adb676728	506	418	42	16	28
9078fd4d-d8f5-45c9-8b07-2c94a9c82f11	365	431	42	24	230
6f4f0a0f-b605-4942-8e75-79326ad30d5d	365	431	42	24	-
5b10ed0a-254a-4a85-b8ad-8d01f580645e	365	431	42	24	5
3718b646-9afc-401c-8dd8-77940bc26d04	365	431	42	24	,
94ccf808-a85c-4085-a807-c22a7bbaecff	409	428	53	25	283
94e2853a-1e14-4488-a33a-67df6ddc894b	409	428	53	25	-
2190ab81-665f-4000-80e3-31d23856f86e	409	428	53	25	20
b3c722cd-5bca-40be-b2a0-b81d4e1667fa	409	428	53	25	;
166981bf-250b-4616-a893-83a25cbca17a	464	426	40	24	Lilies
cec40bf7-3fe6-4867-94bb-684c242cf09c	505	424	23	23	of
9faea288-ce8f-4ce6-9816-4205443199d5	505	424	23	23	,
ce692dbb-e46e-46ad-9ba8-14a697754891	530	420	81	26	421
eed1bf32-847d-4f43-a162-c61e5a4db867	530	420	81	26	-
8ca504e6-5a42-4061-bde9-e1a72736ec49	530	420	81	26	25ayer
d1a835ed-038e-4ff3-9e8a-779c00237d8c	613	419	24	23	in
16b11cbe-f032-4235-a8bb-c1c09ef7838e	613	419	24	23	,
74a71db0-c506-4ca4-a22f-cf14621b3d09	422	444	52	18	Laban
26fd60f8-3876-4800-9bdd-3017c68ee6f4	422	444	52	18	,
a44046bf-efd3-41ee-a002-2c20024ee8ce	474	444	44	18	7
ee11128a-16b8-42e4-b1ef-12dc271ff560	474	444	44	18	-
f18cc974-eb11-42a7-835b-21cb428bdcf1	474	444	44	18	31
2fb7ae10-98b3-46d8-baa1-885afad5069d	474	444	44	18	,
03a397ac-ecf0-4074-9d6c-9f121b67ab63	352	444	45	30	F43
144c90e5-be9c-4d78-91e4-2c1aa7677712	401	444	26	30	°
d55f906d-0716-4bef-b399-f29be998f695	431	444	19	30	ab
63c1ebac-6c6b-427f-9583-7a34d70e5596	453	444	60	30	company
396b52e5-1c72-42cf-8ccf-93c8ab8e0d90	517	444	34	30	7o
e7968134-4bb2-4e8f-9e1e-cfd8b0ecde74	554	444	56	30	captain
b76c4724-1b08-4e37-b47a-8a9d27989039	614	444	22	30	ol
0db4186f-6da3-46e6-a57a-1c9517cd7c0d	456	470	56	13	131
575630ab-ee5b-4323-a182-786bb6a05ea5	456	470	56	13	-
44be859f-f1c5-4ba1-8bf3-29b17b2b3c6a	456	470	56	13	28
b088b148-d9cb-47cc-9ed9-e7aa732ff780	456	470	56	13	;
ed9d4053-4388-44bc-b500-fe1199702904	518	472	56	12	persons
331dd009-a30b-4e59-801c-3500ac23fc0c	366	482	46	14	priest
58e57d21-78cc-40ee-a5d5-03af3e8461d9	366	482	46	14	,
f21be975-53fb-4acd-a7b3-0b74d8a0ba63	422	482	24	10	169
703175b5-a0a4-48fc-843b-09d30b01e8bb	422	482	24	10	.
e4d15657-c112-4680-8fae-8adaa07e27e3	364	494	40	16	siege
70b625db-e103-483d-ba33-fc5eab18ac3d	406	494	16	16	of
4364dc8d-97c5-4451-87e1-2c07567f889d	424	494	30	16	city
8b2ead8a-3b52-4d2f-ae0d-c50d5da94d68	482	482	58	12	Nephites
4985a17b-775b-4da0-8265-b13ba9dd2bae	550	482	64	12	wounded
8d70c353-40cc-48db-b60f-a6bd87067357	616	482	18	12	at
470ff898-990e-4c6d-b3de-a08425ff162d	476	492	44	16	Noah
66cde9cb-7385-4f11-afd8-4f02ec00f8ef	476	492	44	16	,
041b12e5-8dfc-47db-bd28-8eb42e2519a3	524	494	46	12	320
196d302e-5e0e-4da8-abd6-cf614d6de0e6	524	494	46	12	-
5441b236-f979-4756-ab66-2e7dc1b4e4c9	524	494	46	12	24
f02d13ca-d8e7-45c0-971c-11ca96450912	524	494	46	12	.
e1b6205a-6155-494f-ba0a-9b44c60c643b	354	508	58	26	Neph
b71765d6-0ebc-493d-8a8f-65b448ea83d0	354	508	58	26	:,
1ff73b8a-fe89-43db-b1d1-42dbe85fe803	416	508	42	26	20
a2f03f6f-4c31-4b8c-ba1b-07c8e55b9f53	416	508	42	26	-
d48dc85f-f611-4f14-b2f7-32dd92a244f0	416	508	42	26	34
6418463b-5056-4775-a122-6f88a3de55f2	416	508	42	26	,
66c62beb-fedd-4139-9bec-7d8c0369c1ef	461	508	59	26	rainst
b2edb360-7143-4f90-9f4a-c824abdcd449	470	508	60	12	aposties
9b2d3a80-2c5f-436c-945d-7e174a5548ab	470	508	60	12	,
2be9e31d-53a5-4235-a166-b488b469e57a	566	508	42	12	vision
f0216c56-d7cb-423e-ad8d-2dc5fc5396c5	616	506	20	16	of
8c13e3db-395e-4578-b90d-a283b8229b8b	366	532	44	12	vision
ca4e5081-68e4-492e-b826-8f0a95672839	438	532	48	16	Nephi
d706a9ff-adf1-4fb7-89fa-de1e1c966317	438	532	48	16	,
7b49e6c6-d748-4312-97e7-a7cb016cb194	490	532	47	14	26
db4be984-27a0-4695-8e0d-b6e7a22f83c7	490	532	47	14	-
113870be-4d55-4a49-9b24-af9a11917214	490	532	47	14	13
5eee9ce8-9a95-4583-9bfa-7d1f6a4c17ef	490	532	47	14	;
be4caf64-b0df-4c2f-a767-9d48edbaa78b	539	532	61	14	against
7163b8e1-4267-46d7-a74c-fa05d56d19fb	519	518	38	25	Lamb
a17358ed-565f-49f0-a09c-db4e2417297e	560	519	35	24	inst
3f089492-a4ca-4c03-91e4-69c076fa5afd	597	520	36	25	Zion
a68c0b68-a3ba-4641-a6a1-2c16f5e2b051	616	518	18	16	in
02e763c1-16d4-4ae7-a81c-8bf7e06ba576	364	542	46	18	brings
3431e262-c5b2-4ea8-8504-c92de45c978c	490	544	46	16	47
c2c97f8b-96e2-45aa-ad27-fe43bc271c35	490	544	46	16	-
a929487c-d41c-4b48-8791-df89c9f64662	490	544	46	16	14
307ab823-da7f-4f11-a759-379bb265b58d	490	544	46	16	,
d1341abb-22ac-46a9-a36f-e254ec4d74aa	540	544	50	16	63
a518db0f-f7b2-4024-b398-38a1dd2cca8f	540	544	50	16	-
57b94c1b-faad-457e-b2c4-1e63e87f0751	540	544	50	16	12
72d63d67-0fd3-4c38-86a8-96e5df766b48	540	544	50	16	,
0e3d0b05-6daf-4571-8bff-8d74ff0e5ce0	592	544	42	16	95
6fcee797-12e8-4d04-8e5f-65ba269c46ad	592	544	42	16	-
26256e8d-b88a-4ea3-8d8e-e8430fc98a0c	592	544	42	16	3
93bcd02e-07aa-4902-a92e-fabf7cd1dd3b	592	544	42	16	;
ba9caedb-fe87-4910-a640-c88c38c45d9c	366	556	54	12	against
ac3e665a-c981-47ce-b33c-303afac1eafb	422	556	28	12	God
aece1010-dd0b-4244-808d-ae905ad95455	422	556	28	12	,
3b41dda5-dfaf-4c46-ad94-c25cda3e65d0	352	556	39	26	Fig
019ee36e-4d47-40f3-8fb7-be00bc840b90	352	556	39	26	,
417a4884-dfba-4035-921d-ed0bfcb53d12	394	556	23	26	not
dc50b148-03c0-4abe-8259-4f7d15ef68f7	420	556	62	26	gathered
c3577379-6086-4ec4-a192-71c0f45a798a	485	556	32	26	from
791eb102-55e8-44d1-81ad-49afaa8a52f8	521	556	62	26	thistles
d6ceb684-f1d3-493f-8c8e-704a04541737	521	556	62	26	,
474b646c-3ade-4dc3-b8fc-7cbd65768b6d	586	556	46	26	428
0005248b-e47c-49f9-9ed1-28c2b005c260	586	556	46	26	-
5c1eda29-fd65-4b0b-b834-1cd56f4dc4e6	586	556	46	26	16
480db642-8061-4c03-9264-0722832db92a	586	556	46	26	.
616eb257-f91e-4121-8f28-0a06dd9ff10a	354	580	74	18	Filthinees
e62ddcd4-0ba7-4c0a-9dd5-25110ec807cc	354	580	74	18	,
1b672cc3-0506-456c-a1b4-0d752bd2298d	431	580	18	18	in
3081901b-476b-4818-9fd4-4c39b7a6c874	451	580	47	18	vision
fab1c619-e2de-4d93-99c8-d00e43a80c0e	500	580	16	18	of
3293d3d0-3dea-46f9-a97b-46edae91b468	518	580	47	18	Nephi
d08c4b41-7761-4639-9ff3-b82a215811cb	518	580	47	18	,
39e57555-2ae3-467b-be4a-ed2adae8fcc7	568	580	47	18	30
cf5fbd2c-ee9e-41b7-84c3-9ec4978d1ee6	568	580	47	18	-
71d027a6-4543-4b8b-8282-4a79cec48f77	568	580	47	18	27
c83d0887-9759-4a87-922a-a2c762fb9345	568	580	47	18	;
0e643072-32b8-4153-b68e-305cbe76bd23	617	580	19	18	of
5fb07b19-e120-4b97-a68f-708769256e51	366	594	79	14	Lamanites
699b547c-0580-4923-8f50-7db920915299	366	594	79	14	,
991a1bcb-3b96-40a2-996a-779ab778a63b	448	594	46	14	112
e2edb61c-99e4-4ce2-9bf7-9800cb626730	448	594	46	14	-
4230de5a-7cc6-44c6-84b4-dade0535c60f	448	594	46	14	5
5699ff16-d50b-4ecd-954c-bd2eeaa02b16	448	594	46	14	:
2b00d367-a319-4f80-aed2-48abfc00a5b0	366	596	45	26	276
fa1992c0-e089-4fb7-9438-b0db5e4a842c	366	596	45	26	-
25667078-9346-4b33-a15c-68a4fab705bf	366	596	45	26	3
c1bd9c09-efaf-4ff5-aee7-0c926659f0fb	366	596	45	26	,
570efb38-f091-4af4-8366-73c766e0d00c	415	596	49	26	moral
b9a301c3-a704-4ba2-99ae-f071be6deb0b	415	596	49	26	,
24765988-aad9-4483-92d3-8554775c8218	467	596	55	26	130.90
b5cb7705-86a9-4c9c-892d-07490789f626	467	596	55	26	.
2fcfbf45-fadd-4f72-8209-8e90f34870de	525	596	11	26	2
59194185-91fa-4655-b3d1-5d1789465e2a	540	596	64	12	esteemed
4bb2618b-02e9-4085-a38d-2a98d398535c	524	595	56	29	20622
4a0b7f63-7dae-4a44-8c9c-a5633b938be8	524	595	56	29	,
7f49deba-8534-4d33-aa48-676c00dd09a6	583	596	53	29	213
8fe5e6ad-0ced-4a6b-b239-3759f0e4288b	583	596	53	29	-
398bdc82-e17b-4ad7-8e42-1f0843960c1f	583	596	53	29	27
cd3e73a8-1a49-4360-8219-fdfe1f533aab	583	596	53	29	:
139c35c4-cf06-4d2c-9d0c-0235c9f91921	364	618	40	14	475
b4f5581d-a2a6-4ca7-adc1-be76ba6b8a54	364	618	40	14	-
0f629b75-48aa-442c-9d16-6c781bd30ab1	364	618	40	14	4
7bad26d9-a692-4942-a72e-b1c03aacb160	364	618	40	14	.
34628a26-cde5-44f0-85c6-4822d0ffad20	352	632	33	24	of
10306550-fa1f-4b0f-b1b5-24ce4f565205	388	632	30	24	The
1d674848-615c-4fd2-9402-5cd58ff1b665	421	632	39	24	Lord
77ffede2-b311-4f93-a002-3e362aff131d	463	632	42	24	wrote
95829813-30a1-4366-89d2-f3a7f621cabc	508	632	39	24	upon
ec97f044-c685-4767-af01-e84bf0ea5f4a	550	632	36	24	red
a4a84a81-2700-4240-a76d-45f012bc4b0b	550	632	36	24	,
d3ef6fe3-119c-478c-84dd-06ac9ba19003	589	632	45	24	183
a28b925c-d088-419b-8a4b-971876a224f9	589	632	45	24	-
1e5ea0a3-98c7-4981-bc0f-d5d316003d9a	589	632	45	24	3
c1c97b30-5452-48e1-ab9e-ecdc29a6a9a3	589	632	45	24	:
f70dfdf7-33ae-42ce-a8c4-02d70ef6b134	422	642	38	16	Lord
7b742cbf-a30d-426a-81c7-d59852d22563	366	646	42	26	Christ
8b3d3a18-5222-4874-a691-143844487b46	411	646	52	26	touches
b70edb92-7687-41c1-9b62-f85131ccd7aa	467	646	62	26	discipies
aa61083d-9ed2-437e-a13f-290e045c384e	532	646	38	26	with
eb53d0c3-db14-4968-b103-f7224e0c15f9	532	646	38	26	.
72e0610f-4fdc-451a-953e-fb7f7a05c201	532	644	48	14	Jared
8e058233-647f-4d61-9a08-ca2d1a6331dd	532	644	48	14	,
eeadc7e6-6318-4dfd-ab61-37b0a724210b	568	656	54	14	453
3634136d-7689-4a76-ab48-65e63733cff3	568	656	54	14	-
8f35da24-ea8c-42db-8b59-710e077c6f7c	568	656	54	14	12
4d90bc64-dbcb-4c22-8119-7631dd3c8c85	568	656	54	14	.
a8622c81-8e39-423a-9ed8-6b60b7268ffa	568	668	38	16	2
41a9aee5-5490-4df9-bd2b-edb60fae4756	568	668	38	16	-
83285338-69d5-4639-b812-b8a7c118512f	568	668	38	16	6
ee5130cd-ff22-4489-a0ef-2a23036e06f8	568	668	38	16	:
f3b947e3-2bf5-4724-a93f-d82b0b4ab15a	78	682	38	8	516
ee2f1c78-1cb8-4379-8d39-f3a060e850c4	78	682	38	8	-
3d7268a5-e344-4ad4-9e2d-7dac74146e7f	78	682	38	8	3
d127e82f-962c-4c43-b153-0522c63f7ce5	78	682	38	8	:
1e8b0e83-e436-4de4-a9c4-e7752019f613	140	682	46	12	power
bdf2d982-a9cf-40d0-842d-88864d9f3c7e	98	688	52	18	234
d33a251f-ac1b-4284-a188-03c772e7e625	98	688	52	18	-
59ca0791-661b-484e-b8ae-921c0b1fd9b7	98	688	52	18	10
ac69cd84-73da-44af-902f-db5ac596b846	98	688	52	18	;
035cba1c-d806-44c9-bc52-597419c2c8eb	72	693	102	27	353
b8001357-e0c7-4846-996b-92e88a82e17e	72	693	102	27	-
1b643fbf-25d2-4102-b51b-de26f844a881	72	693	102	27	17,414.18
2ff99c66-a7ee-403c-982e-0398909eaff1	72	693	102	27	.
e9448cdb-8d60-40c5-9688-e4eeae21f044	202	682	42	26	prays
3701da93-4bdf-48b0-8fe7-eea4df1745ae	247	682	43	26	doing
7142a8bc-c087-4123-976e-2bbdf052cf93	247	682	43	26	.
f7c3cb16-f4f4-4d64-a694-08fddf6f4d0c	256	680	52	12	187
7e4bb2d2-fd09-4820-a677-df30bfb1fa52	256	680	52	12	-
6198eea9-ec88-4f2f-8afb-5cc1d6ed1aeb	256	680	52	12	14
71f16d01-fe17-4317-8cfe-627a8d816ed7	256	680	52	12	,
6dd7e7f0-5be2-4a9c-98a7-9ec0c72056dd	304	680	38	16	200
2e141b4f-33e7-4c80-8577-ad24077f04a5	304	680	38	16	-
0094451f-b7a6-4944-989f-8c6a698d33c8	292	692	52	18	343
80aa702d-b6b6-46a8-8d2c-555eb69faa33	292	692	52	18	-
f05290d8-0149-44b5-946a-513db35ed648	292	692	52	18	27
50bf558e-8f6e-4552-988c-3222df93e0ae	292	692	52	18	,
6a98a7bb-7d79-4416-b645-d5c53d62d888	172	694	45	26	520
6235ccfd-bd98-4458-b425-defcb94d3785	172	694	45	26	-
cd9d5d16-9dce-4095-8e4d-e701ad61bc94	172	694	45	26	7
31e25551-8918-4606-826c-eca26637f023	172	694	45	26	:
d61b96de-247a-4a7c-a8d7-9a14653d860e	221	694	23	26	not
b3ae4242-d861-440d-a786-e9922d971fba	247	694	45	26	pertect
fefcc94f-4aa6-474a-9eb5-d780c23ff470	295	694	45	26	know
ea6ad3c3-9d36-4054-8feb-edfdf7c479c7	295	694	45	26	:
9d3d6f39-afd2-42b1-b3c9-a140f011a90c	524	692	54	16	122
fad04f2e-78a7-4bce-9988-f8b579cab53f	524	692	54	16	-
2aa3c622-1dc2-4815-b813-efd484e1bcb8	524	692	54	16	10
ed90a918-8951-48a8-9b37-187c98663da5	524	692	54	16	,
77634ff6-1616-4186-8c21-3c8eab3e28f6	74	718	39	22	5129
9b8dd7ff-23d4-437c-b3f9-b27a028993ed	74	718	39	22	,
cf212845-be3b-4551-8be5-b67e75f70bc2	115	718	52	22	218
a06a9361-295d-4742-8063-cb5e279d3e4b	115	718	52	22	-
5d91570c-65e0-44f8-90f9-3194b77bdf6f	115	718	52	22	18
990d8024-eed3-4b8d-a77f-e187a1d0103f	115	718	52	22	;
0faca832-52db-49cf-ba17-eec6ccdbea8e	170	718	36	22	hope
8b1e4f18-361a-40d5-94a2-78de2938f34c	209	718	28	22	and
3e52de7c-1c74-4838-b279-40664580d818	239	718	58	22	charity
8100f283-53ea-423c-8cca-03b43e0ce4f4	239	718	58	22	,
a2a33a22-1b42-4cec-9e9b-5c7548070377	299	717	43	22	500
a1a6db29-5bd8-4f54-a744-0c6d8e53169e	299	717	43	22	-
78f7c64e-7a1c-42ac-b114-33721bd714a7	299	717	43	22	4
4b0d0963-1f2c-461e-8fa3-bd34a3939dfb	299	717	43	22	,
0f89c00b-b7d0-4f3b-84d9-55e10b69a2f0	64	740	32	14	Fall
f493b994-a5d4-4caa-8a3c-5db1850d4aaa	118	744	42	12	man
57797275-87c6-4177-99d9-d21ab2380732	118	744	42	12	,
8599fbdc-b0f2-4cc1-a85b-e5ae8c3bb7df	158	744	34	12	way
b8e9d49c-06ec-441d-bb76-c04e7293fab9	302	742	42	14	52
fc08e108-80e1-4695-8f3f-382b55ff1a66	302	742	42	14	-
b5624b6f-5c35-4acc-8ca7-d88d3c769d97	302	742	42	14	4
fd48d87d-5797-4f8a-834f-db429cb67b29	302	742	42	14	;
edb04901-42a0-41db-8096-38d62848f115	74	754	31	14	evil
0ccf949d-6650-44c8-8fd3-ebaf15d0ec7f	107	754	77	14	tendencies
351126c6-5480-48bb-b688-bcf214313f1a	186	754	62	12	followed
0211e873-26e0-498f-a79c-7cc754b82362	186	754	62	12	,
0956569b-12a7-4a04-bc8e-59e023ac9ab6	194	743	58	26	Prower
bff23c0f-e5fc-48cd-81ab-24bc67d00ca2	194	743	58	26	,
d4aead60-9a0c-4617-889a-162982b90937	254	741	46	25	son
49e0b343-0c87-4782-8da8-d6188929d86e	254	741	46	25	,
495a0b69-b45a-4211-96aa-299480306a0d	302	740	41	25	52.4
37634b3b-8a9a-40b9-8182-e32343441678	302	740	41	25	:
d4f7bf8e-91fa-47c2-a3b1-d1ddf2b7d368	250	754	44	16	165
9f219632-9168-4cb2-bb96-34f1e7c3879a	250	754	44	16	-
37d8ce7d-54bf-4e27-92f9-50403598cc2d	250	754	44	16	3
71754033-6111-4387-834d-3995b59adcbd	250	754	44	16	,
5195e908-42ad-4c32-bb51-4a07cceeb471	220	768	54	12	252
390d74b2-b9b6-4119-96f7-0a2ce169e3a8	220	768	54	12	-
790bd2cb-20f7-42ee-9f4d-5205e1bc60cd	220	768	54	12	13
9cd3da31-3d94-4d90-90f2-1d0e4b0c9a52	220	768	54	12	;
d208f75b-4d5b-4bb3-831b-7bb8ba74f161	276	768	22	12	by
992ee140-d5a5-44af-b3e7-7e907ae11fa8	300	768	40	12	Alma
a1d997af-2ca3-4e5f-97ba-50d3d8c759e4	300	768	40	12	,
ea858498-d12b-4b13-b483-b08b0d726c0e	74	768	45	26	293
5713dee3-fa0c-40de-a5cd-75974e03a5d7	74	768	45	26	-
29540e42-26f8-4b51-b547-87f3e57fd429	74	768	45	26	21
9c43198d-1411-4ddc-971d-3bef01b5af8b	123	768	19	26	87
5f81ac24-06da-4cd3-9b4d-5efcd695519a	145	768	58	26	Saur
1155b2e4-e11a-48ae-b17b-d146a61a0c21	207	768	23	26	1e
fb5b899d-830c-4e68-989f-d748fa61c55e	233	768	75	26	Lamanite
dcc286b1-72d2-4ead-904d-bd2d67d113fc	233	768	75	26	,
a297a06e-4f38-4625-b99e-74326173520b	311	768	27	26	194
eeafca48-8967-49b8-ad53-d8a46df24c51	74	790	25	18	16
5500c822-d6ea-483a-87d7-b088bb12f4cc	74	790	25	18	;
87d575b1-cf33-42c8-bfbe-5f15641edb42	101	790	21	18	by
23ebd915-9113-40c8-b84f-6f2345f53ab6	184	789	54	17	476
a73596e1-bad4-4b7f-9ee4-612aea48de96	184	789	54	17	-
fa7a4fae-a3d5-4ddc-8d7f-cb5175631008	184	789	54	17	12
8f82c0fa-8c98-4ead-a013-3edb3038393e	184	789	54	17	.
764c8989-efed-4624-83e5-77769d24c09c	62	802	58	16	Families
01de3c51-6786-4f78-a596-ed7574ec28cb	62	826	58	18	Famine
7999484a-c8d4-4119-b5d5-77912c920ad5	62	826	58	18	.
6451f1cd-c95e-45c2-8cd6-13b9e45e47d5	120	828	75	26	predicts
acae0e26-97d1-4cc3-a313-77941d8623e2	120	828	75	26	,
9a81d637-ecaf-45ca-8269-bdddbd8862a6	198	828	55	26	549528
27ef6f0b-67f8-4825-b30a-457252f92703	198	828	55	26	;
8f57957d-e959-466d-b824-11f2dc680d9b	256	828	19	26	15
126a33d7-660a-4834-90db-28df3091b200	279	828	39	26	ferd
82b24fc2-bdc4-45f9-a620-be6dcedcb8bd	321	828	19	26	6
b700a0ce-2f74-48db-be07-2d336cb6a65c	321	828	19	26	.
080ae87f-ee1b-458f-b768-9962616b1944	152	840	46	18	390
236b2a90-324a-466f-8822-37ffab368ac4	152	840	46	18	-
2a75fead-fb25-4855-88fc-9e489e4a2f3c	152	840	46	18	2
3ea84fa7-2f85-4e36-905f-b4b5e6b63994	152	840	46	18	,
346ec038-8aa4-4915-ae8d-3ed7b71bea7e	198	840	56	16	495
efe97c7b-da48-4929-a4b4-35a3cfd19eb8	198	840	56	16	-
08b0e06d-d5ae-402f-ab51-40a007f3686c	198	840	56	16	28
c3379b08-103e-4b5a-9f8b-9de28fc6ad27	198	840	56	16	;
bf079600-dd37-4afd-ad6c-a3bb9a732503	78	852	47	12	people
a75b1150-ba79-4ef3-8ee8-4be2b272eb56	126	852	20	12	of
477ec39f-8ecb-4500-9fb1-43e065f9a6b6	147	852	43	12	Zeniff
8ce6d74a-7333-47a3-93a8-3be22519e43d	194	852	52	16	152
63d586e0-48f5-4460-b887-bcad47fdcc20	194	852	52	16	-
afcf54d4-263b-48b2-b74e-08a5277432d1	194	852	52	16	3
ac3bc0b0-7db8-4c88-b8b1-aa8578195e79	194	852	52	16	;
4192b391-6f82-48dd-b05e-c4e63d6beb8b	74	866	54	14	356
97066456-9a25-4528-ab03-60058d95b41c	74	866	54	14	-
36de2271-655b-4b82-822c-d0d29fd69305	74	866	54	14	35
fb72c4d4-cb71-47a7-8551-2b29c60c3868	74	866	54	14	,
9e2dbca3-94fe-4f79-888e-527e9d322bf3	274	852	68	14	Nephites
9980df4e-6337-4bc6-afd1-635e4aa832ab	274	852	68	14	,
cc5dc75b-9355-42a8-9d19-694a62e5d1f7	294	864	50	16	495
e8f461f7-99db-4ade-974b-2954d30d149e	294	864	50	16	-
bd7b530c-f464-4667-a9d2-4a01c64f8cc2	294	864	50	16	30
783e6d3d-6c25-49f5-a9f0-71fd69e228a5	294	864	50	16	,
7a050086-c55e-47f4-a49e-7e71f3193ae3	74	860	23	46	22
3b2c3d89-1e9b-41f0-b8e1-95044d1ca7b1	74	860	23	46	,
487fdb76-3737-4282-9d39-b19c09285d5f	103	860	63	46	it
46aed1cd-4ae9-4f75-8ecf-d9f8e11dc3ee	172	860	40	46	od
ea2e91ac-0068-4a0e-b5b3-e422b64d8763	218	860	40	46	la
30c8f430-4fd0-4938-8c43-83049dfb6618	218	860	40	46	,
b310e3b8-9ec9-47ab-8057-63851150b69a	264	860	17	46	88
c412ff5e-3c50-447c-9f2f-8209807c8a89	287	860	23	46	2
379c94dc-a593-4288-a5a6-eaa7ff515430	287	860	23	46	,
0c920e5f-14fc-488b-a6fc-4cd3f6e71b97	316	860	28	46	200
355cbe31-d890-4ec1-9601-1e9cd3deb145	316	860	28	46	:
974866ca-8fe2-4662-810a-3944efa5c0b3	364	730	54	14	167
d7f147f1-6d99-4794-867b-b0d987639776	364	730	54	14	-
e275a6da-d6d9-4b20-9dc0-154f5be8d08d	364	730	54	14	13
223db8b8-9c2d-493c-90c9-e8f8b3dcd9bf	364	730	54	14	;
ecf06768-ce92-40f5-91b8-177f99d1ff1e	364	742	54	16	171
40a32a60-c9a8-43a5-9fed-f95379a3feab	364	742	54	16	-
b17ecb1c-65a2-47cf-a262-92ea301db2c5	364	742	54	16	20
cf181642-082a-4b5f-9ee0-aa9cc68ed344	364	742	54	16	;
ac77caa0-40cf-4d58-b1a3-e4fe2a305d70	390	754	50	16	danger
79f8cfd4-39ad-4412-863b-10abe5fcdeb3	588	738	38	16	259
6746f6e6-7fa1-4f70-b219-8b5971567377	588	738	38	16	-
4206dd25-529d-43be-bd48-d2156bcfdcb0	588	738	38	16	5
c1cc4ef0-db5b-4e67-9ad4-6742f808d97b	408	766	36	16	and
ba8c1e5d-5036-4823-9ef0-5b25e09c721c	446	766	36	16	Lehi
cb817601-3f7c-4ea4-b188-3b4a8889e114	520	752	50	14	425
2541b446-fd5e-417e-a06e-12e8c15b0434	520	752	50	14	-
f7c61b39-169e-456d-8247-fc45ed5c25eb	520	752	50	14	22
0361fb53-bb35-452e-8c39-f0ab66353883	520	752	50	14	;
ef017281-cb04-4400-9d63-ff816a0179e9	556	742	16	26	27
2133b881-45ef-4a1a-b5f0-188e8297a04f	575	742	54	26	473
7cf70b5b-b118-48e2-a3e0-85592c9840be	575	742	55	26	-
b8315031-1172-4f15-9d43-c1e97e12e6fa	575	742	54	26	17
2394f970-05c1-4305-b512-a51a9431947b	482	766	72	16	encircled
650c83fe-aacd-4a91-b5d6-5c39835c9fbb	420	778	40	16	little
e21c68e9-429f-47d9-87d5-2691adbc4003	462	778	56	16	children
96b8f8b2-7962-4171-ab77-a8e6e1e00b91	526	764	22	30	end
fc81c81c-2c9a-4bcc-8926-ac00523b792b	552	764	42	30	iried
eedcc3d8-788c-4bea-b3ba-06329e165f62	580	766	50	16	370
1fe443bf-33e1-4a1e-85a5-5b40c25484b5	580	766	50	16	-
e38cbf50-b3af-4944-a9fe-bd143f92d533	580	766	50	16	23
7b7ef9ef-7127-4c43-9ba8-1cfa25d11204	580	766	50	16	,
8b2724a0-4477-4244-b796-81f7a7df23e4	368	792	49	12	133
c3e8e9d7-f3c5-4c07-be7a-e1ee9e3b55d4	368	792	49	12	-
3ee72cc6-5073-406d-a707-a0e6bc694b97	368	792	49	12	24
2058f48d-67e7-4c2b-9ca3-2d919200bba7	368	792	49	12	;
270e7e63-4bce-47fb-b152-da1f30ae9e79	419	792	27	12	like
ef5d97b1-cb55-4ddf-9372-479578b4d8af	448	792	11	12	a
2a587e6f-c369-4c34-8a33-22de97a5d331	460	792	47	12	refiner
3161c38a-5d22-4ce5-8438-efaf6f00df65	508	792	14	12	,
981e0671-fefd-4ed2-b73b-a350b650dc30	520	792	47	14	446
28559084-df2d-46df-8c3d-0af46767e116	520	792	47	14	-
d4871f6b-ddf8-4884-b0ca-346f62584a63	520	792	47	14	2
0ad70605-0014-44f7-b787-5fabb9a8d0cb	520	792	47	14	;
36239c4b-1add-4a80-a8f9-ce5c216f07e0	569	792	24	14	the
2f7191b6-1342-4a6a-b52b-d173c5611d01	595	792	35	14	three
78600e85-cee5-4492-aa99-579bf4c05681	366	804	52	14	Nephite
9f72fe66-ea6e-4d2b-8fb6-1986ed6d53ab	430	804	58	12	disciples
3afafae7-bfa8-4fb2-9283-d345394ddb31	536	802	38	18	into
ba680971-2a43-4412-9a25-dac16a85b2ef	536	802	38	18	,
a9afb4bf-c5e7-473a-ae9a-f8bb3fdad872	368	818	52	10	baptism
d910463c-e20b-4358-ad0d-36f9ba6495ee	420	816	24	12	of
8afad780-626c-4515-9fa1-48aadce0e164	420	816	24	12	,
959adf50-3f4e-436a-a6d1-46d929458fc8	576	804	54	12	458
908e4584-4d13-418e-b687-a0eb19157926	576	804	54	12	-
5b19211b-7780-4ba3-879d-9a32bd6982f1	576	804	54	12	32
f5295f23-4fae-4aaa-becd-8864eeaee0dd	576	804	54	12	;
10bb9dd8-47e9-4d2c-a4f1-b0ddc89f0475	448	818	30	10	sce
368624d8-5c13-4d13-a7dd-01ef229201c1	476	814	36	12	Holy
feca7d25-66e8-4781-9f96-27f51c563ee9	514	814	45	12	Chose
dcbd6ab2-97b9-4567-9e4d-111a24c62046	356	830	74	10	Firstlings
8aa6d035-e033-4614-b6ed-61962682766f	356	830	74	10	,
06d161ed-73ab-4950-96af-9ae4df5b2bcb	352	840	38	16	Fish
2792ed17-21d0-4a93-9799-80b2357581e7	352	840	38	16	,
3459244a-65e2-4205-bb33-b17eedb91dcb	430	830	52	10	offered
0684a208-79dd-4d3b-959a-c775e7c9a96b	404	842	70	15	mentioned
4f5f604d-cf99-45ec-80e7-d7077c228eef	482	829	24	24	by
b87b855e-1e43-4d24-891d-783709aeef03	509	830	66	25	Christ
4d364f44-9594-413a-a05c-4651b9f13570	509	830	66	25	,
ec0aacd0-ac38-4b9e-8dd3-a266667fb72e	578	830	32	24	428
e3561349-d57f-4b4d-8e46-86f26a3f622c	578	830	32	24	.
2ae20da1-1e5b-4689-af2a-43b9e05600ed	522	842	46	12	Christ
136d9cf7-a233-4c2a-a819-581537efa928	522	842	46	12	,
507bfb66-4b7c-4dd9-bc31-5b14fbee2cda	580	839	54	19	428
e57939ca-75bc-4c31-8913-2bdcded88343	580	839	54	19	-
4c3a3319-1e81-49ea-a6fe-3a4844486c88	580	839	54	19	10
2de7050a-9d78-493d-a6e0-a76575d07a42	580	839	54	19	;
324f225e-f96e-4ee7-ab76-badd83c1d245	364	854	54	12	carried
441a98d1-6767-41a7-a346-4618d49c3c6f	412	858	22	22	of
488a17d0-6122-4cf6-8e5e-a8370a066e46	437	858	57	22	Sheren
8ead7228-626e-45b8-a31a-2d59b7f32142	437	858	57	22	,
0da4a981-c9d0-4789-8fea-edc5f04432f5	510	854	42	14	480
b6d08c22-2764-4a39-90ee-5485cc92721c	510	854	42	14	-
c97f9c6c-94f7-47a3-83a1-b2bd1ca3ea0c	510	854	42	14	2
cdd6d50b-ff44-4e46-8e79-314ef289b869	510	854	42	14	.
ddb15306-f4d1-4060-809a-6bf4a2cd021a	353	865	50	24	Flatter
4bae39e2-caa8-474b-be39-2d2c35bab593	406	867	85	25	Amalickish
0b366fea-7f32-4fcb-8e98-1310dcf5873c	406	867	85	25	,
c6ccbe8b-8771-4c76-a166-a4749cc5ce26	492	864	44	17	123
27882d68-f592-4368-bcc0-cac3023a23ce	492	864	44	17	-
28cbf027-0a2d-4cef-b9b7-4d701d18c7b0	492	864	44	17	4
a7949187-cecd-4893-9153-594b5faf4ebc	492	864	44	17	;
68f27d0e-2258-4e0b-b272-fbcce015f663	538	864	18	16	of
0af4b481-3e73-432c-860e-ee60cb6cd456	558	863	42	17	Alma
7c6e8dc2-6778-478a-abca-a748a148fd24	558	863	42	17	,
178b792f-1c6b-48d2-b2cc-36da3fb4b9c4	602	863	28	16	187
ca1c9440-4c56-4a3b-ab13-773e848ffc04	602	863	28	16	-
aea663c7-963c-4cfc-9edc-b9d01d6c220a	364	884	40	20	352
c6b231cf-0445-4ad6-9381-7b0de29282c7	364	884	40	20	-
974a1164-7a85-4ec5-a64a-55e87db6d291	364	884	40	20	4
7626a9ba-571f-46f1-90b3-d56e4e356075	364	884	40	20	.
111a4af2-bc12-4020-9208-5faf53d631a4	494	878	45	14	309
95bd6e90-7d5d-48e4-b665-48680fcce7b9	494	878	45	14	-
dfc66879-fecb-4f80-b527-ff8d74fa1fb6	494	878	45	14	5
1c93cc57-742b-4148-a9e7-2ddd614aa3cb	494	878	45	14	;
10acbd65-cddf-40a9-a59f-959132dbbeef	541	878	19	14	of
8ca73f3b-f600-4849-b7da-9195ce50e1ee	562	878	72	14	king
4a7a899d-9b93-46c3-a2c1-409a77859db6	562	878	72	14	-
4f0b63d8-99f6-44c3-9523-98e4a0164e60	562	878	72	14	men
beb57200-523f-4c1c-8496-f0d1f437997d	562	878	72	14	,
