ID	X	Y	Width	Height	Text
beba7815-22b1-4606-af1f-d7e8f7db1cd9	76	56	32	18	550
6e551926-3811-45a6-b8d4-b9de666a0903	324	58	66	17	INDEX
2b615e4d-57c5-43fd-881f-b643d05f1efb	206	86	42	14	band
ecf7681d-0379-40e4-8e81-3c913cf75ee5	250	86	21	14	of
d3e9b03b-9c74-4bb9-8070-2314f70884bc	250	86	21	14	,
39d0757d-4c8b-4527-900d-2fff56165c1d	272	86	48	14	374
96615ffa-fdd2-4dba-8ed0-9543e21f7e42	272	86	48	14	-
72ef07c6-8328-4f12-9b39-917424c1ba7f	272	86	48	14	18
4fe64bb2-6a12-47b3-8074-e2bcd178190b	272	86	48	14	,
c714201d-c56a-4ef3-87a0-4c76e9e56528	78	84	32	26	Craz
e2401286-9167-4cf9-8c06-0a47b5bc761b	112	85	50	26	nunned
cb14d215-87fb-48cb-b5be-ebd88700bd37	165	86	38	26	down
fd5f7695-7122-486e-a1a0-4bec87435c92	206	86	16	25	by
f57e6615-8306-4256-a9e7-c3f94bf43183	224	87	79	27	Lamanites
01d27816-eb08-4ec8-8c2e-9c870dd54080	224	87	79	27	,
c478b3e2-7892-4df0-89df-f3f0958dc911	306	89	49	27	375.37
c4ea6728-eee9-4a02-8d2b-13270b8dbc8a	306	89	49	27	;
8d5cb2c7-be28-4478-a584-8624260d3b0b	378	86	50	16	receive
86091fbc-a9f9-47b2-b570-cc33648e9dfa	430	86	98	16	manifestation
3dbb866a-2be4-4ccd-8270-848a655792da	530	86	16	16	of
5d7a90f5-767a-4794-92f0-34aaec87a38e	548	86	50	16	Christ
f5e56f20-3401-4c26-a199-3509ccf488d0	548	86	50	16	,
0dac1808-fc96-46e5-9a76-521bf2351023	600	86	46	16	25
79b109a0-9301-42de-91bd-a334cbea84f3	600	86	46	16	-
85e48627-6512-40bb-a8d4-9b95e74f62d8	600	86	46	16	42
0da314e9-abd0-4f40-8e0e-44fb91e221cd	600	86	46	16	:
9763d705-a9da-4d03-812c-1a63e851a039	378	98	18	16	to
a5960ec1-510c-47b5-87fc-d4bcaf42963c	398	98	38	16	have
d3cc9a7d-57f0-4aa5-99ba-6f5a47f5c4b8	438	98	54	16	gospel
a535f491-8d7d-4d7d-9a90-ad85824a0fcc	438	98	54	16	,
f9a8adeb-fd15-4d80-9c33-3cbfd4909a44	90	112	52	10	control
13c21511-85ed-4c72-90d2-6856d4692675	88	112	75	24	destroyed
9ed5ff5f-43d0-4b06-b5fe-01dd3c0cf99b	88	112	75	24	,
4852922b-a7c2-48e4-9e04-dbe32ec53164	166	112	60	24	385
701596d9-5df7-4753-9b70-997929fe8d0d	166	112	60	24	-
0ac48cea-3d8a-4db8-97c2-72643d5666cb	166	112	60	24	10
b4c0d9f3-fc71-4e69-a73b-221ff150e697	166	112	60	24	;
747c017b-eb07-4438-84f2-f7b71acce49a	229	112	21	24	re
474bab3c-6dea-4d47-ada7-534965fc8056	310	110	46	16	378
945a303f-c345-4f66-8f2f-dc288d2b37a8	310	110	46	16	-
9e093b75-75b9-41b5-8047-e97b5aa9a6ba	310	110	46	16	1
b7786de9-6b16-4243-8bd9-a9aba7649a84	310	110	46	16	;
7c8fcb0b-052e-4270-af51-1809c6765f47	376	110	43	18	72
063970d5-3e0e-4c2f-843d-e98af4697ceb	376	110	43	18	-
caee2121-7e68-4ec0-af91-47bb16c2590a	376	110	43	18	9
62c7bd42-fbaa-47dc-b2aa-c9935650c83f	376	110	43	18	;
94e7286e-3849-4cbb-971a-e5c1ec23a92b	421	110	29	18	the
cc72a9da-8812-4916-860e-3c00c82d679a	454	112	70	14	promised
9d0730a1-c055-4085-a47b-795df1471b35	336	122	18	16	in
ff930782-62bf-4e15-b819-86fb8ac1a101	90	136	70	10	mountains
debbcc1d-0782-4d55-8f8e-a78f937e44d4	170	132	52	16	401.27
7df3636c-858e-45c0-bd35-371040bba73a	170	132	52	16	:
76bf8603-afe3-41ca-a99d-79c2047d5b69	224	132	50	16	among
092410ca-77a7-4e98-bf59-e79a9fa91080	276	132	78	16	Lamanites
10527523-d943-4b57-b45a-0ed945e22897	276	132	78	16	,
e3e62142-c50e-4618-985f-30632de1eb6d	374	121	53	21	liberty
aa38fbec-7633-4dbc-a195-b2260163c415	374	121	53	21	.
45a6ceb5-082f-47a8-be3f-1997ea0fc551	436	126	32	10	unto
6c5b8b18-baa3-4938-aa4e-b98cd2844ae9	436	126	32	10	,
5992df6c-04f6-486c-af71-f3b771203c6d	486	124	44	10	12
b84f387f-c5af-4855-b2ab-387d817f1066	486	124	44	10	-
75f5d2ca-ceae-409e-a4cf-5c691a3a2c22	486	124	44	10	11
d33b755a-9d5d-43f6-9dc5-155acf3bc485	486	124	44	10	:
f542ecff-0e33-4794-a942-ffe7d809d67b	534	112	52	26	prayed
21455629-8a0f-4a78-a7db-092fe364d59c	589	112	37	26	in
c9437ac3-b7ff-45c4-8ed7-82f1a716864d	592	122	29	18	for
b7260467-007a-4f32-9686-47132798ae25	624	122	21	18	by
4c9e6aa5-555f-47f3-9383-613ed65be8c8	378	134	56	16	Могоі
81a43e4c-5a20-40f0-967b-e36ba215b2e5	378	134	56	16	,
ed776dce-0c9b-4e0b-ae80-d8069c6c272e	436	134	58	16	502
db1bb4b9-9bf9-4c19-918a-f1a748a9a4c1	436	134	58	16	-
64a9cd81-cdc8-4486-ab37-751b364aae63	436	134	58	16	36
ba3e927b-9ea5-4b6b-87f1-679cf50c7252	436	134	58	16	;
8bea019e-eeeb-40d8-b1b3-c890f46a29fe	490	136	72	17	prosperity
606bc417-dff7-4bde-9f46-0eb0a7ff1a17	568	138	20	10	ot
e69a43f2-699e-4b2f-9963-79bb6cf5dc1e	568	138	20	10	,
e4be519b-90f8-4f47-b5c0-e904030f727e	589	138	37	11	seen
bcafe7d6-cc0d-4a11-b1ee-2d63b1754416	626	138	18	12	12
89d5d52c-06f6-4e8c-aa76-0361db77a33f	88	144	47	18	401
cc2e2311-a4eb-41e8-8609-89b582f460f9	88	144	47	18	-
e107a4ea-f9db-431d-9149-3059f2077986	88	144	47	18	29
50fd8050-697e-4950-9f9f-b5d9e42ca76b	88	144	47	18	,
71187237-5824-4faa-9324-f648a72220aa	138	144	54	18	461
b3aaf1ea-cada-4c7d-90c1-5356c7fb9e98	138	144	54	18	-
07d73f6e-adac-4a20-a82c-52010f5ddff8	138	144	54	18	18
8091128b-dea5-48ae-ad90-064cb9c89805	138	144	54	18	;
ba7feab9-3cfd-41e6-8bf7-8c008d928657	194	144	54	18	become
f9c77146-b715-49fd-96ff-c4404d5738f5	248	146	74	16	numerous
f8ecdbe2-78bb-48f5-86ec-592a56264b06	248	146	74	16	,
81d8c775-538a-46be-9fcc-983590bcf06a	324	146	30	16	402
5a9705d8-8138-421e-807b-1db91b195328	324	146	30	16	-
e7d78b47-80f7-4668-95bf-d68eed3a4052	376	148	48	16	vision
ee0fbb3f-c982-440e-9f3d-a14caa09c73a	424	146	18	18	of
f10eb6f1-37d6-4c75-bd88-2f5cf8484d8f	444	146	52	18	Nephi
5e101bbc-a5b8-4b68-a55b-3393f6eb501c	444	146	52	18	,
e14785fe-d5d6-412e-a64f-a997b4b0f301	226	158	50	16	403
efeb2bf2-9418-4160-bcfe-5d14546f8f94	226	158	50	16	-
c4f89c7b-b0da-4500-ab7b-fae02bafb826	226	158	50	16	18
9ee195b5-7c37-443f-a109-12f8ced1e03a	226	158	50	16	.
e74eb7ae-aeba-40a5-9c12-f2f1588888a0	376	158	25	18	23
3b7bf6ba-c990-4543-9d8a-dee15f80a284	376	158	25	18	;
1ad02886-71ad-4af8-b6fe-178da6fc7fb5	403	158	52	18	written
1fb60cda-919b-4705-b383-926b3325a782	457	158	16	18	to
14168efa-3619-4880-afae-5939a42305e2	475	158	19	18	by
5fea277a-cdba-43b1-a6e3-8f9bb3299152	498	146	56	28	Мого
dc16557f-201d-4ac7-bb68-49b6200481d0	498	146	56	28	.,
84b479e7-8fb0-44e7-a465-994c86343c36	566	150	44	14	mock
a1290698-4506-4342-b400-650985ce3ef1	566	150	44	14	,
f1186b4c-7c27-448b-bae4-29a923794cdc	612	148	34	14	501
b2fc1164-33a0-4699-9742-81933f09f1f8	612	148	34	14	-
d9c932d0-b0f6-43a2-aad7-de1f2fcc0199	552	160	50	16	465
b67f44af-2526-420d-b53a-8f0d02b3e78e	552	160	50	16	-
3f2bfd58-efc4-44bf-bc22-8616bcdc5c49	552	160	50	16	17
cef1c3dd-3e8a-4b61-92c1-3cb10a0ab362	552	160	50	16	.
1f041631-c0ca-4989-a9de-2438ce8a5c1c	76	182	38	16	Gain
30147226-0a85-4096-a416-a7de535e28bd	76	182	38	16	,
22d368ed-80d3-40bf-96c5-544c75a23173	122	186	60	8	churches
0168b85c-4635-4448-a803-1e0b3abdce75	364	171	30	19	Cid
d8890f2f-f24a-4155-a146-f02272d4c331	364	171	30	19	,
ca19b15d-6235-49bb-ab38-333a7e299963	395	172	29	19	city
f108ff45-215f-4d17-8841-d09fc8c9d112	446	174	68	16	captured
cba6ddda-3884-4d1c-acc2-0c2658a407c2	512	174	20	16	by
89453d82-ef65-422b-9f80-98c3deb30e5a	610	174	32	14	326
865f3948-f4d5-4e39-b2f2-8c6a363c490f	610	174	32	14	-
f4285ff0-bff1-43a5-8b4c-eb449473c734	262	184	48	18	48
35c8c0cc-1b39-4803-a923-a746a06f3b0e	262	184	48	18	-
7bdb0d0e-8427-4556-85c5-f21d9b6c4de5	262	184	48	18	23
c0b9e6c1-c25d-45c7-99c9-389c73d5a2ac	262	184	48	18	,
4b4930f8-c775-4637-bfdb-3f6f32cc3304	310	184	46	16	94
d193fab2-999d-4ff2-9810-46caa0e73650	310	184	46	16	-
9f18da2d-d354-433b-86d7-02e70eab88fc	310	184	46	16	20
cf8956c2-0608-4131-99c4-8b5987a6f212	310	184	46	16	,
b65219d0-23fa-4058-b95d-66cb0e0d44d8	376	186	25	12	26
07a45ffe-14ab-4852-9cda-22d1e51ff432	376	186	25	12	:
5b2de6c1-a22e-41b0-8907-bc485194dec5	403	186	23	12	ret
3df85f68-5098-4745-bf68-002c8d0bed7f	403	186	23	12	;
51e976a9-9639-485b-a931-e4392a7987f1	482	186	68	12	Nephites
3c10d4ca-3388-4496-bf98-6b5b31d6f81b	482	186	68	12	,
bb2b78b4-95a8-4dd4-b38d-1c63e6120c06	536	172	10	28	1
dd657f8d-c3c8-4c16-89e1-f6486fbe0fca	536	172	10	28	,
a384ffe3-f563-473d-8e20-40b600711076	550	172	42	28	395
e9656cf3-6432-4626-a772-daf0975611ed	550	172	42	28	-
35e7dc67-87da-4543-bbde-09f1aee9067c	550	172	42	28	7
1f614741-1d53-4a2e-a36d-bf02ed104b3f	550	172	42	28	,
40c49afc-6aa8-4355-bec8-0f9b9cf9a781	595	172	49	28	3,6
522256c8-1706-4be2-bbd2-d1adf811c516	595	172	49	28	-
4aa1ae55-19ac-43e0-beb0-cff0956a2bce	595	172	49	28	16
e7a90fe4-a70b-48e2-afc3-72c31f7c1064	595	172	49	28	.
f0fce150-1d5a-410b-8309-8f55cd6b6e16	86	194	44	16	95
ca882932-672a-46cb-a1a3-fbbf931ef163	86	194	44	16	-
a43867f3-b453-470b-b9bb-4d27ab3afde6	86	194	44	16	29
596b4d0b-d570-4039-b05a-3edb8ef70fc4	86	194	44	16	,
8b8ba755-f25a-4284-94d6-66402e618c5d	138	196	44	14	458
c2457a50-bf34-40c6-8dcb-b5cbc7485632	138	196	44	14	-
9cf5c849-52a0-473b-8a01-a33f67c1c645	138	196	44	14	26
9570c394-1321-421c-ba35-be7852a9f5f4	254	196	42	12	object
cf4427c2-f0e0-4e0a-b09f-adcb396f5b8c	302	196	18	16	of
bb9a2af3-c2cf-49ca-a1d9-60048c25d824	326	194	26	16	Ne
1246aa04-b8be-4537-bdc9-e1641eb58299	326	194	26	16	-
fd1f15f8-df52-41cc-80be-3bae1e673f98	378	198	28	14	23
8d9fb73f-d1f2-457e-94b8-4e532ed385de	378	198	28	14	;
d60c42dd-59d3-4770-98b2-739a328072f5	528	198	50	14	336
7f7b7f8c-0ac3-4a3d-8cb6-9f644d107a70	528	198	50	14	-
b3734549-1ac1-4bac-9448-53ee284e0e6a	528	198	50	14	25
0b1d4d76-9be2-48f0-92f6-badf19162361	528	198	50	14	.
7abec5ac-918d-42a4-b929-673593f05867	84	208	44	16	paite
20d0607c-b10a-4f65-a996-450d9cf994f6	188	208	50	12	221
e9718bbf-dcd5-4bed-bf05-a7180b5b5908	188	208	50	12	-
2f3f3b78-3f86-475a-976d-f1aea70583b7	188	208	50	12	32
53e1f1cd-266f-416e-a43e-fc892161e24f	188	208	50	12	,
f6e09b1c-9272-4079-b1ab-15431e3e4ee2	240	208	54	16	222
3d4255f6-a5cb-477f-8b9d-9ce591d3115f	240	208	54	16	-
cb014593-eb55-43f1-acc9-12a0d0031187	240	208	54	16	20
80ce2889-dc6b-44c5-87b4-2a317ade35ad	240	208	54	16	;
1275abd5-9ad4-4f20-932b-5c5d557b40b5	296	208	56	16	through
e2a0a442-4a51-4e15-818a-61e629f26abc	364	210	30	16	Cid
37ce5b8e-b1e2-4c72-98b4-9c06e3f61fa7	364	210	30	16	,
b9997e23-7f6e-4aa4-81ae-54b756c2d3ce	84	218	30	30	piu
084696ea-0bec-4cc4-afd2-53c7a541655d	84	218	30	30	,
86730c78-0ade-4d01-a8e6-e4649b172cbd	118	218	26	30	des
53e617dc-108b-4842-8684-e6a576ed83bb	172	222	60	26	through
e6076fd3-68db-4cb0-aa70-9689edf5b36c	406	214	18	8	сат
c5ce0761-a05c-4cfd-91c1-b039c0de4d7e	322	220	32	14	used
0fdd3d14-dd8c-4ba2-8c2a-e9cf7cc7f06b	376	222	52	18	343
87a6fc25-8e8b-4f71-8429-cc62a63bf079	376	222	52	18	-
5c9e46f8-e3a7-4cc9-b057-5ba76147ad0c	376	222	52	18	29
cfc3d5ab-5b84-4788-8e79-97c1ff2f431d	376	222	52	18	;
c88d7577-384c-49f6-8bf8-da8538c410fa	234	232	48	16	traffic
269ff8bc-8dac-407e-a058-d0949d9f88a0	234	232	48	16	,
917c902c-3785-48ce-8f36-299afe5dd13c	74	244	34	14	Gail
6375ceaf-433a-48d7-ad8a-441171392736	210	246	32	12	soul
7bc0846b-0f53-45c3-94fd-fb2c2cb5b619	246	244	68	14	redeemed
9106ab47-ab7f-4bbf-aaa4-926ff6082ad4	316	244	40	14	from
80a87018-33e6-4680-a8d2-ebe34fd19e1f	316	244	40	14	,
63283d33-94e3-4aa2-8300-7038025faf6e	376	234	36	19	bush
71b9cfac-1e5a-4b35-aad0-2c48ec95c279	414	233	46	19	before
25edbbd6-7e61-4e64-aaf9-9ecdd5f9b4a3	428	219	37	26	lose
a90f2473-e773-4098-9a32-ed3e7f223055	428	219	37	26	*
78946710-ac02-4137-a58d-9cc7aafdb031	463	228	40	27	Mant
465b0b44-6875-406c-8be4-dfe5d8a0e2d3	378	250	53	12	Bession
53aa481a-93f7-4ab3-965b-02f1f13cca48	432	250	20	12	of
ac4d0623-1239-46d9-8834-dd662a562cac	516	238	51	12	345
cec7d980-b41e-4fae-886b-b67831a81dc7	516	238	51	12	-
3575ffa1-1c56-4058-8e84-76c9e0200de6	516	238	51	12	16
562d2e23-009b-4601-8035-fea09c49b4da	516	238	51	12	;
59159c82-a5c2-4fb2-9b79-9633b5fd0805	569	238	43	12	takes
2e91c963-290d-4583-96e6-90e03dc357ff	613	238	28	12	pos
3300928d-93c5-421c-94ec-0529bdebe712	614	238	28	12	-
b50428d9-f2a3-488c-afae-0a9194a0b76f	450	248	48	16	Manti
6759ced5-ada7-4155-af10-47ef9117d2ac	450	248	48	16	,
9e3d4d53-6cf6-45d9-978e-12bbe1692c7e	502	248	46	16	346
e432d034-5142-4b33-a996-4fbc412f634b	502	248	46	16	-
d7ce3080-24d1-4158-95fe-9748b141d749	502	248	46	16	21
b1837f8e-a09a-4427-9d7f-70031271a210	502	248	46	16	.
334be21a-091a-4dd5-9aeb-eedd15883467	86	256	54	16	188
29189426-7a72-41df-96f3-902e3a4db2a8	86	256	54	16	-
8e41c80c-db25-4c03-bb61-a08e706d4b8c	86	256	54	16	29
bf5473b0-4eec-4d58-a763-965518ad142e	86	256	54	16	;
94cc36e0-42be-445f-b4c6-356c9bad85ad	218	258	54	14	282
4730aa71-8614-4081-bd89-c6cbb8ed8222	218	258	54	14	-
02cc0bab-ef01-4e2d-9e5d-df8aaf85bb40	218	258	54	14	18
510095da-fefd-4c29-bb38-ddc004b0bc6a	218	258	54	14	;
b2c18da5-6fee-49a0-83a0-d36cda5c7dca	280	258	54	12	wicked
41a62d96-4f09-45cd-ba28-666b5765f828	332	258	24	14	in
5d0edfff-5f6b-4b99-b90e-768d37e60197	332	258	24	14	,
09d70c0c-b577-48b6-b01b-d6b97f7c3913	364	260	72	16	Giddianhi
71de0e3c-0af4-47bf-91f1-54da9664507f	364	260	72	16	,
cb6c7609-e326-4a05-aab3-1a815a381691	84	268	48	16	297
c150dd1c-a831-473c-a33c-3d2cec446225	84	268	48	16	-
d19db6f8-79cb-4ce4-b29c-e0331094d92d	84	268	48	16	11
f4c33bbc-9a8b-4bda-957c-46f01ce9ce33	276	268	48	14	516
03527a82-af48-412e-89f7-e8d18dd3544a	276	268	48	14	-
c495759a-78ee-4ec0-bd0e-dd0377ac1d6b	276	268	48	14	14
88007d82-f4dd-466d-bf7c-aaed01e27193	276	268	48	14	.
2dc788b2-f864-41d2-830b-0422427af5f3	78	280	42	14	Game
28eb39e5-ae69-440d-b682-e72396d94f17	78	280	42	14	,
4ca008fc-e9cf-442d-8af6-abb33b981c0f	374	274	70	16	plunders
f91de9e9-3597-45db-9790-3274f7dab139	374	274	70	16	,
f7b2f71f-ad29-4813-99fa-36647988b7c1	442	262	42	26	706
a87caaf4-6843-4bd3-aa0d-9bb217a16262	442	262	42	26	-
583c86f7-4e45-464c-b51f-8f8ebd30d4b0	442	262	42	26	5
69bc5ad3-6a82-44f5-a9ce-83712feafc5b	520	264	78	12	-
c04841e7-ae24-42e5-9a0c-f5692dcf1ad0	520	264	78	12	achoneus
044531eb-cee5-4313-92c0-5a284684e2de	520	264	78	12	,
292a315f-ffb7-4839-b78d-fa3b31d86378	600	264	40	12	404
c1098d1e-7ec1-47a3-b5ca-194b9bfd4a6d	600	264	40	12	-
ee14a4ba-6a45-438e-8464-54b5f8dd49d9	600	264	40	12	9
71ab3bef-1f89-4bf2-a876-02692b86144f	600	264	40	12	;
80b0adf9-4626-4397-9f5c-49cfe9097951	228	282	40	14	lands
34d8c008-c987-4330-a948-3672f2471554	272	282	60	14	deserted
546f78b8-7a7e-4b43-a7e3-28b04fe01cc2	333	282	21	14	by
aa6ea75c-1eb9-474b-8570-8047eed506c5	378	286	58	12	soldiers
e576735b-5339-4b88-a671-78ec77784ea0	480	271	7	28	8
23de876a-1164-4a17-99ef-a6e5f343e096	490	272	21	28	bid
b4074998-2561-4da0-8d8c-3499a2c5560d	515	272	28	28	prop
bed99c8b-7110-4e64-8c62-e719ef80ca6b	546	272	11	28	a
1b299981-2517-484d-ae33-4dfec5c7f604	560	272	28	28	pea
df6a243d-125c-41d5-b078-c57160043fbf	592	272	35	28	mace
8e3acd0b-a8f0-4ccd-9ba1-975ccc9c5116	630	272	14	28	of
5bc6a78a-5a2f-4b56-b713-cb64618dfa9e	210	296	56	14	scarcity
2ec8281b-9f48-47dd-88c6-80663c1de7d7	302	294	52	14	binders
e0294325-b74f-40ab-bc45-7b4e07b89990	86	306	58	14	robbers
f48ac078-7ec3-490e-91dd-168a30f2f28a	86	306	58	14	,
d0c9d56f-7df5-42f8-9760-4fc06be8e3ae	202	306	82	14	wilderness
5733bbc0-4333-4632-afb1-04f1dcd1e48e	286	306	66	14	preserved
10ced4d2-0c4b-40a7-bc16-fd2e26b4ea91	374	298	42	16	tered
a166aab7-f2f1-4bcf-8fec-6a68bce8b916	374	298	42	16	,
66978639-e7cd-4c00-a0c3-4440e5d3f9ea	424	288	52	26	407.113
e5912fdb-d8b3-4f21-a8da-54ecbefbfe61	564	285	23	14	of
4f3c1122-2fef-44c7-b40a-0dcad4cfc255	564	285	23	14	,
3916c750-6aee-4862-ab2a-f0cc93b5226f	588	286	56	15	slaugh
5b9da5f5-bec8-4af4-b577-44a37803cf15	588	286	56	15	-
c1340ca9-c992-4284-8d93-02bf5e2212cc	364	310	70	16	Giddonah
685e2987-1a58-4190-bef8-66a2d0ae3651	364	310	70	16	,
68ee5449-3039-4f1f-b0ac-a32da668edac	432	312	4	12	,
da8d420c-5187-426c-9ae4-053c872021c5	438	312	44	12	fatber
1140956e-b7cf-414e-aab7-570d9cefe17f	480	300	54	20	beaien
c5b5b1cd-797e-405c-89c8-65e23d196d3f	480	300	54	20	,
6ae2f3eb-8d46-473c-a79f-273bdbcd0eca	502	314	65	10	Amuick
49d51842-d9b1-46fd-937f-dfb4999688d4	502	314	65	10	,
6a7ea72d-453f-4262-a421-1f65cb0c0316	568	314	42	10	219
736ee6a1-70cd-4df6-89c9-d2af427db535	568	314	42	10	-
b3a9c9bb-6c25-42e4-a8c3-1235a94e3bef	568	314	42	10	2
5c58b8b6-63d5-4922-9f63-cc39bc9c66d5	568	314	42	10	.
b4ec9029-3129-4ab2-bbef-e8c12a77764f	364	324	67	30	tora
f7af4ff2-d523-4c03-9d0e-68266815cdb5	435	324	34	30	hind
bacbbce4-d7c5-4926-890a-da9203b5e72e	473	324	60	30	riot.in
31b08e6b-175e-4b13-837a-fb57f0ea2420	536	324	30	30	and
dbac19ef-f0d7-4348-911c-2a7c31df3a5a	570	324	15	30	of
d219c42f-e176-41f1-b5b9-2a7f9b8d9a05	589	324	55	30	Gideon
c72bde1e-3dc9-400a-af2b-0dbabf633a70	589	324	55	30	.
8ddc300b-6f1d-4600-820f-d328a8b96cf6	376	338	58	14	270
d73bb219-a65c-4246-bc2c-835de57acfdf	376	338	58	14	-
ecbf5256-3361-4643-838a-cf4d137c52a5	376	338	58	14	23
7e0e4895-fa5d-43c9-a757-1e16154fb233	376	338	58	14	;
eccf2a99-dc11-4959-ab17-1fadc2728c4c	486	338	59	14	Koribor
674bb23a-82ca-42c6-9bf8-081acd563779	547	338	24	14	to
7394eca6-e26e-47e7-9676-b1cdb8580214	573	338	45	14	Alma
e283dc01-0f26-4375-bd21-b674f6980f7c	621	338	23	14	for
4c22be6a-d6e4-46dd-9828-1ad8a11f6668	76	366	64	16	Garment
3f1f3e41-73d7-4463-8230-dde8a93e4543	76	366	64	16	,
0ebf5633-b1b1-4806-bb56-27f3f4ed516f	142	366	30	16	life
d206c46f-3314-4808-8280-4275cf34f02b	84	378	44	16	158
6648b966-9bb0-41bc-889d-6aba50fafbe8	84	378	44	16	-
bb3e0160-4489-4915-b39e-2392a02ce8a9	84	378	44	16	3
63753a5c-7f71-46b5-a5e8-4a5d3a5abacb	84	378	44	16	.
8d899fd1-c715-48b8-bea7-2582b0ffce84	76	390	70	16	Garments
0d5bc8ab-342f-4f85-b36f-3b7abf2f9d4e	76	390	70	16	,
8fce0dfe-88f4-4c5b-8da5-2160c3a3fd67	148	390	16	16	of
66e0344f-7a00-476a-88e4-e333f84127d5	166	390	44	16	Laban
790e0909-544c-4f81-9405-fb9fbf3e90c5	212	390	36	16	worn
52f461fa-b6fc-44f0-b371-8af13a791c4d	250	390	18	16	by
45bb12e9-89a2-47e9-b1ab-bda870055984	270	390	44	16	Nephi
0bb85534-d173-4cb0-b3a6-fa3d64eab130	270	390	44	16	,
1ab2894f-b79d-499c-b334-d6ccd75d556a	316	390	32	16	8
c4624998-fe9b-4d72-a883-2f99b1de95c5	316	390	32	16	-
2faf3826-1746-4c32-a017-a8c066aeaf1a	316	390	32	16	19
0d3a22a5-5cf1-46be-a44d-67a2e7e487fc	88	404	16	12	of
e1a2ac97-ffec-4742-8b60-6fcb26ec79a3	106	404	27	12	the
cd88e339-ffa4-4fd0-9c6b-92da958d2a52	135	404	52	12	twelve
6d3b23de-c94a-43a7-8c03-6e27681ea2ad	184	404	68	14	disciples
9897db08-3b2d-49a8-a53a-f0bdf991e76b	184	404	68	14	,
58c7d31b-6b9f-478a-b474-c42c529e4b7c	252	393	39	25	White
41cfc0b4-3b76-41b7-aa10-5e5442d0991e	294	394	18	24	in
f85c47e1-f8e6-4384-a25b-d972616f5ebc	315	394	39	25	blood
cfc263e6-62ad-4b88-b3cb-93f998a11f94	88	414	15	30	In
8848c290-7062-4d2f-b3e9-c921486832b5	107	414	67	30	chaint
0e97b846-02d9-417a-b26c-86668681e974	107	414	67	30	,
6a3c5134-7e24-414f-af52-402918dd8167	178	414	46	30	119
835db8b2-ec01-47fe-af2b-e9affa7ef68b	178	414	46	30	-
0ae5d925-2d4a-4724-89d8-d2990133a0fc	178	414	46	30	19
3cab0b6d-a44f-405b-88ea-b3b39a36344d	178	414	46	30	,
b7c8a014-a243-4219-9b64-667ceba5ccf9	234	418	20	12	be
9ffe1400-b204-4833-b04d-3a99ae7656af	258	418	36	12	kept
91f07a19-7540-486b-bf65-e6f0594aca81	296	416	58	14	spotless
8618f96c-af7c-4578-91e1-ab532066ff36	228	428	20	14	2
58ead208-689d-462e-805f-84dedf9dcbf3	228	428	20	14	,
1664b1c9-6055-455d-858f-642110660367	248	430	50	12	138
f90c64d6-f8e9-4845-b16c-493bc83ce6b9	248	430	50	12	-
7480906f-a268-4ce3-ab6e-908a7d582c9e	248	430	50	12	28
c94eed81-2748-49b2-8b3e-f909f5d29b36	248	430	50	12	,
561437e0-149d-4146-b23d-98912fdf44f2	300	428	54	15	206
5a483b03-a605-49d8-963b-0056eeaf4530	300	428	54	15	-
00c78143-5949-4907-bc65-cfa5fca8af54	300	428	54	15	21
289812fc-959d-4548-9099-4323461aab6d	300	428	54	15	;
b6f13854-4730-471e-a576-6797a7f9e9d5	150	440	37	14	worn
4f896b01-2f29-4d5b-bfe8-13f5e4fc7879	188	440	26	14	by
328adb36-cbcd-40d6-87a3-e3c003b2c079	74	452	40	16	Gate
b2d7cc90-b8d3-48b8-824b-b47f3720e219	74	452	40	16	,
e5eca494-8aeb-4c3b-b41c-706c768974de	116	454	20	14	to
b4787fa6-9f60-477c-b99f-e3b7483a930e	140	454	62	14	kingdom
1a668090-9b3c-4087-a5b0-d7992cac717e	204	452	20	18	of
e7ee7fcd-65b7-4ba5-9754-f41537fa4048	226	452	35	18	God
d22bea27-efac-4f98-a720-17cbacb0f811	227	452	35	18	,
6043d3e3-d5ce-4a67-a971-6252138fa5b7	292	442	40	10	318
c31f1a89-6a93-4e88-ab45-e4ef0b4fbac6	292	442	40	10	-
a3501371-1c44-447a-af1e-42d09f6e8366	292	442	40	10	6
f59966d9-0220-4b8d-9a77-a81d0dbcd76e	292	442	40	10	.
dde91471-ed73-466b-8a8d-1fce2fb36019	262	452	45	18	70
8b9cf481-c327-4750-849c-858be2b97be5	262	452	45	18	-
2c55e43d-ce9c-43e2-b1b1-36cd6d4ffa9e	262	452	45	18	41
b4c4df1e-8993-46e8-ae26-d6139dee7aa7	262	452	45	18	,
1032e7d7-b568-4d0f-86b2-a70ea62425e1	309	452	45	18	104
29a0e2cb-4438-48c9-8097-fbea8a319bfe	309	452	45	18	-
768bea4d-ce21-47ed-904e-aa54151245b1	309	452	45	18	9
19e8d0b3-0aa0-4d72-92ce-64783ff1cf37	309	452	45	18	,
e6fe871a-24c1-432a-b0cb-7045f9ee23ff	86	466	48	14	107
6a41d6f5-80fd-4f7a-8ba4-2a585bf1c078	86	466	48	14	-
d89f6d7e-3bba-48ff-a1d9-6e38efbe44d4	86	466	48	14	9
5c010efb-0978-4fe3-9210-8a386234d4ca	86	466	48	14	,
734f1ee5-cbe9-431d-bff2-4ec5bdb92cd4	258	465	48	13	451
0e999bf9-54b3-4385-99d0-4f172e37323c	258	465	48	13	-
23a84886-4ea8-4162-8bfb-21e3d9e3d7ed	258	465	48	13	33
dece739a-b81a-4754-b611-68de2e790574	258	465	48	13	.
219d350f-a02b-4cce-bf3c-c85882daec66	128	478	12	12	of
e2c4f3a2-41dc-4c72-b8c2-e3f2d147468d	142	478	28	12	hell
ac244751-498a-41bb-9630-0837a73c5341	142	478	28	12	,
fc0b7071-9cbd-4318-b244-30ec5c15e464	138	464	36	27	12
d13bec22-878c-4b2d-96ee-8a15ddefb692	138	464	36	27	.,
a6178608-d705-4c18-923b-6aac1e0f320a	177	465	43	27	59
729c112d-2470-402d-8b26-2306baea6c19	177	465	43	27	-
13080b5f-8c6b-405e-a06e-b929443ae0c4	177	465	43	27	32
30e77c6a-72ec-4389-b423-64ec2fc3796e	177	465	43	27	,
d98f6eeb-52bf-4859-bead-770752e398c2	222	466	49	27	423
8341f768-df23-49c1-9440-dd37e49a0afc	222	466	49	27	-
74e296f6-cd55-4cea-8a83-742e1c893d7c	222	466	49	27	39
460fa467-002d-4cec-81c8-cc0efac3d668	222	466	49	27	,
c05b1165-3f20-4dee-b7e5-a6f9bb3f1038	274	467	50	27	434
e0937ac3-3413-4842-89f3-c05d16a98d8e	274	467	50	27	:
1f972954-39c8-4df7-b712-a599b4f7ee8e	274	467	50	27	13
66682755-ace1-40c9-bfc9-d95aae0e1acb	274	467	50	27	.
aee3bbf8-2ed2-4dd0-a337-41381e3ebf30	174	488	47	18	Israel
e664c35b-51d4-448c-8f0a-68c579aa719f	174	488	47	18	,
62be5cf7-6d2e-401e-abfa-b2e1bcab2966	224	488	45	18	431
d18f43b2-d066-4de8-85b3-b84e4d22b516	224	488	45	18	-
414987e8-a8fe-4947-abeb-fe73f28abd38	224	488	45	18	5
227bbe8a-aab3-4a81-938e-f2c6b2c2201c	224	488	45	18	,
177458c3-676a-4623-bc7b-142038a6d8c8	271	488	43	18	442
715e215f-cf1e-4d39-8ec5-e7b7427bb593	271	488	43	18	-
0310dfee-3b6d-4cf5-a37d-1d2c3193195b	271	488	43	18	1
44992a40-1015-4b35-ab8a-ccdb3ce8a806	271	488	43	18	.
a49ecfbc-e496-465f-9d26-62c292dbd2ae	74	500	41	30	Catal
086595de-4f94-40b0-ade8-89d74e3f4fe6	119	500	19	30	3
452d7f1a-7535-4afc-a2bd-159cf76858db	119	500	19	30	.
7c351bbe-a2e6-42f1-a524-3c519e562e41	141	500	21	30	29
d8dd374b-59c7-45e3-ac80-00f28f15964a	141	500	21	30	.
52cf77c7-d220-482c-bbaf-3eb52842f872	126	526	44	16	84
8448c229-21e5-4ce3-aac0-01e703cba8b4	126	526	44	16	-
bbf79c3c-92dc-4116-a8ae-d3ff8c4c623f	126	526	44	16	31
76bcc603-804f-492e-a5ba-069b7ce2a5bb	126	526	44	16	.
cfef895e-e6d0-48e1-924c-b60f24030edb	374	350	76	16	judgment
91831c2c-1dea-49f4-93a3-1876b315eed8	374	350	76	16	,
a939e956-b95e-4b0c-ad16-febf039c7c0e	448	350	52	14	271
5028f58a-bbd1-4f6a-844e-86b4d024a6e8	448	350	52	14	-
a30f786f-b841-4511-855d-d5884c5292e5	448	350	52	14	29
5f9f5101-4087-4316-be3a-1bb186f06f84	448	350	52	14	.
997b9460-93a1-4862-8496-c7f8b904715e	364	360	40	32	Codes
315cdd20-62af-4fc8-907e-981c041ec1b5	408	360	16	32	of
13c51ac5-9d05-4623-bfe5-808817960c63	428	360	64	32	freder
68a47c3c-c0bf-4c99-bf70-6cfde6b9d222	428	360	64	32	.
9d91aca4-e7df-4d4c-a05b-65e109fe7809	442	360	44	32	Neph
166b45cf-494d-40ff-aa8f-001c91ebaaf9	442	360	44	32	,
2e3b2461-8375-4e9e-9d9f-afcfac17a928	490	360	12	32	4
df86811f-0447-4149-a98f-a30de5b90f87	490	360	12	32	,
082184f4-20bb-4fdb-a015-4c33acf1a679	506	360	36	32	86
54b102c9-881d-4f24-bb49-6b38ca2d537d	506	360	36	32	,
a1884419-19d3-4ec7-ba7b-bee5b78cfa39	546	360	16	32	4
18adf0a1-b078-4b42-814f-9eab0542d309	546	360	16	32	,
1aae9ebc-914e-47fe-bab1-779b4bad40c0	566	360	32	32	cheT
018becdb-b148-4c05-94af-7a9c9f65bbc7	602	360	12	32	i
5c537b17-be28-4f4a-9406-85b866d2b405	618	360	28	32	tha
cd00d958-1824-4889-b7ed-6d39957eabf3	398	402	37	14	slain
31614838-c005-4d9a-81c0-319d3a0d3277	436	402	20	14	by
cde3686d-ba97-4b96-b1f2-d9bf03051a13	474	390	76	12	withstands
69ab0a39-a8b9-42ee-be70-e04f97e7408d	552	390	48	12	Nehor
3f1eb536-5de4-4b49-a48d-9c7017ed52b8	552	390	48	12	,
51be1912-ba9b-4dee-a4b0-00d7d07f9591	602	390	42	14	195
ed0d257b-ab62-4add-9e9d-81cac68e2d7e	602	390	42	14	-
33b70ddf-f237-4ad6-af5f-6b4cc7f08818	602	390	42	14	2
f7488ba5-0efb-4a04-9493-693ee4b1b61a	602	390	42	14	,
384200ab-ec4e-49c3-998e-aada42684824	514	402	40	12	195
2572c2e5-85c1-42f2-8146-1bd3076c71ef	514	402	40	12	-
a120e196-914b-4da6-9aa8-eff3440e7ac4	514	402	40	12	9
c70aaaee-4b1f-4166-b580-9ee7853fae4b	514	402	40	12	,
341b1ac8-65ee-4259-903e-508e9ec2c741	556	402	56	12	196
cf6f7175-e652-4eeb-97aa-d2ec0cc85fd7	556	402	56	12	-
26cfdfcc-8a25-4af3-81ea-4a68ff643836	556	402	56	12	13
c4be6b67-d40d-47f9-951e-d4d9651997a6	556	402	56	12	;
eaf2af5e-ee1c-41a7-83d7-2f3baaaf9b50	613	402	27	12	val
9d19db71-74e4-4671-b8ff-23db87dd2aa2	613	402	27	12	-
71986f13-2add-4aa5-a7ac-17bb640590d6	376	412	24	16	ley
391e95c1-75a5-4dfd-9c3a-18b0e8ebabb3	402	412	26	16	and
3f6f53a1-8f2f-49bb-90a8-88c4afd530ed	430	412	28	16	city
d62e8ec4-cb6e-4d5f-9fca-48fa6de33988	460	412	46	16	named
97c3fb0e-a04a-4ecf-bcdd-6c3a74b904d4	508	412	40	16	after
7acf4d30-c466-4b69-a279-7a9f46aa425e	508	412	40	16	,
5c209bbe-77f6-4ab9-8384-a1906bff4d89	550	412	48	16	199
8601ae6e-85fc-4606-b9fe-f2ad51f49666	550	412	48	16	-
dc0a2776-f500-46ca-993d-b081c3629fbb	550	412	48	16	20
2d3dea66-01e0-4b0b-99c8-7e7d224607f4	550	412	48	16	,
45d260fd-43a9-492e-83a5-dda37cf0e4e2	600	412	42	16	210
16a12e53-7c6d-4cf9-a61b-5f0eed100c92	600	412	42	16	-
4c3e989a-f757-41c2-af5a-069fac34738c	600	412	42	16	7
2d4ed7a3-685f-49ae-bcef-f6d3533d1b66	600	412	42	16	.
4cfd440d-2257-4334-bd6d-39f9fa23e4fb	364	426	54	16	Gideon
1a2ef29b-abaf-40a2-9c54-6a9d662f08d5	364	426	54	16	,
f144dadf-52ff-4c30-a000-3a899be756eb	424	428	34	12	city
88d5dc52-6ba2-4b61-a3b0-e28b1baebc6a	454	426	28	18	of
3a3066c3-7a9e-4ce8-9474-6d73b792dc34	454	426	28	18	,
4034d951-6c13-48ab-95af-9ee593a2a9af	480	426	46	18	210
4c138ec1-27e5-4601-b0d8-a10974d2cd6e	480	426	46	18	-
5cd57d8c-d240-4a6d-8d6b-78df53b4b612	480	426	46	18	7
d73fd0b8-d11e-4944-a3dc-c8b6d2fd51ff	480	426	46	18	.
1166d271-6296-42d1-89a7-cb3b618aa95e	364	438	52	30	cidened
bd4c65c7-3962-40bb-969b-6acbb9e0c65c	420	438	19	30	a
1651f79b-57b8-4cf7-a9b9-4685f9ac0b5a	420	438	19	30	,
c84c8468-c095-4277-a3d7-7c14db639dd0	443	438	43	30	20
0f6568f0-24d2-4f44-ad89-4c35c0e10674	443	438	43	30	-
ea192f8f-4b8b-4871-ade0-576588dd105c	443	438	43	30	5
f3e643e6-df58-44db-9b49-364a4480c787	443	438	43	30	.
5df31f27-df81-4b5e-b581-a769d6ed911d	466	440	23	18	of
8e94aa19-5cbe-46a2-ae19-fc37b87dc97b	466	440	23	18	,
119a7e25-a6db-4c91-87f7-283ce2c43a78	491	440	52	18	199
fa327dd3-b2e0-4df5-b275-0f7e184e26cf	491	440	52	18	-
fb6937a6-af4a-4324-b2fd-57d131537360	491	440	52	18	20
a2814c5d-0a7c-40f5-bf76-b8185364ebdd	491	440	52	18	;
904bfc6c-70e5-47ff-ac4d-e3043b60b090	545	440	52	18	church
c78ee83e-3e11-49d9-821a-133b666c4aa1	599	440	43	18	estab
b13bbf4f-2028-46d6-a267-186afcc6b3a0	599	440	43	18	-
af49c501-6216-4869-a15d-2951017e5c26	364	466	94	18	Cidgiddonah
57ec0ff0-2bd9-464f-b16f-b5bf5e2a480f	364	466	94	18	,
fd95dffc-801e-424f-911f-8c4ad0d6a29d	461	466	58	18	Nephite
a68eb9cc-ff69-486c-a638-39f5c42602b0	522	466	88	18	commander
1e47a2f9-b127-4525-9ec6-abfd89ca8eb1	522	466	88	18	,
12653138-35be-4589-be36-7f0b6070408c	612	466	31	18	470
5887655f-e0ca-4904-a026-cc46228f58b0	612	466	31	18	-
2d1406ba-7cee-4bc6-9c80-132d8d3c87b7	498	492	54	14	captain
4af7916a-7a91-4a1c-a954-d3d28ba7433e	560	492	18	16	of
da3aac01-4553-4ab0-8cef-f1aec8c6f1f8	586	490	58	19	Nephite
bf63adb7-e0f8-4fb8-8b05-077a11a8800b	484	516	58	16	robbers
07d6316a-b243-4cdd-9287-542349f508b7	484	516	58	16	,
d6d5dbe6-7875-4e74-b430-638140f77d48	544	516	52	16	407
44cc3538-7d6a-44f3-bf39-2dcf5f18ab40	544	516	52	16	-
51b4a3f5-c338-4aac-8a6f-3ecca8ac3be3	544	516	52	16	14
fdae01be-bb44-45e2-a0b5-434dde80fb9a	544	516	52	16	;
09b4656b-e39c-4e9e-bfab-190ae1cec0f9	598	516	42	16	estab
d0893020-9095-4c4c-a403-266dc101bc61	598	516	42	16	.
9b20cc82-e18c-4a03-b2c3-5a9a690d2d4c	378	530	42	12	lishes
989b31ee-e6f7-450c-8888-c95b0e233a66	422	530	43	12	peace
295e0821-a2f2-42ca-9155-7044277aea36	422	530	43	12	,
889478b4-5616-4cc3-94b9-b74e5ad9406b	467	530	37	12	411
40bedbec-f746-4c9e-8ba0-8202209fdb83	467	530	37	12	-
11dd3045-46f8-47e4-9358-5cf0fcc02081	467	530	37	12	6
bc09f100-b6d7-495b-8130-b13b11448796	362	540	40	16	Gift
a5f529b5-f8aa-4277-bfc8-077dc54984ce	362	540	40	16	,
90f75a3f-03f6-473c-aae2-6dd3100be4c1	414	552	54	16	521
7ab414de-309b-4267-9ef1-f4c4bccefa11	414	552	54	16	-
7b6aca5f-a2be-4c2e-8d54-7c4b29bece50	414	552	54	16	30
d113a938-42f8-4b5a-9415-b82037a6b166	414	552	54	16	;
51fc92e2-f36e-4520-bdeb-9a01ae7e4c33	564	554	58	12	cometh
9065cfa4-41eb-43c4-90b0-b357c689a549	166	562	42	16	478
dc38dfdd-f13c-4571-932e-e360d5cf8be7	166	562	42	16	-
4ef5c22f-b4d7-41d1-99aa-b11596af3e82	166	562	42	16	6
713dff44-e240-473f-a5ab-613efc9d5bdb	166	562	42	16	.
cc35d57b-314f-40fe-b635-b337c0717c43	78	576	66	10	esperation
2e63b3c5-31d1-4f81-91d8-6624604c8661	288	576	44	16	birta
81e12e46-be78-4dbd-90cb-db744751fe33	88	588	48	12	Christ
22806f16-f532-494d-8400-ca96638e3d1b	88	588	48	12	,
8ecd46ab-be40-44cd-8e0c-82cd2e57d00e	156	574	26	30	12
ccd35460-774f-447c-b863-2751fee17506	156	574	26	30	,
b09dde50-dde5-4f0d-9060-c42a664a7bb2	186	574	30	30	959
7ad9264a-9b70-43f7-9d4f-6e4f636e52ba	186	574	30	30	,
cfb0095e-264e-4c9d-bcb1-af92acae724d	220	574	22	30	303
f627edea-61f4-4850-9698-3112ac80e37a	246	574	26	30	12
38c499c0-580e-429a-be74-adc170800d4f	246	574	26	30	,
24d92398-983a-4f94-8f0b-080c2a6e312a	276	574	11	30	3
480bab15-9e14-4237-bc50-b9032d71d5a4	291	574	41	30	bi0.4
1c9f3ae5-ca0e-4fc5-9112-6346aee2a0d7	336	574	20	30	o
d8e7767e-3e1c-405b-a02e-38fff9ac38df	336	574	20	30	!
68e006a2-fcb4-40dc-a531-23b3aed3e42c	86	600	24	14	32
683d06fd-7298-4372-b0e2-125f865b01eb	86	600	24	14	;
df823e6a-e1b9-4e06-867d-85be0f3ede24	110	602	58	14	viattany
6468d22e-d15e-408d-96fb-44ecc8df7947	169	602	28	14	sins
7c94fa06-03c8-459b-9b9f-5881d2dabae0	199	602	37	14	until
ce0cdd7b-4f3b-4548-a5c2-62c62e50dbca	238	602	35	14	third
0f5200c3-943f-4288-a58e-45e7e93bd3d7	274	602	28	14	and
f3227173-480f-48b7-b220-3ade9f6cef18	304	602	48	14	fourth
1c894c5c-5e91-4017-92e4-1c3ac83c984d	304	602	48	14	,
39c69ab4-e89e-4345-bde6-a4cab13068ac	238	612	70	16	perverse
451fa060-a90c-448a-863c-6d71ca28e6b1	238	612	70	16	,
6ac76fe3-4699-4f3f-b773-4b3ea5957edb	310	612	44	16	216
9c9cb8c9-fcf3-429f-89d5-014313450f31	310	612	44	16	-
6eed6b30-52c0-4c9b-bdaa-0ce21bd19e5d	310	612	44	16	8
cf036850-b1f6-4bda-b1cc-b0e108359706	310	612	44	16	,
46f84a42-a34f-417f-a020-ccbd7e3cbef7	86	624	51	14	220
5b697872-91a7-4cf6-8829-2f25a3d8ee82	86	624	51	14	-
898a7395-44be-4f05-8597-363d59e4379b	86	624	51	14	17
15072be5-481f-424a-a09d-a04b1b3ea87f	86	624	51	14	,
f0e25438-1ba9-4057-bb80-e51cc77386b7	138	624	52	14	221
1e4ec586-aec5-43ac-857f-dab525287981	138	624	52	14	-
739a6e9f-3077-40f0-8b8d-4ca850f7b17b	138	624	52	14	25
005f5f1a-f85a-47bc-b98a-9897e8db6f00	138	624	52	14	,
c6d8ed0b-8130-48fa-8427-723cb4a5872e	188	624	4	16	,
182d34cb-b505-437a-b0bd-5e46f4b0e9b2	194	624	52	16	392
215d6520-c2b2-4fdf-95a5-640d4bdcc595	194	624	52	16	-
a9d80ed1-cad8-4bf1-81c0-9d4ac890dfe7	194	624	52	16	29
25371b90-244e-4b76-8d21-970437134471	194	624	52	16	.
112b69d7-5a36-4276-acb8-c3603458f153	78	638	86	16	Generations
c48d4426-d070-405c-bfce-289a3660a83b	78	638	86	16	,
7bff847b-475a-469b-beb8-3bc5d1853a0f	376	566	48	14	Christ
bdbefbda-4067-48da-bff0-12cd0e045d1f	376	566	48	14	,
43cd6103-c34a-4e7c-8cc2-54ee26c35f4d	430	578	56	14	131
7b1fc578-aa1b-4d68-a9b3-51a11b76a8aa	430	578	56	14	-
9f4c1a22-d810-444c-8814-d077efb9cbdf	430	578	56	14	25
c1a0f7d0-79b2-41a7-b64f-195abda49a3e	430	578	56	14	;
a0f5e4f7-bb83-4016-986b-c176ecbe910b	488	578	17	14	of
21500e4b-aa44-4041-9c4f-4ae6a1bd0cb1	507	578	81	14	translation
76d1932e-1baa-44d0-96c0-715254c274e4	507	578	81	14	,
966bd56f-be63-4973-958d-d2c80dfb6567	398	590	52	16	eternal
96517f19-273f-48ff-a2f6-dd7e4ed53d8f	540	590	30	14	the
5ad78e0a-39f6-4ab6-a063-b68594f9816c	374	602	42	14	456
67c9166a-5774-4dfe-b89f-c9b6bee13041	374	602	42	14	-
2af0b4a0-3271-4da3-9d5e-a26267b785ab	374	602	42	14	3
9f7ab0ca-8d46-4977-bf14-3fe2909e4ca1	374	602	42	14	,
a3740cf3-3b34-438c-a040-c0607506b61a	490	586	28	32	so
8496ded7-f46a-4f28-9c9f-4af678690f05	522	586	16	32	a
8101bf87-9e89-4c2c-a2c1-83f847a5ada1	542	586	28	32	ho
6969e829-c788-4eea-9409-ee007d0ef87a	574	586	28	32	he
3c4398e7-cfd3-452d-84da-cb8ea3c0fb26	606	586	38	32	not
db53108a-0938-4128-b30d-6aa93588816a	606	586	38	32	;
30c8a2e0-19ac-45fb-91de-ca176c76a836	378	616	40	10	Ghost
e5b3c590-ad7d-40fa-a3a6-439db6612ea3	378	616	40	10	,
5aaeabd0-24f9-43b5-87e0-97b4caddf68d	366	628	40	10	fifts
b264f394-1d67-409a-85eb-25284ba1e706	366	628	40	10	.
1a085878-208d-4a94-a0ee-234ed17bcbfb	404	626	68	16	spiritual
7eecb387-0697-49f7-a3ee-c9d5f579083e	404	626	68	16	,
a2149a91-5804-452c-b070-c292966b4b24	376	640	48	10	believe
709bb848-9074-49d9-b06a-823bc37b902e	602	638	40	16	Alma
77b18f2d-1f14-4593-9657-6d20f4cce925	596	652	44	14	varied
1ee0d7f4-68fb-485f-b93f-916f4d3793ef	560	664	46	14	takea
fd59b1ff-25bb-4545-a74c-e94e5d16b4d7	606	664	32	14	from
18a30b40-2674-4c40-a6af-20e3d6350b6f	422	674	56	28	through
c407ab5e-3c8c-4086-8c97-e9fffe346fa0	481	674	28	28	eat
b5df15ab-0499-44d9-b5d4-2ea8ab27f10a	513	674	39	28	eati
cbf992f2-d219-4bad-a315-e0137d9de2f2	548	674	54	17	521
57b65c46-d58f-4266-9790-b437641ad124	548	674	54	17	-
b6e89056-15ab-4c31-8b24-45c7d24ac8a5	548	674	54	17	24
7c6c3481-d6af-4bf6-98f2-10e1b9a72667	548	674	54	17	.
e6de499d-83f1-4ca1-8cc4-aa480c4b4d5c	512	688	52	16	488
600975a7-7dbf-4ebf-ac31-9dcaec4c1403	512	688	52	16	-
8a774915-41ba-4edc-b0d7-875142ffa0d0	512	688	52	16	14
b34ab67e-3807-417d-b7ab-deecd1774c0c	512	688	52	16	.
9b30674d-8d11-49f1-a262-c57686636cbb	536	736	80	14	Cariantumr
c9f957f5-e365-46fe-8438-e58dd0f15626	618	736	22	14	de
4ef546d1-a5b2-4f1f-aa6c-60041eb8cc26	618	736	22	14	-
a40f5458-ab6c-4cb2-b20f-62b25d5e6db4	74	688	64	16	Gentiles
bad4e03e-4ab0-448d-b3d9-1440af191cd2	74	688	64	16	,
414f401f-2d94-47fb-bacb-81f5036bfcf6	86	726	74	14	marvelous
3530fecd-88f5-4046-8970-f5badab83e65	202	726	56	16	among
8140013c-6454-4327-967f-2635f4475335	202	726	56	16	,
90fd5115-5f24-4004-a449-371eafc328e2	90	740	46	10	remnan
0d6b02e4-beb1-42b2-820c-824411ad37b3	86	750	44	12	three
acb45808-f0c7-410f-9400-fd3711d82918	125	747	62	20	disciples
52165932-c6aa-4c77-aff3-64ff4604b16b	147	731	19	22	of
57d53143-2f64-4708-9d5b-e8ff1d2fd30f	167	732	47	24	Jacob
d2dd0378-ab0a-4e05-9d44-00efaf5e58d2	214	737	79	28	amonss
b2b33b3f-05d3-49b2-ae3f-aca349f429aa	214	737	79	28	-
aa587ec8-8e66-4860-899c-c3ee07bec965	214	737	79	28	27
3e8bf39c-c49c-40e0-8759-38117093b776	214	737	79	28	;
9e4e2871-cafc-491e-ba78-883f2da909e3	276	724	49	28	13.13
26adbb57-5a44-4b1c-96b5-f221aedd7365	276	724	49	28	;
1ef01077-2655-49d2-82e2-7abc1ba135b9	328	724	26	28	32e
8d49be73-2fff-4280-b4db-4c1ae21a5481	188	749	54	17	among
440302fa-426e-4600-bdaf-5c2fd8fc3fef	188	749	54	17	,
fb548814-d890-481a-a04b-f511db9cb351	298	750	16	16	to
4c52a475-141c-46b9-802f-1f5c2b1f4ae4	88	762	22	12	ter
447dc670-62f2-4827-a11e-6832ab120c9b	114	762	60	14	remnant
06980d2b-bca8-4859-b2d1-6489102c951b	318	752	32	10	scat
42b0c9cf-9efb-4143-939f-ebae8fc5c995	318	752	32	10	-
6afbdca0-d287-4b2e-a95e-fb32d52e9df8	90	776	36	10	93
ddf3230e-a611-4fc5-b95e-2fd635269877	90	776	36	10	-
ba1937eb-fc12-4ca5-82a0-8a4581da9722	90	776	36	10	15
ad6356ad-c31f-45f0-b1c5-27abb8e3da7e	132	774	20	14	to
2b485621-67cd-414f-9fb7-4cda8bd37346	178	762	16	12	of
33311ca9-c7c2-4f17-bb70-1d5e7373f154	196	762	44	12	house
bf2d578d-387c-45e9-a86c-1da1765ca33d	156	776	46	10	nurse
926d59bb-61b2-48ec-9811-38028a18f2b7	118	788	34	10	bring
dfe4a467-2744-4cee-8b96-dc28676a35d2	164	788	34	10	forth
719efe43-22b1-4a66-aa95-73844770a2ab	200	774	46	14	house
4cb6c199-cf74-476c-976e-2a0188fca5df	314	764	34	10	29
6f909c1c-2bc1-4432-8c00-8a8613f42fff	314	764	34	10	-
8738b47a-5a19-4d84-806d-6f3389f3dccd	314	764	34	10	17
5e016df0-f14e-4dca-a344-63007044b884	88	786	16	12	to
f6327ef2-9071-46a0-b433-de5bc03d5cb8	308	786	44	16	471
d2c06f41-b590-4fea-ac78-19a87e17a1af	308	786	44	16	-
1ce09fa4-3808-40cf-9731-7705b6c57330	308	786	44	16	8
4968d12f-dd3e-402b-bac6-2ba798332e29	308	786	44	16	;
15bfd126-73ed-41e5-b82f-6e7a0424e33f	182	798	13	26	&
7d4bc83f-1c36-46c4-a548-699d0d512567	198	798	64	26	thoug
e6ab7771-773c-4d07-8ad7-cd8fdc333583	88	898	28	12	get
5dc1193f-ab5d-4778-a733-4f82474887bf	150	860	82	16	unbelievers
87c8a700-04ef-463b-accf-0a0ca33fbbd2	150	860	82	16	,
874efd59-da26-4fbf-b5b7-599805faaf7a	232	872	40	16	other
4a0d8a3c-65da-4866-8da8-8408e5ee39a2	180	886	50	14	shown
85ff76ec-9f24-44f0-8452-5f9f30df046c	180	898	52	14	record
b1e6ae98-37a3-40c8-bcb7-95807d431736	180	898	52	14	,
f670e69f-5b91-4614-bbb9-4725a882dc57	228	884	52	30	24
c6068c67-aa67-47bc-a431-c64a5f21b204	228	884	52	30	-
7eabc3cc-a939-40e1-96c6-195ec42a4051	228	884	52	30	53
0601f33d-8dc5-4fa0-bf0f-f17a71d9c1d9	228	884	52	30	;
7e727bfa-cc1f-484d-b69e-f937db953067	284	884	45	30	162.3
a77c0449-b2df-4eac-9b2e-9bba27fc0974	284	884	45	30	:
6d0f0729-c765-4f5d-aa28-55185bd812cb	333	884	23	30	to
19f56df8-39cd-4d88-a6fd-de082fa5affd	364	774	54	14	Gilead
20da5e45-d675-454e-9d07-86ab460fbbc2	364	774	54	14	,
e696c39a-dfca-435c-b3d6-a5c3f34363d0	376	786	45	28	Sorian
ac2964c1-72b1-4fea-aab8-d81b1c8857a7	425	786	70	28	urdered
dac5cb9b-0096-4e71-9874-a6a43bef92f4	498	786	21	28	by
3bf0aba0-b608-4c90-b421-071657f22327	523	786	66	28	senies
ce39b1ba-fae5-405e-945f-2fdba8cdb014	593	786	47	28	pron
f47d606a-fc10-411e-a60a-c164920f03d3	593	786	47	28	,
036b55e1-c46b-4f6d-9a42-66701f74290d	364	824	76	16	Gimgimno
a283b8c1-bd46-41b5-8c5a-dd611f97f928	364	824	76	16	,
627fe62a-bc40-4b89-b1b2-d5dc7238d2a3	366	836	36	10	Plans
85437aba-ae95-46a3-b2f0-4ec07b24e0bd	438	822	34	30	clear
1564335d-2095-4998-8c66-d65a7e62dbcf	475	822	23	30	of
9efb99d8-52c2-4fdc-a42f-c2d1e6570a59	475	822	23	30	,
b09ecfb8-80fe-4e0e-abaa-489a92b66f37	502	822	53	30	won
15d1b191-aad5-45a2-b848-efe9aaa0844d	558	822	26	30	3
70727ac7-de6b-4bc4-aaca-167203a3fb98	558	822	26	30	.
450dfbd3-8131-45c0-8c69-9be0b7112868	364	846	49	30	car
58022f73-5582-48c8-a1aa-cf8bc3c91123	416	846	20	30	be
72f28c9d-b828-42cd-a736-f31329023f8d	436	834	26	30	elee
0d7ad3a5-2a6c-4524-87a1-f4a6743e8f9f	466	834	52	30	brother
7ecbc566-4c6f-428f-a69e-b608c52cb0e9	522	834	15	30	of
0b31cdf3-fde7-44b4-866b-5f62a361cc53	541	834	45	30	to
1eff42ea-585f-4311-9e81-724d8ebf7342	590	834	19	30	e
37a93c02-69fd-4b5a-ab77-ed800c780dd9	612	834	22	30	re
2123db69-d10d-4204-88f4-d4180f599a91	410	862	26	12	the
7ad22141-6344-426a-9ff2-ddb263e53e60	378	874	40	10	48
8c4163f5-273a-423a-b41a-29e935f2677b	378	874	40	10	-
b5bab543-67a7-4882-919c-9e0c20e2a85d	378	874	40	10	24
9958d49b-cd46-45f4-bd9f-f48f6b1459a4	378	874	40	10	,
aae84586-cdad-4ff6-a408-2ea132ab55dd	432	862	36	12	Son
703817f0-197a-408f-b369-6a66515eddb8	469	862	14	12	of
ec59d83a-ddb5-4960-83b2-053ca0818f58	424	874	54	14	208
336c1a1e-3203-485a-bbe5-666bc3c1e59c	424	874	54	14	-
a57be61a-61f7-4549-8055-413a921a23f3	424	874	54	14	50
1b54be8c-9e0d-4341-99b1-e37593487db2	424	874	54	14	,
fdd9eece-d726-4421-a59a-6e971dbd62fe	486	874	48	10	218
d2c40fb7-90b7-4491-b876-0e2814bbe6ed	486	874	48	10	-
b61e0b32-4b88-4407-a228-8b31577959ca	486	874	48	10	26
6802e9be-d300-48ee-9f9c-8e06be9a465a	486	874	48	10	.
373f111a-42dd-49f1-aecd-e2e78ca89944	540	860	36	24	200
a7ba17b0-5058-451e-946e-54e34e41a9dc	540	860	36	24	-
1011eea2-aae6-4e79-98ff-39588da79926	540	860	36	24	2
8370fda3-7c1f-4629-9a2c-3297bb5f2481	579	860	15	24	in
f1cdce1b-1ecb-4d77-8b7b-fd9140373212	597	860	43	24	519.3
a89be71f-1b04-4b0a-a861-c650ccd802b7	597	860	43	24	;
7085b940-c83d-4e5a-88a6-96831adc6e00	542	874	52	12	230
dd31d73a-6e84-499e-9f8c-035fb33cf971	542	874	52	12	-
0c8a318f-0aba-4e13-b931-ab7cb16367a8	542	874	52	12	24
822251c4-c746-4cc4-8eee-25369d0ac077	374	884	64	16	rendered
1acb64f3-0e4d-486f-b7ff-0d410336ab4c	442	886	37	12	unto
4012788b-6a39-45d9-8366-ce745ab4af90	481	886	37	12	Jesus
33f51cb0-df81-4e1e-a2fd-cefc0d14f442	526	886	19	12	at
1e9af504-bc1c-4375-a985-ed9d9d7439c6	547	886	29	12	his
bc4298d6-c842-4626-884c-4215f9073ca3	578	886	56	12	visitation
30782473-37a6-4466-8f85-7c769fca137c	374	896	20	18	to
a5038002-2343-4ace-b524-d6fe890d48cd	397	896	27	18	the
5ac034f1-8df1-4228-a8c2-40fe9850ff35	426	896	70	18	Nephites
e5ad957d-e668-451b-b47b-9f04c202a8bf	426	896	70	18	,
ea393dd4-d2d2-4c9f-b03c-c2543cadddb4	494	896	48	20	439
027a8012-09c7-4cd0-8fd5-4af181a691d5	494	896	47	20	-
67cb8905-f0dc-49e3-999f-f3674074e449	494	896	47	20	9
8b19b6c9-9de9-4626-8bf8-893c58a02d9e	494	896	47	20	,
fd8dfe62-ea66-4765-a250-953af20bfbef	544	896	22	20	10
b87e7120-9d73-458c-b8ec-be8ffecb62a7	544	896	22	20	.
