ID	X	Y	Width	Height	Text
392c4a91-2db4-423f-afd8-6b593e8c14bb	284	52	64	16	INDEX
4f503468-e261-4362-8c02-1085c3b5e31a	570	52	32	16	551
43e23e2b-439d-4250-a8fb-ab1bf3ca8c52	40	80	40	12	fonte
43640722-c139-4987-8392-184fddd5036b	40	80	40	12	,
80b88ac1-8cde-437b-870a-c2fc4fc29ba6	82	80	44	12	found
de200128-e68e-4085-a11b-3c23dd51390d	127	80	38	12	upon
fb587b50-d0ea-4c10-b19e-b80bc1c24d40	166	80	65	12	promised
84ce915a-9a34-4041-8c24-0870c9b69230	232	80	36	12	land
c12172ae-b95f-4989-bfaa-09efa7a25ac0	232	80	36	12	,
ed30327c-7393-4123-87b3-b5465b0263cd	270	80	45	12	40
a866abce-4db6-4e37-9e1b-a9d8650d6d26	270	80	45	12	-
0fc8dbc4-6119-4ea3-b4ef-d074ea6d03d3	270	80	45	12	25
304f4e65-2cec-443b-a758-cf80cea8438a	270	80	45	12	;
d9aaade8-5341-45b3-8335-4fb8fb185b1b	316	80	6	12	|
7af0db8f-239c-44b6-bd51-5da4a8b423a8	324	80	40	12	Heat
3ddeaac4-8ac2-4c1a-8576-082ad4880160	324	80	40	12	,
d729a0ae-8d3e-4a9f-b1dc-7183fb5a19ad	370	78	61	18	fervent
2768daf0-74d0-4090-af78-057dc603f421	370	78	61	18	,
a6f36d07-1742-4a62-9fcd-7c75a2ba98b8	433	78	25	18	to
6e372d22-cf36-495d-8c06-1f06ec17849b	460	78	40	18	melt
70056aca-7ccc-4ec4-af8b-f12c645009e6	503	78	29	18	the
7dddc10c-404c-44de-ade3-156ac37b8821	534	78	72	18	elements
2e7b385d-5850-4e04-be54-955c3e2583c0	534	78	72	18	,
bccccf26-d8f1-4145-9108-d131fb2998e5	48	92	43	12	raised
470b6fd7-0058-4138-8c48-75681ea43819	93	92	22	12	by
e52b0d03-55d6-4dd1-850d-4b6c883910ad	117	92	66	12	Nephites
fa1f855a-50ab-444d-a713-f3f80c4a6143	117	92	66	12	,
9737a2f9-b46d-428f-8117-557ca27fa544	185	92	49	12	127
31f69c2e-3f5e-464e-8934-dccb2498ad43	185	92	49	12	-
54bd28cf-0b2e-428c-8a3e-922215972302	185	92	49	12	21
bc2934b4-2c9d-481d-a880-13166addeba0	185	92	49	12	.
5222ca3d-5653-4c86-a0fa-27bc8bd07640	336	92	42	14	448
b0dd0625-35af-4340-8941-ff85874d205a	336	92	42	14	-
07ee205b-5a94-4d7f-8e94-3abd860baa2f	336	92	42	14	3
5d98d638-52cc-48dd-ab1a-2da6db583836	336	92	42	14	,
4eeacb12-79dc-473c-9530-43f2dd8eca83	380	92	42	14	475
87052395-5e26-4fe0-9122-dda829de4027	380	92	42	14	-
5ef27363-29ed-4bc2-a628-562d0fa08164	380	92	42	14	2
4dc1426f-5628-4972-aa2b-1ef358913b99	380	92	42	14	.
6bcf14b5-022c-41bd-932b-7f2ba641407d	138	102	46	16	19
da1b25d9-6867-4a18-8b58-14fa5e87a2a0	138	102	46	16	-
c68d816f-15ec-477d-a09a-3d22017ac064	138	102	46	16	22
360f429c-4a2f-4178-9632-153e5b902ca3	138	102	46	16	;
ca1ff881-f1b3-46d8-8aa7-d4df43d92cf9	186	102	52	16	justice
0cc64953-3fa4-4f77-90a5-8d491f1e0f53	270	104	44	14	21
cceb47fd-68b3-4512-b2bd-0d9cb92940c3	270	104	44	14	-
585da4b2-253f-4dad-9944-43042f4c3310	270	104	44	14	18
c2ce8894-a41c-40a9-bbd5-2eb7409958f5	270	104	44	14	;
63230887-1796-43e1-9fdb-3c4f4ae87ca9	326	102	61	18	Hesthen
8e7080ec-d971-4277-b53b-befe4c392dc6	326	102	61	18	,
6f923971-9968-42cd-9987-bd5b838fcf35	389	102	92	18	remembered
21540bfb-7305-4132-b19c-fe2638937e70	389	102	92	18	,
d18cfed0-0810-4ee1-a5e9-0ce258311f6c	484	102	45	18	95
ce04207e-300b-4729-b7f1-d121315b5e21	484	102	45	18	-
b6c9be91-5730-4269-b222-8073ae5030fe	484	102	45	18	33
7ecb8bea-765b-4c96-9aa3-6a1680d22808	484	102	45	18	;
66645f9a-5c36-4283-bcf5-677b9e58904b	531	102	73	18	vengeance
f7aaabba-966e-4e9e-addc-692dd5ba0b03	48	116	42	14	yields
2e3dbb46-0495-49c4-8994-0988b9d37f3d	92	116	52	14	himself
e7aee21a-e82d-4800-a147-586c2fd1d877	146	116	19	14	up
3cb235ba-537b-4c82-ab1d-33f3513d6c1a	167	116	16	14	to
1da9018b-6b46-466c-9d7b-ee42b86dd4e5	184	116	17	14	be
afd94cc6-ca3d-4f4b-988e-f36f87ac6615	204	116	65	14	crucified
6c8ed73a-da17-4441-949c-2c533928d16c	204	116	65	14	,
38a10cdd-d947-4813-995f-5e970d0730ef	270	116	42	14	41
6c86d488-3c2d-449a-9e79-9b2bb9aa9d06	270	116	42	14	-
e14aea1b-f2fe-42a3-b17b-6e199291299c	270	116	42	14	10
bd49d564-19d3-44ae-ae88-2d7d3028ad88	270	116	42	14	;
b80f78e4-115d-4194-84ab-44911d51bfa4	48	130	16	10	to
abd8a46c-6605-444a-810f-04ddeb58a363	66	130	21	10	do
f0596dce-5229-4f4c-9d63-405880a57d89	88	130	75	10	marvelous
7eaba634-4a1e-43dc-8337-e1c37c64b2a9	164	130	36	10	work
197e8f13-6a54-4166-b000-ba14a96566ba	480	118	44	12	443
d8618775-0766-40e9-a405-cd36df2c19b7	480	118	44	12	-
2b17a88f-d6d0-4481-b5af-7dc863d71e24	480	118	44	12	21
21bf5309-54ae-4ef7-90a9-5d2d7500e84a	480	118	44	12	.
f4b6b8fc-438d-4687-9920-56a7aca07f3b	200	128	51	14	among
99310a11-f76a-4ebb-82e4-902988c30726	252	128	62	14	Gentiles
71c494e9-4210-4813-8723-97231f0e5014	252	128	61	14	,
1e98eb92-fd23-4ba6-90fb-08d16063634e	48	140	36	14	47
f2e03c7c-cdc3-4bb9-9452-918f62d5097f	48	140	36	14	-
86dfc03c-39b8-4fb8-9911-3bb86189b38e	48	140	36	14	8
0cc344d1-5789-408f-8e7e-647163b6d80f	48	140	36	14	;
79fa7e5c-880a-45e1-a10f-66c5ec1a1497	94	142	66	12	greatness
1728b73b-c6f5-47f0-90fe-042744c111aa	192	140	42	16	52
fbca4ac8-0455-4cc1-91bd-77280692a7bc	192	140	42	16	-
fc1a0d41-b579-402c-bceb-0e17287bb05e	192	140	42	16	2
bdd637bf-beac-459d-b82c-ea497def7e41	192	140	42	16	;
adeeacb0-9934-48d5-b8e0-974896d6373e	242	139	72	16	command
6fe473b0-69bb-4352-966a-07fd2e22ce0d	242	139	72	16	-
27bb0271-19d4-4cce-a0c0-e2518ccd3382	94	144	38	22	given
91d0ca38-ab95-46fb-af20-6621f22bd4b3	135	144	25	22	by
10dab849-03ef-401d-b2b4-34b79ebae348	135	144	25	22	,
3e4e756a-e6fc-4d6d-bdd5-be0c2fce5b3a	163	144	44	22	54
79ce2ffb-b399-4c55-b914-c7c0e8031bfb	163	144	44	22	-
6c25f336-1798-4fd4-8171-598afaf7b42c	163	144	44	22	21
dd4ce0b3-6b39-48bc-ae0d-5e2ff74cebc6	163	144	44	22	;
85b7f621-f74d-4f6c-9430-d823b7fda002	210	144	22	22	sin
c2bd8df1-a87b-413e-a673-1ba07d7b55a3	234	144	78	22	abominable
125dfd32-0624-48fd-9ed7-f2ae885bd267	335	115	52	36	cores
0f27ed09-6088-44ac-975a-6d4a1a358127	335	115	52	36	,
283ad7b0-50f1-4294-b250-c19c7dcf3231	390	117	56	36	boned
5410702f-acb7-4fc2-83cf-cc88ea6091c4	390	117	56	36	,
3fedb3ba-4639-448c-95e5-f55c19209707	450	119	14	34	to
65a8e331-9fb0-48ed-a0bd-a1ff70e74541	467	119	52	36	Better
96c638fe-3b9b-4a8d-b87f-2583e939be91	522	121	85	37	amphi
b6030c65-0eee-42d2-96a2-d297fc5ce430	522	121	85	37	,
b4ad1767-7d59-4045-a755-e12b9cb8b21a	48	154	44	12	ments
e60490a8-74de-47ab-b5f0-e74c34b6841f	338	142	40	12	18
060460ff-3b88-4685-88af-82381c73d5f0	338	142	40	12	-
5cda3ad9-c58a-4b54-b3f6-8341d9e81f68	338	142	40	12	14
fef4ce86-efea-4edb-b794-6885900dbb05	338	142	40	12	,
5024fe6c-9fba-426b-9307-05d48fc8ed3a	338	154	56	12	372
6ed247cc-0818-43ca-ab8a-b05477b84479	338	154	56	12	-
0b25bf2d-320a-4729-bbd7-1ade26b9a194	338	154	56	12	48
da76c650-2c18-4441-85b3-8897dcd737bc	338	154	56	12	;
ec989655-4f90-436f-badb-b64a131e21db	394	154	40	12	where
ddc24fc2-aa04-46c9-9285-29111fd9185b	420	145	13	26	ie
7f5bc2c8-25d0-4af9-ae2c-9d895df7f58a	436	144	30	26	God
45b43353-e0d5-46b4-8414-c530f0b9296a	469	144	52	27	dwells
e7e05c8a-f932-4d23-810b-bf90a7b0a2cf	469	144	52	27	,
e0414d83-aa31-40d2-a733-b2b833ba03e1	524	143	48	27	242
4006e771-41e3-4983-8b4c-98ebce5d04bd	524	143	48	27	-
3c870543-0ee0-47da-9c5c-3fac61233400	524	143	48	27	30
564b114f-9834-466f-a056-0e8b3680944f	524	143	48	27	.
5406b4c7-6ee1-47fc-9fd4-1ec5d433add0	48	166	37	12	unto
3002baf6-567b-429f-a995-f339774b786b	48	166	37	12	,
40da5ee9-42bf-4d6c-b032-3248462b32f8	87	166	49	12	109
ffd0d6fa-f89b-4918-b109-775a46e00723	87	166	49	12	-
c360de87-7783-4229-9128-5ac6a15f54ab	87	166	49	12	5
85a88f5d-fb99-4352-8e68-bf786362eb2c	87	166	49	12	;
e5059065-e666-47f7-9d5b-6ec049c201d9	134	166	76	11	commands
a33ea4b5-4d50-4f25-9bab-01f7038ab1ee	212	166	42	12	there
0b977b31-e8a3-4129-85e6-8d5d4652f913	256	166	39	12	shall
2da6dda7-1771-4b29-8e7e-054aa9b8627d	296	166	18	12	be
8bc6bd10-6ddf-4c77-9468-b04a3ee08cab	390	166	56	14	follower
0b3b366f-9e05-4573-8ddf-b1b349c9885a	448	166	16	14	of
d907e97e-17b3-40d1-b0f3-d420538cad6e	465	166	35	14	king
ee0e44c1-2a2a-4730-b6a7-b9eeaf6429d3	502	166	40	14	Noah
2d006c82-f95d-4acd-a099-40a66075b287	502	166	40	14	,
41447fde-f057-476a-bf49-5b52d679ec1b	544	166	60	14	baptized
89b0b6de-3342-4c5b-811a-490ce372a7ac	154	178	38	12	95
c3eee4d1-acf9-48d8-b1cf-c6abbd154a9d	154	178	38	12	-
0dd3775c-8731-4d09-b13c-ae1251b619b9	154	178	38	12	29
4ac247b4-457c-4cd8-9998-cc2a71b84669	46	178	16	26	19
6e9fe321-c3f9-4b26-a04f-74c6c074562a	65	178	107	26	prichangeable
a747c96e-452a-4355-8ec4-4d8517426b55	65	178	107	26	,
4d2833c3-3845-45cb-ac15-7317161628c7	176	178	19	26	51
e49b0ab1-4d0c-493a-a9b3-87c8b7ff614c	176	178	19	26	%
e6e5790f-87cc-401c-803d-b6dc3b2c8654	199	178	16	26	98
11341983-4d59-49f7-8c76-99a30417dfc5	218	178	62	26	miracien
ed3cec98-9edd-45f4-af56-db00ced98a02	218	178	62	26	,
ada7aba5-c9b3-49f8-aadc-0356e0fc461b	283	178	29	26	416
9046d262-5c59-4f02-a56d-c6dc7bd79252	283	178	29	26	.
9282283a-9666-462f-b62c-0caee00a1233	38	204	34	12	Gold
03fa0751-b14d-4da1-9f6d-6abe460487ee	38	204	34	12	,
2a04425b-d5d2-4bdc-8fa0-630b0909452a	102	204	25	22	red
3a88499c-3906-4b65-8600-26e5106c07a3	130	204	19	22	by
7586b691-6f6d-44e4-ae4b-9d74de2b2a90	152	204	25	22	the
53b2ce04-b9cb-4961-a0ca-f0e3b952d2dc	179	204	80	22	abominable
b44f4bae-1aa1-43e3-924a-dd298bcdc1e4	262	204	48	22	church
17de3cd0-5f43-4071-9580-56870d25bb19	354	187	23	23	I
407bde49-2b08-4746-bd12-978e1c49abd3	354	187	23	23	,
5d3b9a25-c840-407a-b32e-c175f2c68371	378	190	55	27	citook
b6b3de2a-2473-43a3-b16e-822fd0dd811b	432	197	20	23	of
a185d074-d45d-42ff-b9a6-7e48032e2960	432	197	20	23	,
ce265d0e-502b-4d00-acdf-1fd0c0b17822	46	216	36	12	22
a053f13b-6bfb-405d-bc9f-8f5c209cf772	46	216	36	12	-
79511844-c8f6-424b-ab9f-154a69849573	46	216	36	12	7
8dd13021-c65f-4301-bd4e-e17f17a5203e	46	216	36	12	;
4504a30a-8c39-4b98-a72b-88b38caac552	46	222	47	33	people
ab435a24-d815-4b8b-8fd5-2a723c209395	95	219	51	33	taught
874618e7-3ecd-4d39-a794-ea96c154c2b8	147	218	17	31	to
f47d0513-f3ea-4893-b6e7-54ab1b47d4bc	166	214	58	34	worked
328715d1-04ac-4e30-bec9-136b7679ac56	226	211	47	33	lands
3198b04e-f3ce-4308-97fe-c86a41c42051	452	202	32	18	359
7b0fcb12-decc-404e-a9ee-9c6733388847	452	202	32	18	.
a24d9e60-1aec-42de-9107-6e9819fe8f59	268	214	46	18	40
1c2a2ed2-39a6-4865-9099-a4f3d8a54331	268	214	46	18	-
b23f2599-b6fe-476d-9305-86761b38d6e2	268	214	46	18	25
2dfcf398-af03-40c9-96e7-52ba88ebd54c	268	214	46	18	;
7a60abe0-4206-402d-a10f-2996b99a58ed	446	213	37	14	king
af8a426d-a9db-4959-8be9-29906136b631	484	214	74	15	Benjamin
067d509e-1d79-48a2-81ba-f5538cff8089	484	214	74	15	,
dbeb1488-1e43-4eb9-b0d3-8568982496bd	560	214	40	14	134
fa91642b-2cb7-4445-ae63-bf9a5ec5ebff	560	214	40	14	-
daa70cbc-bf94-4a27-ae74-d25c12dc4978	560	214	40	14	2
c645e422-18fe-47da-8424-45358ddf4731	560	214	40	14	.
dcba9472-a629-4c50-af93-5c069315e13f	50	254	20	12	12
67c3f7c2-d06c-4dbd-9af8-19ac380ce584	50	254	20	12	;
1fe5b678-a719-4ae0-b193-ecbd377caecd	82	254	46	12	people
ac1124f8-9bb2-4c06-8127-f317f53395d5	152	240	46	29	Liade
0553ead4-9da3-45f3-ab8d-6e9cd1225107	199	235	58	29	because
69b3965d-90d4-495d-a076-82628396b7b9	258	233	21	26	of
9bd6bda3-7f14-4e8b-8834-1df256d0d7d7	258	233	21	26	,
545c129b-e293-452b-afe3-e11a68e4c7c2	280	231	32	28	110
45291247-3053-4d32-9ad7-fb3bc48b3063	280	231	32	27	.
61e18e34-7a3f-4e54-abcb-a53a753ba4ef	442	226	40	16	Alma
24e33288-c5a4-4f2b-bf63-867d5bce199a	442	226	40	16	,
bd5a575a-14bd-46a0-8c02-2a86b10b92f6	484	226	44	16	274
eaf4c89f-249e-4a97-a2ed-264551daabfd	484	226	44	16	-
96316871-7183-45fb-aa8e-18e9a757796b	484	226	44	16	7
21561653-3819-4d72-a81e-e7c4d9904409	484	226	44	16	;
437c42bc-da38-4da1-9794-3e16f007a51c	530	226	74	16	instructed
d558f1ec-72bc-4ff8-a96a-68f41d5f7e78	364	240	36	10	Alma
03ba167b-3d1b-46fd-b7e7-798cd8494ec2	234	254	54	14	tribute
bde4e225-554b-4669-ac46-d4570e631d6f	90	256	5	22	;
879fb730-1bd2-4a64-88f4-e748b77c2310	98	256	47	22	peopie
65b4718c-014b-4bf7-bfdd-2fdb8f085e85	148	256	33	22	have
c7bd4763-8f1b-4399-984b-5da7c4253aaa	183	256	74	22	abundance
0adf041f-5bb1-4d6e-9536-1b2b609e91ee	261	256	19	22	of
1c6ebd91-1ebc-4d5f-b6a7-a4e4198911b5	261	256	19	22	,
4511cbfc-1c61-4877-a340-20e624bbafa6	283	256	27	22	197
9eb395b5-f367-4da5-a621-2f210bb451f1	283	256	27	22	.
b07a2de2-3b8d-4d25-a93d-c87e37e955af	335	241	44	25	288
4f95c893-88da-450d-ad12-3a48fcef7903	335	241	44	25	-
47bed97b-6e56-454c-9566-f43f94b0d1d9	335	241	44	25	2
ebd53f46-b6e9-497b-b661-5d2d24228857	335	241	44	25	,
fe52fd67-8967-4a61-b4b6-395d7463d331	381	243	54	25	289
618458bc-a710-4c5e-b1ed-873f04118429	381	243	54	25	-
5f46c184-0967-407d-96ba-837b24c8db43	381	243	54	25	21
cbb3cd39-36b5-431d-a342-b196131b0bc8	381	243	54	25	,
7443a94c-4cbf-44c9-92fc-1cc98a2e8a10	462	242	56	10	receives
8c0d7840-97e5-4251-b2bc-06a325f81755	522	240	32	14	the
55986968-3c1f-4a38-8279-7f1a2bb40a7b	555	240	49	14	plates
95974fb2-3c4f-4e7f-8315-e534b12f49b0	555	240	49	14	,
11c9a760-af25-49b0-8d97-28b93d922b3e	48	266	42	8	17965
e3cc3502-5212-4eb1-a50a-40d3dc4aafe7	410	240	19	26	21
9715dd33-a58e-4595-8fb4-4ffdbe790e12	410	240	19	26	,
ddfcfc6a-4ab9-47d7-8721-11f946129d42	433	240	52	26	324
eeab6f31-0b62-4341-a15c-f6c89b96f527	433	240	52	26	-
17b9096f-f648-48d0-b0be-2090ef1a5efa	433	240	52	26	383
c4094bbe-bc82-423f-9235-3d2138642f68	488	240	65	26	forbidden
2eba3a38-1d84-4d40-b974-94683883a1e7	556	240	46	26	plate
355e1d2e-7fad-41da-a471-9811b35b7ee6	556	240	46	26	.
cf3640ef-8e85-4c7e-82f3-77d3b2030455	50	278	22	12	29
1362bca5-572a-4bdf-aa18-1bc7034e3690	50	278	22	12	;
65ec8056-490a-4156-86ad-345b34b42ad4	74	278	42	12	coins
78481151-b62e-42b7-be19-60e7c041239f	74	278	42	12	,
bc9c091f-50e4-44e9-9a9d-0c616d396662	338	264	32	14	veal
fa090ecc-622e-400d-8e66-5d1b735d49a5	424	264	44	16	oaths
e209134c-fb35-4461-8c2c-d6d85da422d8	424	264	44	16	,
a294c534-885d-4421-98b5-dfc6b260d5b8	474	264	52	18	290
85b1f78b-e1f3-42c6-aff3-5c48cfa64d7e	474	264	52	18	-
d106675a-65f4-482c-8b20-2060a1f5d461	474	264	52	18	27
414d587c-2c02-486f-affe-ad1bb8e5f845	474	264	52	18	;
3cf7e7fe-51cd-43a5-8fef-dee331840857	528	264	76	18	instructed
d1b149c3-4021-4adc-8d76-f2e0824ed368	34	290	40	14	Good
45cbd07d-3f3e-4ce9-85db-fbd98242e8b5	34	290	40	14	,
9d486d90-0103-4093-969d-3cf7ea41410b	338	276	38	14	about
899a81b5-4b92-4d03-ac08-c11eed9d2e99	378	276	59	14	Liahona
fb02c2da-7ece-4ebd-8212-e6e612fdd49d	378	276	59	14	,
b9bd4f09-6a4a-4c8a-ad4c-fd424d97aca0	439	276	49	14	291
4bb6cf75-f1d8-4526-8e00-287405386dec	439	276	49	14	-
651ce59d-74ec-4d61-915b-ffdc78d03d5c	439	276	49	14	38
43eed033-9457-4d76-ad4a-6c9a4cc453b5	439	276	49	14	;
96e97aed-36fb-42d8-bd96-9bf7db6516b6	490	276	58	14	appoints
017bf8ec-919c-405b-8271-822640ace200	550	276	52	14	priesta
d8889016-8f46-4404-a8b7-134e4aba3038	550	276	52	14	,
dc2c6916-811e-43ac-9fc3-3efb6d7de112	82	292	61	12	inspired
d79b8a0c-9606-4e99-90d1-4ad01e56ec5d	145	292	21	12	of
b0e86433-f75b-4088-9db2-48c8865eb250	168	292	36	12	God
b4ed5bb6-b503-4991-8f76-371053510f58	168	292	36	12	,
8dc84ba4-e02f-43bc-a3f4-6a1704d17ee0	205	292	51	12	208
f7f7ca19-b9e9-46b9-a842-3019b23eef60	205	292	51	12	-
b718f69e-8453-4ca9-b9f7-e14a4cf7e1de	205	292	51	12	40
dec89974-f866-4c86-93ef-15fc0a80e533	205	292	51	12	,
33640c26-11a8-48bd-bc83-f87edf8590e2	46	302	60	16	children
333bbb26-41d0-4afb-84a5-aa33e97dac66	104	294	16	26	of
8349b4ea-8026-468c-a6a4-8b7825f4b759	123	294	32	26	men
09af04f5-b782-46e0-8ef7-05f5976dc105	159	294	32	26	slow
913e50d8-f19f-4ebe-a1b2-c0d497898b0e	195	294	16	26	to
50713d07-e622-4ab0-8467-81edebb2c410	214	294	23	26	do
ff93504e-af1b-4c63-80ef-52ecb889ee82	214	294	23	26	,
20f8a58a-c5ae-47a6-a199-fd0747d39d2e	240	294	74	26	388
4390ea06-05b8-4803-9473-caf2e9f41c37	240	294	74	26	-
e5e2f3e4-eecd-4cae-bbfa-c151fd77bdc8	240	294	74	26	4
0ffc84f9-f01c-4ece-a68f-1df35668db63	240	294	74	26	.;
7008519a-e6d5-462c-8cd2-1b08e9712d7f	338	288	51	14	309
9e0533dd-1cf4-4dc3-be74-c8303dc3bf3d	338	288	51	14	-
e979684b-7437-43ad-a1ef-07f72939f754	338	288	51	14	22
4be4f474-f787-4cb7-adeb-e5e7b87a94ce	338	288	51	14	;
222d0b0f-b9fc-4417-8fdd-1a3e38fd34a8	390	288	68	14	preaches
8751fc09-9875-44b5-82fb-595b8ef1f546	390	288	68	14	,
588abacf-531e-49fd-936f-275ef80a5290	460	288	42	14	309
33f54643-efbe-4567-9970-da46b931f467	460	288	42	14	-
52d1bcb3-7364-434b-a9e2-42eb71292f72	460	288	42	14	1
a1301edf-4d82-4f56-ae86-3975d0ba49ef	460	288	42	14	,
fb007be6-0a24-47a3-a7f1-767c080e33bb	504	288	46	14	357
a904f826-cad7-4e57-86af-de6fb5c9f77f	504	288	46	14	-
ac333563-05f3-4670-984c-5de1c52a5cf1	504	288	46	14	45
ff3507fa-10f6-4274-99eb-5fad346f7e84	336	302	40	12	tains
32d1436d-c5fe-4367-9457-f2671bf4b1fb	426	302	18	14	in
68b2fe32-6a93-4a12-8a61-4705157a2906	454	302	54	12	church
ddd930de-af3b-4f76-a59e-fefcf399a317	454	302	54	12	,
13e946c1-cb01-4a2d-befd-67d8c2dbd1a6	562	290	40	12	main
96e9845d-993e-4298-a28f-09d07b807a3c	562	290	40	12	-
29b5ee59-56c6-4ef2-9ac5-6499f66665fe	570	304	32	12	рег
14e535ee-ffbe-4f3b-9cbc-4281c9f8e0dd	570	304	32	12	-
68250fa8-102d-4422-baec-1b5d60320d3b	37	313	53	17	Gospel
a2dcc7e6-264b-4da3-926f-bbc1564aa1b0	37	313	53	16	,
835d5acd-773f-4b44-84da-05a882054eba	91	317	24	14	to
8dffbc64-4ac6-4068-90e1-664a49fafc3e	115	318	21	15	8
f7556311-3521-47d0-8d96-48cd39d08e34	115	318	21	15	°
eb548999-daab-489a-a681-e284a6ca2318	230	316	48	16	24
e231f588-3fcb-4466-ab11-9df6c2545f0e	230	316	48	16	-
ff5e46ad-1232-43f0-9b99-43fc2aa65134	230	316	48	16	34
b2efb7b7-1f86-4756-b908-6f1f54440cc5	230	316	48	16	;
22bb2ac9-6f75-44f1-a567-95b75f6052da	336	312	48	15	suades
da963cfb-b327-4f9f-8c81-3afa2c34fea2	376	314	6	26	3
7ffc77d7-a954-4f1c-b753-f07923d282fd	386	314	42	26	8598
73bbbddf-2771-4cac-9f62-8888b90b2b8d	431	314	36	26	leads
98aeff72-2818-478f-b339-95077ae483c0	470	314	44	26	2,000
7aa0c821-0161-48a4-b575-8a99036749e4	510	292	27	36	not
ecaa29b6-eee5-4247-a32c-013c3d1c6179	542	292	18	36	so
149c1d2f-8d3d-480e-a241-6fc3c490ee98	564	292	38	36	real
d85cd4c6-6d06-4157-856e-230734af0c54	90	330	34	10	parts
02544181-a797-48b1-a772-7a080b670684	134	330	16	8	ofa
c8e11453-b3aa-40b3-864c-9e6341a10d8b	158	330	38	12	taken
57bf8761-f625-404c-ad1b-8e2f0a4fe3b7	204	332	34	10	away
cc3e3fc8-92f2-4cbb-a56c-f5d49819b3c8	248	316	45	28	2012
9c99316e-44f7-48ab-841a-169528ab15d1	297	316	19	28	г
6ac56dab-8f4f-432d-936b-ac54ac1f9a3e	297	316	19	28	.
d85307f3-b49f-492e-8d4c-4f7efa214a83	472	326	38	12	2,000
1ae5cfd7-4b3e-45de-9052-e269e695db99	512	314	28	12	not
26049abb-dfde-435d-9af2-2a0a941e673f	542	314	18	12	to
c67d34a0-a783-42d4-bd5f-79db235b836e	48	339	18	12	be
bbfb7987-ba84-4765-a5a6-33c0966f1f98	67	340	53	13	written
b1c55ee0-1b11-473c-bb53-e94420cae099	121	340	23	12	for
a993081c-6e71-44e2-ba6a-b1120765a521	336	326	58	26	monies
2c464269-8803-4b75-8f70-ca5ce50e02ea	336	326	58	26	,
6385f2e8-0ea2-4616-95d8-2f94e86ca7c0	398	326	49	26	332.19
706aed90-af68-4ac5-b9e7-bf576bd3450d	398	326	49	26	;
5162bef3-24dd-440d-9666-b8af64a60393	450	326	45	26	wrizes
501c0a4a-de51-4ce8-a6d9-7ee094574462	498	326	13	26	to
84874e41-45d6-4e66-bd3d-4d06127263a7	515	326	32	26	or
54686f89-05cd-4949-875c-bc55430573db	550	326	19	26	of
cd9bce70-348b-47c8-9deb-bdee62e5ba8e	550	326	19	26	,
97738d5c-fa7f-43ab-af2b-b28d17f6b147	573	326	29	26	337
e503c823-7d2d-43f1-a990-011a25eca594	573	326	29	26	.
9f8f9a3f-c1f8-4830-8785-205a5d082905	50	356	44	16	among
f02f8b50-0f6a-440c-ab4d-19c8e1c46efd	94	340	63	28	rent
9d3d4e71-e9c8-4238-b7bb-b2b71a784c8b	160	340	14	28	of
31c62631-3400-4f10-a612-6789721866b1	178	340	34	28	ileed
50e1cdd8-05ad-4c5f-8922-d6db5940b191	230	340	18	10	35
3d563f84-dff4-4035-aa94-81159d09a541	254	342	58	12	declared
1c0841ea-c378-467d-b870-d1f9ca95adbc	214	352	15	12	of
700e89cf-be56-461c-bb5d-5b7effc11946	231	352	40	12	Lehi
6bd0da09-50e6-4876-8b8c-ca4027258268	231	352	40	12	,
48d23b76-8d30-41a9-8037-18127e214fcc	270	353	44	13	102
826ddf7c-cd39-4606-b060-92e08db24815	270	353	44	13	-
8bfa11fa-c23b-4434-8fd0-27921c0aee44	270	353	44	13	5
bb890a7b-0f7b-4a38-a4f7-8fb30d5b242c	270	353	44	13	;
670b5866-2248-4abb-afb4-ea317e48c3a4	336	350	17	14	1
fa2f2dcf-003b-4303-a3ea-ef309658ccd5	336	350	17	14	;
2e509306-75e8-487e-9178-8e9c167fc1ca	355	350	52	14	sasists
6de7ac12-6d8f-4aef-9492-2cbb5d626f8f	409	350	61	14	Antipus
fa9976b3-14cc-40f3-9abe-6a3acbb646e7	409	350	61	14	,
d5d00791-3895-4ecf-b34c-37f07be8a194	472	350	46	12	338
8807bbaa-d642-4969-8ca2-fcb41e4eeed5	472	350	46	12	-
272157d2-c83a-4627-b2f6-e77579b38aa0	472	350	46	12	9
ba4da8a5-b489-4db8-8c93-aa86871e02d0	472	350	46	12	:
ded71b20-cb20-4a32-848d-6eb9b8891efa	522	350	59	14	marches
049d88e5-9d02-4552-b3fb-07e386af0bf7	583	350	19	14	by
ff2f2885-0c90-4562-afc0-469f4efd8800	48	366	38	12	churc
00366c54-e828-4460-84c0-b6ba51b40b0e	102	366	38	12	built
f3d473c2-c485-4d3d-8e64-c06951b22a1e	142	368	40	12	upon
7ca9fe67-c754-4f8d-91e8-196b3864c9aa	142	368	40	12	,
8251faf3-fdd0-4944-bf3e-1e4a676ef3db	184	366	54	16	450
fcc7235a-4410-495a-8ea4-8888b530b630	184	366	54	16	-
d6ea13bf-f9b7-4679-afff-7a5408fd7772	184	366	54	16	10
2ba2a504-cb2d-4ae7-8c76-e0c563f5665a	184	366	54	16	;
ba9b95e2-b63d-4b68-91e3-5a222308309e	240	366	52	16	denied
07a84b36-7e16-4452-8d69-3184524159f1	294	366	20	16	by
c2d8b58e-9c9e-4ece-9544-1479a91b9e6a	338	362	74	12	Antiparah
55c54075-1201-440b-9633-e5ab03242a58	413	362	25	12	a8
80150ac0-ef76-4724-a5d6-48a8c074be04	438	364	12	10	&
979eaffc-9fbf-4eae-a8b6-78531775d131	452	364	38	10	ruse
19f94db9-2746-4287-b24e-5f36d1f55c36	452	364	38	10	,
23bb1326-8d55-45bb-9844-a4b39f5b820f	242	378	42	14	476
13eb774e-7120-41a1-89e2-302421c54647	242	378	42	14	-
69aabdce-26b5-4325-bc35-70726c391155	242	378	42	14	8
efbaccbc-df5c-44d8-ba64-c6ba3b4c7755	242	378	42	14	.
ef142c3b-ac1f-491d-907d-a3816b29ea4d	492	360	54	18	339
33bea932-10a5-4c89-8e87-86cb7c70b027	492	360	54	18	-
54fdc881-9734-4c9c-a497-bf017c4fe636	492	360	54	18	31
9c85f12d-5a37-406b-a388-1abf52e463d1	492	360	54	18	:
fde3f779-cc70-4cf7-afd7-7995818c8a75	48	376	42	14	those
f86ee9f0-dd5a-4cec-9ec9-3c0fdb0120a8	92	376	31	14	who
d1462f69-d1a8-4950-8ae7-55efeaa5f227	125	376	21	14	do
dae4d328-810f-4847-9d6f-bd8a994f8522	148	376	26	14	not
906bf508-58f8-4637-9c14-6847581f3dc9	550	364	54	12	returna
02fad551-646a-4a45-84e1-d89402418470	176	377	42	15	know
4f54d2b1-52b6-44a6-8af9-88ee3bfee22c	219	377	21	14	it
0cb8162a-0938-4a8e-869e-2fcdb90e3fee	219	377	21	14	,
9f03a278-2c92-4b37-a7cd-fe98585f52de	336	374	20	12	to
1573d94c-b14e-4b55-9690-18c86f436847	360	376	34	10	nelo
46f782ef-618b-4d2f-ac65-7d9383fa8024	395	376	31	10	men
e421d12a-e6ba-41b8-9f0b-c15ee7da0c27	432	372	22	12	of
0987a239-cd10-4c7c-8c13-61bd0c8ea5bd	452	374	66	18	Antipus
18d1faa6-6e7a-4f06-82d2-9b5732b237f8	452	374	66	18	,
433401c1-75bf-4ecb-91c6-a6aeb806939f	516	374	54	18	340
5bf40ed1-b0ad-457a-8db1-254f4f36ee74	516	374	54	18	-
dfd4e9fb-c398-4e80-983b-ea6c4ae76ee9	516	374	54	18	50
44b1df5b-cbab-4534-90b4-98869b4d744e	516	374	54	18	;
9c3f5dbf-f405-4e0b-b7f6-a4d9f5727fb2	36	388	92	14	Government
eb52cf3b-d179-4e13-a264-4874da12eb0c	36	388	92	14	,
71d3f847-ab4b-4f43-a527-4d0d7aece3a3	126	390	82	14	overthrown
96a8c741-5461-46c7-93a3-5303785993ee	210	390	21	14	by
f3870fab-7e78-4d50-bb67-ee76385ce1ba	233	390	44	14	secret
03477a93-3be7-4ff3-9a6b-f8d6e3c0b4ec	278	390	36	14	com
4277d6b9-044a-4378-9b75-7f7a4482808b	278	390	36	14	-
8468f354-fbd6-46d8-a868-2836330ce760	338	388	54	12	torious
161290d4-b802-4c0f-b31c-1d873c1a17ea	338	388	54	12	,
10a885b3-7f99-4668-979d-890f85d0a15d	574	376	28	12	vic
a2d688fc-8ca3-494f-b8e0-4aa6984c3c2d	574	376	28	12	-
9708f642-15e9-484a-b9a4-bddd6d3bbd0a	396	386	56	16	341
1c6a9dea-32bb-417e-9cf3-b54eb876e324	396	386	56	16	-
6e6d3cb4-8e33-42f7-a0b5-3e2820a62450	396	386	56	16	54
4ed094e0-6fe2-4295-a530-2f7f78797ebb	396	386	56	16	;
36b18628-1635-4e75-a21f-17d2a9f53686	110	414	38	16	Alma
4510835e-6e51-4629-9c8d-35cf98486c7a	150	414	32	16	the
277523d3-7643-429a-920f-f45080e8b669	150	414	32	16	,
7f936259-e02f-452b-81b9-58fa6c41da6b	184	414	52	16	199
a0c8a681-10f9-42e1-8503-8bf4d866b2d6	184	414	52	16	-
052433c8-bede-4428-9ee0-6e0b951b1394	184	414	52	16	16
e5fda2b2-45ef-4aac-bb84-13e731525968	184	414	52	16	;
84bdd014-d868-436e-a69f-9e6322b5b628	238	414	76	16	Lachoneus
f7fa3354-87d9-4a2f-8f7e-b277b72a851c	336	398	38	16	king
2c75a106-4d9c-4dda-bee6-c07091d025bc	380	400	68	10	Аттогоп
9922a791-6ba1-43d6-975c-a7e68a5fa8a1	380	400	68	10	,
b1ac9a9a-a4e1-4f66-9987-e159bec002f0	456	386	61	14	receives
af0f8d87-095b-468b-a221-5cd0ac9e0132	519	386	43	14	letter
8f8b8baf-cba4-4776-ad25-cb70d9c83b06	570	386	32	14	from
17db74a3-d864-49b0-b032-32d3850f67e8	456	398	28	14	341
7f4c28e3-7216-4d4b-b62b-6c7213cf7661	456	398	28	14	-
f9e82680-b096-4b0f-b2af-318869ec617c	506	399	49	15	makes
7d84ad5e-3685-4251-86e9-9c312de9f5a1	557	398	48	15	condi
6c5c0c32-f281-4a5b-b413-474292c42bf3	557	398	48	15	-
b94f7c20-04f5-4c31-84d5-fc4558b40eb7	338	412	36	12	tions
ed75394f-9cd0-4bc6-8578-f4edd25c820c	375	412	18	12	as
5b8efe48-eca9-4333-a9ea-a7722cf72af7	395	412	18	12	to
9f66692e-03b0-42d5-83d1-938237f01b46	414	412	68	12	exchange
66a65f0e-acab-41df-bdf5-e6337fc9c845	338	423	17	12	2
bab939bd-3a22-4f92-97d7-970270d988dd	338	423	17	12	;
40097a27-0c3f-421c-b7ef-69df68485427	356	424	38	13	army
330614bd-abfb-4599-be13-d28824dd8fc0	400	424	22	16	of
d036aa3a-6b9c-40bf-b1c1-eda05ec92c33	400	424	22	16	,
b9b49fbe-b6bd-493e-8dfd-0cd610463abd	424	424	96	16	strengthened
8783d2fb-3f6d-4acf-a40a-030a3a412ff8	424	424	96	16	,
298bf7c6-71f1-48fc-837e-18a6ff9e233e	522	424	28	16	341
6751a491-e872-404f-b9fa-03dbf2c05356	522	424	28	16	.
3999d0ff-4d35-4c28-946b-6b2788a5bfb9	572	412	30	12	341
f860b714-4455-4fa7-93fb-38e8a20d6fc5	572	412	30	12	-
69210cf4-1b41-4cf4-b1f1-ebbc69fc4646	236	438	50	20	114
1a460235-3417-4d1c-ab9c-73f1d23793be	236	438	50	20	-
3cc40716-3c43-4685-a9c6-0785247362ab	236	438	50	20	7
fc5764bf-3a56-4cc4-9b2f-02ec9d26372d	236	438	50	20	;
cb08c6e5-73b4-4c0b-b676-c6d13c8d8701	288	438	26	20	for
71f5e32e-1354-4e92-afce-0d3a5d86c43b	336	438	54	10	гоилав
208181c3-fcfc-4a77-a220-b5110818aa83	388	436	54	10	Cument
62084140-8fc3-4c46-87df-683961b2c004	480	403	18	23	of
b7d7a498-9bc3-452a-aebb-db3144fc9aa6	498	406	53	28	prisone
51416368-0f5e-466e-97ec-ac288f0c1fed	550	414	21	23	6
20581c32-04ee-4ee4-9246-be60318c8fc2	550	414	21	23	;
81c1a9e7-da1d-4653-b271-18b52d072b44	569	418	35	25	sur
baed93f1-fc70-466f-97a0-ca84462d6e9a	569	418	35	25	:
087f3519-29d9-4414-8e98-b894d266a4e1	538	438	24	10	is
64052e0e-acc2-476a-a4ca-51bb321abbe6	563	438	41	10	about
a8ee5396-e800-4815-b895-00e3bd3ffac2	504	448	48	16	345
0cc52ae3-bfc4-4860-9602-ebe233838a4a	504	448	48	16	-
02fb1987-97c4-4c86-b389-825cafc583c9	504	448	48	16	7
0f045849-d77f-4fce-9b38-a9dccee72e74	504	448	48	16	;
51a5a18e-17e3-4fcf-881a-3d02690d0156	554	448	50	16	decoye
f74c58ff-2d41-4ab2-bfb0-adac96b455c5	336	458	76	18	Lamanites
e3ab84fb-9a29-40dd-9c8b-ab09d1e9d1e4	334	462	58	26	returns
e25a5628-1a6b-42cd-8748-bccba8447f31	396	462	19	26	to
817c82fc-409a-4f3d-b7de-b0453967b45e	418	462	92	26	Zarabemia
2e552ef5-397c-4faf-b21b-f917822d3aa8	418	462	92	26	,"
32f15b57-6084-4236-b0ca-d5988762a9e9	550	459	54	17	346
0e5ce54f-2dfb-4087-821b-2e6714100abc	550	459	54	17	-
bd936f3c-1958-46cf-92b7-9b0ba9f8e10f	550	459	54	17	18
d9663853-0953-4f47-88bf-90c7816338a1	550	459	54	17	;
2cc5aba2-331e-4dac-a6d7-ceb18f821d8b	506	470	58	18	357
eb772616-d4b3-4c23-8558-896178a10edb	506	470	58	18	-
790a5318-342c-4f50-81a9-0f9125b36724	506	470	58	18	42
8a93978f-bdad-4369-a961-96779a61ff78	506	470	58	18	;
953c0fbf-c249-46bc-adab-27f5461a4f44	567	470	35	18	dies
8ab7105d-7009-4cb3-9796-d260779eff57	567	470	35	18	,
641985be-22ae-4347-a454-764ee242d78e	334	484	50	14	358
8d291df3-c016-4d51-a350-c800181b3a7c	334	484	50	14	-
17594705-9efb-485c-982b-1d58c0b0c4c1	334	484	50	14	52
8fcf7bef-0f44-4395-9593-72c3ae132f01	334	484	50	14	.
79456c56-e4e9-4131-9552-aa0d7a256df0	514	498	63	14	receives
02757cb2-ba2b-48ad-9a8f-61dc91243201	579	498	25	14	the
a0054faf-38f5-4e86-aa1d-81ee83626ac4	40	512	42	14	rave
6d8802e2-6b0b-4c96-a099-01e2e3b6ced3	40	512	42	14	,
371d73fc-be06-48e9-904e-be073cf006cf	84	512	21	14	no
d2254949-15f0-4815-962a-0e763e28303e	106	512	60	14	traveler
afd7b5f5-b867-4e2b-b8e5-985dec0d3a06	168	512	28	14	can
45b3c370-95ab-44ba-a63b-b21cdbd9c196	197	512	47	14	return
7f2d1f30-e2f4-4752-8283-e5ed7e7c22f9	246	512	40	14	from
50aaf91a-c969-4157-807f-5770b7bacc23	246	512	40	14	,
d2399383-eb62-4924-a7f3-d9325e4b813b	70	510	11	30	•.
1bfc69d6-cc94-46d2-80ab-a534f8ea78eb	85	510	19	30	no
cbc47514-bf8b-4d6d-8bdc-e98fc162a125	107	510	56	30	deer
bbd55643-f2ff-4cf5-b824-cf163b09865b	167	510	22	30	can
067f74c2-b459-463c-859f-b1193d02ac72	194	510	49	30	reto
254e47ac-b917-4775-ad2b-469562512495	246	510	30	30	for
84f19cde-f851-493f-a990-26655d0ffa77	280	510	34	30	ali
a02b6070-1ab6-47c5-bdb5-9b84b0b924e5	48	536	38	12	have
79168044-afe0-426d-996f-fe3b192a751b	34	548	26	16	Gra
89c0d7fb-ce36-4961-b0f2-e7be192967ce	84	537	60	25	opened
b0bc6da0-ec8a-40a6-a619-5e2c62dc2540	84	537	60	25	,
a7b25c33-2abf-46fc-8e0c-7621d0ee97e3	147	538	49	25	395
d6b2f0a2-bcf8-4dde-afcf-263a4cd917da	147	538	49	25	-
1fab1545-47ff-4a6a-a5c1-95ea4d040774	147	538	49	25	25
8f969994-8e76-4bc0-b168-80ad6611472b	147	538	49	25	.
d6efd891-235f-42d2-82d0-3d4e870e0eaf	36	560	18	14	Gr
9705446b-3424-4b41-a8b8-66db746f6784	132	557	88	19	abominable
601a83cc-5952-496c-ba83-471bb0a45af5	222	561	65	18	church
e3b7b5ff-cde5-451e-8f1a-9ee12c67e5cf	222	561	65	18	,
7bb02cac-3a2a-4fc8-8c5f-3faee65efbc9	288	563	25	17	see
7eef176a-58c7-4b01-b78f-c9fb45c189a4	54	573	47	13	hurch
8198c317-d212-4dbb-9609-4e6535c5b90b	102	574	20	12	of
81527834-56c6-4b43-b902-7e9ebae1406c	123	574	27	12	the
431c68ea-9d63-4fba-89fa-12a83885f4af	151	574	43	12	Devil
06c8c804-f8a3-454d-b6b8-63a37c067db5	151	574	43	12	.
7f8c60c7-5063-4013-921b-7aa7f1659b54	240	598	74	12	Lamanites
c93827c5-206c-48ff-b3ff-3e4796afe476	76	624	9	24	.
015d5be9-7a2c-49ae-871a-6665f6b0190b	88	624	42	24	68
d3ca17a5-4b03-48a1-a71e-c3400b9a7b95	88	624	42	24	-
32e81845-7ecc-4361-92be-6daf80f22771	88	624	42	24	4
1592b207-b7fd-4d2b-99ab-3ec576cf1ae0	88	624	42	24	.
00723268-fbd7-4682-a2b2-5f54e58dc0e3	133	624	39	24	122
f06df6af-fcf0-4dc2-9e22-298880f9f3e3	133	624	39	24	-
87e8149c-6b4b-4ceb-952b-06f4bb342e0a	133	624	39	24	9
a53407b9-e37e-48c0-8cf5-b03b1d6712c6	194	624	104	10	consciousness
8e18d29b-f56b-4f29-8766-67e6b0d3b1b4	178	634	52	14	139
f45116df-998a-4889-bc02-1c25807a46d7	178	634	52	14	-
bbc015ed-3eb6-4e31-9a4b-26a6d2bfba67	178	634	52	14	38
ba02dd0f-00b2-46ec-b44b-a3ccc39b9fac	178	634	52	14	,
4cf8b915-0d05-47d0-8773-3b0653d8edb3	230	634	50	16	141
2c9498f5-15fa-45a5-a1e8-767ee3a30dc2	230	634	50	16	-
42cf42e0-d7bf-4f41-916e-9b009e7764c2	230	634	50	16	25
9dbeadbb-98b0-463e-8c50-1fed23c01133	230	634	50	16	,
fe6b6873-08d7-4497-b49d-e0cda395369c	282	634	30	16	206
df872c11-279d-4323-a096-b2aa50e68dd2	282	634	30	16	-
e88d36d8-10e7-4bdf-9f38-ec11c5c1afea	72	644	52	16	223
335088be-53f3-40b8-9634-1e5968fc88fd	72	644	52	16	-
1c739694-f752-49ca-a110-02546c20b2c3	72	644	52	16	43
97c89a03-a80f-42c4-8cdc-7dff28d8190d	72	644	52	16	;
eb2bdd6f-c8ce-42b9-af89-a8538ea2f9da	126	644	50	16	racked
698356bd-dc66-48ea-9cb1-74fd726bd2fe	174	646	42	14	with
2fa12363-fa01-4f28-add0-e09e973d4620	218	646	96	14	conaciousness
0806e764-4521-4d14-9860-6896764edb3e	68	658	44	14	475
11e78710-d1f5-4c6f-a255-f0dace738f85	68	658	44	14	-
debed5c9-b252-46dc-9171-7f2213a50c02	68	658	44	14	3
e37ab947-9e27-4072-a326-61e567060dfa	68	658	44	14	.
16f3a26d-d929-4b55-9541-b68e0357f161	34	647	44	50	cute
52130e3b-80be-44f9-b4fc-eea5005a5093	84	646	38	50	lie
0bb0fe6a-3bbb-4637-be7c-316c8b18df8a	84	646	38	50	,
c79bb4a5-598a-423a-bac4-5643bc903eaf	128	646	25	50	take
add0c83c-a94a-41e2-bd75-2f5a8698b50c	159	646	25	50	the
6234b6d8-6c31-48e0-88c4-e85a2e3109ab	190	646	38	50	truts
855eb0f4-dbea-4601-85b6-66b623221452	234	645	13	50	to
3bc4ac56-e1f5-41a7-8a28-65b3f6954a29	253	645	19	50	be
5755a11e-1aca-46d6-924c-f222fe8eb634	278	645	37	50	hard
47b0514c-69e1-4280-a584-ef6fc10df0eb	278	645	37	50	,
4655b42d-bf55-4530-b623-d48ffdce996a	38	696	33	12	Gulf
8f0cfb4e-1b80-4bdb-8b55-5e8e43068557	38	696	33	12	,
38f7124e-ee72-42c4-8b89-d0da16e08807	73	696	47	12	awiul
1117c225-8361-4ed5-b048-363058126ae4	73	696	47	12	,
2e515ba3-52d4-4da0-9ed4-e5076987dc60	121	696	69	12	separates
763e4dbb-6d07-4cd8-a89d-a220df1dde55	191	696	53	12	wicked
9cf0c47d-5d0f-4232-8ad4-cb5d140d0e45	245	696	36	12	from
7271041e-996b-4a2c-a3ba-43e0cab1bce1	283	696	30	12	trec
ed4913be-d3d2-4364-b27f-d38d19e47c80	48	706	14	14	of
0cc3156b-bfc3-4ac8-a082-425bf3942a1e	64	706	28	14	life
4ba19153-3994-4f10-a197-3e7e5358e7a7	64	706	28	14	,
9a4938c9-c341-478d-a977-2fecc8bd52a8	93	706	44	14	30
ae833c6f-4627-4363-8e67-fa6bd6258958	93	706	44	14	-
df77d266-adcc-465e-8f0f-f329697a6647	93	706	44	14	28
bca3c1cf-499b-43b7-a923-97cb77ed4115	93	706	44	14	;
c2c4fcdc-1123-4f52-aa9d-3869baf79bb2	139	706	16	14	of
1330e629-c7e9-402a-8a64-d68ea98b868d	156	706	49	14	misery
3ae5b196-b12f-4ab0-80d3-5155e2b82bf3	207	706	28	14	and
da17fb92-f4d4-409a-a38f-786846d9cda9	237	706	33	14	woc
997d8245-885b-45d9-a081-5040018117a1	237	706	33	14	,
5ff99da4-d16f-4082-a730-92f558e24a06	272	706	38	14	50
a566ff13-2def-41b1-807a-ddee56c6bab6	272	706	38	14	-
55a5134a-57e3-439a-bdff-ac3d851fd551	272	706	38	14	13
ecbe9ce7-8183-406a-bbce-ba2121b33c02	272	706	38	14	.
b3973cc2-2858-4553-95f8-c6cc7a90665a	326	546	47	38	н
e58390e3-d062-4dc5-b2d8-79ff65b8cc66	326	546	47	38	,
d9f9e8b0-9b65-4d43-921c-377c4c9aa2b4	378	546	24	38	a
e363f7a2-5103-4a29-baa9-ffd8ecaf02fe	407	546	19	38	of
f429cfe8-020c-45fc-ba8d-4a0c3c3e5781	431	546	24	38	the
4739ae2f-8182-4a8e-91c6-8282b440a038	459	546	62	38	bretares
cc1edbcf-a0cb-45aa-9a6d-fd1ee2e80e21	526	546	14	38	of
ac03f1a8-b099-41d7-9eb5-f70be8be17a5	544	546	59	38	Ammon
5b1b93a8-4d9f-425c-b092-08e3a5d27d57	545	546	59	38	,
9d282f64-6229-47e9-b3a3-b20294dc9453	328	582	32	16	Hell
19c55d43-39ac-4078-a5a7-0d331b837416	328	582	32	16	,
2879d1dd-bf9c-4e44-a7ed-615e4e35f4bb	362	582	40	16	devil
d1756de3-a373-4790-b1e7-82be4b277063	404	582	38	16	leads
2665b364-16e1-418e-8316-8c5d50f44c23	444	582	40	16	souls
592276a4-cba2-4e37-bef2-48d302009ce0	486	582	20	16	of
4be9c385-4433-4644-a7b8-228d2ad88509	508	582	32	16	men
19e49329-8cd5-4b27-be94-94f735320c59	542	582	22	16	to
1f619d4f-c3a9-4e9d-a6ac-d51e9b099842	542	582	22	16	,
6d57f655-b7cc-43d7-a545-d9418909f458	566	581	38	16	25
bcdddd8b-dd16-4427-bd25-ec885d605868	566	581	38	16	-
3a0aa903-149e-4f90-953e-5e0b172ae753	566	581	38	16	3
38045226-8cfb-4a3c-84db-1b6115254bc3	566	581	38	16	,
b98bb456-6f37-4aa5-ba66-d0dbb6ce5277	334	608	40	16	liver
89c09f29-73ac-4b28-8fd3-893717663ef5	336	596	31	28	live
0276a8cf-375f-4d8d-b0e8-59c89fabed7f	371	596	17	28	to
151160a1-8885-44ac-b3d2-6e091d39e3d1	392	596	66	28	rituald
716885ba-f937-4251-a4cd-114d1bb8272f	392	596	66	28	,
3d66e287-4691-4ffe-b9e1-623c402512b9	462	596	45	28	672
18dd3b6a-37c0-42eb-86b2-4bdbc45b95e8	511	596	35	28	pains
18d58825-c3e1-45ee-8f6b-60ed5b8df181	549	596	21	28	of
4bbaa485-1ca5-44b1-9237-a5b0fde154bc	549	596	21	28	,
de1870d4-55a4-486d-956d-f8e0549f8757	574	596	28	28	as
eb83220b-a1ae-4d48-ab97-ed37b48c72aa	574	596	28	28	.
84ebd29e-02ff-45fc-8e45-250d39f9e70f	470	620	22	16	of
920ad7a8-240c-466c-a0ee-30184038103c	470	620	22	16	,
0dcdab5c-8728-4311-88ba-d98775e4ebc1	494	620	44	16	205
14117795-909c-4bc6-ae07-74da1be0ecda	494	620	44	16	-
ebd69d65-476a-4c8d-9642-6759e5edd9cb	494	620	44	16	7
2dbc1647-4b31-46e3-809f-61888d7d80a4	494	620	44	16	,
e40e5df5-64a5-4f83-9454-2008be98f339	540	620	20	16	9
76037702-a579-436d-ad4c-311a3d3d5f38	540	620	20	16	;
45f112d7-1b42-48d2-8f4b-fcdcbdd557cb	562	620	40	16	gates
fad76cb7-a69f-4c09-986a-4d4aa64a63e8	354	634	43	12	shall
94598c20-69be-4ece-843a-96c2e772d3f0	399	634	29	12	not
b5c2fb27-61a2-480f-b40b-811a3196fea5	330	634	63	24	eloral
612bce3a-67a4-453c-bb47-abea4c6005dc	396	634	24	24	oot
7d359245-f7b5-4cff-8f3d-38f4cfc69e4e	423	634	15	24	of
027fb551-64ec-42c5-885a-24075140f7bc	441	634	41	24	stall
3684ce3f-a1e7-4516-801e-895dbf40f2fb	370	658	30	14	one
709a49ea-515e-42c0-bb99-126c27f74e6f	401	658	21	14	of
377f180f-cc6f-41b6-9903-22c6f89eb7a3	424	658	28	14	the
b5daec88-b0d6-487b-b70c-f865c4e778a3	454	658	66	14	brethren
eb790f98-6b82-4c2f-9f12-400896a35d7f	522	658	20	14	of
e60fe51e-bcee-4de9-8521-2cd73b011951	328	682	46	28	Hero
8b3afa57-7ab8-4f8d-9615-3ed674446ab3	377	682	18	28	of
7ab364be-d7d3-4737-8d19-4ce1badb4b11	398	682	66	28	Name
e88898ee-8e32-4f68-a940-0171727d5424	408	684	75	10	Lamanites
88317578-a954-408c-b346-5bf9308258be	484	684	29	10	fed
0c7e5e75-2651-4b4b-b651-2aef16153df3	514	684	20	10	to
5eb25a06-b6e9-49a4-aeb4-6fae2a3b6ca6	514	684	20	10	,
2b48d70b-172c-47f3-908c-66b82305fcf6	535	684	45	10	200
303cc47d-39ec-47bf-b4d7-32c60df32e6c	535	684	45	10	-
7d6b4ad7-54f7-4cdd-b451-c040425347e4	535	684	45	10	37
9c3b1600-3de5-4a32-a230-14866a231b86	466	694	48	18	60
3f877c61-56cc-428a-9dce-d30b119aba70	466	694	48	18	-
1cc90680-1ed3-4543-80db-07355e506804	466	694	48	18	11
a5510bdd-6161-4486-a4c8-bfe9885f7739	466	694	48	18	,
317bf245-1d21-4a76-b125-795bca1d9618	46	766	50	16	202
48d4ae59-f327-4ff2-8469-de0942e48140	46	766	50	16	-
510d7ccc-6043-4bdc-9474-e5656cbe2ae0	46	766	50	16	26
3db28d24-2136-44d3-b303-d43871761afa	46	766	50	16	,
739340bd-5bad-4b21-802d-cea6adc7a0a0	72	758	24	24	26
6154a21a-f487-4c30-943a-242bf11c6558	72	758	24	24	,
202bc2cb-2805-44a3-bed0-20015c11498c	99	758	57	25	295
afa72352-cd38-400b-9121-1406b9a2ce62	99	758	57	25	-
5ed7fad6-ac3f-4dda-ae13-c8038b5e4cc4	99	758	57	25	12
a5fe422f-a720-4dda-886f-64f32be07bfc	99	758	57	25	,
f06b0f8b-2944-437b-a819-50528adee30d	190	758	74	14	righteous
8fe04aef-51a7-47de-bdd3-5de40e63feb8	190	758	74	14	,
281acd87-5c86-49c8-be91-cda8054b2484	270	756	44	14	140
4e8401fd-45c2-4241-8943-3de1fb95fd00	270	756	44	14	-
4b33dd22-ffae-4202-a157-ef98adbae089	270	756	44	14	4
eb25c94b-84a3-480b-aea4-f90b47952b5d	270	756	44	14	,
04d42d46-1f1d-44a1-ae42-07d75e5f2a19	34	780	44	16	Harlot
6e9fcd26-37d4-4f21-bf40-3e6576fe8a01	152	768	44	12	471
aca59e4f-7541-4c6b-b32f-74100e74f1cb	152	768	44	12	-
e5db05c9-26fb-407c-87d9-6f5a33fbd725	152	768	44	12	7
b6f37349-7edc-4b1b-81bb-c1bbe9f6cb0f	152	768	44	12	.
eb1efe32-2255-4a51-85a6-d4a4d962a58b	48	794	22	12	14
bad022bd-c87e-45db-b220-4c4bf03d065a	48	794	22	12	;
90144b9a-0431-4bb4-8c03-de99e1983bac	70	780	52	30	Tari
69d729ef-33a6-4a9b-a210-42b9efa5dd36	70	780	52	30	,
d0e73fa7-a05c-48ca-bdd0-855f9d8d2f3c	126	780	46	30	20.1
185ac27d-857c-45bb-837d-b6a0773f5954	126	780	46	30	.
e709daa8-8bd8-4317-8df7-e4f0044fb5a1	146	780	17	14	of
3b1b54dc-40c1-4ff6-a830-15c218debbbf	165	780	35	14	king
ab3c2b28-e91f-407f-8a50-05dd1a83453b	202	780	38	14	Noah
efa1eb88-7bca-4518-9e38-262168f9dc40	242	780	38	14	with
b0b60396-2c81-441f-9b8c-f752490ed24d	242	780	38	14	,
77e51607-00b6-437b-94ba-dacfbc0877e5	282	780	28	14	156
51a075b4-1edd-4298-a22a-a8c64abb3494	282	780	28	14	-
7cf9ded2-353e-4afb-a6bf-728ac167ac27	36	804	34	30	Had
e5b0ff43-3703-45ee-90ec-6a940fc92e63	73	804	45	30	Play
845e83bb-c06a-46a9-b1b9-57f44ea9e452	122	804	41	30	moan
ae37fa01-1edb-4be5-b293-ef551ebcbd6d	167	804	26	30	bes
990efab4-f9b9-4518-b707-d7d03f363c3c	167	804	26	30	,
ff2525e5-7a73-4269-977c-86fea833e9bd	197	804	49	30	Nept
032c2607-dc68-4c86-95fb-7f9d1c0f7b73	197	804	49	30	,
c252eb18-a63c-47dd-af76-6f4acc563502	250	804	11	30	b
34280e84-743f-4b7a-bacb-d8b5d340febb	265	804	47	30	30
fea6a8c7-5213-41df-a74f-f7217e8a871f	265	804	47	30	-
ff82f7a7-ba90-4abf-a8c2-e12ab095f303	265	804	47	30	38
58a6bb34-015f-4f3a-98ed-6e3531079029	265	804	47	30	.
31e5d25f-5d43-4414-a23b-ba226d906fe3	36	842	37	30	Heal
ff30a9fc-8cde-4ec3-be9f-547cbd7e3dbc	77	842	26	30	and
bfea3dc5-0bec-419e-9b77-708f27772a5c	107	842	56	30	acted
ff01df98-e3e5-4386-84b4-4d08cf2a8d9a	167	842	67	30	Carin
fb96d669-d0c1-4609-9c67-c7d8a985f274	167	842	67	30	,
b6a535ef-570f-4a91-99c5-97336b187860	238	842	41	30	4324
5455d93e-5aac-44e2-aea5-968e37d48a30	238	842	41	30	,
ced674ba-4df9-42be-b64c-636f000cbfa8	283	842	31	30	4,9
bcf943c8-6780-4554-9492-fce8dde55ec9	186	868	48	16	456
03a86332-0aab-4963-914a-7bea06c8ad01	186	868	48	16	-
f81d7422-9b73-4114-87fc-403fdb6f840e	186	868	48	16	5
79e90f12-a879-42b4-8cf3-bcf7c6e5d287	186	868	48	16	.
3c69aba0-73f6-4e9d-a85e-6ccdd2699225	38	880	70	14	Hearthom
cc02f117-3946-4d9c-878d-569be09336f8	38	880	70	14	,
61d9833c-4d68-429b-8aa8-5635c79b76dd	110	880	28	14	son
216980b0-8408-4352-8178-0199e82c98fe	139	880	18	14	of
c05017af-6863-48d7-918e-0b2143ec045c	159	880	30	14	Lib
5a5ed495-12a2-469c-aa05-e4b4a8b98310	159	880	30	14	,
103fb166-9b66-47bc-8336-3726c53af55b	190	880	33	14	king
dfe67c34-0611-48c7-9117-a3d1f021627b	225	880	18	14	of
fb9818aa-ef00-497b-8786-0090c577be48	244	880	68	14	Jaredites
ec691f20-5492-4d47-8810-331402e59f5b	244	880	68	14	,
d2a44003-8c62-47a7-b9fd-489f5951acc5	44	892	50	21	479
50988479-9d95-4ea4-82f0-4d38a1a6b221	44	892	50	21	-
1e7b8144-79d7-4649-b1cc-6d5c9e93fa44	44	892	50	21	17
1c2c9849-116f-4d31-982a-3f3622bed259	44	892	50	21	,
0ecad143-fdd2-43db-8622-80ff40798553	96	891	52	21	498
6835cf03-abe1-4781-963f-ac16077cfd74	96	891	52	21	-
294d25a4-621e-463c-ac18-df895776d7ed	96	891	52	21	29
89a989f1-6268-44ee-a210-682366096841	96	891	52	21	.
bff02a89-fa2c-45e3-9241-3dba4339a2b4	330	746	58	12	leshion
c5064717-5f53-4c3b-b347-f6993c32b139	330	746	58	12	,
a22e8b0f-0a46-457b-a325-caa10a63e175	390	746	46	12	plains
d97474e2-9029-4754-8ffd-6adb42c87143	438	746	21	12	of
88bf4ca7-a3a0-4f60-9127-862251957202	438	746	21	12	,
cb281780-b43d-4734-8c54-ff70f336d65d	460	746	50	12	505
4058858d-a5d2-44af-b84c-36d538be05b1	460	746	50	12	-
6a46ff1c-2092-4696-9bae-ba6a55dc46e3	460	746	50	12	60
55f15446-525c-46c7-911a-56769e54a79f	460	746	50	12	.
e5247160-bf98-4137-b925-d469934350d4	336	758	29	10	leth
39688330-4243-4142-a1f9-8b0421d15ffe	336	758	29	10	,
dcc27d01-1824-4a69-9656-f0bfa6688b02	366	758	34	10	land
f282605e-23d8-4258-93ac-2dd175a56535	424	756	44	16	491
ad0cf987-7658-45ef-91d8-12600d11309e	424	756	44	16	-
6b627a50-a7c2-4944-9b10-4674a3c68b54	424	756	44	16	2
40709115-c200-4009-9028-40d7cc807f70	424	756	44	16	.
ce448637-4f3f-468a-b6e4-6565db610a31	328	770	38	14	feth
264682a3-0ff5-4e1c-8de3-6d3ac4b67c4b	328	770	38	14	,
2e0800d3-4662-426f-b504-d47d15b89bae	364	756	28	28	lon
f324390b-88ca-446e-a22b-094159c09148	395	756	18	28	0i
489f7958-3ca2-4181-869b-1a85ef688840	416	756	35	28	Com
6fbcfd56-847e-4b3b-89b4-40539c99539a	416	756	35	28	,
097be0d4-5c8c-495f-865a-7023e76912ef	455	756	51	28	479.26
0c0da890-eea0-4f7f-9401-c0c251292a66	455	756	51	28	,
862cf6df-e34c-4971-a542-c916f60e042c	504	768	54	16	495
1a149cff-9ee2-4def-a21c-54fe4f3888f2	504	768	54	16	-
a21ea1a3-3df3-4e70-af31-3bd685736977	504	768	54	16	25
f94282a3-1948-4020-963d-b3b7b852d8b3	504	768	54	16	:
9d0604a6-a13d-4a87-b9e2-90119bcf8424	560	768	44	16	rebels
91d957c9-4b73-49dc-9d0f-24a36ef04e24	336	780	44	26	496
763c62d4-1526-4b84-9577-0cdf78cafdd4	336	780	44	26	-
20046b74-1530-4e57-9b1d-c818f0fa3a0f	336	780	44	26	1
01562c16-56a9-42da-92ac-eddbbff2ede4	336	780	44	26	:
eb560534-fb34-4d50-aae8-6fcb44bf6939	372	780	42	16	takes
1b39733e-cc38-493d-95a9-b0d74f5ef18f	416	780	58	16	throne
d2011d96-7342-4be2-886e-f9025d028bb4	416	780	58	16	,
b9d4a8df-3e1b-4cd5-b398-b1e0821d63de	476	780	56	16	495
16eeaaf3-5528-48db-b8ce-1aefa1078ea3	476	780	56	16	-
8de53fe8-585a-43dc-8437-195c004bde23	476	780	56	16	27
7570ef72-d59a-417f-91a7-2752a88410b6	476	780	56	16	;
4c0c6805-3024-4ddc-9a3f-129b41ebf689	534	780	44	16	death
83670bbe-ba77-4b58-819e-ee651ed135a5	582	780	24	18	of
4603b958-fc88-4790-a726-e5c40366ed16	582	780	24	18	,
96feecfb-4b2d-46c1-be72-b5194c48d47e	370	806	28	12	son
e15b0f00-bce6-4a4f-b7d6-ba6b6994e203	400	806	19	12	of
90a6d33a-1cc2-482b-9d90-f26f68aec874	421	806	76	12	Hearthom
e55b72f2-74be-4515-be52-d315aaba795e	421	806	76	12	,
16d8fdae-8552-4f05-a9ed-ec9bf1ecd852	499	806	53	12	479
6c0bbe03-2457-4265-abfa-0e85848e94f2	499	806	53	12	-
889d2eed-2747-4748-a007-7add6c7f1be6	499	806	53	12	16
8fc0668f-40c0-42f5-a765-51cfd2fa2792	499	806	53	12	,
00f25d4f-c3ad-4d52-a91d-818352b2b273	553	806	51	12	498
dae62312-2727-4fbe-a786-4d803f6b9c3f	553	806	51	12	-
f572891d-3dc5-4d44-b05f-e9fbc5e0e521	553	806	51	12	31
3b46b589-c05e-41c1-8e88-46326de124a2	553	806	51	12	.
10c5a769-ea1b-476c-be37-f2de17d25f71	336	841	21	14	of
0188a0af-efdd-49e9-90ba-1f9e16ff6586	336	841	21	14	,
81a5a010-46e5-43da-941e-3200f04710c3	359	842	30	15	etc
b978fbd0-4007-4b94-8ed1-054241db8f56	359	842	30	15	.
a206106e-2867-4cbc-903f-b37bca716cd7	328	856	48	12	Himal
a997c9bf-415a-45e4-af93-d0c13d766db6	328	856	48	12	,
f345f5fe-d756-4b29-94eb-f614c48a9a8b	377	856	32	12	son
2a3a414a-e2d4-47a4-9dcd-e0b7a0f4aa8a	411	856	18	12	of
104ac995-2dfb-4cd7-a106-2ea184170899	430	856	60	12	Mosiah
2227d118-9e5b-426a-9ccf-e83cf3bc51fc	430	856	60	12	,
d3d5b6f6-30cc-41fa-b6a7-771607f232d4	492	856	54	12	189
9b7b3422-95b9-47fc-abb4-ad0a59b0be89	492	856	54	12	-
54087a29-c58c-44fe-abc6-7cbd79142e6c	492	856	54	12	34
0cafb443-6c4f-48fc-9af6-22e52826e566	492	856	54	12	;
e720ed74-d15e-4f58-bd0e-76f4deee18ce	547	856	55	12	mission
623e27c9-db62-4c1b-aa93-4b70d799b0c5	336	866	19	16	of
f4bb9e35-7820-4581-bbee-659923671a1d	336	866	19	16	,
8651f3a2-889e-4f8e-af84-2ac7d7ade63a	357	866	51	15	among
6788f12d-3a31-40fa-ac87-a6cf252fe5a8	409	866	79	15	Lamanites
8b990a10-61b4-4d60-958a-72da2cfe4a6e	409	866	79	15	,
6b033356-0619-40e2-b7f3-8aaf35014b79	490	866	46	16	260
f3000866-ef52-4d00-9536-d3fc8a2765ce	490	866	46	16	-
15ab1b06-9fc5-4e5a-b044-186080c4370b	490	866	46	16	17
c4e57734-ae90-42a1-9758-a416a7b436dd	334	870	32	26	over
b38ab0c7-7b42-4e74-ab11-ac06050969df	370	870	49	26	church
37a948fc-4b75-48e1-aba3-bddcf97673b9	422	870	16	26	in
b65019d8-cc2e-41f6-9ac2-74834aa6d798	441	870	81	26	Zarahemia
245ee245-e656-4adf-9e28-33ae6a0ea4b4	441	870	81	26	,
7273abef-4388-42c4-8806-0b824101d40f	526	870	42	26	214
5a9abe82-1868-4e9a-b5ff-81e05e1c8e1f	526	870	42	26	-
bcbd82b7-008d-45bf-9265-7c79d16f5c30	526	870	42	26	5
aa17ba64-6aeb-4512-847d-e68615fb2f7b	526	870	42	26	.
45a2cdf3-1195-48a6-b820-9033cbcf1dac	571	870	31	26	Sco
