ID	X	Y	Width	Height	Text
f51ac86c-d6b7-42de-85dc-756af3a35fdf	76	52	32	18	554
87d46fe2-6207-4543-9a6c-5198f473be99	326	54	64	16	INDEX
8a8c22de-9f1b-45dc-8958-072b2d4b095d	88	82	31	14	the
59c89104-a83e-478b-b199-36db1af74390	88	82	31	14	,
f56b378f-217e-4cac-ad10-32970f84ad7a	121	82	73	14	murdered
6de64dea-6521-4529-868d-38fb07e7a13b	196	82	23	14	by
7511c4e5-bc75-4d29-9077-eff769bfdeee	221	82	85	14	Kishkumen
2bb92225-3330-433b-9efb-5534616aefb0	221	82	85	14	,
ae46866d-97e0-4bc2-9afc-cbbc5639d901	378	82	48	14	стілот
83cda3e6-1a34-4bd7-a6e6-68e7d798cd6e	378	82	48	14	,
65dde1ce-d423-4da9-a32c-c0e8cc60bd58	470	82	86	14	Anti
ec247b32-25f8-433f-90dc-84eaf15b1fe1	470	82	86	14	-
93d0ca1f-2958-46dc-8c56-0996c6ef6915	470	82	86	14	Christ
048dc757-1608-4027-a0ef-d141ceeed14c	470	82	86	14	,
44821dc2-69ab-47c9-b6da-8c387a9f8fcf	554	82	62	14	•
6836616e-2511-41d4-b4ec-473cde6d5d6d	554	82	62	14	269
a9d00221-e88c-4930-9ffc-32bdbd2173cc	554	82	62	14	-
e4a18e3c-bc92-4e3a-8e45-a38357677b3c	554	82	62	14	12
7da95d89-c717-456f-b033-247cb3d7e5f0	554	82	62	14	:
f07cd82a-81e8-4c1b-bb9f-55bd81a48856	626	82	18	16	in
cb9e4ef9-86e7-4a75-8302-d3243b7cd144	90	93	66	13	Pecumeni
a6f2f506-59fa-42c6-9496-824cb35e1735	170	94	68	15	appointed
3994ce72-5781-4ed4-88c9-ad72bff2fb18	250	94	42	16	chief
7f65148c-f2be-49b6-91c5-cb600259de12	250	94	42	16	,
cc1f7542-8aa6-448b-9598-edc29509b22d	312	82	44	12	360
6adf4a5d-ca77-46a8-a2c3-3ebcc96eb262	312	82	44	12	-
fc0c70d4-8a6b-4103-b3ee-ea7eeb0b384a	312	82	44	12	9
5277e43a-5dac-49db-b1d9-a837adb91ac1	312	82	44	12	:
5c13171e-6930-4004-a734-af61afad83b8	304	94	52	12	360
4521161d-32b2-4d05-bde2-2d950f4d1285	304	94	52	12	-
398ddb52-44f2-41f2-9fa7-9008b9d3dccb	304	94	52	12	13
951e1cdf-0a6a-491d-94ff-d991fca6eff2	304	94	52	12	:
23e054ea-4fd3-4fac-9acd-7b3cfaad4628	384	96	48	10	ershon
2f29f804-79a3-4bb9-afc5-e2074149ee62	440	94	51	14	270
d00d08e5-cd78-4fb2-95b4-b4f7f57c0573	440	94	51	14	-
2ee88bfd-0bab-4192-bbfc-6f5c5afe1b3d	440	94	51	14	19
f1e2eb17-cde7-48a9-9231-a19bb458ca5c	440	94	51	14	;
7859f759-4122-488d-b530-b3981af5032e	492	94	22	14	in
0015c4dc-68ef-4947-be95-0251d0d916c7	512	94	52	16	Gideon
35b3808f-0590-48d1-a688-2fa83525581a	512	94	52	16	,
a202baf2-eaf7-41c1-9330-df8d3242014d	566	94	52	16	270
59ec3fe2-0f28-433d-b9d1-00ac75ae2d09	566	94	52	16	-
482ec6c5-eb1c-4286-883e-984736703342	566	94	52	16	21
1de27b86-2276-4d91-a43e-a25250d8fdea	566	94	52	16	;
65b1efa9-a738-4fc3-9d19-1b06cad2553d	620	94	24	16	be
ab0fb01e-a05b-45a4-bae8-a4e8eba77fde	620	94	24	16	-
17b95f95-a0dc-4b7e-bb35-a289b0d0bc08	90	106	70	14	Pacumeni
ea18b711-c472-4a90-ab0b-2237646c3bdd	162	106	28	14	the
73fe7568-99ca-4c42-93a9-87d910654372	162	106	28	14	,
ffd48ed9-dc26-4511-bdc8-3ec0c4294a31	198	106	45	14	killed
0c7b44ef-9e48-4615-a570-05cb6f04e4bc	245	106	21	14	by
3ec59483-135b-4dfb-9855-27549ef09f3a	274	106	77	13	Coriantumr
9c16f9dc-a9ef-4581-8b0c-ccb36aafcd8f	88	118	58	13	361
6110d1fd-32ec-4542-ae33-f8882f02988b	88	118	58	13	-
0b560f98-6073-436c-a71f-3f00c0456a7c	88	118	58	13	21
f7676452-0689-4aeb-877e-c8b23f946f2d	88	118	58	13	;
74875c6a-e255-418a-b317-19d5a3d0fd33	146	118	62	15	Helaman
e4b66c70-c5c6-4a27-8d2f-835fbf01ef05	212	118	44	16	chief
548c2463-686b-4d66-aa9b-3cb53c14ee49	212	118	44	16	,
bc462ee9-a1fc-4dc9-864f-5705c04d877b	262	118	44	12	362
c46cb97f-d7d4-448b-80e0-68ad82069e0d	262	118	44	12	-
ba7d4286-606c-4b43-9f9a-584d0f5054a4	262	118	44	12	2
8d5dd1be-1ab1-4aff-b041-e2e115ca23c0	262	118	44	12	:
52c968b1-d9fe-49ff-bd33-eb55404e961f	380	106	30	12	fore
acc461f2-9ff6-41c5-9b51-12fe533d6582	412	106	75	12	Giddonah
8691ffb5-e3db-41e5-87f4-b137cf44a6ed	412	106	75	12	,
deee7a37-a325-43bf-bf75-c5cf24f6b358	486	105	53	13	270
a825b2d1-4c4d-4bdb-bdab-7b20717fdb36	486	105	53	12	-
ca2f1cdd-6a1b-4f74-9409-dc8c38ebffa7	486	105	53	13	23
bc467619-d08a-49fc-9cf9-511b901dc857	486	105	53	12	:
f58ada9f-8bc8-48a9-b501-1a7b96ff9180	539	107	48	12	makes
a18c0cd3-cb24-4b67-b5ae-19775fe84732	589	108	53	13	accusa
22d68dc4-2119-4915-a8ac-bb46784cabbb	589	108	53	13	-
20fe7424-3f34-4222-9491-ff845a3ffaf9	312	120	42	12	Nepi
80428b9d-209c-431c-8514-5311c713074a	380	120	38	12	tions
556fff6c-9743-417c-b30a-ad472fe8c231	380	120	38	12	,
78145009-3246-4473-aaf2-73262108a968	426	118	54	14	270
b74ad3a1-6252-4c9c-9bae-d3f8b96d24d3	426	118	54	14	-
b0ddf5dd-fff5-43f3-b192-707bdec7ecdf	426	118	54	14	24
256ddecc-88b4-415f-b1bb-568f95a61756	426	118	54	14	;
19bd7f75-85ca-4fea-bd8c-c850903f15d2	482	118	34	14	sent
03d22ce8-36e8-4820-ace8-7d7ca6b22eb6	522	120	14	10	to
826cbde6-b231-452e-a720-ea46ff913f2d	548	118	40	16	Alma
c8922471-2acd-4cdc-b246-a0813aef59e5	548	118	40	16	,
783f2596-d1c3-4ace-abad-94b207586bc6	590	118	54	16	271
e2fb1660-3e41-4590-af2c-f3dcb4b16092	590	118	54	16	-
32522253-7993-4a01-b135-ef51d34b2d8b	590	118	54	16	29
72b27db7-3c4c-4e42-bc72-b04a7ded996d	590	118	54	16	:
8adc57d8-4c0a-440f-966b-3914844f459e	90	132	64	10	appointed
3eea2b3b-e870-410a-b1cc-a9d83e24b477	162	130	54	14	366
b7a90a88-e9c1-416e-8ad5-1027cee9cfd4	162	130	54	14	-
32110c70-e4f7-4aba-bda8-af6a53a69611	162	130	54	14	37
6cdc013b-8483-4a07-9c10-bbf8d9eaacfd	162	130	54	14	:
4e1588ca-4718-4252-8a69-f5e0dc291399	218	130	60	14	Cezoram
c32a10ce-7caf-4ae2-8a0e-b44e843ed04a	90	142	20	14	1
ee0f5c51-0892-4054-af31-50eac9bb911d	90	142	20	14	;
223e9e5f-5c05-4b59-9f84-c82cf39a54a5	282	132	40	10	chief
cc74cb70-dd04-4a7f-b5fe-c10fe2166bd3	282	132	40	10	.
3e40c864-c114-46e3-9983-0457cccaaa09	323	132	29	10	368
536b52a9-9526-4595-8d69-e3be1a87d181	323	132	29	10	-
37e95846-09eb-4ea7-a1a9-38a4dbb95d4c	380	130	32	12	asks
7a0f74ac-258f-46ea-96fa-3a1bac7667ce	424	130	20	12	for
634e44e4-ad0e-48ae-a9e0-b568b8a06a3b	142	140	19	14	of
6ebf5da5-1835-4400-9d19-8ce286170d7b	163	140	61	14	Cezoram
6c6709f1-6d2f-4381-8e97-8818c065839b	228	144	40	12	chief
f81af419-8557-4800-815b-0d5e41d03b42	228	144	40	12	,
6d65f397-7dc3-4142-8b61-fc28d935df79	274	142	53	16	373
e77c2f10-40a1-4acd-becf-7df3b4a93055	274	142	53	16	-
1587b8cd-0b05-4766-b216-bb5283a3f861	274	142	53	16	15
2b74d2a2-e72e-4ee8-825d-4a16b7d93fba	274	142	53	16	;.
e54d2557-abec-4f4f-b374-e8b2ed51520c	332	142	22	12	Se
dcc03d88-a530-4412-a420-5e8eaca31e1e	332	142	22	12	-
1dc2d5f8-5b92-4b6e-9463-0ebb54e412bc	88	158	50	10	ezoram
a9718132-9759-4972-ba97-6d4f624df4a7	376	142	60	16	stricken
a01bbe40-d558-4414-aa7f-7e6097e77b0f	444	142	44	16	dumb
0b0e724e-be92-4953-88d9-b3f79fdddf96	444	142	44	16	,
fc187c7e-f718-4a5f-9ef9-7f955db474c5	494	128	56	32	212
fb7745fc-4f09-4c14-b205-52c051444ff7	494	128	56	32	-
6ba23548-9f51-48bc-afb0-8b375b89bee9	494	128	56	32	53
3791ad2a-4b57-45e0-8947-9aba0700ec50	494	128	56	32	:
e3631f77-1246-4172-b4c3-5afabeeb771a	554	128	40	32	do
ddedf774-ca1a-45ba-841e-318623fc295a	598	128	16	32	a
62e432e9-2ed9-4377-8d8a-8ccec8e7c7e0	618	128	28	32	5
dde3d249-a045-46c3-84d3-90297d0640b9	618	128	28	32	,
ab0a2106-21e1-423d-8674-40774dced8f0	142	154	40	14	chief
9ec376a9-20bf-491a-bc38-5db77bba8fea	142	154	40	14	,
891317a9-1782-4014-8db3-12275d4099a0	184	154	52	14	382
9529c173-4990-4fd1-bde9-b0e6ea2c11d0	184	154	52	14	-
f05c61a1-86cb-49a8-8fe5-129025392840	184	154	52	14	23
829fb8d3-16d1-412f-871a-1e76898cd4c1	184	154	52	14	;
730cd4a5-5cf4-48e0-8290-256fe79be0fe	238	154	77	14	Lachoneus
8e79083e-6580-4c04-b38e-f47552738ac3	317	154	39	14	chief
5250d894-6237-4691-bcb1-799c3f5ecf26	317	154	39	14	,
765ae3be-16e6-4f2e-a5a7-d15ad73b45af	376	154	44	16	devil
981dc96b-c81f-4304-a779-4a57c6882613	376	154	44	16	,
e36f5fd0-c167-423b-b5a2-0a3b5e43c2b6	420	154	54	18	273
98c98c83-8eb3-4a21-8e4b-e9ffeea53773	420	154	54	18	-
40e744bb-72c3-47b2-8235-701f19466fc0	420	154	54	18	53
16cfb8e3-be7f-4e7b-a7a3-70aceeb75da1	420	154	54	18	;
16799056-0c8c-46eb-9b01-e22a854f8888	480	156	30	12	cast
87979d06-6316-43b4-a14d-4e13a49718d5	88	166	46	19	399
d30b66ce-8eea-40a2-a3db-92117409bf7b	88	166	46	19	-
2cb40290-91c1-45bc-9e1c-a8d812b39bb8	88	166	46	19	1
d510808e-c55e-45ce-baa5-b539776be1e0	88	166	46	19	;
52054e08-8f15-4142-80d3-eb179e41008e	140	166	80	16	Lachoneus
018d8e71-8b37-4327-9023-9bcae6cbd7ef	140	166	80	16	,
c34a315c-fee5-415f-9171-9f77d9af64a8	222	166	30	16	son
ceea19ff-5cae-40b5-9542-afa65aa43970	254	166	20	16	of
806375e3-5cf5-41ab-8dde-180d31ee8668	276	166	80	16	Lachoneas
585cdbfd-f006-475e-baa9-c24f38ba056b	276	166	80	16	,
718b500a-e576-489c-8ca4-8cc7acce7218	378	166	48	16	among
2bb92da1-d4f8-4aa2-a4ec-d1eec6db3066	428	166	70	16	Zoramites
5c403103-fd53-485b-82bd-7042f27a3e4e	514	158	28	8	oUt
59c222ea-b92a-4862-ac92-73ef014603e1	514	158	28	8	.
cfcfa5d2-fad9-4319-828c-812e5e8a4519	546	154	54	18	273
e3d5fe03-88e6-46bb-8a3f-5fdb5bb08cde	546	154	54	18	-
19eb41a1-1d3f-47a0-9e23-e0e5777aea68	546	154	54	18	56
876fc8ae-fa02-4476-9a30-e749ecb31b97	546	154	54	18	;
8dc35ca9-8ede-48be-94f1-394d11c3afc1	602	154	42	18	killed
966c3a30-8205-45f9-8747-934bc99037e6	506	168	44	12	273
68da8927-85e5-4452-a96c-1ce153e2f79d	506	168	44	12	-
bda468ce-e868-4132-8a04-1865207d1fa0	506	168	44	12	59
4a10c4f9-aff0-422f-be5d-bdf398f323ca	506	168	44	12	.
a4b9d498-fb60-479b-82bf-05521a0978a5	90	178	38	14	chief
8880fbc2-0806-413e-836d-a4114f93c51b	90	178	38	14	,
cad4d62c-65c2-433d-96f2-0e90cc914ba5	132	180	48	12	412
460904ed-8617-4834-b818-f6ceef77165f	132	180	48	12	-
c52d3b94-1118-4f4c-84f4-7af320f9cf50	132	180	48	12	19
c4561ca2-e716-4756-89f8-19eea936a092	132	180	48	12	.
8143742e-6f27-4300-ad6b-a81ea91630f6	367	177	60	19	Kumen
e4360739-38ed-4cb9-9275-3b24fe0bd29e	367	177	60	19	,
cc76f09d-f4a3-49cb-8c4d-993dafd56587	524	178	52	16	twelve
ff7029ce-6b56-4a2c-afb7-838026c13aaa	578	178	68	16	disciples
b6e0bffb-904f-4125-a7a0-a2fed9aa70b2	578	178	68	16	,
fa821570-760f-4de2-b5f4-b07c199d4cf0	78	192	54	14	Judges
c97c6c52-c3bb-4fb7-9db6-dc7726a4f42f	78	192	54	14	,
369f7689-0a3f-4378-ad75-f3c1cdc94d06	138	192	75	12	suggested
7d5d7923-98fc-4e6d-9c86-5bcd5065d58c	214	192	26	12	by
648fdc18-471b-4543-883f-ab4e9ac65a36	242	192	51	12	Mosiah
64db3ab9-d0ac-4857-a6be-0f4db57551bf	302	192	54	16	192
da730167-c25e-4c64-aacb-c28c270f16cd	302	192	54	16	-
bcc450d2-1c6c-4b54-a956-e4b9fd3039cd	302	192	54	16	11
0ba624f6-c900-4a7e-9f4d-3424aeba7842	302	192	54	16	;
673d5b5c-d9ff-4aae-91f0-d82a7c577161	430	180	35	12	one
7c3c7f9f-b24a-46e6-b4a6-1c8b4d3c3b6c	466	180	18	12	of
352376c8-e4bc-4be3-9a1c-83cf80d18359	490	176	30	16	the
9b9451cd-aa82-4e7b-a356-a6edd03d89b4	376	190	42	16	437
9480fd3f-3376-4e59-8148-ea79a7c80fd8	376	190	42	16	-
bee44e11-e9f0-4ab2-8766-da33db0fb795	376	190	42	16	4
ec38235e-daeb-406a-aabe-bcb675f20872	376	190	42	16	.
e8d6907d-54e7-4660-a08b-70d39047fb6a	90	204	47	15	chosen
1429cf64-26f9-44b2-930d-aee9dbf1b8b0	139	204	21	14	by
69aa3c11-38f7-4ba2-b02f-4854736ab2c8	162	203	39	14	voice
518acd31-ade7-4817-9847-087f78db3803	202	203	18	14	of
bbf7bbca-f636-4569-ad02-dc7f41533083	221	202	49	15	people
3ecefcf4-b94d-4ae4-93f2-33a3cca04197	221	202	49	15	,
917cb9b2-191c-46af-8131-9b7cf61a44b5	272	202	49	15	193
cd4dae45-c7ea-49ab-b6ac-cf8a43ba0f01	272	202	49	15	-
ffed811d-9f98-4f2d-9ac7-929c1fabcde1	272	202	49	15	25
1df3e053-6b28-4508-b9bc-fe8ed442a17a	272	202	49	15	,
004d57b5-a212-4271-9285-6521269fa9e4	323	201	31	15	194
1f32d734-6cba-4959-bbc6-3e34ab30886c	323	201	31	14	-
4e23ae04-2976-428e-9ba6-bbb96adc520c	368	201	83	17	Kumenonht
1e803312-7d1a-41e3-94ed-a523785cff5b	368	201	83	16	,
120e01b4-1eb9-4250-a289-9365a49da3a2	452	202	28	15	one
41671ea6-37a6-4e6f-832e-282e96218bbb	482	202	17	15	of
f9423ed5-eed3-4b4a-9d51-554e5bf3b66a	501	203	26	15	the
44ecbd2e-6ce5-43c4-87ea-41b5c7f49ae8	529	203	47	15	twelve
794f3100-91a6-4e0b-b595-0f3b1c05dc07	578	203	68	17	disciples
06d7aa4b-3e3c-436a-a5e2-4ebeda30b17b	578	203	68	17	,
81cef840-9d81-46fc-836f-e3485660ca92	90	218	22	12	39
f13c616c-5fd6-464a-abc7-9f35925f699c	90	218	22	12	,
dc447214-f478-4721-a54b-c9df27af8837	234	216	52	14	362
fb25303f-6a32-4890-994f-88ec33c48375	234	216	52	14	-
4bb0ec40-ba57-40c7-b9de-0211eb0934b7	234	216	52	14	2
8b0a72b0-b0c2-4541-8e65-35cfc0b19e3a	234	216	52	14	;
36dc745e-1280-4690-90cd-696d999f2829	288	216	49	14	reign
be63e201-28b8-4cb6-8ea5-e5093e084ec2	339	216	17	14	of
9ffba402-7771-41db-a525-8f40ef6ddd67	376	216	44	14	437
a81b9ebf-9058-427d-b86d-f77d624ea6f7	376	216	44	14	-
67355201-8ff3-4bb5-b13d-899023df9833	376	216	44	14	4
ea5d7b19-fe3b-4741-9d3b-ef1adacac1ba	376	216	44	14	.
8262bf18-ef80-4aa2-98bd-57ec590fee7f	88	227	49	16	begun
daad120c-3f05-49d0-b560-10e137a171b9	88	227	49	16	,
3ea0ca42-fdca-4138-b84a-75d4203dd41a	138	227	40	16	195
84198705-320d-42c7-a529-b67c466209ce	138	227	40	15	-
d1a359d0-de46-42d4-917e-a3ee5924397f	138	227	40	15	1
481dab04-127e-422b-b490-6d7a0329ecf4	138	227	40	15	.
49602812-3b63-4d51-a7aa-9236da1ee086	74	239	56	29	141
f4be06c5-72cd-4f17-9238-e678c35e9752	74	239	56	29	-
bceacaa0-ae9b-46f0-b70c-4fa8530f8ccf	74	239	56	29	20
87666909-df16-4fd8-a0be-b984053ee9f8	74	239	56	29	,
0155e0e1-d8a1-4edc-811d-5b962bf8a0c9	133	240	51	28	107.31
392581c4-e244-495a-bdd6-a57a957112d2	206	240	24	14	of
3e5c588f-4c71-4aa8-892a-7605722372a4	232	240	37	14	men
86b315cd-2bbb-414e-8ce5-8c9f9eb20640	271	240	61	14	brought
e6a7da4e-af1f-439c-91c1-732e1a2af2dd	334	240	22	14	to
2db7b553-3321-4257-b32d-48bef9a48ccb	334	240	22	14	,
e75b0b3f-8d45-45d9-bbf1-34f8485175ad	368	240	51	14	Laban
0d1ccde7-8bdb-450f-97d2-394a2b0b77fc	368	240	51	14	,
e1557fc7-a177-4701-af50-e2ce5d829668	420	240	72	14	possessor
a86c8b58-85ef-40e1-ae10-0ffd1b1b2883	494	240	19	14	of
fec7da61-8974-4faa-8ea7-3b2db3c1bcad	515	240	44	14	brass
7900a7f2-1154-423c-8b96-76e99bfa28c9	560	240	51	14	plates
3000dc13-adec-40d0-8cdc-a70cb7a83e60	560	240	51	14	,
d28827b6-3ddf-4fd9-9af7-b517402f59ab	613	240	27	14	5
89037a8f-2b75-472e-9cce-74c8c2bb6f85	613	240	27	14	-
3754cc34-456a-48d3-91a3-cadad38fcf04	613	240	27	14	3
1cfa9dc1-ff5f-4544-87c9-b492a9a35613	613	240	27	14	;
e0457dba-36d8-4302-8097-b5bed2bae1c5	378	254	60	12	treasure
3eaa26d4-fc6c-4565-9c46-d7ed7c0095d0	444	254	48	12	offered
b949563f-97fc-496d-b6e3-6722d4ada02f	88	268	64	10	cousness
d3b8f611-7cef-4acd-8e85-86be6452ff4c	88	268	64	10	,
67326f35-d443-4f80-9424-210f9da68715	88	280	38	10	come
1fa52ecc-6e0f-4515-a028-f1e38e6e4dcb	156	260	38	20	48
ac5c6473-2999-49e8-be2f-602c630b673f	156	260	38	20	-
83085721-fcc4-48bc-82ed-f4f0a832df61	156	260	38	20	21
14fad315-8f20-4f98-9a66-fd9816294c12	288	254	21	14	in
7aefea60-9f7a-444a-b43a-285a32178821	311	254	43	14	right
bc870a30-b2b2-4984-b659-3db0e2f62520	311	254	43	14	-
0966ce93-b6b0-4fc7-b064-079f352f8cd9	198	266	39	12	first
ec0c01c9-0e57-461d-a318-b4a08b7efe41	198	266	39	12	,
8437597a-2a6f-403e-b1a6-3b0ce53c098e	239	266	37	12	67
d10d5a01-50da-4cbb-a964-a17a083b5981	239	266	37	12	-
b950a5fa-6787-44c3-bbdc-2daef4784b4f	239	266	37	12	7
b8aee32b-0670-46d8-8d8a-bebc31100f07	239	266	37	12	;
30905269-2879-49be-9bed-345153d732e3	278	266	36	12	after
b6a5d6d9-4672-4679-9188-b9c9f9193a5f	315	266	37	12	death
950a1baa-f98f-4ff2-bfcb-e70435f2d16c	214	280	64	12	murderer
2f0456a3-d127-4cdb-88a4-d7e05fb8835e	376	266	38	14	6
846c9991-a624-4035-a0de-f4ef8b7e3c63	376	266	38	14	-
70607100-af14-4222-aea6-8bda725678f5	376	266	38	14	24
09a73bbc-08f6-4f74-85ca-0a01709047d7	376	266	38	14	;
05110c3c-6086-4eef-b67c-5b0661b5d2fe	378	278	21	14	of
ac423fd3-a9a0-4b02-bbbc-021a7b014d36	378	278	21	14	,
e492910e-24bd-4e5f-834e-d3be7ecf0563	401	278	37	14	8
8bca9ce1-5a88-4a61-b114-7c8da073c0e8	401	278	37	14	-
85a388f3-e2ac-495f-9c9e-9599542f85e8	401	278	37	14	18
feaecdc1-2835-4b5e-b8ba-bed03b591b38	401	278	37	14	,
6a25be93-1f7f-45f2-a2c7-3f5da77e35e1	439	278	41	14	61
29b159d2-4877-48d9-9576-4585aa913214	439	278	41	14	-
ec78a49a-bc09-4346-afb7-ae744e094611	439	278	41	14	14
f45fd608-ba09-46ea-837a-24015c0f28dc	439	278	41	14	,
4921b829-b5df-43c1-a8ac-d60a87a8a45b	378	290	79	14	descendant
ae5b81b1-df09-4e00-9878-d6cf8eafa591	458	290	16	14	of
39a32f86-6d16-4f0e-955d-067befed0218	486	278	48	12	108
07c7c8c7-0cfc-479d-a9ad-ca2f735ce8a2	486	278	48	12	-
0ec2a4dd-5fd3-4ba3-b2a4-314415bee2d5	486	278	48	12	10
1fedc572-1a2c-4355-af49-2b471eccd8a8	486	278	48	12	,
76df76a3-9672-414d-a929-d774ed448c84	480	294	46	10	joseph
c54c62a7-21ab-4fcf-8b20-32a4ec8746b8	480	294	46	10	,
96c3bef2-60ab-4010-8e08-a94d532d61a8	542	278	50	16	133
67a5f132-b34e-45a8-8ea6-c92bd4e04d61	542	278	50	16	-
cfa4d55d-b28e-4341-a444-0221569f6cac	542	278	50	16	13
b5a9f680-3260-4121-8370-43258b5c075f	542	278	50	16	,
64adb13d-93bd-45a9-a8b9-029d82bad551	90	306	52	10	against
b327f91f-9ccc-4bed-bf74-0bb5d11f114c	146	306	48	8	wicked
4bc1bc6d-c5f7-457f-b087-9c01f9d489fc	204	302	52	16	500
e063134e-a6e0-4f1f-ae94-a1ee3ad9e1da	204	302	52	16	-
6ffe5c45-2465-44ef-ae1d-61643c4b7b67	204	302	52	16	20
3c6f24f4-2c34-455a-8b32-1c88d5691e33	204	302	52	16	;
b6516a8a-4ac1-4d01-a067-11b69b44ed30	258	302	54	16	Moroni
9cc7ccef-a031-4238-b002-f501508d453b	314	302	42	16	praye
94821158-edfb-4bee-b64b-df8d21fecf38	448	302	36	16	chief
7fd22d37-f4a2-4aaa-8f5f-a1d5f4166612	90	316	24	12	for
ed128cff-8d4b-4484-9cd4-5db092e33939	90	316	24	12	,
d9a843f5-b056-4d28-9338-46269db3a7d8	116	316	20	12	of
690a2ffe-aaae-4eb2-95fd-cbdab297a2d3	137	316	33	12	God
9dfdef9b-e33c-489c-92cb-b7270b491edc	137	316	33	12	,
1b376afa-bde1-4840-ae8a-d435f802f1df	170	314	50	14	519
d45654c9-35d7-48b1-8186-3a7c02ef4a06	170	314	50	14	-
890a322b-47af-4fcc-990f-3a0c3094472c	170	314	50	14	15
e06ab5c4-c50f-478c-b16d-81acf9acb73e	170	314	50	14	.
792ea821-388d-4d88-8f8d-7a69c3225e23	368	304	51	24	letter
045c0c01-ab1a-4f59-954c-cf7ab107e06c	422	304	42	24	Iron
7d579805-927c-41f4-a76c-d17084940846	467	304	33	24	robb
9d00811f-8d6a-4f5e-b64f-6a3ddcab5cd9	540	304	43	12	399
5a75c4c4-3e7f-4db5-ba65-add43108ba48	540	304	43	12	-
e53010d3-625f-4462-a70c-20c842e90bce	540	304	43	12	1
d08ec581-5af6-451a-a31c-4393d48cedf9	540	304	43	12	;
6913e7cb-6e63-4e7a-81b8-1ac3827a53c3	585	304	59	12	receives
35152f62-e369-4c4a-8297-e86918caa5a1	378	314	42	12	letter
8105d4a8-1666-408e-b50e-c0c10e9815b0	570	314	42	14	403
79b8d6a2-34b4-44b8-841b-10e258efa65d	570	314	42	14	-
4aec3e93-e926-4a3d-a948-d0b4b547b15a	570	314	42	14	1
cdb09836-eb29-4143-a092-8b8e54a70246	570	314	42	14	;
e4285f03-4e6b-461d-b146-a569962a3f50	76	330	82	12	Judgments
c195cba2-34c3-4940-87e2-547137a615c8	76	330	82	12	,
be21b9a5-e3ed-4742-8f98-eb59a742da57	166	328	18	15	of
bee780f8-e353-414b-9d0a-93a123b704b9	185	328	35	14	God
dd326712-68f1-425e-9764-4bc0f398fe1d	185	328	35	14	,
ab2deae4-abf0-4005-9b07-501c068ab1a2	222	329	39	14	20
ae30699a-b7aa-453c-8efd-de52a23003df	222	329	39	14	-
9b4a91ab-ef76-4549-b1fc-bf019a6466c2	222	329	39	14	5
eebf2d34-bf90-4e4d-8569-d34771d64803	222	329	39	14	,
52276e13-66e7-4360-b981-a83adc0bccea	262	329	47	15	50
9f133b55-5fbc-458c-844e-b3f6b3723843	262	329	47	15	-
bba71804-07b9-4698-9d97-72198bb11c0f	262	329	47	15	10
ddfcd875-b0d3-4bb3-9fe2-0306aa145ee0	262	329	47	15	,
808cd0b4-c3f7-4993-83cd-834e7e6719be	311	330	45	15	68
e0eb9473-f25b-4f91-be38-cc796b8a0313	311	330	45	15	-
575d0763-13fb-43fc-bd24-23d11971e36b	311	330	45	15	15
77b532a4-98a0-43f0-878f-2d3ffa905059	311	330	45	15	,
e88eb1f0-ba6e-416b-84dd-933f95e90e38	90	340	33	14	89
a9ae921f-ed36-413d-a95f-bde089ac678e	90	340	33	14	-
257b17e0-cf4e-4921-92fa-c0be9815b3c4	90	340	33	14	3
5b5dfc67-de9a-4608-aa1c-80649e11e409	90	340	33	14	,
24cc7fc2-7775-4516-870e-efcc8110d489	125	340	51	14	225
52332b26-2dec-416d-a9da-00d7cb3991f0	125	340	51	14	-
b1602555-2ea3-4a6d-9f9c-bbf375292ab7	125	340	51	14	15
60397fde-5200-426e-877e-739d03af0889	125	340	51	14	,
ba3efca8-3be0-4930-884b-111e2b343b72	378	326	56	14	sembles
f067d0b2-5c91-47f4-930c-b15e797b9d44	470	326	50	18	people
bf06fd56-cdf3-4a9b-bd8a-3f1a6c7cf8ba	470	326	50	18	,
fe319564-3b88-41a6-afd8-3d52570bb148	528	326	52	14	404
19fc3479-c0f0-4832-a7c9-0d6552e00f07	528	326	52	14	-
7d760a0a-c5a7-47a7-9453-bd109badf4e8	528	326	52	14	13
ed1b7b9a-1b05-4377-8bc5-a76dad8a1b2c	528	326	52	14	;
e7602053-5f7d-4f71-96ca-4ae97b5dcd68	586	326	60	16	fortifies
358523ce-4ee0-4d2d-9de6-531f1ead5e63	76	354	58	14	Justice
078d11c5-f10c-4ecf-ac31-18c9b639124c	76	354	58	14	,
f9769699-fc2a-4fbf-8757-a2d1c64bcc1e	180	342	46	12	231
b24186d3-544a-4c37-8a2e-65af59c008ad	180	342	46	12	-
080acf65-da93-47e7-b3af-0717fcc799b6	180	342	46	12	11
561dc4d0-b3c7-4516-928e-397ac5fec59d	180	342	46	12	.
10b6043e-5dc9-4086-9fdd-b48c92df55ec	132	354	23	12	of
1af657d6-c795-4b48-82d5-a44653db90fe	156	354	34	12	God
ff3f2c65-84f9-4d8e-9bd3-4f9e8000e574	156	354	34	12	,
fa5b4537-bdc9-4c13-9917-0365af919aaa	192	354	44	16	30
ee132cae-7ced-4299-a5b8-91e640d86b9d	192	354	44	16	-
f50de2f8-fb41-4796-a40f-cfb2b46defb1	192	354	44	16	35
9851c126-eba9-4fe2-84a8-56623e46b800	192	354	44	16	,
5d7051e6-4e78-47a4-be0f-154f8abdbc90	238	354	44	16	68
98236465-27bb-4c34-8319-f483d14ef3ab	238	354	44	16	-
78351c50-74d9-48d0-b8aa-8505bfd6cd06	238	354	44	16	17
f352ab65-227c-441f-893a-59a823b98a76	238	354	44	16	,
ed84419c-0b9b-4fd8-8172-d6f91f19de51	284	354	45	18	69
797f1afc-86f8-4868-97a9-2165ea585e2b	284	354	45	18	-
b993f097-24a2-4585-b847-4a4e1355dd87	284	354	45	18	26
b903da82-b3d1-4121-8077-9c16df6c0063	284	354	45	18	,
eb6d3ff2-7491-4bda-9a45-3bc807bd1729	331	354	23	18	70
d573a032-07c4-4337-84ae-8c42468a32c9	331	354	23	18	-
392d3180-4886-4cfb-8d7e-02fa51183a5f	378	335	20	32	(
22c3a595-8d41-401d-8a3b-0967d59356c0	378	335	20	32	2
8c544398-abd3-41b2-bacf-c911a52053cc	378	335	20	32	,
e679b553-e362-4388-8e16-74a9cb2dadf8	402	335	16	32	p
56076208-be35-49f7-b4e2-787a6055ca84	402	335	16	32	.
5f884c66-0107-4515-8e5b-00df5d637363	422	336	32	32	414
46d9afe3-a9e7-4dbb-b879-e02b6a7839ae	422	336	32	32	.
eb0b0f55-cdf1-4f7a-b35d-f1539ba9b1f0	458	336	46	33	405
737c2aa6-37fb-4886-b1a5-1522247434f1	458	336	46	33	-
413e2c62-8a86-40ff-afba-ea58ec4c2575	458	336	46	33	10
3bab2085-163f-4385-876f-58eb0a2e8137	474	338	70	18	character
de83d93e-094a-482c-92e9-9a8e5573f323	546	338	18	18	of
8287b778-4c19-428c-9eaf-46a3ab80b09b	546	338	18	18	,
e642531f-130a-4143-b13a-b75eaf3cae91	566	338	45	18	403
4f7c9014-0a51-4e20-8bf9-cff4a1af726a	566	338	45	18	-
f6a08141-311c-4460-9a39-5acdd2b1703e	566	338	45	18	2
3224f4c6-74e2-4108-9954-46d67c56bce5	566	338	45	18	,
deb45d60-9fd4-4c88-a607-581ecd605a8b	613	338	28	18	404
77f48b57-bc9c-4f72-960c-8382f5d8b8d1	614	338	28	18	-
7f3419b0-8eff-40ad-89a0-5c2350957bc1	88	368	18	10	46
901b73f9-cc74-4c32-9e4f-87bfdf3c79b2	116	366	52	18	139
1e8d9e58-c4db-4908-967a-7928c1612ab1	116	366	52	18	-
a7fefba8-fde3-424c-9c1c-e0d1caa07e51	116	366	52	18	38
3885b006-c181-4968-8fe4-052823f4e15f	116	366	52	18	,
873328a0-defb-4d33-80e2-199cc7d910ac	174	366	46	16	298
2586417e-5093-415c-a075-792af6cfce3e	174	366	46	16	-
c78015ef-2fa3-43ce-80a2-ef48b2cdad1e	174	366	46	16	1
59569457-5d48-4fa1-96ae-6ba770ac7594	174	366	46	16	;
db76a99f-ed56-4ce5-862f-e68623f3220d	222	366	52	16	cannot
fd2ccd1c-8453-4759-ac02-7a780bbeec06	280	366	20	16	be
a514bb7e-a730-41fa-adab-59833d0f3e80	306	366	46	15	denied
73b4343a-7325-4c82-919e-0c639d0aad1c	306	366	46	15	,
2490b4c4-faf9-476c-9fda-b23e15d0716a	90	378	50	14	122
94364ce0-4e70-4c05-a538-da3505fe9904	90	378	50	14	-
b40ab3bd-4062-4468-8ac8-29c2482420b8	90	378	50	14	10
88876153-8ee3-4f0c-8a8d-22027ae31c1f	90	378	50	14	;
95caafd0-31db-4a70-a4e0-bbb1a73347ef	146	380	38	12	work
1f50b413-dede-47a2-8c1b-3ab89595e257	184	378	22	16	of
06390ae7-efe8-4e7f-a55f-25a87ea460b2	184	378	22	16	,
0b7e5a69-f9bd-4b49-a237-e08d605d89a6	208	378	50	16	cannot
4b7d6672-8d1d-49bc-854a-7d64fe5f9b5f	260	378	20	16	be
26c2418b-aceb-42d2-85ec-74f49639f1c2	282	378	74	16	destroyed
a7b9cc3c-b162-4b3e-bdfa-dca273ef9265	282	378	74	16	,
fc44a779-908e-45d8-84e7-720e75990798	490	362	22	16	of
510b5f8b-41ad-416e-8e14-c712f8b2311f	140	392	52	14	299
f0dd6a53-d194-4481-8736-c8892be151eb	140	392	52	14	-
70d3772a-0938-43ca-b9ed-347cba7536ec	140	392	52	14	13
caed3f5b-b390-4e78-a840-fab972a4aa83	140	392	52	14	;
6e03c056-f533-4d37-a697-a5cf988a5952	194	392	45	14	mercy
c8138a22-b64c-4a74-b79d-4b10c004ff41	241	392	49	14	cannot
30ea56a1-6dad-4148-8152-cefdd84e7bb0	292	392	31	14	rob
5126dcdf-2a30-432d-96f4-dc627f4cdb45	292	392	31	14	,
eef66de8-933f-4d27-8eb8-6bb468cdd557	325	392	29	14	300
9d6c2405-40d4-4a29-9294-2c3d55d1fcc7	325	392	29	14	-
ec8af230-67ea-455c-8d61-c897bc177f29	376	376	44	16	judge
2224fbc1-5445-4f5f-a95f-dd6f4a18121f	376	376	44	16	,
6b9589c6-57fe-4a95-a8b0-a93343c1512d	422	366	62	26	412
3f53bb53-d980-4f3e-8367-b9836ea25a19	422	366	62	26	-
9bd38909-e89c-403c-a4b7-64407e49e3fd	422	366	62	26	197
8ec2099e-1294-4880-926a-a25730738672	422	366	62	26	,
fb5fe816-8de9-4d54-b8b1-45e2cb1ab7bc	487	366	57	26	received
23875e30-4562-4a4b-94b6-8e913c61003e	518	363	81	15	"
3ee1e620-b55d-48ca-a4bf-e4cc1a6644a5	518	363	81	15	schonets
d6c41722-556a-45e2-8566-4bafdc181c08	518	363	81	15	,
c7d60171-ee74-4a21-9655-4674b0c05d6a	544	378	80	10	complainte
c3a6f57d-8661-464b-8a1a-6dfc33be2cc9	610	366	36	18	chief
635ee428-2ecd-4edf-b834-652defa43529	88	392	50	14	227
a56ae5e6-f4f4-4bc3-966f-aa805a904a24	88	392	50	14	-
6376ab3b-f1a4-44d9-8079-70a50176435a	88	392	50	14	32
65378e39-5421-4f20-bdae-f33ab2819934	88	392	50	14	,
94003f24-7dae-4a12-a93d-361dc547efcf	88	404	24	12	25
0a6f8654-31cd-4508-ab9e-53a17bcc550a	88	404	24	12	.
24c42420-69b8-498f-bdb4-5000b1cb825d	378	388	40	16	illegal
88294728-d8cd-450c-813b-5cac196b484b	432	390	78	12	executions
300ed487-b777-45f1-bb74-165cdc734626	432	390	78	12	,
0e04b4fd-0004-4567-b49b-6c6bd439614d	518	388	56	16	412
b72198f9-aac4-4b41-9218-74820349b472	518	388	56	16	-
a7cd1b51-cd6b-46a1-8f61-db27c5f00694	518	388	56	16	25
61acb685-24ac-4c09-9911-ed861579f3d5	518	388	56	16	;
bf0c66e5-6ceb-4425-a3c9-41b2656faf18	576	388	38	16	slain
c7247d03-ef8c-4167-9ee9-12c67f430155	378	402	46	12	rebels
c4e6c288-b568-4126-b00c-1241d06c938d	378	402	46	12	,
de782e07-1f80-4393-aa5d-5fcd3c04769c	422	402	4	12	.
091f8816-3b0c-47a7-a0a6-6a7be259c151	428	402	42	12	413
b7ab5abc-4bcc-4228-a12c-4e070635cc1a	428	402	42	12	-
0ecdfd3c-5886-4ce0-a5ac-37af3fc1bcc0	428	402	42	12	1
d15954d1-79cf-467b-b1d7-d9324d536617	428	402	42	12	.
8a4e08a1-6030-4cfc-8633-de324e95a40b	622	388	20	14	by
73f87c7c-c83e-41da-98aa-88e31b223cfc	78	428	52	14	Keeper
d78588d8-e878-487f-89c8-6b5737b7743a	78	428	52	14	,
0b1a87eb-e904-4f2b-92c3-96f279511152	132	428	30	14	the
9bf6e194-770e-4d99-ada8-4624db08c1ec	132	428	30	14	,
56f7bc3b-a9dc-4e7b-b026-e628bf38e9dd	88	442	18	12	of
76fb195f-fb42-4ea0-a775-1d4b9a991ff8	107	442	49	12	Israel
d6226753-0541-4c29-9095-eadc1a65711e	107	442	49	12	,
00e08972-7b1a-4c33-a3e2-2ad0b6740d69	162	428	19	14	of
3ec3d29f-a486-4eb5-86c5-58397d179ff7	183	428	24	14	the
ff285490-5760-4c72-a54d-a428b3d0e7c9	209	428	33	14	gate
341d8239-c2a1-4d00-a9a9-43accdaf9007	244	428	16	14	is
3cad2235-95d0-43db-9a2e-b41ebf5248a8	262	428	24	14	the
9a2e6375-83b3-427c-b35d-c3fa04a669f4	288	428	37	14	Holy
8c40970a-c8f9-4070-84bc-11e71946ec28	326	428	30	14	One
852ec331-e53b-4872-95a5-2434af0681c0	364	410	56	32	Ladder
22f3cf21-7559-4643-92c2-ac70baec55d7	364	410	56	32	,
42694a8b-7cba-4c1e-9d61-2cf8877eacbf	424	410	36	32	a
4626d2b5-74fb-46f1-aef8-a25a7323b704	464	410	20	32	by
56980ffa-418c-452a-928d-49a8aaef68ca	488	410	60	32	croni
3dae54b3-2785-4305-bb3f-8f8f51b5f614	488	410	60	32	:
df024731-0fe2-4615-8a1e-4fb7d954af24	552	410	8	32	a
2b039616-95b4-49ea-8406-c9bb7d514b5e	564	410	48	32	Md
2862c5a3-d773-4752-9fb1-fef3c165c37b	564	410	48	32	,
20c7a573-1ca5-4234-89bc-1c303b61b852	616	410	32	32	420
f323fb05-21a6-4b02-98cc-8a5b983792ba	616	410	32	32	:
5c6dd060-98a1-478b-9aa9-45c550f010c6	156	440	44	20	70
5035ad95-d67e-4115-a79f-e71f8807cd3d	156	440	44	20	-
c798ed50-82cf-46b3-8cb4-f07d26fcee81	156	440	44	20	41
2b3b5fa6-cb23-494b-8331-1bf787109bda	156	440	44	20	.
5f91b7f0-bfba-430f-b247-a424cd6bd4ac	370	450	51	14	Laman
66ba64d1-4843-4153-9745-930e5e44526f	370	450	51	14	,
37f95253-1ee9-4111-925a-fdbdbd161cb3	422	450	48	14	eldest
f6b22f62-ab71-412e-9fca-1a0262bf9147	220	492	52	12	490
0383a067-48c4-45ce-93fa-9d45da1f3941	220	492	52	12	-
0cb505d4-fb89-4184-994a-548606d8b86b	220	492	52	12	10
03535b49-2d47-493f-87dd-d34bb1f76bfe	220	492	52	12	.
625eec3a-4f26-41e5-b1ee-3f0368d79c8d	252	506	40	16	with
c452485e-671a-4aa8-8825-0146b291d50b	252	506	40	16	,
8c01640c-c663-4a1e-a951-44b2b86dc716	294	506	50	16	103
75001141-4292-45f6-a59f-aa1a32789412	294	506	50	16	-
5e2e8589-20d2-40e8-ac0e-d237f65bdafc	294	506	50	16	12
e893609c-eef8-48e8-b67b-1ccbfaf85401	294	506	50	16	.
f80693f3-fcb1-4e5e-805a-4dd29eeecb75	254	517	22	16	of
1e110955-267b-4c5f-a53f-5126d6568e5e	278	516	78	17	Morianton
c4011e16-92b5-4257-a26b-a5f28f2f86d9	278	516	78	17	,
7fc3b5da-3165-4e4d-af09-a8f0bd6d8663	88	544	48	12	497
6ec086cb-2965-439f-9c47-bdee198fd9a6	88	544	48	12	-
5676b4a8-fd6c-47bd-8df9-32374b0d119b	88	544	48	12	14
8acfd037-5fff-4028-b1d3-ffda1237080d	88	544	48	12	.
4163d56b-fea3-4d34-8281-6648a2459a8e	76	594	26	30	Kla
26abdad3-e1aa-44d5-a1ed-e0367991d709	106	594	41	30	chine
7a6c447f-b291-4b10-83b4-a1ad8e5fcfb4	151	594	26	30	dela
c689ff3c-bf84-4bcc-b335-8b713e43f6a3	181	594	22	30	ril
f8ccd55b-4c01-421c-a84a-668b42a6e35b	207	594	37	30	built
8b005406-2b7e-487c-b93e-303d1f13069e	248	594	15	30	up
068d27ee-88c5-43f6-8d69-bc9a9dd4003d	267	594	45	30	among
a83e7474-b6a9-406b-ad8d-d7b54886f81f	316	594	40	30	men
1ab559dd-f4b0-40c1-ba30-3b17689ee7da	316	594	40	30	.
22f1b482-ec1b-4d29-8f79-27aadc4d2a62	148	622	56	25	206
18d8343d-4589-49a5-8e42-909bdbb56eb9	148	622	56	24	-
e52329cc-6b20-44bf-83e5-518ff6a178f2	148	622	56	25	25
86ea3d19-1708-4fc8-91d0-fde2ddd24113	148	622	56	24	;
164533b0-ea3d-45fe-986c-1ef314c323ca	205	624	20	23	of
e7f3069e-9e8f-41f4-9142-dfd976870c54	227	625	34	23	God
17192013-6642-43e6-a609-e58c3c9d07f7	227	625	34	23	,
14791a65-920f-4dc3-a628-37806793038b	263	626	50	24	24
e5c2a668-d3e1-4684-a482-7d914cd4236a	263	626	50	24	-
96eb7b3e-c9cf-49f6-81d0-837a56449956	263	626	50	24	37
b385e9ab-1086-4ecf-8fa8-e75ae230b925	263	626	50	24	,
320793b7-34f1-41ea-beb4-c3bcfbb9e970	312	634	44	12	68
ada5cd88-1e73-4701-97d5-908d2dec0d70	312	634	44	12	-
ec5a12a5-6f05-4d8a-af0d-bee795a766c6	312	634	44	12	23
6aa9dfd4-502a-4615-8155-c37e5041a6c8	312	634	44	12	,
023b9ab5-f1f7-49ea-9aab-6a9c326b71cb	188	646	24	16	no
f27bba90-4598-464f-bb1e-42fc3aa17a70	214	646	68	16	filtbiness
518c2ba7-9d7f-458c-b41f-75b337895c07	284	646	24	16	in
544d3e18-fad6-4a53-94bc-bcb08d6b30d3	284	646	24	16	,
a9978968-8fd4-4d48-8494-44650e3022e9	310	646	46	16	30
3a569286-ea6c-4299-b0c3-422929a9f11b	310	646	46	16	-
8a33db7d-aa1f-4dc6-be50-9ec96425faf0	310	646	46	16	34
f5245883-c87d-4adf-bea2-f09bc97569cb	310	646	46	16	;
169bdca8-dd3f-42db-92b4-2f507c5dc6fc	248	658	64	14	Nephites
63fedb77-8b22-432f-ab18-7d5f07ea4f33	574	474	24	14	23
26318dbf-a3ce-4b05-a176-ec9295bf5e3e	574	474	24	14	;
b8c71976-3949-46b9-bf39-2880d4e39ac0	600	474	44	14	meets
68a2515f-a979-424a-9554-48e88a3b03f9	554	486	44	16	Laban
74bc710e-3c45-4e7b-a502-d542231a630d	554	486	44	16	,
00ca108d-e455-42d8-9ad1-81feddd4b5c0	422	498	56	16	against
a4439bd2-3340-4fe0-9c4a-2dfc1c49cab6	562	498	32	14	Sam
a65de258-6860-48e7-aee7-dd58ee6f913f	562	498	32	14	,
e8d99539-5fe1-4cbc-a006-92760c717e1c	600	498	42	16	11
5bf071a5-f182-49a8-b2d8-fb060a902d38	600	498	42	16	-
3c056d11-01d7-4ee2-a331-204fe4a3cd0f	600	498	42	16	ch
b02788e4-bae7-4e94-8f90-403e25f0a31a	600	498	42	16	.
6d2f35cf-e258-4dac-abf6-f1b82457387a	472	510	38	18	31
4f485a3b-79ca-4c21-9e29-e32b5ae9ade8	472	510	38	18	-
b0d308ce-61d5-453f-97ad-f0bd03192d4e	472	510	38	18	7
8f162f90-5330-4920-8ad4-d85225a48358	472	510	38	18	;
0bafd8ac-c134-4dff-a273-00df25327cf4	512	510	38	18	plots
9a43c312-97b9-4b8c-8149-3f7a35a64797	553	510	54	18	against
55d8de42-fc4f-40ce-acbc-42d09cc01386	609	510	35	18	lives
7d339ac1-8ab7-471c-be58-d4e4db77afa1	380	545	58	16	blessing
b88fb926-054f-4385-81db-ca8877a95ec9	440	546	20	16	on
bd8db687-ea3c-454f-8186-3cf352c33788	462	546	60	16	children
3ef7f1b0-e575-44f8-89d2-14a150ec3216	524	546	20	16	of
ddb506cd-7e66-4570-8ea8-455fe9b7511a	524	546	20	16	,
95eb90c3-6d46-43a5-9f7e-4c062adb5de3	546	546	38	16	57
83f91143-bec9-422d-8957-06722f24ef28	546	546	38	16	-
f288ea0a-9da5-4313-9c5c-65935385d2be	546	546	38	16	4
c2eb3ec4-4d21-4382-837d-ea10b9c94808	546	546	38	16	;
5e5f7dcf-0cc7-40fc-a626-a47304ae6816	586	546	38	16	seed
4cf7cf6d-2f94-403b-94f9-ff2d95b7e14f	626	547	20	16	of
8955d1df-1c92-4af3-9751-72f0d48774ef	626	547	20	16	,
44623ff2-02b3-47d5-9c5e-968247938441	376	560	52	28	Nepht
7b94d145-bdb7-40f5-8236-11001d10fd22	376	560	52	28	,
4dd6e3ed-e761-4978-9be9-6a2a8d638052	426	560	59	28	sHerish
086d4ef9-087a-4611-9e03-b8cdda26ac13	426	560	59	28	,
6ee1a0c4-a3ed-4f3d-8750-08b4738720e5	489	560	42	28	58
5abfbdfd-8882-47c7-8664-1c6a30fcc531	489	560	42	28	-
5771a727-5f6b-418b-95df-f3e203b041a7	489	560	42	28	9
a6a1f13f-5cf5-40e2-852b-96a2a5216890	489	560	42	28	;
fc9de32e-4649-42ce-a7e1-4c49b3d766c5	534	560	46	28	angry
a1f07009-f3dc-460d-9f54-1318b825dec2	584	562	62	12	towards
9582a568-09bd-48fb-8356-607dfcf7a599	368	584	56	16	Laman
519f2194-2ca8-48da-9843-c22ecb3ffeed	368	584	56	16	,
fa1f618f-7606-4fb0-b827-45342f3fd2d5	426	584	40	16	king
8be28903-dbc2-4868-9a2e-743596910d70	468	584	40	16	over
25438425-992c-49b7-96dd-c59c70e13e1e	510	584	82	16	Lamanites
ac9bbf8b-6016-4281-bfe2-4e74e3317da9	510	584	82	16	,
f7994fd7-faee-4fdf-aff2-b7554f7e3f33	594	584	54	16	149
5f654699-c648-4df9-9331-d28f5e4211b3	594	584	54	16	-
41df2b34-12b4-4039-ad81-1b2aba2fd287	594	584	54	16	21
18e0f80c-e7e3-4b03-a3e1-95e43e194e5d	594	584	54	16	.
52c23b4c-c1ec-421f-a52d-65ddcd6eb076	378	598	40	10	180
b4da6ba3-8035-4e5d-85d0-8da93f5d96fc	378	598	40	10	-
146be43b-4a23-437f-a930-54dc102c1e3f	378	598	40	10	3
86bef846-7201-4614-a402-474a66ee0f85	378	598	40	10	.
c039893d-2d52-4830-838a-61090e495269	366	608	52	16	Laman
72f63f55-31b3-42ca-89fa-9f6b58adc6ee	366	608	52	16	,
c5b6b763-4af5-45cb-bba5-b792023a4fd8	420	608	28	16	one
34e89dd6-9d4b-4fec-bf29-f0c274c8925c	450	608	14	16	of
cdc39085-3c74-4797-8022-c08b6fab7291	466	608	62	16	Moroni's
2047b729-da8c-4866-914b-dc18c6d8ae2c	530	608	58	16	soldiers
8cb11811-81fb-4e38-942f-0b289b9f35d8	530	608	58	16	,
7be16311-e5fc-48c8-a517-d17f9ed00aae	590	608	46	16	335
7c5a8852-6ad9-40a5-8c15-8041f73b47f8	590	608	46	16	-
52037802-06b7-4771-92a6-2f171887db3b	590	608	46	16	5
0a1b41dc-eff0-4a7a-8823-fc1a0bccca87	590	608	46	16	.
096f7181-d0fd-43fd-b34b-9b6349932aa0	378	623	42	15	aman
24e7ce7e-bdc7-4be2-8a01-246f6def03b3	378	623	42	15	,
e95f3bb1-538c-45c8-8f1a-b11294e994fb	421	622	32	15	city
d680623c-1dab-4f8e-a90d-e6030038e997	455	622	21	15	of
8783ef8c-97a4-49a2-a59e-07736faa29f8	455	622	21	15	,
f10fe695-f9b6-40fa-b2ac-fd0869c3d949	477	620	51	16	burned
dd0b7446-e825-4cc2-8189-fdfd2ec490e2	477	620	51	16	,
eb4cc691-1e45-4ab4-843c-97ca9a646343	530	622	54	12	418
016ddd62-8b1c-467d-b903-0591c7a1ece7	530	622	54	12	-
13612be6-7d10-498a-b16c-d2db8d7fcce1	530	622	54	12	10
875b8e0f-896f-4804-b44d-a5dc6e2009d3	530	622	54	12	.
dacf81c6-563d-4eb3-884d-20dd56269875	422	634	41	12	river
c867beed-4bfc-42b6-a4e2-469e50b54996	464	634	23	12	of
07d69a20-c960-411e-a227-35b507efa527	464	634	23	12	,
4f077488-2578-40fb-a7de-5c41d29eeb14	488	634	32	12	3
25c28e6f-c0a2-48ee-8c6f-f0c308f88f83	488	634	32	12	-
9dcf44ac-0eb7-4acb-b7e6-ea70b1909158	488	634	32	12	8
b4682506-b25e-4d14-8d12-a7c0282919b7	488	634	32	12	,
e4388811-f69f-4805-8aa1-53dcf10a323b	518	632	40	16	31
9ea357ae-c797-4273-99e5-de8b578a1c62	518	632	40	16	-
1a774b09-5cbd-4e98-b396-2e48c688259f	518	632	40	16	12
3f0d8bd2-ebdb-4a52-bbef-b7d940385fbb	518	632	40	16	.
95a5fdff-d91d-472c-a7c6-7aa6e4d9b277	88	682	44	16	herit
e7842cdb-a9a1-40b7-bda6-3fc87f873ea2	88	682	44	16	,
8fb9a543-3302-4e20-91dc-6e2fccb7600f	258	726	27	24	cs
58d2c414-c6b9-496b-8b54-1bd6f7e43d42	258	726	27	24	,
d5b503f8-2ed1-4a3b-b39d-22b5e9e365af	288	726	50	24	413
7f084edc-08ac-4e82-95de-e34b45ea53c3	288	726	50	24	-
3e89b82d-2bd5-4931-9c5f-72be6b79651e	288	726	50	24	30
7f6c5765-8315-4ea4-956e-a2c9dccec421	288	726	50	24	.
1dd5bfef-71ba-450e-a5ac-3eeebb006f0c	76	748	35	28	Kly
b1c7a557-610d-4dba-98a2-ff28f84d636b	114	748	59	28	faredite
6556d2ff-4d04-4572-beb5-732ddbe82826	177	748	31	28	king
25535709-5559-4e7c-bd18-a11e1d581667	177	748	31	28	,
b7420f5a-09d7-497f-bbcf-ab7534acc898	212	748	24	28	son
b55733bd-d13d-47b4-8312-f9ab41200f6e	240	748	14	28	of
5c881713-ee17-4bd5-816c-39d3511ac55e	258	748	45	28	Corom
18908cfd-1af6-4500-b0e7-2ad5b07e03e3	258	748	45	28	,
bb045b6d-5282-4f11-bda0-3c386a327735	307	748	51	28	479
f587a42f-b58f-4682-897e-cf0aa9f694b4	307	748	51	28	-
ad02a87f-5d8a-4ac0-bf23-026f19772414	307	748	51	28	19
21085151-ec3c-4954-85da-bf462846e4c4	307	748	51	28	,
cbb6fe28-1eda-4fe6-927c-de851ae415c2	78	774	88	16	Kishkumen
f53d764d-e0c2-4d46-bd20-66d2ad21859a	78	774	88	16	,
5d07ee0a-5926-40f7-8aa5-6936f48c02ae	168	774	62	16	murders
9e7d0ae6-05e3-4461-ac1f-29e1640da7a6	86	776	37	30	sceks
76ea6a99-a942-4e6f-9ef7-69f6c08227e0	127	776	19	30	to
25b85d62-35a0-45bb-96a1-47eb5dda8909	150	776	49	30	murder
109637f0-a8e4-430e-8990-2dea841c56ec	202	776	64	30	Helman
23359400-a6f7-4e70-bb72-be06e2d8b5a4	202	776	64	30	,
1f274b18-f0cc-4428-ac69-a46b4def595f	270	776	41	30	5623
81ff7d73-97f8-4dc1-abca-1e05d4a15762	270	776	41	30	;
0bb7b7e9-d1b6-407a-a89f-77d837fb10db	315	776	41	30	tilied
df5589a7-4ba3-4739-af75-c4ce3869b489	88	798	22	16	by
df856f2c-e212-4e6f-8675-1ba3a590f66e	112	798	58	16	servant
f50055b3-b521-4d1b-8d0e-186a080e4c72	172	798	16	16	of
76e3856b-97ca-42bc-b9dd-d2e2a99ec182	190	798	72	16	Helaman
fdb4c78c-8545-456b-ae59-7b42870e3307	190	798	72	16	,
73a8ce3c-96c0-4fa3-adf2-0a61b093d056	260	800	44	12	363
6150794f-ce20-4577-8b92-1dd05abe3c69	260	800	44	12	-
963f4bc5-c898-4799-a21d-cd96702f97ef	260	800	44	12	9
65c58277-1485-4b6b-9eef-799b1d8a07c8	260	800	44	12	.
245c826a-596b-4bf4-a932-fe5e644eea50	78	814	82	16	Kishlumen
611e0972-f6f9-4119-858c-b976a7a5ff8f	78	814	82	16	,
910e02f2-ea9c-4bb1-9aaf-96f03c63d6a7	162	814	32	16	city
4e1c9f94-52dd-4c39-bd86-8f39a91c3c4c	196	814	20	16	of
17c42deb-cc7d-46c9-995d-809263f1e520	196	814	20	16	,
ff461bd0-d3c2-4af5-a8d4-623a684a7f72	218	814	54	16	burned
a980d60b-2abd-4128-a5a6-f92ce62bb7d5	218	814	54	16	,
b5511975-e355-4678-9a52-2c5bfd3a2054	274	814	50	16	418
e31ad030-a9ea-4a67-94a0-ca172d020eff	274	814	50	16	-
c9a8f152-6859-4093-9284-1c9ab4e66293	274	814	50	16	10
d314aea1-d672-4e2d-9b54-a50b760ac65e	274	814	50	16	,
3ddada1a-be3b-4ca2-82d9-d9d35f0e179b	76	826	37	30	Kiss
756711c7-761b-480b-b676-c2568e811db6	117	826	52	30	Every
ae1a7213-8e9f-4135-825b-c1308ec2c887	117	826	52	30	,
ef5b2071-fb26-4c26-98d5-6e4b6b21089e	173	826	41	30	shall
39ffe7cd-309f-4a34-a4e5-9fd3ad0e7ae2	218	826	26	30	bow
7d9b0394-bd81-4f5a-b772-c436867b2f5b	248	826	49	30	before
240e85e4-0431-4501-bc76-f16d99de61a0	301	826	55	30	Carint
dfd0613b-0372-416f-ae32-3e2095fe473d	301	826	55	30	,
101da6a6-9ff0-405d-be40-06d1e1340c00	74	852	81	18	Knowledge
ac03c286-309c-4b88-98d7-1c6ed90f19ad	74	852	81	18	,
134e4abf-4804-4ee4-ac33-b31405a51ea7	157	852	14	18	of
143c3afc-2253-4e75-8660-2d1365789cb8	173	852	25	18	the
e8047a91-877b-491d-abc5-c39aa9a1b871	200	852	38	18	Lord
8bd86ca1-6758-45e1-a7be-d545a257b425	200	852	38	18	,
a2199837-bc70-4f13-a4f1-90925f568538	241	852	56	18	penitent
464752df-cefc-45a5-9687-0796936093e4	299	852	57	18	brought
f2eb33d5-efc2-43f7-abc7-879b55367c6c	90	866	21	12	to
d05e963e-a382-4d9e-b36d-1c7b21049472	112	866	34	12	the
c1bae921-2ff9-473b-930c-e0b81a711dc9	112	866	34	12	,
b3df8196-803d-4617-8a41-803898e01256	146	866	48	14	255
9e91d041-2006-4eba-8c04-a8afd6764ab7	146	866	48	14	-
ce492b79-bf1f-4b77-8091-c21cfe7d1b6e	146	866	48	14	5
b3bd7fa0-193b-4c1c-b868-11dd81ac29e9	146	866	48	14	,
247707a1-4e60-48ba-905a-d9989badfae7	242	866	62	14	315
1f958863-fa12-40a5-bafd-866bf67b1a22	242	866	62	14	-
1c0a1bfe-cefe-4304-8cb8-cbcfb4fc4525	242	866	62	14	36
6754cff7-9535-4f5c-a2ef-d71701ba22f2	242	866	62	14	;
328d455e-8e64-4424-8568-c7fc05311d1f	90	878	54	14	439
675672a3-126f-424f-8bae-bb0a1fa39f95	90	878	54	14	-
f4806ab5-1261-417d-8ae9-1bca5572701d	90	878	54	14	13
7e1f4958-8846-4ffa-ab2e-85a14083b264	90	878	54	14	;
e18fddf9-205e-4d17-b7eb-e0fc38311c48	146	878	42	14	carta
747e9725-bed7-43b4-8e8e-cfde0dbcbed2	188	878	46	12	shall
5999f506-8c1e-4f0f-8197-a1748bedfb12	306	868	50	10	410
f19758b1-c86e-4c34-85cd-305132d5629e	306	868	50	10	-
ace35d88-d3e0-4ce3-89d8-2445c5f8467f	306	868	50	10	23
959dafb8-8aff-487d-a472-8deba4335aac	306	868	50	10	,
d46e9fcc-020f-4f3f-aeff-8e9be09f0c32	198	867	30	27	hall
2f00e516-f8ef-40fb-b297-fa3e242a713e	230	867	23	27	be
4b29ec54-7b77-45b7-aef9-c93bb451a78d	256	866	33	27	1ul
9f322704-a041-48f4-a906-086161d80742	292	864	62	27	01418323
71f4dc4d-5c98-4e8a-be75-635478f1dc94	292	864	62	27	,
a0a2a073-939d-4d5d-a821-7eed6d316702	90	890	48	12	103
d78a0d8a-5f87-4e50-aeec-7f481d3390fe	90	890	48	12	-
83b6de9d-b432-4386-b1d5-4aee7e74ab24	90	890	48	12	15
5d283691-e932-4343-a0e5-3e1bd9108293	90	890	48	12	.
25b128db-a195-4595-95c1-de63d8f7e660	377	673	55	38	Founded
a8e8f866-b91a-4fdf-8a22-3ebe8391e34d	433	677	42	38	tele
17fbb626-7540-465a-aba8-2791973f7378	477	680	20	36	d
bc14e5a0-f86b-493e-97d3-f009eb336873	477	680	20	36	,
f8546c8f-92ef-4831-a94b-f7df6f46770f	499	681	46	38	17
b0c0533e-e2b6-46a2-a6fe-cb68d45a2388	547	684	46	38	Waugh
e59a67ba-e41d-42c4-89b0-fcfc3771ff3b	595	688	29	37	12
d0998ff2-fe18-4565-a01a-19d334423250	625	690	20	36	o
9f9b5440-676e-4ee8-bc3d-84bfe870fec6	378	708	68	17	captured
9dfe187c-61de-42af-8242-01ef47e0be9a	378	708	33	38	Con
f2a0b4e5-5f03-4f34-b442-646cfb4a7657	416	708	14	38	ta
caa6debe-6400-480d-a2f7-60eaf5a8dcfc	435	708	33	38	he
11079712-091b-414a-99ce-b27f718d276d	473	708	33	38	lie
dcc7b53c-57e8-47f3-8e7c-ea002edcc90e	511	708	45	38	head
2963f49c-fb71-4b1f-8089-bd4d212b7ed5	511	708	45	38	.
8d8b6e60-57a4-44bb-b061-5b7634d8eb78	380	734	32	10	tron
f9d5b4d2-8d9c-40d9-9f44-361674892318	380	734	32	10	,
234a64bd-7993-45ae-a6b2-9462c6f5bff4	380	744	72	12	dissenters
10fd130c-9cd0-4182-8200-b7b644f9bd58	488	746	34	12	were
52aec192-7028-4d4b-8d4f-1e110b2d746c	594	742	52	18	201
e304cef7-ea99-4f17-be3d-13fe75873aa0	594	742	52	18	-
a266db65-c476-458e-a4c3-df3035983fc6	594	742	52	18	10
b1e114b2-1b9a-4457-a907-c1776b3cb06e	594	742	52	18	;
06e8b69c-30fc-420c-83fd-8d31b2136f99	376	756	62	16	merciful
ac86c8b4-2574-4112-98ea-4d5f17049ddd	518	780	38	16	from
49ed2d31-5e33-44cc-a6f6-9aa1e69eddea	558	780	64	16	Nephites
908a4a2b-465c-4404-a016-01701681bb39	624	780	20	16	by
0650b71b-7eb7-439c-9cd5-11b2152bb8d0	520	794	38	14	after
cf90395d-aae6-424a-b00e-1aa1c26de6d8	564	794	80	14	conversion
43f5c7b3-40ce-463f-a527-91106ec23cac	564	794	80	14	,
3e00ff05-f1c5-44e1-8a51-87909d3d2545	380	806	64	12	steadfast
b7ed8962-d007-4549-8404-bfbd35aa5431	446	806	17	12	in
52153727-2c66-415d-9fc4-c29aac2cab19	464	806	44	12	truth
1a3bfd94-77b1-4d09-93fc-f34f4ac07e23	464	806	44	12	,
f9f76e9e-1d3e-4f0b-bf3b-c14ccb6327d7	584	806	60	14	weapons
973bb0c8-ab01-4e3e-b770-e68b2e30e3c6	380	818	41	12	down
fe4d81a6-c890-409d-96ac-df4b17026dd8	380	818	41	12	,
735c3c6b-11c3-4479-87c9-47392fbd81e4	422	818	44	12	255
080de88e-7a99-4295-93e8-0bada7fc7267	422	818	44	12	-
0c651a00-6964-4826-bdd6-b99b22d11d2b	422	818	44	12	7
b2db8d50-d85b-4b1a-85d8-f13b60674689	422	818	44	12	,
bf88e3ef-7153-43a9-9ba7-6027250cbe11	467	818	47	12	257
d7c2446a-6e6e-43d9-bbf8-d6972f5338c3	467	818	47	12	-
227be489-5b19-453c-af87-7566270d62e2	467	818	47	12	6
064e70ef-528a-4a63-973d-0e58e8f86b00	467	818	47	12	:
de764cfd-184f-4c97-95f2-0354291d563a	515	818	63	12	converts
6991d0fe-707a-4286-9a9e-0fdb149f8e3c	579	818	33	12	take
a37ca518-51ec-4506-821b-3f8c49a7af49	614	818	26	12	new
c6bfa9e4-9e78-4a53-aa24-c2ef6a3a8faf	380	832	38	10	name
46ab4a21-77cb-48d2-b9f7-2d5f3b50b499	380	832	38	10	,
6006ba21-b6dd-4bf7-91e4-e3c87ca7dfb4	378	840	68	16	slaughter
fa29a862-3ca9-48d8-be25-989696cddb46	462	844	62	12	converts
11dadaf0-7889-45ea-bf60-19bf5faef315	462	844	62	12	,
9e3aadaf-ab2b-48b0-b567-54ad3c063a50	556	830	88	14	unconverted
848c36ac-0404-4c32-b763-39bad6a423dd	556	830	88	14	,
91632e49-292e-4c7b-a74b-969e65e4d0a7	592	842	52	16	258
501e26bc-9c63-4fc1-b470-80b808084701	592	842	52	16	-
fac1136e-e4ad-4f75-810a-5ec49c2feaef	592	842	52	16	21
22f200ce-5948-4318-8b45-48f7dc4efa31	592	842	52	16	;
0db00f3d-46a5-404f-8b1b-e51f03d8b6c9	380	866	44	14	259
56053cf2-e51d-4789-8134-a524c3d7fa4b	380	866	44	14	-
2e1b9321-f3aa-4d8e-b50f-0d2d237f2de4	380	866	44	14	1
c3a907b2-5cd9-4cb2-88e0-0db5933d65e3	380	866	44	14	;
e947eec2-36a5-40b1-97f4-81132d89b403	425	866	58	14	destroy
9c16747f-724f-4450-81f3-9086017d6cb3	485	866	49	14	people
2186af4c-3623-4844-90cd-0378a4affcb5	536	866	19	14	of
51627bf0-5eb6-4f0d-9aae-d2c1d25275d5	557	866	83	14	Ammonihah
9a8bcce7-1b4b-4eb1-bb21-b2cda4c531d6	557	866	83	14	,
b255065d-dd67-4f08-967d-d993ae78cb98	380	880	42	14	259
41d23e9d-4cfa-4656-b74d-d951396e2734	380	880	42	14	-
ad6a2291-b72e-4d2b-8bc5-09d17fc95ce1	380	880	42	14	2
e3692280-9350-47b8-a173-920c1a5239c1	380	880	42	14	;
1947eeac-d685-4517-921a-c2a847b2f9a8	424	880	44	14	many
ff694c68-a771-4f49-9526-5807f59889e3	469	880	45	14	perish
f8dfdb37-b551-44c2-a57a-a5e249a6fbc1	516	880	21	14	by
aedaf0b8-e18d-4356-b7f0-cc0eedbed1a8	539	880	30	14	fire
ba34862e-48c9-40d5-be0c-da4d44169e26	539	880	30	14	,
570a50c1-520c-40e0-b2d8-70a914b154bf	571	880	45	14	259
a9f5cf6b-7230-4408-9569-5586a20ac6e6	571	880	45	14	-
11ac1a31-f8d8-4ce0-89fb-b2ed0c4c6049	571	880	45	14	5
0e0b2ea0-c480-4b99-a009-8859e93b4017	571	880	45	14	;
380f8862-a6f6-42d1-a958-4f9ce690d3c1	618	880	24	14	fol
aa163f0b-8ad4-49de-9d52-d0679c0b69a1	618	880	24	14	-
667b005c-4565-40ba-838b-f76154a7ad6d	380	892	26	14	low
58bde3c8-e4dd-4b25-9705-a1f464f2702f	408	892	68	14	converto
3e426d30-0433-455b-9a85-fba4b5d7c40e	408	892	68	14	,
723e77cf-060e-440e-a75c-906a31124a75	478	892	40	14	great
ace221a9-f348-43ec-9154-23926cc8dd5f	520	892	68	14	Blaughter
e7d5c502-9eb4-414a-b084-5f28c8d019b6	590	892	52	14	results
6c3a8928-9ea0-44c0-897d-c5698a1b04f6	590	892	52	14	,
