ID	X	Y	Width	Height	Text
1fa158f1-d537-40dc-803c-da65da97485d	52	44	32	16	558
179d3cc7-e150-4496-a592-1da1f0f0574d	66	70	32	16	flict
3589fc06-6beb-4a18-b1fd-7a3ae635e588	100	70	20	16	of
26912775-ca44-4a3b-a89a-34b51ec315e2	100	70	20	16	,
7fdd4a83-3354-41df-b7a3-789f07f71ea2	124	72	37	12	with
57eef331-bb51-4357-9354-a2716cf7206b	163	72	33	12	king
76948b43-33a4-4f83-9807-903cb135bf3e	198	72	37	12	mcn
a46cbe71-e8cf-45e7-bb8e-116864bae99e	198	72	37	12	,
43c87161-15f7-4eed-9109-66dcbdabdbe9	237	72	54	12	325
fe96179d-03f9-442e-8c15-b64e54e5d1cf	237	72	54	12	-
4709ce5b-caf2-4003-80d4-c7f39b68d6c3	237	72	54	12	13
a3d0e243-3ac0-4315-a7ff-3ad3dc6740eb	237	72	54	12	;
a9baa286-7a9f-4c3c-a7d4-bd9f02c9627f	292	72	40	12	gains
7b27d29f-e149-4b87-a312-136afb31f4fa	66	84	56	14	victory
41c2be99-0ed4-4ed0-8aa8-497e145401db	66	84	56	14	,
c3afc01e-55d9-4ec0-9069-fa21c61bafdc	124	84	54	14	326
0c78fcc0-0b5c-4288-bb46-a9d3a95a7339	124	84	54	14	-
5256b54d-98ac-4431-a978-08a791cee451	124	84	54	14	19
e21df31a-0686-41f4-b859-8d5ba86887c8	124	84	54	14	;
d1613842-418d-4daa-bf5c-b592084b497d	90	96	64	14	Teancum
382ebc29-a8a0-4d02-b1ac-b97d10e23359	90	96	64	14	,
025ff656-923d-4356-8997-09453d43081a	176	82	44	14	sends
2d95d721-0b01-4fc2-8269-d5eddab60d20	221	82	111	14	re
935860d3-5890-4d1e-b6fd-d31274b79b46	221	82	110	14	-
8ec927e0-9e78-497c-8d08-d5f938aaab51	221	82	111	14	enforcements
edd47662-9712-4a0a-9a90-87490127242f	160	94	47	18	328
85322881-ae69-48cf-868c-35a4d428085a	160	94	47	18	-
7c75f0d1-7bcd-47ff-8fc2-7b061beceff8	160	94	47	18	7
ec50b76a-0eba-4e4d-bae8-703be207b9d0	160	94	47	18	;
edef0643-39e1-4415-a7de-7414d6baf01c	209	94	51	18	enters
f16b89be-18e3-49c6-b7a8-e43129ac6bb6	256	94	78	19	Bountiful
ea376422-6bd2-4b2c-a79a-e595bbc58676	256	94	78	19	,
078f2dd8-768b-4983-94f2-067c9ed9994d	62	106	52	30	339
2fbc0648-7487-4178-80c6-29863290fe6b	62	106	52	30	-
871da754-f1b8-4e8c-bb3b-d127c08eed0b	62	106	52	30	15
3afcce79-791d-4e63-834c-ed6cf18be358	62	106	52	30	:
ed5eef83-3b92-46fc-96bb-a26eec6da179	118	106	30	30	Sort
1025e884-ab60-4648-aa01-59f4617d6463	152	106	26	30	Tea
c8beab5b-2fe6-4af6-b4a4-24a7d1efe892	182	106	71	30	count
38e42a1b-64d9-4dd9-a33f-eb78bf791e4e	182	106	71	30	,
38e6b32b-0903-44e2-bec4-a95ff3ce9ebf	257	106	77	30	manded
6d8a9e29-3713-4dab-8dad-1be6ba239d51	66	121	54	15	330
1a66d72b-37be-4913-8231-7725b84d8dfe	66	121	54	15	-
69947e38-28ac-4593-8797-9b07ae6d6ec2	66	121	54	15	35
37ded8c7-46ed-4742-abd0-09abbe49584c	66	121	54	15	;
2adeddf6-5a69-4c70-a0ac-fc8a7cc65f72	122	120	56	14	fortifica
128130c1-e9cd-41ba-a8ea-eaf395826acf	68	136	106	10	correspondence
89177b32-67c8-4592-a3b9-7fa3821463cd	70	146	49	12	334
73d5adbf-fd33-44a2-b77c-18de1fb46d29	70	146	49	12	-
eeaba50f-2559-46fa-8e86-ad80636e7821	70	146	49	12	15
040afc1f-6a3e-4af4-9baf-91d93cc51410	70	146	49	12	;
af1b4f42-5ad8-4bd3-a863-ce36501eab02	121	146	45	12	sends
12cee679-aafa-4262-a780-b91d83dff977	178	134	34	12	with
60ef99ad-cfce-448d-a7ec-1e9c783bf8dd	214	134	76	12	Ammoron
47546bde-5af5-432a-87ff-a015f19a77a0	214	134	76	12	,
46d6021d-97bb-4580-bc5a-b3d99e59a3d0	286	132	48	16	333
e5d226d2-ba0b-4a89-a105-f1d989f47be7	286	132	48	16	-
2b583468-cd5f-4588-8aa4-df13019a83a0	286	132	48	16	4
dff45a05-b287-4ed1-87f5-bbaddfcf5cd0	286	132	48	16	,
11148652-7b97-4849-8f99-ee5e0b8cac8e	166	146	49	12	Laman
593e04f3-5a60-48ad-bb2d-9f581b71ed54	217	146	35	12	with
a30f5419-3488-4786-b3b2-7db2cf8641f7	254	146	34	10	wine
2054dd57-86b6-4161-ba77-2e5771b5228e	289	146	19	10	to
e8ad130d-57be-49e5-83f0-24466dc987e2	309	146	23	10	La
f7a3ee79-44dc-4471-bacd-aa804d3e7727	309	146	23	10	-
9b68107d-8aa6-4b4b-9898-14e0148f3c4e	68	160	62	12	manites
87be5e7b-acfc-40b9-84ab-ac086aa13191	68	160	62	12	,
a2f77b0e-609a-4a1e-8b49-c55e91ea4db6	130	160	45	10	335
bcbce129-4c01-4a51-8313-86f368831095	130	160	45	10	-
5666815a-0ebd-48a3-8a81-614207da1878	130	160	45	10	0
0aaaf5f1-bc88-4b3a-95d6-a9ffee3a2e80	130	160	45	10	;
fdde29b4-4930-49b7-b4e0-b26f9516dd65	176	160	40	10	arms
bb420a52-3bfc-4787-81d5-8b6cd49ad8ad	68	168	42	28	335
44672a49-23fc-41d4-8869-3e9497fa450f	68	168	42	28	-
6022dbe8-4406-4b72-bea5-eeb2c3622291	68	168	42	28	18
b1372915-dfce-49fb-95da-9a7863c2c937	113	168	45	28	write
470dfea1-4883-42a0-9976-1c237d1e404b	162	168	14	28	es
0fff1939-fa3d-42f6-b445-3dbfd6ebb7f6	180	168	49	28	Pinola
7dd8ea00-fdb8-4960-ba95-d25c415d541c	232	168	14	28	i
f50a9eca-ed5d-455a-8b2a-d6611d68ac39	232	168	14	28	,
1f7c7e2e-d05f-4def-a147-33de09b11adb	250	168	16	28	34
ce8873b7-74cc-4a00-ab3a-b5a78855adaf	250	168	16	28	,
c855696d-b5d6-4044-b434-49d55ba72f67	284	156	19	12	in
83fafd12-a86f-44d5-8cc9-a313d8a7278f	305	156	29	12	Gid
e77617b1-9bbf-408a-b9d3-2d15ff7dc1a4	305	156	29	12	,
b15b12ef-09c0-41b2-b917-af24f3359f12	214	160	12	24	le
17fbf671-6174-43fe-8888-9ecbbce027bf	229	160	36	24	iron
753bf704-8e4f-4730-9369-1439d78193da	268	160	66	24	Helaman
6f47db45-a737-40ef-8947-3c9ccac807b2	268	160	66	24	,
efa0f500-cbb0-478f-87f3-5ceabb6d2b44	68	182	50	14	337
1f29e9b5-53e1-47a6-b0b3-8b67041e3e12	68	182	50	14	-
0920e662-7678-48c6-985f-04611f50020a	68	182	50	14	1
b4eef76c-bd50-44fe-a8a6-bdb8b11fe789	68	182	50	14	;
744de447-1124-4848-98d2-05b3b12d0481	68	196	42	12	ceives
12b4e46a-c858-4743-8cb8-2698102e3c95	112	196	57	12	answer
242ebda6-0771-472c-8176-bbaa89391b72	112	196	57	12	,
bbc9f7da-8309-4d74-8a8a-b179ffaef8ad	170	196	42	12	352
e5390e35-b6df-4e68-86dc-f1890fe860b7	170	196	42	12	-
124ff793-aaec-4c99-a95f-902d482acd31	170	196	42	12	1
68ec1585-8022-46a5-8d17-719c9ff9e4ee	170	196	42	12	;
d32d9c61-01e1-41ef-8e73-482410ceb306	248	182	46	14	348
132e280e-7e9a-4463-ae72-691a3b91ad88	248	182	46	14	-
d4139b2e-f5ca-41c0-af93-08b953e4b0d2	248	182	46	14	3
de6eb56b-1094-40f8-8038-25254f823002	248	182	46	14	,
06657576-c041-405e-85fd-8734f0f10212	216	194	58	12	marches
0180a090-1fcd-4e33-8526-eebd80d2094c	278	180	58	28	toward
705f8656-9673-4ae8-8901-928794cb2078	278	180	58	28	.
ee255ee1-4f3e-4694-9724-1b599df23988	68	204	50	16	Gideon
9ddb4d70-d9e1-4c22-b38f-cf8fd5631bc8	68	204	50	16	,
11bcb746-d7af-44ae-8923-9f9d4e19af3b	120	204	42	16	354
53a62b6c-79c0-44ba-8b4a-1467ec6e965a	120	204	42	16	-
5124e142-c4b4-401b-88a4-a6abcba28647	120	204	42	16	3
a5c4e75d-214f-4fa7-8d99-5dc1741bf432	120	204	42	16	;
651dbee0-a3b2-4bdf-80db-e10a95e4c5d7	164	204	36	16	joins
ae5e2190-1c82-4b12-b95b-85f8996b3711	202	204	64	16	Pahoran
571ad706-71f0-49df-9d7d-547dd97396a3	202	204	64	16	,
fe53c5f3-2715-4706-8048-4ecf9032f9e6	66	220	40	12	takes
2d1752ff-13dd-489d-b89b-ce44885570fb	174	220	70	14	Nephihah
eb507002-d73f-4aa6-b7c9-04dc3929641c	174	220	70	14	,
5f8ae5d2-1a5d-42a8-9279-ef4c1b749053	252	204	56	30	33
ba554112-86ed-44a2-aac9-ac6342666f20	252	204	56	30	-
9f5d7754-92be-48a8-a1fa-4aebb1f37e2f	252	204	56	30	21
f9dc6d10-1a2d-4086-b17f-a1f713bcc0da	252	204	56	30	.
cbdd52e6-877c-4d73-b43f-7f7b55af1d6c	290	206	18	16	-
6535ebd7-ac5f-4d5f-a863-66144ed62401	290	206	18	16	6
316eb70f-d0ca-46d7-8e1f-cf4023d81625	290	206	18	16	,
6898b897-ab9a-400c-9d17-b909db03eedc	310	206	18	16	14
bb55747e-6518-4c18-9fab-ec9a5bdafea8	66	234	39	12	turns
a3ea4cbe-112b-443f-926e-a802bb5d3da6	106	234	20	12	to
7a19798d-8ecc-4a89-9385-3f5d4c68b42f	54	246	58	12	Moron
622e002d-f742-42c1-92e2-0a8dab965aaa	54	246	58	12	,,
a889da1b-fd56-4b35-8e89-41504d5bffa3	111	221	11	28	o
c8e0c4ed-1ecc-42f5-94cd-a415f2350f02	124	222	79	31	Zarabemia
f9fcc932-b722-44dd-b8a9-be6256eb89a3	124	222	79	31	,
7e25861f-2f07-4ee8-a058-74116b977cfd	205	226	48	29	357.42
09c38869-97cd-47b1-ad3b-915370525e32	205	226	48	29	;
8612bdee-2633-4046-9ae0-52e70fa1d011	256	228	35	29	dies
ac95ecc2-c16e-4b97-b159-b906d77f97d4	256	228	35	29	,
f6527738-c0fc-4ec7-b635-68590ea448c4	293	230	36	29	359
d32100be-9e70-473d-985e-7126bb7b1eed	293	230	36	29	-
759e02b9-bbb9-4730-a882-6630826b31ab	293	230	36	29	6
96df54c6-8cc4-4e58-882a-2e3580470238	66	258	54	12	finishes
c984a4ab-0cd3-4523-aeaa-5bd61e95beee	128	258	50	12	record
7279c71f-0382-4581-9d4a-1aea7d6d5674	234	256	44	16	father
8d4bd1a7-f599-41f1-b0f4-4f711451b720	288	256	46	14	472
6a796168-c7a0-4a09-8f67-cd3aaf8c6c7f	288	256	46	14	-
3ccc4caa-95a7-4b09-9a44-513f6426d9b9	288	256	46	14	1
ffc0a68e-59e4-48d5-84a4-c2dfbb58103e	288	256	46	14	;
1d5c18dc-8169-4dab-834a-26acd1f91d5c	66	282	54	13	472
727324a5-cc50-4383-93f8-c171bc15ac39	66	282	54	13	-
8634dc04-961a-4fc0-9c5a-54131eb77519	66	282	54	13	10
4af535a2-4fa9-49dc-ada2-74571acb8c69	66	282	54	13	:
4a5f69a0-55f5-4a89-91ae-441ada42f7bd	180	284	60	10	bringing
145b67dd-817f-4f7a-81b3-5ae1a85ff0b4	64	296	58	16	records
11e036cc-ee74-4ed7-8a83-12f385b5808e	64	296	58	16	,
4fa81d1a-d017-43f0-b38b-bd36fff512df	126	294	56	16	473
0127db88-c0e7-4ccc-9ee8-a309c18d2afc	126	294	56	16	-
1b333527-4f79-45bc-835d-038c01e999b8	126	294	56	16	12
8ca874a2-bba5-4112-9dfb-bf3a16abce0e	126	294	56	16	;
3206c707-f053-4490-829c-319679061db3	232	296	86	10	abridgment
13750bd9-975a-4e82-b794-eee936b39485	68	306	54	14	Jaredite
4283543c-b43e-4228-88f4-93b41e4ee027	124	306	49	14	record
6a678605-1a23-4338-aaf1-7e9cc05e068f	124	306	49	14	,
d49a7320-c9e5-4a33-a99e-56d71095fa96	175	306	45	14	478
dd6016a8-d427-489b-a7c5-4d6c9fb35f9a	175	306	45	14	-
d1f81cc1-ffcf-46f7-bb59-7affb8f68838	175	306	45	14	1
49d50779-00cb-407e-b54c-266b008436cd	175	306	45	14	;
ec1374fd-ade7-4d21-b7c0-3f0b6f8ab28d	222	306	37	14	seals
8cee618e-e0b4-4c58-b00c-44fbf76041c0	260	306	45	14	record
03c4338c-8121-4b57-9543-d64e54a389d4	308	306	26	14	and
2123bb12-fb3f-42ba-b6c1-1672431e28e6	66	322	88	12	interpreters
2d7f283f-9f27-41ab-9e3d-6c3623f1c489	66	322	88	12	,
b5c7dac6-e661-4ba3-8421-5b876c240819	64	332	48	16	500
d249b7d6-a5e8-4bb1-b003-f8205632853f	64	332	48	16	-
d0b11892-16d5-4e70-adeb-50279d6253e3	64	332	48	16	6
359be1d0-2b38-4c54-a97f-c20f0c63276c	64	332	48	16	;
767d671e-8a6a-4f85-85ee-801c51726386	118	332	28	14	will
05eac1ac-862d-455b-87a5-ba66ee6cd7b4	160	320	51	12	485
1900359b-8a69-45e7-89ea-5ddd31c9066d	160	320	51	12	-
5eafb478-58de-4e89-a92e-46b69636a642	160	320	51	12	5
b143fd14-3595-45aa-b91c-af6ab4054af6	160	320	51	12	;
5c0e9e3f-0e8d-4f14-800a-61ddc69b5c57	213	320	48	12	speaks
9575c499-5630-4a80-897a-3ea4167c9b68	150	334	28	10	not
c2249b79-435d-40e0-9425-f21fc0ecd91c	294	318	40	16	faith
a7423612-2365-4126-9600-14b1239ed952	294	318	40	16	.
196e0b1f-91fa-4730-8f63-6140e48723ab	182	332	38	16	deny
8e64d2f7-d48a-445d-9508-fd8870785e01	278	334	36	8	cven
6b97af5b-dfb5-46a8-9e93-a17c21a02194	318	332	16	12	to
9f4c750b-7409-4cd8-810f-91f0b4e07683	114	346	48	12	death
8abd3e7a-b703-4e5c-af10-4738498f5a6e	114	346	48	12	,
3edb7c4d-1e6a-4fdf-9b0e-03d86b509f6f	160	346	52	10	510
511f3651-87a8-4692-a678-951e17425bce	160	346	52	10	-
b3ee02bb-bb0c-4b26-8c08-28eb8c2742ef	160	346	52	10	ch
4802e794-417b-46ac-a016-97635402a8fd	160	346	52	10	.
5c6e9039-e8d1-474f-82be-ab3e9b3c8be5	212	344	30	12	1
7bcba7aa-9f5f-43f9-b67d-594b2a2533fa	212	344	30	12	:
57953a60-2e01-4ef4-8aa7-38064dda91bc	212	344	30	12	3
50d7d7aa-0469-4ce1-ab75-708cc8835dcc	212	344	30	12	;
5c0d2589-591b-4ee2-af51-47023ef6ecf5	244	344	53	12	records
d6541939-638b-4a3b-99d2-0183128d706e	297	344	36	12	mode
e375de62-7ef9-4b9c-bfbf-6a1b466b472c	66	370	30	12	the
7db13232-9c10-4663-9343-8e545233bd93	100	356	78	24	ministering
10b536a2-123b-45cd-89ff-4f4065372891	181	356	78	24	ordinances
a47c2277-90ab-4ddc-bb93-7e17f53f893a	181	356	78	24	,
6466a883-9f2c-4f80-b1a7-32595fbaa9b6	262	356	72	24	corderring
31a59c96-d0ec-4a62-9109-db4fa5509659	96	370	38	12	Holy
c8f35316-bf94-44ce-910c-041439e2ca95	132	370	54	12	Ghost
5176be2c-6bf1-49aa-ab7e-766a1b759e8b	132	370	54	12	,
b92eb02a-b1f6-47f3-8265-d29dbeb0c773	68	384	48	12	priests
a2e382c2-7b33-4d58-9fbf-7c694911e0bf	152	382	70	12	teachers
8256b6f8-7e41-4846-a21f-cbcf8e27e9e3	152	382	70	12	,
10b1239e-c879-46c7-808e-8901b3ae90c9	268	370	66	12	ordaining
7fc20b3d-6159-473c-8652-24349620af22	228	380	50	16	510
dab41379-6347-4d01-9ad6-4c02acfca647	228	380	50	16	-
7fa17ff4-b532-496c-a4ff-166c6236ea9c	228	380	50	16	ch
1e65c015-edd6-4233-b5d4-d34531a00bf0	228	380	50	16	.
d94ad1ee-76d2-41de-9bbf-5138cd8ff709	312	380	22	14	ad
c204f5b7-272a-4e70-9e18-28c94c20d1a9	312	380	22	14	-
bcfdd1ed-cc7a-4e13-9617-cf70adbff6d0	306	392	28	14	and
08a717fd-d838-4832-a1fd-7c0037f3addd	68	410	36	10	wine
e4961980-8eba-489c-942a-5e349f91c66e	68	410	36	10	,
280aa4fb-cf63-4ef1-ae2e-c6cc547ec536	187	409	52	27	Sit
e8046855-2b13-4be5-80f2-a75579a9ea5a	187	409	52	27	-
0cbff930-9ea7-4a5c-ab45-8ff06ef6c71a	187	409	52	27	ch
ae10e144-60e0-4f31-a943-50e76f737704	187	409	52	27	.
54ecf98d-c1a1-4d81-b7b8-6391aa1472a3	243	409	16	26	6
eae06996-df7c-4525-a570-591d9f477497	243	409	16	26	;
9b04c993-b28c-4888-b11f-1cd8b13e106f	262	409	48	27	quotes
f22d6d4f-a4f0-41fa-8476-7bfb284ec58b	306	404	28	14	and
ea1b5c03-15a4-4bc7-bc81-4fa316b066bf	66	418	45	30	chuer
c19051f7-0457-4804-9686-39c665d5e267	115	418	56	30	diacipli
856e165c-f416-434c-832b-01b3937475ae	115	418	56	30	,
716da9f9-9234-49f0-a280-24db499f4e0d	175	418	30	30	hope
ac8d5e00-11d0-4dcc-bf31-1fbc4d2c1052	208	418	22	30	and
74731c15-9578-44ad-ba03-5094ca91115c	235	418	71	30	chariote
3ba7004b-0e2b-4cf5-bd8d-3ec80a1530e5	308	418	28	12	his
a8accbe0-817e-45a7-b9d2-0b3e0fd185b5	68	444	50	12	letters
24a375c7-ebd3-4745-ae75-e45ecd2ce134	148	443	62	13	Mormon
3ee76772-0d9a-467c-bc29-d4a948115a58	74	458	43	12	rites
a6e74f3c-0144-47a8-8eb7-969f54f088e7	119	458	22	12	to
fae7e9fa-8d02-483a-8c1b-a9f94b3718f1	143	458	79	12	Lamanites
414a4be4-5650-4e0a-9c4b-626c83564baa	143	458	79	12	,
d064cbff-2065-4aec-aa42-fca09dae5a13	242	444	27	24	0
42353432-09e3-44d4-80bc-5318f89ab739	242	444	27	24	-
e71a6c19-3880-439e-81de-e7b22b390799	242	444	27	24	1
7d19e684-e2d6-4f98-97c8-57d2226577ad	242	444	27	24	;
40080df8-1b6c-4a5a-bab0-3b261fca48c1	272	444	28	24	his
308005af-7d36-441a-ae18-0726345611e2	268	468	49	15	reader
6e841b2b-b7bb-4114-9084-c23ddf4cc8b0	319	467	16	14	of
c9a4a52e-b165-4882-9424-2c5eaac35c5e	66	482	32	12	the
8b87ba27-2c10-404d-9722-d99164d3f704	98	482	52	12	record
26c36569-49be-4784-9835-b3a96ec290d4	98	482	52	12	,
b6545bb2-156b-4074-a55c-3d1a1cfac5c1	68	494	46	12	520
300c152a-79c4-46ce-95ae-564098ffe267	68	494	46	12	-
b7e05986-83af-4204-a455-90be899d73cf	68	494	46	12	8
141c05b2-5421-4597-af10-e28aa14528b9	68	494	46	12	;
70cb5652-2d1b-45be-93d9-6f906d0f362b	296	478	40	28	sild
9f913006-e464-4d62-85ae-bce091d5b615	122	492	59	28	521
39aa8918-e9b5-4ba0-a371-4416c7820427	122	492	59	28	-
77a47287-1071-4822-bd24-baedc5639db8	122	492	59	28	201
326601b0-068e-4158-89ae-42bd5096e6d6	185	492	11	28	a
bbaf93a0-651f-4cae-98c0-c8f32ad4d694	234	480	58	12	spiritual
212b2ccf-a39e-44e7-9e9a-122ac9094436	206	492	42	16	faith
a30a2fdd-4e76-4f92-964c-a86f1e059f88	206	492	42	16	,
88e0049d-1382-4de0-81e8-88a9a9c16db4	256	492	42	16	hope
de717e4d-685a-428a-9dc8-6c70427cdf7b	256	492	42	16	,
1e66a741-11cf-4c83-bcd7-f5918595b97f	180	504	32	16	his
5c365859-9118-47e4-a3bd-268174211d9b	214	504	80	16	concluding
e59e95bf-4860-444e-8ce4-9788809fb35a	296	504	38	16	testi
76f0a850-b970-4997-ab3d-c498c881e70b	66	506	47	42	ora
02f738ac-35bd-4799-a7ff-4bbf561deafe	119	506	47	42	47
1ba63d14-d05e-45b6-b340-41ed2bc8b450	171	506	37	42	sa
16ce6645-d79e-473a-9785-15c6802584ea	213	506	26	42	2nd
be05a6e8-6f46-444a-8ac8-f0e7682f6ca5	245	506	37	42	hites
4a14904f-bbe3-4a37-a466-7ffec4d9caf0	287	506	16	42	up
81a11a3c-e40c-44ed-a27f-4d775ce91b39	308	506	29	42	the
c86f4c67-ba81-4d5c-bc6e-ebfd193cc80c	178	530	44	14	520
2044ce7c-6b9f-4a26-9377-574b1334ed46	178	530	44	14	-
714c0088-f720-4b37-9e71-d292cf160d2e	178	530	44	14	2
0ba88295-3f05-49db-ac49-cfe7bea90776	178	530	44	14	.
85e81238-de69-4056-ac12-c2abbdc07070	162	540	59	28	3326.3
26825ebe-7e14-4c6b-b2d6-81441f7b22cd	162	540	59	28	:,
13c8d980-1cde-4d0e-94e3-1911fa544386	225	540	66	28	destroyed
0e18b305-1b68-4fcc-86ef-1389855c924c	225	540	66	28	,
9e616a5d-b665-4978-89a4-0fe354554fef	295	540	41	28	415
79aa2df8-13f2-477a-b28b-564840c2f0e6	295	540	41	28	-
34e969c4-194e-4264-9da0-2c211b3f3bea	295	540	41	28	9
c4ca759e-2d70-42e7-8a60-abbbf523d95e	295	540	41	28	.
148813ec-2d47-453c-a642-86e21f8583ca	304	42	64	16	INDEX
04e1e300-d6a1-4f0d-a9dd-fc6b7cd08ac7	342	70	26	30	of
41f51e3d-47f9-422e-a138-eb797160fe57	372	70	34	30	Lins
99fbf7f2-57a5-4395-8173-2c7a467e13a7	409	70	75	30	Benjamin
8c4d24b9-75e8-474d-8d77-97176066fe2d	488	70	49	30	192
54cef8d9-b2ee-45ec-9964-728ffa14bc94	488	70	49	30	,
a92eaaec-d79f-4578-8302-1a38169f89b4	541	70	41	30	made
339b0251-f2e4-411e-a450-61e1c851c82a	586	70	40	30	on
cee6a094-04ce-4ce7-bea3-e72e152247fd	586	70	40	30	,
756c4afe-b844-4095-8754-ebd5e86d8ee9	356	96	48	10	135
b3498851-9834-4720-944b-565d22028388	356	96	48	10	-
280df998-8c12-4558-b3fe-9aa99744be11	356	96	48	10	10
1575a576-9863-417c-a58b-e341413c2345	356	96	48	10	.
f8bf0708-3a45-457b-8914-d9ad6e9a88f6	490	84	48	12	134
bf62e71c-f54c-4cbc-9f13-3e6146602dbc	490	84	48	12	-
ff039527-561b-46c2-8a26-83ac43914c18	490	84	48	12	2
cb7b4c5c-c785-4b26-8ff3-7cb96167173a	490	84	48	12	;
028f2ef2-0aee-4a11-9d05-f57dc5ced16a	404	94	56	18	138
aaf88a1d-a16f-473d-b822-2d4489b681e5	404	94	56	18	-
4d160884-fdad-4379-a51b-abc1733d5d78	404	94	56	18	30
bae603b4-fe1b-4784-8d06-dde4fff5f03f	404	94	56	18	,
a734be21-efed-48fd-b757-32a1aec9e90f	416	84	42	26	38
7b70b395-349a-476f-b71b-0c7d49769a2f	416	84	42	26	-
5445a1db-7ce6-4c07-b1e4-cc5adf28c05f	416	84	42	26	30
85fd07f3-4bcb-4013-874c-58256fe4ea82	416	84	42	26	,
849f60cf-f679-4060-bf1c-97bbdd072098	461	84	52	26	147
120b20e9-0fac-48ec-aa49-c2a19923bbe9	461	84	52	26	-
2f15cb78-7261-4e37-b052-686cea47f3ae	461	84	52	26	ch
35dddc48-114d-4743-a69c-1758bb14c894	461	84	52	26	.
ca4ad553-13ed-4450-b544-3cd1030ac8d4	517	84	29	26	64
6cc2117e-19c5-40fc-b350-91406fe7d55a	517	84	29	26	,
263d3d8d-94d0-418c-837a-45766d5a614d	549	84	42	26	reads
e398dc43-e3d2-4c8a-ac7b-2100b93e996a	595	84	27	26	rog
4e6db454-8d6b-4add-9ce9-78b1347ebbfe	356	108	26	12	ord
96bba5c6-3edd-4e81-8fc9-496f7c1e2492	383	108	20	12	of
3e99ec58-e375-4c44-ab69-cf26cb59ae30	404	108	48	12	Zenift
5ca53333-c9c0-4698-a478-37922bb0df98	404	108	48	12	,
fa111955-1fb2-40d5-8adb-393fef900be7	454	108	47	14	182
48ab5937-43a6-44ef-a09e-0c039a7169d6	454	108	47	14	-
6ea70788-c5db-436e-a324-c08953d4836d	454	108	47	14	5
e1527929-8d01-4529-a797-1172d02922ec	454	108	47	14	;
a15ec90e-ef91-49bc-a316-406d0814f0b8	503	108	41	14	reads
3bd333a7-b88a-45d6-a66a-d0ef38ddf094	550	110	57	12	sccount
62740f4b-3d4a-45ac-b7a5-2d0ec08c8906	608	110	17	12	of
c723c1ff-e3a6-4ec1-84f1-f76481ee2b4f	354	120	48	16	Alms
361b904c-2f5a-4d92-8ea3-4aee36e37416	354	120	48	16	,
3168f800-6d3c-4e3c-8cf6-5bdba0cbac48	398	120	52	18	182
c27b665e-af57-45c5-8031-f042ef10d623	398	120	52	18	-
643a8d0d-1832-4ab6-8714-e7e4dfb2ae2e	398	120	52	18	6
9297dc62-21a9-4acb-ae6d-ed01f541c419	398	120	52	18	;
1d870ae0-84c9-4116-aac3-287d92250ff1	354	134	22	12	of
7076830f-372b-45ab-9798-7f80b58ee24f	354	134	22	12	,
2277398b-2c7f-4d9c-9c6f-ffb1311b750a	448	120	84	14	dissensions
6fafcb3c-c571-4263-8588-c5a8bdf7ffd3	534	120	50	14	during
e197ec23-c876-4402-b84d-d2af80176389	374	134	52	12	184
058d61cd-c64d-47d7-bc8d-40ddb5be11db	374	134	52	12	-
edc94943-0a75-4367-9b94-fa3e24f5b5f4	374	134	52	12	5
9ae17d8c-8024-4483-8c88-c22f09a7980c	374	134	52	12	:
1b1289f3-2667-4cdf-b516-18155c254fdd	428	134	76	12	discourses
1d3a2d32-22d5-4f77-8d0d-4f5b6c376313	354	146	50	12	191
a81dea4c-62d1-4a07-8afc-d4a1d787ecaf	354	146	50	12	-
8acca0b0-0a05-461d-a8fa-3a26fa357237	354	146	50	12	5
ec51008f-5bd9-4d00-ba5e-2c22cf854e02	354	146	50	12	;
43ccc19b-a50d-439e-8db0-fccb1a4fd6c9	508	136	36	10	upon
11519861-d79f-470a-97ef-075fbb895d44	548	120	30	30	ring
0491f204-f3f7-4bf2-bfbe-f50fd2778f6b	582	120	44	30	craft
40ef2292-691d-4a01-acf6-3070c729bee3	410	147	40	11	urges
72ae9ad4-7e93-4bcc-b998-5fe7d50aa1f2	402	158	58	16	instead
876e42e0-34db-4256-8c17-e9d46d145481	458	146	24	28	rep
f8586433-bcfb-4ef0-932c-925904133e88	486	146	77	28	monarch
249c6541-90df-41e6-8a14-3ab0a33e7184	566	146	60	28	897023
91b1d2d4-1f65-4a24-a729-8dad1a948e80	566	146	60	28	:
b2ce3920-3c65-489c-85cc-bf097309093c	354	182	40	16	lates
8e57bd0e-009b-4a31-9c84-dfcdf6ed8990	428	186	48	10	ксерв
b8c8ba09-ac9b-485a-9b53-3648a9b68dcb	378	194	46	18	485
6a0b9d3a-0ef3-4fd4-bada-e60c322c0ebb	378	194	46	18	-
b159c5a7-c242-4c73-86fb-20f4c162510a	378	194	46	18	1
8ea24f9c-6fb0-4f84-8aeb-27048ce6d954	378	194	46	18	;
c1ccb6e6-88a3-4a07-80e5-4e8322b1c6a7	428	196	46	12	death
8411be4e-23ff-437e-aec7-8fbcd0f8332f	580	196	18	16	of
458999d1-8932-4303-bd56-75e386308906	600	196	26	16	the
b7cc7e18-877e-4d48-868c-43f8fe96cd21	356	208	56	16	Nephite
cab93916-f4ff-4a5e-8061-554dd08509b2	413	209	37	15	kings
b36fd64e-8440-4896-b526-af50100046dc	456	194	53	29	1,47
9ec25665-8bc7-4489-ba09-c44e0696b91a	456	194	53	29	:
385e6ee5-e9c5-499c-8ab0-ba19be3f9b67	512	195	32	29	laws
a9548a12-fd58-4830-8550-f5e4e1422734	547	196	80	30	established
e0cf71d2-605c-4140-93af-f312feb4824e	384	220	44	16	195
77779d10-58a6-465f-b047-c19a60d6f2db	384	220	44	16	-
0d8e974a-582b-4ac6-9624-00c451d9bb36	384	220	44	16	1
7b04eacc-98ce-4dd4-87c7-3bcad52179ed	384	220	44	16	,
d3993d24-2a30-4483-a301-a454d410e99c	436	220	46	12	196
ea59b186-cc3e-4148-95db-50acf8585d8d	436	220	46	12	-
0e98fc28-4386-430a-85bd-14c7f605d5f1	436	220	46	12	14
f610bc7c-8c78-4949-abaf-c589abc85edd	436	220	46	12	.
ab667c7e-5be8-42fb-a744-47436a5a8bca	488	222	46	14	368
9a65e90f-071f-40e1-9f2f-6f119ae03032	488	222	46	14	-
d768c685-9671-46cc-9018-1caa93390fd2	488	222	46	14	22
f4df4f7a-f480-4b3d-b318-49f7537e2f47	488	222	46	14	.
2a578219-2c81-4d2f-9ec0-44da98b19537	344	222	56	28	Moolab
2d257401-bac6-4e50-b688-134dc641b3db	344	222	56	28	,
c13bb87e-57f1-44fa-9e33-9b9779926158	403	222	28	28	sous
566782fc-69f3-4c29-82c5-063ccf68e1f0	435	222	17	28	of
d9216796-57a3-4fcc-9e28-cad6d0347fb6	435	222	17	28	,
f1f645b8-08ab-4425-8ff1-22e4e3bb3c04	456	222	49	28	189
43206e7e-8a79-47cf-b4bf-ae23a0fb49af	456	222	49	28	:
c26dffca-3aac-4e96-978c-e094d74d8291	456	222	49	28	34
5e8c8055-eb81-4e89-82f7-c032c2028810	456	222	49	28	;
e0dc0b1c-0c49-42ab-bc5a-f21949dee47c	508	222	66	28	numbered
bc6b3a4c-b906-486a-8b8c-b1751487fe9d	578	222	46	28	among
c2d1e4b8-039c-49f0-b9b8-955f07c2b8d6	354	240	65	30	unbelieve
3c9b666e-b06f-4b2a-953b-ae46be06fee7	419	249	53	28	187
1c1c1ad9-3285-4072-8875-e234f2daee54	419	249	53	28	-
1873d4b6-284b-4daf-973a-44094a19a1d6	419	249	53	28	10
f4780ff0-ad83-4af9-9d91-757ef641e332	419	249	53	28	;
c1e86afa-ce14-478a-a41d-779096cdcc1e	572	246	54	14	destroy
8f9c899f-7da1-4d9d-a80a-070e7ea184b8	356	260	54	12	church
076b7c28-c68d-4946-8fdd-ca66ad66d58a	356	260	54	12	,
c1bf32b2-19ea-4cce-94d5-1ddd2c877be7	358	272	50	14	angel
e9e70312-9450-466e-a005-1e52dc292aea	358	272	50	14	,
66241a72-ccdd-475d-bb11-5def48f9dfe5	480	262	24	10	are
0dd70245-c3d1-4882-8ff1-dd9b9c0b2ae0	514	260	60	12	rebuked
bac97d07-0571-473e-bcc5-7ca43d79d308	576	260	20	12	by
36fef584-40db-42f5-810c-f6611f9b4bb4	608	262	18	10	8D
9023931b-9061-42bc-8926-06205749a935	406	270	60	18	187
e3c6687d-8175-405b-bd6f-25c9c6fa04d0	406	270	60	18	-
679bfdcb-db18-487a-85ee-d73031fc761c	406	270	60	18	11
65ac5fc7-f762-43fd-8691-ad4b95978d83	406	270	60	18	;
9b030af4-a917-4cc7-8370-9beb01bb3e8e	466	272	74	14	converted
e93e91be-a449-43a0-8785-6037f668114e	466	272	74	14	,
7d3f509d-937c-4dfd-87c1-8cf430da1238	586	272	38	14	labor
a8167327-ab95-4a9b-b4fb-ef153543c647	360	284	19	14	in
70f8b175-c0cf-4c45-9d5d-16b957745f5d	381	284	25	14	the
8ebfa91f-4fb7-430e-838d-2a12cd032b0a	360	298	34	12	віол
a21d3e8a-8106-4b09-8ab3-2f59d84567f0	360	298	34	12	,
651ef84c-f608-4239-ae86-b1de4bbb08c1	400	296	44	12	189
71fbbe7c-8781-40f9-b5d5-abf00d63159d	400	296	44	12	-
10271f1d-f5d7-41a0-b4b0-04ef9b430dbc	400	296	44	12	1
ad533dab-81b6-4333-9fc0-89aeae6c44cc	400	296	44	12	,
1e52b24c-5ede-466c-a908-f09a666bc372	358	322	36	12	meet
8a527cad-648a-414c-a2e6-8845bd22c4cd	412	288	9	34	2
9d757636-774e-4268-9c31-fac7a3df6b82	425	288	17	34	1
240ec20f-bf7b-455c-a522-781982aeb383	446	288	26	34	09
adeaacdd-d99d-4ab6-b820-984a0365ed30	476	288	28	34	7h0
5ae34eab-70ba-4f17-bb76-acd66f9bc3b9	544	272	38	16	they
2501ce2b-4a40-4a8f-82a7-15778f592bd2	484	284	60	14	189
302daa22-ebd1-4cd6-a3f4-aa76f4982167	484	284	60	14	-
fc9340e7-0c36-4bd4-8329-59dcedd147d6	484	284	60	14	32
6dad7b8e-f4ee-47ef-a871-53b205ec450f	484	284	60	14	;
3d46384f-ca86-4588-8d52-6934e7b119b4	592	286	32	14	mis
19409c68-1008-4a76-a250-7e33dc696779	592	286	32	14	-
840ae528-8b04-450a-a9ba-0684e2ca3068	518	290	45	20	record
f2af7379-86a4-4271-ae3a-9bb5b4e65a00	565	290	20	20	of
5a94ef1b-7cee-416b-a80b-c1df1f3522d8	588	290	36	20	their
3f5a88db-f030-40eb-9d50-f08acc044dbb	424	310	48	14	among
09a9f3d5-f086-4fa9-9af0-2bbdea74f5e5	506	309	83	13	Damanites
eddf5383-d4a4-4d49-923d-35f976c1eda7	506	309	83	13	,
ba7bda55-bf5c-4767-a63e-30b40116630f	450	322	52	14	237
491abcec-441f-4f45-88bc-9b066667d459	450	322	52	14	-
1d681f8e-c2ae-476b-a384-6eb8c71960d4	450	322	52	14	1
bf9b2932-7e49-4b97-97b2-df19bfde13ee	450	322	52	14	;
ee6b4d36-8824-4a17-85d7-13677d0e9295	594	310	32	12	237
48926db7-9b97-49a3-8bc0-cf24e20de03e	594	310	32	12	;
a6b58d77-9d3c-4729-b5e6-10a0d0f9c128	500	322	103	14	commissioned
ecfd9bf6-4b8f-4097-9646-3a0854771aa4	605	322	21	14	by
12402e35-45ef-4b85-bb95-54bb6ea60a80	356	334	30	12	the
22380c1d-eadc-40cb-9656-d8a7a747c119	386	332	46	16	Lord
e0b1347f-4ec9-4db2-bd66-f5b2799cae86	386	332	46	16	,
b6aeff37-c0ec-488a-864d-7b5e6f8a4861	356	346	45	14	255
7c12f0f6-6b98-4a11-b929-0df5f0e389b3	356	346	45	14	-
315e9248-cf10-429b-828b-e1c0e5667439	356	346	45	14	4
dc976827-e652-4880-a794-6face4ac581b	356	346	45	14	;
882a38e4-033f-4955-97ee-192f8310663b	403	346	81	14	accompany
14acf20a-d013-4297-90bb-e8b880829f36	490	334	64	12	establish
732113a6-084c-484a-baa3-6f1c925729f2	484	332	41	30	Alma
d238e13d-26e3-44ff-b7da-35ce3b99757f	529	332	15	30	to
61c49f03-e55a-47bf-a00a-47ed5abeedd1	548	332	80	30	chanches
c9b6b7ce-4bde-47ba-b00a-1d04e31747f8	548	332	80	30	,
aae06688-3820-4b4b-ba82-dd96814e79bb	354	358	50	18	274
0facecbd-d6cb-4f2e-b866-128c3de92bf2	354	358	50	18	-
c3b96c5d-06f4-4815-93d9-675ed7dcc394	354	358	50	18	6
249c5993-1641-4eb4-bd10-2984dfe571f5	354	358	50	18	;
987bc7e3-e056-46f6-80b2-72f7ed067a83	402	358	38	18	were
68460e82-e02f-4a9c-a579-af6d6c59a0f6	443	358	34	18	men
f4b87bc3-17ab-4b5f-820c-19069430a614	479	358	18	18	of
9c59f9e6-ba6b-4735-9dc9-f9af378d0470	499	358	36	18	God
02f5288d-dbdf-4911-978d-be211e8c7c95	499	358	36	18	,
928fce83-a1c1-4101-a7a2-e60870effd3a	537	358	51	18	317
963ea0b5-de5f-4388-9443-8f06a7938bc0	537	358	51	18	-
e4f8840c-32eb-486b-9335-9b851d38f230	537	358	51	18	18
4eaa7d7a-6c96-423c-8f5b-03696bbdc786	537	358	51	18	.
1a9b147b-cf8e-46d5-a1c7-a4e1eaa3c2a4	344	370	82	19	Mountains
de80fb7d-e2dd-4ebd-a643-e6be5f19ae53	344	370	82	19	,
6db27867-288d-4496-b9c2-0a870413d702	356	382	58	18	Nephi's
98c20ffa-f5da-49cb-91ad-64c0349231ab	356	396	42	16	42
fd377b4a-ffaa-4c7b-aef6-ef8b8df64280	356	396	42	16	-
80173924-0d09-4303-9fcc-b3affd03d012	356	396	42	16	11
d9d9f5d4-d2f5-4d86-8e8b-70ac744027d3	356	396	42	16	,
e0756176-f32a-4f55-8813-b8edfc9ebb02	458	396	34	16	shall
947fbfb7-64c5-4d03-bd54-2547253cbe97	500	398	38	14	cover
e5098451-92ce-41ed-8e04-2e30b260abbb	540	398	86	14	persecutors
575f4a3c-5cae-4bfc-89e2-2233883cf85d	540	398	86	14	,
47eff2ee-b6bf-493b-9f63-abe26cd63f8d	396	408	40	18	holy
04991f23-e481-4183-859b-b1c8474db1f7	396	408	40	18	,
930af4a4-24ad-4416-8fb4-38b3c24725ca	356	420	34	30	Lord
50078e78-156e-4245-91a2-27b0cfec4a52	393	420	30	30	me
c314f90c-ed83-47bf-b516-063061be88a9	427	420	11	30	on
9fed6cb6-232f-4369-996e-8e10b53be768	442	420	56	30	74
91fe24e9-e8e9-4143-8013-c556fdd2731a	442	420	56	30	-
04c11f26-fdcc-4185-bbd0-e0426865eaa2	442	420	56	30	21
49b4b8ce-905f-4027-891a-e26edbd693a4	502	420	24	30	03
4f276066-b4fb-4611-90a8-75a8ecc6451f	502	420	24	30	-
e496ddbf-9581-4ed5-9c0e-a11ed2306247	502	420	24	30	6
b7558f07-4247-445c-b65a-6c50a9ee9157	458	422	38	14	74
56db8aef-d068-468a-868c-9bbe89b5d6e0	458	422	38	14	-
0cd20db8-6bfe-4374-838a-bd96768eadd6	458	422	38	14	2
a3240692-62bb-49f8-9914-1624b19a5382	458	422	38	14	;
f405cafd-32a1-4971-a156-286bbe6f9f6b	498	422	38	14	obey
f6063539-fc0e-4cc0-a706-bc3ad3261b85	538	422	70	14	command
b57b7ee3-aaf4-4804-b050-51086b5ff3d2	610	422	16	14	in
56572edf-9551-490c-a706-10d32774f3b3	356	471	52	17	416
c0caf688-4b8e-41c9-a156-907450413f6a	356	471	52	17	-
44cc4485-c6ad-44a5-9dfa-7f20554f2155	356	471	52	17	23
7ac84c0c-2f24-424b-bfa4-57542c7cbcf8	356	471	52	17	.
a206143b-258c-4e66-99e7-261b9f1882ef	346	484	51	14	Mouth
3eef4db3-86e7-40f8-965a-a33212727b8b	346	484	51	14	,
bf01d54d-5fab-443b-8d31-c6ccc6c355ee	398	484	37	14	draw
42379dfa-0f5f-4024-8416-e21e607458bc	437	484	35	14	near
0deef767-7a31-4c71-a943-ca05043b11bc	474	484	37	14	with
86697267-5f0d-4a99-a008-2b68759aaea1	474	484	37	14	,
0790d301-d0f6-43ba-9898-9e57a8008a6d	512	484	40	14	while
ac4382d5-0fc1-4daa-8e58-414f177db9c8	554	484	45	14	hearts
2d3ee259-ce99-42f5-a17e-4cd34eb2a509	601	484	25	14	are
55c66ce5-f8dd-4266-a85c-eb736735bd97	356	496	26	14	far
62224a20-afab-45f9-9fdb-0e0d34e4d307	384	496	36	14	from
3c3ec68f-6469-44b0-ab59-63c3a210eccb	420	498	31	12	the
1db594a8-881f-4f29-9e97-b2ea9e499702	453	498	39	12	Lord
947c1911-7a1d-4d9a-90b8-675fb93905a4	453	498	39	12	,
7a531378-83eb-4752-a0ac-40b53602b897	494	498	50	12	97
f719ad2e-6cd0-4833-8e35-d4b004da8a7d	494	498	50	12	-
cbe2684e-853f-4852-a597-043010803cd0	494	498	50	12	25
4d2cc257-81b8-42d0-8e7f-f9409c1d6fb5	494	498	50	12	;
06260802-aead-4d19-a97b-7327b3724af0	545	498	47	12	words
46d430ac-658d-4e67-afb8-ea46fadd15a9	593	498	33	12	from
32aaf745-502a-4189-836f-ec2fd7dff21d	70	607	60	13	captures
07974167-0537-4a31-ac04-1c7496f6d072	100	618	76	14	Bountiful
793515cc-a923-48ae-849c-c939c11e32e2	100	618	76	14	,
b56bc5fe-c3a3-43b5-96e3-a72d0c249905	252	604	46	14	driven
c755bba0-bacd-4ed8-9fdd-694180d0e119	66	630	34	16	lost
f7ca5820-0908-48a4-bc21-a4fa69271c47	228	614	56	16	regains
5f1ff687-fd0f-44d2-b1ec-7ce1bdcbaed4	286	614	32	16	half
3ef65faf-e390-42e8-aa45-a679d9e18ef9	320	614	14	16	of
8f7eea48-bf6a-47a8-99de-e59d07c42cbe	54	632	84	28	Moronia
82eeb9c0-f958-4cdd-8053-daaf8b96bddb	54	632	84	28	,
47a42f50-0d89-45f3-9bf9-aaceaf49ebc0	141	632	45	28	Sephi
5ed4f0bc-79b7-44f6-8849-7965cdc0c479	188	630	50	14	367
7abec787-b8d2-45fc-a010-ee35cf31ba39	188	630	50	14	-
16d6bca5-dc2d-44d0-8257-c896f86b9491	188	630	50	14	10
52aa247e-9503-4044-92d4-068a31831531	188	630	50	14	.
8d9615c2-b434-4b3c-878c-29a8597b5441	140	640	60	20	Nephite
68206f80-bdf2-4ade-bd06-f42cee655e6e	203	640	73	20	chieftain
d3bc8a27-8030-4dca-8a4a-7998f701227f	203	640	73	20	,
a8eb4e39-dc24-4ba8-86d8-db9831520e9d	278	640	38	20	siain
2e2c1166-5606-4e81-ac7f-287823be75e9	317	640	21	20	at
a026d99f-ab68-4957-93c5-0af0912bf246	68	656	68	17	Cumorah
3f335da7-f22d-4521-9395-bf945c4f5743	68	656	68	17	,
d9ea4460-30b0-4bb3-9883-5dd9df4978d1	134	656	54	12	470
7c24bb9d-4055-4941-8986-b1d65cf18b6d	134	656	54	12	-
cd683ba3-cca6-4ce6-9802-be89f2f52548	134	656	54	12	14
1b45bf35-69c1-4f34-be54-854fa312f112	134	656	54	12	.
fbb0b393-186d-4f0a-a6d6-d163737deb28	56	668	84	16	Moronibah
7d8fc86a-9564-4271-bce8-c4c52b3c6927	56	668	84	16	,
faa8d250-8334-4ad3-aaac-b406599b80b4	176	668	23	12	of
779c855f-17cd-4c64-8621-539ad19e696d	176	668	23	12	,
752cff92-9199-44a1-877a-c35f8123b025	200	668	53	12	buried
0b36075b-f4f6-425d-8547-9c7e7efc6cf9	200	668	53	12	,
e718c066-a9b9-4dae-9db5-c7ccbcea6afd	254	668	50	12	416
8a144db7-6a41-4545-8504-ba0602eae9d0	254	668	50	12	-
4767d147-8fe2-4aad-9518-af97e4be9946	254	668	50	12	10
9ef77f7b-027f-4b39-9421-bb7fb3484bc9	254	668	50	12	.
67b4b34a-61a4-4fa3-b2bb-0bcf7816f42f	56	676	64	34	5023
31d7a923-80d1-4ed5-a929-e6a814e3fbe7	56	676	64	34	:
e9c7352e-3e0c-4c35-8a4d-6021057dcf4f	56	676	64	34	127
e9298d21-21ce-49d1-8dc4-c6d9fbcc18e2	124	676	47	34	1900
d6a9c059-7619-422c-b69d-ab2bb7d51336	124	676	47	34	,
9f1f650e-f445-4071-8175-9bf256a21118	175	676	47	34	0102
ca9cf49f-c79c-4075-bdca-11bf0c48a923	175	676	47	34	-
b774360f-7e70-495e-ac2d-8ff049677b85	175	676	47	34	5
6f8d49e5-7db9-4911-a090-b2cb975350f1	175	676	47	34	,
c20a29ad-e616-4c9f-b046-3bed2fdeafc9	226	676	55	34	454
5b195388-7943-4a22-bbb3-cfc0dbc2e880	226	676	55	34	-
25ffbbda-b99f-4b22-bb00-d402d77316cc	226	676	55	34	3
fe4e13c8-9d7f-4d66-a7f5-a8af12d0b404	226	676	55	34	,
6ec9a30d-929a-40d2-9578-87f52d2dea7b	285	676	54	34	1247
37df7224-fa2b-4791-8aa8-8bac89a026bd	286	676	54	34	,
6e2a3f38-2a6d-48c7-a006-f3d1f97b7f5a	72	694	52	12	225
c931ad72-04b3-4ea3-89f7-1ab26b5031cd	72	694	52	12	-
069f9446-ea3d-4bd0-80f9-9701e6df06b3	72	694	52	12	12
372575a5-c4f0-4006-8c7e-47ecf953f104	72	694	52	12	.
58edc46d-f58f-4ae7-a97d-d29644ea1801	68	708	48	12	166
93687fde-97b3-409d-8e4d-eec2bc948dfb	68	708	48	12	-
6b105e6b-36c6-416a-9ac2-24719187f5fb	68	708	48	12	10
3973bb2a-6e24-4f1a-b8d5-32971267b249	68	708	48	12	.
ab4be459-a548-40d4-8c45-91bb83f27dac	108	718	86	14	commanded
bb50ea9f-8697-4051-984a-53adbc99536a	195	718	19	14	to
d32bdf91-8b69-48e1-a3ba-243b47bfb509	216	718	21	14	do
e7d03882-1ada-4d23-9b0a-339e7f750a1c	239	718	14	14	a
0003340a-03b6-408d-b04c-51a48e6bc9d2	255	718	40	14	great
e2fa7ce3-aae3-449c-9ca9-484bd7b5c418	297	718	41	14	work
5eeab639-2a39-4ced-b419-a33968157469	297	718	41	14	,
74c37bc5-2e37-49e4-9ecc-18a966e38f56	306	730	32	12	440
2c907e5a-378e-4a89-91fd-60c69169eb24	306	730	32	12	-
f83800e7-a61d-4c62-8d62-9276196d879f	170	746	48	12	power
098f26fc-5795-4e00-88d6-c3c3c47d376c	216	744	40	14	unto
d09c7551-a7b1-4380-9ba4-e18416484354	216	744	40	14	,
54c2b62d-bba0-46da-a6c0-a3fe713c62a0	68	756	26	16	Il
8dd1beba-d0e4-49b5-812e-9b666f378ab3	68	756	26	16	;
a0471772-ead7-454a-b47c-e8ab35b4687f	96	756	48	16	Christ
f80b53c7-69b8-4155-b424-d54fd272d35b	139	746	26	27	the
20c19fd4-8367-4d6c-8f66-7630d50bdf4d	168	745	57	26	prophet
75794844-07ab-4359-a38e-5afa69c23fd5	227	744	16	25	of
1629a338-ebae-40d0-86c6-af72ddf1ab88	246	743	41	26	whom
bffd6c3a-1201-4ac2-a924-11de142e2b83	289	742	47	27	stoses
536a1ce2-a4dc-4b32-a3d1-a0e24c1ec344	308	742	30	12	379
acf588d4-419b-44ad-aaa5-b5cc25c92924	308	742	30	12	-
b3c780b1-a0c3-472f-85b9-fd21f5c5c2bf	114	768	48	18	48
9e2aa7a1-1d75-4528-92bc-e6303d4dde02	114	768	48	18	-
d92e5ddc-d09f-4dae-9e52-1e649ba831fe	114	768	48	18	21
a1561b7b-313a-413a-aa27-d1b476e3c5cb	114	768	48	18	,
7d8b923c-2c54-496e-97d9-48e3c552694a	162	768	52	14	440
fa7e2a12-3055-4e59-a1e5-e68eba38c50d	162	768	52	14	-
f6dc0097-8f7f-4707-8c90-53fde8f8d888	162	768	52	14	23
e6d36300-53c9-46f2-a082-254a16832146	162	768	52	14	.
9bdf1bd1-5ad8-4075-8b5b-d1b6153e3038	56	782	54	16	Moses
d14edf88-682a-4573-8eb3-949d8bd2cace	56	782	54	16	,
edd11a8e-eed6-46c9-9060-95fbc60a8c89	214	781	33	14	five
11583e60-b493-409b-b603-b7ab13bb2af8	214	781	33	14	,
11e2a35f-20d2-43b2-ad37-34671a467c01	249	782	21	14	on
521b423a-7e17-4424-9695-ffa3ea90fa99	272	782	49	15	plates
7cced22c-5431-4810-bbf6-2344d50702d1	322	783	16	14	of
1830743e-366b-4a3a-a76d-541feb455522	68	794	44	16	brass
a50864c3-3daf-4c41-a6f7-f09f03f08119	68	794	44	16	,
f4bce584-62f2-47ee-84bc-07c8084476e8	58	808	48	16	Moses
e01316e9-6537-4863-a63c-afe31e41bd8b	58	808	48	16	,
a54139b3-0524-460c-94de-27f89e93200e	112	808	26	10	Jaw
b6d778e8-7bab-4801-80cb-aeeabb3802fa	246	808	25	10	on
1f3a5872-90ba-410e-9e0f-213b70851899	272	808	44	10	plates
2138dee1-6dd6-40c2-b91a-607142d1befe	68	820	30	24	bra8
6aedae2f-bf94-4583-bbea-162579b7b127	101	820	39	24	35
9abfba7b-0f68-472d-b9c5-68d71c7d4138	101	820	39	24	-
c690e0b0-875c-487f-8d77-9115bf9ded15	101	820	39	24	22
ecedf039-8ca6-4f98-afce-cc312248442c	101	820	39	24	.
3ba3308f-9c48-4bcc-9cb5-ec762da9c617	172	808	68	12	engraven
da708190-dffd-4c25-94fb-41c2077c9ef7	320	804	20	16	of
54a8d1c8-4b35-4486-a9a4-3aaa4d59b9bc	68	834	26	14	to
3d63fe06-9c1f-4bf7-b0b4-146be671a0b7	68	834	26	14	,
94ff8fdb-1789-4698-a5fa-2edd2304eeaa	114	818	44	16	8
945b768c-07a6-45c1-b75a-7fd2b7c0199b	114	818	44	16	-
aa1bc5b5-bf50-4e4a-be84-b8818bf7060c	114	818	44	16	16
ee98de6c-88c9-49f2-b7c5-3e0d1fea1ce4	114	818	44	16	:
bfe2c7b1-6685-4347-8b1b-2d2ebe83ce25	158	818	108	12	commandments
833af538-da6d-4c5b-a8dd-993a18ce8820	270	818	68	15	according
91b6f48e-7055-4eb8-838e-8a31a6825150	150	830	46	18	60
3001e252-c439-4d02-9ea3-249c3b477e40	150	830	46	18	-
a51b9000-3a6e-4425-aa48-f6e111c3c099	150	830	46	18	10
bae6835a-2404-48cc-a072-ee0d98727c6e	150	830	46	18	,
1b0e7308-fb3b-4a8d-a726-a7b908254214	202	830	46	14	136
1800ce38-1f13-45d8-8f69-f710e2ebd548	202	830	46	14	-
3a0b9134-1a91-49ad-b409-a112170bc702	202	830	46	14	3
ae091707-6111-4723-8d91-769a16236742	202	830	46	14	;
24fc8b3f-e19f-4dd8-9a08-d13b77f7c1bd	254	830	44	12	128
0f3cfc41-f843-48c2-a88b-f8f7d7df7dc8	254	830	44	12	-
cb944f24-9c34-4e1f-8e5e-bcce86aea49c	254	830	44	12	5
4fa1efd4-2a3b-4b49-94eb-e3a95e7c9a8f	254	830	44	12	;
74b8f197-0461-499b-9850-59abc5e89a2c	306	830	32	16	why
d1a64b7b-4fbc-47a8-9f27-a687de6655df	156	840	66	16	observed
fe0db020-dabf-41a8-98e0-53e4c33720b1	224	840	38	16	until
bde09ddc-f9b4-4d1d-92ac-6feb25884201	264	840	56	16	fulfiled
0170a355-cbd0-4557-8710-fb8b0279f26d	322	840	14	16	in
91235fb6-e81b-47e6-a610-c63f52060428	58	867	56	16	Mosiah
f4d76f5c-22ac-435e-92d0-b03095a75c70	58	867	56	16	,
64c97fdf-23fb-4a62-b1a9-4cc2a5ec5426	116	868	36	16	king
04a18852-0f56-48bd-9880-da290e5de701	154	868	16	16	of
c0a1f15d-48f5-4148-86a3-1f041b4e8743	172	868	80	16	Zarabemia
75a745b5-0487-411b-924a-648d48ff1ff9	172	868	80	16	,
450734fa-c4d6-4ac1-a5cc-7171bdbfe7ad	254	868	50	16	130
02e194b6-fce1-4e81-a8c3-b8ecdc8f4674	254	868	50	16	-
6ca810e2-c9aa-47b2-b46b-b853d9d66c3c	254	868	50	16	12
975bceba-fe3a-43c5-9e38-73526e6d1243	254	868	50	16	,
c0517bee-175a-4bd9-b81a-844ef40a8794	306	869	32	16	131
93fb0fbe-9830-456f-a6be-39b7b00e6328	306	869	32	16	-
bc168424-ab78-4689-95cf-0b7583a52f1e	70	882	24	16	19
42cb025f-08d2-4229-9b28-342e014af7c2	70	882	24	16	.
4366260d-6b4e-4abf-8d22-7ddf4a1a66af	394	562	31	14	city
bff7beb7-8f16-4914-b91f-0c810872db67	427	562	19	14	of
746ca5fc-3e00-401a-ba5f-5b23d3fe0620	427	562	19	14	,
5c65d6ee-5c48-4265-b9b9-e091417a22b7	448	562	66	14	captured
e7d61e53-de42-41f8-8bf5-e708302c05e7	448	562	66	14	,
7a220245-bf23-48ad-bd2e-9a39a4f15f9f	516	562	49	14	326
a3015407-be22-489c-ba3d-206740a9f097	516	562	49	14	-
e2b74546-5c0e-46c0-8044-9bca5bd9da32	516	562	49	14	26
2e249ae0-8549-42c2-8e79-c1afbbb5d5e6	516	562	49	14	;
3f546a37-4658-45c8-a3aa-542a751f39dd	567	562	63	14	retaken
d9d12f1a-b432-4bc3-8560-d966b96c9464	567	562	63	14	,
b7d188e1-7304-4e4d-a580-babd331afacd	344	570	54	48	Mila
ee28a132-6b6a-499e-bf6c-7d4960e7f01f	344	570	54	48	,
baa710f5-4483-488a-a4d3-3e61066331b0	404	570	18	48	a
8ad305e7-23fe-4bf3-a987-a92d6c6cbedc	428	570	72	48	pose
8c6400f6-3940-449b-ba05-6ab36f5bf247	506	570	48	48	eated
4e7969ca-01bf-44f0-9369-739ecdd97a88	506	570	48	48	,
b7176151-03ff-47b9-ae25-8ea9b41a3325	560	570	30	48	172
923b618d-f050-4cb4-b883-201e647151bc	560	570	30	48	,
02c8703e-bc28-450e-b8ea-5c152ef410df	596	570	34	48	9s
e317a9bd-a563-42a3-aab1-b23ddb623092	596	570	34	48	.
678916dd-bcec-4664-a9e5-368eff99c2f6	344	626	72	32	Malariade
d3566959-938b-4dc9-99a4-22d0b3429b95	420	626	52	32	felt
0d14025c-338a-4adb-b642-cb2a762ef0dd	476	626	40	32	over
e7b51bd0-6521-46b6-8444-04bf4c3cf86d	520	626	32	32	cone
88df6b94-7c49-471a-acda-5bad272e4316	556	626	40	32	wit
734ae5bc-3cc7-4267-9aa3-5be676a59a70	600	626	30	32	f8r
de28d139-9f4b-491c-8de8-8d6996febb0a	356	642	38	28	when
72f904d0-f794-489d-b22a-52f100e1472e	398	642	45	28	Christ
ec185d45-cde7-4f3f-b9f1-13f7f0bc8d0e	447	642	45	28	prays
b8d1c3a9-e1a7-4db5-867d-9c2e02e5d5cc	447	642	45	28	,
1180c1ad-7d83-45d9-b2f8-522029043306	496	642	48	28	455
9e98df5f-2cca-45ee-97b9-ea87e43e5a76	496	642	48	28	-
9ce228ef-8fbd-4d46-aa3d-11280b399eb0	496	642	48	28	18
b89da901-1e35-49d4-8467-d5bbfd4bf28b	496	642	48	28	.
79f1652b-0dc4-4d8e-b61b-d71e3bb661da	356	654	42	16	when
e76b5541-cec9-4c46-bbd8-91a9af3a1346	518	666	44	14	69
f4a23525-c35c-41ab-808f-a62d73a0e099	518	666	44	14	-
05f31150-cb61-495c-83f8-031631ae81de	518	666	44	14	35
81f545e7-62cc-448b-b82d-de68cc84d300	518	666	44	14	.
0008932e-1af0-4727-b199-ab226535bbdb	346	666	67	30	Murdere
01809dd7-359a-487e-8554-c7aea7dd930d	346	666	67	30	,
11ac99be-f23f-4f60-94ee-a42eca9af66a	417	666	22	30	no
109e08bb-7107-406b-9f2c-1d01b73cd63b	443	666	19	30	un
26dce2c8-a833-4aaf-8f48-a9ed873b21da	466	666	15	30	to
afb22021-a09e-4351-8024-c368af358194	485	666	26	30	tate
af81070b-e727-45ef-80f2-e2f3896bd7f9	515	666	15	30	be
2a5d9ea8-80b4-4c1a-a1e1-06eafd0fa498	533	666	71	30	destroyed
b80ed544-1498-4eca-bb51-67126be86d64	608	666	20	30	in
fe516243-1ebe-4631-937f-cda64e28e41c	358	692	22	30	1a
91da8a90-84ce-4970-9db0-2793364f0a10	358	692	22	30	,
62b6e923-6ea7-4ee9-97ab-1a5720f66115	384	692	26	30	of
6ef355a7-cf66-49bc-a4b2-d81634017182	414	692	71	30	premirate
7c515844-de35-4e77-b2b2-6ae056633974	489	692	34	30	we
e5908d7a-06ec-4ccd-8f61-aceda5c3e8b7	527	692	75	30	forbidden
c73c776c-65dd-42ba-bc0c-3b4661420486	527	692	75	30	.
a4e4cf96-4b3d-4845-b26a-9c05b1669203	605	692	23	30	s
42ac8a74-53c9-4fc3-896b-136332be5b2e	605	692	23	30	.
714985cd-504a-46bb-8fbc-1fdcf2b05820	348	734	27	24	or
7ace340b-7e23-4026-a716-8f9baf792741	378	734	63	24	ahmael
f887d41f-b6a8-4448-8dbd-8fd2648ee797	378	734	63	24	,
414b9518-34e9-4eed-ba19-dba9d2971d70	444	734	44	24	35
a3698362-09fc-4666-a38a-a6ed1c6c47d1	444	734	44	24	-
99fe3ff5-be3c-4382-ba42-6f11544ccef3	444	734	44	24	34
cbfea9ce-0560-426c-a7ea-2a7a65a966b0	444	734	44	24	.
2b484621-721e-4b5c-ada7-4053ea1cc929	406	732	16	14	a
f4fb6668-7552-472e-a421-c24cc968c9a9	423	732	40	14	place
d6505e51-6667-4219-83e2-48da2711a9d5	465	732	19	14	in
efa1683b-acb8-494c-8769-c8bf01e04982	486	732	56	14	Arabia
e9aa10ac-aa5c-4563-a391-0b54592fcfc9	486	732	56	14	,
d5215d13-2381-4287-bd00-7d819c1bb58f	544	732	84	14	burial
4534352f-4a42-4d22-8623-623ae6118cd5	544	732	84	14	-
5d3ab2f9-f654-43bc-ad1f-ec0799e76f6b	544	732	84	14	place
005773a3-9b3d-46a5-935c-f14f63337f67	348	756	43	18	Nails
df83cc3a-dcae-4da5-9aad-fc6602322d8a	348	756	43	18	,
23fd3ec5-af0d-4957-8016-1c3ae8e5042c	393	756	50	18	prints
6d9496a1-88bb-42e2-9282-eee228605667	445	756	18	18	of
6a81b249-80e4-4510-abe3-c0d9b6a7cff2	465	756	20	18	in
3b7f9e0c-3014-4760-8fbf-425634120e76	488	756	61	18	Savior's
eea1b4f6-3aaa-4063-bca9-8e858b2f40b6	551	756	47	18	hands
f8ee24b8-3808-4b18-a266-77e42d991e15	600	756	28	18	and
37fe9534-4a9b-4f91-9521-09a14fe5e7d6	358	770	36	18	feet
8ccae3f8-51bb-4bf2-99ba-94543e581293	358	770	36	18	,
3db17340-f64b-47cb-aab4-196a45e7d217	396	770	50	18	421
af3cfe23-c54d-4c0f-a869-0403e404c9ea	396	770	50	18	-
f5fabfed-648d-46dd-876a-186f23142170	396	770	50	18	14
ccd18aca-372d-4972-8d40-5a1a1dc6b883	396	770	50	18	.
22fb4130-5a14-48bc-bc6d-28cee1b0209a	346	784	60	30	Na
06ea7a5a-8748-4984-a7dc-f58d050538c9	346	784	60	30	,
59168465-dcce-496b-a9da-b1d14d7c3c09	410	784	11	30	с
cd68d8e3-5575-411e-b622-07a755f07ab4	425	784	49	30	23.34
1f2d906d-de3d-411f-887d-c8c109fb7776	425	784	49	30	,
c02fbba5-2d54-49bb-8786-5ec33038b082	477	784	45	30	1328.9
efe98eed-dba7-48f8-8406-516cfe493961	526	784	56	30	46320
01c9f2dd-8242-4bf2-a08d-df67837bba17	526	784	56	30	.
9c310e68-91ee-46d0-93ef-b8b4696f9762	586	784	44	30	464.5
e3c4bb0d-91b0-4f16-ad48-72252b1a7d92	586	784	44	30	.
852489de-98c8-480e-ab78-c6c8267b39a0	424	798	54	16	323
db5753be-430b-40d1-ad7e-60e2eb3f9894	424	798	54	16	-
a3c71b7b-afa9-4fd4-b2f5-c9222bdbfbeb	424	798	54	16	34
e18c0fa7-2ce0-430e-9110-ceaf81954a9c	424	798	54	16	,
536e7a16-cb89-4e1c-86b4-6e00ed1b5c7d	348	812	52	22	Nature
303e7b82-5e90-4eec-a4bb-b6737c38b6c4	348	812	52	22	,
ddd75877-a96c-46ed-a1f1-ae397784e148	403	812	28	22	the
9ee72a9f-c774-4e5b-901b-3258546ce082	433	812	28	22	God
5d1de0c7-7a74-434a-b6ae-3d106c02ccef	464	812	19	22	of
6f439cbb-36a6-4c59-974b-f7b7e5d6551d	464	812	19	22	,
5dd6e840-d643-440e-97ac-55901a1c0946	486	812	55	22	suffers
b74589f5-994e-4b22-b93a-e923d0caee4b	486	812	55	22	,
d5b9ffd6-af47-4973-83aa-617f0b15cd5c	543	812	39	22	42.12
6b33a5ae-0dd4-4e90-8129-dbab66aebb73	388	824	27	18	oth
bdeb3ad3-ef60-40f7-b056-ccccc408ce09	388	824	27	18	,
865a5ede-8efe-4a8d-a808-909f6e804b99	417	824	29	18	city
2fd556f2-de06-404b-b5a5-d9f874d7dd40	449	824	20	18	of
30917e46-36d7-4e56-8d24-b6c4b3795db0	449	824	20	18	,
b996faa4-1312-45de-940c-452fb46a8204	471	824	32	18	scen
0467d7f3-68e7-48a6-97cc-130ef466cabf	505	824	18	18	in
3b43ec2d-6d28-4713-9c30-5dc0535cfee3	525	824	54	18	Nephi's
74d36b5f-900c-414d-a239-3bac825ffb7c	581	824	47	18	vision
cab595a6-48e1-47c1-b995-4dc96a9ebc73	581	824	47	18	,
937f3b3a-d0b9-4fc0-81e2-5f7155f45d49	358	840	44	14	18
78bbf509-d7cb-4740-893c-bef89ef5ddd5	358	840	44	14	-
dbd7997a-f4d0-40ff-8f5e-e5a62e1d617c	358	840	44	14	13
c8716d68-a20e-4c77-a229-950fcd9471df	358	840	44	14	.
83e6f2fe-34d5-44e1-be22-a66a00e80d04	350	854	40	14	Neas
e7eb4c1d-96bf-404a-82f6-5be9ad5e1af0	350	854	40	14	,
a1f6997d-4450-4a3c-9a62-ad4f21a085dc	392	854	58	14	planted
24638d23-92ac-4083-95f9-7c6be4e84a78	392	854	58	14	,
d0420f3b-52d3-44c1-81c8-a983635974ee	451	854	41	14	152
85e68605-5b84-4f21-8a85-d218a80f497b	451	854	41	14	-
382cccbf-4106-4412-9fab-88fac28e2b26	451	854	41	14	9
97589cc3-01f4-4757-a742-81843371f57d	451	854	41	14	.
