ID	X	Y	Width	Height	Text
60511388-098f-467b-9ccd-3db06976f664	294	56	66	16	INDEX
d44d3864-19bb-4e72-b5cb-4e95cf940cd2	54	84	64	12	launched
5ecb9f2d-2673-46cb-b2c5-e788704a5e9d	52	84	63	28	jaredites
d244d117-3ceb-4b18-a699-734aea82903c	118	84	38	28	built
1d0a6256-3fb3-43fa-ac92-ce03270db5bd	160	84	35	28	large
4565edb5-f056-4f1d-9451-d0e85cd6c3df	199	84	28	28	cy
dd58abe9-ffda-4e03-9475-bbaed0f79b50	230	84	26	28	by
818e38b4-b2a3-4eaa-a292-d5f33114244c	230	84	26	28	.
6ab1a21f-cf16-461f-ad96-59a3ff985e3c	200	83	55	26	citin
c0dc21db-263c-43bc-b573-02488e913cb0	200	83	55	26	,
1f3e5bea-eb5a-4c36-8e31-5ea40b0d0b6e	258	83	49	26	497
49dfd00d-f763-4e5e-aca3-d8e4792fecad	258	83	49	26	-
793509b9-69fb-455e-87a5-0a4498979e7a	258	83	49	26	20
f5d73ea6-7392-4af5-9d0e-2d59c7b818ac	258	83	49	26	.
d48ea411-e279-4e16-81e1-c8121029256b	276	82	50	18	367
f21371af-5a99-4af3-82df-afdc2b5c6550	276	82	50	18	-
17bf124a-c748-4768-b0a5-19012c009848	276	82	50	18	7;1
559f9c69-ee3b-4610-97a8-6b97dd5d28d3	44	108	46	16	Nehor
d4e4e7e4-d4df-4249-9403-acbc99ebf9a6	44	108	46	16	,
2d32b6f8-b2d9-45bc-b2d9-7de9b0257125	92	108	66	16	proclaims
455c674c-9fed-4075-9b0f-9838417ad07d	160	108	52	16	against
703c12f5-1854-4f36-bbfa-96f16195b4af	214	108	22	16	the
3f00e1ce-501b-40f8-9971-8ea602eade9c	238	108	52	16	church
5b5c7c6d-66d6-49d6-9791-61e4632d7d51	238	108	52	16	,
93adc929-c72b-436b-9147-29ff9dc84223	292	108	28	16	195
001f2e15-6aa8-436a-8a48-dbe4167c10c6	292	108	28	16	-
4c72f853-07d5-4f0f-a3b2-b53567e46915	76	120	70	16	withstood
63e73da3-3404-42e7-97df-cffddb403aeb	52	130	50	18	Gideon
2587392d-8bcc-4b95-b568-38985e93faf1	52	130	50	18	,
eb12f650-3c24-4a9f-9d2a-7cd86d5d67ae	112	132	46	16	195
8694a4a1-36f6-4d46-924b-0242d43348b6	112	132	46	16	-
4ff04b60-f79c-45d5-935b-ea9fe53a8f05	112	132	46	16	9
6589feba-2e3d-4e64-ada0-1c57dccce0eb	112	132	46	16	;
d8a0b9f9-6a6e-4ae7-9ae1-b3bb84e27753	166	132	76	14	condemned
e1bbaf2e-c204-41fe-87f6-f2ea8f74bd11	110	146	64	14	executed
3f59de37-ba91-4b14-a3b2-f187a4dd1749	110	146	64	14	,
837e0ee4-0fbe-4618-b433-2718698498f0	54	156	35	14	after
c88a7a1d-8f9c-4252-b44c-5bc95c1dda3e	91	156	26	14	the
bf2ee204-1bfe-4102-9db8-0086a2cf5957	119	156	69	14	profession
66f109f4-ccb3-43fa-bbad-ead39a52dec2	174	158	49	27	259
1e7c9782-5845-486e-ba5a-8ec89f9e18fb	174	158	49	27	:
d3b438b0-d65c-42fb-96e1-a9eb68cb50c3	174	158	49	27	28
e8a6e832-ecb9-4e1d-a37a-ff07c339a9ac	174	158	49	27	,
575fe585-d067-480e-8a97-c745cd488a68	226	157	22	26	29
fd83d20a-1b2c-400b-9fe6-fa470c81b9e6	226	157	22	26	.
a8c7db6f-0dab-43f4-a2ae-b4bb64a275cb	212	156	52	16	232
f3c11e4a-9273-493e-82d6-28d7ad9710fb	212	156	52	16	-
5fa8211a-713b-4802-b4ec-7aea37b00304	212	156	52	16	16
b5e31ab0-ae36-4a53-bbfd-81b2bed191f9	212	156	52	16	,
4a5c6ce7-8bb2-4a62-a2b2-54b046fc9e1e	266	156	22	16	18
de9c5920-358b-44df-989a-3eeb83bae063	266	156	22	16	,
07634666-07af-4f8c-b95a-fb2df0109ea6	290	156	28	16	234
0d859c66-f825-41d5-b4f3-be57aeabe66b	290	156	28	16	.
da889511-1835-4488-95c0-eebc698238dd	162	181	60	13	Jaredite
edf26ece-6d46-4771-a39e-40a4ece440cf	223	182	35	12	city
5aeda835-85db-4f98-bca8-e4ccfb865a0a	223	182	35	12	,
c3bcadd9-51d7-456c-b957-c0d0dc339e51	259	182	43	12	490
065052de-182a-4fb2-b906-32371b025c87	259	182	43	12	-
9d65ff27-5e89-4814-8dcf-dc465642a77e	259	182	43	12	9
968adbb6-41ee-41f7-b574-3305c194764b	259	182	43	12	.
ad0b791d-1988-42d9-9c0e-078af573cee4	40	194	50	14	Nehor
3b03c0fb-3fc9-4871-af3c-e463c06566b4	40	194	50	14	,
37f4d4c3-f241-4478-a00a-88f6cdb4c1e0	88	194	32	16	land
7128bd44-30b8-4753-bcfe-cbbcedee005b	122	194	20	16	oi
ec7fe4cf-5694-4270-9d0d-cc40e3e50efa	122	194	20	16	,
3aae7e7a-a4ab-4dfa-8bcb-f809a2af81d8	144	194	56	16	Jaredite
834b27f3-abe5-421e-a8f2-a9dfbdaa4dcc	202	194	66	16	territory
033c0caf-d76b-4597-a62e-aeddba1e510d	202	194	66	16	,
8a56ae13-9dc5-4f74-b7ef-6ed3a7b373f1	270	194	58	16	Corihor
e5e35e81-5889-4349-a677-3dbb17ad8254	82	206	64	14	followers
b56f7d9c-897d-47ef-894f-3edf8b182638	210	206	48	14	489
f7a5dfae-e80b-4ee2-a835-69fb8dbee531	210	206	48	14	-
872c2122-e002-4a58-9ca4-0014fe537846	210	206	48	14	4
e0c537c6-1b6f-4f30-8b25-43a42a1bd8e1	210	206	48	14	.
34303924-b0ad-48b6-aaf0-3d088e344c6e	40	218	58	18	Nehors
72f81d0b-4558-4b81-a622-42b64e89de58	40	218	58	18	,
988cbf33-32dc-47e8-9c9c-9e06147a913a	152	208	25	22	ion
1337e7cf-2d8d-4ee8-91e1-3b7f293e8faa	180	208	22	22	01
c5b58d83-6668-4c60-9646-f2f1a733dea2	204	208	50	22	236
21536924-7ba6-49df-bd7b-067b051ee626	204	208	50	22	-
bf359c47-00a8-43cd-960d-9f75b8253d23	204	208	50	22	11
6035e284-b035-4625-aff7-3de47ea533cd	204	208	50	22	:
df4eaa4b-0096-4e1c-8b11-f18776da3e97	42	230	56	14	Nehors
0c1a105f-89d4-49f9-bea8-949d8c641d7c	42	230	56	14	,
a54b4a3a-3212-49e3-8f4e-ff9997bbc84b	100	230	42	14	order
5a341bd9-7c67-4850-90ff-bb1b67013f8e	143	230	19	14	of
a91e99a5-1231-4d0b-a9fa-906b552b312e	164	230	32	14	the
43627896-b9f5-4e5c-832b-5eb7080f5ca5	164	230	32	14	,
dfd1f20c-8346-4d84-a40f-289025fb0130	38	240	64	30	Nateles
3a32d8c2-9130-441b-bff6-4f5405ee77df	105	240	43	30	after
1e2ff7ac-5ac6-43d2-91ef-94b5430c643a	54	266	62	16	demned
bd4275f8-3252-479f-94b8-e7fda7caf936	54	266	62	16	,
0ee7f08f-6975-49ad-89c1-c44ff6b6951c	49	283	51	34	proper
7cfe72c2-4d0c-423d-8035-d32aaeeb9a47	98	292	35	31	love
0846fc58-177f-4e0b-8416-962c616ccdd6	132	299	68	37	hibirst
466f1189-6871-4a40-af7c-f43fb16368df	132	299	67	37	.
192d9301-74ad-4161-bed4-b07bab8e82b9	164	268	50	12	146
eb136571-11bf-481b-861c-a0c14cd9b18c	164	268	50	12	-
19c65911-b666-44af-967c-f0a8b04ed9d4	164	268	50	12	14
4497c544-67e4-4199-b4cb-98f4154ce94a	164	268	50	12	;
5c32e471-833a-49ce-8c56-f3eec235b387	226	266	40	14	false
821ec27d-baa0-40bc-8e93-6d8d9e47536f	268	266	54	14	witneas
0e1cf94c-69d8-40f5-bed6-787039f79ad2	200	278	50	14	161
085d642c-696f-48a2-8c55-81e94a6c9321	200	278	50	14	-
4f26d443-b665-4222-9e06-5778373d1339	200	278	50	14	23
d6d30f94-6b6a-488f-93c3-109989c6d101	200	278	50	14	;
87fd3c11-399a-4138-b989-acff1e0d632c	228	290	56	16	161
45b89335-0d4f-4c87-887d-b2facb929583	228	290	56	16	-
73f9e9b0-c8c2-449a-960f-1af64f238008	228	290	56	16	24
9ed72902-dbd7-4625-a177-e811a4c07715	228	290	56	16	;
fc4d28f4-2c8f-43a4-905b-662fd4dc059a	42	314	48	28	Nopbl
90a29f21-3396-4d69-a871-ac0a143fde65	42	314	48	28	,
1d57b5c8-6662-44e8-ab35-1eed6e1274a8	344	84	50	17	hemla
7e04dc59-af2b-487a-84b3-8af0163e0661	344	84	50	17	,
fd515566-bc22-4c29-83a8-db7ca18920ab	396	84	48	16	376
38b5a984-a5c2-4cc0-af6c-3bdd4d48fd73	396	84	48	16	-
ca3e020e-03fa-42a9-8f2f-473342e26744	396	84	48	16	1
9e12688b-4427-457b-a6ad-03945484f4cf	396	84	48	16	;
259e0a22-ffd7-4369-a3d4-86846a4041fe	446	84	62	16	deplores
f4d49c6d-8929-4039-89a8-a9792db4f1f9	512	84	82	14	ascendency
a37ff88e-bf1e-4ebd-a58f-6cae0fbaff70	346	96	70	14	Gadianton
b2b64302-e726-462d-8714-935610807e99	418	96	38	14	band
21c10b3d-54c0-483a-a705-ecfe3817fe88	418	96	38	14	,
370337f0-7b9c-4dcf-b522-a941de90ed13	458	96	45	12	376
4b13b91e-b8df-494c-a9b2-b34f0df9344f	458	96	45	12	-
ec37bed1-30b9-4a72-bd56-67f0b6026b97	458	96	45	12	4
d1119335-cbd6-4069-84c6-61608ace733b	458	96	45	12	:
c614c33f-3053-4b87-808d-908a584314b9	505	96	58	12	laments
e28c3206-385a-454b-afe7-561980f36685	565	96	20	12	he
34c84a03-b163-4f9e-b84d-d0792bda82d7	586	96	26	12	had
eeda7f01-a5d1-433d-bb63-b3aa32985330	342	103	29	24	not
a470dff0-4c0c-4a76-98a2-ad42707caab3	371	107	39	26	lived
1e81c385-6e8d-42ad-895e-6d830fefbd1d	410	112	50	27	376
32dfeefb-d14d-46b4-b8b3-0b0e825937f8	410	112	50	27	-
c1504ada-1303-4f7f-81fe-4e3465df268c	410	112	50	27	2
c01d41a7-45ef-42b5-8fef-d5e90cc5073d	410	112	50	27	;
43f88939-4e9a-4793-9068-f624e1bf0e68	460	119	46	27	prays
f0bb040a-26df-47fd-a8a6-08afa733b832	432	110	47	14	Lehi's
56e4597d-a60f-42a6-a08a-3ff37d339969	481	110	35	14	day
02074612-62c0-4aa0-b39a-150a1403e8a4	481	110	35	14	,
12139471-1f25-4911-9742-585f3b8c33a8	518	110	48	14	376
bd5f7ce4-b2e8-40ee-9a55-be35a5d764ee	518	110	48	14	-?;
3cd8fd95-b682-4345-afae-f5dd38411a41	564	110	46	12	proph
7502e2dc-8f12-4bed-8106-ef64d54c93a3	564	110	46	12	-
545d20e7-2e13-4514-9e6d-014a3e9b672d	448	134	56	10	teaches
8e611db1-fcb8-44d5-8517-14297721b726	505	134	71	10	multitude
ec98d90a-cf82-4bdb-87d0-69ff07f65fa3	578	133	32	10	from
b564cf3e-4948-4f57-8a93-68ef4bcdc45d	456	170	55	12	reveals
7b39df3b-853f-41fe-9ef6-cbf64ceda81b	513	170	45	12	secret
8b90c80b-0033-4440-8b29-2430b6d356c3	560	170	54	12	murder
1a1ba1ee-1a06-48f1-ad1a-b34e8d10c1b1	342	180	15	30	of
e8706378-ff7e-4d9c-8715-29a07da7bb98	361	180	23	30	the
a0d10e3f-2030-4f83-b01a-8992d4b1a89b	387	180	53	30	judge
1a12328c-125d-4f23-af86-a1254487a1d2	387	180	53	30	,
7cf5af1c-dbaa-40af-80d4-3b2a9b6ac50f	436	194	56	16	382
09b086c3-7647-4605-8349-eeb66f36dea9	436	194	56	16	-
f595d20a-fe8a-49f2-bdc9-8dd5b05f4a68	436	194	56	16	26
f89a7e5f-ebf2-4f09-ba62-fbd0e2cfbe93	436	194	56	16	;
60f5608d-5820-4e6e-8ae3-4d2bc2ff4198	496	184	50	10	names
8412806c-12cb-4edd-886e-341de234b2c5	547	184	67	10	murderer
07ca8922-37b3-499b-9556-dd601fb51b41	494	194	42	12	hears
2a2adba4-8cc0-48d2-bd4c-0e250c9af913	538	194	39	12	voice
ff22cb88-e7ba-4878-8e3e-c66643eb49d4	578	194	34	12	from
dbbc27da-d296-479a-9a5c-e2bb68aadf10	343	206	57	17	heaven
56daa311-63f8-4146-a2a8-37fd3b81d11a	343	206	57	17	,
f6f329eb-f7b1-474f-9b1f-cd92e6eb4b52	522	206	40	17	great
4cbc2e99-3bcf-4e0e-9ab1-b075a710be35	564	205	50	17	power
9cdf9743-c14c-4cd8-bafc-16f48c47e6ef	564	205	50	17	,
534b7427-3b3b-4959-b383-0776a996cfd3	498	218	33	14	from
daa57c3f-c695-4256-8bc4-9289c7b09fa2	533	218	79	14	persecutors
9fa08603-25d6-42ff-a7c7-cf272fcda3c3	438	230	52	14	384
84fc916f-89d4-4362-a08c-d32b2d65bab6	438	230	52	14	-
586cf5c3-dc57-4bb2-929c-2ec892d10bed	438	230	52	14	16
1b365042-29dc-4db5-b01f-54df61a31749	438	230	52	14	;
84c29f71-01b6-4107-99ac-314fc96524e4	492	230	54	14	invokes
30e187f1-2b77-4408-9777-9662dd19eadb	548	230	47	14	famine
c9d6d66d-9be2-4155-b57b-2eee8f8028c9	597	230	15	14	in
769b4f76-a446-462e-8bda-a6e715ea9474	408	244	68	26	isappears
b1facc6f-fbe5-47d9-a402-61c960d6c698	479	244	42	26	399
001c3992-f249-4ca1-8454-5bc6dd099028	479	244	42	26	-
b4ebc989-3735-4313-8c6a-43d7948c3adf	479	244	42	26	3
7e75c67e-88d3-46b3-8a9a-01d3b8109a61	479	244	42	26	,
0d4ce439-a8ba-4a7c-8e16-0f9d2c98b955	525	244	43	26	402.9
dd3eaf36-156c-4be6-a32f-b72f7a3d5d58	525	244	43	26	.
f6ae6f98-b618-41e5-b080-fe0e032c13eb	558	242	58	16	385
6c2bbb9c-80e0-4ff0-b4e8-b72ba69c21a4	558	242	58	16	-
f8b41b4e-186f-4080-82fb-4ea91f2c8510	558	242	58	16	10
7ead76b3-d79e-4914-a449-70c9e407abaf	558	242	58	16	,
03639e25-9c03-48b4-a678-4a537dbb6e31	334	266	48	16	Nephl
cecc0262-8b45-478e-b54f-28ddcad055c3	334	266	48	16	,
be3961fe-0759-46f0-a0dc-b1f4c3673d3d	384	266	64	16	grandson
a4211e17-6e6a-42bd-9309-762fbfa7e36f	344	266	41	30	celes
82affa7d-6b3c-4b85-9bef-fce7485a7805	389	266	49	30	pande
d739d03c-2b70-4950-9cc9-43b6794754df	389	266	49	30	,
c274290f-64bf-4818-acf5-c172d90219c6	441	266	41	30	0H
cb829136-74e9-4791-a202-40ddc0b51cab	486	266	30	30	am
f770e360-163b-4162-8dca-a41da187d0a1	520	266	15	30	a
60976003-5b44-48b6-a2bb-6c124164a0a1	539	266	23	30	the
752fa8b6-948d-4550-8b9c-68dee0c069f0	565	266	47	30	Lord
aa1d7cf2-d017-4432-866f-6709568267f9	482	292	56	14	400
bea94a26-08f6-4ec5-b2c0-5be024bf15ae	482	292	56	14	-
572e8521-9ce1-4c94-9369-b0d1884c7706	482	292	56	14	13
d4a67330-d400-4e2f-a95c-cdf9c0dbe56b	482	292	56	14	;
1f0e12b2-3c9b-4a6b-9665-e79ccbadab57	538	292	50	13	visited
c6511572-642a-4900-9cca-78aae75b9efa	90	362	28	14	son
2b7d34eb-b105-4d1d-a823-194030c57f69	120	362	20	14	of
56368625-340d-49f8-9296-1cd2e1a1b228	142	362	37	15	Lehi
814e8453-f54f-499c-8a17-f5d11b9f9484	142	362	37	15	,
a48afee9-4a68-4c8b-8f14-5284e4b1d338	180	363	41	15	birth
066b6047-4e4f-4721-9206-1ba5fa67a76b	222	364	30	15	and
bc47607c-97b5-4baf-8a0d-0dfea1f3d21e	254	364	67	16	education
b6081987-4709-4a85-aac5-bd2e9a0eab92	88	377	14	14	1
4e175651-8073-421b-b6e4-37f729996003	88	377	14	14	;
8da137e1-885d-404b-8d5b-b27c7fb8c570	104	377	46	14	makes
05352d31-f7d6-4d0d-8817-70881968e32b	151	376	11	14	a
68a55bdf-c0b3-4718-9625-fb6b57b02b95	163	376	51	14	record
efcda80f-311e-4f2a-a12c-c213cddc8010	163	376	51	14	,
7dff5784-902a-428e-9545-a9a080afaec9	216	376	26	14	1
7edcc592-89b4-40e1-905d-74bef5d3a966	216	376	26	14	-
652416aa-3870-44f5-b67a-0b56ca13717b	216	376	26	14	2
9317f0e1-80ef-4671-a766-dfbca64a7c1c	216	376	26	14	,
85678584-4716-456d-a9f3-2c2c656e405f	244	375	37	14	2
d87fcfb0-bd10-46e5-a488-08ff06637211	244	375	37	14	-
4d19d54e-d4eb-4b83-9db7-b5683cd07233	244	375	37	14	17
419e1bf4-5bec-4916-8814-4206cf3e0749	244	375	37	14	;
16bb03fd-7edc-4e33-8470-5f0593fc17eb	282	375	38	14	char
6a1c9f44-a88e-49f3-b846-be33280e121b	282	375	38	14	-
8b6479e5-ffd0-4d45-816a-2345f0cef796	246	390	20	12	to
b3154a97-7674-49f2-86f6-bf033469384b	267	390	35	12	land
026f492e-ad89-4239-b7a2-2a741fecf41a	116	402	18	24	1
927b6aab-067b-49ef-b3a3-93c184376a9c	137	402	21	24	of
4e91e1d2-d7ca-438d-a4a5-965353e6c225	137	402	21	24	,
898e9cd1-fbe9-44e3-a149-8aad4c34432b	161	402	48	24	S
1ca598e1-c57a-4d01-ace2-58bc7832518c	161	402	48	24	-
c42f58fd-25e7-4ac6-9eab-7e85117c648b	161	402	48	24	Ben
7eeae963-693d-4fd1-9bc4-696748e6f5c9	212	402	27	24	sos
4e15fc20-03b0-480c-8fa8-fc561f8dd2e9	242	402	52	24	Laban
608d4957-6a0f-43c7-af5c-5c9a31819d42	260	402	21	14	a
7f31c7d5-8506-44e7-bf3b-9065bd6876a8	283	402	39	14	ruler
6c8afdde-9bc8-4523-8073-bdeaa76ad303	283	402	39	14	,
9fa6bd83-2875-46be-973a-44338e2d1a4f	84	426	46	16	plates
0cc35761-711a-44ab-a74b-7f400d9da792	84	426	46	16	.
7ac910ea-edf3-4590-8272-cb62d3bfda01	166	414	40	12	5
58a4367d-667f-4077-8e95-d69b8f4db4c4	166	414	40	12	-
130afefb-4ea6-4796-a6e7-f585ffd7379a	166	414	40	12	15
04abbbaf-3b35-42e2-bea6-040ee32b419b	166	414	40	12	;
9d0d0a5a-0e95-4ff9-a839-6d385039731f	208	414	40	12	asks
1072aca4-0910-43c2-ae42-31d33b3fb4d6	212	424	46	16	6
aa8daa30-9aa3-4b9b-b809-776fccb85bcd	212	424	46	16	-
7c4c691b-3d6c-4457-aa30-5605912c0ec9	212	424	46	16	24
cb2c374b-b0b6-49a1-a930-203ebbcf1aff	212	424	46	16	;
49528d4f-36e1-49d9-b6b1-6059f343f13e	52	438	66	13	brothers
ff5fa93c-74dc-43fd-9f3a-230535b5e91f	114	436	40	16	hides
93f72463-5d21-46ef-9ab0-211f16989f57	156	436	18	16	in
dedb4736-46ed-495e-9038-d7c881c55ca6	140	448	27	18	his
db7b31c0-4d21-4469-82a7-edeac963d17d	169	448	39	18	elder
c3520aa5-beff-4b60-8927-de73d4f56277	178	438	29	26	caer
6430635a-4f06-400a-b0c5-6d20861338d0	210	438	71	26	brethro
8cbedd39-690d-4048-82c7-11e945354125	210	438	71	26	,
e7dcd92e-49e7-4a57-b1f4-11eef52a5b7f	285	438	37	26	6.28
20cf643d-026f-436b-aa57-c1b3e43ddf07	285	438	37	26	;
ecc74de3-dc45-49a6-befe-e7faaec55aaf	146	474	60	16	secures
aca81330-e44f-4c32-88da-b7e73e47fffb	186	462	16	26	an
9b236bdb-03a3-47f7-86b8-4a600c674d9b	205	462	26	26	the
d5b4f393-1c67-496e-8f9b-7d75378f487b	235	462	49	26	plates
68814712-c4fe-4818-aea1-fc919d2b31ca	235	462	49	26	,
c901b0de-d6be-4fd0-bc04-a60bda35b6c5	54	486	54	14	induces
a01f1326-47a8-481a-b730-190aca382d1c	96	500	54	12	returns
5211dde6-42a0-458c-98d0-5f84f42c79be	182	498	60	12	erusalem
db9190dc-0a0c-4f18-9ad8-62e8f6682fe6	244	498	22	12	for
44d44133-eb31-45a6-92b7-b0dcbbe9362c	268	498	50	12	Ishmae
8e593503-582a-4def-9614-3d33711d97a0	52	508	28	32	and
77c8342e-8e3c-4a9f-a688-25259d3b8af9	84	508	12	32	6
ae361471-1523-4c3f-bae1-5464a32859b2	84	508	12	32	,
c24817e1-ecc5-4ca9-ac6c-3a989dd4be01	100	508	50	32	min
17cd02ec-1d5e-476f-97e8-87a8c4b4116e	100	508	50	32	!
54549889-59b5-4c33-921b-bb893e8dcdcb	150	524	46	10	vision
25cb71c3-804a-4b88-9838-d0a35f854b4a	54	532	45	28	Tired
2375e5ef-63b4-4df5-a075-9759f1334560	54	532	45	28	,
ce11e69e-1db3-4356-b302-98c15889d864	103	532	49	28	28.121
40b5d538-344c-47b8-9a7b-b1dc1c499022	344	316	39	26	dead
846b6fdd-11bb-41a5-96a8-442718266218	344	316	39	26	,
8a31c9ae-118e-430b-9cad-5e9308ee526c	386	316	52	26	41433
a3584bde-8712-44f4-80e4-b09dd3525194	386	316	52	26	,
a0e79959-5c83-45ce-9c22-66e1d2dbcc11	441	316	27	26	did
4d377f97-85dc-4bc6-8603-54ebfc142cfe	368	330	42	28	called
dad32912-2d5b-4933-8136-ff071ee2a6f0	413	330	31	28	from
dfeb6b2d-36f2-4856-ae31-3217581d98cb	448	330	24	28	the
fd6ca061-b99a-4ec4-b99c-169b58609b7b	476	330	66	28	multitude
9fd972d8-0dc7-460d-8a62-3143604ac637	546	330	17	28	by
cf7cd78f-5264-4d99-9b72-b58ed3ced8b4	567	330	47	28	Jesus
389590ad-24e9-46ee-91dc-e02af190d799	567	330	47	28	.
570e4ee9-5754-4f9d-bb62-715cb30f594e	346	350	50	16	422
82a3adf6-14d7-4a82-850b-d88a185f6cbc	346	350	50	16	-
0e45a92c-b5aa-4979-8ff0-2938c470a5f8	346	350	50	16	18
4dfde719-1da1-48d2-92b2-97d797f8beca	346	350	50	16	;
9866c0e0-1129-45e1-bb95-2065693e1d5c	344	364	42	28	Lith
e72e381c-827a-4eaa-a730-f70c89d15067	389	364	52	28	43710
5350dab7-0e03-45ec-996c-33aded14aa5d	389	364	52	28	,
c04d987b-4ce5-4f3f-8057-815601906563	445	364	63	28	boatines
43c24e54-49e0-4c14-b38f-7bae98f41fa1	512	364	24	28	his
9d36214f-4f61-43d9-bfb5-6ae22c3c7b1c	540	364	14	28	a
663d0bb7-83c4-4bbd-bdd1-8b467f05cd40	557	364	21	28	300
396846b6-b87b-4a7e-b8c4-b70491482699	344	378	16	26	of
4a6aded3-69c5-4ece-a573-48a5a6a7b8f1	363	378	23	26	the
c116da34-797d-4f9e-b35b-4a9ab2e6d586	389	378	55	26	twelve
8e33e743-9c8a-4dfb-ac47-39e5242091eb	389	378	55	26	,
030a1a56-7d2a-4c60-99b6-7bdee29ba852	448	378	52	26	437
e2930dcb-0724-4ae8-9964-67f8bd270862	448	378	52	26	-
369a5011-5ca9-4114-8076-d354ffda1685	448	378	52	26	12
8fea67b5-ecee-43a4-ace9-7eb98b3469eb	448	378	52	26	;
50ef9ef8-4edd-435e-8b38-1cc52598f5df	503	378	29	26	hrst
0e04ed08-c214-49ab-a61e-82200814fb21	536	378	49	26	among
5de2b1cb-4715-426b-ba32-5b45f4cb0b3a	588	378	24	26	tee
3515672d-5c7c-4eef-89f0-09d6b4ae69a0	346	402	51	13	twelve
71632bef-f7fb-48ff-8930-6ba0fbb001b3	346	402	51	13	,
39547b31-64b0-4e2a-afe4-a49a538d122d	398	401	40	13	437
1cccecf4-4757-4e5f-a953-a2ea5e112286	398	401	40	13	-
2fb2bd7e-620e-4033-9bb7-cf9f862b4268	398	401	40	13	4
be837674-3632-4db2-8a7b-8fcce45db090	398	401	40	13	.
501cfde7-5be0-4f05-93b3-eefd206ceda0	334	412	49	16	Nephl
399edac4-ed84-4979-9a45-1f19f21a9976	334	412	49	16	,
3040c8e9-3fed-494e-a593-76fdc94a1184	385	412	27	16	son
ae7e38f8-6b78-40c9-b0ed-6a8a4db76136	332	446	50	18	Nephi
6bd106b8-9566-46e2-b1e3-b1ce87f3549a	332	446	50	18	,
22674735-5d78-479c-af28-17b02e6bc52a	344	460	56	28	193.154
0ce2a56d-41e3-48ac-8b0a-b52c5d92f104	344	460	56	28	.
c1a5a04a-d79a-4f44-8c40-90b989a98f2a	182	570	35	14	with
18d4433d-a431-4973-94c5-90a4efd03e62	219	570	41	14	power
b5a79a6a-2560-48dc-b4bd-3760a82e1b4a	180	582	10	28	I
0338381a-469d-4c79-97df-704260ef618e	194	582	35	28	hive
86bf51a1-6820-44ef-a948-87cec4f7e29e	232	582	45	28	shock
bad49590-c1c8-43ff-a4d1-253fb5fa2b92	232	582	45	28	,
926dbcd8-b1bd-42a8-b800-aa73f7fb33c6	281	582	41	28	83
a9b6a844-6a45-4a31-a7f0-fa277c18582a	281	582	41	28	:
ad4a3aa2-42b0-4154-a09d-2fdc833035e0	52	608	50	26	10
afcbb615-765a-4306-a1c6-f38330232e5f	52	608	50	26	-
d2ccc749-a891-4c6f-a136-d6d61594ff1c	52	608	50	26	23
e4ddeade-1563-450a-91fb-e6527d3f2932	52	608	50	26	:
a66b3ca6-24b6-4e41-9382-467e7d121e9f	54	630	50	18	Christ
6b009770-f7b5-4899-95ec-02373ce7b951	54	630	50	18	,
22bdcce8-4759-4895-b02d-f0708feef45e	164	622	32	26	0
87b57100-ef00-4aca-8bdd-9e416e8389df	164	622	32	26	-
1531fec2-33a7-4794-adbe-20910fc94ce7	164	622	32	26	10
90ff90e2-2fa0-41d0-848e-fd0e09541633	164	622	32	26	,
2cf8db37-74fa-4935-83b7-d03930f0b564	200	622	46	26	92
f51f5b81-3629-4815-9365-374347275ebd	200	622	46	26	-
5a7e7ad4-4f27-473d-bcb8-a96332f61f04	200	622	46	26	23
2f7e2e89-8305-46f6-95cb-47150439c99a	200	622	46	26	,
e5610088-8d7a-4836-bff4-50064da47ac1	216	608	38	28	497
eccc4e09-8657-43bc-8096-367a25858005	258	608	30	28	pres
77ed18fe-c525-4e58-9cf6-5655036bf74b	286	596	38	26	cand
17ddb79e-ae70-4c13-b161-ed75dadafd16	286	596	38	26	,
cc02669d-7e68-4d40-ac15-1f961b3b5762	248	620	39	29	92
e95adcaf-522e-4d80-bf7e-8a3466c557bb	248	620	39	29	-
d4cacbea-d836-4ffd-9a06-741da1e9a843	248	620	39	29	re
eac74657-358e-4f9b-a3e3-c91806dc34fc	290	619	36	29	ches
1c5ceb48-cdb0-4766-a956-76533a37ac6a	58	644	9	14	a
fc0c9c8d-3578-45ee-a818-c153276b4a41	68	644	37	14	large
fb4d7177-8411-4ee0-aa1a-1a543ed63b85	107	644	63	14	company
7154c2f1-17ca-4436-b1b1-8c2b27a291fa	172	644	35	14	flees
aee1e6c1-e70d-438c-8baa-b18bef172fb9	208	644	38	14	from
a293fade-7f49-41d3-a0df-ba63057aff89	244	644	51	12	Laman
6615eb4a-4592-4fa1-b605-6e4c018f8361	297	644	26	12	and
d2da5b15-1dd3-4c45-8d3e-4ba6d4d99319	56	654	58	26	Lemuel
b80ef500-3453-47ec-8321-04603ac3ba3d	56	654	58	26	,
b61a16f7-477f-4b3f-b0ab-caf6d958af26	118	654	24	26	-
074f08ea-bb2f-4086-8feb-708648ada7fb	118	654	24	26	18
bde8dc86-7e90-4a07-a38c-2f9f404955e9	54	668	36	18	king
01989059-31a2-4853-9aa0-50ef084e566b	54	668	36	18	,
aa3581f3-1db6-49ec-9526-e7a711e6a327	266	666	56	18	Isaiah's
ba173ec8-7e7b-47df-a277-9da976acd989	56	682	74	12	prophecies
4234c802-aef7-4d1c-aa01-3b4e8a9e2aaf	56	682	74	12	,
898c1941-3237-40e4-9b61-a367a8b6eb64	176	682	55	26	Props
20f737d5-d2e7-4746-816a-803c71226e5f	176	682	55	26	,
f01b0392-12be-4905-a5bc-9124d4b303dd	234	682	22	26	to
da4d167e-9a20-43e5-8a76-66c2137341e7	260	682	64	14	concern
ea25653b-95d3-4fa8-95b4-7e76e27cffa9	232	692	52	16	108
997705dd-2665-4b37-8c58-fe4b8a2e62d6	232	692	52	16	-
0a0dc22c-d93d-43cf-95f0-e6679c0d1ce6	232	692	52	16	12
33c45d3a-e9d9-46f6-aad9-1156c06896e6	232	692	52	16	.
cbdf3ff0-0516-4083-b65b-dd7121157421	152	704	70	19	Helaman
c32d898c-3de4-4526-8505-e4689cefd3d8	152	704	70	19	,
c236d45f-c52f-4527-bfd3-dc2f7d23e820	196	692	24	28	đh
209263ff-7913-4e17-b0e9-2c2862b31af1	196	692	24	28	,
34186b04-fc60-4ebe-9d68-6e2478bc394f	224	692	58	28	365
239e659e-bdf4-4349-a130-9d434990ce3d	224	692	58	28	-
a89c55a1-1ea6-4382-82fa-7d59528c2ac4	224	692	58	28	213
775bdc08-c00e-4e4f-b75b-31b46f8b05d0	152	718	54	16	366
d59eba1b-9c7a-4ef2-a494-8b95873fba0e	152	718	54	16	-
f90950be-fca7-4ea0-88aa-9a0d1bf6fcc7	152	718	54	16	38
d8fed922-5331-4f9c-8629-eedb46835501	184	730	60	15	brother
c14b429b-d437-46d0-802a-6739eec70aa6	184	730	60	15	,
5db6e6a5-ba88-43ec-a3ed-28ac78c8d38b	56	756	32	10	goes
e5e2322b-c816-499d-ae87-3b0543d6531b	52	766	62	16	prisoned
a28b6fb2-dd76-4c3a-832a-1db5549ada09	188	744	44	22	Neman
0bb39f31-5b4b-4443-ae6c-63fe20a31f22	235	744	59	22	370
ac05946a-7b0a-4ebb-9308-7aacb9406902	235	744	59	22	-
2307e072-42e4-43ac-a8c2-789d5bb7cc93	235	744	59	22	20
eee89b5e-04a4-494c-8586-07a6cd1435f4	235	744	59	22	;
4904e688-594e-48ac-8380-b187db1afd9a	54	778	42	14	which
c1844154-3456-4ce5-a97d-fbbb56be85e1	98	778	62	16	confined
1f01ec05-6be8-4e1f-a4db-b38757b8e6b4	98	778	62	16	,
2f0a0d65-8e54-49de-8ffe-215fe13031fa	164	764	56	28	shaken
b540c28a-4b54-4947-b96f-c4f45fff2c14	164	764	56	28	,
0fa5b8bd-623a-42da-b0ef-983af34e5bb5	223	764	24	28	370
29e87f50-83ed-458f-a152-bf842a93a04a	223	764	24	28	:
7a7eda92-7969-4298-a98d-369c03cb088f	251	764	17	28	27
f5e464b8-063d-4c29-a20d-f9968d4849d5	251	764	17	28	,
dc184a7a-95c5-49f3-8af3-6f7791b41793	272	764	34	28	301
7f1bb466-39ca-44ab-a9ab-a5c39dbb8bf4	272	764	34	28	.
a6d2691d-9a75-491c-9426-6b63d20c43ce	192	802	54	16	angels
d7b7abaa-acfe-4fc8-89aa-90d9298386ab	192	802	54	16	,
9e1018c7-23bd-4c71-946a-4b704d4a19a3	248	802	48	16	371
076cd4cc-9cf3-410e-abfb-2caa1f967e94	248	802	48	16	-
7a521e64-3391-4dba-943e-90087cb44861	248	802	48	16	36
30fafa2e-8a00-4f44-a410-68d88f9c01e4	248	802	48	16	,
7c7c0a58-561c-4f12-8864-d8b0785390fc	168	817	21	24	28
522aac35-fe5a-4a5e-aae8-47c2efaf8e72	190	811	70	28	shadowed
7637e3d5-490f-4a74-affc-c508b213216e	261	809	21	24	by
9227d0a5-45dc-4310-8284-12007a15d36e	283	805	40	26	cloud
aff4b6ef-05e5-4cdf-96d0-328a915511b6	192	826	22	16	34
e4e2a169-a499-42e6-aaac-2db3700fa9d9	192	826	22	16	,
bc35abd8-82db-4ca8-b33f-587330033b34	216	826	24	16	40
f56f2049-f9a5-4e26-8e41-df0eb4d7ba02	216	826	24	16	;
5be4c835-8efe-41fe-8a64-3efac85c4e2a	242	826	80	16	persecutora
44ee68fa-f800-486f-83f5-750f26907fb3	186	836	42	32	Lehi
2dde8a94-16d7-411a-80a6-f1d119d32cee	212	838	72	16	Aminadab
eb2ac1f7-82ad-4b4d-8814-64ec73e18f72	226	860	52	32	aris
f07a4943-6336-4f70-a686-188cf602932b	282	860	42	32	faces
e4095b07-7a41-4e60-a0ea-88824a90630b	52	886	54	18	371
299dd2b8-f7ef-4017-b877-eef3757bb916	52	886	54	18	-
a727a452-0794-4867-acfb-dff8183d2bd2	52	886	54	18	36
40ee06a6-89cc-4f9c-9019-13b0e424762a	52	886	54	18	;
eef2b5e8-e475-4d9c-b638-5c356459cc7b	170	890	46	14	many
77f4893f-3ff2-40c4-98d2-48c6bd80209c	170	890	46	14	,
bf7e9998-eb56-4f05-9258-8b2e18245595	216	883	53	21	372
a6cdff4e-da8d-4723-aa9b-0b902c6b07d4	216	883	53	21	-
4d032675-a0d4-4df9-8495-f04dd6549fe1	216	883	53	21	50
4755d970-fe61-494e-80ec-bb933e9c5f81	216	883	53	21	;
51b0a108-0e7e-47ed-93f3-7a6937b83c67	271	884	33	20	goes
21d2046f-05be-4c24-a034-182ecd71057f	306	885	14	20	to
6219eb70-2e87-4305-8b6a-5663096990f2	56	898	32	14	land
fd756a77-5add-4daa-9b37-62d35377badb	86	900	78	12	northward
5760425f-5f3f-41c0-8cf2-832d972bd991	86	900	78	12	,
386f9118-7676-4a33-a5bb-ce288f451c95	168	900	41	12	373
2e90d165-d99f-4dc1-a636-213c5461958b	168	900	41	12	-
27e734f2-076f-4a8e-ae47-c99a3185591a	168	900	41	12	6
0d0789a7-892b-46ae-b56c-3a6b4658da12	168	900	41	12	;
d6b13228-7826-4dd5-9b9e-359d276c7cb8	210	900	54	12	returns
ee3aa5de-c937-4f95-a999-57c1cbf153a2	265	900	17	12	to
ed3200aa-5fb7-4dd5-b1e1-503d89e0e894	283	899	41	12	Zara
0c5bea77-9544-40a3-8203-f4f2d568547c	283	899	41	12	-
ab45d7aa-760b-49ed-adc2-d31824b49f24	426	476	69	10	amanites
e7fd4aa2-93ee-44a4-b830-1169d4b4ca08	496	476	18	10	in
f60cd0ab-e1a2-4f7d-8639-d453c3947d05	496	476	18	10	,
8f109780-e844-4526-a5b2-767521df8cf7	522	464	51	24	256
f207cfe4-3f91-42d4-83dc-dbae8f7be8b8	522	464	51	24	-
cd3cef64-1075-4fd3-b6da-7ad754a113d0	522	464	51	24	11
1b6566e6-c999-4df7-b531-649fa4d9774e	522	464	51	24	,
0af97632-f48a-4c97-91a8-33c7ea4f10bf	576	464	38	24	chiet
e87db71f-67ae-407a-9049-384a74dadc35	460	486	40	14	Tephi
28f6000f-1f58-40d7-bc9f-94d587ad7f3a	460	486	40	14	,
1b427c46-3858-4dc6-8dff-1037e040d13f	502	486	48	14	314
29285b39-0873-43ec-94a1-80d55b06b2a4	502	486	48	14	-
01e4822f-65bc-48cc-ab50-c5be95f9ce8c	502	486	48	14	20
e5047e10-bf91-4c97-8b9f-d2387b082924	502	486	48	14	;
1f508d84-ca0c-4948-854d-b50b649774d4	348	522	49	14	Mosiah
a5910b57-66e2-432c-b7aa-069a7e49d5c3	399	522	24	14	the
48bbf88c-5c1b-40b6-85f3-c1f7096a4f40	425	522	37	14	first
f644119f-caae-4cef-b620-916fe27a1b75	425	522	37	14	,
ed270781-f81d-4733-8c48-4b076195d57b	344	532	20	32	So
5b11cf69-fed7-48fb-b3a5-a21f401ac8b0	368	532	68	32	Lord
a8d95ee8-444c-4bff-939e-708a88c63db7	368	532	68	32	,
3586f09a-f72a-4d27-b526-a5e659ea4760	440	532	66	32	139173
a5aa3cd1-daae-47a5-a216-3211691ce391	440	532	66	32	!
be3e8c3d-07b6-4578-bc5f-7b3676878562	490	534	73	14	Lamanite
bcb88e00-4e42-487a-9b77-32e9b7d0234a	565	534	49	14	armies
0fa7f22c-ca19-45bf-9db0-4f729ec44765	344	552	46	33	brett
38a92517-bb32-423d-8444-51e2a6f82251	344	552	46	32	;
4ed6b375-4198-4484-9715-c3cacd43b004	391	555	17	30	a
4864be1a-ac02-4c40-b043-4be8bded953c	409	557	28	31	air
48f56f94-6d79-4df9-bb91-301f3cccc9e4	438	559	28	31	had
cfb4e03e-a935-4ac0-9368-3a7b37801c68	467	561	75	34	knowledge
b6bb5825-2a99-48a1-b229-75dcd95d95f2	543	567	26	31	cof
6015ca07-d7cd-440d-a6ed-003c95c6f4bf	346	608	53	30	manias
98f9c240-8b2c-408c-825e-9ebc59c908be	402	608	15	30	so
e384b96b-94c9-4b95-ad9d-e88425a99ed6	421	608	23	30	10
6c044e0a-a3c3-4422-bc7b-b36b2b52d0cf	421	608	23	30	,
bdbef0ce-a7bb-4301-9065-bec11ae32500	447	608	15	30	to
4b5c112c-d718-48f2-a33c-61e653726547	466	608	45	30	preach
acbbabbd-5091-4ad8-bd50-ce89db714f46	515	608	19	30	to
8ed90388-1606-4303-bd80-d88c44123ce7	537	608	77	30	Lamonites
c644426c-89a6-4d59-beaf-637525d08d78	537	608	77	30	.
59b10fa9-df22-4359-a98a-b2ddb6d37a77	346	642	28	16	join
87f1da1b-5fd5-4498-b5e9-7ec67cc42479	376	642	72	16	Lamanites
7a28532f-9b77-4a11-a0cf-944f068d630d	450	642	20	16	in
6f14491f-c47c-423a-b28f-878caba854b3	450	642	20	16	,
1d9d8cbb-2bbe-4388-9822-2f24877d9e40	472	642	50	16	199
c9aabdfd-572f-47e7-a2ad-ee7536630d59	472	642	50	16	-
34bc191a-9bd3-4c42-b0cb-a89356b1a84d	472	642	50	16	24
0ccaa76e-819e-48f3-953e-8929803075aa	472	642	50	16	;
cd67f8f4-05a1-486c-98b3-685f9a9fa911	524	642	34	16	king
0033e981-42d3-4305-a8b5-89c80427d063	560	642	54	16	Lamoni
2cc7c12b-564f-49df-b8ef-4799907821d7	344	656	50	16	desires
51e135c9-d1d0-41a9-9ada-642e2a1c5627	402	658	56	12	Ammon
c8481256-2231-4312-8a36-25615d0d60e4	344	668	46	14	217
bfa75b98-6084-4a0a-bc7f-d175266f3d17	344	668	46	14	-
b43a4715-7e53-4400-a177-abcfd1469403	344	668	46	14	1
c77f1c7d-9f9e-407d-8ca3-ced3c841cbee	344	668	46	14	:
9e1ad118-7d27-4c63-b8c9-cbe724eddab4	398	682	46	14	nearly
3564ea0d-cca6-47ab-987a-48a982da32f3	452	682	82	12	surrounded
d39f4e43-00e0-421e-96a5-43d41a775afb	570	682	46	12	water
9cd523b2-3100-419e-9591-e19e5676102d	570	682	46	12	.
7952c9e5-2f3a-445c-a3bf-8875b29458ac	436	682	16	26	of
1d7cf68c-f6ea-4cfc-8551-dbccf5c24924	455	682	52	26	Mosian
487247fb-a2fa-4ce5-8727-0f1e3a5c3ae3	511	682	29	26	tell
98ce919b-c279-4f9d-8f6e-35dd9486fc63	543	682	13	26	of
a747e1ed-2c71-4084-935e-715228d40ce9	559	682	55	26	mission
0e86f33c-c58c-41f8-b093-642b51ea418b	426	708	49	10	people
060ca523-c547-474a-b468-07636a8eb39a	476	708	22	10	ot
7a6a1c63-5954-465a-b21f-5d2851214ba1	498	706	58	12	Ammon
52d995dd-426d-4977-ab5b-954f215874ca	558	706	56	12	brought
37699411-9ab6-456e-b279-e7884a8a1bed	508	718	31	14	flee
d8d11012-7320-42c7-93ca-47f5b01a6b53	541	718	21	14	to
3e48ca6a-d5c8-4536-96ef-854a51f6176a	541	718	21	14	,
cd7963c2-bc46-48ab-8ca3-654f017b6338	564	718	52	14	347
e867d4e0-7bab-48e8-a427-22d0450607ec	564	718	52	14	-
f94a8a2b-cb99-4496-99ae-87e744d870f1	564	718	52	14	38
f4899240-02f0-4521-b806-3690ecaa2d1d	564	718	52	14	.
e2879cd2-5b53-4728-9dd9-d1d26f034a07	480	730	52	14	Plates
946f3053-8ee0-4921-928f-686da4847fad	480	730	52	14	.
b500c388-3946-4625-97fb-c2b14d7e9669	334	730	46	16	Nephl
1e56962d-05ea-473b-b9fc-439ea4f0be05	334	730	46	16	,
68fd6ee0-6bcc-4724-98f9-48ab80549f30	382	730	44	16	plates
f099df00-395f-4033-9b8f-1761bd483b45	332	764	74	18	Nephihah
e19dff4f-614b-4949-8fbc-637df013fe23	332	764	74	18	,
7344740d-4422-4d9d-bb17-796878ab05a0	374	778	52	12	326
c7f92973-1aa9-4b2c-b9c8-9060a1791add	374	778	52	12	-
6e7a4f50-1d3b-4149-aa4d-4334f4bcc3a8	374	778	52	12	24
4af95f61-99b0-492b-9378-c68b5dd056a2	374	778	52	12	:
7a44df9c-8a63-468c-8357-ef37bc8a1a25	532	778	82	15	Amalickiah
a1ee2e5a-0354-4634-9d20-2d1b1187b310	532	778	82	15	,
3552342f-ed6b-4f5a-97fa-69f16de017f5	488	790	79	14	Lamanites
a884e14d-84da-4ad4-89c6-b2d71a5ea2a6	488	790	79	14	,
254ebaa2-8cb0-41ed-92a0-3aea6003b6fe	568	790	46	14	348
7b8b514b-5d4a-4a02-ad2b-e6610b393bb2	568	790	46	14	-
43b1150b-c7d1-4a45-b980-531a2e8852b1	568	790	46	14	5
02504de5-9f1a-4a74-983f-bf217dc71a02	568	790	46	14	:
ee7e5ef3-3fff-4a4a-a99f-af10bc4151fd	332	802	70	28	Neptaben
08cdb177-667f-47af-97e1-eec53b8baab7	332	802	70	28	,
b0ada57a-3b47-4e3f-aa62-c72f566a263f	405	802	39	28	hand
3bb5e9a0-fc04-445b-ba4a-836699c6be8c	488	802	52	16	355
55e5cde2-7b5e-4beb-ac61-7a0d713a5157	488	802	52	16	-
781cc8c8-9f40-4802-95ee-92b550c6d6e1	488	802	52	16	26
391815fb-b3d0-48a8-9201-b37864366d1f	488	802	52	16	.
4c5fd68f-3fc9-4e5f-857a-a74506a2c290	468	816	51	12	Moroni
2e6f98dc-2347-4d3e-8784-a1f431c15308	521	816	36	12	goes
f92ff353-3551-49bf-b1dd-6ad9a86c72b4	558	816	22	12	to
d97a5f4d-ebeb-4497-af04-fbacc91a670c	558	816	22	12	,
bda5c902-18da-4958-abc5-36d9f114135f	582	816	30	12	354
334452f9-b655-4a5b-88f1-60ba0f4efd22	582	816	30	12	-
23eee7d5-7e8c-42c0-9dfe-606ef8407e19	370	828	52	16	Moroni
b6a666ce-b60c-409b-9e88-2fa0a5888eee	424	828	50	16	leaves
b8a06584-dfee-4210-a8c0-93cee2682701	424	828	50	16	,
a38e4139-d448-4810-9f70-23213333e921	476	828	42	16	356
399120f3-3f1b-436b-93c7-52c7b38df86a	476	828	42	16	-
3415cd85-a1d4-489f-a86d-a97b345ecff3	476	828	42	16	30
0a1d34a4-ccdc-4deb-8b89-fbc6a4e511e8	334	838	76	16	Nephihah
6bd0bb35-1e70-44d7-a0f8-6894864ba281	334	838	76	16	,
93e1dc86-388f-4e76-9fa6-5d5ff2f7432a	502	838	70	16	Nephites
8b8dcfcd-932d-4fd2-a147-b324d0587145	574	838	40	16	pitch
bcedfb3a-cc28-4a52-9d4e-a6b89035c00f	412	848	46	16	355
f658078b-851a-42f1-a648-801a4ac3e019	412	848	46	16	-
1159fce6-e170-4d04-9790-440a4a9796a4	412	848	46	16	18
0eada226-b3eb-40da-a992-b767b8a3aa77	412	848	46	16	.
9cb467ca-7be2-4c65-87b7-3e6393d56950	332	862	68	19	Nephites
01b6438a-b9d1-4f3f-8194-70187e833887	332	862	68	19	,
02a35199-adef-4e8a-8fd5-f120bb9ad417	464	861	38	16	were
030eec38-4db0-4aef-ae26-0271c20efb19	503	861	30	15	not
0dce534c-7b0b-4a0f-ae08-9cec16de7200	535	862	81	16	Lamanites
584a6e6a-af80-4cef-a0eb-f4b60802dc8f	535	862	81	16	,
31bb2f95-6974-4501-990e-02a5ce496bd9	342	876	58	16	108
9ea6bcbc-9dbf-4315-b6d2-eae97415868a	342	876	58	16	-
75867132-d5af-48a8-bad7-edac07e22ebb	342	876	58	16	13
b0c58b54-6c1b-4f22-abb1-924eae1f33fd	342	876	58	16	;
b4dc90f5-c374-4162-a68e-902268119ef9	344	888	54	16	wicked
59a4804d-d1f1-4999-ab48-5b5cc5223788	400	876	60	12	declared
35b74f9c-6eff-4828-978e-8aa78d89edc7	461	876	26	12	by
2b6fdc71-99e5-48dc-bb3f-953b2b2df90e	488	876	44	12	Jacob
830fa984-8fcb-47c0-9705-c1ca4d56125a	430	886	80	28	Romanie
d8d3ecb4-22ea-483b-9ff1-986762696b79	430	886	80	28	,
2974b970-a880-42b5-aeff-6b60bd7e1acb	514	886	21	28	a
9a06c6f3-1424-493d-8d84-a715f7cbd9d9	538	886	76	28	presEed
0967ff32-1458-4886-9203-6780bbcbc330	538	886	76	28	,
93376343-afbf-40e5-8051-562bbf459ede	512	900	24	14	be
593b6f5e-e4ba-4fcd-94b0-a8cc834adaca	538	900	76	14	preserved
5c156181-d205-44c3-94e8-af897f4b12be	538	900	76	14	,
