ID	X	Y	Width	Height	Text
27cf85bc-4ac8-4365-afe5-b54e8935c221	78	64	32	18	566
7e307728-8752-4a1d-a878-545b1eb63faf	328	64	64	16	INDEX
d6d89daa-d966-40e7-ab6a-e30306ab29ad	222	94	26	12	as
4b375c8b-ecc8-4283-b666-4e64bb412b23	249	94	11	12	B
57b4fedb-1866-453f-a733-e9f073c1e732	82	94	42	26	time
3b70e180-0788-4ced-96a6-7372c504a1a0	127	94	16	26	o
9a622cf6-a3a1-4b6d-b797-b633fa3afbb0	127	94	16	26	:
5c93c877-dec7-4ca0-ae0d-76e21295d4a3	147	94	55	26	Enrises
60a8f68f-5e66-4d52-b884-8b4bf7b69112	205	94	45	26	death
72bb23d5-3eec-4530-8f56-2960194bc45d	205	94	45	26	,
195a3b7e-18b3-4bb5-a383-201cd1142b7c	254	94	32	26	20.4
676a6e91-7f14-4125-ae8c-8d30e0476fb8	266	92	70	14	visitation
3d4f5f42-35e1-46f4-aa26-3821e799b295	340	94	24	12	at
a17afd2d-a156-4986-a089-7f15f5b9239f	366	94	64	12	Unbellet
eafc7e76-150e-4830-b7b2-6b9ace14bd40	366	94	64	12	,
9fe1cf71-8e10-437a-a582-ff048abd815d	432	94	61	12	inability
c573b376-25d3-4ba1-b7aa-da542c603400	495	94	16	12	to
f6247f14-d573-4ba4-978b-5514467e2c2c	513	94	78	12	understand
c26f5e09-e18d-4b92-a7fd-75d328a91517	592	94	54	12	because
2b02b980-69ef-46ec-81d4-df07043bd585	290	104	47	14	42
204cedf7-cd50-4b19-a6bf-8e654e68191b	290	104	47	14	-
fe6519e7-fcd4-4e4a-816d-a2e2c7babee6	290	104	47	14	11
6b1f97f2-bc14-4404-bfa2-8ec519f30016	290	104	47	14	;
6af547ae-5ba8-4285-b9ce-4f43d02c0e31	339	104	19	14	to
1a6ee30f-3dba-4dd5-a72d-12c3e63b42a1	380	104	22	14	of
dd7aaa9c-e69a-4382-aea0-7f182d292a98	380	104	22	14	,
b3d11c21-991a-4e76-9295-509772047ecf	406	106	46	12	184
cef74503-cca9-4fc2-a13c-eb054c77c3cd	406	106	46	12	-
c225150b-b825-49e3-a319-f3ddb456c177	406	106	46	12	3
12b2728d-3244-4591-9a9d-fd0a50d93700	406	106	46	12	;
be478c36-bfd0-4c7b-92aa-b7bc337f2ae8	454	106	64	12	miracles
38aaa160-6aac-4199-8fbd-105e1019d8e6	520	106	43	12	cease
3a6a9bcd-6fae-4149-8e31-0809a00e9980	565	106	60	12	because
bc055de1-0a71-4226-8789-4867b292fd34	627	106	20	12	of
c50d198e-2b92-4c28-bb8a-b54363846da9	627	106	20	12	,
6e019c91-e70f-42c4-b5d8-d13298a54181	168	116	38	16	upon
5e34bb66-b245-4fee-a2cc-b0bee92018f7	208	116	28	16	the
4e6c1a31-b3aa-4b23-aee5-1c7a1420db91	238	116	56	14	wicked
130c8c09-9f23-4e34-9307-340495539fbc	238	116	56	14	,
37a7de90-69ea-4bbd-b4ac-5f47769e7fc1	296	116	42	14	93
cbb1b570-6a5a-40c5-820c-a38fdc551950	296	116	42	14	-
3473762d-ff2b-483d-b06a-454a6b22a311	296	116	42	14	6
def00e31-0d6e-45f3-86bb-4a460bb0c2df	296	116	42	14	;
4eb8cea0-92e5-43fe-9408-9c94e9ffbfd1	339	116	17	14	at
76e29084-3d1f-496a-89b4-35234265b01d	380	118	50	14	514
6ab92df1-0282-401e-8742-3a2a9162ab7d	380	118	50	14	-
f560f1e7-764b-4d14-a9de-ca61f9adfbf0	380	118	50	14	37
cc9a2641-3791-41d7-8985-f86904d6f952	380	118	50	14	.
d530cb38-6873-4a2e-bc2b-41039ad3a78c	92	130	38	14	death
0a72dc19-8c54-44e1-a496-203da7e5c990	132	130	16	14	of
8ddb4cec-7b1b-435b-98d9-e6b5c22344fc	150	130	49	14	Christ
fe61b086-f28a-4ae4-a92f-822fe29da844	150	130	49	14	,
4f0156c6-d157-4297-bf97-bdf0a2798478	200	130	40	14	415
11c43009-ea40-443e-8c7e-c6c786d267af	200	130	40	14	-
5e9ada6e-7e98-4a65-8b28-681b6aeb8862	200	130	40	14	6
cf8a1288-c199-4e3b-ab9b-f6961be73875	200	130	40	14	.
4505f27b-a62d-4917-bf1d-b730b0822a15	368	128	65	26	Unchange
ca89f73b-e702-45a8-8b6b-675bffeaf6d0	436	128	32	26	able
c551bfe3-6b0e-4c01-80c6-3cd056d9b9f7	472	128	45	26	Being
0541100e-8dd3-4293-b779-48e6068d611d	521	128	23	26	an
61cb1862-3f18-4477-bba7-6c02ebe8d291	547	128	49	26	ancle
704d8f3a-d44f-4095-b67e-60c420992152	547	128	49	26	.
58cd7a5f-bb88-44cc-b9ba-0d48e9cf61c2	599	128	47	26	517.08
844dc553-92ab-433e-a4e4-f6424946ac71	599	128	47	26	,
37ba1b82-99bc-4104-8a46-e5799eca81c3	80	142	56	28	Lan
475044ee-8715-41ac-9519-b59740bd73c1	80	142	56	28	;
0e60fb21-01b3-4ef6-9e1f-20d78d40662b	139	142	52	28	140
524d3e9e-c7cc-474f-aceb-fddb02cfd14e	139	142	52	28	-
474db080-30b9-4f47-ac83-27571ef71676	139	142	52	28	3.01
e6ae543b-6dcd-4581-82ad-c9c1d4aaf286	195	142	35	28	great
d56ba8f6-22c4-49d0-a2e6-172f8abd7024	234	142	28	28	joy
a569c0e6-0f3b-4bd2-afca-9290584b9aaf	234	142	28	28	,
2205d7bb-ca68-49ca-819a-d1265a483c9b	265	142	14	28	to
171e1757-f53a-4396-a9d1-ed465d1cf7d8	283	142	35	28	king
981917c1-a753-4b1b-a7b8-1e6a45ccab9c	321	142	35	28	Ben
70d57a27-53c2-43a4-9fa5-0a09ac3af0cb	321	142	35	28	-
0ac66d15-5e14-4ad8-b892-29c3cc4a8d7b	368	142	60	15	Unclean
32b5718d-c14c-4aa6-8d0d-4ab4c855bf05	368	142	60	15	,
c81f6451-2983-43e6-8cec-a6028abe57ca	424	142	42	28	30
09ed8fcf-d27e-4c81-9032-f61bec655ae9	424	142	42	28	-
f6f1ed85-ef0a-4582-8468-47094fcc61e7	424	142	42	28	34
deee4dd8-1ccd-4308-89a8-a842f1788da7	424	142	42	28	,
30d9b7a5-34e8-4a79-b751-8b989de5b7a6	469	142	53	28	26.21
6a7d96c5-d44d-4082-94fb-514bde857184	469	142	53	28	,
c2dc8e5e-5583-43cf-811c-59ca50e22bce	524	144	62	10	presence
bbd4f2a0-cde9-46d5-9ebd-7ce6bf5380d6	592	141	20	13	of
100c17a9-7def-4d7b-b31e-efaa487fb26a	613	142	33	13	God
2ca888b8-d2a6-41dc-9aa0-866e0809dd13	613	142	33	13	,
a1d94a70-815e-4db5-9cb9-307b780d9a86	234	166	104	16	workmanship
015ba9e1-e5ff-4cba-823a-a8512be2e436	234	166	104	16	,
a165c10c-612c-44df-a844-90f82b73400a	338	166	20	12	in
acb555f4-b9dc-4cc3-88f6-760a1edeaeb8	526	154	44	12	223
056be6c1-a223-4ae5-a0d0-cfb8df09535f	526	154	44	12	-
1992be98-4116-4816-945f-140810bc756e	526	154	44	12	37
3233b837-7638-4719-930c-e80e50731d03	526	154	44	12	.
acb42365-6701-4fb6-be40-43f099b2c923	366	154	56	30	Unpard
85d38d6a-ae69-4803-a908-2363032b3d5a	426	154	37	30	able
4c77f868-2e39-4ca6-a9a0-2fc7f39f8c80	467	154	26	30	an
09e98970-e922-4693-b5d1-f18bf2a28b10	467	154	26	30	,
1761f1ce-ef60-45a3-8c21-eefd64057aa4	497	154	49	30	124.13
f6eb62f1-429d-49f4-aa0e-201516e6c68e	497	154	49	30	,
9ea2edd6-96b8-4ee8-bdc7-1ab43a5250d8	550	154	42	30	293
a4150531-cf4e-4996-969c-2f6dd58abb03	550	154	42	30	-
243b3aa5-6867-4246-b575-5ef4c184e8fb	550	154	42	30	8
a3df5f99-1f58-4bf1-9c0a-5abd14682a01	550	154	42	30	.
7f9fbee3-cf29-40b7-8c1d-b1f5eb02cecb	578	154	52	16	380
6a531c59-9f9c-4b7b-9f06-ca1bd2c983d1	578	154	52	16	-
c85cc411-929d-49b7-813b-0450965b5441	578	154	52	16	25
e8b5ce71-ffb2-4948-b5d3-83a34d4eb4cb	578	154	52	16	.
b343cce0-1376-400a-8ca0-6ba6df1dc2ec	92	180	59	14	building
a04b3ec2-7cf6-411b-be5d-bb615fb84526	153	180	26	14	the
55bce2ad-a86c-42b2-ac2f-d0731d47e609	181	180	33	14	ship
3baa07ba-fab6-4514-839d-06e8e15e62f1	216	180	24	14	for
10d3dec3-eb1d-4cec-93b6-d6b7c2fa18c2	242	180	45	14	seni's
e146e048-4dce-4f96-8643-0fdd6cad1ac6	290	180	64	14	company
0e51de2e-9cde-4798-925f-09720e4f0a90	92	190	33	14	38
f558c5c0-caf8-4f8e-9d74-04456859fe5f	92	190	33	14	-
d2f356dd-5704-4f1c-acc3-036d48e90db9	92	190	33	14	1
41ff2692-74ae-4173-9724-7454dded145b	92	190	33	14	;
7d991ed5-39b8-441c-b355-35d1288ede9c	127	190	23	14	for
d0c0a5b2-e579-4cf6-b023-d74b611057e8	151	190	54	14	defense
aa059b00-c3dc-4605-a964-405a25175fdf	207	190	14	14	of
6cd226c0-265d-4d34-b93b-5ed2958259dd	223	190	44	14	cities
2dd3c9ad-df47-4956-8132-4a63747794a7	223	190	44	14	,
b0a11cc0-8d37-4950-8a10-fa5c318b3ccc	269	190	42	14	321
b3ecaad2-7aa1-4a9f-a05c-b1c55f5c8831	269	190	42	14	-
8395eb26-496c-4fa3-9c6e-b255033cdc59	269	190	42	14	2
92a53717-b71f-4a7e-8d2f-5c4bd95d4e3c	269	190	42	14	,
e66338da-5b4a-49a5-85c7-774051d396be	312	190	44	14	331
5f398673-ab54-4049-9c57-b60ad8e496d6	312	190	44	14	-
4053f1e4-667c-4307-a1d6-b7c2bdff6268	312	190	44	14	4
62852957-c424-4b27-9c7d-498c8e8b97d1	312	190	44	14	;
c0fc5506-4470-435e-9960-8041a892b7b9	90	202	32	16	land
0dad1124-2192-4c75-86fa-cc14c79e5d6b	126	204	57	12	without
e78e3310-1602-4ab4-afdf-818b60817228	126	204	57	12	,
021b78c9-89be-4132-9d7f-827d2a36ac95	185	204	45	12	363
12831a79-9492-44b5-91f5-3f68a55d1b22	185	204	45	12	-
f5b481d1-e3bf-4012-93fa-0664ee678893	185	204	45	12	5
bedd156b-d77e-4adb-a1f2-469101045ba0	185	204	45	12	;
8a4cd1b3-03cf-4e6a-8eaf-4a2db3f27f02	231	204	57	12	attempt
d226cdd0-19a3-4266-b772-21ffe80c5426	290	204	16	12	to
990d3dab-8c91-415e-9b49-82c506943d56	308	204	49	12	restore
8c350e3a-7863-445d-924f-17bb55c0f694	80	216	42	26	Timo
af4c719b-2ddb-4841-949b-eb880a25070b	80	216	42	26	,
8bc1d819-ad54-4fc5-9a38-83769c0a5fb3	125	216	41	26	Neph
29bf3d58-4c7b-45c7-b90b-23270cc5a0e0	164	216	46	14	364
ba149d81-6fc9-4c4b-b31a-70cb3d49fcca	164	216	46	14	-
be1ae6d6-8223-48dd-8077-538a8d661ad6	164	216	46	14	9
80f4598d-8df4-4b1f-ac68-d1961f56a3f8	164	216	46	14	.
34e3a555-d2c3-46c2-9849-2b4f9e8dc814	366	190	49	26	When
8e9d14b0-6c23-4441-b751-2f85b34a2ad1	366	190	49	26	,
0f952d9a-5c92-4054-b2bf-27487e27bc2f	418	190	16	26	8
a185d563-cbaf-4a73-92fa-31ae046434a9	418	190	16	26	,
f54bb8f1-185e-4702-84a9-b60600cbb8b7	437	190	23	26	2nd
2be15a80-4b72-4402-ac32-3f7a3251ad69	463	190	58	26	frailties
fec31398-6893-476f-b1e6-893536f61584	525	190	23	26	and
cab9fbeb-9296-4588-a7f3-e80cf24b97eb	551	190	78	26	foolishness
943bb640-d61c-48af-9907-f3ad99c2158d	632	190	16	26	of
b64a6780-97b1-43b3-9e52-388f50630a82	370	214	48	16	Valley
43542b31-c622-4a92-8663-16fb8b84c448	370	214	48	16	,
505ba7dd-6775-4794-bb47-7c5792bee366	420	214	16	16	of
979a4e7e-ed0f-4752-9c36-60d10132eb42	438	214	50	16	Gidcon
34e7a41d-fa38-4892-8b24-657907d50736	438	214	50	16	,
8e9f18cc-02dc-44d8-b5f9-99ca24b1554c	490	214	32	16	etc
0b48b9f9-5097-46cd-8fb6-34f97455ec04	490	214	32	16	.,
2e627fd2-8326-4415-96f9-7856792b6b98	524	214	22	16	ace
ca9679e8-bdaf-45bd-af3c-eea79f167eed	548	214	52	16	Gideon
ce22cdfe-5dd5-435d-b1cd-49cbf5369164	548	214	52	16	,
b0b3c5a2-b050-4f6d-ab64-406870263658	602	214	44	16	valley
0be1067d-28ca-47c7-b3d4-24cc25ceadb4	132	228	52	12	Nephite
b9795d93-47e9-4ee9-8088-626282dedf26	92	240	36	12	after
11c2c148-5e5c-4d33-a755-af46bcf27a92	130	240	57	12	Christ's
a7418d4b-315d-4d36-9b91-8a66ceb62eaa	188	240	40	12	birth
ea689937-02b2-486d-b95a-9a23c1093624	188	240	40	12	,
067b3b17-4d85-4a34-9fca-8c455fdef33d	78	252	45	28	Thron
833ae178-26e6-448a-99ba-62a7a0e19c51	127	252	29	28	the
ab5a09d5-d81d-4f9f-9877-5ed609b1492f	188	228	42	24	birck
98004298-fb0d-4ecd-8342-8bc283c76a96	188	228	42	24	,
edaf26cb-1ecf-4767-a7aa-079d870c5831	233	228	39	24	4028
c2f25d16-ded7-45c0-b868-e3b8c7126fcb	233	228	39	24	.
a1eea66c-8ec6-4db9-ae1f-b3251e382078	266	225	28	17	of
2e31b8e8-50b1-49b3-b2b8-0f25ee82c7d9	266	225	28	17	,
95d2319f-d5e9-4785-91c4-862cdfd469c8	296	226	60	17	changed
2b792edc-7bf7-4c26-a89a-9c1d7bba5dc3	378	226	24	16	of
b6449b42-42a7-4b31-b54c-6625be05095a	378	226	24	16	,
c4b315e2-c1fa-4870-a178-465aa56a7582	404	226	26	16	etc
a19ddd3f-d529-4228-bd16-d5f6e3a9392e	404	226	26	16	.
678d8cd0-dce9-4b57-8cc5-f4a93182e712	148	252	68	14	grandson
55ce6f0c-729b-4dcc-921d-b5700f2acb42	418	240	19	12	of
e9e3706d-fe83-43ae-8e89-d207a570e096	439	240	69	12	darkness
006ae417-abc2-4da3-801b-1dd2a38b725b	439	240	69	12	,
a966dbd5-0468-4d15-bcde-1af945ac15e3	510	240	45	12	Israel
828b88c8-f0f1-465b-8eb0-443b16352c90	556	240	18	12	to
85cc5c50-ce28-4f52-ba1a-644574774b0f	576	240	21	12	be
e5afea1e-7ddb-4366-8fff-4d427cc50f50	598	240	48	12	visited
30ffe326-4357-453b-a279-795d771b54dd	90	264	36	12	from
328228e3-7d72-4545-86af-a955efeacc4c	158	264	35	14	dead
81e49979-91f8-47ed-8fec-2c205f2e0804	195	264	21	14	by
6a204034-61f4-4d5a-90eb-676febf9abef	216	251	25	28	of
1926d3bf-617c-4b54-85f6-c2b56c395539	216	251	25	28	.
a18ff513-a5eb-4360-b5b0-97f64c0fa3e1	244	250	60	29	borner
d9df8956-9ea0-4fec-88e1-90a77b650054	244	250	60	29	,
414cf4ac-ae50-4e8e-aad0-359f261fe965	307	249	51	29	Nephil
33e95798-4266-4cb0-b7b7-d2c66109449f	218	264	28	12	his
fff899e8-5228-4fea-9155-43e146140554	248	264	52	12	brother
76e85b6f-33f8-4720-b0e8-c737d8f861bd	422	252	40	12	42
95820107-7f2e-4a75-9e5b-04d321602b29	422	252	40	12	-
63cda922-f176-4428-86a9-38700b70a001	422	252	40	12	11
1fe4184c-0976-4ffe-8b60-92dac0c9ce4b	422	252	40	12	,
9b6967ea-b6b0-4663-b831-196d34d5b131	464	252	38	10	48
36ea4bc9-2069-4390-b929-083e1ac998d0	464	252	38	10	-
c4c3ff0c-b87c-4eae-bea9-58ba86e544bf	464	252	38	10	18
878c5abb-49a8-4aa4-a4da-7c8e7d85b125	464	252	38	10	.
b449ba84-b034-4570-a0ca-af7c9e81135a	398	266	42	14	ablone
fbb4c498-6441-4ef4-b035-96565ad5aa88	278	274	48	16	437
7366114d-1cf1-40d2-971e-63e1eb126cbd	278	274	48	16	-
a86f4a51-c09a-4bc0-b913-36b2e3a1300a	278	274	48	16	4
aaab823a-5c40-4b38-a820-29929f4bcb51	278	274	48	16	.
3614b8e9-db58-4628-b507-502856f705fe	382	290	18	10	20
b0df491d-071c-4d76-b183-7680a7b3fb11	382	290	18	10	;
25d357f3-5ab7-401e-9701-fef133d1eb79	404	262	40	40	bro
3b90966c-7dc0-4452-8c36-39f267b0f58d	449	262	15	40	i
a577febc-0c14-45e3-b506-6f4c0a8abf23	469	262	35	40	in
84faca50-412c-4dee-b7be-483e76f11b64	509	262	50	40	1021
b88bfd9c-c12f-4029-970b-282a83dd570a	509	262	50	40	,
59c0b70a-13a4-4a99-a13f-9917e81291c8	564	262	25	40	8
052529cd-5d20-4940-b18f-30dc6537fc88	564	262	25	40	:
24b6a802-4828-4e1f-b7ae-bb34a7507c03	594	262	54	40	5,03
0e450431-7007-466b-b00b-52e699e74a33	594	262	54	40	.
5fdef675-78d6-4f54-9900-703f882f9231	276	300	46	16	447
88ad5f4b-a51a-4e60-a18b-53695d01f1a1	276	300	46	16	-
065d46cf-2d2e-47b5-b9ae-0a06574ff024	276	300	46	16	8
3af3b117-0bd6-4244-b119-1cbcd41abb41	276	300	46	16	,
b6fd2816-9a89-44f6-bac3-3f3450d2f6ec	382	300	24	10	492
5141d3f9-3670-4615-837d-036555927cc1	382	300	24	10	.
b110f81a-5879-479e-9d73-a44c4ec75517	264	310	60	21	Moroni
c50454f2-e25a-4456-ba82-c282507674ae	264	310	60	21	,
10d37eb8-ca6a-4377-a351-f0d0c48f31e8	326	309	32	20	310
e12b8bab-9703-4c88-89cc-773c0eb162bc	326	309	32	20	-
0855a83f-659a-4627-bd1c-fd1378c03559	406	290	26	34	22
e22b362a-6e07-4404-bea5-9c4eb9e40ffa	406	290	26	34	:
1ec371e9-94cd-40e4-ac4d-2f8dd093fdc5	436	290	47	34	49
82bb53ba-423d-4004-9998-68ba9a8fd83d	436	290	47	34	-
b28da7b7-c47a-4000-8825-59e792c10c34	436	290	47	34	2
739c3f1d-358f-4c47-abf9-7f9d9599fd43	487	290	43	34	word
7bbffe76-a138-4b91-9bed-257576f6c9e4	533	290	25	34	sa
25e39493-933c-409f-99fa-ac518bec79ce	538	288	28	14	сту
5ae93316-af82-4048-8d22-9f56ef90b4ea	568	288	28	14	for
f01fcdce-12c1-481b-8a1e-4e07dd269309	568	288	28	14	,
24a34e9b-4662-408c-9005-8ecb1dc2f6db	597	288	49	14	196
93c119c1-21d8-44e4-8e0d-88d7388433ea	597	288	49	14	-
df1cb254-4479-4f83-a867-4877b902b5f1	597	288	49	14	13
f5f1b565-69d0-4356-8bef-5a1372078cb5	597	288	49	14	,
92ebf7ce-3872-45fc-a20d-485b876174d1	366	308	73	35	V351.241
66ef7887-07c3-4240-a731-0ef3db5a5c05	80	350	60	24	Tonosed
effdd7b6-1621-45e4-bcec-b2f4b3f00aa5	80	350	60	24	,
552060a6-e044-4a07-a597-3a56fd734f13	143	350	66	24	449
0c48a366-6052-471c-806a-3ad8a64dc073	143	350	66	24	-
d711f50f-0878-426b-9c54-599aede20db0	143	350	66	24	1401
32c83299-0893-4831-a105-37688b664614	143	350	66	24	,
dabb33e5-1f1d-47f0-8e19-868487fa3241	212	350	57	24	217
03fd0c80-1738-4f32-8fef-79717234a0d9	212	350	57	24	-
8e992ce2-c4ac-4717-8ed7-01ea8e6e2ba9	212	350	57	24	23
a6fb8bf8-5da2-4b52-85df-fdadffe6c03d	212	350	57	24	;
52f5810e-3ded-498a-98eb-cf7b615e6c68	272	350	21	24	of
e6256138-0bd4-4d43-a59e-31761778b1f7	296	350	58	24	children
0e0933f3-a824-418b-b8e9-688642fd9936	380	338	52	12	chosen
22999af4-6913-4a5c-adf1-6c63f7a17f2f	380	338	52	12	,
8cd403b2-97e2-4df9-a9c4-3a124b4d4e14	380	350	42	12	called
711de377-b5b1-4e5e-afcf-e87785a7ce28	432	326	54	24	211.10
772e80ec-eea3-4d60-9554-9a2b82748c71	528	314	68	12	cleansed
af8a8c2b-50e5-4779-895e-d849925cbe19	528	314	68	12	,
95bdeeac-12e9-4018-9f9a-7d8a75e473d0	598	312	50	14	350
e24af584-441e-4704-b68d-83d4b17aef62	598	312	50	14	-
5149944a-60d1-4817-bfff-da133dff74e2	598	312	50	14	23
a889b718-d1d2-4296-8a6a-63f37ac05f3e	598	312	50	14	,
2ab75752-ec4b-40de-8e17-8d44190702b5	620	324	26	14	and
c9f0f7f3-e459-4f13-b2e5-5a4222ee2d94	422	350	60	14	chosen
aa299a05-865e-482e-bd2d-60323e82e948	422	350	60	14	,
33114faf-28a4-41c7-860c-10b24d4789a1	480	348	50	14	514
f5cb4377-84ac-4adf-8301-b8d49f487fed	480	348	50	14	-
5868fe6e-750c-4ead-900f-4183caba87d4	480	348	50	14	31
685ce378-4200-42bd-8e0a-dab740070e26	480	348	50	14	.
ec995299-bfdb-446e-896b-9ba0b2bb1cf0	80	376	44	12	Tools
516a50de-131c-4408-a7fa-a8c9fcb2a800	80	376	44	12	,
4e01d743-7f4a-4121-a184-7740733d946b	524	362	24	14	be
a127479d-c18e-4421-a215-dba1fb3f5f0e	178	374	40	12	finds
62800d36-7322-4b40-95fc-4a4b109588f0	216	374	30	16	ore
c4f326d1-2dbb-493d-9221-e24cfa83530d	248	374	20	16	to
8d8da662-5067-4d39-baf0-656b2abc0ba6	270	374	52	16	make
d86c8cca-3940-4f05-bef3-d964adee2261	270	374	52	16	,
157989da-5e31-47f6-8e98-81054d61eefd	92	374	45	28	song
3ff273b1-62e6-4906-8755-2d6608246d7f	141	374	73	28	pephia
b1ac8024-28be-46da-82f7-30dc63e55f34	141	374	73	28	,
ad65d6ee-76c4-441e-9d3d-664c2d76b6fe	218	374	45	28	08
71268476-bce1-48fb-8cbc-b88269ba7063	218	374	45	28	-
5fadeed4-c9bf-43a1-8393-073d4a2986d6	218	374	45	28	8
1844f3e7-93d9-4590-8cea-eb7305db87a0	218	374	45	28	,
10e48218-dbc5-456a-88aa-ce5cffca8fb2	267	374	49	28	make
9bf043ed-19d4-4476-9798-e812ba1e0bb2	319	374	37	28	Jare
c8bb23db-0036-4eb5-89bc-eff5e058d2af	319	374	37	28	:
b5d159b9-2dff-4bcf-b7b9-b1bc4261a4d4	442	374	60	16	441
432372b7-b0ff-4a85-8b1d-6053a686c63a	442	374	60	16	-
686906a7-cf67-4c12-a247-afabba971749	442	374	60	16	41
b083785d-a980-4496-9691-03e513d316bc	442	374	60	16	:
b43c2b3c-778a-4b2c-980f-dc93940bd128	564	374	26	14	sce
1f37fa33-a2ca-4696-aee6-c8ca3129e342	592	374	54	15	Barges
0c2e3233-48f9-4993-b843-809be29f53d3	592	374	54	15	.
38029a06-cc38-4133-ae43-9de49111a1d4	90	398	42	18	dites
6ee6b467-1faf-4a84-93c0-aff10630f343	90	398	42	18	,
f4d656a7-881e-46c2-956a-c5cef38fc3b1	370	386	57	12	Victory
5eb2dc4b-d3fa-4ea7-b9b1-72f8f0bac8d1	370	386	57	12	,
7767a704-1d33-413e-ad63-7e2d297e9d6c	429	386	51	12	thanks
3b9a515e-72f1-4199-9453-bdad68b11ea7	481	386	18	12	to
5eb84295-bf24-4496-a6f1-8643ae5644a6	501	386	28	12	God
c48431bc-2cdb-4c31-8f3e-b33ac0142cb1	562	386	51	12	347
d98493c2-871c-4658-b9a2-4dae604484ad	562	386	51	12	-
2669b872-2142-4986-8779-0cfa3e711b2e	562	386	51	12	33
734d77c6-5424-4f98-888f-ef6c28dd23ec	562	386	51	12	:
3e433c7b-ac71-4512-a74d-185496495fc7	615	386	32	12	0vC
b9a2962f-00fd-44b4-b2ec-f2d7bd35f0ed	80	412	32	26	-
f32e25ea-206c-401d-925f-9ecf74408868	80	412	32	26	03
1a97bf2f-e128-4c7a-a78e-d4b4820660d5	80	412	32	26	,
78695a36-bcc2-4ba4-a3b7-52643e446a34	116	412	49	26	122
3fa99ec3-be6c-4e1b-99a7-1a5b284b510b	116	412	49	26	-
b0f7159c-a000-4d1c-983f-1e00270fa194	116	412	49	26	0
45ffad55-ed44-4ed6-97d1-6ce1b108a2b5	116	412	49	26	,
0a37661b-26fa-44f6-868e-9cddc306c37a	168	412	26	26	144
aac7d393-3554-4f90-811a-963a00c428b4	197	412	6	26	2
82f1ca21-6708-40cc-9050-9ffc0ecdc572	207	412	10	26	5
403d4067-a552-4658-8f8c-558094358f3e	207	412	10	26	,
1bb451b2-919b-4fe5-a6de-06375528fa31	220	412	46	26	22559
25371f94-e44a-4f98-9fcb-33f9dd6a6502	206	410	48	16	nature
b682d113-45ab-4484-add0-4c73e56b8b5c	256	410	22	16	of
db5ec609-aac4-46bf-b657-fc5c3f8f1f65	256	410	22	16	,
1fd97946-a4e9-4cbe-8d4a-494f58c1f35c	280	410	44	16	68
d9e5483b-93d9-4bf4-a921-0d4b525ad2f7	280	410	44	16	-
a947abbd-7ed1-4e00-9070-102cb30fbab2	280	410	44	16	19
55bdfebd-3eeb-4711-9d14-d2701aab6b09	280	410	44	16	,
a8608fdd-0629-47b8-b8a7-7ed05ca1a8f5	326	410	32	16	100
ae70e47a-88d9-4b2a-9f7f-d7857b87b89c	326	410	32	16	-
01ba30a4-f5bb-4a1d-ba35-67b2d3e528c7	474	398	49	22	grave
7082a061-ac04-4010-811b-5f21161f2a0e	474	398	49	22	,
e77a39cc-6b75-4174-9f77-02961259fd3f	526	398	42	22	163
3b48f8b5-9742-4880-b593-d264eb93ed9c	526	398	42	22	-
02a0fd49-abd7-4f3b-9ae8-b32b16ae920a	526	398	42	22	8
308f1d85-fa69-4e63-8894-535800367414	526	398	42	22	,
a674a914-f1c1-4203-95f5-f2317bae6eb6	570	398	46	12	165
d61e254d-1ed3-4eba-bade-c27b87ed439b	570	398	46	12	-
339afc8d-e3dc-428d-b93d-c1988f72d85a	570	398	46	12	8
b1fa9f98-2984-48b1-88d2-dca0d1a10ca2	570	398	46	12	.
996520a1-c295-44eb-9671-cbd2f1d4045f	614	398	30	12	253
b4422c10-3f4b-4e1e-b843-0e2345de5cf7	614	398	30	12	-
41d54ce3-62fb-4258-b988-d7b49433bc1a	368	422	70	14	Vineyard
a746d740-caab-49a3-86af-62705f1b58aa	368	422	70	14	,
7f94b00d-43ab-4619-be7a-02056f9e0d5b	492	410	6	12	:
63d78718-e2ff-492b-a41e-7377e245568f	500	410	32	12	over
eaa77e0a-1fe1-4b1c-9ece-ddc2e8d82c36	533	410	24	12	the
e1ec2a48-e915-477a-baae-e7590cddc727	558	410	39	12	devil
7253c392-630f-4310-802b-bfc959b370bc	558	410	39	12	,
b52c18ae-3f3a-4a11-aa05-173fb9b958a7	598	410	47	12	236
271b99e5-1970-486e-92c7-65f3b3bc9f4c	599	410	47	12	-
8ac09e75-fb1c-4a92-80df-30dfb1641fa4	598	410	47	12	21
d84f0473-37df-44cd-a3bf-9fb0a8cd9698	599	410	47	12	.
57987677-3919-4fa4-9ffb-faff0b5bff70	502	422	17	14	of
afbd5c88-fcd8-4039-97df-e0c5c1638216	521	422	26	14	the
7c96b46f-9f26-4252-93fe-ca609fe138b8	549	422	35	14	Lord
19f79fff-f0f0-4484-9414-e8736ac2011a	586	422	18	14	to
9105642c-7d8f-4409-8ffd-b769180b23a6	380	426	26	24	his
285da6aa-dd8e-4a5d-9e6e-2a911b300915	380	426	26	24	,
ca6303bc-6e2b-4d65-ae19-33038a3b41f7	409	426	40	23	122
2e9f9d96-dbd7-4be5-aec4-8da1cdfa78ba	409	426	40	23	-
542d7971-953b-452b-93c1-6232ca6ccf4f	409	426	40	23	2
824c6a23-5ff9-4b8c-a3e0-c558a7123831	409	426	40	23	;
d3861009-c51e-4a1e-902e-8d38f29f3ef8	452	425	49	23	planted
3d969b95-5f99-49b8-895c-817e5bcb02eb	503	425	17	23	by
f6d1cab6-0150-46f7-9ee6-9fa087027ce5	524	425	32	23	king
36002d5b-4f04-40c8-aff1-54f60c5644c2	558	424	40	23	Noah
56d8e4d3-f8c1-4a03-bb3b-9ecd2a306d35	558	424	40	23	,
8f678e53-4af8-455f-84ea-e19458d7082b	601	424	45	24	155
382b280c-a981-48bf-b9ef-b151ef900795	601	424	45	24	-
0bfe7d56-6c5a-4c7b-be99-a2d15d573594	601	424	45	24	15
c0a6034a-45b8-4d28-ac5e-d4c26534c98f	601	424	45	24	.
85cf9aaf-f6ce-46ab-9623-cb45618a999d	90	445	26	30	cien
038bf306-1497-45ab-ae74-6151f8035e52	120	445	15	30	7
96e63185-bccb-4466-9491-06669547c291	139	446	30	30	nigh
6d96448e-1ed4-426d-87e5-3de6de60f430	172	446	15	30	to
0cf62d36-f2ad-40d2-aaaf-012b35faebf9	191	446	38	30	teach
2822e420-3dce-4b10-8b87-f08cb9a55024	232	446	15	30	to
b1749950-d796-4b19-bc6d-39c2141f3731	251	446	53	30	heaven
1335520e-76f6-45dc-ab5d-304947755827	251	446	53	30	,
3ba47f73-47aa-4b7f-98b7-9fcb3fb6fa77	307	446	49	30	173.28
004dab4e-e791-4545-9bb4-02025d3a9755	307	446	49	30	;
a9839cea-d4c0-45a3-95d0-c6bc5c8ea1c3	420	446	34	16	the
a2c75225-48ce-435e-9211-6ba4656931ad	420	446	34	16	,
45b926bc-78de-432a-ad75-e2784fba3d58	456	446	56	28	313
5e2d71c7-2470-4965-8b7a-8db44da2a174	456	446	56	28	%
3d2fb5d7-ab8c-4d44-8d13-5cbd48d3d130	515	446	35	28	Been
4296fd65-0c58-4a30-90e5-6688a70f0e6a	554	446	21	28	in
0b75dfa0-ec68-4003-bccc-5dc902399c98	578	446	49	28	vision
3324a19e-2092-4838-8483-59b3978b813e	631	446	17	28	of
4c489cd9-77d1-48b3-b3e9-f4ed331d0acf	370	470	52	14	Virtua
fffe9b4e-b4d2-4419-982e-c52cc63df18e	370	470	52	14	,
2a5f1e5e-6621-4482-9dd5-a7c39a293df5	460	472	42	12	above
9c6eec1a-aa12-49ae-ae03-560642da02e6	503	472	21	12	all
9b096850-1a45-44ae-ad6a-e2bc85342804	526	472	53	12	things
1007140f-e4fa-468d-961b-ffe4e5fab1a8	526	472	53	12	,
2993b3b6-b053-45d9-a583-819c097bec2a	580	472	42	12	518
9ce63456-ba4c-4e7d-9df1-e06a0c72ff53	580	472	42	12	-
73eedf3c-2aa2-4643-97ce-875240c2320e	580	472	42	12	9
846eb7b0-82f1-4b6e-bf00-0552e5a85dc2	580	472	42	12	.
23f8cce0-4356-4436-82cc-62bb108f29b2	368	482	52	18	Visage
d1e2f7cf-e665-4b17-8a59-9bbff5917d33	368	482	52	18	,
eccdc295-690b-4772-9f51-f8abfb1b95b8	382	496	50	12	marred
3b58afa8-c699-4a7c-9be7-c0cb20880cf6	382	496	50	12	,
94ec370d-9a39-4525-ab00-264040617ec8	486	482	49	14	Lord'a
a74800e7-bd3b-41f6-8dfb-b84179b00645	537	482	66	14	servants
9a78ee8f-652f-4e73-8f1c-c9945e5d491a	605	482	23	14	to
bba8d523-f24b-40c3-ad8f-fd7e829863a4	629	482	17	14	be
8d944879-8287-4b65-bbba-9fa2af357411	282	496	21	14	in
69c9d7af-4d07-494b-8bdc-185a6896b12f	305	496	53	14	garden
1a580bc6-fe62-430e-80f4-ffa04883d8ee	305	496	53	14	,
5edb181e-79f5-4f15-898a-5a6a3c309f8d	90	508	50	16	377
a4ebaa28-ad5d-4955-8e51-9d1f16f63e54	90	508	50	16	-
a72a52ef-a6ff-4222-bdee-b25f63ad4339	90	508	50	16	10
8426e6a3-0f76-43f9-a2bd-a24ed31d2211	90	508	50	16	.
e190680f-cc66-4fe7-b2ce-2a370fe633da	370	508	48	16	Vision
40961f09-fed8-4190-81d5-bf88b74d5339	370	508	48	16	,
c4da31e0-6ab2-4707-9769-bba42774d8a1	82	522	57	12	Towers
049259dd-eb10-4231-945d-10d5f413eab6	82	522	57	12	,
e7e037f1-6620-436f-9f9a-267d367ece99	141	522	56	12	erected
dde210cf-14a3-4ec3-b852-5e05cfdc3bc4	198	522	25	12	by
a1f94cc5-971c-4d1d-9f51-5c74b0937c24	225	522	54	12	Moroni
12e67f60-5fbc-4348-9bb5-e76ad9253ad8	280	522	22	12	as
f97c5917-83be-4abe-81aa-acaa4d2030a6	304	522	36	12	part
abffd796-a5a8-4c96-b511-f1a4ac7bb4ee	342	522	16	12	of
e370ca0e-ba72-4a75-8ebc-b4ebe95d3c67	380	520	50	16	Nephi
fd940bb3-c488-47a4-ae03-3bb4ee010fef	380	520	50	16	,
db00a783-b53d-49c0-93ee-f7b109f9ad9a	428	510	39	24	174
1708741a-6f71-453c-8d8b-ba7f1fe541eb	428	510	39	24	;
bbb2df72-3327-4ae7-91b1-21ad28592afb	470	510	15	24	of
42557007-f3d1-440d-b9ca-bedd6a4b5861	488	510	58	24	Amulek
0b9a23fc-bcf2-45b5-b1bf-0d503a7089b5	488	510	58	24	,
eec0c09d-5064-4d90-a023-0358038911cc	486	508	28	14	2
6f5e6697-1a59-4e9c-a383-22985f494b67	486	508	28	14	-
af9e6b15-1fb3-4128-903a-a443fd9de37a	486	508	28	14	8
61f7f8e8-0c87-41b1-87a1-a7ccb9dae094	486	508	28	14	,
9c5297dd-6236-41b1-a29f-fd9854e25b8b	516	508	31	14	9
abd64b24-7994-4169-b0f5-8c03beffc148	516	508	31	14	-
a6a38229-9c9d-4f7f-a3d1-3b2d6afa193c	516	508	31	14	4
3bb1ce8f-5b2a-4cbd-a0c9-abaefb3a4b34	516	508	31	14	,
5d403cbf-56bd-4e03-ab99-3090355d8e0a	549	508	37	14	13
8478318f-4fa2-4724-88c5-ae7b3281f5c1	549	508	37	14	-
0a9fc679-d2c9-4cad-a4f3-93d40aced1e3	549	508	37	14	2
a7a25187-ba06-4fd1-a7b4-d4b7eda764e6	549	508	37	14	,
b1ad233d-acd7-4ff2-a306-4e672ac840b4	546	506	56	30	133.20
a0b37820-39e0-4dc9-8e16-2788bc35a1bd	546	506	56	30	,
53c45cc0-750b-4fae-ab52-45a419f47350	606	506	42	30	215
2528f450-475b-4636-975e-47181a12772b	606	506	42	30	.%
3d4567ba-7544-47de-a3a2-f0cbb2e6827c	92	534	87	12	fortification
48a5d842-5dc4-441b-a34a-72c3c325fb37	92	534	87	12	,
a6656e69-8a84-4a43-a5c0-5ef7042b6c1b	180	534	43	12	321
793e7c38-3c4e-4e9f-882d-2de837b1d62e	181	534	43	12	-
1dd9f3f2-b277-4b0e-aed3-f86901493aeb	181	534	43	12	4
ad9ee5ed-9644-4e8f-9f6e-e50ddc14ca4b	181	534	43	12	.
5c974f7b-a002-43d7-a938-cfbd702f7eae	378	532	20	16	of
8debc3d8-028f-4ae8-978d-f7aed8c5b89f	400	532	26	16	the
86ff3a84-6f8e-4c74-b07f-a7df2ff44238	78	546	80	16	Traditions
15790071-5966-409a-a942-43d89b678d87	78	546	80	16	,
e4089ebc-419f-44a1-9e98-722e12c36f42	92	560	47	22	134
b6cf147c-4817-4d62-92bc-6ba90b2f7350	92	560	47	22	-
49136e7c-a29d-49e8-9197-bb2fd24762ec	92	560	47	22	507
0f0e9254-9a5f-44a6-9cb8-c3a96b5de09a	141	560	65	22	baseness
9103a95a-a262-45fe-a1b6-aa92cab82684	152	546	55	26	126
91a41a6a-3149-4cb5-b75b-9617637d8a41	152	546	55	26	-
5f717859-783d-4692-b28b-914dbe7557b6	152	546	55	26	14
6faf936a-d717-439e-81c1-1db704fdaa2a	152	546	55	26	;
92593755-0ea5-4f2d-b3de-f1507a28c4ce	210	546	75	26	Lamanite
d640a6d7-ddb8-4b76-b8a5-2a7c351d4f18	210	546	75	26	,
5875768b-c46c-449c-9969-c46b2511c987	288	546	68	26	correc
549faafe-0ac0-4e5b-8f3d-a2039acba414	380	544	34	16	edge
54a3c7cf-da79-4ec1-8a8c-08c6b4343ff1	416	544	42	16	given
7699a1bc-0249-4b9c-915b-6e6222308200	460	544	62	16	through
e44bcdfb-0101-404c-bf30-10d23fc55606	460	544	62	16	,
92476e9e-c099-4e61-836a-5598b27358c7	424	532	30	24	yeh
c9984efe-7a17-44f2-85e2-3a439897b840	457	532	15	24	er
29d62732-164e-4dec-9542-d54872af9a2e	475	532	18	24	oo
de4a6e06-f2b0-4d84-be06-16e2f3b38af2	496	532	45	24	Abish
af68d948-fec4-4d69-b1e5-9677489307fc	496	532	45	24	,
fe6ebb6b-d8d7-467a-99de-c18b4b76e5ff	544	531	16	24	23
5585af43-e520-406e-b94b-fcc3b65a8fa5	542	532	54	16	245
ba85a76e-20d3-4937-ab5f-e34109d8fd57	542	532	54	16	-
592d461e-b89c-4149-aa5c-d93d25f95ae5	542	532	54	16	16
50c35612-3cbe-41e0-af02-3edc2ba7d5c6	542	532	54	16	;
f8039330-8df4-411f-ba2d-8117efa1bbe8	598	532	48	16	knowl
f0a8b8f5-7d2f-48b5-8ee0-abd9828bd6f7	598	532	48	16	-
1f18613d-d440-4762-b305-bda127c260c7	290	555	70	15	incorrect
e7900a78-04ee-45a7-89a8-7a3d0bbf1a89	290	555	70	15	,
84254f80-634e-4a11-a7b6-ad33f8e44c7c	368	556	74	18	Visionary
ea56d876-4f26-43d7-94a8-57f92e2f4d7a	368	556	74	18	.
e1c2e364-c923-42b2-9f97-cef6f6e2b799	314	570	46	14	237
b1769d4b-dbfe-47eb-ac4e-0db663e7f23f	314	570	46	14	-
b3cb3ccb-c7b5-4bc1-925a-5c00e9c44590	314	570	46	14	9
2a97e4bf-58ab-414d-9b0a-f1dd63a0ea49	314	570	46	14	;
b09a6a3e-ed3c-40d1-93f0-9b35f8c4ae83	90	582	122	28	prophenti
55597c55-f924-4a23-bab4-c5e83b7a6562	90	582	122	28	-
8d90026c-0bf8-4e8a-970b-617515d3541c	90	582	122	28	Christ
0c4ac3a6-c3c7-4405-a5af-50a3b6a3f601	90	582	122	28	,
94c32319-deda-411c-ab10-c393a23e29f9	236	570	30	24	liam
0afae894-583d-4706-8b4a-57f870691d85	269	570	24	24	bit
a39a79ce-62d9-4e90-a456-7873094acce5	296	570	62	24	Korinor
de8570f6-a1fd-4199-a2b9-bf11b4fbdfc5	296	570	62	24	,
b0e9cde6-a366-4a40-a343-677c8400d841	92	606	46	14	wicked
c039c39b-256b-443a-8f22-d51096c2815f	172	582	42	24	riled
b8b7176f-7bc0-4a25-9c0f-bad1041f9f37	217	582	51	24	269
9febddcb-30d1-4ee1-80e2-c133eeb61564	217	582	51	24	-
571f88d6-5cd4-431b-bf2b-a6ec84f4faf7	217	582	51	24	17
98dd7032-bf24-4651-9dec-80241efc007f	271	582	18	24	by
613b7914-b4eb-4afb-b733-2ce04a4a277f	292	582	66	24	Leanine
15941aeb-470c-47cf-88c7-b32792afaca4	292	582	66	24	,
9a2542f0-c144-4d6f-9765-b1864e94c574	224	596	50	10	269
601854be-c240-44dd-b392-2b2f5e205826	224	596	50	10	-
4d769b0d-c654-4511-9f2a-abd055847aaa	224	596	50	10	14
3975fa4d-3326-4596-b757-e44520ad5eda	224	596	50	10	;
d6f21714-cd72-4628-9920-0444713eebed	144	604	30	16	and
8718a2f3-f183-4330-9e66-7c9fbc3909a3	176	604	86	16	abominable
12923743-295d-4535-960e-c4a68da447bf	176	604	86	16	,
4682f692-8156-4169-91b6-cc3bae12cf98	264	604	36	16	396
9e9f6fe1-cc0f-45cc-87c6-a62015290463	264	604	36	16	-
18f498d0-0b51-4955-9bd5-1bd1454e3514	264	604	36	16	7
e13aa784-3476-4e12-a9e6-e4a166ce32c9	80	618	50	12	Transf
ba95909f-3d5d-411d-8221-0711f79e9142	198	617	67	19	sceming
5a09c69b-334c-4b58-87cd-66e7dbba9dc1	198	617	67	19	,
f8d3c04d-2ca4-4a5b-b945-b04577b686f5	266	616	21	17	of
84a0096f-5b22-4a85-90fd-ab8009f5b664	288	615	29	17	the
79e81339-8bf8-4d94-b143-57669de30b31	318	614	43	18	three
446870d2-0ce5-4298-9054-74aef7b9da6f	92	630	64	16	disciples
94b3a42f-3186-4523-90ca-35573c8e616b	92	630	64	16	,
daeaa015-5240-467f-8065-ec385727bb2e	158	630	48	16	453
65184b47-2b99-4599-a143-466736303da4	158	630	48	16	-
efe12d14-699d-486a-9c1e-82059b4e5015	158	630	48	16	15
67b27abd-0d8e-49f9-99bc-d91c44b2a665	158	630	48	16	.
e45bad5a-3e97-4f6d-8592-7598517ef29b	78	642	40	16	Trans
3cb8b61c-b6a5-422e-92d7-bb335ca1168d	93	649	46	27	among
6884aae2-a0da-40d4-a116-9e13aa416e2c	139	646	27	24	the
60f34afe-f9bf-4f48-bc1d-aed5cfdbcc9b	166	642	39	26	Neit
fa9c3ff1-1cae-4306-9a35-18031bbd58a0	210	642	28	16	of
be1c3e34-412c-410b-a928-0381623ec03c	210	642	28	16	,
08366847-e3b2-48be-88b5-856446925801	240	642	58	16	151
7c309711-b26c-44de-b023-82027872185a	240	642	58	16	-
7b7c7142-ecb7-4820-9f03-6c233e0c8ceb	240	642	58	16	13
24dd6eb2-c08a-42c3-a186-41ee288c7be2	240	642	58	16	;
c5a571bd-7679-46a0-9ada-637949df7c82	300	642	36	16	gift
48514c1d-b29d-494d-ba3f-cb45c2f46085	338	642	22	16	of
06a6c8ba-d589-42d7-901f-d0f5a9b01acc	338	642	22	16	,
145e7652-1a3d-4f91-9947-b92f1557f014	180	656	56	14	ephites
3972a284-b946-4994-b63e-6ecb61658f6c	180	656	56	14	,
8073766e-a127-4193-bdb0-123c8cf45470	238	656	46	14	217
1bdcf331-be3a-4905-aea2-c511cb10ba2c	238	656	46	14	-
f19b4a7c-2907-4a79-889f-954fb18f682a	238	656	46	14	21
0afd4c9b-912f-4d40-bdf7-d08758a65962	238	656	46	14	.
d36ed35a-d51a-4678-9200-8b0fa6c7d15c	82	668	65	16	Traveler
bfad4468-f387-44d4-9bfc-5453c026a156	82	668	65	16	,
7f31437d-14e7-45f6-813d-61b59f442338	148	667	39	14	none
5e5c9393-2946-4f3c-b1c1-09c39437014b	189	667	30	14	can
2b365b7d-5371-4e6b-97f3-e5480b15377f	220	666	51	15	return
b36bcefe-8a69-48a7-8fff-73fd3ea43685	273	666	37	14	from
b74fa5e5-a72e-49df-98a3-e94f0a621e9d	311	665	47	16	grave
1b03acb7-9221-40f6-9321-bd83dab70ae4	311	665	47	15	,
3d0752f9-4bbb-4e3e-89f8-a4a88dbe4931	92	750	22	30	2
7687e48b-881e-4a54-bf59-96d5fd44165e	92	750	22	30	.
0f800e8e-19b3-4d2b-95c4-63b7540a8abd	118	750	41	30	3028
76f56658-2f1d-4320-99de-7bb7826ede66	118	750	41	30	.
2df60865-9cf9-4f9e-98d0-64706d8990af	163	750	26	30	26e
53a9b4a0-59d9-4385-96e7-f2c1dd8c3de7	193	750	15	30	1
782104d3-75e6-4287-9f85-3f6432f036a0	193	750	15	30	,
d74bb191-ddbe-4e45-8861-f8d0bbb659e5	212	750	11	30	2e
a060a24f-9da3-4fcf-b8ac-345bb0f60b1c	227	750	41	30	olive
36ca4d23-e1df-452f-bc4d-b9b8719ddee0	227	750	41	30	,
d34fb759-739f-43ce-a237-e8e06937142e	272	750	45	30	19
fb6a66f3-5d9d-4b33-b61a-90a1eaa3b253	272	750	45	30	-
bc871a4c-4a7e-483e-9a08-4313d2ca4d72	272	750	45	30	16
ed1cb663-ab1f-4dd1-a114-9028ecd7bb2d	321	750	15	30	to
4c07e047-11d8-4584-bcd6-49feffaae1d7	339	750	17	30	be
8096da13-201a-4435-8e0b-0f2024e8f52c	82	778	45	14	Trees
1ad84244-6c87-4a10-994d-b0008f8ab79e	82	778	45	14	,
f8590f34-a423-4d49-b765-421546e6bed2	129	778	40	14	obey
853bea6d-2fbf-4228-87fc-b2005906f400	129	778	40	14	,
da3ceebb-46e2-4b03-a192-10a0f417ec84	171	778	59	14	through
0f8f55ac-171e-46f0-a00a-6ce3ee8f66e7	232	778	40	14	faith
e069fb30-d806-4cd0-b80b-8b8022b101bb	232	778	40	14	,
34b764a1-5f1b-499c-98cc-2b94b9a0f4cf	80	788	60	30	Tries
10dad4dd-e5a9-49bd-9205-1db0bd918795	80	788	60	30	,
ef78f7b3-dc8e-4628-98a5-e17cb58e7fca	144	788	45	30	5.18
58d9e1f9-ef22-4a49-9148-8c3ae908056c	192	788	41	30	Nepd
b2234b07-d4e8-4840-a27e-c5f2ca1fc769	237	788	15	30	of
9e7d3601-d35e-45b2-9e5a-34202cce1533	256	788	49	30	car
3a02afd0-0734-4e4a-8b38-2a82ddd39830	256	788	49	30	,
9478ffef-7d78-4fd2-ac43-c36825bae777	309	788	51	30	0113
3edb5b6a-89fb-4a73-8391-1ae19cee6594	309	788	51	30	.
64cadf8d-dde4-4433-bbc3-db1debbb3ada	92	816	44	14	413
331abda5-dd7c-4f02-9dac-893b4054bbd4	92	816	44	14	-
047083f7-48d9-437c-a887-dc9efd553e9a	92	816	44	14	2
290f04ef-e31f-457c-aacd-0515ba908cf2	92	816	44	14	;
cd46442a-0cb7-448d-975a-e036ca4719ff	137	816	47	14	united
654fbfe9-7d5d-4dd8-9d3f-2df56cb284fa	186	816	56	14	against
09508937-a93e-44d0-bc87-810d8b24af4f	244	816	33	14	king
43ff4ef9-251d-4f54-af26-c94cb797281c	279	816	45	14	Jacob
1b5f0bbd-9831-4e9f-9fa0-15614d4b5153	279	816	45	14	,
484e471f-eaa2-447d-a632-0575950f872f	326	816	30	14	413
7113b311-a915-4c1e-860f-bbc745ba7221	326	816	30	14	•
a506ce9d-c634-4275-9ad1-4233f2070b6e	94	826	22	16	11
f60c2fbe-4e3e-476b-9c22-780bab057d28	94	826	22	16	;
7ccd11ef-eb5f-4592-ab7f-21381004a6e1	118	826	40	16	agree
f54d096e-e801-46b0-bdfa-34c1c846bff9	160	826	26	16	not
8b0b7fc7-96ba-4e92-b26c-2afd875c7453	188	826	18	16	to
e6c0bb5f-cf43-4eaf-b690-196b297d0cd3	208	826	36	16	fight
c12c4aa2-9a8c-48c8-8d6b-ad66e97450f7	246	826	34	16	each
2c98bf28-2f5d-46c1-ac8c-af4c9de53021	282	826	42	16	other
0744e691-16e9-40d5-b194-a62bcbcb72dd	282	826	42	16	,
e718dcf4-9d6f-4b68-9f32-bb64cb434152	326	826	28	16	414
ff3f7dd3-dd32-4e2d-b7c7-4ef6b65c273f	326	826	28	16	-
e0a50d9b-9c70-4879-a198-2f7c0056ca5e	82	852	47	14	Tribes
864b58f8-8a20-4407-a37a-e6a46231aaf7	82	852	47	14	,
4fa18e70-d9e0-4bfb-8ca4-4b5d6a95970a	131	852	24	14	the
10b855db-0ee6-4cd4-8f4e-ae4c398ca81f	157	852	31	14	lost
8ab6afa3-1478-46be-993a-fee93a2f2aa3	157	852	31	14	,
68f39591-31a8-46a5-98e6-3a5ec0c01338	190	852	49	14	429
d64d6477-13e8-41ca-a1d3-c019cae9c097	190	852	49	14	-
25ed058e-50e2-4b7f-a237-6166d41f8874	190	852	49	14	15
36ec0061-91b5-41e9-922f-b230ecc7498c	190	852	49	14	,
7ff60ce9-516c-43ee-9129-cba05fc7a214	241	852	51	14	430
6376da7c-f27b-4f6b-bb26-0cd2204b1584	241	852	51	14	-
693c623a-ecd3-4031-8d5c-66a290292e67	241	852	51	14	20
92f1c2b4-44fc-49d0-aca6-e071cebd691a	241	852	51	14	,
097f8f29-7427-4770-946c-289bc3dc8977	294	852	14	14	1
413429bf-7c80-4567-ac2f-561324c3cf14	294	852	14	14	,
af105489-af09-40e9-9143-7e644dbdb9c8	309	852	47	14	444
a71bac28-05b2-4e73-8f94-8879253a8139	309	852	47	14	-
914b434a-0777-425c-a5a6-6931c33cd209	309	852	47	14	26
efda0e64-da79-4494-9b39-6b1ef45d87d8	309	852	47	14	.
b4660b00-d926-4de5-ab99-70bf118355a5	150	864	72	14	Lamanite
19dd2575-0c36-4292-aae7-2fc85ca86ebf	223	864	38	14	king
adef798e-d6df-413a-9fea-bbd498d0ca54	223	864	38	14	,
dc5a777d-c433-4793-96da-e45c4e81ec13	264	864	50	14	360
cea06867-44de-4890-8b16-c6db45fea4c7	264	864	50	14	-
6ab04034-b48f-487c-a766-0ee023402548	264	864	50	14	16
ccda9b02-1a91-4e50-92ff-fa8c2da4a583	264	864	50	14	.
30ca1ae6-18b6-4427-aa82-86e95777ea9b	80	888	85	18	Unalterable
de2ce4dc-2ab3-4958-9db4-fd48f899536e	80	888	85	18	,
012da1ad-0803-4485-86ad-73ca46ead3af	168	888	23	18	are
f0d0d55e-22c8-41ca-b9f9-2be93b2d57de	193	888	25	18	the
9deda3d4-2fdb-4371-b76b-d1afbbd7c91f	220	888	54	18	decrees
52a405f8-8883-4c8b-96b8-bf193f52441d	276	888	16	18	of
10480c18-c25b-4e86-90ad-456e2a914b51	294	888	32	18	God
1d56a48a-7a30-43dd-bc6f-5adf5f725b33	294	888	32	18	,
3e8f6d11-f15d-4f52-9dfa-a5d9ee536d2f	327	888	33	18	297
80b4f5c4-0392-4a34-a6f1-99ecb4f43a54	328	888	32	18	-
7cbf20b4-dfd9-4b4c-bb31-c1916ec302b3	436	594	56	14	against
1085cd73-af18-4b4a-8f6e-8af9c99fc06b	606	594	19	12	of
ed835418-16ca-4f59-b494-cb69b9b0174b	627	594	19	12	an
3ab62d80-5b99-4d15-88c5-2bddc32bf7f1	380	618	17	14	in
b72fc6b9-f981-427a-a91c-e8ebc3f9c7ff	399	618	77	14	protection
32a4b863-f460-4ab5-ad4b-e8c7c3ca6530	414	642	80	14	crucifixion
2e514976-bc3a-43e8-9ad6-47fe69a1d722	414	642	80	14	,
78b7fa73-9a4c-4e57-b9af-cea0e4f95820	380	652	31	28	Fate
f65d9ab6-1217-434c-8270-ecedcaac8db5	415	652	17	28	or
5457d2bd-8b8b-4fdc-b4e5-a5d8e302184e	436	652	84	28	prorate
235d58a6-359d-4e26-a29c-18ad18dedb7f	523	652	24	28	the
e4e77983-ac5d-45c0-8f67-04b68922c208	551	652	28	28	Che
8acd7ed6-b304-4ab7-98d0-94ee1f4a174a	583	652	65	28	Nephithe
24ab858d-34f9-4c4a-9a81-efcc93ef8e23	382	680	44	15	421
70b27bb4-8602-4aa2-854f-31c158863745	382	680	44	15	-
4f536c63-9ce9-4290-a723-901684cb5b76	382	680	44	15	3
927070bd-1c72-4538-a171-4b3cccce0abe	382	680	44	15	:
56735c26-68c8-45cd-9e8f-b65d4aa99254	427	679	37	14	hills
74053cc6-de2c-44d4-b997-ae9d3ff106c2	380	680	23	26	the
8258d926-c04d-46ba-98a4-ffe9048a4bf4	406	680	52	26	Lords
bc8df402-c44b-49ca-a718-8e4c3b8868e3	406	680	52	26	,
02370541-66cd-4f6f-92b7-eb1533f7668c	461	680	41	26	383
b6bcc848-a4ac-4c3f-b1f3-ca0fc78b79e2	461	680	41	26	-
6630469a-78d3-47e5-bc97-1b8d27d0c98e	461	680	41	26	9
a8d92974-ead4-408a-b6a8-3710a24f3859	461	680	41	26	.
a2bdeb71-5cd1-40c0-9374-4a50e689100d	494	678	77	14	mountains
34a9834a-ac59-4d0c-9f3f-0940504db50d	573	678	56	14	tremble
3812a5f5-2ad9-4a97-b155-1cde48045e43	630	678	18	14	at
d29e18fb-5869-423f-ab21-e019ee4df770	366	700	68	34	Vatic
286dde35-b095-4139-bf76-00dc2e02dbac	438	700	9	34	a
43f278de-df33-418e-b012-a75531be1a0f	451	700	64	34	deed
d6d3a86b-effa-403c-bff1-1e7ba552ef65	519	700	21	34	of
de85a04c-8993-42f6-b7e3-588c8743e2df	545	700	77	34	onitee
72afcd87-37ba-49c3-baa1-71264f8bca3d	625	700	23	34	and
5af11cb9-ec48-488d-b34b-1a33732fb135	476	742	64	12	through
8a6df88c-4ce8-40e7-829d-2dc89d995049	370	742	52	26	211
79e86f4a-134e-4847-aa63-990840198aab	370	742	52	26	:
57943265-33a9-4f6b-9283-423f88910220	370	742	52	26	5
ec6a638f-2ccd-4635-87bf-37113042d71a	370	742	52	26	,
1afa6244-d967-4ff0-8a61-e0944f6566ea	425	742	49	26	214.4
532c26ec-39be-4ef8-893d-9da6e557607e	425	742	49	26	;
41332d43-2ee7-4db6-b88c-866bc08e6799	477	742	49	26	392.95
051c3179-5060-47d4-9f2b-638796ab0303	477	742	49	26	,
a76ca6b6-9c2c-495a-aa4f-776132a37db5	529	742	47	26	366
3baac255-3f30-416c-9fb0-94669ff58957	529	742	47	26	-
3fa1b954-cde3-47b3-9f6c-f005057b8420	529	742	47	26	34
1d1252e3-5a3b-4bef-8b5e-07047a2dcbea	529	742	47	26	.
e76f026f-dec6-4ff8-9f4e-f87df23d8fea	538	740	72	18	afliction
a4734537-8004-4ca5-99d8-da68e972fcc9	538	740	72	18	,
88b0e466-e089-4dc4-84be-2e10985f16e1	612	740	38	18	34
f56e3389-1b8e-45c3-8efc-91c4617abbad	612	740	38	18	-
41f31ec4-060e-495a-a357-bb9cfa39d8c1	612	740	38	18	1
209c8a1f-5956-4f42-a5ed-0eb8d098d1c6	612	740	38	18	,
1c25bed5-7f65-4d98-9ded-285f8ca64d5d	372	766	50	18	Wages
6e0c2bb5-c14c-4b5c-a7f1-d9da5e97f647	372	766	50	18	,
f338d3c9-0de5-4c4b-b367-2c2aabe9e5b8	426	766	72	12	according
e984411d-0667-4752-8586-ad8f6c2fddf6	500	768	18	10	to
b232705d-eb89-4bd8-8dc2-f3bb7bd5e1f1	572	764	56	16	202
715040fd-6934-4db0-869d-9130c3f1a882	572	764	56	16	-
cd83fa44-0229-443c-ade8-d2ae9688bcd9	572	764	56	16	27
d6b9f693-7f1e-41cf-be7c-9f9f36ecb741	572	764	56	16	;
4462f65c-deec-4582-858d-1134fa1d2561	630	764	18	16	of
ea4ed080-ce3e-4c4e-9f99-f464b0a80c3b	384	776	49	14	wicked
910c8981-1e86-4696-b90e-c70bb30a1d6d	384	776	49	14	,
d74917bd-d37e-4b38-ba53-6f8d94b0d80f	435	776	52	14	208
9fbaa6af-18f7-4480-99fb-c0824ac85a77	435	776	52	14	-
37cbd003-ca2f-4ac4-92e0-c3648477281b	435	776	52	14	42
cb0c9516-cfb6-49ba-8f4d-3a32516bb6f3	435	776	52	14	:
0089d42c-4789-483d-a17a-1add3b7a7f91	489	776	19	14	of
7fb42d7d-8ad3-49c0-aa87-afa39d688c29	510	776	26	14	the
2baee984-dee3-4e8d-aec4-b976a6b6c9d2	538	776	56	14	Nephite
4df0b559-6192-4392-8803-cdec9d55f718	596	776	50	14	judges
821422bf-2de5-4ba4-a536-fc017c14be60	596	776	50	14	,
2f47c9b5-3d95-448f-84f7-a0c7170bc7e6	370	802	82	16	Wanderers
a25014bb-f4e4-46f0-a128-c21a96bb1253	370	802	82	16	,
ac6dfce3-bccc-431a-a10f-ca2c50c15d42	454	802	22	16	in
c137cbb9-2e54-47e8-8c00-d01a73e30c0e	478	802	14	16	a
ac23fe73-b74a-44c7-b480-6b6e3ab511ed	494	802	60	16	strange
3987a43c-aa23-479e-b7f1-51c3aaa113b2	556	802	40	16	land
57054e9e-e51a-4f5b-a8b0-d29dd625edff	556	802	40	16	,
0df1264b-9631-48d1-a097-aae900a57517	598	802	50	16	229
f348073c-91ff-4b86-a62a-5fd795910d97	598	802	50	16	-
43075721-9631-4867-8b2f-190ea612f5e3	598	802	50	16	23
4a3b9594-0e00-4c03-aa4d-6b1a305d68c5	598	802	50	16	,
becbb05f-f42c-4e7c-bb56-9651265bab75	380	814	50	16	263
757fb245-fcf4-4bda-afe9-398d6f46adbf	380	814	50	16	-
c147af88-0019-4016-8f37-38e434923d2a	380	814	50	16	36
e0dff25b-0f7c-4b15-9fa9-c7d64687653d	380	814	50	16	.
3c21bfb0-f47e-4e2f-8cf4-cdc1da95bdd2	370	828	42	26	Been
4744db53-7789-4210-8c93-41bd14cd93a4	415	828	19	26	in
62106778-22f6-4223-9685-40f5c12bd0f4	438	828	42	26	Nephi
1e2c5ddd-d927-40d2-9213-56ed13d697e2	484	828	66	26	evisions
d873eadb-b9c7-4892-9d0f-1b9a97f07128	548	826	21	12	of
b43d3143-f1a0-4990-ac64-047299202b17	571	826	40	12	Lehi
8bdfd186-3df3-4515-89f8-ae1ce4e368c3	571	826	40	12	,
4e3f0e9f-6271-44d6-8aaf-781f789f718b	613	826	32	12	fore
8609a6f9-e7f8-4978-912c-45d5eea68dc5	613	826	32	12	-
52ffcf3a-0219-4d6d-a9ed-5f1482c92bdb	546	838	35	12	20
04d9c0f8-407b-43f1-b7f1-e26ecf601c99	546	838	35	12	-
26ca0e78-2d25-4589-805a-8f354127a95a	546	838	35	12	2
8e94a320-de5d-464c-b820-e6ac26629743	546	838	35	12	,
a17a1b53-d031-4252-9272-f6a55543ad2d	582	838	47	13	21
5e96f6e8-e0de-4930-b9ba-d56c9d32f158	582	838	47	13	-
e2bb3b5b-6d13-4a16-a918-029b6d29345a	582	838	47	13	21
44ef6d0f-1ee9-4ed3-96b8-48dffeda281b	582	838	47	13	;
aea8c1ac-ef10-41b6-b69b-2724d3cc593a	630	837	14	12	in
375906e9-5119-40ca-a808-2068823f4023	382	902	54	12	records
eba86565-7b7e-40ac-9846-5892f0f9c668	440	902	29	12	of
2371b546-9529-40d0-946b-f493b6b3ec6e	440	902	29	12	,
d1706079-754a-4fad-95a9-5e5e3a72d6be	470	902	20	12	on
f262a73d-bdc1-4df4-8305-b1d6f073bcdd	532	902	48	12	larger
968c0a46-9c27-423d-b8e3-7c21d842f235	602	900	44	12	other
