ID	X	Y	Width	Height	Text
5a068f76-02f3-4688-bb86-2c1c252e482d	262	72	60	17	INDEX
1cbf64f9-0dfb-440c-9f1d-fb7c1527d0db	262	72	60	17	.
d329ce30-e8fd-413e-9d1a-d5c1017d91e4	84	100	34	12	Verse
fa769e1f-f899-4109-800a-8dfeccbb3758	84	100	34	12	.
4dd06e87-544a-45f6-bcea-3fa5131f2331	82	112	16	12	20
9e159452-4560-4338-91ab-4b822adc0537	100	112	58	12	Prisoners
4b3fa40f-b8d4-4070-a0fc-2ef08f3d137c	160	112	40	12	ecape
786fac4d-7032-46a5-b247-0ed992d3f1b8	256	100	34	12	Page
c2cc546a-2980-4c87-8d0e-ab91b6b7257c	256	100	34	12	.
ceb7a542-d356-49bb-b595-7bc1d7da770b	266	112	24	10	362
ca012302-215d-454d-b45f-7c564823dfdd	82	124	18	12	29
c6f6a73e-fcf1-44d0-908e-57482bb45d38	102	124	36	12	Manti
2c63e6db-f531-4981-a886-1eb846cd7935	139	124	61	12	retaken
125d672d-5fb0-438d-9ec2-f691dba22d61	139	124	61	12	....
0ea9c961-6306-4e80-97f3-a0d6c659ccbf	268	124	22	10	365
88eeef21-9def-4e1a-91b7-44e689a5ba0d	102	136	37	14	Alma
df6d11e4-246f-4394-8b56-fe037ee4407a	102	136	37	14	,
2ccb1b65-5ece-42ee-8121-c9f3ab7ecf27	140	136	33	14	chap
8250a101-a4f8-4ca2-a315-b259c3cf0e48	140	136	33	14	.
d18b8dd6-611e-4ac7-bb17-e079f5f31c82	175	136	13	14	27
bbf57b95-1515-4853-a955-31c0270ef189	88	148	12	12	5
80a96550-a160-405f-8076-0ffb949a9761	102	148	45	12	Moroni
1386a807-bd8e-4d7c-b818-a81d9288eb1b	148	148	39	12	writes
f69f84f5-ffc8-4444-ae5c-df9a42630a0c	189	148	15	12	to
b56cd496-8b95-4959-a068-255d1d6096f2	205	148	17	12	Pal
bbb2df11-c58d-4fca-b654-882ddee87422	268	136	22	12	368
6ab1bc71-00af-4aaf-9a6b-5d38bf412e6e	102	160	35	14	Aima
034ac602-a0f3-4266-a4f0-37b21d378cdf	102	160	35	14	,
45c1a274-92a0-4bb9-bbb8-71126697bf8f	139	160	33	14	chap
5fb1f306-02e9-4ae0-b137-53d21fc30b0a	139	160	33	14	.
aa4ec936-a16e-4d22-b902-b08a6b9b1bad	174	160	28	14	28
301165ae-0986-4e26-8666-599480b7228f	174	160	28	14	....
c8cc827b-b1d7-4f98-8967-4bbab2aa9353	266	148	24	12	.
8cf514da-3235-475f-91f0-cdba789b6753	266	148	24	12	387
fecd485c-689c-40c9-8f5f-28a44ce29822	88	172	10	14	1
24722178-7c06-4684-a1f9-cf1393e87ab0	100	172	52	14	Pahoran
3fa0ce0f-9179-488e-97cc-4af48ec6692d	154	172	12	14	to
934ceba7-ca74-498a-8b4c-99bc502b34b0	168	172	48	14	Moront
af434323-54b9-4f67-8c22-85588f1741e6	168	172	48	14	.
150d1441-ade6-40e7-ac08-df397b02e2f5	266	160	24	12	871
b03bed36-23b8-4463-87ec-7f8aee7842c9	264	172	26	14	..
a738da5a-f992-4a14-9b3e-7485763b19cd	264	172	26	14	371
a85d3f7d-a084-4661-a396-f9de8acc4b40	88	184	10	12	2
3b89ab68-db22-466c-9d1c-653a09041046	100	184	30	12	Lebi
2413504b-cb62-4497-95cf-6d629799b4e9	132	184	24	12	and
8397d399-5ae4-4480-bd51-3424591d0da7	157	184	53	12	Teancum
d301da06-8742-4765-9070-ac8f4e5f83c7	102	196	35	14	Alma
9321004a-7c5b-4a74-a01e-718e40db86f7	102	196	35	14	,
480ebe50-52cd-4169-b2d9-18a04ad307af	139	196	33	14	chap
bb842a05-bb6b-45d2-989a-494f0a4120e3	139	196	33	14	.
94516147-9ed4-45fe-ad34-621c4338e279	174	196	44	14	29
96bafa44-ca53-441d-999a-5bfba882c6ce	174	196	44	14	........
f4d91881-156c-4cba-b0c0-594d9e41a5ba	90	208	9	12	2
698e20ab-d594-4a76-8c8b-aa6b87b88cd3	101	208	33	12	Lehi
e617f120-6b1b-4613-b0c7-0f0a06a02443	135	208	27	12	and
d393cbe7-a430-4348-a804-80ecc3a669c4	164	208	56	12	Teancom
9ea772a4-2493-4849-af3f-59d58e4cb5dc	228	208	24	12	left
5d49b240-f0e2-4b2b-bdae-59c28d0c4bb9	262	196	28	12	….
e3600a18-6935-4690-b627-f852b31cd3d3	262	196	28	12	378
1bbb6ca8-816e-4799-b880-05da92c807c7	256	210	16	10	in
cde236a2-a23d-46be-87d7-9251d9092866	114	222	42	10	charge
a0478941-0064-48fd-96f1-f0222a13b05f	158	222	42	10	..........
4bee4bd0-e819-4f79-b486-698389e8ae0b	230	220	63	15	...
f24b17d3-07f7-4996-bc6a-e162c1d8b5d7	230	220	63	15	873
1233334b-0022-4f21-8ea4-a365e4e79e09	88	234	12	12	+
23b0afed-c4d3-46a1-b104-270a71af6992	102	234	50	12	Pahoran
ed717440-61dc-4f61-bbe3-fb016a8a578b	153	234	48	12	restored
d4a38839-acfb-4a22-8674-d8328065d5e3	202	234	72	12	tojudgmont
96c3413e-7ee6-4e9c-824f-797f45e5cb58	112	246	106	12	seat
c8d4c281-c5c3-43dc-ba16-9ef471ad3f47	112	246	106	12	.................•
d5eba2cc-ff9f-4508-bf0b-f0c7b573cdf0	244	244	48	14	......
37fec77a-4ef4-47c7-b78d-80012e19a0ce	244	244	48	14	873
0e8a7915-d309-4ef6-a4c1-b28d719e8fd5	88	256	10	14	7
2029285c-244a-4d91-9b13-8d73cb806da2	100	256	65	14	Lamanites
3cddedbd-b72f-4bf1-a1af-4281a88a086a	167	256	30	14	take
dd7fe3a5-8321-4ba3-92bf-d6b78d59de30	198	256	28	14	oath
b7413dec-f378-423a-bf77-8fa9aa7398ff	228	256	14	14	of
2794fe80-78c5-4237-8aff-dcb1c2763225	244	256	28	14	neu
7d1e9273-77d6-4cba-b8bc-61adc493328e	244	256	28	14	-
ff35ef5f-e291-4802-a20b-81a8a5bf4a82	106	272	98	8	tratity
09ae44c1-7c87-48ea-8775-56e550cb6b5c	106	272	98	8	?.........
a30ccd9e-e377-4f76-8dce-6e22415d6ce5	262	270	30	10	..
6130c52c-e65e-4813-a3c1-e42d458cf10e	262	270	30	10	374
646cb5f9-305d-4e8c-8cbb-6b5b8b228a40	82	282	18	12	11
ed07a43e-8468-42e0-8888-4fee019e5317	102	282	27	12	City
45dff6fb-9bdc-48bb-997f-58264a6a1fe7	130	282	60	12	Nephibah
cd97c49d-3732-4573-9d46-8d8d0dfab023	192	282	47	12	taken
7466ff16-cb50-4e1c-8d21-eab2f3d050b4	192	282	47	12	...
4d65cbfd-bca0-4661-8858-afdd59ff82b6	254	282	38	12	....
ca8604cb-3751-47c3-b497-1fa4092b5af4	254	282	38	12	375
252a1d00-185e-4cae-9f72-69129b70fc2c	82	294	18	12	12
d45be373-de29-41c7-b7a1-9ed0e9e5b213	102	294	81	12	Prigonersjoin
af806cd3-5b7c-49b6-84e7-e8fef820e751	184	294	19	12	the
e8bc80c8-6a3b-4aa0-a4d8-4c95cc13d84f	205	294	87	12	Ammonites376
053de6ea-ffa8-4f0e-9a52-6588fc7c534a	82	306	19	12	16
f3a63b2c-b7f9-497d-a6f8-2e64afe46f4c	103	306	58	12	Ammoron
5c3fcf79-4aec-4b0d-aebb-6eaf87ccb59b	163	306	23	12	and
8ad6a096-e216-4ac8-b05d-aacb64d66212	187	306	26	12	men
c7a986c8-30a3-4647-9a28-8b37cec74580	214	306	60	12	surround
152a6031-2e34-42f6-8416-ec4e290d1b99	214	306	60	12	-
926e89f7-1877-4629-a5fd-8681a8409811	114	318	178	12	ed
7c237121-c8be-40be-aed7-0a5fb5e513b9	114	318	178	12	......................
922a2d17-fb8c-4d9c-b0c4-05691b211d40	114	318	178	12	376
49f0bf7b-c957-4b0a-aaf4-57df8053c240	82	330	19	12	18
380c6a19-f3eb-4778-99ce-e52d5e2e274e	103	330	61	12	Ammoron
457ea663-352e-463f-beb9-92f12d71b9d5	178	330	24	12	and
61359217-5b4f-4d16-8ade-a58d5668e72a	218	330	54	12	Teancum
ef1cfb5f-5092-49ef-b4ca-fd7a518978f6	114	342	104	12	killed
6c4655f7-f36c-4ea4-a0db-455280d0e016	114	342	104	12	...........
ded80c13-3f3a-4017-95e8-b984cc8e37f6	254	342	38	12	...
c671e525-0e78-4446-bbfa-419f7eaa2958	254	342	38	12	376
05866ff7-557b-4602-a840-273c79869610	84	354	18	12	19
204cba63-283b-4f28-b59d-1f91447ff33d	104	354	36	12	Peace
545c8197-d8c8-4510-ac7f-221c045fa154	141	354	75	12	established
f67982d0-389a-4255-9627-cd71dbcc72e3	141	354	75	12	;
d65e85c7-f1ba-44c5-b4ea-1c797821f8b4	218	354	55	12	Helaman
2fd331bf-dfc6-487a-b539-a10086ca6023	114	366	24	12	and
538cefcd-9761-4c33-9e8d-954e76895376	140	366	38	12	others
a8e5fe40-d307-4494-8c88-ae3eaee3aa24	179	366	36	12	again
c88621f7-7d9e-4053-b7a5-0e1e520d9caf	216	366	74	12	preach
a3118670-ed7b-4bc1-8332-18cedbca35c2	216	366	74	12	....
bb94a904-bf6e-4a79-bc7c-af5d061efbd6	216	366	74	12	377
ba24f450-a031-4d47-8627-405be6e2d1a7	104	378	36	12	Alma
2bb9c777-d1c7-45b2-948c-fd14b6cc6d02	104	378	36	12	,
372f03cc-fbe6-4a9c-9051-296a3f1f83bd	142	378	33	12	chap
7570f08c-eef5-4dfe-a3b2-35e4671701a3	142	378	33	12	.
bf63eaeb-6a54-4eb5-aae0-d63ffcddf2a6	176	378	20	12	3u
268df4ec-eb11-4226-87e2-194bf1710b3d	176	378	20	12	..
df355ce7-a78b-4fe8-95bf-b0e682f6a66a	264	378	26	10	..
48a602a8-4df6-4738-8b59-d2ae19e866f9	264	378	26	10	377
982d7c31-d317-445a-870f-acef490c76c2	90	390	10	12	I
629d9440-d486-4aba-8269-3975e04658f9	102	390	57	12	Shiblon's
459ccbba-96ba-4d8a-9d23-59a21c359009	161	390	30	12	good
5e079d71-a2c5-4191-975d-73235629f437	192	390	50	12	reign
a9e2664b-5b56-43cc-a69f-1c5735a16c29	192	390	50	12	....
42930ec0-8869-460a-bc2f-a7225f0e0566	90	402	10	12	2
16e83092-258c-4f61-8af0-3d94c4ef3b84	102	402	37	12	Death
88ccad02-aaea-4620-a7fc-e716e28a4325	141	402	17	12	of
cf1cece8-78fa-46c8-819c-9fb5b4b4149f	159	402	55	12	Moroni
ff830dc7-35ad-4479-a8e8-8c41c8151966	159	402	55	12	;
ad677a54-6109-4ee2-935e-7825c932fead	260	390	30	12	...
19213a5d-b2b4-4ae4-a4fc-4cd6ca69cdd9	260	390	30	12	377
0fec60b4-7c8a-4cca-a0df-9a6c08be041d	90	426	12	12	8
b395b545-c5bd-4d29-88f4-3dacdc26aecc	104	414	31	12	grate
f47e882b-22f1-4b63-b599-1b9f1f0801ed	137	414	63	12	north
34fa5094-3abd-47d8-a3f1-c86ad4d68b0a	137	414	63	12	.......
0202319f-e50a-4493-aa43-ba34cdc72853	214	402	28	12	6400
57f43275-19da-4c93-a5ff-d9b0e1fc822b	244	402	28	12	emi
ed3f2e8e-2f79-4717-b570-03cec9bf6fc3	244	402	28	12	-
5409816a-d532-490b-9bbe-d967360862f3	260	414	32	12	...
695473a0-d63e-4f26-a1ff-21bd4db42a99	260	414	32	12	378
cf989255-ceed-454d-b5b7-e6c6374265cc	102	426	56	12	Hagoth's
539a210a-5f81-446c-bd7f-34fe088bc780	159	426	41	12	ships
9033ed3c-be7b-4089-be82-940d241a59e5	159	426	41	12	...
179bea0f-0f33-45c8-9499-30e429d9fd02	258	426	34	12	...
a4694b43-e2cc-4901-b73b-09b7f7e2cb5e	258	426	34	12	378
734721e2-a74f-41a4-88cc-6d3bed654a30	90	438	10	14	5
9a7e2040-1f37-4af5-8372-e99587cb3f08	102	438	54	14	Shiblon's
ab1015b4-d0f5-4ed4-8c12-9ead1e2536c0	158	438	40	14	death
0d251368-9f20-4439-8032-df40ccc1f1ce	158	438	40	14	;
e32c48c3-0bc1-486f-84ad-dded02661600	200	438	54	14	Helman
790b4dd4-0c7d-47a3-9211-673bf4c456c1	256	438	16	14	re
0d1143b4-e845-4e03-940c-2722f1340994	256	438	16	14	-
629c0dc2-4727-4548-8212-5ab4cc956b84	114	450	37	14	ceives
4161ebd7-66d4-4198-b06a-1b7a360c11cd	152	450	21	14	the
b08a81d1-05bc-40d1-9567-9e4db66d9789	175	450	38	14	sacred
130f2b03-e8df-4a4d-8eaf-1953f167f925	215	450	77	14	things
1ebbd147-717c-41f4-92f4-d2fa55c871e0	215	450	77	14	.....
5e383627-7e76-4af1-a132-b73a40356218	215	450	77	14	378
8251d6e9-c4b3-4f09-94fd-0b66df4a44b5	116	474	27	12	THE
9979dec3-6858-41d5-8f9f-03dd764088f7	145	474	34	12	BOOK
9c6a6499-51dd-4112-80ee-cfc03db83439	180	474	17	12	OF
b7957dea-fd4d-4b05-82f8-b9f3323a36fd	199	474	62	12	HELAMAN
c31f352b-b6dc-4d27-80bb-ce62316577e5	199	474	62	12	.
86d25abb-e657-435f-8e16-2d1906d46aea	104	486	47	14	Chapter
f5d33fd2-7626-46fe-9281-e17acdf42048	153	486	21	14	1
3811b650-c400-4c64-8c0c-b732cf6243d9	153	486	21	14	....
3622ddb5-5548-4963-b08d-25fe7bce3e79	90	498	12	12	1
388fb3a3-7897-4019-b6b8-491007777363	104	498	55	12	Pahoran
9ce17fb4-de36-47f1-9eee-46ab13734150	158	498	32	14	dies
4d3fe127-83a3-4dd8-9cbd-8e8c415b4ed2	158	498	32	14	;
17544390-4b66-46e2-aaf1-4864f54d631e	196	498	32	12	Pahor
a000e678-e228-429a-9d83-e77cba7fecc1	268	486	24	12	.
e6fbba7b-2d1c-465b-89a9-7137a516dcc6	268	486	24	12	879
593139c1-a107-4d53-b121-a186c04a0567	114	510	25	12	80n
2c9a6148-b902-4630-818b-9b014443d4fc	114	510	25	12	,
1f79f89c-af11-419d-8641-37008efbb948	141	510	53	12	Bucceeda
0ee14db2-97d2-4cbd-9fc1-f399d4941ef1	195	510	27	12	him
74401d17-5900-4aae-ba10-42671278f1f5	195	510	27	12	.
43d745f9-b704-49d1-aadb-c9bf1d457888	90	522	12	12	2
447b1777-1f0a-4d86-a773-d47267d3c4a6	104	522	42	12	Panchi
98bcddde-1a4e-42f4-ab53-831af3976355	147	522	55	12	disseuts
f2310a91-9347-4ade-91bf-cae99590ae0b	147	522	55	12	...
d8a77f99-db63-4cf4-beea-1a400ec5bb78	270	510	22	12	379
b2d46397-3c56-4268-a407-924dc018d311	90	534	12	12	8
71b5cff2-2190-492e-a812-bdb916fb0731	104	534	50	12	Paboran
4e755633-abe7-4550-8886-5d2ba30d1e8c	155	534	63	12	murdered
f61381eb-9650-4f73-961d-c5af2ec84e41	155	534	63	12	;
d86e0b48-67b1-4b98-ae1a-f0c50023a5a4	219	534	24	12	evil
62f93b9a-2576-4c8a-8580-ae391f8f5408	245	534	4	12	c
d20ffe20-f98b-4ca8-8e12-af3552ada240	270	522	22	12	379
2e453f15-7b47-4f7f-80b8-a46c79d02fdb	108	548	48	10	nant
ad90b07b-db61-4932-b700-9c52a105419b	108	548	48	10	.....
1d195d60-e778-4f6e-9c4b-2ab95430ae97	92	558	9	14	4
12399d97-7a36-49dd-b3df-a4e8094ac2da	102	558	61	14	Pacumeni
552e8134-85ac-4287-95f2-906b895c8464	165	558	42	14	chosen
214b4994-c07d-4178-b379-5acd719e1f5e	209	558	39	14	judge
26bf44a4-e705-434f-86ea-e0e4b9ff5536	209	558	39	14	..
ab846b7b-d6f0-4f80-8e99-2f1d41e335be	270	546	24	12	380
fb945fa4-f13a-4687-a11c-03485383ff83	270	558	24	12	880
59e6ed64-bbd1-4513-a675-4741fa9da672	90	570	10	14	6
2a719233-9d08-4437-ada7-0b6649b4357b	102	570	115	14	Coriantumrattacks
d89fce23-a9f6-4bc6-babb-bc51c5d32f88	219	570	21	14	and
4a45b580-552d-4e88-9e4b-b6dff9b8aabc	242	570	34	14	takes
6acd4d74-c62b-41fd-87f5-1ef93c67eb26	116	582	66	14	Zarahemia
5278f31f-25f2-4baf-b411-fa96964f6511	116	582	66	14	,
3842d3e1-3023-4c40-8753-45c8f4258c63	184	582	24	14	and
fadc3e65-a04a-4490-8b73-ae96d29784e2	210	582	12	14	in
1271e3ad-c902-4fbe-8814-a62ebf44197d	224	582	40	14	slain
e1d81a00-3947-4208-be6c-b776dffbde3a	224	582	40	14	...
fa60ad46-441a-4bcb-a108-e0eed085b9e9	92	594	10	14	8
81b26d34-20d5-4ae2-9d05-102b1c88acb9	104	594	54	14	Helaman
ab3823de-81e4-4655-8323-df464d63d238	160	594	40	14	chosen
2a584d13-6954-488a-809a-f3fb30a1af64	202	594	50	14	judge
6b5d5130-6bf7-4b28-8d26-4ef30c56e776	202	594	50	14	....
2120c3ff-f077-4877-8d3b-b970d3007240	270	582	22	12	381
10a4f296-2c47-4962-be63-912d3f80b7fc	90	606	10	14	8
ce96dafa-c1bd-46f8-9fbd-b1203e9cc665	102	606	65	14	Gadianton
e0ae41e6-e951-4e46-ba38-04bb4a0141a1	169	606	37	14	bands
b9c762fd-5439-4f35-9b99-4425b9579da0	207	606	51	14	formed
6703db9b-f73c-46d1-be6f-695ad405dac8	207	606	51	14	..
4f40def1-e535-4af4-8cd2-f60a6a986966	270	594	24	12	.
01b34f2e-af71-413b-bc6f-dfd25fc1325d	270	594	24	12	382
a3b470e0-caf0-4a8c-839e-2fe3c464db96	90	618	12	14	9
6747eee0-f44b-4977-9bbc-6953f9dfaeb2	104	618	40	14	Secret
4de8b24d-5b09-4d65-a0e5-c27d682b48f3	264	606	30	12	..
562901a7-2bac-452d-b58c-5622cbeb5adb	264	606	30	12	882
61d3119b-e62e-4fba-aefd-8dfcba03b039	154	619	40	15	design
a004944a-7e42-4f9a-a4fb-83a175ddb85c	206	620	69	13	discovered
ad5d5b85-9094-41c3-a9ac-48feadf0e550	206	620	69	13	;
69f921c4-8c14-4295-b14d-fa7f62140a10	116	632	68	12	Kishkumen
86662fe8-2ab2-4d61-884d-45dc5c7d49d1	185	632	35	12	slain
7a903bde-b581-47e7-807e-d0c4b6862085	185	632	35	12	..
7e1614bc-b549-4095-bb25-cd48b4f2bb72	270	632	24	10	383
ea303f49-875e-4d72-a393-b1f95e569186	86	644	16	12	10
6a10794d-5198-4eb2-ad7b-08f6d9045dfd	104	644	61	12	Gadianton
62bb530f-a169-4b49-a4ec-885b603573c0	167	644	29	12	fees
4d492443-a2df-4e10-88bf-ff5c85907964	197	644	14	12	to
85b7e988-4318-4c9e-b6df-2d760bed454b	212	644	36	12	wilder
bdc0b5ac-3b5a-4ad7-ae29-d8631e12f848	252	644	42	12	ness383
d65accc9-e5df-40e5-88ce-604d21bf50df	104	654	58	14	Jielaman
136fa56e-1cde-4b29-93c4-f38316bf0e38	104	654	58	14	,
038b2a08-7e4c-4729-b9e4-3b816600e82e	163	654	35	14	chap
fb64b809-40fc-4963-87b8-e7dc6a5b81a9	163	654	35	14	.
e6c6a261-5d43-4ba3-ad26-ab8ce9d4d81f	200	654	16	14	2
e20c8c65-d3cb-4e69-a832-68bdf1b7ccef	200	654	16	14	..
ae21b776-2480-4e5e-a2e8-918b0c46005e	266	656	28	10	..
93b2d18d-7399-40dc-9e96-4eb68bf155f9	266	656	28	10	383
e8cd42a1-e995-4bd0-bc9f-03d74e6b3efb	92	668	9	14	3
35e219eb-53f3-48fe-8c5e-2c3559d0045f	103	668	73	14	Emigration
165d6727-3095-4e8b-a059-7bb851dc2ab1	178	668	72	14	northward
764e1609-e103-4d3d-979d-ac9e3206b05d	178	668	72	14	;
c10f519f-2d9f-4509-b534-7e267b62e4e7	116	680	31	12	ment
a2bf7e76-0991-489b-bf5a-a972613ab2c4	149	680	45	12	houses
2092565f-8d11-4f0e-a5d3-abe1900bcc1b	149	680	45	12	.
c9163556-b9b6-4cdc-b02d-4f379955b234	270	680	24	10	881
ff032986-098a-4631-b63b-56f6ff87c496	92	692	10	14	4
e5d307d4-9300-4505-957b-58b4e555bbb3	104	692	49	14	Records
065d5b0a-ddab-4116-b1e3-edaf95153cc3	155	692	41	14	kept
c6dd2bc9-55e0-4c45-9ce5-b53ac38f97ae	155	692	41	14	....
17781ded-fc40-466d-91f6-3028ed8d2b01	92	704	10	12	6
bc236cd2-fe8b-4b55-8be5-a0220d22d4d7	104	704	38	12	Ревсе
909513b2-eba5-448e-8985-9ea085d92b05	150	704	26	12	and
f43d6fad-2753-4b1a-9863-e9e5942b3d57	188	704	62	14	prosperity
e8d50d4c-cfe5-4b80-8d94-a640ac05effc	270	692	24	12	.
3497f49c-a715-41d9-8322-1ba6eb149b20	270	692	24	12	384
c07ce25e-5d17-4f5e-87bd-517cb8000629	116	716	40	12	Christ
f03bf1af-86e5-4d49-b6d2-1c59d96afa88	258	706	16	10	in
94eb86f1-675f-431a-9fef-43a7fd5969bb	92	728	10	12	7
fa95282f-4c1f-440b-addd-d2b6798fbe72	104	728	68	12	Helman's
04d417ad-fd68-4726-af90-ed9cd6bfc0dc	178	730	46	10	death
12a5e388-e252-47ba-a889-9e7dc9e298b6	178	730	46	10	;
d5f0db06-ca82-4464-aa31-ec7b4d19cc3e	262	716	32	14	...
250fe049-823e-45ba-98ef-667436a698f0	262	716	32	14	386
7c681f7f-af3c-4495-8e6c-44b2052456df	116	742	42	10	chorer
56a04a70-72ed-4a72-9cd4-9cee9c32194a	160	742	50	10	.............
34a2c39b-5ea8-4737-a595-d1db4116b540	238	728	38	14	Nephi
443a0cc4-64da-42fd-b07c-8a332d0dfd96	250	740	44	12	....
64f0324f-1121-4fef-8d5b-fec301e931c6	250	740	44	12	386
920d2b7f-a67f-4712-af4f-3d8b805f4d7f	92	754	11	10	8
4354dbab-9470-4fc7-b53e-adadca90ff55	105	754	50	10	Revolt
b651c755-3f7d-4596-84b6-06a799f0493a	105	754	50	10	;
bb26a4f3-927e-41dd-87e9-c47027e68b8a	156	754	29	10	land
b1ba44d3-8177-4aba-bc00-3ac8573b8ab2	186	754	62	10	southward
1382fc63-9ff6-4465-9bb4-f9088a99f968	250	754	23	10	cap
8a46f894-44b0-410b-8ca5-8affdaf7d615	250	754	23	10	.
0b9bf8da-b720-4040-8916-657300e242da	270	764	24	12	387
e4dfb8f4-7b2e-4aa8-8dfe-5117b779d946	84	776	16	14	12
53faee77-dc01-43b9-be32-c8da8d0f7094	101	776	54	14	Nephites
8645474b-c0a1-43c4-a25d-4cb936cdba49	157	776	87	14	remembertheir
21444f59-e8f1-4c01-8e08-600196337aa8	247	776	47	14	evils388
9bcfe72e-1751-43e4-9657-488d0f6f3f1c	84	788	19	14	13
e74a5ff2-a351-4655-9057-533f6fbecdd4	105	788	38	14	Nepht
718bfa8c-daf8-4d56-b83e-e5656ead64fc	145	788	31	14	gives
fe53c697-11d8-4eb7-b6ce-fb1975866598	178	788	24	14	way
308ede07-07c8-499e-90ca-a8b5dccf6629	205	788	14	14	to
8a2fd68a-57bb-4cea-a54a-ce7036095d08	220	788	73	14	Cezoram
c9124d52-1cc4-4495-b426-8a0ac68da1b2	220	788	74	14	.
63c1f101-9d64-4531-b395-c9e81d69b427	220	788	73	14	389
6ed1f6c7-acdd-45f3-9c09-e09a2fd9856d	86	800	16	14	14
cc54011f-e4f4-40e3-b9e5-15d1d7a34eb6	103	800	40	14	Nephi
6fd82a20-39ef-4617-9850-3c32de9fa36b	145	800	54	14	preaches
509083d4-9c36-4d4b-b1b4-d5150643c974	201	800	41	14	Christ
8433e36e-2733-4cae-84db-0ccbdaba102a	201	800	41	14	.
13ed826f-5e37-401e-8b46-1e79dae96cc6	272	802	22	10	388
b8ac2734-8efd-40b0-9564-2fde59e41d21	300	100	34	12	Verse
ad406225-0b56-4959-82b2-600b6c447a9e	300	100	34	12	.
ef9e25ba-c70a-4085-9e6d-364338d533f7	472	98	32	14	Page
fc30aeac-841a-4f73-ac15-e6ffb8ad9a22	472	98	32	14	.
b6a9acd7-19f6-4b58-a5f9-ddac2f2d91b1	298	110	16	16	17
e9f81868-aa7a-41cc-bf4e-0918cb794ada	316	110	34	16	Great
bbf4cfba-eea9-46ab-9aa3-f121a6720588	352	110	38	16	power
8139c59b-e69c-4727-a1cd-be5fb63e10d4	392	110	12	16	in
caeab2d5-7772-466b-97ce-53a346438bfb	406	110	76	16	preaching
be6adcb1-7d27-4b2b-bb10-caf8bc76e136	406	110	76	16	...
0027679a-2f4f-405e-abf5-cc5f382d79bc	482	112	24	12	.
9efe464c-2cfa-4369-967f-0b31f343d43b	482	112	24	12	390
bf2a03a2-fe1d-4e20-a489-2b8c94c9d280	298	124	16	12	17
9192e10a-f386-47f3-b8f4-23956ba6c4d0	316	124	38	12	Nepbi
2f9ff9ee-f148-493a-883a-1c83bde4d72c	355	124	24	12	and
869b4775-8b3b-4ca0-a34c-197fd030765e	380	124	29	12	Lebi
454d603a-5cf3-4499-a492-9e65633fdb05	411	124	95	12	imprisoned
b05a7249-040b-4572-bef5-801740937304	411	124	95	12	...
81779c08-436e-4bda-a62c-04e443c5e75b	411	124	95	12	391
4906a3b9-d6b8-40ed-8313-6376d433b024	298	136	16	14	79
203bba9a-6a79-43cb-ae7e-1f30faca8981	316	136	68	14	Miraculous
a82e6b1f-11f5-4649-a065-edbdf1dae430	385	136	28	14	help
7a4fa607-0f61-4ff2-958a-848c8ed394bd	415	136	33	14	given
e2c8d910-e699-4f0f-9876-c434fafb012a	450	136	56	14	them
09d98b8a-ad43-4ecb-a345-67995cc62fc8	450	136	56	14	.
f43ca7a4-1eb5-4a40-bae0-2708252d18a0	450	136	56	14	391
91b68b1e-70e7-4cda-b28d-dac36582c055	298	148	16	14	25
425f12c7-5d4c-4089-b3b9-402f9742aa1b	315	148	38	14	Many
2e41880a-5899-47ad-9b04-df38272ed0cf	356	148	63	14	thousands
5eb8030e-f787-4bab-8f5e-9a8232243dec	420	148	68	14	converted
482d6ca8-da8e-43dc-b662-e71d3b884186	420	148	68	14	;
ef0d487f-b530-453f-a20d-26f4ea4aeb6d	328	162	38	12	peaco
f0de3fdc-015b-4265-99ed-cd317077afbf	328	162	38	12	.
d64060d8-dfd8-4bef-a210-1fca440ce5e1	482	160	24	12	.
f5a96a55-2974-4ea8-a379-2f8ff2bc6c5f	482	160	24	12	393
d57dd054-9739-479e-b1c2-8b59224fc77b	298	166	15	20	27
31d84cb3-d987-47fa-ad28-273a853e61dc	316	166	45	20	Lands
4e31b1ff-a156-44eb-b27a-7dfa26f0c2d7	316	166	45	20	;
652972b9-1e18-4676-bfd9-359a80be277b	363	166	27	20	Lehi
5d53c397-36f9-4050-8d1a-5dfbbd1ac257	393	166	22	20	sod
a039436b-fd5f-472a-86ba-2c1ab3e24c8b	418	166	60	20	Mulek
9690347f-b0d7-42bb-97cc-93e018a66bad	418	166	60	20	.....
4fc00d0c-13ed-4ac7-a4ea-f839fd5b68c8	482	172	24	12	.
8d3089bb-af93-4df8-bb67-820a1e189cfe	482	172	24	12	398
b76a6d6e-0aa9-4a83-ab65-404d845b97dc	298	184	17	12	28
abd45135-1d22-4b83-a719-a8abbb08dc27	316	184	51	12	Murders
29ad3a28-6bb1-4415-b75b-8c61a1caf2fc	369	184	83	12	byGadianton's
1e441844-03bc-4c3d-b4a3-b498a4deb4b2	452	184	53	12	band
8069f1a3-1440-4e08-bc91-d683b269660c	453	184	53	12	:
7e3e83ee-afd1-480f-8a0a-00ec1427057c	452	184	53	12	398
ff9bd167-d862-4b23-a4c6-6ca74796758d	298	196	16	14	28
f477130a-644a-4af3-b170-7ff3136a5445	315	196	52	14	Cezoram
8bbce143-3fc1-4603-b96d-23d6300591f4	370	196	26	14	and
06b5edfa-253a-40a9-98da-4b2e68205dfa	398	196	21	14	son
0d8f9d92-314f-41d6-9290-97ebb610308a	420	196	85	14	killed
711b2fd6-bc35-4f5a-9e43-248fd5ec850f	420	196	85	14	........
1a20d701-ba7a-4594-984d-57d2c73388e8	420	196	85	14	394
0c6de21f-f6ef-42e8-9592-a33e09ce1ff2	298	208	18	12	80
56693b23-7070-4011-be2a-a0d4b76f6913	318	208	40	12	Secret
e7253eeb-b839-4dcc-a0e9-0d41d51475a0	360	208	36	12	oaths
d7e41c7b-6d72-4b9a-a058-28f9d1de96f2	397	208	29	12	and
0df5831d-f928-4dee-84f7-65b326c247d0	427	208	61	12	covenants
5393b007-cba9-4f62-96fa-aef6da31719f	328	220	35	14	tower
75845ad3-ee70-44b0-97a1-d04c0e661155	365	220	51	14	bogun
f6119bf4-56d1-4783-81fa-1c8a23e2b3fe	365	220	51	14	...
a7c0ecde-f9ed-446a-950e-6513c15a0259	417	220	89	14	...........
b4e6c2a0-8c03-4c4a-8e3b-e814aceb280b	417	220	89	14	395
ef19baaa-24b7-41ee-9a11-b6d0c826f619	298	232	17	14	31
13a9ba7b-63b4-406d-b766-c1717ea51233	317	232	35	14	Spirit
71b8b4d3-bca3-4724-8a5c-c2e80804dd60	354	232	38	14	begins
d02b0481-ad81-4b3a-8eb4-b75de215a13b	394	232	10	14	to
9c622059-9145-4218-a62a-8daf9a5bb52a	406	232	14	14	be
03745553-b88d-4699-be51-b9b6091e271a	422	232	66	14	withdrawn
9207d13f-8bc3-4adb-bd4e-3be349d6ea54	328	244	31	14	from
69b828a7-a0ae-4866-8081-13bb535e2552	361	244	21	14	the
1a3d53d1-5143-4325-bb0b-b6ef3c1753d4	384	244	61	14	Nephites
f561acad-cdec-4d57-8069-3b23c4ea762a	384	244	61	14	;
b068e03b-fdcc-4124-9b3f-634e92fafbe2	447	244	37	14	cause
b8c97506-ec88-492c-859d-8e97e9cc5b11	447	244	37	14	.
8895ffcc-102e-4da3-8fc6-300b36765d78	485	244	21	14	896
e96bafa0-a43b-4164-a544-d09ac0030ddd	298	256	18	12	32
d50e8878-9254-4af5-b0e7-1531ba7cf2c2	318	256	66	12	Lamanites
f21fc24a-c24d-4547-b4e1-d3048b68af7e	392	258	42	12	preach
97a3d5fa-8673-472c-a741-97a727d55026	444	256	45	13	Christ
1664fa13-3253-4b4e-82b6-b97624fac94a	444	256	45	13	;
faf7cf2d-44a5-4a62-9228-df6b24037d19	328	270	50	10	robbers
73649ac0-ba01-4f6f-b27b-12162d7ebb56	379	270	89	10	overcomo
99e88cd0-2f19-451b-af24-c504bf4b25cb	379	270	89	10	........
e4cc5fbf-7c0a-4c65-ad3b-27436f669459	482	268	24	10	396
6899b312-2a4a-453d-b7f5-f9556d72f1e3	318	282	58	12	Melaman
e68cb7ba-0e1e-40b9-9be3-a7994d6a1681	318	282	58	12	,
298dd388-9c61-47a3-a8d9-ffe5a91b76d7	378	282	31	12	chap
b88018d9-9057-4761-86e1-5e8ed1400ae8	378	282	31	12	,
731d2b98-85b0-4a4e-b5e1-74070d10bdf9	411	282	15	12	3
25c7fc00-f362-4452-bea6-0190989f95de	411	282	15	12	..
2bef162c-a790-4810-a1e0-53a76c4b3a76	304	292	12	14	1
87c4e5ec-b1b1-4a96-b571-e325a61211f8	318	292	59	14	Prophecy
1e6a623b-d8d0-4bd0-9928-431607b8473b	379	292	19	14	of
95705476-4e66-4b7f-8f86-bba7303a0060	482	280	24	12	897
156cacb2-4a28-486d-9c1c-dba0eb89960d	398	294	42	12	Nephi
321d1388-0e04-46b8-811c-44fe88278297	398	294	42	12	,
3e7e7321-a3cb-4c35-9f8c-e52a754a0c37	330	304	64	12	Heleman
0034cd28-9bb5-4a8f-ba5b-1468fb9c4bfe	330	304	64	12	...
b0932ddf-4f86-448c-a60d-f3abe1516c82	446	294	22	10	Bon
5cbd98b9-da5d-4bd7-bbac-44c35c9fd9b3	474	292	16	12	of
1ebc6d26-48f6-4350-aa79-b85912a409c4	482	304	24	12	397
852bbda6-7627-40b4-be96-a41342aab119	305	315	9	22	3
43223759-a624-4d79-94e0-3bcb6d02a1e5	316	316	64	24	Gadianton
444a9e71-fcb9-4e55-808b-49bc66521005	382	317	39	23	sign
3591f1e2-13e9-4b4d-87eb-37ba0b889c04	424	319	6	22	a
398c867a-ac2d-462d-80cb-c6ff12a0b978	432	319	17	22	so
85eb8faa-816d-44a8-aa2b-39fdbe427b59	451	319	39	23	Nephi
4e4e2996-f933-4a82-bc62-ef22e58ac05a	306	330	10	12	6
f47f51e9-6238-4004-8036-7ed9d0d50e2f	318	330	32	12	Chief
cca6abf0-2fef-4d6f-bbcf-59e9b0952776	351	330	38	12	judge
ad90f76d-68a5-4949-90f8-abebd5202be5	390	330	38	12	slain
af669da2-7e07-4737-a216-0b9167a317d3	390	330	38	12	;
ef294707-da3b-422f-b335-09da6c854016	474	318	34	12	...
0c2c55da-64ae-4e10-8678-c7b3729194e7	474	318	34	12	399
237165d9-989d-490f-bf25-d4926df85db9	328	342	37	12	States
2ba5e05a-d126-4f88-9744-af65a6291af8	367	342	99	12	........................
67b80452-f4d8-4c33-811a-faadc51bc988	472	340	34	14	....
ea504b68-13d7-45ce-ba4e-977bdccb6223	472	340	34	14	401
c5a6b4e9-8397-4171-b4c8-217ec726aa54	304	352	12	14	9
3d0af414-f5d6-4f37-b0a3-ec9591cf5d07	318	352	28	14	Vive
07d53a26-4978-4322-8453-c6c344d81247	348	352	26	14	men
6449f1a1-262b-48b2-a145-9e3ffc743c40	376	352	66	14	imprisoned
f25ae643-f76f-499d-8659-c00b2c2e19db	444	352	21	14	for
10f83acc-9961-43aa-9967-488a6c2a79a9	467	352	23	14	the
4e04d603-88fc-4332-8f07-affb031bbe5d	330	366	47	12	murder
81ad7ee9-6799-46a1-bc91-7885217b3443	378	366	22	12	......
5342e7d5-8096-4568-9a04-6f85bc599f1e	298	378	18	12	10
f67739f0-1991-4de0-99e7-35870c0be86c	318	378	35	12	They
dec8a0dc-a4d3-42ab-9bf4-a1e0e296cb51	354	378	25	12	are
482d006a-9c88-408a-a75e-76c22c4e42cf	376	378	44	12	freed
e8a19164-7ecd-4973-9a3b-15a3aeb67fe4	376	378	44	12	;
44cd72c0-ce8f-467a-b84e-293c152a059c	436	364	70	14	...........
1f7ff3b3-7dab-43cc-aff1-12ab0a1df18c	436	364	70	14	402
2db11e2c-04f3-43b2-897b-35b452742d1d	426	378	40	12	Nephi
5839e226-b80c-4223-922d-125294a7c732	468	378	20	12	ac
ec0fa30c-16de-4b1a-bf8f-4e2fd61627bd	468	378	20	12	-
915ec4dd-e1af-41a0-82e9-269968561266	328	390	102	12	cused
6fe23f51-515b-45d5-af58-f6ecd86dd595	328	390	102	12	..............•
ae38179e-a391-4eeb-b49e-5457aa94cd2c	484	390	24	10	40
e23e907f-a544-42c1-8bd0-bdf2240117eb	484	390	24	10	%
6843751e-91d6-49d2-b1c9-c81cbf05a14f	298	402	18	12	11
d47b188c-7d6a-48c6-b640-08fb059413c4	318	402	38	12	Neph
6aada702-15f3-4a12-a78a-22cd74ef23ac	318	402	38	12	:
7e98e719-94e1-4ee5-83c3-aa4aa026aaae	357	402	44	12	detects
5dfe72c3-0e35-48d1-b62d-79cb0c2737a2	401	402	48	12	Cezoram
dae9f764-ee22-4926-a573-ea748a43bcd3	298	414	19	12	12
082c900e-43be-4b49-9704-4dc4fb98e46a	319	414	53	12	Cezoram
48742316-b844-4c0b-aef2-bfa87f877388	373	414	65	12	confesses
babdc96b-cb24-413f-a87a-068726be29f0	373	414	65	12	...
b6fce947-7e82-47dc-ad67-526b84dd0ebc	484	400	22	14	40
88629b47-b5f3-466c-a871-968b1c66f648	484	400	22	14	%
3d4e88c9-decb-4e9b-aa19-75b13c1d4215	486	414	18	10	401
e6cc4aaa-aa43-4f3f-9f08-0505c6e77bfc	298	426	18	12	18
3d25a686-1bb6-4c55-94d9-fba00607ac26	318	426	38	12	Nephi
d46bf184-b284-4852-9d1a-8a3c00cd3e89	357	426	70	12	comfortod
4f569a51-af89-43f5-ba0b-b5e75a7210c0	357	426	70	12	...
1bcd6c53-7f0c-45c0-a4e0-923db688d92a	482	426	22	10	.
c8b7a72c-1c99-416b-9f02-46544256653b	482	426	22	10	401
bf7bc2ac-740f-4ac7-b701-56f604285801	298	438	18	12	14
ce945801-41d2-449d-a63b-b29542de487d	318	438	39	12	Nephi
b3086e85-35a9-4f96-9a4a-f13d7efd1300	358	438	53	12	removed
6394def9-cf9c-46c3-b691-1ed257b66235	412	438	30	12	from
37fb1846-c51f-4864-ab75-eb558e204180	330	450	16	12	by
f7b00f7e-7bed-42ad-bf20-123b747efee3	348	450	23	12	the
9be8847d-42e9-4492-a1a5-c74ba0b37ce1	372	450	54	12	Spirit
3ddf0d8f-6775-4011-89b6-89bd108e4c70	372	450	54	12	.....
05fc5171-c820-4488-963a-aa42f400876d	452	440	38	10	anger
61769f19-994e-47bc-ae67-f6bd995a6475	484	450	24	10	405
00558937-5fba-4717-9050-568fc6b47065	318	462	58	14	Helaman
daa3c099-785c-4d70-bf02-9aa8953ac0f6	318	462	58	14	,
ce019528-8705-4471-bfd5-a9f1397e6cba	377	462	35	14	chap
db75c6ba-ef48-413a-b33c-53eb27e0e63c	377	462	35	14	.
e79dda80-ade2-4298-bd5b-17dd9fdcfcdf	414	462	14	14	1
50b41aa2-79d8-4a8f-9dec-b5192b941fcf	414	462	14	14	..
5e916253-c9c4-4018-845d-8bc97ba8a296	484	462	24	14	406
0964eec5-3d41-4b6b-8753-4062fe061d37	306	474	11	12	2
14d7579f-6b0d-41c0-a5ed-4fbddb3161c3	318	474	54	13	Fainine
3439ff4a-bf78-4d90-bdff-2fc241fd2c3f	318	474	54	13	...
3eb5de69-da9f-4ced-8140-74104f5882de	486	474	22	10	403
adbae3f0-fd72-4fd7-b10c-d9b81be55f3d	318	486	45	12	Kamine
4a914ee4-578a-4dd8-a3bd-51f20c8a4be4	365	486	42	12	ceases
69d76986-f248-4eb0-aa7d-4055569eb918	365	486	42	12	;
bc48ca13-ce15-4c5d-82e1-0964137704b2	408	486	40	12	people
72d80c91-1f50-478c-a107-215ab27cd362	450	486	58	12	repent40T
08e1c088-47f5-4a7c-a991-8cb2a3048f9e	316	498	66	12	Gadianton
1e15d4d9-1431-4c93-b61a-1cc987674c6d	384	498	45	12	robbers
a51740c5-0340-457c-a4d1-e9f0b9852edd	430	498	78	12	destroyed408
dfe1ed99-fe90-4324-ba6c-57f9e7111ad3	306	510	10	14	8
f3fa9401-4f1f-42a2-920f-9b6d7c6b9582	318	510	24	14	The
081952d7-3602-410c-82a9-00e141f4351b	344	510	38	14	people
c2d92e04-cb62-4669-a56a-0d2547c52d25	385	510	24	14	wax
ab823068-b984-444b-bf9e-1dad00c289c5	411	510	38	14	strong
2905b926-51f7-42b0-93a0-f757ebf642ef	451	510	14	14	in
681b8669-947b-4e74-b6b8-415ffed4cbf2	467	510	23	14	ini
f954b91c-afb9-485c-a83a-4dbaf4cf03b9	467	510	23	14	-
1277bbe2-6018-4ab0-b26b-b8180ebae4df	330	524	42	12	quity
e91ed139-3324-4891-88ae-a6865edb8dc3	330	524	42	12	.
c1f8497c-eab6-43a3-960e-08ae49e6c018	486	522	20	10	409
56dddfb7-b9e7-4f41-bc6f-6445a6ac7a89	320	534	17	14	He
b96fa578-889a-4451-a4e7-2a35a6f2e98b	339	534	38	14	sman
bef0737b-a63a-45b4-baaf-f982865a5477	339	534	38	14	,
92f133a4-3e90-4e6e-adbe-e9179a075f9a	379	534	31	14	chap
89da3308-8af9-479e-9069-77f57d0d0002	412	534	26	12	Б
934bc40f-148b-4a11-b00d-e9cd0d28ffb0	412	534	26	12	....
d721d2b9-58ac-4426-9ef1-7abb005f7347	476	534	30	12	...
01204730-ced1-4726-93a4-d172b2a3c70c	476	534	30	12	411
da1b31e2-9867-4f84-94e4-65e0888707b3	306	546	12	12	1
c3666bd6-0d02-408b-8f00-3541db115d58	319	546	57	12	Prophecy
a86b8e10-5d77-4c0e-9308-08da4a728b2a	378	546	15	12	of
07dddd68-d5ec-4ed6-966b-b040dc0da085	395	546	48	12	Samuel
236d2b41-5354-4f1c-838f-cf53eca5b809	444	546	23	12	the
90b509b2-57d4-4316-823c-79534e6c3e61	468	546	20	12	La
49618eb0-0b2e-46fa-950b-eba24d2739c1	468	546	20	12	-
321b6a3f-3b52-4b13-852f-ec59d49660bf	332	560	50	10	manite
247a04f0-7b66-460c-8234-33530090fe86	332	560	50	10	..
7997c6ab-133c-468c-8d30-4fd6e21ed389	482	558	26	12	.
50fdf05b-ea0d-45e5-8e0b-07f3f360f00a	482	558	26	12	411
f624fa6f-b10a-4d2b-a9b7-64c6650a72c2	306	570	10	14	4
f3dcc273-a1a1-4899-8746-4d3f9f9d1f5e	318	570	35	14	Tools
24526e46-90b5-4968-a2e5-daa9c6b63d4c	355	570	26	14	and
818d8dce-f324-4f83-ba11-ef06920544f7	383	570	75	14	implements
bb32fce3-1a8f-45da-9582-0ec060dfa65c	460	570	28	14	mys
c9b8574d-8b26-460b-9c88-7a4abf59bd93	460	570	28	14	-
9d3cecd3-5b17-44ef-94a1-588931f05f2f	330	582	57	12	teriously
55e561d4-cb5b-4544-b684-bfaebb04ca3b	389	582	57	12	removed
afba5557-f213-4690-9abb-9c72f893da12	389	582	57	12	..
d6625346-b086-4295-ad6e-cb5128d30848	476	582	32	12	..
41348150-4f30-4921-940d-d0325fd98ced	476	582	32	12	413
2f025e01-11e3-416b-b322-7bf29644dd3e	300	594	10	14	5
c5d06ff2-e83a-4728-a63c-c97be0d0a305	312	594	28	14	Two
fe50c57f-5828-403f-9867-11962a114983	342	594	28	14	days
9c281547-e5bb-453f-9169-f633db754e0f	372	594	23	14	and
f4720e89-8cd5-4b09-a657-60e0bfa4ddaa	396	594	23	14	one
ec430e2e-cd49-44f7-a824-9dc29fbcf5db	421	594	35	14	night
c55ffdd1-44aa-4007-a3c5-320042e0d819	457	594	35	14	with
b5f84ca2-2c9b-4760-a214-1605a51b9bba	332	608	20	10	out
e1b48dfc-c80a-4596-8c4b-3d5ca1c64e94	353	608	61	10	darkuess
b550d3fa-c072-41d0-b04e-beb8c35f7503	353	608	61	10	;
87139643-b3b8-4ffa-afc5-9145630e71d5	416	608	10	10	a
98a1d02f-d8f6-4214-b867-5e29ebbc0c8e	427	608	55	10	digo
ee137252-36b9-4fd5-a492-0551c40ba8a1	427	608	55	10	........
3aa2646f-8b45-4a2e-a8bd-d4414e5c8e3e	488	606	22	12	414
9b0aace9-ed64-48a1-b66a-78dc9ff97dab	308	618	11	12	6
7fe548d6-e080-4b48-8e0e-8531f383452a	320	618	14	12	A
ab54f42e-77a7-43bf-90ad-17557d70f562	335	618	29	12	new
ccc8339a-17f3-445d-bb32-a1dab14c61b5	365	618	35	12	star
2b479ef8-d023-447e-99eb-f18f3b649021	365	618	35	12	:
8750dbb9-8a95-4082-9530-d2ef2b406ce3	401	618	51	12	Christ's
7b740380-d9e2-4b6e-9658-a645d7675a1d	453	618	35	12	cruci
3c9326cf-a688-4625-b2b2-1f7cbd169bd9	453	618	35	12	-
554197e5-77ee-48b4-8d60-3beffa92e959	330	632	52	10	fixion
19df8137-3ccf-431c-9f14-3e36830d5ed9	330	632	52	10	...
d8620247-15ec-4334-b89d-147d366d2b47	308	642	9	14	7
725c98f2-9da4-4adb-aa85-8cfc694fc44b	318	642	47	14	Strange
0da376c6-625b-4646-a745-da2c43458e11	367	642	35	14	signs
7eb0fa12-d5c2-4b3b-baca-90b13c2f9b0e	367	642	35	14	.
8aae64d9-f45f-4c82-9ab0-a0944565615e	486	630	24	12	414
5c6c1d1f-b503-4949-8e5e-51490bc5d16d	486	642	24	12	418
ae6d72a5-bdfb-4e9c-9dab-8fcf18cbf26e	306	654	12	14	9
ead81d7f-e928-4e95-b1bd-a1896bb9d65b	320	654	45	14	Samuel
5c856ef2-b370-4184-bc88-40d14de42703	367	654	51	14	stoued
fdb3e82c-b7a7-4d3a-ab73-b93fe5d7f6b2	367	654	51	14	;
561bbcce-02d2-43f2-8380-f6818f26980a	420	654	40	14	Nephl
f29f0446-14a4-47b0-a665-7abd2a4865bd	462	654	28	14	bap
51587627-1995-4dca-8676-bf063c575f53	462	654	28	14	-
bdeb2301-066e-4bbc-a57d-1aa62ce5b149	332	668	44	12	tizing
62cc66c3-febf-479f-98ef-abac54abe3ae	332	668	44	12	.
91967049-f440-4f08-ba2b-e19202650a57	486	666	22	12	418
0f305db2-6673-4b37-acae-f3777caa12c9	300	680	19	12	10
0132c589-92ae-4bc5-8521-62bd0ac15829	321	680	40	12	Angels
d938d9b9-4d0f-4656-8855-e3f77e5cfa62	363	680	41	12	appear
63bc9206-6f0c-49f4-8732-55fe54809d3c	484	678	24	14	.
dec76424-2c6e-4413-a817-0655e243b4d7	484	678	24	14	419
473c17df-6175-4850-8ac1-a76841116a4b	344	702	26	14	THE
b04129dd-1773-4ff9-9317-9288d67a9c50	372	702	31	14	BOOK
f87916c8-2a93-4cdb-b234-dfef33827cf8	405	702	17	14	OF
bfe09ad9-3e34-4254-89cf-6e12c5940f99	424	702	42	14	NEPT
04f753ff-de80-4dd5-84a6-67ca0dff0e8b	424	702	42	14	.
44e1959d-b38a-47a0-9457-7eebaaf874da	320	716	47	12	Chapter
40acc35b-abea-4183-bfc9-b825628bb739	368	716	16	12	1
a7ebf9dc-f29b-437b-a5fd-975863c235ec	368	716	16	12	..
5a3f3b83-733c-4663-a9b9-526c5c64dc8a	488	716	22	10	420
261054a9-7755-4988-bc81-d88b9f93c907	306	728	6	26	1
5ebfd522-d992-4894-ab34-d0f81ecbdcdd	316	728	45	26	chor
33968757-8dd6-4382-95dc-8db2059d12ea	364	728	16	26	a
7387e619-de94-4276-9743-4dc5ea0db8f1	384	728	36	26	lot
0911ff14-1f3e-4f62-8e90-00b4837d27ec	423	728	67	26	Jerusalem
9983bed9-fbd3-4527-ba7c-2e6c53e90e8a	423	728	67	26	;
f631d5fb-b2eb-47ee-a891-3ff10b4bf8aa	332	750	45	14	Nephi's
215732b3-6805-4233-b463-def764fb41f0	379	750	45	14	strange
ef5034dc-6489-4dc8-af5e-5b183c207912	426	750	82	14	departure
f7cebc8e-aa7d-4e5d-be51-23e2ddda8d24	426	750	82	14	.
df65c5b6-46f6-47ad-a09e-47b50f744e99	426	750	82	14	420
da32eeb0-13a7-4565-87c6-b5a7c67d6619	308	764	10	14	3
23cd7e63-cf05-4cee-b0f1-67ac25867c41	320	764	24	14	Day
c6896aea-69b4-4114-94df-4a57cfa1dd5d	346	764	19	14	set
c66af5c5-3237-44c3-bb25-5ffc43adb097	367	764	37	14	apart
98737744-1cc9-4612-b56c-6b144f91bd82	406	764	16	14	to
a872e313-0f7a-417a-92ba-d46472089926	423	764	45	14	punish
7ccf50cc-5a00-482d-b9fc-e81a19bea595	471	764	19	14	be
5c05837c-b637-4cb7-80c4-2a6704e4e346	330	776	50	12	lievers
a95a390e-35c3-49b6-ad62-eba40939135e	330	776	50	12	.
a03e9f52-677c-4ed4-8aec-876cef56e3e6	306	788	12	14	4
66efbd01-11e8-4812-9b63-0cb12b44b005	320	788	54	14	Samuel's
3c5f0172-4485-4de2-8ab3-c43b6aba5a27	376	788	58	14	prophecy
ae04d18d-fb2c-4b45-a977-44c62a7c1b7e	435	788	19	14	full
82ea4c6a-abe3-45e7-be24-4e43bb176465	332	802	17	12	no
7057dec2-e555-4643-8b60-3dfccd0fe570	350	802	36	12	night
525490a6-d9f0-4723-a0a7-f34e733e4659	350	802	36	12	.
7433d988-cbb8-4433-b1a6-1903a6436155	488	800	22	10	422
b0d39e29-fead-4e90-9acc-029aed44d8ae	428	830	60	24	roogle
