ID	X	Y	Width	Height	Text
ecaed441-5f0a-4f31-861c-6851bfd42249	583	1550	365	60	GretagMacbeth
2a640aef-cc1f-413c-a2dc-9805164d90e6	583	1550	365	60	"
58f90a8c-9da9-42ca-8b03-2958453d6244	954	1547	296	58	ColorChecker
5eff6a34-9394-463e-a899-af15391f142d	1257	1546	131	56	Color
c45aae6b-6cef-474c-a4e4-a479966dc7f4	1394	1544	214	57	Rendition
c02331b1-6e85-481e-9a20-681e17fe5439	1614	1542	130	57	Chart
c48fce1e-07ed-48a7-be64-82e0e0c3bdc1	1282	1717	34	7	1416
6d350f0d-e40c-47ac-b7e4-12839bb3a733	1282	1717	34	7	)
8474a5a3-8c1d-49fe-863a-5cc6af823168	1581	1727	31	14	72.95
e84a35bc-6e01-44fb-a0f8-0c68fafaa8db	292	1734	15	17	65
942029fc-0b7b-4738-8136-1dd4a7b850cf	309	1734	17	17	43
39da58f5-66fd-4681-9a4f-4a8a55a1c20b	295	1747	27	14	18.11
d08bd3d5-06b8-4707-8afd-6c2b76b7a117	343	1734	31	17	4987
a5014965-812c-4c87-9e70-2fc098dda6af	346	1747	27	14	4.34
abbeefeb-429a-4ff7-aca2-8da657514a0d	336	1764	37	7	*
d6fb32a2-0f21-450e-ae48-f8921a79909e	336	1764	37	7	22.29
33799f82-683b-4da2-bdb4-a4825a1cf17f	390	1734	34	14	44.26
f70e060b-912c-4ce1-bab2-e036c1134a7d	390	1751	17	7	-
4e9f3bd6-6f47-4da7-ae33-29ecb625cc7f	390	1751	17	7	13
465a26c8-a2a7-4d95-b21e-5c36626970a9	408	1751	12	7	60
ebe163c3-73ad-42b8-a6e4-9ac44a849e34	390	1758	34	17	22.85
3a16c75b-d3e3-4bc6-a14c-57415c8d069d	190	1785	36	17	D50
fd40e4c9-02d6-43ed-97c7-014fe94848c6	228	1785	74	17	Illuminant
9c88fcb7-aaa4-4feb-a283-7df72be7b077	228	1785	74	17	,
b805e3b7-2678-4c31-ae9f-df7646c4ec1b	305	1785	11	17	2
1853ed6b-7e92-4679-a5d4-b3023171335d	318	1785	53	17	degree
2940d311-02ea-4968-8005-f1c4963d9bdb	373	1785	68	17	observer
a642f7c3-a4cc-4722-892a-d94369216dad	489	1734	34	14	70.82
fdd30a1a-008c-48d0-852f-9b75fbca830c	489	1747	34	14	-
fa9ddf8a-3657-4939-992d-7a0b8947d402	489	1747	34	14	33.43
36995927-324b-47bc-bcac-56d5cb6ea562	587	1730	34	17	39.92
cc39021c-7c73-4f74-b5fc-8b3a254dd376	889	1730	9	17	72
d3ce10af-7835-4dc8-aad2-2f0af46481b4	900	1730	13	17	DE
46106366-8d26-487a-98db-ed8424c82f14	936	1727	34	20	62.15
67c9fdf0-ac83-4449-887b-455f7dfcd7d2	438	1758	37	17	-
3521a4ab-143f-471b-a5f2-3512d9f3bd29	438	1758	37	17	24.49
f11495cf-fd55-444c-a7bf-7cc21ff5ffea	1330	1727	34	31	10.19
f91f6841-3673-4b3b-9492-8ce52610ddb1	1479	1727	34	14	31.41
f5c0bb30-3e10-41e2-b1d2-d150fffb9754	1482	1741	31	14	20.98
7f0e20f1-a927-47ed-b720-a9a1c0cc9e45	539	1751	27	7	04.21
7203d5c1-8810-4a00-9e5b-10c5c9c8f270	533	1781	58	17	Density
d0fc9b3c-78af-4418-bd6d-4912d73f4cfd	1001	1767	70	34	Golden
c9699c31-cbc1-4297-a8e5-b2b2f2ac6e25	1075	1768	79	35	Thread
155948d6-0749-46b5-a5ef-8b86bd3535fd	1191	1744	20	7	M
f5a30d9b-e933-4994-b610-3fc0ed6469fd	1191	1744	20	7	.
8e44cf4f-ac8f-4c40-bcd6-02f6fd793200	1191	1744	20	7	16
d05acb87-b9f3-4f01-bd54-2e3852609b6b	1187	1778	31	17	0.75
1f126841-4e42-4672-8a8b-41ca45ca8ff8	1231	1730	31	24	38.62
0cf24c06-331d-4b29-a8bb-b59aee09739e	1235	1754	31	17	-
4dd819de-0eed-468f-a951-71e12fef94b5	1235	1754	31	17	D
fad0b4ad-f29d-4a15-957b-32562a1d679e	1235	1754	31	17	.
441dac8e-ed9d-49e5-bf4e-88652efc99d9	1235	1754	31	17	04
ee208aff-8810-4a9e-bb09-c3718e010d03	1388	1727	27	17	829
7e3132e3-dc66-48fd-a4cb-87adb47e2283	1530	1727	34	17	72.46
805e0251-7c06-4ece-8c15-5385b97aa77b	1530	1751	34	17	55.93
d4ce4050-fdaa-4464-bb13-34df83b11839	1628	1727	34	17	29.37
95746166-aba2-43ea-8cb5-f74203c18748	1628	1758	31	7	-
5d94143b-5e77-4087-bc81-51e7d2a9a43f	1628	1758	31	7	44.18
b5f7490b-9fb2-48f2-b402-b063cc383f96	1679	1727	31	14	54.91
5175c3a0-cf08-4f4c-bb96-5e8ffb4c94af	1727	1727	34	14	43.98
ba1e7bfe-4bf6-41da-8529-56609a7149b1	1730	1741	27	14	52.00
44463025-8cb5-4b11-a32b-3b0c504586e9	1778	1727	34	14	82.74
f43c07c5-0734-45dd-888e-197ee44ec441	1784	1741	27	14	3.45
ca6e6485-5d5a-4df6-a474-a0cb94f0ae53	1666	1775	48	20	Colors
de2ceeeb-79f8-4a63-967d-5b8f8c8540af	1716	1775	17	20	by
27d209be-6da2-41e2-82f3-e04cb4fff3f9	1736	1775	60	20	Munsell
581ab606-db41-40aa-9dd2-693ce1dc8468	1799	1775	43	20	Color
edd2d54b-fbb6-4180-9160-ca90acd4bc0c	1844	1775	65	20	Services
8cfaeee0-191d-4ec7-ab46-7bc092a00822	1911	1775	29	20	Lab
