ID	X	Y	Width	Height	Text
a5ddf4ad-f724-4f52-940b-4eb05da223eb	70	66	28	14	Vill
075a1fdd-e2cc-4ca4-a648-4b2a9656a741	72	90	34	16	Versa
be903210-8f82-4a64-a4a1-5bf8d3f6becd	76	104	12	12	&
21cc20ad-ffd6-409c-8f5b-7c365e5fd35e	90	104	31	12	They
517a73de-0d00-4d45-bb20-28cb021f2290	123	104	44	12	receive
b5c7558e-7e64-448c-8592-f7fa155b4eaf	168	104	59	12	remission
226c1bf3-99ce-43f7-9316-3811b1b665e1	168	104	59	12	.
b13fa894-4fc9-478a-bb9d-d31a82485bff	246	94	30	10	rage
e8a99a6a-20e5-40a9-aac4-afe575816074	246	94	30	10	.
b8b205e6-620d-49d3-a71e-9a0e0726dbf0	76	114	10	14	3
8d93c170-64eb-4c40-9cf6-11327dfde35d	88	114	70	14	Repentance
a595a92c-b7aa-4d9c-b5d6-853e23a6f9d7	160	114	54	14	taught
e360052e-db05-4b38-b26b-dd827f7910b4	160	114	54	14	....
bd2ecf0f-5fb0-40ca-8a1b-f56301cd724a	258	104	5	10	1
2a2d70a9-4dcb-4b4f-8e64-79f633b326b1	264	104	10	10	19
80c009ac-a8b2-4928-9460-ecc2053036b0	254	116	24	10	150
2504c89d-c5a7-4446-a30c-1ce7c717f114	88	128	51	14	Веркатв
8baf4a63-ca28-4db3-92e5-48e9b441d4a5	140	128	26	14	тау
77d239a1-7c17-4abd-ab39-bf482e0cd3db	168	128	40	14	соше
7f94a811-d2c5-4c13-ac06-be04c75b2346	168	128	40	14	...
dd018e7d-86ff-47d6-b660-f37503c8b02f	254	126	22	12	151
627fc61d-e42c-445f-9f0d-5e9039ec699a	76	140	10	14	6
13b04043-1681-4aad-80db-cff636968249	88	140	42	14	Sundry
9b282b3c-0342-4684-ae25-be122624ba18	132	140	37	14	dutiea
2ae3bcc6-1271-40a4-8225-a301fbb88759	170	140	56	14	eujoined
ee72684d-cd9c-46c7-a01e-aa40e223be20	170	140	56	14	.
eea0ba2c-4e75-4438-92c3-3e652ab77bb3	254	140	22	10	152
fd19fa7f-7bf9-422e-a133-9df83ef049fb	90	152	45	12	Musiah
2934bd5a-113a-45a2-8efe-066077e7a81e	90	152	45	12	,
0c18991e-8da2-48aa-ab39-1f19454eaf46	137	152	33	12	chap
c974cf70-c4c1-4529-8d4f-c5a1069ddc32	137	152	33	12	.
44e44224-74c1-4286-89ea-65d633fff619	171	152	11	12	S
c92ba19a-a899-4c20-b934-2ea6e33dca96	254	152	22	10	.
30eebf16-bd88-4673-a162-229c543dc77d	254	152	22	10	152
69dd4b0c-15b5-49a6-a2c5-6c8ad3aab356	76	163	11	12	&
8a8a286c-1242-4c4e-845c-d5a4e20348b9	88	164	24	12	The
d0a953d0-9da1-4f92-b93d-00c1a3b2b85c	113	164	51	12	children
182fdee3-8803-4244-94e9-3da27b8fe5ee	166	164	15	12	of
e4ce5bb3-5adc-43a5-bb6b-9e67fc7bd8d9	182	164	46	12	Christ
df812719-bf78-4057-9291-2e33f5c07aab	182	164	46	12	..
32b0b10f-2b99-40d3-9630-7c78f50a0bbd	76	176	10	14	3
1827f1b1-7b93-4f1f-aa90-86d34854e74c	88	176	54	14	Disciples
a76106d5-83cd-4443-bb57-d558e14325e8	144	176	40	14	named
6859669f-7a12-4ad7-a214-7f4be0cf1acb	186	176	14	14	in
1c383afc-b40e-41e3-8a44-56ac26807510	202	176	40	14	Christ
5bc333fc-bb69-4b52-a338-84344525d955	202	176	40	14	.
b663bf39-eb33-4869-a867-ed7ccdae9bdd	254	164	22	12	153
8a6c8cea-cde6-4cf8-b571-1b3e4c2a602a	254	176	22	10	153
142193e1-f4de-4c1b-87f2-7464a73b9ee5	88	188	47	14	Mosiah
000246dc-db76-402f-a2cb-95dd06a296ba	88	188	47	14	,
68a71d1c-f772-4533-9fb2-f5aa0480d105	137	188	47	14	chapter
425a7e3b-a848-4190-b45f-0a1bc02109c6	186	188	36	14	4
5dad3854-fef5-4334-a397-befe7c39ffc1	186	188	36	14	.......
5aac1ecc-2a1a-4ce7-a64c-095d10e6a35a	250	188	26	12	.
b0ac501b-2ea5-4394-a0d6-5db13af68785	250	188	26	12	154
9bd803c6-a8c7-4b39-bb12-9d3c66c795e3	74	200	12	14	1
15c25688-29bc-4a42-afc2-6842c0f7ea7a	74	200	12	14	.
4c4c73b9-bf21-4948-8a6c-4a504226220a	88	200	40	14	Names
c471a682-32ec-474d-a0e6-77598232479e	130	200	70	14	covenauting
f25d5a00-1473-4da2-8bfa-3c7bf9c4759b	202	200	28	14	with
8f7c6859-b8ec-43a6-8bc0-3837385c545e	231	200	29	14	God
fed39d10-1acd-499d-9f13-ffabfa9f43f5	231	200	29	14	;
49f5b9d7-ed96-48fc-a479-452ef32af52f	100	214	42	12	priesta
8824edf4-6927-43d2-bd51-6e776665af25	144	214	81	12	appointed
5e13ed00-139c-49df-859e-ff1a31db92f9	144	214	81	12	......
53aeeef2-f6d5-4907-aafe-7152e9277473	76	224	9	14	2
b90da393-ab00-4bf1-a096-c2be522d77d3	86	224	45	14	Moxish
89411670-b52c-4396-b9ae-bf50643169c2	134	224	38	14	begins
2a89e64a-e1f9-40ea-b3b2-c39ab1d32c41	174	224	12	14	to
5db69fc4-9ebe-4fbc-962b-f7fc831460b4	188	224	34	14	reign
d124363c-40af-4d32-9553-e031fe55e560	188	224	34	14	.
307bfeb9-21f7-4ba8-a374-fbdc4af9c845	254	212	22	12	.
a36e4494-6e00-41f2-be63-b46fe51c6dd2	254	212	22	12	154
f7189885-771d-441c-a290-fb70cceb1dd5	252	224	24	14	.
a3d15cff-068b-462c-ad73-340730237006	252	224	24	14	154
eefc70f7-36a2-47af-a0b2-ce94ba9cd155	88	236	45	14	Musiah
e98291e6-6e1f-4a03-9288-73e6e7e3d18e	88	236	45	14	,
af963350-eb11-473b-8691-8fd17818a2f2	135	236	33	14	chap
3a6cdcf1-80d8-47fc-a781-cbd5514bbaee	135	236	33	14	.
0c118763-af69-4117-b23c-d76f6e6e147c	170	236	9	14	5
98c24392-7f3c-4e0b-a1b7-437f03e0f9e2	181	236	33	14	.........
ac9b0c0f-4a5b-4736-97e0-736f93ab2458	74	248	12	12	2
b4f780d5-f9b2-4903-98c8-0bedd26f34a4	88	248	42	12	Search
0c6aa71a-b6c5-4bc3-993c-c218d946ab37	131	248	21	12	for
90e70c53-2774-410c-8e42-277fdc1c8e3f	154	248	68	12	Lehi
89aaebfc-3353-40ad-aa17-7cc8946d81e9	154	248	68	12	-
4fcc67ee-a963-43e6-b789-419a9ccb664d	154	248	68	12	Nephi
d43fe61e-8e58-4096-8b1f-5411c4c73e5d	154	248	68	12	.
c1b232bf-9e55-457a-90cc-c48e7c47780f	254	236	22	12	155
054c2adc-fdb4-4963-9bf6-9e16dc6cf655	74	260	12	14	2
781b1602-48cc-497d-a0d0-6184ce1fcade	88	260	47	14	Ammon
08b1a443-985d-4555-a40b-52147cd457c5	137	260	24	14	and
6d993d89-ec9b-471a-9369-dbc73e642438	163	260	38	14	othere
91227468-74ed-4626-ae23-ea4fea1f8168	203	260	33	14	bounc
9d077970-2770-4bef-a06c-f3b82226de2b	254	248	22	12	155
069bd662-6482-417b-b9aa-a0e6b8e83eb0	74	272	13	12	3
ec5adf7f-a5d3-445c-8c64-e7dff347f98a	89	272	48	12	Ammon
7edea83a-999e-4752-8abd-504b19313f2d	139	272	38	12	before
9cba90fa-90fe-4a63-8aeb-4cc9ff4955c5	178	272	38	12	Limhi
f3cb624d-f1a2-490a-8790-9e1a45a16659	178	272	38	12	.
c718a287-fa80-4795-a7f6-bdf5a843f40b	252	262	22	10	.
8a596d7c-54bf-46bd-a157-8b99f9549d07	252	262	22	10	158
c2685380-ca73-4d6d-b827-ea05fd8beb77	74	284	12	14	§
8e449e09-a027-451a-923c-fa515f505ab4	88	284	45	14	Limbi's
541e8b14-9212-4e2d-ac42-88eea57e5169	135	284	89	14	prociamation
07c98a0e-c0cd-481c-86fd-dddb192fe60c	135	284	89	14	...
8c52bf19-76d2-4c6c-81cf-87db460c8c55	252	274	24	10	.
975d8e26-95df-4e53-8364-51d85cc75ff3	252	274	24	10	155
ac51b968-3803-4392-a771-9ba9827e1e85	250	286	26	10	156
4d9c556f-f78f-4c77-9305-4c22dc9ce984	74	296	12	14	8
0e4a03f0-ff2e-41ae-98a7-16a3902f4020	74	296	12	14	.
eaea2cd5-32f8-4843-9862-ad0862d6df56	88	296	47	14	Ammon
a607829a-46e6-46fa-ba5c-1272dec0c4dd	137	296	56	14	addresses
928fcf53-a5a1-4a27-bda6-8992213e338b	195	296	21	14	the
63b1fd5f-738a-4722-83a8-dd28a9c8f758	217	296	59	14	people158
91832320-6f96-4ccf-99aa-c8dd822d7503	76	308	10	12	9
c551d95c-538f-4054-a42e-7aab05b0478b	88	308	36	12	Plates
3ccbe921-e663-48a1-b852-cae9ea80f352	126	308	72	12	found
93d75ce9-5fa9-48ff-a338-ece8662c87cd	126	308	72	12	..........
c9226bd9-c999-44d1-92e7-9140d71c50e9	246	310	30	10	..
f82ef5f0-da4b-436e-9d7d-ee63b1b4c28f	246	310	30	10	158
ccfb351c-07b7-4766-b473-72db9c671949	70	322	16	12	10
cf1f201a-87d5-46f4-b96c-6f4d54d8b27b	88	322	10	12	A
1c276b3d-0fad-4797-89e5-ddb571288594	100	322	28	12	eer
063eea9d-436b-47c7-af88-27e91a8332a1	130	322	42	12	named
f46fb6d2-a3a4-4462-ba97-47c042d8c94b	130	322	42	12	.
7a0a6604-6aec-47f0-a952-40c977cfa8d7	254	322	22	10	159
ce355115-3212-4504-bfbb-83f4e3ebbd6c	88	334	46	12	Мовіал
1cce219a-920c-45e1-8112-2e65fbf84f43	88	334	46	12	,
911cdef8-ffd0-4639-adfa-ab1c965084c4	136	334	33	12	спар
abb891a6-7238-4f07-9802-9c5eb22f65b1	136	334	33	12	.
dde2f334-3773-40bc-8e4c-d7d0733de1ce	171	334	25	12	6
de38688d-f345-4a6e-adfb-be61e191e2b9	171	334	25	12	.....
f4af77f4-8ef7-4e05-8f31-26b954475e34	252	334	24	10	.
ea0d2cfd-fcfa-4db1-85bf-dffd4bc7d615	252	334	24	10	160
8356bbff-cc18-4a37-b174-08aa5b058b4e	74	346	13	10	1
737f40cc-dd9c-4254-8e1b-da92dd8824ec	88	346	43	10	Record
1fa1082d-55a1-48a5-8763-ab4c014fe1d1	132	346	15	10	of
4891d3de-c685-48a9-b9e7-5b23bc0edfde	148	346	38	10	Zeuill
28624673-4ed9-41cf-a7e9-9d7ee4106229	148	346	38	10	.
e4925206-ec63-433c-b080-5aeb128fbb77	252	346	22	10	.
e712fc22-362e-4951-ae58-0171e2b6dc40	252	346	22	10	180
4435f638-37ee-400a-b03c-f216f51826bb	74	358	12	12	5
7231ec3a-f218-429c-ba3a-b86e6028e3ac	88	358	42	12	Battles
fe4443aa-a884-4621-aaab-f05ef473371a	131	358	63	12	fongbt
823a068e-d564-49e2-9290-af2be0125ff6	131	358	63	12	......
21a7ed20-3426-4e1c-934b-75d834e6dfb5	252	358	22	10	.
460be038-12d6-4b46-9481-4cfb6c532698	252	358	22	10	167
835b9b18-2e9b-4bed-9aeb-f52a4bdcf013	68	370	18	12	13
8bfb192b-a8ce-46d2-9de3-b7592bdee126	88	370	63	12	Tamanites
30989870-9bc1-4144-9205-6e10d0d36234	152	370	41	12	driven
5dc25a12-b883-4d4a-ab84-bca1bc5456d2	194	370	24	12	out
9bee124c-c50f-46b1-9b60-da77a0e68ccc	194	370	24	12	..
400ef6ad-88fd-4fb8-a120-e7d9a726e556	252	370	22	10	.
06932309-98f6-49cb-970a-bd05d997191a	252	370	22	10	163
f3dc10ae-7e0e-455e-b4d7-0bc564fcc4d6	88	382	45	14	Musiah
2b84a210-0a6e-4ac1-b966-bc60aef776fe	88	382	45	14	,
dbd73e57-1e41-4cfd-88b1-385d1580e343	135	382	33	14	chap
ade7350a-8994-4780-85ae-bd050dc5469f	135	382	33	14	.
c88d4406-cd4c-48c7-b359-5241f658624e	252	382	22	12	164
a98977fb-8cef-44bf-8af1-47a2b69f825b	74	392	10	14	1
cfed0d47-b41d-4c30-821e-8d743bee143b	86	392	31	14	Nosh
3ea81187-820c-4a62-849a-5f726996bb8b	119	392	51	14	succeeda
d15ec98a-f773-4831-b30d-a3dc5f365678	172	392	42	14	Zeniff
a6bf50f5-7867-48b4-9b01-7a03343d48cb	172	392	42	14	..
b211c788-0295-441d-9339-eb65a91057d8	74	406	12	12	1
47e209c2-63a2-489f-9799-1782a548c7b5	88	406	42	12	Noah's
542b85d5-2cbd-4838-89b2-be96c6c1abe2	131	406	81	12	wickedness
713b1b19-b7f7-4f01-9e78-e6dc74e2b015	131	406	81	12	....
4be3e89c-7d6d-49a8-b1f5-d9e59a1d4a04	252	394	22	12	164
44b8b384-4a78-4d19-95bb-acb2216bf733	252	406	22	10	164
3e78e1d6-964b-439f-8a7d-b7706dc3fe7c	74	418	12	12	8
95e19e66-ca1a-41eb-8663-06fec29825b5	88	418	50	12	Prophet
b4004347-19e2-4a95-b118-4e9074aa3aa4	139	418	62	12	Abinadi
ff133f0f-0404-4641-847c-65f8f4a15518	139	418	62	12	....
0611f9e7-c630-4c14-ab56-749457a6f205	252	418	22	12	.
5f7a0441-730a-41da-badf-5860f015f4bc	252	418	22	12	185
909864e4-df5f-4c36-846c-c43c3e0cb8c6	68	430	17	14	18
9fb8f591-7a68-479b-852a-29350c0a8fb7	87	430	47	14	Abinadi
c418fe97-69c4-4352-a63a-f3b277f4fde6	136	430	45	14	against
4eed9e4f-1b6e-4856-8dcd-ff603945b288	183	430	21	14	the
d98c21ac-6f6a-4b18-b8f6-1a8aac148146	206	430	68	14	people
b150e46b-fe5f-4717-90e4-688875227974	206	430	68	14	...
8d641938-070d-40e4-bc97-63d62fbfdeea	206	430	68	14	168
34ee8aed-e3a9-423b-a5ad-7d57a3f4c5e0	66	442	18	14	21
e9d76f2f-ab67-4e98-b3d2-a98b765a919c	86	442	23	14	The
232d9bff-ab12-4132-8cc2-7ee3b0086b6a	110	442	82	14	commaudmen
7125e1ce-0db9-475c-8917-4021d693013b	194	442	9	14	ta
931541c5-b25f-4edf-8d8f-ca37202d2a73	205	442	69	14	repeated169
741fe43b-11dc-446a-8020-b4ec0551b9ed	88	456	45	12	lostah
d93fc765-cb37-422d-934a-d809182d904d	88	456	45	12	,
cefbcc5d-5b63-439a-bd11-bb26f365d201	135	456	33	12	спнр
6b021f95-f756-4d09-bfcb-229ff1c748ba	135	456	33	12	.
69b83fe8-40d2-4ae1-bdbc-156c68dbd79e	169	456	23	12	8
ed286c89-7c8e-4bab-9ead-c54e7ac24aea	169	456	23	12	....
288bfb83-b9a9-45ea-b1bd-31e40df8df8d	76	466	9	12	2
8dc61318-0fbf-4b7f-a44a-9bb3a0bd805e	87	466	24	12	The
1e2c8f7f-e4a7-4995-b730-3f341d22aa24	112	466	24	12	law
0b63c98a-a5fc-4c98-9bae-312d44f7c682	138	466	7	12	a
6345e3df-9ad0-46cf-90c8-8f6f1bef2255	147	466	42	12	typo
37ffaf54-6cb3-43ac-ad5d-a82bfd26bc4f	147	466	42	12	....
7bd7ce55-3aab-45de-80f5-1e873c3db7a0	252	454	28	12	.
008943ed-fefe-4d04-a5ea-425afa71775f	252	454	28	12	170
fe106e83-0337-4cbe-bf63-eb5a95fa2b80	88	478	37	12	Christ
0a5cd128-8049-41e3-8f47-71ac823ca185	127	478	13	12	to
e3c08275-fa2e-4cd0-86ac-b139a5209515	142	478	40	12	come
050a4a1b-cf52-4e6b-bde9-ba7d26a35569	142	478	40	12	..
10b89457-57d3-451f-ba99-a1aa38ccc099	252	466	24	12	170
78276346-0b89-402f-a21a-25758419a5db	72	502	12	12	6
43b7c761-9c67-4491-9d6e-152891ff226c	86	490	47	12	Christ's
274bf8e7-147c-4bd1-a72c-0a4233a606f2	134	490	42	12	seed
f0ee6a03-a0af-409d-b4f9-ee4a94062e68	134	490	42	12	.....
b693f10d-233b-4d73-851f-ef42bbdc9d44	252	478	22	12	.
f8538afe-64c4-4779-8da3-2a89dd134ddf	252	478	22	12	172
d6e12172-670d-4106-94bc-6c03c94341df	254	490	20	10	172
2f9c7ce1-cedf-445b-81d0-86191f7769d8	88	502	77	12	Resurrection
45ad750d-21b4-4792-9599-37513f0096b7	166	502	8	12	..
285580fe-1dba-4036-b91c-50b22d901cbe	86	514	39	12	Christ
f33d3abf-8796-42fd-8928-0f9b49e1a836	127	514	14	12	to
6e34fdf9-7c10-4311-8c03-3443af7c9cd1	142	514	24	12	rise
6c89c41b-3e75-4c0d-8912-45cb87763a80	167	514	31	12	from
40faa34b-535d-4dd7-8f20-e4dadd2cd6e2	200	514	30	12	dead
2233250d-5dbd-473e-8d27-90aa7aa49665	200	514	30	12	.
45838efb-98f3-440e-90e7-ca9cc499cd8b	252	502	22	12	173
48951137-f5f3-4451-b17f-fc1528d5150c	86	526	46	16	Moainh
2d75fc02-5a98-4d3f-a022-61b4f23e0785	86	526	46	16	,
63896692-9266-475c-9433-4e54daf19756	134	526	34	16	chap
3bac5a61-2cc5-4266-b318-0cb16243cb12	134	526	34	16	.
7483975f-f106-4e34-ab70-ca8f815bddae	170	526	18	16	9
db84c57a-4fc8-4a15-a8cc-4a34cbf08188	170	526	18	16	...
05763927-0258-4bea-8d15-5a74a8e9bbb5	252	514	22	12	.
20890f1d-ef94-42b1-951d-13a354730967	252	514	22	12	174
3b9678ad-eed8-402c-9055-3ebeaa97dcf2	252	526	22	12	175
f0710c71-5b36-4a3f-ad9c-87e676e5cc1f	88	540	34	10	Alma
7d402b71-e7e3-4ebd-b1cc-f5d8936cea7d	123	540	69	10	convinced
51d5c0bb-6b52-4f48-8ebc-8522a32e40cd	123	540	69	10	...
c41efda2-2565-439c-be2c-825c74b2b598	88	552	46	12	Abinadi
5528148f-e51f-44fc-85c0-2cbce7d6778f	136	552	66	12	arraigued
44779c9c-40eb-4775-b3b9-137a862cbebb	136	552	66	12	..
abb59af8-bfbf-4db2-9261-8fff5c6d2fa3	252	538	22	14	175
4d269c07-be1d-4109-bc51-54f2cf5e4546	88	562	48	12	Abinadi
0dfb7e29-0807-40aa-aed7-13320bcfb6bc	138	562	49	12	burned
07bb4cf5-8d2d-4f7f-9e07-5a1650de4cc7	138	562	49	12	,
5f267d7c-1a4e-41fa-8a1f-1a1df1260b62	244	552	30	10	..
2898ea01-e845-4bad-8f87-d2c371957976	244	552	30	10	175
f2f51e1e-501e-4062-b085-05c4055d33a4	186	562	89	15	prophesies
dbb3fd15-2d3f-4893-8a0d-27537e760e89	186	562	89	15	.
22a5b065-6b6e-4fec-9835-1076b96247cd	186	562	89	15	376
881e4bf8-230b-480a-8a00-520d191ce471	86	574	40	14	Aima
a68bfcd7-dc37-4bed-93b9-9092a2939801	86	574	40	14	;
899219db-ed98-4a5e-93e1-0c54f46fa01e	128	574	42	14	Waters
2f9c0b7f-0a2e-444d-bff2-6d49117c7f45	172	574	14	14	of
13857857-992c-4206-8382-fd5d0e2f04b1	187	574	58	14	Mormou
5a741844-ac3f-4b59-b963-c185980ad18a	187	574	58	14	...
1c8d6cac-b6cb-4228-805b-21c65d71a14b	246	576	28	10	..
f451cb2d-717b-40a5-9b95-46e7a5a2fdcf	246	576	28	10	176
17764316-e052-482b-85f3-23056775fd93	86	586	49	14	Baptism
f13d39e5-cd22-4e75-8b41-265000433e93	137	586	16	14	of
b9587108-837e-48d9-8648-c9be13045ebb	154	586	33	14	Alms
6d9d6e3d-9803-48f1-a6d4-ae1818f350fe	189	586	24	14	aud
c3bec003-85f7-40c9-bbde-b8969098f497	215	586	59	14	Holam177
0d8592d8-2801-4c07-b4d2-c8fac8a7be97	86	598	42	14	Prieste
cdb99c52-4499-4afb-8d7d-933d9628ed07	130	598	54	14	ordained
c750ac22-f24f-4368-9131-fe93d72b5594	84	612	52	12	Gideon's
d5605d41-1c6b-4586-8f01-3a1f3b862119	138	612	48	12	revolt
c9dd05ae-f6a0-4490-bd55-2fc34ae7f43f	138	612	48	12	...
19e900c0-ddd9-479e-a8c4-093a5f92e64d	68	624	16	10	16
d837dc25-5412-423f-a607-8a7f34464135	86	624	37	14	Limbi
80e9704c-8b0b-4774-898b-8717c17fbfc8	124	624	51	14	succeeds
89c79556-37cd-4378-a983-dc444133551a	177	624	21	14	the
ec9b9e6c-5c4c-4ea1-a827-5a8b6978026c	200	624	34	14	king
85382e85-6429-4d1b-a099-9e668f3e1f83	200	624	34	14	.
750a8cb8-73b9-4348-be05-3377c991c2cb	250	612	24	12	.
4bdcef10-4a93-49d5-b313-0352b626bee3	250	612	24	12	1
1df8f90c-f9f5-4353-89d3-69093ae0f631	250	612	24	12	:
3c26cce5-d579-4cfb-90f8-6f864fa1b4e0	250	612	24	12	3
6280f5dd-ae0b-44dd-88e3-04acf112ce5d	250	624	24	12	•
44c4f3e0-943e-4a7b-977e-eb8e0e2834a0	250	624	24	12	181
3ae30722-3293-4d48-a733-5fbdc77295b2	86	634	44	14	Noah's
2c65df90-37e0-46ac-b454-4ee6c9306fe5	131	634	42	14	priosts
dd5b615e-9404-413f-91b3-a1292eabfd40	175	634	33	14	stent
bad2b0a2-e5b1-453a-809d-365f9e7cb430	210	634	46	14	Lamao
cb225301-3f9e-425e-81eb-561d0f4ec92c	210	634	46	14	-
b583786d-9c07-4007-97be-f1d660872f84	68	660	14	12	20
43107adf-c0d6-4d47-9765-99f71f4c93e3	96	650	20	10	ite
c888db72-8d63-4188-a8f6-c86280879a3e	117	650	47	10	womon
229afe42-ee33-419a-bfae-f05546ead4ee	117	650	47	10	..
10f76078-2a8b-4039-8a2c-932d595412d9	252	648	20	10	181
ae2ddeb0-4425-41df-94c9-b8f76be55a7c	84	660	58	14	Lamanite
d4006d3e-a64f-40c9-b188-0cce1779d791	143	660	28	14	king
56f14927-d34c-45de-a3e7-67611062c058	173	660	39	14	taken
dbcd750b-4ecb-4761-abb0-5db204eb00ac	173	660	39	14	.
4d06f451-ec00-4fc2-8a7e-e55fb2c42b94	252	660	22	10	182
b3b89dfa-74e8-4d61-9b25-f1096bbfeb59	68	672	16	12	23
22c6b18f-7dc0-488a-bcf4-baf5e8667fbb	86	672	38	14	Limbi
3956587f-0cf2-4ba5-8df0-0e45c75b39c1	126	672	44	14	returus
a2c6cd9e-8192-4e2e-a27f-5ae0ba6418a9	172	672	14	14	to
c457e412-7f36-4b39-9269-03ccd14c1f93	187	672	39	14	Nephi
f42baccc-49ab-4fdb-a5bd-f52f2ddabf92	187	672	39	14	.
5eeb996c-9cc2-4280-8a24-43fddb96942c	250	672	24	14	.
7eb0bdf2-ae89-4e6c-9151-29bf3571f78e	250	672	24	14	183
d2612a73-1889-4122-8edc-1917e34eb9e2	66	684	16	14	27
b94f17ac-b1e7-43f5-9c6f-32a92712374b	86	684	45	12	Limhi's
1fcd237a-1677-4009-8803-0c645b66dee7	133	684	66	12	conversion
0d0092d5-937a-45df-b758-a96aa8a90e80	200	684	22	12	.....
19d0cbf8-fb51-48c0-8286-aaaa42266173	250	684	24	14	.
406a77e8-cd0c-4690-881d-e01052d4e126	250	684	24	14	185
6e877af2-7d9d-4fa8-a7ca-717c76c9c328	88	696	44	14	Mosiah
d604f922-e7f1-4f7b-b72e-e8d6514ebfaf	88	696	44	14	,
d6f34795-ebb9-4f1e-8463-5b4d32bae6e6	133	696	33	14	Chap
cfd52287-94f9-455b-a9a5-c464f2d0c5d5	133	696	33	14	.
c1a92376-a8f3-4119-9506-8e8f125c59b8	168	696	42	14	10
c7b1f421-0d29-43bd-8311-65fd6b115ef6	168	696	42	14	.......
32c1fb83-d5bf-4719-ad4c-971cc370564a	74	708	10	12	2
4a2b478b-a227-430f-984b-ca8afb4fc16c	86	708	29	12	Last
247d3b9e-35ee-4a06-aa13-924539a48b20	116	708	44	12	tribute
9f25192d-0629-4a1d-b6cb-78ab6bcb263e	161	708	15	12	of
c792b98d-f1d4-4702-82b6-55d6c7d7da92	178	708	32	12	wino
db861db9-1023-4207-930a-7630af5d3cc3	178	708	32	12	.
51d30d63-d00b-4099-8a90-22936c6f5e71	252	696	22	12	186
518c5e63-6b38-4f1b-a734-95aabf464551	250	708	24	14	.
6b2dc707-5eda-4ddd-8d2f-f8791525aaa7	250	708	24	14	186
55975f94-322f-42a1-8f20-483b275bafde	74	720	10	12	3
c1007ced-76c0-45a8-bb16-d7fe900bfc4f	86	720	39	12	Flight
76395f05-b2d1-4a2e-904b-c724e4fbbcb9	127	720	15	12	of
033fa5c5-f33c-46cf-bf5a-3953e78eb0a9	143	720	45	12	Limbi
8c6cdc4c-2eb9-481c-9de3-c57dc7992229	143	720	45	12	...
f6488357-19b9-4828-a769-c4e332fad470	88	732	44	14	Mosiah
d7a9a175-1eae-4251-9d47-ae44e87e963f	88	732	44	14	,
4af8acd0-ba3b-4c44-99e1-c2fdacaf21fe	133	732	33	14	chap
9a16e7c9-7754-435c-925b-c9e545e4a5d5	133	732	33	14	.
cc441707-5991-46f0-87b3-94f68eddc047	168	732	36	14	11
8dc2aab4-db4c-402e-b4b9-326bbbeb8a2e	168	732	36	14	......
dd3551ff-c300-4b9f-8aee-79dc27789cfb	252	722	22	10	187
45ef02ca-11d8-4d67-9653-95674711a2a0	252	732	22	12	187
8dce36f2-d0ed-49d3-a8c1-8451374514f4	74	746	10	12	2
fdfce7f3-dc7c-4fbc-84a0-b519168ae0cd	86	746	30	12	Good
8bd92ccc-af7c-400b-9939-feaac55bf1aa	118	746	52	12	teaching
e7be90ed-0245-4b20-b586-b3d6f0d4dcfd	172	746	13	12	of
718cf72a-dbcf-456e-954d-37de58fc9116	187	746	33	12	Alma
5e2c6035-52ac-4a69-9562-a17cb3017e52	187	746	33	12	.
48c79ee3-5ec9-447c-bf4b-89d433347e22	252	746	22	10	188
da2efdb8-40f7-497e-9a7f-8d6b3e1e1802	84	758	51	12	Amulon
858f9296-23b7-4c80-b148-c2d00fff2451	137	758	33	12	made
68bae163-9eb6-4387-8d2d-2e56e1c4a8f8	171	758	9	12	a
eec4d009-d052-4243-8fd6-fa86f67098ca	182	758	51	12	ruler
5ffa58eb-1f3d-456f-a8c0-f066de618764	182	758	51	12	.....
6f699d37-89a5-47e9-a681-f5c7351a1f8d	250	758	24	10	.
9906df6d-eb45-4093-b55a-94b76e253bc3	250	758	24	10	189
f4697538-c1ee-4e0c-81b5-863259aa8630	72	770	12	10	8
896dc0d1-e2e3-46d7-87ac-2b74685764c3	84	770	36	12	Alma
e8b07cc8-ecd4-4cfd-b778-c8c864126c27	122	770	45	12	returns
f2cf5727-dce1-49c3-b3ad-0dfe9b0f98dc	168	770	15	12	to
709a4032-41d6-494d-967d-66409473fc47	185	770	44	12	Zeroier
babe77a7-50f0-42a3-a3ba-f785bd125b2e	250	770	24	10	.
98deb16e-a8da-4dd9-a02e-f2e27686c0d6	250	770	24	10	191
b7851712-9432-42b1-aac5-ea8988e22142	86	782	49	12	Baptiem
8812e78a-bceb-45c3-842f-27809c270e96	137	782	12	12	of
ee02b82d-62ea-4d2a-b1de-b5e6e998ed51	151	782	60	12	Linzhi
53fa2d92-956f-4c1f-b385-50c1d873b5a3	151	782	60	12	......
169e1935-cdf2-4ec3-8af4-0ac89eaa6ef2	86	794	33	12	Alma
c0d931dd-37f7-4dca-803a-1fe87b9ef199	121	794	57	12	organizes
d9010f68-2300-4764-a77e-9ab853c1c7cf	179	794	57	12	churches
22a1dd37-d793-4301-816e-0daab0fe4b54	179	794	57	12	.
e39fe18a-76eb-45eb-a38e-af322ea5f24e	250	782	24	12	.
7aa85e7a-b55c-46e8-a519-51fce6035471	250	782	24	12	192
c7e83071-bd70-46e9-8d70-d9e2cbcda759	252	794	22	10	198
16f4ce70-0c25-4689-8c80-87396e98d8d5	252	64	60	19	INDEX
c7e77cb6-7cc5-47d4-910a-77de26f43587	252	64	60	19	.
33cb9a3d-0328-43fe-a9fd-fcd2438354a4	286	92	34	12	Verse
6d850ccc-3359-4c28-806d-465178820133	286	92	34	12	.
65a88e9d-89a3-4e98-89aa-541ed8cc7ad7	458	92	24	16	Pag
4cc64b08-426c-41ce-8e3d-a07c27105f60	284	104	17	14	1
5df28957-be3e-41a8-ac9a-8d0d17ae3152	284	104	17	14	+
ac7e1e70-9e0f-41ab-902d-97c76ef26304	303	104	33	14	Alma
8564fd87-10c4-49ea-926c-d572bdd97dee	338	104	54	14	troubled
04c3bc16-79cc-4d63-ae4e-8274d5c42aec	338	104	54	14	,
75b9d3ee-ccd9-4909-86dc-b4db7e8e95e4	394	104	12	14	is
45739563-92da-4a1d-8308-00539fdecd3d	408	104	74	14	comforted
a8dde1b9-8df2-4e5c-8e8f-5f75031a4fd8	408	104	74	14	.
73fb32ec-d8fc-4d68-905c-656cd0bfb694	408	104	74	14	19
a2bc7dc6-c08c-466e-92f0-05cac3132798	284	116	18	12	15
41a33f67-7ad9-4b8c-b39f-3b2e25bb3458	304	116	74	12	Instractions
943fce1f-9d4e-4718-a086-e28057fdd280	379	116	35	12	about
222bdf90-6308-49e6-80a9-e4865abc3870	415	116	51	12	church
0f6bcaea-8afc-4fb9-892d-c4b7dd9a37e6	415	116	51	12	...
99b36b66-4ccf-4b7d-bdae-fb4f0e3b80e6	284	128	18	12	18
13b10f0d-1692-43af-a624-92a94d184a99	304	128	70	12	Persecution
7e75b6f0-0716-4ef3-832d-573f4dcb5ca0	376	128	64	12	denounced
634225ac-60f2-4521-aba2-232ee8c491e7	376	128	64	12	.
ab3e8749-cee1-4238-b840-bacee60c3a38	284	140	18	12	20
6d52a38b-76e7-4f0a-ba85-cfd4ee95269d	304	140	66	12	Conversion
9532d030-233b-489a-a309-c5a8996374e8	371	140	14	12	of
a365160a-841e-442f-bda7-59259899bf3d	386	140	44	12	Alma
3587cf4a-9f1f-4579-be77-d67860a9d9f6	386	140	44	12	....
966528cb-cdc5-49de-b60e-aba28c8cac50	304	152	45	14	Mosiah
1ebe355b-40c0-4250-b763-fc90a00cc971	304	152	45	14	,
2fdca20b-16c4-400d-ae88-465e62432373	351	152	31	14	chap
66d54c1c-6f4a-4817-bd56-9a41251ef6b9	351	152	31	14	.
c8c6cf68-e5c6-43b0-a436-5e876f7cff51	384	152	30	14	12
426643b8-3b0a-4d10-a248-db897eb77628	384	152	30	14	....
40200f46-bde3-4db9-9bf0-a414dbd4c113	470	154	22	8	199
184ab204-ede6-44df-a8a8-cca5a41d4cc9	290	164	12	14	8
4e3a03e9-7460-4361-b2fc-b9a14a3a93c9	304	164	51	14	Mosiah's
73a81a3a-2ea1-4c98-acf7-f41f9e3badd6	356	164	28	14	guns
93e974af-8c13-484a-88b1-425fc81e0e77	386	164	104	14	preach
48010662-bb7a-44b9-855a-1e2e5fa644cf	386	164	104	14	............
3472f748-6256-476a-b5f8-9d5f7d55a853	386	164	104	14	399
ecb6915a-dfd0-4f98-b90f-539cd114da1a	290	176	10	14	8
06c4d211-fa16-46ad-9243-31d9eee9038d	302	176	37	14	Plates
e99980da-412f-4c70-a097-346e657c0d5e	341	176	68	14	translated
a869cbdb-56a7-4c7b-9492-f2e12f9e8abd	341	176	68	14	;
62550060-a5c7-45d7-8e11-4f4f82f9090c	411	176	23	14	two
06839608-d1df-4a02-8551-122208a57d98	435	176	57	14	stones200
64295a8d-0a13-4e3b-b7ac-ee3fc25cd640	304	188	45	14	Monisb
7adad20f-25e2-48ac-890f-838f2b1edd98	304	188	45	14	,
5ee1ee51-7418-4e24-b706-ebd1e6a59ed0	351	188	33	14	chap
5a5edfd4-e3c6-454e-83a6-86a798acc4d5	351	188	33	14	.
ab4cdbe6-d267-4732-a52b-98c05bff4b55	386	188	84	14	13
8af9668e-c600-4695-86f6-c4bc33e77f30	386	188	84	14	...............
8d950b09-3ab5-4b3b-af1d-e4fa0fadb443	290	200	10	14	4
c1adf6cb-36f9-40de-8290-c52ec39c04b4	302	200	24	14	The
c5bc613d-6d81-477e-897b-d108683e3267	328	200	31	14	voice
66e9c383-e207-40cc-9deb-16074be80c9d	362	200	14	14	of
4a9ccdad-f708-4546-a242-0330cc18bf96	377	200	38	14	people
3ffc8057-c4a5-4fc9-9a50-c1511cc4ab12	418	200	74	14	govern
cc68152b-403f-4e42-ad5c-5326ac4910b2	418	200	74	14	...
9c94ddac-2e13-4412-ba1e-3ac736650e7e	418	200	74	14	202
cc65b69c-6e71-4528-9175-035fae38b0bd	290	212	10	14	5
46cc1836-bad1-45ba-be8c-fd7bcf500465	302	212	42	14	Judges
edcae50c-9af7-4302-9d28-61be7c70afe5	346	212	146	14	appointed
764a335a-0f20-43c4-bd9a-21edec3140ca	346	212	146	14	...............
3fe1f1f9-3fcb-41b2-9cca-bfcfa529fe1e	346	212	146	14	204
80ebe921-becd-44a8-8187-a35f0c8ab194	290	224	10	14	6
12fa7081-ac0a-45a4-a598-6af46a70cd63	302	224	33	14	Aima
af968bf8-76e8-47d8-a34b-722d7e4615a0	337	224	59	14	appointed
2cb90ebb-a989-44ac-8243-e6ba7dacb801	398	224	38	14	judge
9671b79d-3f1c-4a7f-81c0-f1f66a34f2b6	398	224	38	14	.
9e9ea2b8-ea00-486c-8ab6-e4113af99e14	464	226	28	10	.
635de132-c64c-4d9f-9e33-492e4f11bd75	464	226	28	10	2034
e04c93fb-e002-4124-ab3c-6ec9bfb661a6	290	236	10	12	7
b2216071-547d-48da-a043-3b2fa36b460b	302	236	38	12	Death
4903c71b-7f4a-4c52-a7ed-391b51ba45ea	341	236	13	12	of
f2d84fdd-87c1-4aec-bd72-67f9ad2d429f	356	236	43	12	Mosiah
bbed7412-c4e5-4e87-8d87-f1e23368050d	401	236	24	12	and
7296f4d2-49ff-44b0-bf2c-f127c47479e7	427	236	65	12	Alma
f13700cd-7b54-40c8-8cb2-386c5753426b	427	236	65	12	...
7d468fbe-2169-44f5-810c-fe8bd92410c7	427	236	65	12	204
15d360cf-11fb-43fd-a00e-1efa44c3253e	328	260	27	12	THE
2c48cbdd-56bd-41a5-8d09-a82dd2a23140	357	260	33	12	BOOK
e4f7e77d-0d04-4b40-bd66-8783978ac7f4	391	260	18	12	OF
da61187b-a243-4560-8c57-01d99aa9822a	411	260	38	12	ALMA
3948e170-7af4-4fe4-af36-9c063eabe1f0	411	260	38	12	.
84f24b79-0353-44eb-acce-a11d1f5eeecf	302	272	49	14	Chapter
ba242ce3-23c5-4199-bf65-380cfc3c2865	353	272	15	14	1
729ddd76-b920-4395-9951-5c093b03a370	353	272	15	14	..
551e2e0a-1c16-4ce2-9577-1dc67c52fa4a	466	274	24	10	•
2852327c-5a26-41ce-aee3-3120f07d5026	466	274	24	10	205
7fd1d8a4-0702-4529-99de-b781907c9f3a	290	284	9	14	3
3696ec2b-8b26-4b1f-afed-dec7ea61a930	300	284	44	14	Gideon
d6fcc2e4-c42a-446c-92f6-85afe31308e0	346	284	31	14	slain
140dd236-a0c3-450d-aa9d-fcbcf0480343	379	284	16	14	by
c8ea6fa7-eddb-4599-b010-e8ff2563428d	397	284	93	14	Nehor
dd196fd3-5f07-44c2-95aa-277d1f8f4f89	397	284	93	14	.........
0bf01937-29d4-4571-98fb-75235e3872fd	397	284	93	14	206
24bba61c-7583-41a6-b0d6-180e3e3e61cd	290	296	10	14	8
726685eb-affc-4056-89ec-63eff1cf0b6f	302	296	38	14	Nehor
fd44a3c1-31e8-4923-9844-03322d5e3559	342	296	35	14	taken
0ab9a16b-7f7e-4c98-8653-1c08c3533616	379	296	23	14	and
fd9d14f2-4774-4247-b5ab-8abead76f221	404	296	86	14	panished
76c5111e-a06a-4e39-ab9b-8e111e4fcb71	404	296	86	14	...
55dc090a-e723-472e-a13f-daf24598d72c	404	296	86	14	206
3ac424da-9fbb-4806-938a-980b52be5acb	290	310	10	12	8
a7788bb2-1885-48e1-9f4a-b43f048b7123	302	310	42	12	Priests
f26b01c1-5233-4b78-aeac-3e1d3fbe9a49	345	310	14	12	to
061b2156-5ddf-429a-89da-508e349d11c4	361	310	35	12	labor
a91a8fe3-3d60-4117-bb97-8569baa8b0f5	397	310	19	12	for
7e96e1ca-d7c5-4c64-bd49-3be129d60817	418	310	51	12	support
4c30db36-f102-4dcc-8606-01c00a96d443	418	310	51	12	.
5a762a1e-b8f3-454f-846c-090fc103996e	470	310	20	12	208
52aee3d7-ec0a-4ecc-8393-b6f1632063a5	290	322	10	12	9
107bedac-f3d1-4d1a-bfe7-87c423b5f7e5	302	322	75	12	1asurrection
b1112a13-f5dd-4f2c-9add-6d2636510f45	379	322	13	12	of
26d1828c-dc3c-4d37-b90b-1b4b1dcbbb1b	394	322	42	12	Amlici
c9d9d757-10e1-4b1a-9156-d451173d08fe	468	320	22	12	209
e25a482c-c76a-49ba-82bc-cd3030a499d8	302	334	36	12	Alma
89249f3c-ada2-4de4-9e8f-b5a4060f24c9	302	334	36	12	,
774a33ea-c7f4-4b21-b48c-1b50aa96e72e	340	334	34	12	chap
0e144632-4077-4e5f-b517-c64c7d3bf40c	340	334	34	12	.
c476cb30-c6f5-4dbd-a575-931291d01c67	376	334	64	12	2
390cd6c9-de11-4ada-8f0a-06046b14dd05	376	334	64	12	...............
e71feab9-dbd3-4da9-adf6-76cba4a310c0	288	344	12	14	1
29b9aebf-c880-44c8-bb3c-ef0033919f97	302	344	33	14	Alma
39df4d1c-3b8c-4d19-bba6-4de929b52fcf	337	344	52	14	baptized
f6a445af-a007-4545-a9f1-0f584de9e251	391	344	14	14	in
2a0ea3c7-32a0-456e-90e5-fdeb7c6d1a4f	407	344	35	14	Sidon
2f8bb1dd-cced-4ae3-b104-8e1e31737b23	468	334	14	10	21
eb4b1346-d209-43f8-b1ac-6913bb8bf9e9	288	356	10	14	8
8586de7c-f6b3-4553-8c2a-45d1a7464b41	300	356	45	14	Church
5ca5833d-6d0e-42f3-963a-a3952c967bcb	347	356	37	14	growe
5d0c14b0-97f0-44a5-a33d-d6a9a265ab13	386	356	56	14	proud
2392f288-f81a-4e92-952a-a335356ae6f7	386	356	56	14	.....
3e6a4d1b-1499-4afb-b5f0-24523efefbfb	468	346	20	10	.
2dedcee1-210c-4912-a55a-d135d20b69d1	468	346	20	10	213
acdcc407-663d-4d22-bdf8-45e844aaef81	462	358	22	12	..
ac995818-7537-425c-a2d2-be63b49e4b63	462	358	22	12	21
a7e30252-5eff-426c-965e-d77d490b0128	462	358	22	12	.
a12ce42e-1e8c-4549-b980-15463caa28af	288	368	10	14	5
6720d9ad-3f00-4e89-9093-cae98375aeb1	300	368	59	14	Nephihab
b3c2deff-5534-40c6-a1e6-a7fe280ae205	361	368	33	14	made
5c8f0bb9-7248-47d9-9706-e24b381fc240	396	368	42	14	judge
c06b158f-868a-4d35-887d-f4e381d6c4b4	396	368	42	14	..
8649f2ea-42a3-4851-bbce-38791099a04a	468	370	22	10	215
a8b41a0d-d03f-474d-897f-b799a3322865	302	382	36	12	Alma
a766dd44-f106-4b61-bd9b-9e413f1e791b	302	382	36	12	,
e438fb4c-0e3d-4e40-8036-e651861d83e7	340	382	33	12	chap
0ee3f320-c0c8-4689-b8cf-143240a9a7a5	340	382	33	12	,
b9087930-1dc0-4af2-901d-a3a6975e5270	374	382	50	12	3
c2b8f9fb-a5f6-4225-86bc-86e9ac97d58e	374	382	50	12	...........
378a0257-6995-4a89-89e1-aa26e6fe97b5	288	392	12	14	1
aac88cca-1f2b-4cf5-8234-ca0bbeb2b932	302	392	40	14	Alma's
07adfcde-8b2a-4594-989f-b4f83228dffe	344	392	72	14	presching
eff56ddf-8e62-4964-83b3-2e2ae044a1cc	344	392	72	14	...
77b74059-7236-4210-8a93-69dda2539490	462	382	7	10	..
c1fc1627-363a-43e6-8434-5dc090f88c9d	471	382	19	10	215
3068372e-3f40-46a7-b153-a6b7ef4a176f	460	394	30	12	...
3d75f78c-02ea-46e3-8d97-425d7932955c	460	394	30	12	215
cd6614bf-da8c-48c1-8ff4-3b0cc45c6bc2	288	406	10	14	8
d1efdf42-29b1-4d89-9fdd-7c19c3213a01	300	406	42	14	People
a3fcb4a4-91ac-419d-ab00-2a6afee157fb	344	406	12	14	tu
ea99a88c-4ffc-48e9-a55c-809bbfcee850	358	406	51	14	reparate
8afdb007-25ab-41ff-8594-93896daf5541	410	406	28	14	from
7a22186b-7aff-4ade-b424-19bde687e0c1	440	406	50	14	evil
b635140d-c49a-4d7a-8f8e-3952f547af38	440	406	50	14	..
54f67adb-b74d-42dd-870a-dc4f254376ab	440	406	50	14	220
5b61221a-c4b7-4fea-a930-0c7c2e579140	302	418	37	14	Alma
7da7ddbc-839d-422c-954e-1a06e18dda51	302	418	37	14	,
5f71b4a2-6d0d-438d-ae42-b17d6fc08c88	340	418	31	14	chap
cbd402c2-1d1e-4fa2-bdba-db9756c1ebbb	340	418	31	14	.
acce7171-fe62-4ef9-ba12-2be7fa214d4e	374	418	22	14	4
24e97f0d-a73a-4940-8f70-555df39e4e1c	374	418	22	14	....
232951d2-7a76-4cb8-a816-3db10ab78022	454	418	34	12	....
204d3a75-0802-409a-8f9e-ff291d00dd4e	454	418	34	12	222
223c2e53-4e68-451b-9af9-d613993226ad	288	430	10	14	1
345a045b-d56d-4b6b-ba43-cd406fb91f8a	300	430	37	14	Alma
ecfceaf8-ae91-4bd4-8374-43cb5587ff69	339	430	63	14	ordaining
6cb6c96b-9e66-4b52-82c9-1b94e260c66f	403	430	42	14	priests
e4eeee64-6a19-4698-9369-dbd7795cbc50	447	430	25	14	and
7c6518fb-c125-46b7-a285-2c1d1698c5a8	314	442	50	12	Elders
54b14004-3b5b-43a6-8984-c3265e971775	314	442	50	12	...
158afc80-1087-4fc2-b7bf-73f774087c07	288	454	12	12	1
37eb23cf-070f-415c-8d65-c735b06a5de4	302	454	64	12	Commands
734047cf-4376-4318-b8d7-633642c429be	367	454	14	12	tu
ec168862-e499-45bf-be09-21eed8e931ba	383	454	33	12	meet
f7df8078-1362-498e-8be2-7b47e05dd744	417	454	41	12	often
97bab467-7725-4024-b7b7-47a8cfc6b165	417	454	41	12	...
e746538f-e348-4709-9b6c-43962446a7bc	462	442	26	12	..
b00a1fbb-b69a-4028-a828-c57be1668602	462	442	26	12	221
67230337-1992-4fa2-baad-43fcd0618e9e	288	466	12	12	2
088a785f-bb53-4e0f-9d64-7fd042d3c34d	302	466	34	12	Aima
39505549-3573-483b-8ba6-2ed39358abc1	338	466	27	12	goes
57a34ef6-013b-4706-bf2a-fa1b05d5a549	366	466	12	12	to
956a9433-c771-41c3-8e2c-ae77f13f3f14	380	466	55	12	Gideon
5693f4c2-4707-4abf-98fa-c56bfae790c0	380	466	55	12	...
66b56984-a99c-4b30-89f6-29a4401dc671	462	454	26	12	221
b3434dc3-55d9-46ba-8aea-6e9460364602	302	478	35	14	Alma
c4f7f92f-c165-4f84-9ee7-c438dd01110a	302	478	35	14	,
903b5561-fa21-456b-b8fa-c96dc89a6d43	339	478	35	14	chap
0ff1b9a0-0959-469d-ae42-77610db10388	339	478	35	14	.
dab4b412-cb36-4068-a214-6e5ac4ec4e12	375	478	15	14	5
61d41b99-d064-4f8b-87aa-8a64f87bb159	375	478	15	14	..
5928d254-4ac6-4ac2-b68a-e90f05e774ee	458	466	30	12	..
b588d292-250a-4f2c-bb2e-77c2ea5100cd	458	466	30	12	221
4c8f015d-fbfa-4917-a8e4-14df7e471712	466	478	24	10	222
6ac9e67e-433c-4831-80fa-d2596a24bc30	288	490	12	12	2
3b0850f6-2b47-4b74-be7c-24db51b524b7	302	490	64	12	Prophecies
eafe5678-2bb5-46b4-94af-1316e94793f7	367	490	15	12	of
ca4a19d3-4426-4e17-8230-e53e5de465e9	384	490	46	12	Christ
a9c2bbd0-8455-4d66-bb56-6611542ceabe	384	490	46	12	..
2140dc17-dc41-4e2a-9ac0-e2d1741af026	460	490	28	12	..
420cd6dd-7c77-411a-9522-39e762c95a2f	460	490	28	12	2.22
6eef3990-225a-456a-aa39-2b205bf69ce0	288	502	10	14	3
1a5b1f7e-6247-47aa-852a-cd076e684327	300	502	70	14	Repentance
47608778-7bd7-4699-8230-c36cc3e7befe	372	502	23	14	and
cc3ab6cc-6930-49d8-b330-dff0b4d8c067	396	502	19	14	the
7fe4bf28-2eb1-46d9-9d63-dcfa61af72c2	417	502	51	14	kingdom
7aa090aa-3ada-4a3b-8372-37a1ec282b79	470	502	18	14	283
93c382e1-18a3-4c6f-9e82-fa39c3aba8d1	302	514	36	12	Alma
28415ddd-ce04-47c7-a9fe-64be1149dc2b	302	514	36	12	.
9a51e547-0ee2-4e0f-870a-216e6bdde742	340	514	33	12	chap
52b4910c-8698-48c7-b929-800aa8ddc2df	340	514	33	12	.
fa9b3fd0-169b-40af-a298-c115342fa785	374	514	36	12	6
cdae6919-b515-411a-a837-8d58ae4d72f3	374	514	36	12	........
c9c2a063-aab7-4acb-a80c-96ac31a3a132	468	514	20	10	225
50f7e9fc-3910-4174-9e81-6e6b802cfbd3	302	526	42	12	Alma's
b8c1b8a2-5cd5-4dcb-94ae-5e7cfe17fa5f	345	526	39	12	return
94c81285-44ef-47d9-bc9c-08972ded175a	386	526	29	12	from
86b06dda-110a-4b51-b495-233e862161fc	416	526	66	12	Gideon
865109d3-72d1-4218-9176-bfe6b0935193	416	526	66	12	...
866cab21-3cd3-4a72-94cf-04e0c92b8890	416	526	66	12	22
086ce47c-91bb-4342-970d-78af1eea0ca6	288	538	10	14	2
f9416c14-af69-4434-a882-c99838604f45	300	538	47	14	Manner
bc5d75fe-ee6e-404b-bc68-84dbe1d5e05f	349	538	14	14	of
61cae370-bd5f-4861-ad6b-107c937a3608	365	538	47	14	naming
6581dbfc-56c0-44b9-b635-7537ff7312e7	414	538	54	14	cities
0352c062-dfaa-45ab-a425-869f37094d79	414	538	54	14	......
c8a7b0c4-1ec6-4050-82eb-53e5b7059c91	300	550	19	14	An
ddbf6698-8094-4de6-9c86-38ec2e3e12ae	321	550	35	14	angel
31c9c073-2609-4a65-b693-7189c663c256	358	550	31	14	visits
809d9487-a23b-4b37-bd19-9114a00c1731	391	550	45	14	Alma
6af64c82-c30f-495e-9a59-002886f84c1b	391	550	45	14	...
3829d6be-53e9-4f85-90f7-24326582bf9d	468	538	14	12	22
d8966b9b-e44a-4bdf-aff8-3469b43cff8b	460	550	22	12	...
a02a8da5-6a84-430d-9eeb-ad6dc28a193c	460	550	22	12	22
6c78b33d-01ed-4936-b66a-577d81719ad9	288	564	12	12	6
ca0546c1-f999-47f7-966a-4a98eb478e0e	302	564	18	12	An
84fad950-b8f3-4c76-9a72-3f2c479b5c10	321	564	34	12	angel
6d809114-e4d4-4810-b2c9-1bcbb719c622	357	564	33	12	visite
56099c55-e498-4947-a8a8-b072db6b67ea	392	564	61	12	Amulek
f551eec3-51fc-4fe0-a06e-3013478875b6	392	564	61	12	...
3d3be3a2-23b4-4aad-ae48-3aa69589db57	288	574	12	14	&
5e3e57a5-e930-4951-af8a-0a7af6b91171	302	574	31	14	Alma
4124ff97-4ba3-4368-8d24-ecf05b96614c	335	574	24	14	and
8e0826ab-f708-4294-bc67-0c4671457995	361	574	47	14	Amulek
9813077d-05ff-4e98-addd-2adfdae7cf0b	410	574	71	14	preaching22
a119544c-55b5-42b5-9e33-a8792dfee284	302	586	35	14	Aima
5ed06936-0f17-444c-b2d8-70090000a120	302	586	35	14	,
f671cba2-b2f7-4e1e-bd1f-83982881b08b	339	586	47	14	chapter
1b1e8f40-5c22-4b39-a718-f66a3d351012	388	586	16	14	7
45f8922d-9dd5-495e-8d6a-574e5cedad63	388	586	16	14	...
b342c20d-b91c-4a54-a778-612065bf6739	288	600	10	12	1
13d193f7-d439-4925-9de7-d595969fa08d	300	600	75	12	Preachingof
347861dc-760d-4df1-8ebe-3cfdaf17c00f	377	600	36	12	Alma
af15af54-85e9-43f7-90d2-1e37bcda904c	377	600	36	12	.
28b0c7cd-c3e8-49dd-a184-36c26b51c008	302	610	35	14	Alma
3aaa0bd6-cfb2-4773-9999-83c4410983be	302	610	35	14	,
26c8060d-732e-49b0-9d53-a1bf747d8309	339	610	33	14	chap
72a4be9c-63b5-4243-8493-de076157736c	339	610	33	14	,
387c9dfc-9a7a-4cac-8bb1-24d295c8f352	374	610	14	14	8
87842306-035e-4c74-a172-030369d41726	374	610	14	14	.
bf5af377-4347-4d5a-8c80-6ad288d2f7dc	468	610	20	12	230
0e01b86e-c99f-46a8-ab25-2169612d7fb2	288	624	12	12	1
521e17a3-ac82-4f56-9479-05901db0581a	302	624	61	12	Preaching
ebdd9ff0-7025-4869-8f3a-fbe6cb3ff011	365	624	14	12	of
7556d424-2d74-4ed5-ae0c-aca624b39157	380	624	55	12	Amulek
7f52e56a-7240-43e0-985c-4d7e9fc1c23b	380	624	55	12	..
24847381-4669-4597-9a29-bb770d249df6	288	634	10	16	3
543016e1-249b-464f-b6ab-a90f477ded39	300	634	52	16	Lawyers
704f4c4b-9258-4e7c-8471-41ef0140986d	354	634	52	16	question
52d9b806-0dd8-430c-894e-b89e1cc28cac	408	634	28	16	him
d7401855-6cf3-4f2d-a0ba-552b18aff6c6	408	634	28	16	.
fe370864-2329-4fff-a0a1-040a913f81b2	466	622	22	12	.
1afe9729-f8f6-48c6-a1f3-fa27e980d3f9	466	622	22	12	230
c0973027-e7a4-47a5-bbe3-1c0660b6ebc1	288	648	12	12	8
b4f9c7ce-8615-40e3-9933-0ae628032f86	302	648	33	12	Coits
13be6da5-2a70-4df0-9f51-e2369bbabed2	336	648	50	12	named
49fdd393-17a0-421f-aaaf-4444bdbf06f1	336	648	50	12	...
463da589-38f6-4df2-a19e-6bac3e3f520b	466	634	22	14	232
f7867f4e-6bc6-40f7-84a6-9ae03784baed	464	646	24	14	.
62d5931a-a853-494c-8af3-c59cab156985	464	646	24	14	283
13826550-83f4-4cd3-9768-a52658c3e341	288	658	10	14	9
7f737586-bb41-4ad2-9b12-a16d8e2a9c5b	300	658	52	14	Zeezrom
16a4d950-cb78-48f2-84b3-a2fc1eecafb6	354	658	56	14	questions
7376a3f4-9bcc-4d7a-a510-bd17921b1e8a	412	658	76	14	Amulek
ed174567-1d75-47ba-953a-05ce70f27b5f	412	658	76	14	...
ab6a2754-fd52-4b71-a392-c0ed3a8ed031	412	658	76	14	284
7be0184e-61d1-40df-be9e-0174635285eb	282	670	17	14	10
843213fb-0ed7-4280-a2f1-565c5995d6d4	301	670	47	14	Amulok
c36fbea5-5e46-4849-a5b4-d94c8dbaf152	350	670	16	14	on
7fa2b986-b081-441a-806d-e1017b77ae77	368	670	21	14	the
caeaeb0c-3bdf-4a21-ad67-4ce0e73928cc	390	670	98	14	resurrection
6bf0705f-a6ab-40e4-aa8b-9bb858689294	390	670	98	14	..
5283c0ff-243e-40d5-9d16-dae37e785ad8	390	670	98	14	235
1475cc64-88a1-4f02-94b1-4296cedf3625	302	684	35	14	Alma
dec2b098-52be-455f-b59c-50e97eb3cfe7	302	684	35	14	,
2d160a2d-cbac-4b88-9687-d804defcb306	339	684	33	14	chap
b76577d9-c099-438b-9df6-f9055cd69533	339	684	33	14	.
97050743-9359-4b8b-bcdd-c8160ec68e4e	374	684	50	14	9
09032a2c-f177-4253-b744-9da4b3f82eee	374	684	50	14	...........
88777e07-e667-4682-b248-2eea4dbdc6a4	464	682	24	12	236
8a80db11-5103-4302-9e99-9137cec2767a	288	696	12	12	4
f7701b2d-cd48-4015-a5b2-20aae4f56dcc	298	698	36	10	alma
42627ef5-3b6b-4e7b-97a3-2d3b460cde5a	336	698	17	10	on
e656b542-b621-4467-a03f-a2bd5c6904dc	354	698	22	10	the
510e702a-baf7-4fac-8d32-20f828621609	378	698	82	10	resecrection
ce276cfc-9ee4-4812-9079-529f751cd186	378	698	82	10	...
e5c8dcf7-1c1e-4cab-af4f-45c729719c09	288	708	10	14	5
c7ef6ace-459e-4524-b386-2e6f8edcca25	300	708	61	14	Judgment
20993891-d00c-4433-8998-8b8e1c78b8b3	363	708	44	14	treated
3d75dd79-55b0-4350-b2e5-603aa9b23d86	409	708	45	14	of
9d9ae36e-0cd5-43ae-9393-4e2271308f30	409	708	45	14	........
e2c9d45d-b419-427e-87e2-aee67fcd3720	464	694	24	14	238
23018cdb-b53c-4a63-b017-64a52b23a708	454	708	34	14	...
46872742-78b1-4f85-90d2-3d2a3ba1d5dd	454	708	34	14	239
0b6b7b83-6218-4e13-87cf-8098cd66a3b8	288	720	10	14	6
c30e5104-b399-415a-bd3d-188d0d6b85bf	300	720	31	14	High
7ae12cc3-acec-430d-8584-df3bcc469226	333	720	65	14	priesthood
0dde8376-e003-4505-a226-62656b8015f3	400	720	44	14	spoken
cc051c0f-1bc5-4d6a-a2bc-91bf257344b5	445	720	45	14	of
b59416a4-f9bb-4de9-a916-d31cd65a3298	445	720	45	14	...
5aea93d8-d3a9-4ed3-b658-7cd6146e9cc0	445	720	45	14	240
c77c7be9-584f-4978-bc77-78e57c2548f4	302	734	36	12	Alma
05cf977e-2627-4881-9b88-87909221e9ed	302	734	36	12	,
75a2815c-119a-44e6-95cd-ebcb0b6d3db5	340	734	33	12	chap
6012c43b-83d9-4c44-b5b8-db8a12d65eaa	340	734	33	12	.
caaf73a2-8100-4dcc-b036-1626a0e5064f	374	734	24	12	10
e01ac6d5-d96b-4a0a-a323-ec2cfc2a1753	374	734	24	12	...
57682388-ee6d-4ff4-a7d9-526014ee991f	442	732	46	12	...
79424959-b019-4780-b320-1efe5a7f7965	442	732	46	12	241
3804a64c-60c4-494b-b387-f5e2a71494bc	288	744	10	14	1
5e4ac0c1-e3f9-411e-9d6f-9829755c1d9c	300	744	33	14	Holy
d5d68b14-ccf9-4a39-8284-9f3e134061d5	335	744	73	14	priesthood
815c4bd6-bb22-4c96-b2d9-0e5a282bf93d	335	744	73	14	;
98778d36-0e81-41cd-ac30-197b76a7f62a	410	744	60	14	Melchize
be0c7263-c2ad-45b7-bc23-40b4cde216f4	410	744	60	14	-
03f7b1d5-9a38-4def-8cd5-08491f9c0034	312	756	176	14	dek
00a93e32-2f56-4a7f-bfa0-17f012e9c5a5	312	756	176	14	..............................
d47f1363-2c4d-4f35-9189-53dd26b35ab8	312	756	176	14	241
d7791956-e044-4ffa-8f42-4d0b50915d5e	288	768	12	14	6
3fa26f19-c903-4489-b25f-5809f27ee293	302	768	31	14	Alina
281c523a-777c-4d7f-ae21-b1f1e4c4e35e	335	768	24	14	and
0ec0fe69-81f5-4e92-af5e-9ba816e97b09	361	768	47	14	Amulek
99162b65-8af9-4035-b86b-a9a0e13dd004	410	768	78	14	stoned
4ed45bf1-5b5e-4118-ae48-07b216524387	410	768	78	14	.....
be8abcb1-7f27-4cbd-8d7c-d05e97644e61	410	768	78	14	243
8aeeaf6f-a9e8-42a0-aa18-fb32a3a1479e	288	782	10	12	6
d1085d6e-49f1-48cc-b045-aa483db400e9	300	782	48	12	Records
6adfa841-d3d9-4636-afb2-c872b751597a	350	782	60	12	burned
0a2468e9-8035-4c5d-9756-67ff418e247e	350	782	60	12	.....
4f26cfb5-3623-447a-a96f-c89e99f947e9	464	780	24	12	243
d7c6ff48-c2b0-4a30-b235-5c4376d9219f	288	794	10	14	*
e4a51e01-0329-4184-bffa-acc96457ff39	300	794	24	14	The
41582dbf-4fcc-4b14-9439-6c137907e8c3	326	794	35	14	judge
56916546-5d9a-4978-879c-5321a74a53c5	363	794	42	14	reviles
12701d69-bcb1-4804-9578-45b080278441	407	794	35	14	Alma
7ad6e1fe-f5f5-489e-884b-993d521d2403	452	792	36	12	...
4ae2f978-414e-4f04-8299-186675000c13	452	792	36	12	244
7e355db4-f59b-490d-8c4c-881912431adc	416	830	72	24	Google
