ID	X	Y	Width	Height	Text
3f9aa7ec-1d47-4d11-9456-ec0e197ab8dc	264	68	58	16	INDEX
a5c7af50-d749-4807-850f-fe3825aab214	264	68	58	16	.
078261ba-e408-487c-b68b-47cdfa746824	482	70	20	14	ix
1d494b55-d3af-4282-aa37-7d5e5f187571	482	70	20	14	.
b2ba4413-1d70-4067-89e5-709096298cd5	84	96	34	12	Verse
bf765435-f6c6-49c1-a94e-753eedbaa62d	84	96	34	12	.
d0136206-b781-46cf-9402-17e1c02f74cd	256	96	33	12	Puge
f82debf9-a441-4c56-bea7-42db21435e5d	256	96	33	12	.
eea43d37-efc1-4888-a15a-3e718b971f9c	291	96	44	12	Verse
e8c78529-919d-4fd4-a545-f7667ad20eab	291	96	44	12	.
026383c0-096d-4b61-ad99-0e72b384ec9b	80	106	19	14	10
e1a874fb-0d5d-48d8-b37d-a5c7e06572b5	101	106	31	14	Alma
0faa4382-106f-4a55-813f-93db8ddd9bc6	134	106	24	14	and
eb77536d-ae72-494a-b25d-e21d7232ce46	160	106	51	14	Ammiek
bd83444c-0c76-437d-a886-d74e196561ee	213	106	52	14	bound
c7cb980c-c6a0-4cdb-bf33-b7503927152b	213	106	52	14	...
3ec407f6-7565-4f88-b412-b1638aeb1af3	267	106	21	14	245
aeefcd0a-6829-46b2-877b-ade1eba654dd	302	108	10	14	8
8b75e2c9-7b9e-4101-91f0-9b4f0a9a67b4	314	108	44	14	Justice
2f617a59-3af9-4996-85eb-e53e01c8313d	360	108	12	14	in
eae0db3a-de96-4364-964a-e79833299fec	374	108	66	14	judgment
eb080d79-801d-4130-9314-3238c8ff58e9	374	108	66	14	..
e93c1832-25b5-4fe6-965a-e321128b185d	80	120	19	12	11
fa6dc22a-ed8f-47d5-a8b3-37e220902bb8	101	120	39	12	Prison
af1e0a7e-e8f0-4ab0-8c40-81f13fb6ecbc	142	120	50	12	opened
d116363b-f1b2-49f4-8e9d-45bf630ee183	142	120	50	12	..
a15b7453-a23e-4600-bf5c-397832942d25	264	118	24	14	.
e19cbd0c-270c-4312-b33c-d30aecf46edd	264	118	24	14	245
86c6561f-d9e9-4794-977d-cdfa66696b59	314	120	37	14	Alma
efd02214-1516-490c-9090-cbb564c37edf	314	120	37	14	,
8f6495ae-3c2f-4702-8dfe-8d1331fb0d1a	352	120	33	14	chap
47ec8c0e-647e-408b-8d05-085b5cbf0245	352	120	33	14	.
e101e7e9-a2dd-4bf6-b9c7-89aff48735e0	387	120	31	14	20
13109143-f79f-4947-a3e9-784bfe817115	387	120	31	14	.....
369ac4a8-2c4e-4da4-83ae-81fa1f09eca9	80	132	17	14	14
4dc64510-f69a-4df1-a151-42b8fc54a00d	99	132	49	14	Healing
2cbe9df3-5f56-4613-b659-01138ace4f9b	150	132	24	14	and
ec15ad87-1f40-41c4-a085-de257d53853e	176	132	59	14	baptizing
73844cb3-541a-4207-8ce4-2179c35ae84d	237	132	31	14	Zeez
3314cf96-2441-4b03-a862-e10fbbf18a7a	237	132	31	14	-
264d9b60-077f-4ee7-afb8-f27dcab66392	110	146	32	10	rom
b032bb2e-adae-4f57-9584-fb52c4743d25	110	146	32	10	.
1d7ab3a6-a55b-4612-ae02-3fb1c9c0c428	266	144	22	10	246
3a4148c6-3796-41da-acf5-616e8bf10fdc	302	130	10	14	2
5ddb8708-136d-43fc-b2ea-8b6f85ff8dd6	314	130	188	14	War
2dc99d1f-54c0-4957-a4ac-897f33859c5b	314	130	188	14	--
91b2b10d-d275-4539-8321-cae1047439cc	314	130	188	14	Zershemnah
d8474eba-ff4a-49fc-ae71-ac3329271057	314	130	188	14	-
f74772ad-341e-4a89-97f8-63426f2bddd2	314	130	188	14	Moroni
88f50ef5-fa9e-4a76-97c3-1c8925f9c7c3	314	130	188	14	.
417c37db-a65b-4a3e-aaeb-c7ce25531754	314	130	188	14	316
63956e12-e3a5-4a15-9f8b-f418aa87ab09	100	158	36	12	Alma
9860e7f7-1cf5-4b56-bb36-0ed1f9f5c560	100	158	36	12	,
0f518ace-e072-4810-99f5-824813812d3d	138	158	33	12	chap
a97f947f-1d7c-41f9-9a7c-37ce53dc311d	138	158	33	12	.
9da8b2fa-bcec-4eb0-9173-54a519e1379f	172	158	24	12	11
be776b9e-607f-417a-8d15-bb32b1a9811b	172	158	24	12	...
320e1f1a-4ee0-4c8e-a35f-2b91f712a1b5	312	144	35	14	Alma
4f78950d-986d-48e0-9262-fd632b8db3ac	349	144	51	14	inquires
8382fd63-c66b-4235-bc96-5aba1c8db3ca	401	144	14	14	of
b8337ee4-087f-44ba-a8aa-5b50ef059f1f	417	144	43	14	God
0267c618-0c89-43da-85b5-22de8ad78cac	417	144	43	14	.....
43faaed9-c3d6-4a18-bf5e-ee0a04ff3511	264	156	22	14	.
f78cf471-e779-447c-a28b-8906b5d8e423	264	156	22	14	247
2cf478c2-34ce-4845-b8d4-d3bb6eb08ae7	302	144	12	12	5
4ab2f1f1-23c9-499e-bb20-2450ee305018	302	156	10	14	6
dec9620c-ab4c-4db8-8c99-03596f1f6659	314	156	52	14	Moroni's
e8d6625a-557f-4661-b1e1-5178af4185d6	368	156	64	14	strategy
3dd6e461-205e-416c-bafc-3d5900da2546	368	156	64	14	...
812fe5b0-2e12-4ab3-ae37-59942bf4ae12	480	144	24	12	318
27b68a7a-7f91-4c86-905c-f42fa08aa187	86	168	12	12	6
754ccfc2-4cd6-42b4-9a70-38488e12faf0	100	168	66	12	Desolation
61eaa027-a1de-40cd-972c-b367b57c852c	100	168	66	12	,
bc44735a-1a50-4090-99b3-e94c6d1567a7	167	168	51	12	Nehor's
57f5102a-7f5d-4cda-a859-95f60520c3f4	167	168	51	12	.
50a1019e-9f6f-4e3e-a6c6-9ddc589fadd8	266	168	22	10	248
057f8478-cabf-46c1-a006-c54917e440c1	300	168	12	14	9
f1c850e6-6f39-4a55-a75c-b78cdc087e48	314	168	45	14	Battle
904165a3-1515-48cf-bd0e-56a00bfb4f21	314	168	45	14	;
dfea0e1d-8dbe-495e-a640-4e0218c3b765	361	168	42	14	Ripiah
8f396406-778a-47a3-8b0d-98145b75bdb4	405	168	24	14	and
1251d40b-4f02-4ae7-9992-927d30a3c380	431	168	37	14	Sidon
c93cb466-7011-4727-a106-3a1852ec0387	431	168	37	14	.
cf78f7cb-5633-4c6d-948e-a78e0495c58d	480	156	24	12	318
507e57be-40a7-4db5-b3b2-f781b77db9a1	82	177	15	12	-
6af2fea8-1965-485b-8d8a-dd2cd834cdc3	82	177	15	12	8
026a9fcb-77f2-4a7e-ade5-cefd5a8ea0f4	98	177	44	13	Church
f75fde40-cdeb-4978-ba47-494aafe527ad	143	178	73	13	established
db95903e-b5fb-4510-98a4-9e8c6a14f899	143	178	73	13	.
4166b632-e3a9-490c-8c75-ec7564df0631	100	192	35	14	Alma
11b6e4ce-679e-4cc0-aa47-eed0c883f9fc	100	192	35	14	,
58408d68-e248-4517-a3ce-8d2569143c6b	137	192	33	14	chap
d6fe15dd-c9e3-4129-9d98-2d0c1d591b44	137	192	33	14	.
dbb1b1c8-f5ee-4642-863c-60c52ead78dc	172	192	24	14	12
1aa6745b-3a1c-454c-ace0-942a32923a37	172	192	24	14	...
529ea95c-1e05-418b-9045-e4a36a7055d7	266	180	22	12	219
943250ac-6e79-4276-b267-8e075200f594	294	180	19	14	14
6a10e4ee-d56a-401c-8ab3-57edf0c3a8ce	315	180	9	14	A
5b9a7431-aa7f-464f-b3a1-5ea0d101449f	325	180	52	14	soldier's
24447e08-51c6-48ee-a8be-71ac18544a0c	380	180	70	14	prophecy
c168413f-82b0-439f-98c3-bd13c9bfd907	380	180	70	14	....
ca9a60a4-d519-4ade-a539-bcfcd8db5914	478	170	26	10	318
1e0e6f85-b124-4de5-ae67-4d8ff0ca2314	266	192	20	12	249
a5db5872-4e28-4fb3-9a13-8f5a47c2f0ee	294	192	19	14	15
788402e3-3e15-4a9a-8f8d-2b80a77d3b35	315	192	10	14	A
97f6ca12-335a-4559-a79e-1e32dcb80121	327	192	54	14	covenant
608ea632-a4ba-4559-b00e-d01443855687	383	192	12	14	of
7d96e45c-c91e-4a92-b081-b98223bae775	397	192	37	14	peace
44bb0943-5e6f-4233-bd83-8962e9f72d16	397	192	37	14	.
9886b3e7-228d-4d9b-833f-0752217ca623	480	182	24	10	322
efe91cc6-27e0-4d0e-93a8-b63f8889610b	86	202	10	16	1
92789ea9-4abd-4fd0-98f7-186761e96a09	98	202	62	16	Lamanites
5ac94ce3-a2fb-4d6e-b49e-686eacee5535	162	202	84	16	converted
91b0fce4-3af3-432e-b733-7dac375c8a24	162	202	84	16	......
c22e570d-6bac-4af8-9084-3d135b5cedc0	316	206	34	12	Alms
58509ab1-dcae-44b7-831b-e4cb9dadb3f8	316	206	34	12	,
07a16b38-e47b-4d60-a1ea-2fa57a5f88d3	352	206	31	12	chap
c91131fe-f2d3-4719-aeb8-db62a42af5ab	385	206	37	12	21
550c9dc5-a82f-4b99-95f0-69f933901a7a	385	206	37	12	......
9d08a011-c662-4caf-8569-e089ebe30efc	88	216	9	14	6
3c029f02-04a4-4ddb-9f5d-23cc45c4b6da	98	216	40	14	Flooks
feea7ba9-0890-484a-baaf-ddbf9e8e135c	140	216	56	14	scattered
70444748-1c36-41ae-8291-4bb44bd68b0b	198	216	16	14	at
7bdfa5cf-c97b-415d-93fa-a350f8aa4976	216	216	44	14	Sebus
c88df4ea-ddfd-40aa-bba3-6ddb3b1f54d8	216	216	44	14	...
c767c359-e393-48f0-b7c5-da1b3ad544dc	266	204	20	12	250
04610855-43c9-4cf7-8c62-bfc987329e67	480	194	22	10	322
5aa15cc1-a5d4-421f-b709-302d70fc706b	264	216	24	14	.
e73f0c5c-1130-4a93-bfe1-b3b9004b5c86	264	216	24	14	252
fb467a2f-4239-448b-b11d-c7860a7ed957	480	206	24	10	323
4144e9f4-59d5-4810-8dde-2fd6146785c8	302	218	11	12	2
3b742090-2d92-433d-b7a9-8e747522e781	314	218	45	12	Alma'в
63ea2de2-8115-4a0c-b099-a4a952c9161d	360	218	60	12	prophecy
4b9ee25b-5db1-460e-b0e5-6685e756edd9	80	228	17	14	13
5e092216-742b-4809-8a52-ef127cf63b59	99	228	45	14	Ammon
700bb353-ddcb-48f0-95ae-32d142a20e04	146	228	47	14	answers
c32589bd-1936-4bae-9c4e-7951fdea0bf1	195	228	26	14	king
5f8a003b-ba9d-4745-8302-435f3f0136f7	223	228	65	14	Lamoni255
d35cd44f-7a0b-404d-86f9-ff9d04701ffc	328	228	10	14	B
9a2cc982-aa88-46d0-94a5-acef1dcec6a5	328	228	10	14	.
72863987-b422-4f10-b7df-37e4ba9a1151	340	228	60	14	C
07a8bc87-f40b-4de4-bd2a-d6b7f0276513	340	228	60	14	...........
59a13625-745e-459e-b968-ce49bae06fdb	420	218	30	10	400
2b6a02cd-5f37-4e71-9940-dee631f20012	448	218	38	12	years
363f57ba-f514-4b78-922f-fadb9f55bc8b	80	240	17	14	16
e16b5d6c-7b38-42ba-9c43-e9d06e1ecdc1	99	240	44	14	Falling
a69f3a60-13a6-4ce1-9d3f-e3ba2fb9ea4e	145	240	16	14	of
77de7605-088c-4319-b9b6-ca8c550f5511	162	240	58	14	Lamoni
ffc3e33c-fe36-4bb0-8bc8-a4844fba4312	162	240	58	14	...
08a69b88-a0c2-4aff-9bc2-a9a4e4c8eecd	400	232	102	8	....................%
6ae3c318-7b29-4453-84a7-539c0e9de3bc	400	232	102	8	x
885eb043-a99c-4f8c-82c9-b077d3f5272b	302	240	10	14	§
d3758f7e-9169-40aa-9a67-19721e5b681e	314	240	35	14	Alma
aff258ff-9d13-45b2-b5a3-43a1201e68b9	351	240	40	14	blesses
a14dce23-b010-46e0-be97-bdea59cbd838	393	240	21	14	the
b4a6859b-98aa-4f82-95c9-c420a3056d62	416	240	42	14	church
32b14cf9-3546-4b54-a761-7bac33bc7549	459	240	27	14	and
4be21ec1-25b9-478f-be18-c21505894635	80	252	17	14	17
62d54c8b-5ca8-406e-9fc0-3d3e2e5e4459	80	252	17	14	.
256a5bc9-799b-4e27-81bb-32a89695c8fa	99	252	37	14	Spirit
ae4989b6-1e25-47e5-89dc-d16d150d0ccc	138	252	14	14	of
0b243208-4af4-4f73-b1d0-43998e3c0119	153	252	24	14	God
2bd16439-8589-472a-ab20-f269e96bc56a	180	252	42	14	poured
923541c8-831d-4d44-a53a-90f40b601b40	223	252	65	14	out
0e75d65e-662e-42e0-8996-02bfc9976143	223	252	65	14	....
04859db4-9cc8-45b2-a031-1713d107c81a	223	252	65	14	257
316183dc-e6c1-486e-81b4-ffa45b9a0b80	80	266	18	12	18
bfd1d57a-2a9f-4f06-ab0b-8d1404e11dd7	100	266	36	12	Abish
a689ce8d-ba49-4854-ab31-577c0d31e29b	137	266	24	12	and
2c0060cd-450d-43ae-a97e-af509a907d72	163	266	21	12	the
8b573cfc-87ef-4262-a09c-904188193acc	185	266	38	12	Spirit
681fcd29-542a-4678-a61a-9510be148cda	224	266	13	12	of
0dd341d7-1483-4de1-b1c1-8272d1bacc7d	239	266	49	12	God
7c68179c-e461-4d81-a049-c82d95796bb8	239	266	49	12	.
d8969067-a754-4cd6-b45a-b5c65947ca93	239	266	49	12	258
c6183e24-2a82-4d32-82f5-60998b8c2f98	326	252	45	14	departs
b124dba3-6eeb-4e4e-8557-c10d208ed47b	373	252	30	14	none
cfe38e3c-2389-47d8-b02d-4a983a8dd2b0	405	252	33	14	knew
4c014ead-76bc-4e57-aa93-82677bcf97ad	440	252	40	14	where
df7463fc-7903-43fb-87c9-89b4cb74eb9b	440	252	40	14	.
504f0de4-f61b-4cfc-9d9f-8cffef8c91e5	482	252	20	14	327
8321cca5-6b1b-424e-80ea-a1dc19b06fd5	80	276	17	14	25
1cc0569c-c242-41f1-bf63-65cd3e7afe03	99	276	49	14	Amnion
a1c789a9-6fc4-427a-b26c-f0e3add7e311	150	276	30	14	and
da2f6692-0c0f-4ab9-a6e4-649ac3228a6e	178	278	54	12	Lamoni
a6391035-6a64-46aa-9862-25f4fe4d0114	233	278	16	12	go
9c531542-1d39-46de-803a-b5b70e5b519e	302	266	12	12	6
eba89483-96bc-4aac-b921-cd4e33e0e385	316	266	68	12	Dissensions
3a31df7d-7ea7-4881-af8e-4fb1fdd8c811	385	266	16	12	of
f1983595-2442-4000-bfd5-83b4ba70c657	403	266	101	12	Amalickish
4dc7aa9a-555c-49ca-bc56-fb9ab590c167	403	266	101	12	...
7d24ebbd-2a2f-4a31-848d-262bc8f5a205	403	266	101	12	325
dc857481-7576-4f53-8629-4968b4312981	302	276	9	14	7
fe309ca0-ca03-4b00-9277-f4d9799e6824	312	276	58	15	Nephites
4bff613a-64b1-4673-96a8-28e15f3d11e0	112	287	80	16	Moddon
0d2f64c8-c630-4c3f-8733-bc620ce55d61	112	287	80	16	!.......
e0b47ff8-fa5f-4ec0-9b1a-2d16637f5d9c	258	290	28	10	...
a5995a92-3112-49c1-b32e-59ec0187aa53	258	290	28	10	261
b3b5befb-f7b9-4347-85e5-3206ff728640	374	278	42	12	called
90efaa1f-215c-4248-9423-6708ae7f8727	417	278	69	12	christians
0132d5cd-fa35-4f8f-bccd-25ce5a783539	418	278	68	12	;
2d9182e9-8cc5-4c63-ac40-be27ec15cc69	100	302	35	14	Alma
b3e7d73a-3122-433b-ae43-6cc8e4a6436f	100	302	35	14	,
30cd1b49-60ca-48ac-b724-8953a8221ad7	137	302	31	14	chap
1cf6d76d-5304-4be1-9b51-05e05a4430d3	137	302	31	14	.
2d955765-75a2-4de9-a29b-f39408d272b7	170	302	32	14	13
0da792e6-9407-436f-a381-9ea28d5fda68	170	302	32	14	.....
e64ad17d-c8f3-42f7-910a-75b223301389	254	302	34	12	...
9feee7f2-bfc6-40ba-88d8-7b69acffca20	254	302	34	12	262
79724f81-0907-4177-afc9-afcf07215eda	326	290	56	12	Moroni's
d2041ebd-acbb-4cc7-a24d-3d5395811b26	383	290	65	12	staudard
4668399e-2b7b-4bc0-8f94-d64d9ffd5ffb	383	290	65	12	;
98744e1a-ef38-458d-a20e-1f6189511524	449	290	35	12	blesa
5b547eb0-8dc8-4d37-8bbc-ce3d55da807c	449	290	35	12	-
412bcda5-0b9a-4755-995d-d14e2f92e728	324	302	28	12	ings
eef49362-0281-49f4-9433-0ac3c46ee855	354	302	21	12	for
ae976278-aea3-4a8d-9058-ab83ddc5af1c	377	302	84	12	christians
2113117d-0f36-4e07-acff-2fdf227d659d	377	302	84	12	......
d702848d-8676-4674-8d49-5091ec535328	84	312	14	14	3
2b464b06-1dc8-4330-826c-7f53bbbe48a1	100	312	40	14	Aaron
2ef29166-358f-4f24-95ae-280b9a7e240f	478	302	26	10	828
869c297e-273b-47fa-81cb-d0e89e70800e	142	314	70	12	imprisoned
6b2f65f1-7f6a-4a82-82e4-a7bc71ad9baf	218	314	24	12	and
1841c3ee-5dd7-4691-918f-65ef9e7b856f	250	314	18	12	de
89561205-1189-43b8-be90-f252b5000f00	250	314	18	12	-
7ec5ae30-9e45-4e83-b4a9-90c529b2545f	302	314	10	14	9
7f40ad4f-9c6b-4b3a-85b8-4941cb093568	314	314	52	14	Joseph'в
06c9c226-611a-44ae-92ee-ac7d6a3477f5	368	314	30	14	rent
c9f0aaf9-d462-4380-89c1-00d6a75f93bf	400	314	38	14	cust
beb416a3-323b-448b-9417-063319a9ee12	400	314	38	14	;
1adef559-dc13-4086-b4dc-1afff2c71427	436	312	50	15	Jacob's
55aa805e-b4d5-44bb-8031-3b88434e66ac	110	326	96	12	livered
aee28483-a1ba-4834-a255-9707e052fb54	110	326	96	12	..........
50b59d27-8705-4c85-9376-71136deee11b	204	326	84	12	..........
abd57a06-f425-478f-bf25-4911ba5ce5e3	204	326	84	12	264
31a4ad88-b67b-4b42-bb93-e2584b64bf56	326	326	176	14	prophecy
95599f62-8b57-4ffb-ada8-59357280e3f6	326	326	176	14	..................
a701c659-b22e-4105-aa47-d76c8cd2843c	326	326	176	14	327
df601c09-7c97-480f-a8e6-10f46edecd4e	86	336	12	14	•
1fca8634-6403-43ee-b762-659b0db4c91b	100	336	63	14	Conversion
6fd3fbde-a911-4000-8749-42754d40c34d	165	336	12	14	of
c7c5fd03-a3c4-483a-91f0-3789b8eae4b3	179	336	52	14	Lamont's
df873d23-9564-47cb-ab2f-964c605ebc5a	233	336	55	14	father266
3222f541-56e2-4951-a8ac-e40a0308d428	80	350	18	12	11
46f0d576-79ff-46c7-9a7f-e2be3cbc32d0	100	350	36	12	Lands
ef0c2ead-8c1c-42e7-8a63-72076c2e68e3	137	350	61	12	Desolation
cec79055-c4c4-4b64-a248-862bdb27392f	200	350	22	12	aud
a79b66b1-7683-4aa4-861a-7f1c7a118f31	224	350	46	12	Bounti
c0756a88-b2ba-4f5c-8277-7b414439a45f	224	350	46	12	-
100ad8ae-1095-4b4c-befa-624328905af7	296	338	16	12	21
c969b4fe-80ff-4013-983a-986778e9e498	314	338	71	12	Amalickish
f766fa05-0aed-45e7-a25b-1b3f7e1573e7	386	338	47	12	betrays
c727df46-8782-46db-91b5-ee3ad14c8d2c	434	338	18	12	his
199e08f5-ea36-4302-9f9e-85d9527b5227	454	338	51	12	trust328
047c471c-4dd4-4739-ba65-ff10823d2e31	102	374	33	12	Alma
1b540c89-9280-4daf-b5fd-da042ab952c6	102	374	33	12	,
5c373a0c-da55-4d54-88d9-484eb326a3e0	137	374	31	12	chap
29791014-f9f9-45de-b3be-fc23f78b49b9	137	374	31	12	.
ac0a4409-1618-4d2d-9987-756f2a5b7621	169	374	27	12	14
368a72d2-1a32-431e-a8b9-61d00c05a08e	169	374	27	12	...
e21cabd4-3162-4aaf-b5d9-28a5e3002f64	264	362	24	12	267
c61210df-921e-4d8a-9b26-9c2103dcfc23	296	350	18	12	24
56acb9ac-1c29-4e7b-95a3-85bcbd105ab2	316	350	24	12	And
9a376a4d-c020-4435-b40a-e90367f9674a	341	350	10	12	is
7733ff36-e009-4de5-acbc-d75a7d57664f	353	350	32	12	wade
27a6aebc-b2e4-427a-a342-88dcdd2abc3b	386	350	38	12	leader
e7a3853d-4c48-400a-a6be-66d18c72d1e6	425	350	12	12	of
d0beae93-6d4c-43e0-9c6c-e515561ee219	439	350	48	12	Laman
2927eef4-a6af-4a3f-b76e-6c30dd591e20	439	350	48	12	-
284a43b1-0178-459f-a61f-1f632342c670	264	374	24	12	.
8d876752-5de8-4d64-96dc-0ecf0bec4919	264	374	24	12	268
53d93591-8e52-47da-a753-53d7f9a4d7b2	326	362	30	12	ites
61e58ce5-3374-4465-89ba-6f53d33ccc74	326	362	30	12	;
e1fdfad4-c476-4f69-b530-620820815526	358	362	30	12	king
03fc771c-ebf4-4921-b93c-12df6aa60959	389	362	17	12	of
3f1e5891-b6b8-469a-9b09-4be681c2de53	407	362	65	12	Lamanites
eb5fb038-4ae6-476c-bcc9-a68e44ffdc24	473	362	13	12	is
32ea7c92-019a-4450-8b12-37015f1f4ede	86	387	11	12	1
6e8e4254-6b12-4442-afbc-09bffaad9e40	98	386	41	12	King's
3aad968c-5227-46b2-8a6c-87aa579c21be	140	385	86	13	proclamation
49872423-4547-4d23-9371-6f110d32e371	140	385	86	13	..
fe010a0b-472b-4984-8c62-5f98ad7e77cb	264	386	24	12	268
f5d4208a-b2da-4e7b-a5bb-aa6ec742c733	326	374	176	12	stabbed
a64f7b5e-d765-483a-b800-0a2f40c79583	326	374	176	12	...................
fdb6e044-7345-4ce4-ae82-507381594830	326	374	176	12	331
cd4ad42c-c757-4756-bf4e-521612143cf2	86	398	10	14	3
f0f827fb-7401-4554-8780-667d82058c77	98	398	35	14	Great
22603fff-9bd0-47b8-ad63-8d51ce30e993	135	398	65	14	conversion
9b8f2b8c-d975-41b6-b034-ef3d9bb3c5f0	201	398	14	14	of
a9ee04e3-9e73-4a98-854a-08ab45f19bd5	217	398	71	14	people
d9d6f9fd-6db5-4553-b932-b6e8f832a73b	217	398	71	14	...
77f20fc4-bd49-42d5-a304-6f5820cccfa9	217	398	71	14	269
9dd02685-b7fc-4b8d-90b3-77a1e66a1fec	296	386	18	12	29
26fd6b2b-20d4-4525-895e-30774ace03c8	316	386	71	12	Amalickish
dbe9d57f-86ab-4e82-b3ce-9ddee8782e8c	400	386	48	12	DIarries
9f509d40-e578-4bb9-99da-28c4b7def708	462	386	22	12	the
f014c071-d8bf-48f4-b6d4-dc5b43076554	326	400	52	12	queen
9910be5d-a0c3-4855-92a8-70f1fbc7622f	326	400	52	12	....
881a8895-e2fd-4058-8e7f-a94becf2d8cd	478	398	26	10	382
8711479d-355d-45b5-a7da-6c741b7df293	86	410	10	14	3
39c4623a-af6e-48eb-9aa4-abe71a346b49	98	410	118	14	Anti
7f708a71-ff9e-4088-88ed-1bbfb104d117	98	410	118	14	-
d7cf8669-e5bb-4c85-b8fd-367ed8882bd0	98	410	118	14	Nephi
160e16e9-38da-43ba-9cc8-1c2e47839a4e	98	410	118	14	-
e380c989-f444-4368-8546-ee3c90afbdd2	98	410	118	14	Lehi's
1fd5a9f2-a351-4b91-9204-60db2bffe417	98	410	118	14	...
68ddcf8c-bb46-4a97-aedb-70ecb4e1fba5	96	422	49	12	General
648ce0d8-f5c3-4fd3-8117-1ae8955908c6	147	422	61	12	council
fb939d7d-2a8e-400a-9f6e-7fa5bde359b4	147	422	61	12	....
b2566544-1225-4c97-a645-027e003287d3	264	410	24	12	.
4f708d01-6fab-46aa-859e-b3c7f01864c4	264	410	24	12	269
4c9f34a7-2702-44ab-b96c-d3c1d9a6e272	294	410	17	14	81
b431b89a-a722-43b9-b753-102898270584	313	410	33	14	Land
bbdb4396-35e7-4bfa-9a13-034804328202	348	410	10	14	is
76d9dcd9-40e9-40ce-8ad3-492038b9556d	360	410	49	14	fortified
a032234e-5f7d-439f-8486-becd3bda252c	411	410	17	14	by
97cabca6-9ca1-4d60-853e-ba937c431d08	430	410	72	14	Moroni
40b0d0ea-413a-4f66-942c-7698b0c9043b	430	410	72	14	...
b2530195-a613-4ee8-b8db-9a90269cf620	430	410	72	14	333
b85264ed-cddd-4473-bd36-11d05d0aae2d	262	422	26	14	•
99707ac3-f948-4328-a519-f2f504f19df7	262	422	26	14	270
23bc819b-4f7b-4f98-baa2-911b20444027	294	422	19	14	87
fdf0669b-c1cb-42fc-9713-e9ca7fb7492d	315	422	37	14	Battle
819abdc0-391b-4b71-819b-0e79e4df4710	353	422	47	14	fought
904a2f69-a58c-493c-a6e3-75a6116c9796	353	422	47	14	;
8a085fc2-f248-47c8-8d07-a13be745e404	98	434	51	14	Burying
2467d3dd-7206-4d4e-af8b-e289c6d5c4ee	150	434	12	14	of
f69a741e-4c5c-43de-969e-8c22d61c631a	164	434	48	14	awords
8508d994-b206-4937-84b7-9c7550bf6bb8	164	434	48	14	.
fcafbfe1-028a-4fd1-92da-5c2e17476e69	86	446	9	14	8
e2828f6d-6321-45d7-ae1e-8192cdb1152a	96	446	28	14	1005
eefd021d-2cae-4816-bf40-6d58d2b49171	126	446	62	14	slain
67480404-c043-46be-9e1a-c30e719748c3	126	446	62	14	........
93e1c56f-98e3-4343-a9db-1da8b1baa1d5	266	434	20	12	271
5a6fb2cd-85de-433f-bed7-54604fe2bd8e	402	422	63	12	Lamenites
8a1c0833-f67f-4d34-8274-aba5a3bd8408	467	422	17	12	re
6af044f6-ccad-4928-be19-2024255524cb	467	422	17	12	-
e23a9c2d-3f08-443c-9b12-b0b3e6c115b5	326	436	39	12	pulsed
c1c0c0b4-9ee9-4671-b48a-4a5cba97f62a	367	436	30	12	with
c597ab99-7b3a-4c18-b3b0-c2f035e96058	398	436	62	12	slaughter
335a900f-725d-4c23-9d09-74b51378fdec	398	436	62	12	.
13b6087e-3620-42d6-9fa1-ac6d5229fd1a	266	446	22	12	272
5af2db86-7766-45f9-be46-ac0852c4840d	82	458	14	14	12
453be4bd-2c1e-4322-b747-45114df4741c	98	458	59	14	Abinadia
d5c13ae7-8bed-428f-8961-2c4d408cccb9	159	458	56	14	prophecy
7b19ddb8-5f34-4172-a6a1-391640b141e1	217	458	71	14	fulflled
0007acdc-9532-4eaa-922c-cc212bc6eba1	217	458	71	14	.
8e8c39ad-940d-42b3-a347-117022e0054c	217	458	71	14	273
9103fbdb-a342-4564-80b6-6e71db1b49df	294	446	18	12	38
507e0b7f-c4c1-4aa5-8282-b965477b31c6	314	446	79	12	Amslickiah's
a7c09ca2-8a12-408d-83d6-610c1f6a810c	395	446	38	12	osth
d738eb8f-e381-4aa4-b8e3-389a2780495b	395	446	38	12	...
028a3691-b2fa-4da1-b2d5-e050f25ca653	478	434	24	12	.
b23e3d54-40bb-4107-80e5-d4b2789b55bb	478	434	24	12	386
10aa3379-c724-4a24-a8cc-2176d3d30967	478	446	24	12	.
666865cf-23c9-4d47-8ef0-e00a5c1c669d	478	446	24	12	337
1c88337b-ba6e-4611-afe5-dfeabc90a45a	102	472	32	10	Alma
2d546c47-2ec4-4bde-8de0-41bb5978954d	102	472	32	10	,
eb6604af-3f9e-48c5-acc5-9c3d41ce763c	136	472	35	10	chap
6154b5f7-0615-4bec-9f65-14dbad2baef0	136	472	35	10	,
955a6db6-e16b-4899-9af0-047f0ba533d6	172	472	22	10	15
650f8c57-7f76-4931-b7ce-d7d64763b8af	172	472	22	10	..
e3881596-bb23-42c1-b2b8-8f08fe51057c	314	460	36	12	Alma
e5e008c7-e422-4410-825f-29d53233c1ac	314	460	36	12	,
53f77570-1dac-4ce7-8257-167fc63c53a8	352	460	31	12	chap
e36248e3-354b-40d0-8ac8-ca4404b88b27	352	460	31	12	.
e623b0c6-a1a5-47c9-9650-c083424cc4ae	385	460	33	12	22
d5cb9152-65b4-4884-aaf5-e0ce031ed9ab	385	460	33	12	.....
e9c8c4a8-aa2d-402c-99b2-d5cd5c697008	300	470	10	14	1
019baf76-f86c-498f-96d4-773af7227f06	312	470	44	14	Moroni
3a7d1143-8671-431a-a50d-08d1266d13c4	358	470	26	14	etill
cc318748-d836-47b5-990e-38cafa89a82b	386	470	52	14	prepares
2a0f98fc-8f73-4933-9d29-72881918d3be	440	470	17	14	for
87721974-04d3-43cd-82e5-bd76bc0dceb8	459	470	3	14	:
ac0d0a9e-d10a-4162-a66e-bed65d52018e	478	460	24	10	337
4ed56b82-4725-4722-94c4-eaf24b903ac6	86	483	10	10	1
606e10e8-e8d3-42c4-9cdf-f044a81b0d9a	97	483	41	10	People
ddcb380d-2efa-4f57-8c01-7b485adf2d61	140	484	70	11	commanded
9b2fc8ab-c979-422c-b57d-d87d27fd6a32	211	484	14	10	to
4d6da8c5-bb54-457c-a9e6-2f80d5a1a8cd	226	485	20	10	fee
3f743146-2f60-403d-be9c-66e6a6716d73	247	485	21	10	out
2ae6713f-474f-4365-ba58-2017b9167691	300	482	10	14	3
7581bd79-0001-4b0e-a3e0-d6d4f0dd0579	312	482	28	14	City
579be570-3b9d-45f5-a3cf-bc90675e200b	342	482	44	14	Moroni
638759ea-4e9b-4ee2-9dc6-06dfc2d39bc5	387	482	65	14	founded
964cb84a-7f8f-4b9b-9c6e-c923d272549f	387	482	65	14	....
bfa7807d-368d-4537-9715-ab3fd80b76cc	460	472	40	10	war337
782b4a9f-a15f-46e7-9530-1bfadfc67a06	110	493	13	14	of
6238a372-2893-44c4-a5fd-52fd15c75103	124	494	20	14	the
c89c920b-8872-4ff6-88c4-da201b233bd6	145	494	41	15	land
5d213ae0-ec4b-47b4-a53c-55b594832f9f	145	494	41	15	...
9d816f07-1dbb-4176-bf34-af90c33c2600	84	506	12	14	9
40781d91-de0e-4e7b-805a-e73cfe0f2f69	98	506	35	14	Great
211648b1-7423-45ab-895b-ba5e1a08ecc0	135	506	69	14	battle
e2737dee-a551-4816-a9c5-b49aabd8acfe	135	506	69	14	.......
b1ebb831-2eab-488c-8fa6-fd7b38bfaf6b	82	518	16	14	O
05c3aa4f-d859-4e56-8b50-b58e0f06dea3	99	518	21	14	Joy
791d65da-3233-4081-9a25-e283556364a0	122	518	19	14	for
51e56531-0898-439d-98e9-adabc5823d13	143	518	21	14	life
e094aa3b-0c0e-4969-9b59-e78a358eea57	166	518	14	14	in
b163cb82-006a-418d-9207-f52b9acc3132	182	518	38	14	Christ
190a6251-4c49-4c69-848d-522ad1de2492	100	532	34	10	Alma
66eb6065-6126-42b6-b3d0-7bf22e17d24d	100	532	34	10	,
59cff07e-fb2e-4407-8f14-31e08e0254ad	135	532	32	10	chap
5a32dfeb-fdf1-440f-a7f2-56a687fdfe4c	169	532	35	10	16
243a25fa-a660-4da3-8672-f04cd7784e0f	169	532	35	10	......
51ae6bef-d3de-4137-ac2b-b52a1820061d	86	544	10	10	2
1b8a4874-4442-4812-b6e2-a633e3ad2506	97	544	57	11	Korihor
ccea3667-088c-4885-b22e-5dab5ff91797	154	544	70	10	-
4259f84e-4caf-4f4e-b12f-2a1a4104f221	154	544	70	10	anti
d2a4c2c0-a45d-47c0-91cc-60e064575477	154	544	70	10	-
e291228c-94a4-4645-90ca-da831a54f6b5	154	544	70	10	Christ
ed24b565-e9d5-4a98-b502-16ab601f18f6	154	544	70	10	.
6c0f4042-b3eb-44e6-83af-54aa59651a3b	86	554	10	14	8
1ae6f1dd-60b9-41c3-a38a-3b705f619871	98	554	94	14	Corihorstricken
0702da84-2ec2-47f1-82f2-57d53c7e4e78	194	554	40	14	dumb
bda41f30-4a4b-4815-a41f-61dd9b4c6cec	194	554	40	14	;
e58d442a-4943-4f75-9238-0db752a12719	236	554	26	14	devi
363d62bb-8968-4e49-b6fe-424febfed90c	264	494	22	12	278
1436de6b-4d4c-4a37-88db-5d84fd4a0645	264	508	22	10	280
54f9d9a5-01c2-46ac-b265-7eef6b4583f4	264	520	22	10	281
bd5df919-de15-4250-9294-e5f8fb9148dc	264	530	22	12	283
cd1f8753-a191-40f0-94c0-1fba4bbec556	264	544	22	10	283
f8d06240-18dc-4d3c-a447-5f1196aca62b	480	482	22	12	338
14b5bb84-705e-4ada-a07e-4eafa7f6a184	300	494	12	12	6
76026773-3954-4bf5-98e2-95cbd0109b8d	314	494	70	12	Disturbance
e82aa592-8dd9-4bf9-bca1-3027c9291c60	386	494	35	12	about
a0093662-7aa0-4fd0-9532-bbf13e5b97ec	422	494	60	12	Morianton
f936d675-0403-49c6-bfbf-e2625d702b50	324	508	37	10	ended
c40d846c-d0f6-4b61-bfe3-05b8d91ac3b7	363	508	19	10	...
82fb5b50-d885-490e-960a-669fde4a326f	480	508	22	10	340
774925be-5f9d-4893-95a6-e7bc4310bc40	300	520	12	12	8
b366ff61-bd17-4d6a-8cb9-5d23c719ac3d	314	520	51	12	Paboran
d1cc680e-d208-4559-b2f1-781297cfdc25	366	520	58	12	appointed
172dab8e-77f1-4c79-a88a-17516c9c54a5	426	520	34	12	judge
9d5c0fa3-7d6a-483f-b5dd-2bf555489889	314	532	34	12	Aims
d9749882-6727-4e91-a716-1116bf8c6a54	314	532	34	12	,
21b6f9ed-14af-47a0-ba03-eb90f76cffe6	350	532	33	12	chap
bf5826ef-e444-4060-930f-aa8029ef59f3	350	532	33	12	.
710333ed-e28c-4abf-80ce-6ebcd0abc1ff	385	532	49	12	23
f69b1490-d2a3-434c-879c-940bb03c018e	385	532	49	12	........
74d4c2f5-a1ab-4ce9-bb56-86d5fee08c38	478	520	24	12	.
7533e3c1-75d3-4c4b-b756-afc5a97c97e7	478	520	24	12	341
f9d94051-7320-45fc-a3a0-a8eeeaaebb2f	478	532	24	12	.
af1936e2-15a7-401b-b0bc-3a240fbda5ae	478	532	24	12	341
11913762-bfcd-41cf-a085-1c5f826d7df4	302	544	10	10	8
fc4e4385-b90e-49f4-8034-b55808550be8	313	544	9	10	A
445f254b-0287-4145-a9e3-1ebea31816b5	323	544	59	10	malickiah
77ff9703-5a57-4657-aae6-3ce15f50e2d8	383	544	31	10	takes
de3977ae-34e7-4c8e-9848-20f6fd195121	416	544	34	10	many
0ed46c26-fce7-4ddb-8aa6-5fe50eb3ae44	451	544	49	10	cities349
06c2650b-1f09-49fb-8328-b8f8724ca100	110	568	12	14	as
26a1291f-5f7f-438c-9804-09d4e1449b6e	124	568	18	14	an
dc3aded4-672a-402a-915b-8282318047f6	143	568	47	14	angel
a4e02c41-4f0f-431d-b4a4-fd221bc1da98	143	568	47	14	....
557cfd34-667d-4179-bab6-b9349478384f	314	566	35	14	Alma
07803f5d-d7e2-4bce-ba9c-08576156d865	314	566	35	14	,
c43d849e-b98a-4f25-afef-8835ef9e61bb	351	566	31	14	chap
7fd604e5-9602-4c2f-9653-81eab39f8299	351	566	31	14	.
81a23a51-01c9-4f85-88b8-4ba4c72a2fab	384	566	22	14	24
9c1072c9-9d40-4c51-a237-7639771cc555	384	566	22	14	..
88f6e24d-9025-451d-936a-318df16dd50d	478	568	24	14	.
67371899-a898-426f-8ed5-59625c4558a2	478	568	24	14	344
f950d348-5523-44e7-9cfe-76fe13578d6c	76	579	18	29	i
b7e7726d-2238-4873-ae1d-8d86d1fbe03c	97	579	53	28	Worlip
a719e90a-5775-4bd1-bce3-c08c4bd1086a	153	579	14	28	of
e58afdf7-0dde-4760-92c4-d9c3cea5307a	170	580	25	28	the
7f4bf0a8-94cc-48ef-9372-fd628e90379c	198	580	40	29	20ram
92a397ba-69ee-4d32-826d-425e44f50a22	264	568	22	10	287
01e8cbc0-34a4-4371-8bd6-1e31d5e53441	264	580	22	10	288
fba77aa9-0e76-48b6-a02d-46171c0f7f7a	294	554	17	14	12
bae423f1-3258-4846-8f00-5cdcd6535a97	313	554	35	14	Death
7dccb094-b95e-4cb0-97d3-a1986830f17f	350	554	12	14	of
d5560077-cab5-43de-99f4-a192c0a484e3	364	554	82	14	Amalickiah
c5933915-cae2-40a8-a0f0-c2715c55e5d6	364	554	82	14	...
b1ed7726-03e4-4cce-945b-51871c5006d5	476	556	26	14	.
9f481048-8cc2-4bfa-b6b7-e9019a9938cd	476	556	26	14	344
adb59690-2186-45b2-8bfb-2f890e0457c4	152	592	19	12	of
1395452b-c43a-4888-a600-0200b4ef386c	173	592	27	12	the
9a29138e-ec99-4544-9078-9b22cc231d4c	202	592	62	12	Zoramites
969647e7-0b91-4912-9a76-422df7d0c726	296	592	14	14	11
65b9b9be-a838-4e28-8b9a-4b1a44852f0f	312	592	47	14	Moroni
0bd6d17b-d422-4bb2-af6a-c57e24795534	361	592	19	14	by
70a07a1b-3036-4da1-9cb2-9ef110ecbf6a	382	592	52	14	strategy
e2ff7e31-8fa9-458a-a467-e1f96d6a5503	299	570	12	22	1
5ab9f7aa-bd7e-4db5-810b-aad6cda7fcb1	312	571	59	26	Ammoron
cce99c55-e407-4d8d-9de8-2e61995700ce	372	577	33	24	made
18bc45cc-544e-42e5-947a-8c604b810aba	406	579	28	23	King
6d97ca92-d75c-46d2-9439-56b1aa5d4848	435	582	50	26	retakes
9106d6e1-7d49-44c3-83aa-3765b0adba8f	474	580	28	12	..
b9618073-2ff4-4243-b348-9ee4205b91e2	474	580	28	12	845
cc4b23ff-176f-413d-8720-ebdb89a20156	110	604	29	12	holy
74904cef-84d3-4650-a08e-35c0f50f701b	140	604	62	12	stand
89d3b339-0b5f-41a3-bbb4-5bcd9795ca44	140	604	62	12	........
d1ada022-7d9c-4361-a3b3-e1317d960d35	264	604	22	10	289
98e0b018-e24a-4d55-8594-0069cb25e281	326	606	36	12	Mulek
99fc46ea-1945-4d7c-858c-a522bf2e5c2d	363	606	19	12	.....
5e5ea868-0708-4a4e-bc6a-775ed442b5dc	478	604	24	14	.
ddf6e33c-9acf-440b-ac6f-549fc5fee81a	478	604	24	14	347
9409d926-ea82-4c5b-92be-8759f57f19c6	78	616	18	12	19
f5ac4cd6-6a0f-4e7e-bbeb-c03b527b5c18	98	616	25	12	The
47464925-470a-4e1e-9ba4-c9f10dac2af3	125	616	27	12	poor
2d781f16-eb9f-49ee-83ca-c3633ced748f	153	616	44	12	receive
d0b650d3-c294-4c5d-a422-2460d1d85546	198	616	21	12	the
331deadd-6494-4522-83b1-34056f3f210f	221	616	33	12	word
9896f841-c512-4b2d-8f94-63b1798a31fd	221	616	33	12	.
2a606e9e-2fa9-42da-8c47-0f0f660b61ca	262	616	24	14	.
4631a8d8-14e2-4b35-81e8-da5140722ec5	262	616	24	14	291
1dbf2739-8415-4c9b-bebb-98bbcaebc720	80	628	16	12	20
9fbf1a48-1218-4200-8b79-4ca3a2fffdd3	98	628	30	12	True
8802d8b9-6d77-4da5-b2bc-3f776afff4e9	130	628	54	12	humility
d5a2b5f0-0698-4c41-a308-a94435e657d2	185	628	53	12	bleased
c62ebc99-0dbd-42af-a081-c743289cebb2	185	628	53	12	...
1f064721-fd1e-4263-b85d-8414f4663771	260	628	26	14	..
7f269bc9-a9d9-43cd-a20d-3e9cdbd76e5a	260	628	26	14	292
c1f05039-d130-4586-8802-3225d92d422f	296	616	15	12	12
e34ce5d4-5ea8-4e4c-b4db-7fe4110d57e9	313	616	66	12	Lamanites
6bf57ec5-4c2b-4fc3-92e0-e30cee719a9a	313	616	66	12	'
7d060db5-8340-421e-96f4-9b97d1b45ad2	380	616	26	12	fear
5cfb145a-b9c6-45ab-838d-d056427fe212	407	616	15	12	of
e0d56d91-fa46-4d2a-9cd7-3b8e30195d41	424	616	40	12	Lebi
35743e31-4b69-4fd3-8bc0-7c02f6fb9c36	424	616	40	12	...
d9c38a08-6263-4d01-80c2-84acbf48f883	294	628	17	14	14
050047ec-bb4d-47ee-890a-b874d64f5d8c	313	628	63	14	Lamanites
4d24482c-1cc4-42f6-8c9a-af1b4bf66a40	378	628	35	14	taken
c82a625e-d80d-4d04-a402-f65f75403d0b	415	628	63	14	prisoners
3135630a-c292-4079-8e53-becddbf4095e	415	628	63	14	...
c9596c7d-126c-4c99-b543-80f7266a5169	480	618	20	10	347
bc1847fd-34ef-47f4-a398-bfde3ee29d71	78	640	18	14	26
4235bc3a-b995-4280-b51e-3caeab83e138	98	640	35	14	Zenos
b721f749-827b-4c76-aae6-864f773d0267	135	640	23	14	and
86e5a771-e6a4-4d3f-a634-a6cd7f00dc4e	159	640	51	14	Zenock
23ce6293-7798-4620-99be-1a46f9c95eb4	159	640	51	14	;
039c364b-6234-47f8-8eda-6d80059df581	212	640	54	14	prophecy
3c4012b4-be78-4f07-963b-14df3c7c26af	268	640	18	14	295
ec9fa5d2-3ae3-49d3-b53f-b67ae6e12003	294	640	16	14	21
be2fe0db-d600-47ec-bf61-1ba742457479	311	640	28	14	2000
1ec32546-680c-4634-b597-c5e630e951af	341	640	40	14	young
7971304b-58aa-4ee5-8eac-18563552df33	383	640	77	14	warriors
045fa216-c27a-47b6-9ebb-7868fcd479f4	383	640	77	14	.......
0f150857-86df-4e02-aabb-cf278ae2df88	476	630	26	10	•
54e59172-9ff8-4be9-a027-a505a4e0d2b2	476	630	26	10	3
2ead103b-d50f-42c3-8bd7-fcd738854046	476	630	26	10	×
c6aa8f7c-3a0e-40a6-9390-531b822d0483	476	630	26	10	8
d20a9d56-d42a-4b01-8daf-3cfe83ea248b	98	652	35	14	Alma
e256494c-5385-4988-bd7f-c25590f809be	98	652	35	14	,
0b71aafe-aa38-42a3-aae6-9611a780db0e	135	652	49	14	chapter
ab47728a-6cee-41c0-869e-1d5da2227324	185	652	69	14	17
f2fbe3c1-57a8-4088-914e-d9e319c0c572	185	652	69	14	..............
0712d541-c8a1-4168-b158-d674498fc34d	478	642	24	10	850
30f1b291-dade-4567-903f-3ee1a7832830	314	654	34	12	Alma
92efcbc9-9e5a-442a-a608-52f74ec86acb	314	654	34	12	,
32c44cc6-4bb9-47a7-8e5d-5f93804a0ebd	350	654	35	12	chap
4c20bf85-3909-4367-8d0a-9d731db61d8c	350	654	35	12	.
324c7aa2-4577-457f-b9b5-d1d3f87738ad	386	654	50	12	2
22d9d196-c442-492b-bd05-d08dc4755a5c	386	654	50	12	).........
2c0ea4c0-3b5b-4fce-ab36-b6725a7d94b1	84	664	14	12	1
088d7853-51cc-4d27-a0c2-68ab4886ad9b	96	664	67	12	Commands
c8abc234-2d27-4e99-9d0b-fd9c24629469	165	664	13	12	to
5448aee2-486c-42dd-9696-eb12b86834b8	180	664	62	12	Helaman
c6523e78-c878-4a86-9e55-9a07c23a333d	180	664	62	12	...
fcb1e679-a9b2-40a1-aafe-53334d21cd46	264	654	20	10	301
a863a3fc-2d87-49dc-9a1e-dba156196f40	478	654	22	10	.
53e7cd7d-5096-4606-bbff-cf2fd10886e8	478	654	22	10	351
6bd3bf7c-d3c7-48b3-b2a0-445fdda2a235	256	666	30	10	..
c2baa684-8731-4acb-85d5-9487ba925ae9	256	666	30	10	301
648ce3fb-8082-4b31-a89a-2995d490550e	84	676	12	14	5
a4c280f7-3011-4cb5-b525-992cc8f636db	98	676	49	14	Records
82fcd54a-60ad-4aae-aed0-2122cf731bc9	149	676	26	14	and
e25a24bb-81d9-4af4-b6df-bd16ff053453	177	676	38	14	plates
3e0a6aac-b09c-42f0-9816-232fd5099818	217	676	35	14	given
22a430c0-b928-462d-9bdf-f369baefb9ec	254	676	14	14	to
e928e2c0-eca2-4ab6-aead-98387dbf9c81	300	664	10	12	1
0fccdcdb-f225-4737-9379-06480e328fa8	312	664	45	12	Moroni
4683fd56-3d65-4b90-baae-16bdb22e1e8b	359	664	13	12	to
86238137-14ef-48fc-81bc-596410af2aa4	374	664	73	12	Ammoron
ef143084-c94b-4bdc-a7b3-5584e6b6a75f	374	664	73	12	...
88a1fc87-3497-4738-8f77-7e59846504f6	478	666	22	10	351
cb1bc948-87a2-41c6-a8bf-53e41a97efce	300	678	10	12	2
b10e709e-9405-4824-8fb4-b134a4bdfaf8	312	678	60	12	Ammoron
7e7d5e92-976c-4b4c-a141-356d97b570f4	374	678	15	12	to
11e88749-f28c-495f-adaa-a1f27887e42a	390	678	80	12	Moroni
d3e600fa-423e-4666-80bd-b346f4a42f7f	390	678	80	12	.........
484be7e2-65a3-47f5-85f9-886b1e5bc204	470	678	32	12	...
fed63dee-ac9a-430a-a040-ee4948b3edef	470	678	32	12	352
3e72aef1-4009-460b-91cf-8293e3f605ad	110	688	70	12	Helaman
bbd8743f-3e6d-4df1-bd84-e78fd95c1044	110	688	70	12	....
671ce547-4d4b-4f8b-8b31-666c94fdf53b	300	690	10	12	7
cd6e0f05-dc96-4a59-8cb8-39a1e4cee4bc	312	690	43	12	Guarda
3d6620d2-fa59-484e-b3fb-679a3b00ae79	357	690	36	12	made
bb73ceed-2400-4eff-acbe-cc1a911112ba	395	690	39	12	drunk
c222e212-47c4-492e-89d3-8d2c3b260834	435	690	16	12	at
73ea0e98-3c72-4c04-b0b0-49a2a1151ea7	453	690	31	12	Gid
3fe2a282-7fbe-4d2f-88a9-0272360dbf4c	453	690	31	12	;
7e5c5236-a390-4dc8-b47e-c116da3a6074	84	700	12	14	9
fb063795-7ef5-4664-88d4-2b2660bbe7c7	98	700	56	14	Gazelem
332d08f6-45ef-442d-8d30-c41fa2a22af4	98	700	56	14	;
92ff7fe0-3ad7-40a3-a812-d46de9d54f05	156	700	9	14	a
dbd4f6ff-f18d-4d48-a235-e1c76d67a25d	166	700	44	14	stone
efa6b256-499a-46ca-b38e-c565a5028ae1	166	700	44	14	...
0ccfeb2e-18de-4e9c-856f-8d6bfca8f957	264	688	22	12	303
493331de-bbfc-4804-8d15-a3b1bfb2b607	324	702	52	12	bloroni's
dee2267f-472a-486f-8f02-6307894891cb	378	702	124	12	strategy
b239cdac-d352-45c6-a401-c31688694a0d	378	702	124	12	............
01d0ebec-a68b-4e78-9ad9-18d4fb11764f	378	702	124	12	363
966fb16e-c364-4c86-a4b8-3d2751b0f034	78	712	17	14	12
81c67301-9dce-49f8-bd2a-9e19930d54bf	97	712	24	14	The
15ae5cf7-0eb5-456a-ab7e-ac05caa49e04	123	712	55	14	compass
63c6d8df-f7c6-4117-af6b-83256081a6b9	123	712	55	14	..
c589547b-52ff-49a5-8bf1-1dd4987771b4	264	702	20	10	3015
26e0a6eb-17d3-4c82-9316-68d97f6ab7c2	262	714	24	10	.
f2bec726-67a2-412f-974c-9aebfc4b3e09	262	714	24	10	306
afda4e3b-3a02-4877-9bed-b6cb544be81f	98	726	36	12	Alma
374ebdb0-32ad-4898-b7cd-939ab3ab0909	98	726	36	12	,
583650e1-9bde-4ccb-bf81-32b5d3ce92a0	136	726	33	12	chap
184b5601-aa88-449f-b6db-fb74c22f884d	136	726	33	12	.
8537c1ca-2795-48d3-a2e7-c64e144807ae	170	726	28	12	18
0a803cc2-fcb3-44d7-9b1d-dc5875fb11e3	170	726	28	12	....
bdfffb06-4294-40f6-8636-0717e091dc15	262	726	22	10	.
d3f765bb-555f-45c8-a694-7bd90498114b	262	726	22	10	307
a2d00994-83a5-452f-a609-ecc1b265c0c0	298	712	12	14	8
af47617c-83f3-4a3e-a5a1-0afa84891494	312	712	47	14	Caution
65da70cb-66e1-4dfa-a3df-c38055c94baf	361	712	12	14	of
33429558-2bbb-46bd-b770-1de1bee1416f	375	712	21	14	the
485a7a25-dbe8-4a8a-96db-391dac08122a	398	712	54	14	Nephites
0a037f2b-e947-4657-83c1-a85f23bd6090	478	714	24	10	355
da7fb589-17d9-4e68-b588-821ac7af9cc5	82	734	14	16	2
e49fa6bc-3ef3-4718-ac04-4906d3c3b902	98	734	32	16	Alma
60806d97-9711-46f7-b8f7-a62ae3a08c58	132	734	12	16	to
838671da-9b81-4603-8cac-2dc51437cc39	146	734	56	16	Shiblon
1303996f-1088-4a37-9ee0-1f33909a1b66	146	734	56	16	...
1036c1b5-c8b0-4a8f-8400-43c454533ca7	264	738	20	10	807
b44a24fa-edcb-4985-b0a3-3d30b2f35315	314	726	34	12	Alma
ee59d39f-8c15-438c-8c30-ae89352f7144	314	726	34	12	,
b6f30b00-8b6a-4280-96c9-97f6e3891472	350	726	33	12	chap
28961a93-0454-4db8-af3c-d11ae9e26c21	350	726	33	12	.
71b611a2-28d0-4eeb-83be-0ad967dd082f	385	726	55	12	26
52b54d90-cfc1-498c-a27d-fbf2872e6cda	385	726	55	12	...........
ad9a4246-41a8-4627-9aba-dae01a5903d7	438	726	64	12	.........
9c71aa0e-79c7-49b5-a17e-973d5b5ff5c0	438	726	64	12	355
6df70479-9ab9-472c-9398-d595c1cfd9a0	98	750	36	16	Alma
0f0818c1-0921-467d-826c-c895bf128fba	98	750	36	16	,
e516f61d-afc2-4c68-9812-82dfcb330df7	136	750	32	16	chap
45184703-8ab7-4433-8ea9-9c70001ae117	136	750	32	16	.
8c3962fe-0ba2-41cf-a046-35f8117065be	170	750	16	16	19
7ab5a39c-a682-4065-9636-afe9cf0d40e9	188	750	10	16	...
5bd73fee-9679-42bf-b014-6ce0abfb2193	262	750	22	10	.
8abdb2b1-85f7-4018-8a35-5b7c5954256d	262	750	22	10	308
ef386085-05d3-4b75-9d67-ec789b4907ce	298	738	12	12	1
a06c44dd-e386-449c-b646-1576a0a2e7b2	312	738	65	12	Helaman's
29262734-56ae-4792-874a-674884b22637	378	738	42	12	Epistle
be49abce-9023-4988-9ddd-0cfcdf1ec09c	421	738	15	12	to
617b0b83-a9e8-436b-a546-64d954ec7712	437	738	65	12	Moroni365
9bc277dc-b00e-4ecc-a26f-4f97ec642533	300	750	10	12	5
aa9c356b-f313-4c37-97d0-abd48717ec36	312	750	54	12	Heleman
dd5a070e-32d5-4069-ab48-e33a8185c84d	367	750	45	12	outwits
d6911e00-fa7f-418b-9f88-d4139e039d04	414	750	21	12	the
3f0e8be1-e5a7-46b8-8b30-cb50751f145b	437	750	45	12	Laman
1f0c640a-a147-48a8-8baa-e5357516519e	437	750	45	12	-
694fc2c9-c91f-4e81-b5c1-ee72e84d0f4c	82	760	12	14	1
2f7d4159-8ceb-4cbb-a136-2d0f264faff1	96	760	35	15	Alma
9bcf4273-ddbc-470a-afac-ce1624c945c8	133	761	18	14	to
a40efcb6-ae7c-4d14-81f3-430971283f35	152	761	68	15	Corianton
056b015a-7f58-4259-ae86-d9ee6bc88313	152	761	68	15	;
732788c0-52ce-46e6-adeb-19b1170822e9	224	764	40	12	anpar
7a901d4c-eb1c-425f-8e2f-c758a144055d	224	764	40	12	-
c1a85fa6-f43f-4613-8402-e5399142d0b1	108	774	48	12	donabie
91f7e559-4bce-4d56-8174-fc0942e52c42	158	774	18	12	sin
154e4888-3fef-4e86-9a78-a70a78e56a93	177	774	27	12	.......
4835ce0b-cbb2-49ad-90b5-3c56c9df64d0	264	774	22	12	308
ad4ecb40-e90f-47cd-8f08-f90d6c21db98	322	762	30	12	ites
319019c2-7cfb-4649-a1d1-2e53ee3b2784	322	762	30	12	.
d9b8bb02-53fc-450b-9d52-ea6a27da2158	478	762	22	10	358
1f056961-cc10-463f-96f7-d3953b933d75	292	774	18	12	10
380acc85-ecc9-470d-8aab-82a1b2c207a1	312	774	63	12	Lamanites
5f102e21-002f-4f61-a4cb-9c08147e65fe	376	774	70	12	surreuder
f29df190-d7e9-4dd8-b23e-3e81a150b789	376	774	70	12	....
f5cd2300-65a4-459f-9f6d-123ecdc813df	460	774	40	12	....
f4e3c5af-a351-426f-a94e-0fe9997dcea0	460	774	40	12	359
b90fd838-ba4e-483f-aed1-2381b5f2a7eb	82	784	12	14	4
6406fd23-f0c5-4097-bc5a-703309520de8	96	784	24	14	The
b5b544c1-7b7e-4622-8896-b4448b029e6f	122	784	76	14	resurrection
6a7d86fb-e4f8-416c-a87f-b7d7b6969d49	122	784	76	14	.
b2ba224f-00d4-41d4-8ffe-d07de6f34526	262	786	24	12	.
9c0675a0-e0bb-42a6-bed1-73e7f8e5a19a	262	786	24	12	310
18cd6c3b-a4b4-43f9-b814-f07cdf47ae1d	292	786	18	12	12
374e3b26-b790-4be6-94ab-1bf1f10f55b3	311	786	61	12	Exchange
ac67d022-21eb-441e-8bce-e3c2308b14af	378	786	18	12	of
399f43f6-0780-4595-a74f-281e524d223d	398	788	60	10	prisoners
551fd002-8902-4151-bd98-efd42a953b1e	462	788	20	10	re
e29978e7-1e8d-49e6-ae24-28e142b55b01	462	788	20	10	-
a7207827-25d0-4928-99df-3e6bc3ec3502	82	796	12	14	8
12fb6cfc-a8ce-47c3-bee1-869cda77ee4f	96	796	24	14	The
4c5ef76d-cc01-4d06-b86c-a585f27283c5	122	796	78	14	restoration
90622332-b4c3-4b27-836d-c2eb0d7e919a	122	796	78	14	...
f4f40194-d83c-44f4-a2ea-04aa744af406	262	798	24	12	312
d45377e3-fd12-4f16-b115-095d8e1d89fd	322	798	38	13	fused
c8fb757d-f959-474d-8a20-8543e46e9abf	322	798	38	13	..
9c8f3322-a220-4766-a2bd-d4f8b95ea8de	462	798	38	12	...
cb00c3af-320b-4f29-b780-cb8b21705fd8	462	798	38	12	361
c3c35686-8d15-4f62-ba3e-f7216d057d80	370	838	35	10	DigitizssE
e361885d-3053-474e-a5b1-a99464063838	406	838	16	10	by
b80a9914-3613-44f3-8d15-c50ab5676acc	418	834	68	18	Google
