ID	X	Y	Width	Height	Text
4ce8cde2-1386-4a85-9ceb-843868925960	70	68	26	16	хії
960201a4-f624-4980-8609-3993c532b289	70	68	26	16	.
de0f31c2-1e5a-4c71-be65-bc22d07183d8	246	66	60	16	INDEX
bafa0b03-c5b7-43b5-98d0-fbe6fc0b8162	246	66	60	16	.
c4df3d4e-4d79-4d90-8c6b-387f127472b1	74	96	34	12	Verse
d3e209a6-9c97-4a86-9e05-a3ec8486ebec	74	96	34	12	.
39a47fa2-165d-4c33-9eeb-47b952e226ae	244	94	34	15	Page
7eb42aa6-da18-40eb-a629-72b2d9b188fa	244	94	34	15	.
b7d032d0-259b-46e4-bcd0-f0d51cad6436	279	94	6	14	|
40f5d64b-ff07-457f-9792-f57e5ac65899	286	93	36	15	Verse
00999f20-6cf9-4309-91ef-005898f6db6a	286	93	36	15	.
dac210b5-ee96-4e1f-aee9-7332457b08dc	78	106	10	14	8
599299e6-d50b-46bf-b3f7-32d84ce9f413	90	106	49	14	Women
ac831957-7a0b-4be0-baef-12a88c343ae7	141	106	26	14	and
4647813d-ddf7-4dd2-ba23-bc2da5c32375	169	106	54	14	children
9277b003-a3d3-406f-8faa-3fa53efeaa11	225	106	35	14	sacri
e7404bb6-e85b-4cf7-9c90-9dc2e4192938	225	106	35	14	-
bd40d98e-2cda-407f-97b7-9680681a42e9	102	118	36	12	ficed
585770c2-b538-467e-bf69-8358956d0961	102	118	36	12	..
d8e3fdec-9e96-4338-aa76-db11da5bef5a	76	130	12	12	6
f0e2529b-a2ee-4fbf-a6fa-3a95c02fa115	90	130	24	12	The
fb3115f7-1dd9-47aa-8ec7-cea8d76feb29	115	130	53	12	remmant
c3ce69d0-017a-493c-82c1-a11a5231cf5f	256	118	22	12	489
be521bb9-1708-4f2a-ad92-7dd8cb84e4ef	256	130	22	12	491
55d80395-e79e-40a4-82e4-5b5226deaac1	90	144	54	12	Mormon
0fb676e3-f642-4b0b-a3ad-dd1052897bea	90	144	54	12	,
27561d3a-d40e-45de-8500-88f20fab43b0	146	144	31	12	chap
3915eb04-10b5-46c9-931e-adeb6535d566	146	144	31	12	.
163ec2a8-e325-4be8-8d99-8d1bbb08c10d	179	144	19	12	3
b88bded4-bcb5-4ffc-94c4-b79dbc4239a3	179	144	19	12	...
b9faa609-0f18-493b-aea0-0fbc112fe201	256	144	22	10	491
eec77e68-b9a2-4adf-ab31-7a7d1c4a5b68	78	154	10	14	1
071c436a-f0f0-4b37-9c17-1a9af25bffd9	90	154	37	14	Nephi
9b5b00c6-bba4-4170-a1b8-0ddba3e72078	129	154	45	14	finishes
0e6f1523-2534-42e9-a771-9d0409fefb8b	176	154	21	14	the
2f517fe5-94a8-47d9-89ea-9848a59f8ab8	199	154	79	14	Record
69d97c88-f970-4c0f-8e69-e892c3fc5d32	199	154	79	14	....
348449f5-1602-42e6-8a75-44f4709db77b	199	154	79	14	491
dd831c02-00d4-4323-984a-d0d5a0458f18	78	166	9	14	2
20f50699-c776-452d-b504-bc9e2e5c7cbc	88	166	63	14	Gathering
a6f42c4e-04f9-46bc-aba8-a5561525f657	153	166	16	14	at
c87a2431-01d6-45ce-b1a2-8851cb9fa300	171	166	61	14	Cumoral
a7536142-9dd2-4cd6-ad09-a792a49ef7af	171	166	61	14	;
21f57cb8-02c8-40df-9917-bc306543132b	234	166	26	14	des
a4483215-38e7-4f10-bbc3-f30189f9f6de	234	166	26	14	-
6c59b2ec-5e6d-4516-a864-6cb03cef974b	102	180	49	12	tructive
eab59fbd-2900-46b4-8a4e-7a51274ec100	153	180	67	12	slaughter
05f2be04-8af8-4fdc-b2ff-d3792c34370c	153	180	67	12	...
53ec80b0-48bb-4d20-81c4-088f9eb665fb	246	178	32	14	...
014011e5-6765-43e7-a02e-038dbb0882dc	246	178	32	14	492
683d67c8-7755-41ba-881b-5f21ce242e7d	78	190	8	16	4
6c435e1c-9240-4c65-add7-f9132836067f	88	190	78	16	Repentance
f5c49778-5856-4c57-9aee-bcd633b431df	88	190	78	16	;
2e908c0d-4446-4f00-b1ba-fc5eaa65339d	168	190	30	16	faith
acdd0024-db60-48f8-aac9-1f8329120c05	200	190	12	16	in
28e3776b-e556-4b25-b8a8-0142ed60323f	214	190	42	16	Chriet
428f2bf8-7e33-43b5-9edc-3686a258250e	214	190	42	16	.
6480d070-d616-4918-a553-457b957b091a	258	190	20	16	403
c2d41585-0b2d-4eb7-83ab-8abe3363b13c	102	204	52	12	Mormon
aa5b10df-89d2-40db-aea7-2cb0b1f8b709	102	204	52	12	,
bdf586e8-f7b0-46d8-844f-1ddca31c6b18	156	204	33	12	chap
941930b4-773e-4a50-805b-7b266833b9f3	156	204	33	12	.
b242b31a-a1d3-436a-ab6f-d7355b1edc3b	191	204	23	12	*....
00f011c2-9ecb-4afa-9f89-b7f9f0523383	76	214	12	14	1
5b8d712b-a591-4c54-af17-f59913d01a10	90	214	44	14	Moroni
3700656c-d127-4d7d-8f8b-0afbc5821c31	135	214	28	14	only
be0115c6-7274-485e-a6cb-10355032968e	165	214	26	14	loit
3057afcd-339e-4914-b9b7-c5cc57e1b81d	165	214	26	14	;
3b98e2ec-8c7c-4000-8c9b-e348fb4c1145	193	214	17	14	all
f911455b-7971-444e-b4d4-d80b62383f5e	212	214	21	14	the
f32b2826-918c-4488-9b6c-e33d6aaa851b	235	214	25	14	rest
8ecd6f4a-fb6a-4d6f-9056-bfdddcba6c90	102	227	62	15	perished
d1da9da3-92a1-473f-b5be-b23b05b355a3	102	227	62	15	...
a286cdd1-c589-4ecf-b795-341dac3120d9	254	228	24	10	.
bfc488fe-15ea-4bf8-a411-ebdd222f55b8	254	228	24	10	494
dddb9a94-007f-4862-a087-9b7671913ffc	78	240	10	12	2
cc943bab-8a8c-4c3b-8436-b2b40252f1ff	90	240	45	12	Moroni
327e44ac-0edd-44f4-b735-780b3f1bf076	137	240	41	12	bideth
02b6cb46-0c6b-41b7-91ef-db897a11a426	179	240	21	12	the
a3432ff1-08d2-4604-bd61-b6c2112d63c3	201	240	45	12	Record
936e0f40-5116-40f2-879f-f5c63a95efa4	201	240	45	12	.
90ad2e2d-823b-41f7-a056-c77295d2b74e	78	252	10	12	8
e6ab669b-85e1-4668-bcfd-f37f83239445	90	252	36	12	Blood
a8358930-ad2d-40a9-8e4d-12c1f11b05e7	128	252	14	12	of
71d50ae9-6632-4206-b684-682efbc69225	143	252	36	12	saints
2fd7f3e5-097e-4aca-96d5-8f9ec3580f55	180	252	42	12	crieth
8d4cf63b-3c10-4877-a628-3a8d0e268d1e	180	252	42	12	..
e61f337c-3fd1-47d9-98dc-25f3360121eb	254	240	24	12	.
5a9fbe6d-1ad6-49a4-b509-1e0fc6bac09f	254	240	24	12	495
fa30fa68-7f26-4c63-8aac-a4de477f772f	254	252	24	10	496
1019c6a9-146f-416a-a9bd-4de8f7d3844a	78	264	10	14	6
bd2386a6-8bfd-4302-819c-5feace40a6fe	90	264	82	14	Consciousners
5808289e-5b4d-4a95-84d3-54dc4a335ee2	174	264	12	14	of
9f6e1b43-6a4f-464f-b91d-80cb8aa84a8b	188	264	36	14	guilt
a11303d9-9b4a-47a7-a294-5abe1e21d9fd	188	264	36	14	.
026a306c-2644-4f67-b0f3-964362aad9ff	250	264	28	12	..
5cd5a0c9-35da-4930-89ad-2ada03ba1c7a	250	264	28	12	497
a826d5ae-0568-4f3f-9cb1-916f23e70bf1	78	274	10	16	6
dcdda1fc-3b83-4cfb-b6c6-597b99dffde6	90	274	12	16	A
87d46318-3157-4f08-a361-fa5a74491ed2	104	274	24	16	God
1f3783b7-6fa2-434b-8513-8a7fc5d31308	130	274	12	16	of
1493cfd4-cfb3-4551-8658-1bf4c1733ce0	144	274	58	16	miracles
7c6e8d77-5e2a-494f-a2b5-30082435feac	144	274	58	16	;
b7d605ec-79aa-4291-8196-10f057bc3ace	204	274	22	16	not
351bb565-8387-4b96-b5cc-8037a737e442	228	274	12	16	to
17710e23-4886-4215-85ea-15f289a51511	242	274	18	16	be
3d092f44-0821-4ebf-8052-dc9d719d516a	102	288	44	14	denied
6cf6b290-a9d1-426a-9d38-d5193209cbae	102	288	44	14	;
e9aac8bd-41a4-4168-8e4f-a0798e8f3f8b	147	288	51	14	doctrine
f5f6dead-092d-4d47-9e01-953b460724d3	200	288	12	14	of
e07bf2d3-c82c-4f56-8820-e25e78e3b7bb	214	288	19	14	the
33c9a8c3-ea0b-4ddd-8a1b-de56a289cbee	235	288	43	14	fall
7eaeef2f-8758-42c5-aedd-77b6795b65eb	235	288	43	14	.
8fb1e7ce-1a64-4e4c-ba2d-c332af421fc2	235	288	43	14	498
474f4d15-766a-49a4-a264-d8ab20682c68	78	300	10	14	8
f0356046-cd94-4fd3-8cba-1c1b1f4ab0f0	90	300	63	14	Reformed
9be6c72b-d9fa-4b8a-b535-b86f9243b0d3	155	300	58	14	Egyptain
56426c64-6cbe-483f-bc60-215a885cc0a7	214	300	46	14	charac
073a88f6-97f3-4c45-b090-6882431e90bf	214	300	46	14	-
ba458985-481c-4696-8c01-87d1cbbef004	102	314	30	10	ters
4c7dfdcd-1590-4f61-be53-2588e60e9a46	102	314	30	10	..
1c599e8e-dfa6-4bc4-a291-a903f96d7b17	256	312	24	10	500
1af4de9b-df85-44a6-8285-e8e778d30c7e	126	336	33	12	Book
d516ed08-009d-4a6a-952b-3fbca873f861	161	336	18	12	or
9f77846a-326c-4f06-b8b3-91125c7fa0f9	180	336	44	12	ETheR
45f820d9-e0a4-4a9e-ad93-c6d8eea6c25b	180	336	44	12	.
97ab6d54-77a5-40cf-bd0b-f5508120ce1d	90	348	47	14	Chapter
544396d1-7764-4e85-9696-84b6f17cc006	139	348	37	14	1
5413a071-c576-48f6-b930-858ae26628c7	139	348	37	14	.......
4c6072c9-0eaa-4907-a851-f10d67fc72e9	250	348	28	12	..
adc4a2b9-cc32-4175-bfb2-ec4e6d6bca91	250	348	28	12	500
9f6c5c60-ba5d-4326-9f8e-1ccd66ac1765	76	360	12	12	1
c3218eaf-9434-4d54-a916-22e4e49e83a5	90	360	54	12	Moroni's
a7f953a5-ed1d-4836-a06d-9aaf14a321e3	145	360	50	12	account
9b13694d-a2c3-4972-9294-0baaf7236223	196	360	17	12	of
3e27a38f-19a2-47f7-8521-73e892c6b9d1	214	360	23	12	the
3a66d8df-a133-4b23-9d9b-98e3be114290	238	360	22	12	an
8426282b-e4e4-4a38-9f95-bf2966f58ac0	238	360	22	12	-
a87aaa4f-df86-4583-b6f8-63d5100d23e0	102	374	36	10	cient
b3f4a91f-d73f-4bb6-ac85-4e7b0b1b53c5	140	374	75	10	inlabitants
4e5786f7-69e6-46ea-8f5f-c72dbef8948b	214	374	20	10	ot
50ebb5fc-e072-4712-a666-2ef634b45a33	238	374	24	10	the
a7ad98fa-3eed-4fec-b33a-cb4aae1435df	102	386	27	10	land
0de79d27-e3a2-4c65-88fc-b0a21b31a36e	131	386	11	10	...
ec72b62a-5cef-4b9d-a1e7-7b4c763b2a69	76	396	12	14	1
916b0880-3cc4-4aa3-818a-48b40696e47e	90	396	35	14	Jared
8486232f-5909-40e6-af57-95370d1cb274	127	396	23	14	and
9ee0fcb2-563a-46b4-aa73-ca456a6cf550	151	396	19	14	his
fed86c32-9381-405f-8c94-1f29d4309f1c	172	396	58	14	brother
22cd1556-857c-4818-91f9-9b2b58c42d8f	172	396	58	14	...
40f2703d-d7c8-470f-84cd-a92535b59567	256	386	22	10	500
4bb40090-57bc-4339-a026-6e4d402cbe5c	254	398	22	10	.
24f3ec7d-1c02-4ad2-8823-84f80d98ad6c	254	398	22	10	511
cfa2c3b9-adbb-4deb-beb5-a354212115d8	76	410	12	12	2
242c3ab1-0ab2-478e-bcd4-a5c7ac24313b	90	410	35	12	Faith
486f6bad-b73b-4e73-a47e-98bf406153a1	126	410	14	12	of
934a4fa1-dbb7-4b9b-b439-cf6d1a45e00a	141	410	44	12	Jared'o
7743f1d2-b230-4cb2-b444-9991c3b6efea	186	410	47	12	brother
baf3a8aa-b308-4b75-ad94-d282020f9dd8	186	410	47	12	.
094b0358-b175-4703-be6e-c5df1618c14b	76	420	12	14	4
27c6282e-510a-470a-95ef-5aef42119485	90	420	40	14	Barges
d12c065b-0f6c-4611-a0b5-e741c8fb70f9	132	420	86	14	built
2edb5b34-37dd-48fd-aff8-f3b7c6344851	132	420	86	14	.............
7420e523-dcd1-4628-9c12-35c0c7dfa330	256	410	22	10	502
0bb842b5-16de-45ce-80e1-83ea5d524c7d	254	422	24	10	.
378fcdba-37c0-47df-b5b5-f4d38ae7442b	254	422	24	10	503
99f34f6e-c1b9-4854-9760-461436da54c0	76	434	12	12	8
9d6547d9-bfd7-4bfc-95ac-670e21d2533b	90	434	41	12	Stones
df075249-8f5d-4dfd-979f-9e3be771215f	132	434	48	12	touched
9facc527-9bd6-4df9-993a-3d3573ca2a61	181	434	18	12	for
c27e7295-0706-4859-b962-36709f05e12e	201	434	34	12	light
1b10e065-9785-419d-97f5-e91e9a10eb6c	201	434	34	12	.
518bb8a3-54c4-4b30-bc4e-8e2930d55db4	254	434	24	10	.
d35e90cb-920a-416c-83e6-7ebc45596f0f	254	434	24	10	505
c854dd64-c438-4a82-9f51-bd2f4bf490d2	72	446	16	12	11
063cdc3a-c49f-467a-a572-6a668b84db85	90	446	72	12	Tuterpreters
f1fa184c-f283-42ff-b869-72168c5a1da1	164	446	23	12	and
c3fddd02-5589-404c-9d39-b4e813f3d01e	188	446	42	12	Record
9ed78210-b092-46d6-abb9-988f601e2715	231	446	18	12	sea
eaac0e11-f49f-441b-8cce-a666f0e60f98	251	446	10	12	I
1e793ac6-f524-41db-99d5-c7442c7cb609	251	446	10	12	-
52a48fe5-9e90-49d4-b373-fbfd6707381e	254	458	22	10	.
c5ff64d0-4893-49a7-9430-32adefb25b17	254	458	22	10	507
ed9a7326-df8d-4afa-9e6c-5258e73d2d12	70	470	20	12	12
0478a127-32a4-4e99-bdb1-bcce5eb90093	90	470	19	12	All
1d638ad5-f555-42bb-a3ed-4ea9d95eae5e	111	470	72	12	commanded
979df967-4491-4f74-ab70-b3e154414520	185	470	15	12	to
1915efa5-44f5-40af-8b5f-4e7e6f2fdfab	201	470	3	12	1
029c25f1-9d43-46b4-ad08-72523b3c44a3	90	482	42	12	Ether
935aff89-d4be-4137-a772-70dd7db32920	90	482	42	12	,
ab929fcb-536f-4f1a-adca-074b95d9e27d	130	482	34	12	chap
566289c6-ffb1-440f-8069-33408e51ae55	130	482	34	12	.
8099f242-4409-4d6c-a917-64ae9e12495a	166	482	30	12	2
db11ae0c-86a9-4e06-9954-f22409596ef0	166	482	30	12	......
bae0b142-2449-43f5-91d9-60fb57777224	256	482	22	10	609
24d22950-8ec2-401f-b7b2-9684fe7174b2	76	494	12	12	1
0ef3f1a0-32c1-40b3-aa83-a34e41566243	90	494	36	12	Three
d210380b-5724-4a30-886c-eb75a6ce94ea	127	494	57	12	witnesses
cde235f4-0e52-48a2-bf73-258beb1cf83e	186	494	53	12	provided
75e7b55c-a1cb-4ca6-b176-dd1d612d932b	239	494	39	12	for509
ea489c72-b98e-4917-98a0-07530c6ce2ba	90	506	39	12	Ether
8f53d817-c312-426a-b921-3e036465c700	90	506	39	12	,
c7a3d7ef-f1cb-43f7-89da-cf2734628f99	131	506	33	12	chap
3e2fd0bc-fdc4-4e5e-9f0a-29adcdc3f4b2	131	506	33	12	.
9a4e029f-3b66-49c0-92b6-120cc279f7c5	165	506	35	12	3
912d7ea5-cbbf-41d6-9ba6-d1d00d0062b8	165	506	35	12	.......
23270bad-dffd-4d8d-9d57-1b046366f2e8	256	506	22	10	509
91f7f3db-e4c2-422b-ba9e-9d64fccfe497	76	518	12	12	2
a8f79d4b-3786-4ec4-917f-d167d53f3f31	90	518	41	12	Larges
8b9179a2-ba19-4459-9c8f-dda588565be4	132	518	18	12	set
9ebea280-8a57-42a9-8d8c-50a3ae319329	151	518	55	12	forth
0f1801e8-0bdf-4a40-9d20-8b95174f6187	151	518	55	12	......
169fc1f6-2ce2-4090-83f4-b2dfe67e5cc0	256	518	22	10	510
689da6ef-af46-4db3-a555-becbde69002a	76	530	12	12	8
0566d082-ff3c-4547-9414-57fbcddb936c	90	530	45	12	Carried
46823500-3627-4372-bbb0-e095c7aee15e	136	530	14	12	to
1356d96e-9195-450f-beb7-94a3cef14dd9	151	530	23	12	the
8c0df787-e04e-4f1c-b8a6-56dbac47a1de	175	530	54	12	promised
b504012d-fa79-4260-b2ee-7602c9818398	231	530	47	12	lapda10
7a196ad1-35bf-478d-804c-419ea520a3a2	76	542	12	12	5
3e45d8fb-9f23-4927-8804-6667ac7a0657	76	554	12	12	6
408bf8b5-8bc8-41c0-ba04-8ea0c47825d5	90	542	43	12	Kamily
52ff904f-3136-4462-bc6d-ab06b29baad2	135	542	13	12	of
1aaf85de-70eb-4421-bd6c-5ae4f949abd8	150	542	36	12	Jared
d0046ad2-3c44-45db-9b56-d302bef70152	188	542	24	12	and
f4aac41f-8058-4e6b-afd6-ab555f8a71e2	213	542	65	12	brother511
fcb04106-a634-41f0-98d5-b5d08d250dc8	90	554	42	14	Orihah
6cfad7bd-f707-4de8-9253-2c0ae5996c80	134	554	52	14	suointed
adad01b8-0916-4274-a982-33400bdefb0f	188	554	38	14	king
ad2a6770-c152-4384-8acf-dfcd17b43d03	188	554	38	14	...
789cdafc-9764-415e-b35b-aba3c1e1cbc1	76	566	12	12	7
3ea6d05a-ca62-441e-b40c-f30424a17c10	88	566	59	14	Corihor's
0a9e003f-fac5-4aa3-9cc1-6f4ac41e84dc	149	566	65	14	rebellion
c39638fe-9355-4e56-bde5-9417baa788a9	149	566	65	14	;
c899b7cc-ace6-4133-987a-1ed0ca9ea7c0	102	578	58	12	captivity
26f34434-cf92-4f3a-8349-469e9d048082	102	578	58	12	.
6971146b-fe78-42af-ab96-0be1ce88758a	216	566	26	12	Kib
7e26b5e5-ee82-4a4d-87fc-21a6ad5f2dd7	254	554	24	12	.
8bb32123-b61b-45b8-90f9-164a89c470af	254	554	24	12	511
9c821604-3693-4435-942c-1b0e7208a762	244	568	16	10	in
a9c7f6a2-36bb-4afa-be93-88946f0d43c5	76	590	12	12	8
f7f628d5-ab62-4237-bdcb-fcbdf4f871c2	90	590	38	12	Shule
1562f86e-f747-4ed8-988d-d5fce1be5bdc	129	590	50	12	restores
d349ed4b-b476-4352-9d98-04cb08238aab	180	590	25	12	the
09f21d4b-49c0-4e9f-b83c-82f8d39e568b	244	578	34	12	...
bdfb444d-75d4-4f42-b561-1c47d39ee281	244	578	34	12	511
fca936ce-d792-407a-b227-13dd217caf13	206	590	54	14	kingdom
6aa562c1-80c6-4407-9ba4-24e1f95a55d4	102	604	16	10	to
909fb380-8f63-47fc-b1e0-319ac9dd68f1	124	602	30	14	Kib
518992d0-ebcc-42b3-bba6-e3d3da462106	124	602	30	14	;
56fbada2-9020-451c-9c60-b4d011e5c1d6	158	602	37	14	Shule
e4e83b0a-9f03-4bd5-943a-f940e15cff40	196	602	36	14	giren
790ce721-e718-47fb-bda1-33de5fea66f8	102	614	52	14	kingdom
3426f200-66a0-4920-8c06-d575cb561322	156	614	22	14	.....
a1d78902-ab93-4f9f-ae7a-914c87e708f8	234	604	26	10	the
cb9191e2-6839-4032-b695-08a349987a76	76	626	12	12	9
3a0afc7c-9aef-485b-9bd3-f64f5aff334e	90	626	31	12	Noah
9395a58a-a56b-49a9-b906-744917c1b7b9	123	626	70	12	rebellion
707962bf-e2c6-4c3f-bb89-e979a01fe56d	123	626	70	12	;
b503ef89-ef36-462f-99b8-76033101ddfe	254	614	24	12	.
21243ea6-b00d-4355-84e8-526b7e727dc9	254	614	24	12	512
aa047c55-56d5-4c11-9125-e6f51169162a	102	638	34	12	Shule
40f6194e-6237-4cde-8c60-ed00ab79a5a4	138	638	50	12	restored
b4deded6-76e7-4a10-9029-b8fab7d819ea	192	626	31	12	Noah
ec868326-f762-405c-96f2-7197e5072aa5	225	626	35	12	Bibin
28bdac31-6286-48dd-adde-031eb7d8d61d	225	626	35	12	;
28791472-d270-4c12-afbf-c86a6e909005	256	638	22	12	512
3ce38d86-0cb7-4fa6-b775-fd6abde17a28	70	652	18	12	10
a629fdd9-0d73-4d07-b6b8-50efff1fdba9	90	652	24	12	The
72f9e194-ec8e-40e4-a315-baa7142a47ee	115	652	39	12	people
4e55aff3-783a-41ba-9b9b-915e7ccbf1f2	156	652	47	12	repent
1d99195e-5013-4053-ad8d-e9b3f227075d	156	652	47	12	.
0abf3d68-0881-4bcd-913c-70d838cdc0d2	256	652	22	10	613
3f5fe423-a0cc-4b68-8e8a-9e071a5c270c	70	662	17	14	11
33de726d-1042-4429-8bdd-d66fa272cf2f	89	662	42	14	Umer's
c47660f6-8c0f-4e1f-81bf-e6e59ae17294	133	662	38	14	reign
de788245-3e58-4bda-84c0-284f120dc3ef	133	662	38	14	;
b61ff95a-299d-4324-a96d-1bf3f928e4f9	173	662	37	14	taken
db9f39f6-713f-4434-9c5d-327b274f035d	212	662	66	14	captive
ec288d7d-ae43-4c83-ab96-2288123bada9	212	662	66	14	.
4ee7e8b8-9fc5-4c53-93e9-4a556b51daf5	212	662	66	14	513
3e48f111-665e-4897-8753-de0864c5d983	88	676	54	12	Compact
96c3213b-584b-4957-a218-280933e878ca	144	676	30	12	with
36141378-3cfa-4e9d-90a0-20a8cc1bb2fc	175	676	39	12	Akish
4ec2fe22-0d78-48cf-97e2-66b6fb54ac88	175	676	39	12	.
2b287c38-6646-42d4-a436-22a774207767	256	676	22	10	514
ab9e6d06-9f2d-446c-b958-4a54fd6ae000	90	688	37	12	Ether
f2832fbf-39af-4eff-8166-ca47074c411e	90	688	37	12	,
a707c1b3-9cdc-4609-b9df-53452a8db940	129	688	34	12	chap
9169a197-8b4a-4b01-b635-0093b6ac7a6a	129	688	34	12	.
0ccb210f-5eab-4410-8903-9275bbb71048	165	688	15	12	4
45c9ec6c-01b3-42ad-8a88-6c9b721ac177	165	688	15	12	..
00888a54-f8a4-47db-b978-69428d5eb834	254	688	24	10	51G
ace27688-95f8-4132-ba8d-26daba8527ee	76	700	12	12	1
87be9223-104b-4b07-94b8-d36c6aef4994	90	700	33	12	Omer
72b53f3d-1440-46c5-b853-832215e50abf	124	700	45	12	warned
30a15715-f5c6-4286-969c-1eaf9d5a2ad5	171	700	14	12	to
a423aa28-8527-474c-9f6e-8e8d78ec19d3	186	700	29	12	flee
d54cd4f2-4009-48a4-8056-7cb314891501	186	700	29	12	..
e17d4fcc-9e43-483a-97b3-573deaa91ac4	254	700	24	10	.
0d7df196-ea32-4f8c-9b88-5e988c42c2d4	254	700	24	10	510
1c683cd3-16d4-473b-84ac-29526e3ee3ca	76	710	10	14	2
2aa9dd0b-d165-4214-a6c7-8aed776b4e74	88	710	35	14	Jared
c5bd82fe-7d2a-4651-9793-f1aba630a773	125	710	52	14	auointed
9f7f96ee-789c-4db5-a793-ba0ac2a6b096	179	710	35	14	king
ca98f299-8fd4-40d2-9b79-c486bdd740af	179	710	35	14	;
6b954f11-0d2b-4f8c-9d04-719a93203cfb	216	710	10	14	is
8062472a-1c82-4592-89a3-cb862df630de	228	710	32	14	mur
f99318d4-1f14-4014-bb32-ae51591b3342	228	710	32	14	-
0210b5d2-bab0-4b43-842e-c27ccf467348	102	724	40	14	dereil
872ce037-0aa2-4cbb-b940-f1b9ec6b35c4	102	724	40	14	;
774723ef-18c1-42fb-82f3-b616fbcca9bc	144	724	38	14	Akish
2872560b-f6dc-4ce9-8db4-42669b0c6e0a	184	724	94	14	reigns
92444cce-1b1c-4c88-a06e-069922a78b7f	184	724	94	14	.........
7d895954-d869-4271-a963-936d7f5fe875	184	724	94	14	516
f2bb4c09-ecee-4e42-ac12-3213d396677c	76	736	12	14	&
cf94b118-2d24-4e22-8fcc-3f8e64d12aa3	90	736	31	14	Emer
f5ccbb06-20d3-4a35-b571-335cbe1dbb7f	123	736	49	14	crowned
3d84cdae-bf0a-4353-bd24-123ef964d2d3	174	736	23	14	and
68307e5b-0202-4715-9da3-ef7d50ee2fad	198	736	9	14	is
b33c62d8-30eb-4bff-b656-42aa339037bc	209	736	51	14	prosper
35c0e2f0-0a59-471f-ba83-3ebd397340bd	209	736	51	14	-
8bbad2a2-10e3-402d-b838-a08e38510887	100	745	25	16	ed
115736e4-59e2-4081-b79c-e3a6e0bd8e53	100	745	25	16	;
a6d03a9d-d707-4981-84b0-be24908a6a93	126	746	74	17	Corantumr
0c5f742d-43fa-4467-ba40-960dc1744496	201	748	40	16	reiges
2d1cb778-de17-4cb9-b167-e118e4a33efb	242	749	16	16	in
82dfeb5e-7f05-4de0-990c-28ad5d5d5314	100	764	76	8	peaceman
db712eb6-3aee-47df-afe3-72f774cd961f	238	760	38	12	.....
4d77d600-2e39-4cb3-b569-0fea419bae4b	238	760	38	12	517
2ce1dc91-5ade-45ba-9195-a8becc511d55	76	770	11	14	4
2c2c1f99-6b98-4711-a6e1-eabe70d03998	88	770	58	15	Poisonous
2af99653-3e81-4495-a327-625882017789	147	772	51	15	serpents
35b49785-6d41-432e-9585-7f45f7a6b603	200	773	30	15	sent
89bc91c2-6469-46db-8c3d-84bc4a573154	200	773	30	15	;
219e17ce-384f-47cd-885d-f05541c44171	231	774	29	15	peo
52afa026-79d5-4572-b99f-01fea8dd7996	231	774	29	15	-
b1d9e666-a58e-41d3-b3ad-df1a927eec2d	100	784	23	14	ple
b664ad0e-11c2-4e85-af12-1aa1ec2ccc66	124	783	58	15	humbled
fe59710e-1c9e-4ad6-aba4-d89fbb79b13c	124	783	58	15	.
1c089379-3bed-4db4-b85c-6e9d4ff28de8	74	796	12	14	6
d5639d0c-9cf5-4a92-84bc-362f82db4eea	88	796	68	14	Riplakish's
c0b83d56-1db7-449d-b82f-c7c8d7c89785	158	796	42	14	wicked
c241669b-2ae5-4eae-8864-52780e9ad291	202	796	34	14	reign
fe85321a-0eb2-4978-9369-5ca936804428	202	796	34	14	.
31a9ab9b-56a5-4ec3-a766-81b2b064ffcc	248	798	30	10	..
1678d97c-def4-4081-8bdf-0ed1c2358b68	248	798	30	10	518
ae6e4712-012a-4fbe-a858-3bb588fa15bf	460	96	32	12	Page
f8f6ad9a-4324-4b9d-b9ea-4e8b2a777dad	460	96	32	12	.
2545595b-1920-4cd4-b808-e6531ee0f6a1	388	108	18	12	18
155ba30a-e307-425c-a570-150a7322ddff	407	108	69	12	виссеввіш
ddfb667f-0061-46fa-ac33-0779091d9415	408	108	68	12	;
ec2663f9-2128-46ed-8b11-545424ab0013	316	120	54	10	prophets
674a4b02-1e79-4e30-93e4-9ad7ffe8c12e	371	120	15	10	in
8d68d5c3-6cb8-4838-8b76-4f789458b34a	387	120	36	10	Com's
9f388271-7a29-4458-8d1f-010f4dbf647c	425	120	31	10	day
c5c2deee-5553-49f4-9fb8-40c9900ebd48	425	120	31	10	...
5341ca44-dd11-4f70-a596-f205c0bf64a9	470	118	24	12	.
164e1e41-5718-43f7-97d7-da71f100a9ef	470	118	24	12	520
e99f8f80-8004-400d-a675-1cb3d60a29b1	292	130	10	14	9
11785517-4a2b-4726-afe2-ec259b49215c	304	130	54	14	Prophets
9004c4fb-54bb-47fd-9092-ef5f4535ccb9	360	130	37	14	killed
b7a15ffa-5e52-46ff-bc3a-e892ff54f1be	399	130	16	14	by
6d532513-4c4f-4469-a001-5ec208c4d2bc	416	130	60	14	Shiblow'e
b2ec473e-e6dc-49a4-b7e0-d34bedf4bc86	316	144	56	10	brother
bf74658e-36d3-44d3-85e4-1db342db90bc	316	144	56	10	..
db53ecba-d596-4062-8be9-98c8bb67d19f	468	142	22	14	.
18c8eef0-6433-47dd-9cd8-c384c16a0c61	468	142	22	14	521
02099188-52ed-48d0-90d6-304ec07d4cea	306	154	37	14	Ether
1239352f-811e-4902-a132-0960e7716b28	306	154	37	14	,
540f213f-db3b-4860-973b-91f5eeacc55c	344	154	35	14	chap
b949b28e-5b97-4127-97bd-e70b9e51133e	344	154	35	14	.
afbc676d-1e29-4f44-8b2c-ecc84e99fd7c	381	154	23	14	6
d2d04f69-0be4-4356-b686-36556e7f6694	381	154	23	14	....
5e7018b6-b909-4c77-bb5a-ba5fb6fa798f	460	154	32	14	...
db25d797-c2cc-4044-b7aa-eb0ffe0d3a80	460	154	32	14	528
bece1396-5818-4747-8117-d3040cf34b99	292	166	10	14	1
c28718bf-f540-4e8b-b9d6-bf38d6930a39	304	166	38	14	Ether
43dccde2-5eae-471a-b6aa-47f1bb3cf693	344	166	35	14	lived
c4b9c700-b350-4e2f-933d-2b8be79c6412	381	166	16	14	in
efc00bc1-7d06-48fe-9ec3-04bfee6ed8d5	399	166	30	14	king
c28edcc9-6ac8-401b-9f5f-85193b9a4c2c	430	166	46	14	Corian
7ed34216-df42-427c-af10-a12c33143fb1	430	166	46	14	-
3b1733a7-5d21-48b7-9b01-9d2c416f4045	316	180	39	12	tumr's
2df48e18-f56e-4518-971d-3ae86468690a	357	180	49	12	days
703d6fbb-d93b-4d99-90fd-5449cc0152fa	357	180	49	12	......
caa0b6d6-32cd-4a56-9755-38b73edccbf5	468	180	24	10	..
9e65ba0b-093d-42f5-afe3-936039ee0b22	468	180	24	10	523
80142022-3194-47b3-bdf2-91d241da55af	292	192	12	12	1
3e20c8c8-1216-4623-968b-e1945942822a	306	192	33	12	Faith
bbdd1459-034a-462a-9580-7e09684e1933	340	192	15	12	in
5a2e3326-4528-42c2-9352-00233a43b367	357	192	38	12	Christ
8416195e-b869-4f8b-9584-99c433ee2fd0	396	192	57	12	decisred
f114a598-f45d-4834-bdf8-db477431b4ca	396	192	57	12	..
d153a0b8-79e0-4333-8baa-5662c002ea23	470	192	22	10	523
7467fbd5-a87e-4c86-99a3-d698ac01461a	292	202	10	14	8
ad745a7d-7bd9-4cd8-b1c4-1fc34d5c8766	304	202	31	14	love
4da6e139-e86e-4945-aa3d-4302f552edbd	337	202	12	14	of
0f90e7f8-9a28-49c3-be15-31468a07a97b	351	202	37	14	Christ
6e5be3ee-c2ec-45e8-b43e-58a16f4a0650	390	202	19	14	for
14a8b59f-137e-4d68-a6d2-58c78b309ca3	411	202	21	14	the
dac8931c-df38-4bb5-998d-a4e257dfcfe4	434	202	58	14	world
aa8932e0-25d3-445c-a045-c6ecfb8c99da	434	202	58	14	..
aa1b3060-42d9-4abb-9174-2a1b28befb42	434	202	58	14	525
072d47c6-eed3-4f82-a8e8-17fa92090151	306	214	37	14	Ether
8d03e1c2-123d-4f8e-a520-97a04525cbef	306	214	37	14	,
41f23a79-a8ad-4827-af90-e847f0a8ad8f	344	214	33	14	chap
103c459e-56b9-4464-8658-d9ca2c2f9992	344	214	33	14	.
1e9afe1e-9b9a-4639-af36-d439c0786488	379	214	11	14	6
6d236511-4880-42dc-9140-e8c30b0c67fa	379	214	11	14	.
db63f156-c2db-465e-93c7-4f4b5b1a0f69	292	228	11	10	1
46bc4f66-cfcf-4260-ac11-1c9a2ebfa938	305	228	51	10	neph's
4c988465-e98d-4427-9681-8ef9acdab980	357	228	35	10	Beed
fce7f5f4-4c4c-4e95-a6f5-cb81764cb74c	357	228	35	10	:
828a7c6d-4338-4996-86fb-c8d2a75053bf	393	228	27	10	new
26261651-434a-46f1-81f6-bae550fbfb5f	422	228	44	10	earth
8336fea4-e6c6-4dd9-9c67-5c8621ccab77	422	228	44	10	...
afebdcb2-c698-49db-88cb-72b5abdd70fa	470	216	24	12	.
0b08074d-b7b1-429c-96bf-6e9ad28795be	470	216	24	12	526
800c2fca-f863-4e3a-9c58-eefa19615831	464	228	28	12	..
0f3f3aa8-c390-484e-9562-cadb8797eb57	464	228	28	12	528
0a38aef0-872b-4011-9112-77b4a863baeb	294	240	10	10	2
2921ca60-1b2e-429d-8bbf-8882299b9158	305	240	46	10	Moron
6b61d7e0-049f-45ab-8542-b0f6cc0c94d5	353	240	61	10	forbidden
969adf06-7113-491c-8f9f-14e921b93481	416	242	20	10	to
512f1808-758b-4708-b642-19580c17cb29	440	242	36	10	write
be9767d8-e6ac-4a57-bc53-27d976f4c445	316	254	40	10	more
57bb9641-cafc-400b-855b-b75911991301	316	254	40	10	..
f598a425-2a98-49c2-a2e2-e53be4576cd2	292	264	12	12	3
bcbef28b-3efc-4b7c-9e82-3c91604488f0	306	264	12	12	A
7bebb43a-9469-40db-a55b-08ee17c74cfa	319	264	31	12	stale
33ca57d9-b3e8-498f-9943-f4d237134c69	352	264	13	12	of
5686dfd1-2cf7-4287-abb7-58e77a23a145	367	264	25	12	war
d1ee48aa-7bb9-4b09-b1dc-568f98a3b63b	367	264	25	12	.
96d15976-1ca4-42a0-9ae0-05360429af15	468	252	24	12	527
03b7fe0f-ff5b-4e57-9499-ebbe649fdf2e	472	266	22	10	528
cf6401c3-1b94-4079-9ffa-d24578239e5d	292	276	10	12	5
05cb4130-8701-4431-bbea-131222e7d5cb	304	276	29	12	Suiz
bc7794d8-67f3-4c33-8471-80528294490e	334	276	45	12	pursues
51a49996-a928-4b24-9806-9cf7f74fe73d	380	276	39	12	Corian
f7c637d0-f8d2-4e4b-a33a-2e7e395cbf95	421	276	71	12	tumr
ab82f3cc-88f4-4278-8a7d-f602dc0f9072	421	276	71	12	......
f198f689-cbc3-461e-af4b-097b4b78b2fe	421	276	71	12	529
526d6d0f-e298-4b34-b0f0-ebcda9e67a67	292	288	12	12	8
8f088b1f-9102-4b1c-8f43-9493296a4e5a	306	288	25	12	Shiz
3c5707bb-cad4-40a9-87c1-9099287dc336	332	288	44	12	confere
26a0371e-03ab-42f1-a16a-b43afecb7c73	378	288	27	12	with
714ea318-4f89-494a-83f6-ba9ff1b253a5	406	288	88	12	Coriantumr530
e6e5a21e-21af-457a-9892-747e06efe4cf	302	300	37	14	Fight
08b8be72-1fcb-4215-87c2-c7f12763756d	340	300	17	14	by
8ea857d6-3882-4171-8e5f-49c7484b7824	360	300	21	14	the
edab2fa5-8873-4e05-98e0-b4d21c6b51b5	382	300	23	14	hill
ae2f9fc9-04f6-4c52-b46b-f584346e5647	407	300	85	14	Ramsh
912148a2-7f10-45ae-ab41-4c1a62686c61	407	300	85	14	.....
b021cee3-ed52-42ce-9bb7-be81a613c429	407	300	85	14	5s1
6e8f0101-3cc4-4368-a38c-2b4739a7f3e2	292	312	10	14	9
8d5dd431-1f2f-4b59-a496-012e2ca75cdc	304	312	28	14	Shiz
5579f67e-636c-45f6-9937-20730f3edd4c	334	312	38	14	elain
14ddca8d-bf4b-471b-aa80-85eca9a52cdc	334	312	38	14	;
44a5758f-728e-4a4c-8267-32d531e515ad	374	312	70	14	Coriantumr
b6e03198-fee3-428c-8e7f-e81c3932d506	446	312	46	14	left
8ffdf3ae-77cf-447b-a414-ab728f7c3f27	446	312	46	14	.
0223086a-4706-4ec5-b59c-94c4b4540fca	446	312	46	14	582
7de3c5d1-1932-437e-ad2f-4f561c754aa8	292	324	12	12	•
f927ce77-4f0d-436f-9c01-380e50b91b59	306	324	27	12	Last
adf0f421-bdae-46f3-9005-ca86491fdf34	334	324	38	12	words
a7e61578-2bd2-4073-a71e-f8fa00a0eed7	373	324	13	12	of
b2028d6e-17ca-40ed-a74b-3b0f88d85ba1	388	324	106	12	Ether
18b3d940-4d81-4154-83e7-b6ecce06ad38	388	324	106	12	............
975e9267-d1ed-469e-a4d3-169c3378707f	388	324	106	12	532
78ba859e-fb9e-4d91-b2a9-a317dddaaaec	324	348	28	12	THe
ebab6ac3-9911-489a-a33d-248574ae3fc5	354	348	31	12	BoOK
0bf839e8-a153-4cee-8327-4f7bc2b02256	387	348	18	12	oF
c95de1cf-aa17-4413-be86-b318e6ba71ec	407	348	49	12	MoRONI
37f6d148-e1cf-4374-8451-1b86e665b4ef	407	348	49	12	.
4df83272-0bce-418f-b1e7-06cc5411274a	306	360	48	12	Chapter
40b7c3fc-0354-476e-8be7-f4caf59e3f3d	356	360	35	12	1
06b5fbd1-3a70-43de-ad8a-dc3b0adbbed3	356	360	35	12	.......
906c76a0-5778-4912-b82e-36df8c6eefa2	306	372	45	14	Moroni
905fec60-ecac-4b8d-8cc5-402bfc19fc41	306	372	45	14	,
ed8c3559-40bf-4346-bc83-571087472acc	353	372	33	14	chap
a4ef045f-3921-4446-b9a9-9c58df8391e1	353	372	33	14	.
660aa30a-52b2-4647-9869-ee476cc54ad3	388	372	22	14	2
9a9c49ce-f99e-4d5b-a976-6ba8bf3c1522	388	372	22	14	....
1efc0510-feb0-4f94-95e3-b51a09084727	456	360	38	12	....
a77375cf-6642-46da-bd93-2300b523d41d	456	360	38	12	538
6bfea124-d494-457d-822a-2b3180972084	304	384	49	14	Sayiugs
c593d89c-2cbb-42b1-b13b-e5f64379674a	355	384	12	14	of
6f9827ab-3f25-4099-935a-bdb9ad773467	369	384	41	14	Christ
209197f2-23d0-4e59-b9c1-af85b868b00b	369	384	41	14	.
b0540dd3-c1e4-415e-a995-c1c3360dd1c0	470	374	22	10	583
7f4b664f-e007-4b8c-accb-db9bbe47d506	304	396	47	14	Moroni
6f9eb27f-8164-417b-bb2e-4ca3d6ed3a69	304	396	47	14	,
928e33b6-5a91-40e3-a486-43c6a0142062	353	396	33	14	chap
837d82ce-3be6-4e25-ad64-eeb4fe7cc6bb	353	396	33	14	.
260f2444-c8be-4e85-a646-56d85593d677	388	396	48	14	3
d24a1b7e-0beb-414d-ad2e-47b57efbd6db	388	396	48	14	..........
068d882c-b1c4-4a47-a96c-bd9a08e1a13a	472	386	20	10	588
58a45f6d-8f7b-4634-963b-40965987f1fe	450	398	42	10	......
93a4eccb-b44b-47c8-9ace-359ecbc2c6b4	450	398	42	10	533
fef8a67e-9ba8-4f37-a7a5-cb67129fc703	304	410	48	12	-
76d820a1-1e40-4155-bb42-57cdce69a5c8	304	410	48	12	annor
49cf774f-8ecc-4333-9974-482be15b104f	354	410	13	12	of
df00c974-7a27-4ef5-bb85-aa44d7560325	368	410	66	12	ordination
f3434503-aee4-4b8c-8fba-7cef407abcc9	369	410	65	12	.
5ba16f6e-79ec-4903-b7de-aa1ec3205230	470	410	22	10	533
f60a16a8-51c8-418b-927d-e5ed2b2a73fc	304	422	47	12	boroni
c7164a32-acc5-436f-a372-fe93aeb7640d	304	422	47	12	,
7e99f05d-59ab-4ac9-a5da-42e62da09c01	352	422	34	12	chap
9ba4a207-792f-4005-ab0c-24aab6f80a06	352	422	34	12	.
9c8192b3-6a8c-4fe5-bc4a-9b6119d4e4e0	388	422	104	12	4
203792d3-efff-4e59-a2c1-91e542e1278b	388	422	104	12	..................
c5359c1d-6e07-4b3d-813b-267160131d1a	388	422	104	12	684
b4dcd387-d4b6-4668-9976-266e062d689d	304	434	48	12	Maduer
b0af767b-c6e8-4e4b-afdc-55112cef16ac	354	434	12	12	of
0f8cec33-098c-4c07-b3ad-3cca2f22de33	367	434	86	12	administering
38375338-178f-4a70-9b6b-3cb725bb03a7	454	434	22	12	the
ce6020b7-a46a-4e26-8692-7f7280cff8e2	316	446	58	12	bread
daadffde-beb0-48af-9c4a-6128d9e584ba	316	446	58	12	......
646aea98-c094-4067-99de-3f842c8e96d0	462	446	30	10	...
8f0449b2-a66d-4969-80b9-e93d328b37e8	462	446	30	10	584
d165fc4e-2717-4cfc-8b52-932937be0f08	304	458	46	12	Moront
7e4a3521-be33-4855-a528-7382beea6190	304	458	46	12	,
434297bc-a2af-4360-b9b3-52a88521ebc2	352	458	34	12	chap
7d717dd6-a333-40d3-a226-9e3c5b6328d2	352	458	34	12	.
b6fec2b8-3653-4dfa-885a-8c4233729173	388	458	8	12	6
c839ffc8-c817-4154-a778-9efd0a2759e0	304	470	46	12	Sianner
d3b6414f-d041-4189-967f-82897e6aa16a	352	470	12	12	of
7fdb34dd-18f9-4da6-8b07-b5e7641c77ee	366	470	61	12	administe
6880a300-3ad6-4cc3-9de0-0186d23e6ce1	466	458	26	12	1.534
9b0b9093-e527-4a15-bc21-88618dec6287	434	470	16	12	ng
ef603728-c804-43c6-b8d5-44fde5f69f4b	452	470	22	12	the
5240bacb-94e2-49f2-999e-7f445a0739a7	316	484	32	10	wiDe
22c9b35f-1f7d-414c-a2db-a03b5eeb25d0	470	482	22	10	534
6387b6ad-7c4e-4d12-8bb4-860d17134297	304	494	46	12	boroni
73e1cad3-c05a-41e8-aa3c-de2f8af74fb6	304	494	46	12	,
fa480fe7-e893-4599-b307-85ae97dd7f78	352	494	33	12	chap
f66af6ea-e270-40ed-a503-1bab2a121ed9	352	494	33	12	.
fa5ab566-6fd1-42d1-91c2-17ca9b1bc47f	387	494	9	12	6
fc046fa7-7b1d-458e-92d6-d01152bacb33	290	506	12	14	1
c4cd4e4e-3558-4ddd-b19e-98f77242ea5c	304	506	70	14	Concerning
dbbb7702-bb8b-42a3-8827-48b9ed69974c	376	506	58	14	baptism
5df99c45-3afb-47a5-939a-1085ba8e21d8	376	506	58	14	;
f30ada38-1afc-4787-a1c6-7fae601bf7b4	470	494	22	12	534
f83803d0-d01e-4d09-9441-d6e61cfb32c5	304	518	36	12	used
9813c8d9-5c4c-4291-8fba-7bf3ff236f25	304	518	36	12	..
a9bc1547-dab2-43c0-93e7-6b46b5fbb423	438	508	36	10	words
e3cf1eae-2c0d-4c7b-9f43-813527f2d3fb	292	530	10	12	2
0e8c286a-9ae2-416e-8ae2-34518db86b97	304	530	45	12	Church
76152e81-df90-4345-8068-7da78a0d25be	351	530	24	12	met
11acfa90-39e3-4565-b316-8bec04617d55	376	530	36	12	often
c3abe8e7-51eb-493a-a350-32df1451c4e0	376	530	36	12	.
a5a92ecf-8db1-4c9b-aa38-c78262e01671	460	518	32	12	…
500cfcc7-926c-40cd-961c-08813d392783	460	518	32	12	53
2d454537-b3ac-492b-83dc-b375702a8203	460	518	32	12	$
62a8fbb0-516a-441e-bb16-22abb87e6a6a	304	542	46	12	Moroni
4845be39-0887-49ef-b98a-2d1d817444fc	304	542	46	12	,
6103183f-9149-449f-b9f2-a3a61fa31630	352	542	34	12	chap
05c1408c-69d1-4ea8-b0d5-ba8bae85da9c	352	542	34	12	.
93437fda-2f65-4dc8-8fba-67e883eed275	388	542	14	12	7
288b8533-995f-4558-8277-1708ef82e763	388	542	14	12	..
8152ca67-1f53-483d-b9ab-5d4d8d2ad169	470	530	22	12	.
656cf905-47dd-428b-876d-fc28d35b848d	470	530	22	12	535
743aa75f-15ff-4957-be63-80794f46a540	462	542	30	12	...
fb57ac54-6ff8-4395-b24f-bb284fcc2301	462	542	30	12	535
79c6a47b-1bd0-4991-8a15-9fb5f78aafe0	292	556	11	10	1
e679ec84-5aff-4d40-9c5b-d348893090e2	305	556	36	10	Psith
4f249c79-d886-43c4-9473-46c833a1b65b	305	556	36	10	,
68581024-ee85-4da6-9864-d0bf73ab43ed	342	556	31	10	hope
60dfa34d-6a6d-4b40-87b5-e6ab91caffcd	375	556	24	10	sad
9ce6e0b5-7bf1-46e5-a6c9-1ea9b9797a87	400	556	47	10	charity
16d2606f-d7de-43e6-8f11-72403b0aecc7	400	556	47	10	.
774989c4-b033-4b18-81c6-0132faf20d24	470	554	22	12	.
9fea632c-1548-4290-80b9-c8e67be53789	470	554	22	12	535
e00ddacd-cec7-4a4a-bdea-e12b8ef96c89	292	568	11	10	•
d92e8e62-7b51-4da5-aa2e-e2709391ce0f	305	568	21	10	All
738ca53a-9ac6-41d0-aed2-14ae7585f9ae	327	568	40	10	things
bf72f50d-eab0-47d0-9644-33e446df8e57	368	568	29	10	good
0c9c0100-67c9-4152-983b-1260916980c0	398	568	14	10	of
838a2bd0-5750-491b-86fb-0081d67927d5	413	568	25	10	God
07719736-1a76-489b-82b3-f70170a8be23	292	578	12	12	2
1ad814f6-bfa4-46c0-b0a8-5efb73b8767d	304	578	60	12	Whatever
fa493477-ab81-4fb2-ae9e-c1aae0692a3c	366	578	47	12	enticed
b22b700c-d1dd-4a37-8ee6-787a10aa6e5c	414	578	17	12	to
e2ce4f2d-f4e1-435d-b320-c6905fb2fe21	460	566	32	12	...
76cd5de6-94f6-42cf-b5e9-e1bcb4a3e1de	460	566	32	12	636
e411a02c-dfb9-430f-b5f6-b5aa70928c7f	430	580	19	10	do
a1bcb327-dc4d-45e9-a315-0353648d3ca0	450	580	26	10	evil
f0ac6930-f774-485a-86c6-97f11b32a0dd	316	592	14	10	of
743dd543-ce8f-4a6e-9781-856e9ca3a696	331	592	21	10	the
881934b0-c9ec-4ca5-baef-6b0a295434e6	354	592	32	10	devil
231fb62c-b1e8-4386-b70e-5f1f546d65af	354	592	32	10	.
abe6a356-7e21-4f5b-9e92-425d2fab1127	292	602	10	14	3
d2f10c3f-631c-443b-8c52-46c1a7392d91	304	602	52	14	Ministry
b2743ab6-37fc-4d81-984a-e66d7dbfa51e	358	602	14	14	of
85430b3f-cac8-497f-b43f-604167bea014	374	602	50	14	angels
cd41419b-567d-42c5-8149-8ac13ee00011	374	602	50	14	...
d3bef258-173d-4ad1-9d38-7d2d37252d63	468	590	24	12	..
735ca637-4ed0-4734-b6ff-9f31a0679d42	468	590	24	12	538
ed1794b1-eb74-4b0e-81b9-68faf6fd873e	470	602	22	12	.
7ca702b2-5570-4cf2-8ac5-907499d3471b	470	602	22	12	537
6904988d-b0ff-4c21-a37f-4ef5233c31f6	292	614	12	12	4
138eee89-01b5-46f7-9d9c-8275af6c1786	306	614	66	12	Atonement
b0b16f59-91dd-4344-8c57-2a743976fd9e	373	614	22	12	and
fcbca35b-3176-4b89-aee7-4983a0b64d3a	397	614	95	12	resurrection
2eab8ebe-0c27-46a5-bd8a-6bd7b849bff0	397	614	95	12	.
b320a61a-b824-4ace-8d26-16f84e3ff07f	397	614	95	12	538
7e2ce240-99d8-4a79-9ed2-37727a992ac3	304	628	47	14	Moroni
e2243e6c-b807-4c93-bce5-0bbeebb9cf91	304	628	47	14	,
a9ffdf39-7b72-4c28-aaf1-aee3395438dc	353	628	33	14	chap
a6ef9520-4c9b-45ef-be4c-cd965bfbd237	353	628	33	14	.
7aa4df4c-f4f4-47ea-9e16-8c453f844adf	388	628	16	14	8
29b5c6e3-7ad6-41f3-a30c-df0e8c90f704	388	628	16	14	..
1d866416-3faa-4ed6-bfb3-400c52c117a4	458	626	34	14	...
c56304c2-d316-4c4f-90c8-290675961afe	458	626	34	14	539
a11c8da4-0d99-4ee0-ab68-f0260f7f73b5	292	638	10	14	1
e3965f2e-002c-4011-801c-0f1c6bf43cf2	304	638	44	14	Epistle
c4f4a2ae-7b8a-4f84-a679-7e1b127d17cb	350	638	12	14	of
0120937c-a1b3-4a9c-b871-d03a5bba24b7	364	638	51	14	Mormon
b5a8bc0b-c8b6-42e7-987f-76434064b0b1	416	638	12	14	to
ab18311b-2929-4940-9dc3-6612d61ddf99	430	638	62	14	MoroDi539
76620ad8-5de9-49a2-b50f-f27bd4be28d6	292	652	12	12	&
054927fd-beef-4dcb-b307-f6576878d822	306	652	48	12	Baptism
08eb3a5a-65f5-4989-9ff7-6007344bb8db	355	652	12	12	of
f0c4e67d-25ab-4a6a-a577-795c487b3176	369	652	32	12	little
b2ef6333-bccf-48c7-8bc1-b65d7251f924	402	652	49	12	children
f0ec512f-4724-4067-8973-cc174e120dfa	453	652	26	12	for
00375fc8-75dd-4927-bcf9-a158b590e381	453	652	26	12	-
a4cbb5f4-714b-4348-b66b-a254a7a115a1	316	664	42	12	bidden
83afd6bd-5577-426d-80e2-7693d1918a6d	360	664	29	12	.......
da512f57-f79c-4d1b-939a-33c7620235e6	304	674	46	16	Moroni
1a3f6cba-0a58-4bdf-8046-8c6d68748c94	304	674	46	16	,
e5faedb0-9061-4743-ada5-5a7d05d2bda6	352	674	34	16	chap
0b1e80ab-b4e4-44cc-b9ad-e4064623930f	352	674	34	16	.
1a37d2cd-cacf-4a23-8de6-44eb497a4cbb	388	674	26	16	9
73b4cf23-d726-4543-98cb-148f09f80859	388	674	26	16	.....
9fd8439c-6552-4709-9b57-c49bcb6af1b7	462	664	30	10	...
4d736e2a-90b6-47ba-9802-b3e6d41078fd	462	664	30	10	540
e68c7ffe-9b6d-41a0-a71b-6239f2005e47	290	686	12	14	1
14544fa4-13b4-4720-a628-fc77f0619033	304	686	42	14	Second
2ec8bfc4-2dec-4fba-8e57-d80f2913b76a	348	686	42	14	epistle
367ad178-757e-4243-b56e-a5b320e507af	391	686	12	14	of
44f30556-fd80-4d8f-9475-1943060dfa56	405	686	52	14	Mormon
4f943ce5-dcde-4a60-9b38-d3843f13be2c	460	686	14	14	to
bfdfdf26-003d-4536-af3f-81e111770269	316	700	56	13	Moroni
9715cd9c-b73d-4c91-aedb-74a407931c72	316	700	56	13	...
467f01b3-8d07-4d1d-b3bb-981277f64ac4	468	698	24	12	.
ddcd9690-6ea1-48e2-9bb2-f24882552444	468	698	24	12	541
946fd3fa-5941-40c5-b8e4-6f98d054deb0	292	712	9	14	2
2d849fc5-6438-4a60-8098-4655332f71ed	302	712	64	14	Bufferings
4457b63e-9a70-4fe5-912a-edaf0c195a10	374	712	20	12	of
abd15f20-28d2-47d2-aecf-ed147a9701c3	396	712	24	12	the
5f85d41b-7961-4673-ab04-509c37e407f6	428	714	48	10	people
26336d31-7c48-4c0c-960c-fe3d7dea1073	428	714	48	10	;
31b6d3ca-ddfb-45ab-878e-0a03e5a93e36	314	724	45	14	cruelty
dd8ba663-7fb9-4352-aaa9-268fb77a5c81	361	724	14	14	of
6e316951-d158-4ad5-b10a-0cbc24aea1c0	377	724	81	14	Lamanites
43ffbaf7-5988-4911-af29-fb67758dde94	377	724	81	14	.....
1d60d41a-6af8-4da5-b7ed-75d0d03fa4ed	460	724	32	12	....
9ae458af-ea07-4c9a-87f1-030920ba1c54	460	724	32	12	542
34e9f4a0-f52c-4773-90b8-aaea9b8a21be	290	736	12	14	&
af4bcc08-ea76-473f-9de8-50c0d4d98d2f	304	736	23	14	The
a4c602af-5b85-4e75-9d4c-08fd3e61a89f	328	736	59	14	depravity
5fb1869c-053d-477c-9a2d-ad272da25b42	390	736	14	14	of
9efbdad3-ec5a-42ca-a4e3-8925cbd89269	405	736	23	14	the
75e6e7b7-e33c-47f8-8f67-1904a7e0ab81	430	736	46	14	people
3061e2c5-de08-4aa1-a195-8cd8dccab21c	430	736	46	14	;
4c648b9d-8b6f-4c4d-8d35-7a969f3d8dc7	314	748	74	12	exhortation
8a787420-7b12-431a-9c29-79aa5676eda1	389	748	13	12	to
e53b05fd-925b-4184-97a8-27a3e9d6a17b	404	748	88	12	faithmaluesa543
c5ead2ec-273e-4297-b0b8-91411e884cf3	304	760	47	14	Moroni
eede4191-6379-453f-bd40-a6be5a8e55bc	304	760	47	14	,
807275ce-9012-4320-819d-0ead74bc3b92	353	760	33	14	chap
669447bd-21bf-4f1f-9f7c-adc321bfb03d	353	760	33	14	.
a2a44a57-5f05-4b3d-ab42-9fb9fd81f3a0	388	760	24	14	10
845205ef-9f07-4d20-ad0a-d03ae9976a58	388	760	24	14	...
002c4efe-0d8f-471b-a094-da8b008673ec	466	758	26	12	543
913329ac-b1dc-49ee-bbb4-329b5d8ff4a6	292	774	11	10	:
f931e82b-1292-4307-b9fd-b5be035d000c	305	774	48	10	Records
e4c4f78f-4fb1-469e-b480-3760e8944e0b	353	774	85	10	Begled
88fba497-07ec-453a-b55a-ea0a1fef756e	353	774	85	10	...........
b3101c68-622d-4e50-a6b0-8d6baff2c026	460	772	10	12	..
4a70375e-3d45-46c8-beda-1090adff5c99	472	772	20	12	648
6c88eeb4-8521-46ac-b160-f6223473d5cf	292	786	10	12	t
92c064f3-fd86-4e7d-aa52-44cc0ad6900d	304	786	44	12	Mercy
11df8dc3-f2f4-4477-a1ec-f78000865568	349	786	17	12	of
b9b2d979-4daf-4fb0-bf51-d379d6fadf75	368	786	28	10	Gou
28ea101d-0eb6-4150-8e6d-b1d17aa20c9e	400	786	46	10	shown
9056c164-86b9-4ff2-87c9-4283f1e12c63	400	786	46	10	:
b62a7471-11ce-494c-be29-21b700872a5a	450	784	24	12	the
887f3a04-2312-4423-8fca-34ebd80da723	316	798	30	15	gilts
e2e297e5-80c8-49cb-a103-5276bc9871a4	347	797	12	13	of
5af82dbd-0a91-49d5-804c-0d7b40d67fa8	360	797	23	14	the
bb64386c-6ca8-4526-baf3-aab85d7261d3	384	796	36	14	Spirit
907b1f74-f8e9-4a9e-ae72-df81875f7b7d	421	794	69	16	named
e9b39b81-3d9e-494b-ae60-3ceca0bd3c26	421	794	69	16	...
94997620-d010-4ff1-af90-83973f8df76c	421	794	69	16	541
57900045-d180-4c29-888c-e5191c5276c5	430	830	58	24	roogle
