ID	X	Y	Width	Height	Text
acebc64f-1839-47f2-b750-d26db1af797f	613	129	173	45	INDEX
c30f855d-6443-41ca-986a-1bd83145e905	613	129	173	45	.
2a725de4-08c1-4506-b308-2f3ad4c9a82f	1230	129	72	38	791
6f80303b-54ff-4098-8309-872ac712d60b	97	205	105	44	Devil
24cc3f39-9d4c-45eb-87fb-bc113a54a818	97	205	105	44	,
fee65d36-45a2-4682-808e-bb9842ed7592	208	205	165	44	captivity
22ead655-a162-4fde-adba-861a17e5f2df	378	205	55	44	of
d98c2497-15bc-4cfd-9d2f-68efcffae870	378	205	55	44	,
d947fc8a-100c-42b1-9c22-efa2b55656f6	439	205	66	44	39
c2f5a1cf-4f87-4359-a5c4-65036bbba1d4	439	205	66	44	,
283cf99f-d06c-44cf-bf8f-f75673cbcca7	510	205	93	44	106
d617d203-40f0-409b-9533-1016cded30ee	510	205	93	44	;
622fae8b-105c-4dc8-b95e-db2a18d722f8	609	205	148	44	founder
064a588c-df09-431e-bcec-258b734078f0	763	205	44	44	of
c407c85f-316b-45b1-a9ee-01694b02c8f7	812	205	203	44	abominable
bb0d7eb6-a727-4bbe-b06e-c5cc9b62fda5	1021	205	137	44	church
f0b3b0c3-382d-41bc-a6ef-4b5a48ffd37e	1021	205	137	44	,
01bb920a-80b0-468b-a238-500498d4af8d	1164	205	66	44	39
a9ebe8cc-eed9-44db-a462-abc5f40aaa87	1164	205	66	44	,
bc80ad74-2e5f-4330-903d-f0627385a5d2	1236	205	66	44	40
90eb6dff-9944-435f-9a23-a192cb255e25	1236	205	66	44	;
bc1ecaf9-306b-4bf5-b4f0-08c47ae15c4b	135	246	150	41	beguiled
93868b70-1551-46d9-8e2f-2037a447509b	290	246	85	40	first
d0db4715-d9c2-4738-97df-e23c248d916c	380	246	150	40	parents
3302d2cc-9c54-42a2-a546-ed2a4e5d2654	380	246	150	40	,
6884386c-62d5-4af8-ad52-307e751456d7	535	246	100	40	106
89d085a1-60ac-473f-8570-0e90ae36ad24	535	246	100	40	;
5a01ba3c-a3f3-4cb3-8682-c4abb9264428	640	246	205	40	transforms
67befc69-858f-4a86-8794-73dde18ee7e8	849	246	145	40	himself
23e1a396-5ac4-458b-b515-6a77c4735da3	849	246	145	40	,
d78f23f9-8433-4ecd-addc-291af9f8fa30	999	246	100	40	106
221e651f-0bf1-446d-8c1a-ef526e010a6c	999	246	100	40	;
e5dcebf3-343a-4678-a7a0-3977940fb41b	1104	246	80	40	and
ef29958b-310c-465d-81d3-cc66d1dc2999	1189	246	113	41	angels
44806e85-221a-4bc3-9387-7376cd108b3a	132	280	66	41	the
33f21443-8e82-4edc-a254-09955df4fd20	204	280	108	41	filthy
4f5f106f-7cca-426e-b87a-31c4631abb6b	316	280	97	41	ones
c62b4a46-478e-4157-bda2-1d206044976f	316	280	97	41	,
8d0a2ac2-fa06-42b7-8547-36c83b18969e	419	280	97	41	108
e5e449ce-62fd-4670-9ffe-f976fa08373c	419	280	97	41	;
409e4bca-3938-43da-b81e-61db16c08b46	521	280	56	41	go
4816d17e-5e75-4e76-9aaf-dcbefa6f30b1	583	280	87	41	into
beb1ddea-6a30-4b5c-851f-b2b8fe0f4e3c	675	280	200	41	everlasting
6073eeda-f5ca-49d3-b844-e76c884698b9	880	280	77	41	fire
9e47b825-bc77-43bb-9a1e-0b0cab6a306e	880	280	77	41	,
a37bb7a8-6e65-4dce-9c97-239f265092be	962	280	97	41	108
861bdfa2-2f12-4fbe-8273-d8445996c897	962	280	97	41	;
de273aa1-f4c3-45a9-a206-8a85548fcc78	1064	280	51	41	of
e1720c8f-7c59-43d6-be65-e217b26788c3	1120	280	67	41	all
41baf8d1-252b-4930-ba2d-f41798093753	1192	280	110	41	devils
584123b3-dff1-4a01-bff4-a1afe7dcf9cb	1192	280	110	41	,
f75cce1d-c10d-412e-877e-c6551bef9a54	135	318	97	41	110
56148a6e-28f5-4bbc-b35a-6bbff5daa0f2	135	318	97	41	;
32ca91d4-dc69-40f3-9d51-269391b9f9a2	237	318	205	41	foundation
94371ce5-d0b4-4d14-9264-ebbbc2f3652e	447	318	51	41	of
d29471be-e5eb-4a3f-9dcd-75872cc73298	504	318	118	41	secret
a290b192-4566-4334-a3e7-d20f195594b8	627	318	246	41	combinations
f3024312-d961-4e42-9ac4-5e21c9c24b45	627	318	246	41	,
fd7879b3-2c04-4494-904a-3c5f481cd2b1	878	318	102	41	147
e97bb7f7-96e2-41a6-8753-e11782980556	878	318	102	41	;
8ec5b72a-4a45-484e-a84d-69b67e2c9be9	985	318	164	41	kingdom
f852e2d4-f6d4-4cf9-95dc-fbec91fd4695	1154	318	56	41	of
2adf77e0-e830-4fd5-801b-bd23a6913fd7	1216	318	87	41	must
d1456db5-ba6f-47b8-b41c-3e4efafae3d8	132	356	110	44	shake
b7f133ca-77e6-49bc-8065-9c4640f63c51	132	356	110	44	,
ef5e7cd8-9cc2-45af-9b3d-a15f78c6874b	247	356	88	44	154
c5b424b4-ddf9-4538-bef9-aa6e735389a6	247	356	88	44	;
59a96cbe-eca6-4a12-9fcc-9105edac509b	341	356	49	44	to
6f5c87bc-267b-4c7b-a06b-71b70dd236f6	396	356	82	44	rage
9f5859b3-3f4a-4695-b688-03d04efb540e	484	356	44	44	in
b7ef55e8-af2f-4713-a0c5-31da797c1525	533	356	121	44	hearts
827b9806-a629-494c-9240-6aa7fb6db1fc	660	356	38	44	of
bd1ccfa7-3146-40e0-a79e-360c32472e4e	704	356	88	44	men
a68ee76f-29e1-42c1-9e15-1ee1a9387701	704	356	88	44	,
b5eabf00-c2a0-42fb-a046-592c5c1c68af	797	356	49	44	to
c71e3da7-4972-4631-b606-b65e6b10be54	852	356	71	44	stir
21a10d64-fdc2-425e-8fa4-bee11519287e	929	356	77	44	men
f19a7d81-5909-4d0b-a88d-b81ed780f7fe	1011	356	44	44	to
9e6183c4-6d83-489f-abdc-bb9bb1174778	1061	356	110	44	anger
93e9f4b1-4f6b-4669-b4f7-e5b7c0190aaa	1176	356	126	44	against
3631f6fc-e170-44c0-bd11-d3abbdcfae82	135	394	90	41	good
a0abc507-0217-4398-9045-3530e3f1953f	135	394	90	41	,
e6e64cd2-2566-4c8e-9b41-3cec2ac3a987	230	394	90	40	154
6972093c-b286-412d-95c8-e3901b17df89	230	394	90	40	;
f2132f50-c6b3-450e-9fc5-c2a3480f8c38	325	394	135	40	leadeth
e1a0a553-c7eb-4989-b451-cda46238850f	465	394	75	40	men
802f7201-a0df-41f3-9d5c-fa349b65a178	545	394	45	40	to
e3ccbf7a-fa8e-49b0-bddd-27a8241cd052	595	394	80	40	hell
fe598f65-b237-4394-a268-506a892ecad7	595	394	80	40	,
60c678c8-2d9d-41c0-9b88-2796651c2d51	680	394	90	40	155
9489168a-0bd5-47a4-917e-fee9c07679d6	680	394	90	40	;
0d3e5f58-d76e-4785-8ce0-6c70490c366b	774	394	125	40	master
02c6d7cb-3b3a-4e39-abcb-88a78e947d50	904	394	45	40	of
90744fd9-8303-498a-854d-3482ffc036fb	954	394	70	40	sin
6b8e00de-4aad-4af6-9e9f-80e81c676441	954	394	70	40	,
fd99c828-e918-4ce0-be51-38456032cefd	1029	394	90	40	221
c163a889-1971-4e50-bee2-9a007a69ad99	1029	394	90	40	;
67100f95-3ace-482a-879a-a9af4b0f9c93	1124	394	70	40	has
f307cb55-4847-4ac8-826b-fbba6ee52429	1199	394	103	41	power
9688beb2-35de-4bfa-b120-ca923a806140	135	431	82	41	over
c60d6779-c0c3-47f9-ad26-9fbbbca67ad2	222	431	138	41	wicked
ee9182b9-a6a4-4335-b5af-3e4f506f2470	222	431	138	41	,
ce923b91-4fe9-4a7d-a001-6107fcef9885	365	431	82	41	254
8e71bbed-a8cf-4aa0-894e-b9f8de45c46c	365	431	82	41	,
af52541a-daed-4082-b0ce-4348c98246df	452	431	92	41	255
0f3e27dc-daeb-45e3-aa14-54bf074f74bc	452	431	92	41	;
10237dcb-dd3f-4605-87b7-6d17f93b623b	550	431	102	41	takes
4d2177e2-4a1f-4ba8-8431-702464d04d2a	657	431	184	41	possession
824bba97-c756-41b0-befd-6d5da29b2d3b	847	431	51	41	of
3f66192a-fc1c-4cd2-993d-738c5cc1f261	903	431	133	41	wicked
bd794d63-e157-4af1-84a6-1cde19c80129	903	431	133	41	,
716f4420-f052-4847-b633-af2e770c1372	1041	431	92	41	448
967fc053-2084-4d61-a73c-9cbfb70057d9	1041	431	92	41	;
85f0bb74-7257-423b-8b8b-77146ea6ed13	1139	431	123	41	father
dfd4d44d-c77f-463f-923a-69e41792c7b5	1267	431	35	41	of
654609c8-a34e-42b5-86ea-25cdbcbd9e26	135	472	107	41	secret
4ca3e39e-5a85-430e-8447-29446cf326af	248	472	241	41	combinations
e3cb8e15-37ab-46f2-af21-b1f1a88ff9af	248	472	241	41	,
ea9e6e14-6afd-4b3a-9e54-2630a3747e45	493	472	76	41	735
cf8d62ff-e6f1-4b53-ba8d-83eb578972d5	493	472	76	41	:
ddf93541-2e83-4d22-bc3b-7c350dc66bc7	94	513	169	41	Directors
39e063ac-9df1-4e67-a9e5-31950652fa1f	94	513	169	41	,
8bff199a-ddc8-41cd-ad38-9a8071192859	268	513	77	41	ball
4e8431a5-09da-4069-a5e9-dc3b2ab822f5	350	513	46	41	of
59887e71-4406-47c7-85c2-06502124cadc	401	513	108	41	brass
fc85914b-7fc0-4973-ad77-4d3e13325639	401	513	108	41	,
9ba907cc-9383-4d4c-8df2-e341ddae5066	514	513	77	41	48
444a1a48-76b3-44f1-bc5c-bb6e479134dc	514	513	77	41	;
c5621b14-55a7-4623-8fd1-11c1eef552da	596	513	97	41	Alma
504549e9-6b32-4741-b66e-a51b8fd4b3be	698	513	128	41	directs
6674ecfb-3cf2-44f2-be67-0b684f6ce9c6	831	513	159	41	Helaman
f3b27638-e7bf-4170-bb76-c2298e284bc3	995	513	51	41	to
cfd0f18c-9eb1-4a24-88e7-3a2132ac8972	1052	513	159	41	preserve
7fa9c3f8-616d-48b0-a471-0cc72a17a9e5	1052	513	159	41	,
8ef68403-bf71-466c-bfd4-f2b187082b03	1216	513	87	41	439
f8a2f408-f0d3-4386-9b73-5fa74a13da2a	1216	513	87	41	;
566e37d8-2bfe-4d3d-8103-6e0a4aaf0e1d	135	554	156	38	prepared
0f6dce09-5611-4191-b272-6345ff0e28e1	296	554	81	38	that
7e1579e4-781e-447c-81b4-6804f23cc7ff	382	554	100	38	word
54023524-ba5d-4dd3-9b71-6dc6bc940883	486	554	43	38	of
9493e09d-9cc5-4662-af88-61c492e212e0	534	554	81	38	God
1522ff37-671d-4e30-b952-0a4000278085	619	554	109	38	might
463d67d8-df63-4e74-a03a-2bf82683c105	733	554	47	38	be
e1856937-6e06-4c0b-89dc-a9535ac34632	785	554	152	38	fulfilled
be7a6996-c01b-4a2e-a461-4c804ede3c0f	785	554	152	38	,
23083902-3a0a-4751-bc1e-4c67c2d982a4	942	554	90	38	440
71b99b29-177a-4ac9-9881-55832a872f13	942	554	90	38	;
7dbaad14-adec-4936-85af-8b4c960edbea	1037	554	114	38	called
dd31b27c-4f1a-4827-a2b6-025e2077d8c1	1155	554	150	38	Lianona
70f92090-6bad-4519-88ea-24c6ab53d461	1155	554	150	38	,
e9aaa08f-feab-4f3d-a9e2-bbbf7b972696	135	592	104	38	441
baa244cd-95c1-4bd0-8b9b-81933aeec102	135	592	104	38	.
bcf54f55-bd73-4e50-9146-03adbaee171e	244	592	76	38	(
95bb45dc-5697-4b59-b1b9-c79342d5d168	244	592	76	38	See
4c2a0c45-e48c-4dde-81d0-774f27dd50cc	325	592	103	38	Ball
7f9f9039-1bc9-4fda-b5cc-93f6b222f0f8	325	592	103	38	.)
4489191d-d6a5-45ee-b8a0-b113f27868a8	97	630	164	41	Disciples
69194aae-b9b2-4182-b05d-0edc1902c43d	97	630	164	41	,
02720f87-ad3a-411e-9979-abb8e2653562	267	630	67	41	all
e4e08835-3b4a-4a0d-9c84-574565a204c8	339	630	61	41	die
469fc45c-1b03-457c-8eb5-1f92f3a76a7e	405	630	123	41	except
6e23ff08-e7df-4fd3-a772-a54f767f0f86	533	630	113	41	three
270fa078-3657-432a-869b-5e81db9b422f	533	630	113	41	,
4c8c9517-8783-4cfb-bfdc-75d6a368aea1	651	630	123	41	others
2797fa82-8eff-436c-8def-474c73e40807	779	630	154	41	ordained
69ac5b84-40d6-4816-ae18-fd75e686b349	938	630	51	41	in
2b89ea8b-8eb6-4140-86e4-d71ac060d744	994	630	102	41	their
dfb9e025-261d-4a46-84ed-a3b7b3f04127	1102	630	113	41	stead
9b9d5700-23bd-4ad6-83de-1f8fa33b98e4	1102	630	113	41	,
ffa01e05-7aec-41b8-ac96-041fe6103771	1220	630	83	41	683
30278c75-6cfb-4574-a724-984aa94bd6d2	1220	630	83	41	;
54af61d3-8be9-4361-b273-1f9457acb7bf	135	671	46	41	of
77f7d44c-6c27-41dd-ae74-71af85d25391	186	671	102	41	Jesus
a4af44ff-f96b-4d8f-9fba-743c67fa56b0	294	671	77	41	cast
dfcbbb03-d41c-405e-b2f8-c98fea47fd50	376	671	87	41	into
9e2df966-ad65-46c6-b06b-30889585e6a5	468	671	123	41	prison
643118ec-c782-4df8-8f6d-85ca8199d17d	468	671	123	41	,
c06c017e-bac7-48ec-be47-280e2d9e5d3e	596	671	138	41	prisons
e7c5dc27-2765-470f-82ec-0f97ef022b84	739	671	82	41	rent
e735ca1b-1d94-4b28-99ec-b5c9f9d8db11	826	671	46	41	in
ee70a178-52ae-4633-8b15-3205dd502da3	878	671	118	41	twain
a2601e2c-2b94-46f8-88c7-d2c9ed13d12c	878	671	118	41	,
51ddf69c-fd34-4912-97f7-ce30508a26fc	1000	671	154	41	miracles
146cdb9b-83b1-4fd1-ab2e-39a7ec41b147	1159	671	143	41	wrought
38f9d0f9-c57c-4cff-9873-cf6c069ed2de	135	708	61	41	by
516744d8-57ce-497d-b76d-45ea2374a19e	135	708	61	41	,
73983c47-aa44-4539-9540-66ff26a3ee25	201	708	97	41	684
a8c869ce-962e-445d-9ce8-1a2c1e8b2acf	201	708	97	41	;
84d5f5fa-14f6-4371-a0a6-9aedf8385df8	304	708	87	41	cast
a145acdc-3c83-4699-b5ad-4b83021fd6e0	396	708	82	41	into
c3d9d0ec-ccf1-4a48-ba34-32d328aca401	483	708	159	41	furnaces
ffa6265b-8658-4b68-abe9-359655f34473	647	708	51	41	of
16b4d1d9-034b-4951-a01f-af7a8b4cca1d	703	708	82	41	fire
5b72b649-cc75-459b-870b-212b0a2087c6	703	708	82	41	,
7d7f0dc6-3c25-4917-b15c-90a5f8efff14	790	708	97	41	685
bd4c375b-c690-4476-bfa3-036e230f4744	790	708	97	41	;
eccd2622-1a05-427c-953f-69ae7d72dd83	893	708	108	41	taken
797825b5-26cf-44e7-bf11-440531fe8f5b	1006	708	108	41	away
f22cfaa4-fa9c-4b63-a8d3-629f2fbd3ee3	1118	708	143	41	because
9833663b-d3d2-4410-8d54-9492e1751cf5	1267	708	38	41	of
59f57d20-3490-4233-a522-9edb21d9bdbf	135	743	192	44	wickedness
5ca8311c-d61f-4bba-a736-c993988d537b	135	743	192	44	,
dc914aef-4b5a-49b4-ac7c-97ff2fffff25	333	743	88	44	688
ea7ad175-10ce-4817-b61f-74ae2baccb09	333	743	88	44	;
d2c08f60-0467-4817-82e6-0982ef7e59d0	426	743	110	44	three
86891647-506b-4feb-beeb-97504d1029ad	426	743	110	44	,
9876b80a-716f-46a7-97c9-989cb50bb880	542	743	148	44	minister
3e676c12-ef8c-49f2-b68f-a3586a551d07	696	743	44	44	to
44dfb01f-fdcb-4519-9cff-6359674ab31d	745	743	143	44	Mormon
6b60b8ff-47e2-40f0-aadc-018d940a64e0	893	743	71	44	and
0e4b06cf-38f4-4a17-834b-7dadf93e0c7e	970	743	137	44	Moroni
61583a15-8b03-4aed-889e-2887a2c4689a	970	743	137	44	,
0d2bb1cc-6d93-4ecd-93fa-578aa24e7cb3	1113	743	79	44	705
916b6805-1ac2-4049-9bbb-f2372136caa9	1113	743	79	44	.
e3b5bc21-88f3-49ab-a9d1-72a6161a043d	97	790	162	38	Diseases
68338e21-cbf7-4b4c-b5da-14b2b40cfc7a	97	790	162	38	,
858a4422-b447-4f42-a811-3011f3093c75	264	790	152	38	removed
75f334c5-622d-4dc2-99cd-540cc510bbb9	421	790	57	38	by
2d149e37-6ce8-47fd-a5cf-3eae3d3f4054	482	790	119	38	plants
351c48a5-68b3-4a62-81a5-8fd9807cd7fe	606	790	81	38	and
5d543f65-81f1-41c9-a131-47309d3d3ac3	691	790	109	38	roots
8744e190-fd92-4b8f-806f-54f31e09b520	691	790	109	38	,
ad00c0cd-0679-466e-84ff-caabaa3adc06	805	790	79	38	473
d7bea4a0-4cec-4d23-8403-b33395d210e4	805	790	79	38	.
69fc96a7-2267-48df-962f-63f7501ce38e	97	831	190	41	Dissenters
3ba07ed4-169c-4d11-bc96-f607594dfe3c	97	831	190	41	,
ccdee9d5-25c7-498f-9aa2-a1ba768e716e	293	831	97	41	more
00f8d0cc-bfc2-4d50-aedd-4f9a0e595aab	395	831	164	41	hardened
60d7c630-914e-4b41-82d8-e7ee461ced3e	564	831	92	41	than
fc9c8ef6-aa55-4ed6-967f-db2a6c74ecc6	661	831	195	41	Lamanites
5ad1fb96-6019-431c-8f57-e3748add9345	661	831	195	41	,
a3816f1b-7cd5-45a8-a584-529d30e0eb49	861	831	97	41	477
98e6fb5a-7f40-493b-9395-68d7c07c8f74	861	831	97	41	;
998f5130-e5ff-4c4c-a1dc-8ea7ea3f648b	963	831	51	41	to
4d563103-7f75-42cf-a94c-1a500b1e4ee9	1020	831	195	41	Lamanites
45f621dc-1b05-42e3-9264-c3d86c155cdb	1020	831	195	41	,
7afd8e0d-1e00-48e4-8f69-39a80057c431	1220	831	86	41	552
38f41d7f-90f3-44f8-a0eb-27ad22de64cb	1220	831	86	41	;
6939498e-cd4d-4ef0-abd0-e79d68a5f71c	135	869	92	41	with
d88fe7bc-49d7-4fb4-9ab7-efc19c797671	232	869	189	41	Lamanites
a77bd9d6-e86e-476f-8386-d83c8551908b	427	869	123	41	obtain
852f5bc5-4092-49ea-afb7-ab69180d70e1	555	869	87	41	land
301cdfc3-420e-4174-afa3-ac4e93b27e1b	647	869	195	41	southward
24ab83f2-eedd-4406-a7ab-dd4e24510e56	847	869	97	41	from
a2a79d6f-aa3d-4542-8a45-582899082b42	949	869	174	41	Nephites
8a93c337-3dc8-4a0d-abfd-c02aec4ec19c	949	869	174	41	,
302eff2e-59bd-43d8-925f-d74ce5a1e630	1128	869	97	41	553
1ac7ada9-63d4-47d9-badc-cf108a67a0e0	1128	869	97	41	;
90bc228f-148d-4955-b24a-8842e09f26e1	1231	869	74	41	con
491ecb42-7014-4081-9e00-3a48b6cda6e4	1231	869	74	41	-
0f6b7e1a-048b-4cba-93b8-fd9c4d977b4d	135	907	76	41	fess
ef0548a9-5c40-4ecf-b8f4-d9f8c139191b	217	907	82	41	sins
da1830dd-e8f7-4ec0-84ad-c631ea7d8dfd	304	907	77	41	and
3973ca67-94a7-42fe-94ea-b47d8f2bec4c	386	907	67	41	are
63f28430-4efb-42ee-b70f-60d584b38aef	458	907	164	41	baptized
41f4dd46-3823-4a6e-9750-aba415f25be4	458	907	164	41	,
3fbdae5d-38b8-4b6b-92fa-7cbb03aa4c9a	627	907	97	41	557
7b84b4a9-fe00-4f11-9cc5-65cc792a53e4	627	907	97	41	;
27f5aacc-e8f9-40f4-8786-edee5f007a10	729	907	164	41	endeavor
23461596-bfc8-4040-b768-11558aa5f3a1	898	907	51	41	to
da39315f-1ec7-423e-92f5-ad2f33d4bc0f	954	907	118	41	repair
a0e528b1-e772-459c-bf46-f4fce190652b	1077	907	143	41	wrongs
4c072354-db57-45ee-a9b6-863e98ab319e	1077	907	143	41	,
5f362460-a7b0-4f7d-8f58-5f3c7080d41f	1226	907	79	41	557
6a87fdcb-878c-4421-a736-5af1d3556b92	1226	907	79	41	,
63c3a882-260f-4f29-8ccc-9451390e3b6a	135	948	87	38	558
7410dc39-7ef9-4839-8ff8-cbfda9597183	135	948	87	38	;
29e4653d-46e0-423c-a11d-e2da0d81cf03	227	948	176	37	commence
67f6ca4d-fa58-42f4-b24d-bf04529feaa3	408	948	88	37	war
4482badd-a530-47cc-a313-e6b6be950fbe	408	948	88	37	,
c82a2f55-047d-469d-b441-cb3b9a493bfc	500	948	76	38	582
80e3ffae-2766-4a07-9324-da60c4318aac	500	948	76	38	.
c1f8ed06-d2a7-4feb-8775-4e0f99f9796d	97	989	155	41	Division
7f2e811f-f8ed-4908-957b-ff1ba0691695	97	989	155	41	,
17e8b59b-c624-405f-a207-3568921ca484	258	989	115	40	caused
33ea7246-4296-495d-b8f9-fe1b9802f31f	378	989	120	40	among
a065f469-46c6-45f5-94d8-c3c631d6c829	503	989	65	40	the
141a62e9-5362-4506-a134-89f84155e196	573	989	125	40	people
213198a3-5d13-41bc-8da0-87e804fcb8e2	573	989	125	40	,
c19544dd-c25d-43d3-8eab-437fe2ac7f5b	703	989	90	40	159
d006b59a-60cc-4b53-94fe-b6c8e984664b	703	989	90	40	;
c70b81e6-cbe7-4d3d-9788-1454a0be49bf	797	989	95	40	great
3efd8509-b963-4ead-bd83-0a9b6e2c0f4d	897	989	120	40	among
68079c0f-0b49-4032-97b0-9fc1cb97e211	1022	989	125	40	people
0eea11e1-1ec6-42ea-8bda-c371297dd8db	1022	989	125	40	,
62313870-a720-4f9a-a0ab-a86899e4a5a2	1152	989	77	41	685
11afafff-db02-475e-ac77-98a1bff5156d	1152	989	77	41	.
ec77ca29-e3d4-46e2-b302-951fcd655697	101	1026	159	41	Doctrine
cc8c3405-3240-4b9d-a4bf-3e22ffb0188f	101	1026	159	41	,
198968d1-94e4-47b3-9e79-bbc3c2243da3	265	1026	118	41	points
da6f4b14-dcff-4623-a0b1-61613074c8ec	388	1026	51	41	of
eda987e2-62b2-428f-8d55-06199e8b1af0	444	1026	46	41	to
3e0853da-1651-4f82-a449-87ee9811bb11	495	1026	51	41	be
bc70c1fa-2936-44ca-96dd-627a5104b2a2	552	1026	102	41	made
5a6914a6-c4d1-4d52-a317-dba822ea97e4	659	1026	133	41	known
4946eb8b-95e3-4eb6-8797-2ee233e159a4	659	1026	133	41	,
4763002b-a715-438b-8c6c-f9a9896c5a75	797	1026	77	41	44
d7270f45-6988-4402-a7f9-8f0d4e30da2c	797	1026	77	41	;
b3f764ad-900f-4b11-ae6c-b0b0114c77a9	879	1026	102	41	false
f82c5756-6b11-4035-9bc2-c8e1129667bd	879	1026	102	41	,
2cf7b4fb-a573-4da9-bddc-7e74b1b6e593	987	1026	51	41	to
33d48673-d00d-461d-a2a9-747f44cc7996	1043	1026	51	41	be
f976fb14-c45c-4ca6-afc8-406dfab63465	1100	1026	206	41	confounded
b50508c9-db11-4638-bff3-ddea24c59486	1100	1026	206	41	,
634558c2-1028-4bf3-b7f7-08c4f62367b9	135	1064	66	41	88
788624ff-f884-4aa0-9544-d9f74b11ffb3	135	1064	66	41	;
39e1fb26-4f19-4000-ab47-826a51d23972	207	1064	46	41	of
3f130952-b418-474a-af91-d1fa9f7547a9	258	1064	123	41	Christ
f69f2264-5ed3-452e-809b-9a0da4910c2d	258	1064	123	41	,
eb8fa98d-6b63-4b05-b056-af191daf5c22	386	1064	82	41	160
06850524-5708-45a0-a8a2-851e819bcf2c	386	1064	82	41	,
12a787bc-6d48-4465-add4-9c56e93b49c5	473	1064	77	41	163
61ea39de-aa6c-4a89-a2a4-07b0997407ff	473	1064	77	41	,
f5d44310-c9d9-4a86-98d9-15d9ccca36ec	555	1064	82	41	161
e00eeaf9-2c21-4630-bf4b-a531e015daa7	555	1064	82	41	,
76b4cf60-59e1-4578-b399-f77a00295c6d	642	1064	92	41	634
aa217d4a-fc85-4ba0-a4cc-c25c8ba3ed2d	642	1064	92	41	;
7dd4f8a6-196b-41c0-8daf-daaefa6c5bac	739	1064	133	41	Sherem
a2a8eb14-1a26-4766-9bf2-761f41bd2e37	878	1064	92	41	tries
164ba35a-4c26-42ac-a566-140db3d172e5	975	1064	46	41	to
4ea01cc8-8d44-4065-b84b-d7e48a78c8dc	1026	1064	189	41	overthrow
03e9c7ad-7c3a-451d-b5db-9cad589732d6	1026	1064	189	41	,
742c0295-b931-49b2-b5ee-2d9a71373062	1221	1064	85	41	189
a7977446-75ac-4a4d-baff-416f1d7c1403	1221	1064	85	41	;
6467ed19-f400-4c39-950c-16171a1518df	135	1102	85	38	false
1b085618-435a-43c0-915a-b94d8a8bdb73	225	1102	123	38	taught
d8732617-b8e3-4941-8ddd-74d0c6d721c0	353	1102	52	38	by
44a2d6e5-8de3-4dfb-9fe3-3f5c19f66659	410	1102	109	38	Nehor
e957bbea-0dde-4c7e-9fa5-be76dbf9ab5a	524	1102	76	38	and
10a757af-f86e-4c94-93ec-07c3e5a576fb	605	1102	123	38	others
5976344e-eaa2-4649-a698-3d947e10d52d	605	1102	123	38	,
1918ed48-b731-44cb-aeae-b15ed93aee0d	733	1102	78	38	300
33bd6963-871b-4fa4-8bf2-9792f9a07b63	733	1102	78	38	.
b49b4911-6ea0-435d-8391-7db48b1d2e53	97	1143	119	38	Dream
757f6922-ba1b-489d-ae28-f2cac7e953c6	221	1143	43	38	of
b98f4a64-92a1-48ad-84bb-49365ed9290f	269	1143	95	38	Lehi
995a5d12-9423-4bcc-961d-87e510e59ef1	269	1143	95	38	,
c1726c83-767d-4570-8b34-0e3a8ce09401	368	1143	38	38	4
08d4113e-e3ba-4dfd-a890-e25628d00c2d	368	1143	38	38	,
59b66512-0a6b-4c2c-811f-8ebbbff4e4d5	411	1143	43	38	7
645deb31-5131-4290-bf92-020048394772	411	1143	43	38	,
207a6e5a-1a66-4875-b404-2fa52858b168	459	1143	60	38	19
b1d34fb3-5797-44ce-8ab9-6044930bf705	459	1143	60	38	.
52802fcf-856f-4bc2-b4e1-371d5535ee19	97	1177	118	41	Earth
ab0803b2-547f-466a-9412-c95c8aff31bb	97	1177	118	41	,
fa61a8c3-d7eb-4251-bbe7-154bca3cd80e	221	1177	184	41	knowledge
ac165a37-7616-4ce1-be23-b705408cea4b	410	1177	51	41	of
20ceed41-a78d-4115-aa91-3a1ae0ecb712	467	1177	92	41	Lord
78d0c931-736b-478e-aa10-7cf4060746f0	564	1177	51	41	to
dd181d17-888e-4057-8a9c-918cd3d3bafb	620	1177	108	41	cover
13997e4d-a86f-4de0-b28c-dc09e25d78e1	620	1177	108	41	,
aa7fd78e-749f-454a-a4ff-0d1038af5723	733	1177	97	41	160
c5c07970-7549-49a2-996a-9dfef0d83696	733	1177	97	41	;
48e3704d-fa2d-47d4-9d45-4ba4ba82bba4	835	1177	133	41	created
1a7c5a70-fb69-478c-b171-22049685543d	974	1177	51	41	by
cb166d50-c05a-45fd-a917-dbc90d7d7c63	1030	1177	118	41	power
ff682af0-5cea-4468-a871-ae3e8756ad60	1153	1177	46	41	of
13913e56-dd3d-4f6a-9791-b2bb9c3bb3b8	1204	1177	101	41	word
cea96ddb-9852-41d8-b32d-83c23782fc4d	1204	1177	101	41	,
735c69c0-e6c2-413f-a2e9-51bf3fbb9abc	132	1215	82	41	176
e0cd67e6-8bab-4c28-8d37-8b1083a9d253	132	1215	82	41	;
82b02702-a5a5-4b03-8b77-c3519de99224	219	1215	123	41	moves
1b990446-083a-47b7-9d28-f80d1a4dcbf4	219	1215	123	41	,
8ca490bc-f7c6-4eca-bfb6-8f14daaaedc2	347	1215	67	41	not
e3a022da-9b13-4fa4-a7f5-7f575390c507	419	1215	61	41	the
545e5336-8757-4bfb-b0af-4b211290e80a	485	1215	77	41	sun
35edf3cc-384f-4818-8dd2-54dde7a03c76	485	1215	77	41	,
8fc99c03-4917-4f75-95ff-7ab277dab75b	567	1215	92	41	585
956b2315-2f40-4d1b-8329-632309803e36	567	1215	92	41	;
473686d9-ee5c-4474-ba8f-ead707cbce55	665	1215	215	41	destructions
7920b1bd-f355-47cb-96b5-95a757be35c3	885	1215	87	41	upon
3920e7e3-cd64-43d8-b373-ffd2358e64f8	977	1215	46	41	at
bfe0098c-83e8-48f9-8068-4a5ddb9c64b1	1028	1215	195	41	crucifixion
aea1976f-bba8-4b19-8389-0c857e4c2465	1028	1215	195	41	,
c827512d-7069-4dd0-92a9-e415698b7bb9	1228	1215	77	41	624
edad4d95-2b35-4d66-a61c-0f32160754e4	1228	1215	77	41	.
9d614b13-d5c4-432b-87f9-04a84a155887	97	1253	216	41	Earthquake
af5543a1-8ca9-4ed0-b55c-3029f6248472	97	1253	216	41	,
75513297-a33c-4a48-8a91-737e10431641	318	1253	108	41	Alma
3ff0a477-08e6-44d4-b7c2-7a0ce933c952	431	1253	82	41	and
6c05676f-dcaa-4bf1-bda3-e0187e2d927f	518	1253	143	41	Amulek
c3b589d4-b998-427a-9d93-af35fc35b9ce	666	1253	169	41	delivered
831caf84-5fad-476a-80df-9a8a86202287	841	1253	61	41	by
cf7ae5fc-a020-4917-b812-7ac0cc7e943c	841	1253	61	41	,
a64573ac-2162-4a13-89cf-d377b5938be7	907	1253	102	41	356
562f2a70-82b7-4f35-b150-f52b4fe188ad	907	1253	102	41	;
64cf2e2e-7875-4260-aa6f-bebc13dfe44d	1015	1253	118	41	Nephi
ac6dc848-9590-4cd4-9ea9-25f4ef144e3b	1138	1253	82	41	and
c2107244-2c66-41e3-9c3d-5af1510d96f4	1225	1253	81	41	Lehi
445e527f-a996-43fa-8c7a-befd76a95de5	132	1294	167	32	delivered
7fdb5e40-ac6b-405c-8c4a-ba74b6e47cf9	292	1294	62	41	by
6b718450-b9e7-4ea3-8624-74978b6d32f2	292	1294	62	41	,
59d115a3-f810-400d-a328-b076a307c030	359	1294	84	41	558
63c158ae-754a-4d9d-8a97-140d58b38e96	359	1294	84	41	.
d121cfe0-4a26-4a06-bf07-adc7cf8ca24d	101	1332	220	44	Earthquakes
e614ead6-be80-4840-ac24-b5c70bac4c9c	101	1332	220	44	,
c65ad13f-7154-4a0e-a395-fd5889e65881	326	1332	82	44	624
fac546c0-9817-4bee-ac17-c8756f46b740	326	1332	82	44	,
e125a01f-1812-430f-ba77-e3867740ec8a	414	1332	80	44	625
2c38e35e-a9c3-4052-9363-e92205c3dc1c	414	1332	80	44	.
3f66c83a-1592-450a-8ce1-6adccecdb6f1	97	1373	102	38	Eden
b021a772-17d9-496d-ac2e-c3b0f12068e1	97	1373	102	38	,
e343e0dd-c856-437c-ab75-805c5cead499	204	1373	83	37	man
f985395d-b1dd-4373-a2b3-67f42769c2bd	292	1373	83	37	cast
ff10a20e-bb6f-489b-a45c-053b920bd4e8	380	1373	69	37	out
82be0c62-9d60-4d9f-885a-af9ddf704c00	454	1373	55	37	of
f0063176-0ea0-4a6d-bff6-c88490d2f911	454	1373	55	37	,
f20885de-04de-4f41-843a-082813524944	514	1373	77	38	452
39a9dd2e-e049-4179-a726-5ce12bb62799	514	1373	77	38	.
416bd3f9-f4df-4c9c-86a7-7b62949af7ca	97	1407	118	41	Egypt
bc9f3504-653c-4163-8916-998c35c2dd1b	97	1407	118	41	,
256a7780-5c51-410d-8a82-71cd1f522830	221	1407	108	41	Moses
efd42f7c-2bef-4e5d-a951-effc3ae8f9ff	334	1407	46	41	to
3e30a0dd-ad0f-43a4-ae5b-f779cf3f5e99	385	1407	128	41	deliver
ff0b101b-5d7b-4664-9cc2-c37c1d8592ee	518	1407	108	41	Israel
0b2ec9f2-7389-4d39-8a92-38442dc076fb	631	1407	102	41	from
b55d63b1-b3d2-4b17-90aa-70bbf2e667d1	631	1407	102	41	,
1a29f7b3-7e8b-4d74-be36-16b3a5a808ac	738	1407	54	41	88
e19e684d-803a-48e9-8473-2691e94471af	738	1407	54	41	.
b58d51dd-1b08-4ab5-bd75-89ad9ac81547	94	1445	169	41	Egyptian
d41d46fc-60bf-4ba9-8138-6190e6471026	94	1445	169	41	,
4214d052-a4e5-48da-afd9-cc6a5ccad4ba	268	1445	169	41	reformed
f529c1e0-b83b-498c-986e-2c01abb9dea4	268	1445	169	41	,
8cfa3d2c-e0e5-444a-9f12-29bb8af4867a	442	1445	133	41	records
e5138d5b-4f98-4a48-84c3-3d4231793dc9	580	1445	138	41	written
40b6cbf1-f48a-46d0-8026-6e06d4abc1cb	724	1445	56	41	in
6742917d-2b23-4206-adf3-b92cc415ad95	724	1445	56	41	,
af18216b-6081-4ae6-bd3b-7212c45b51c0	785	1445	76	41	713
ab0b5238-e549-4686-82a5-3cc43023258e	785	1445	76	41	.
3d92fd23-bca2-46fa-a124-225bd25f5e11	101	1486	181	38	Egyptians
f9dd4bea-0528-4f72-9b02-e89ef06dbd64	101	1486	181	38	,
28eb47fe-059a-44e8-9775-3fef323e8dbb	286	1486	161	38	language
cd2a8ee6-d8bc-42ee-a3fb-69347aefe076	452	1486	52	38	of
fa0e215b-5e7e-4095-86ea-05ff14c1484e	452	1486	52	38	,
1c9cee1b-62bd-4a3d-ba29-5d36ed57245f	509	1486	38	38	2
d777e8fa-8d76-4f9d-99e9-6d7820b27b8c	509	1486	38	38	.
f0bbbb84-c6c0-4586-9b32-96dffd56ec96	97	1521	128	41	Elders
d2c0435d-a4dd-443b-83ea-89bef965d987	97	1521	128	41	,
f2eab9e5-272a-4b90-ab26-1e168b4076d5	231	1521	210	41	consecrated
8efe8dc3-afb3-4ef7-859a-8c575ca3b05c	446	1521	56	41	by
7bb66af0-2327-4aba-9d59-4342d2f6fedf	508	1521	113	41	Alma
b75da90f-f955-4789-a493-8e01df75fdc8	625	1521	97	41	311
2964f7b5-6e50-4b74-a996-b0e00ec9a063	625	1521	97	41	;
3bef1e7f-e5e8-432b-bd56-7cb6b37e626a	728	1521	159	41	ordained
5a5cfd7e-80f7-474f-bcda-4525f556d4de	892	1521	56	41	by
5ebe0bcc-f292-4b4e-bfca-02e9b71e5cfe	953	1521	113	41	Alma
7313f773-d33d-42f8-8a12-8f9de4f7fb27	953	1521	113	41	,
05048850-2472-4ddf-8ca1-2962941ade3f	1071	1521	97	41	321
df9d413e-9792-4949-8a87-f5d0ce646c0b	1071	1521	97	41	;
45220f4a-e5cf-42e9-a941-6115cfbd16ef	1173	1521	132	41	manner
a4af1f84-0857-4625-8fe9-39ee08b1ffb7	135	1558	49	44	of
23b7a24a-4870-44ff-816f-d748ec3bb970	190	1558	176	44	ordaining
73066fd1-426d-4608-80a8-5fff19bf36df	371	1558	126	44	priests
d98e05f9-c2af-43e8-88e7-209c14f9d3ab	503	1558	82	44	and
152c7f96-ce3e-4a2a-a671-a55a5740c555	591	1558	154	44	teachers
ca1cecf6-ac22-4e0b-91de-b6a459afe8c6	750	1558	66	44	by
1dc9d476-733e-470c-b285-9935fc875ecb	750	1558	66	44	,
fa509984-b674-4ecb-9573-be6e07476c55	822	1558	99	44	761
38050267-eba5-4935-a447-2732a66605f6	822	1558	99	44	;
ce2efbce-bf92-47f6-9311-634d00d58340	926	1558	209	44	ministering
e3ce51c0-df43-4723-aeb3-c4df7050458c	1141	1558	93	44	flesh
4354fa4a-eda2-4546-8ff7-c540efc30a31	1240	1558	66	44	and
fa5446e4-015d-4565-9ef1-31d4e56fdc24	135	1599	99	38	blood
d9f13e75-cf44-4e34-b8f7-678f8ed0adbf	239	1599	43	38	of
a5fc3c6e-95ae-4a51-9359-74f7451553b6	287	1599	128	38	Christ
5002af24-4063-4f47-a101-9fb6a520f2c4	287	1599	128	38	,
eacee5de-4a0c-4e74-bc50-2a4a57d9e144	420	1599	81	38	761
64929db5-0646-4ef5-925d-cff6fdca94ae	420	1599	81	38	,
62a5e3e3-72ad-4d18-8012-7a695e4d9344	505	1599	77	38	762
2a89e66d-5172-4f3d-b7a6-bff9d79b893f	505	1599	77	38	.
bb59867a-191f-4bb3-92f9-6163350ed0b9	97	1634	103	41	Emer
1b2fe696-3884-46d6-8b11-51038341fd26	97	1634	103	41	,
e545052d-0091-49be-a251-5170166a5942	205	1634	72	41	son
4cf70643-a0d3-4bee-8637-b99e6fa28776	282	1634	46	41	of
56396ba6-e7da-4ab7-b57b-001877eecc68	334	1634	102	41	Omer
8b80b935-0c2c-42f7-a7f5-5ba3087de41a	334	1634	102	41	,
789b7dda-fa1d-4e48-a73c-5cceb2606bc2	441	1634	87	41	715
344d704b-a976-42cb-829a-6755bcf2ef20	441	1634	87	41	;
879ccea2-c9d4-4190-8674-743d9ede483d	533	1634	154	41	anointed
6aec66a6-7d82-43fb-a30b-5d0e5bbd0eff	692	1634	87	41	king
f7bae031-bd7b-4c2b-834c-cf79711b8989	784	1634	51	41	by
0e30347b-358d-4ecf-8f9c-ab2312da40e0	841	1634	108	41	Omer
19056fd6-8094-46f0-ac89-e6ae85a4e788	841	1634	108	41	,
c70fb703-855e-4e98-a27c-a164e602fe04	953	1634	61	41	736
d09cda46-5c05-401c-a632-271ac23dc2fa	1020	1634	20	41	;
bc3c9285-69c7-4953-a7b5-948458bd23d2	1045	1634	87	41	dies
a7a9d6cf-f9e8-4d65-b2f3-6d8bb4773a95	1045	1634	87	41	,
f9bb44d2-8e92-450e-8031-b7c1d8a74060	1138	1634	76	41	737
b57931de-f2a7-4f4d-a5d1-940ec004717c	1138	1634	76	41	.
6c1a3e95-ad58-45dc-9725-25cb046d8da8	101	1675	128	41	Emron
eac0f69d-5dd6-4123-95e5-799ebe019e95	101	1675	128	41	,
e16cfe53-c537-491f-a37c-ffebdb8956c2	234	1675	92	41	slain
7854a214-b671-4584-8373-cef39779e4fb	331	1675	56	41	by
8ad839df-626e-4f4c-9645-fe93e771d282	393	1675	123	41	sword
64330fa3-0a25-4a99-af93-ab21e6f164ae	393	1675	123	41	,
eeb62950-1969-410b-9d22-d94c00dab63d	521	1675	74	41	772
985cd17c-efea-44ca-81f7-20a029c54378	521	1675	74	41	.
058a5812-b48f-4b67-a6ab-0454501831d8	101	1710	110	44	Enos
daca9741-c97d-42f4-bff1-39a52ff809c7	101	1710	110	44	,
3757a8f8-ac1f-4afc-b667-0a544dfea81f	216	1710	121	44	plates
8edf8530-df82-4909-ae28-775507fd7e67	343	1710	115	44	given
09440f89-9b8a-4e14-8a9d-c429a04989f3	464	1710	55	44	to
8517ff1d-773d-4799-ae53-015ffab174b6	524	1710	66	44	by
ae041e4a-ed7a-48da-96af-ec7fe5abae1f	596	1710	126	44	Jacob
e427349a-3330-4447-8bf2-ef57788570d8	596	1710	126	44	,
a827ae53-231c-4081-aac8-89e698012877	727	1710	104	44	193
5d6c6c9c-4fbd-40cd-b993-bdbc1cbe8802	727	1710	104	44	;
b04e54b8-595e-4b7f-aad8-a194ac47bee8	837	1710	203	44	conversion
a925de5b-4b6f-4688-b1ea-b2c7d222b7e0	1046	1710	66	44	of
738ccc30-47ae-4846-a5e0-be1137a6c044	1046	1710	66	44	,
32146b72-f1fb-470b-976b-0ebfc91df7ce	1118	1710	93	44	193
15fd4142-86bb-44d5-b88a-03cead736305	1118	1710	93	44	,
c9dbd8ad-5d30-405d-a1c1-85d7de10dead	1217	1710	92	44	191
209c7822-51e9-41ab-b551-fc680ed51555	1217	1710	92	44	;
e3dcbb87-5da2-4ab4-aeea-d45517847e42	135	1750	180	38	prophesies
ce0d916d-1860-4daa-95fe-cd81f1971c8d	320	1750	43	38	to
50fbe6e1-a6e6-4fc5-8961-1cb1bb024224	367	1750	119	38	people
9cab062b-8d08-41c0-836d-a223dc3fe74f	491	1750	43	38	of
2f9b403f-678d-495d-a302-d54152b7e404	538	1750	119	38	Nephi
aaeed94d-8d3c-4e07-99bf-7409c06dabd3	538	1750	119	38	,
a0cd1904-863d-45c7-9344-99737c46c389	662	1750	77	38	195
06908e68-471a-4cc2-971d-a677a8316398	662	1750	77	38	.
f80ad259-22d7-4c87-a9ec-3dc57544f5e6	101	1788	159	41	Ephraim
15417b3a-f8ba-4da6-a810-2cd5feef729b	101	1788	159	41	,
e668b3d2-67cd-4f5f-a2fd-b93354841e5b	265	1788	77	41	hill
11d0582e-ee69-4cde-b736-472c8d4be1f4	347	1788	51	41	of
423dde7a-8e67-49a5-9e6b-d4f0f89615bd	347	1788	51	41	,
ceacff2d-cbc2-4a20-8b0e-1ce6e5496677	403	1788	78	41	720
3deaaaf1-4d58-4848-b95f-4d3cc48886a1	403	1788	78	41	.
23b8f9a7-e418-47f6-be13-defcf4ebe7a3	101	1823	154	44	Equality
4ca9ca11-c053-4870-a881-d9e4df9fefcf	101	1823	154	44	,
fda0dfb7-7ad2-4371-871b-8994cfd56ee9	260	1823	159	44	enjoined
1ce80641-22b0-42f1-8393-8d538ef0afbc	260	1823	159	44	,
3b4b2344-ab5c-4da0-870c-a37984636587	425	1823	93	44	285
7cd92273-0794-4544-88b6-249e09c824c8	425	1823	93	44	;
ec29ccda-09a4-464c-afa7-77d04529d998	524	1823	170	44	practiced
b3742e55-1727-498e-8189-b41e1f0b1a7e	524	1823	170	44	,
1106423f-3d5c-4a05-9e06-5dbbd6a347ad	700	1823	82	44	301
0ea55983-f2c4-4e28-9997-274caa7da921	700	1823	82	44	,
c55160e0-1275-4a0f-83e3-8f334c897005	788	1823	77	44	302
a4ef0747-0151-4149-8b32-326e0b9cccd8	788	1823	77	44	.
d2300b52-1831-4e19-825f-2a19b8c15f26	97	1861	123	41	Esrom
83c05dda-176a-409d-bd63-3634e1de6a74	97	1861	123	41	,
3c642c4a-5148-4918-9259-e841342fe2fd	226	1861	72	41	son
a74f23dd-b67d-4fb6-a07e-dced3444ac97	303	1861	46	41	of
7eeecc24-19eb-45a0-a9fb-ab2750495904	354	1861	108	41	Omer
b105ce18-4560-400e-a837-394e40887844	354	1861	108	41	,
40652d08-0a49-47e9-a99b-8a39256a4c30	467	1861	92	41	732
6a78a58d-69d1-47b0-b3de-6a6e80f3dd51	467	1861	92	41	;
764f47c6-9a24-4aae-9235-bdb840e3dced	564	1861	77	41	and
c5061f73-598f-48b0-8271-c32bd4931bfd	646	1861	205	41	Coriantumr
d8bb8367-e224-4663-9a0d-5665b862666b	856	1861	113	41	defeat
ada901f5-b38d-4ecb-a068-3009201567e9	974	1861	118	41	Jared
4d9faa6b-388b-4465-a4c4-90e78bab11ec	974	1861	118	41	,
d28847b1-e993-464d-96c6-f3ace349ccf0	1097	1861	73	41	732
9148ab12-fa65-4bd6-9091-819e2cec93ee	1097	1861	73	41	.
e52c4fda-69a3-49e9-a5c3-0710b95884d2	101	1902	130	41	Eternal
b0b97d4a-5bec-4b28-8315-250f53d7900a	236	1902	150	40	torment
3fbf520d-12be-4a5d-86fc-d7ab9358ce6e	236	1902	150	40	,
7927a49d-9a13-4b35-8ad4-8a708f2ec2ca	391	1902	78	41	435
8d110d24-f0de-473e-bfc8-e33154702754	391	1902	78	41	.
41e9eaae-5ceb-4a89-abed-d460b3c846bb	97	1939	129	38	Ethem
00bfdc13-ffdb-4b69-93a4-60e5852c4afa	97	1939	129	38	,
6b87c2cd-cca7-4509-b45f-f772ccb73666	231	1939	66	38	son
657f0de1-d04c-4463-810f-75f7b3e9ab40	302	1939	47	38	of
07b458f5-f248-476e-8d9a-9ee8c45390b9	354	1939	109	38	Ahah
e7932aef-7016-4376-be7f-d4c3d2efe660	354	1939	109	38	,
1d88495a-067a-4f44-a466-c9c0f8d0cfb1	468	1939	85	38	714
4f6c6649-8120-4fc2-9398-e9fa81f666cd	468	1939	85	38	;
3fe63da8-0f53-40cf-bcc4-e0568ee2d9f9	558	1939	147	38	becomes
e53220d1-4e2e-4b67-b6fd-a329b8732c71	710	1939	95	38	king
f2350ce9-4f2e-43ef-b487-369858d84228	710	1939	95	38	,
75b75ebd-c502-44fc-877f-fa82a93a1da6	810	1939	77	38	744
f58533d8-f08f-4e17-be71-11a9586d2a5d	810	1939	77	38	.
4d084cc6-a8df-460b-8b9e-ea9dafdb61f3	94	1974	117	41	Ether
984e5eb4-717a-4433-8109-3e141b71a961	94	1974	117	41	,
8b5f21b7-2b59-463f-8ecd-0e1f06cf835e	217	1974	143	41	account
dd55f1f7-33eb-4e81-9e3c-d12d5bfd0f0d	365	1974	46	41	of
a7679b0c-ccb7-4284-8a36-3e12c4a1b6d6	417	1974	138	41	ancient
ccfc3fe8-0b2e-4ca5-9115-2fa44ec3b41f	560	1974	205	41	inhabitants
67273288-d297-43d6-962b-5c80160d64e3	770	1974	108	41	taken
752a0100-8a20-4645-af06-53a0dbc69085	883	1974	97	41	from
58ecb6c2-1917-41cc-8faa-4ddc2149d389	985	1974	92	41	book
b6ebe6a3-474a-4fa4-a422-51ed6f929051	1082	1974	61	41	of
45b19920-3666-41ce-af8d-4d16e182492e	1082	1974	61	41	,
dc9b3b0b-a9d5-4d63-a3f7-65ebff75dd6c	1149	1974	92	41	714
05d08595-05cd-4e46-86a9-8a0d14dff84a	1149	1974	92	41	;
4cd7fb77-d5bc-45be-8a94-5bcfd758ccdc	1246	1974	56	41	de
061a5c8f-14f9-4958-8f20-161588562d44	1246	1974	56	41	-
ebd35730-dca4-4b5b-ba59-794fbdec268c	132	2017	153	44	scendant
f3539879-fa8e-456e-b9c8-74119499ff9e	289	2017	48	42	of
dc50dc0c-6ea8-4014-b75d-71c8062d302e	342	2015	179	44	Coriantor
cb645046-1c16-4834-a250-3e679144bafb	342	2015	179	44	,
105d1eb3-0d83-4b5e-a97a-85e63143e5ab	525	2015	79	43	714
e3043642-8493-4221-9114-4c0ced189d6a	525	2015	79	43	,
19dbcc0f-2a34-4da6-afb5-7e9afca1035a	609	2014	90	43	745
26ccab2e-0941-402f-a84a-f651af75a1a0	609	2014	90	43	;
8129f90e-281e-4abc-8e7d-8ae23e5a84bf	704	2013	95	43	lived
ad87a84d-8dfd-430a-b596-4b1107dd21d9	803	2012	48	42	in
e91f3ba9-d0b3-48d4-8eb5-b80208244a45	856	2012	90	43	days
da25e3c9-ee2d-426a-bd4e-37f938fabc08	950	2011	48	42	of
14117ba9-aab1-40d7-867d-ba8f4dba5053	1003	2009	210	44	Coriantumr
011f2b00-1b24-40f6-8dc3-518c91b6580b	1003	2009	210	44	,
f4f78295-5efd-4dc4-beeb-6a951615cc14	1218	2009	63	43	745
db450143-153c-42d3-befc-d838b8129fa0	1286	2008	16	43	;
f9262073-8186-41e3-b23b-1dcc47464bb0	135	2050	187	44	prophesies
16e0fe16-6e37-4e8a-bea6-ade7d21f3aa6	327	2050	55	44	to
e7179010-1cc2-41c4-a9b6-fd29efbbb702	388	2050	126	44	people
ee49884c-03bd-4599-a265-52cad469a0bf	388	2050	126	44	,
fdcade69-c3eb-4748-9d84-12297f151725	520	2050	99	44	745
3b10a14c-7cb0-420d-ad27-4e05861d70d2	520	2050	99	44	;
3a54d793-ec80-44e4-87e9-fe92eba8faa8	624	2050	121	44	words
9e1759b0-5393-479e-a3fc-68577441485e	750	2050	49	44	of
f74df62f-8eca-4334-84ea-fcb9eaf9f5fe	805	2050	159	44	rejected
fa40fbb4-856a-4e4e-9b40-b5de225919b1	805	2050	159	44	,
064210ca-706b-4859-82ab-42c041592fc8	970	2050	93	44	750
e2553e8f-c2e5-499a-aa10-bbe86cb40741	970	2050	93	44	;
013eff56-9d72-486b-b298-973918e950ee	1069	2050	88	44	sees
db1fb538-738d-4068-8e0a-b62834277ca3	1163	2050	93	44	days
c7745f43-822c-4450-acb1-31cd503fdd0d	1262	2050	44	44	of
804dbb41-31f4-4e62-a0f1-83dfe2caac1a	132	2093	129	45	Christ
153ad97a-000d-4888-a557-061c22f163d0	132	2093	129	45	,
8a4f89b8-db64-44d8-acfc-18167da9fb71	266	2092	97	44	750
9615c638-7bbd-470f-b5b2-be76247b123d	266	2092	97	44	;
2b628454-aa3b-475a-9a1c-e3ceb66945e7	368	2091	194	44	prophecies
7c3b1f65-7cc1-46df-b734-57d1025a236e	567	2090	59	43	of
b3d7780c-a87c-4e06-a817-fd184d1cdf8d	567	2090	59	43	,
adb504e9-0920-4580-b645-e33f6c4ee4b4	631	2089	108	44	great
83381372-f1c1-4ee7-8ab8-feb1c85ff7be	744	2089	86	44	and
8e3b712c-4cfd-444a-8b2a-085c1c1ff84e	836	2087	194	44	marvelous
1d8ef8c1-e8ca-4848-96f4-8e14ad6da10f	836	2087	194	44	,
3cb86ee2-0af8-414a-9bbb-ee6e4483535a	1034	2087	108	44	751
451e1a5e-bd3e-4ae6-93e7-725667182c81	1034	2087	108	44	;
c958e8ab-f328-4935-9931-5ea77f549c0c	1147	2086	108	44	hides
c5fc038b-20db-42ee-9504-649a00819916	1260	2086	42	44	in
