ID	X	Y	Width	Height	Text
0a39a022-9377-4be1-a23f-078bf38490c9	132	88	72	35	796
e6d6a222-9260-4a65-b4ec-54ba50ba99ff	509	72	150	48	BOOK
48b1bddf-ce22-4d37-81a1-6567ec424872	666	72	84	48	OF
335465e9-fd19-4ee2-b59e-f627a0c51673	755	72	232	48	MORMON
433644ad-c5ed-4276-b126-cf3792a3fca2	755	72	232	48	.
aeaf8dd8-a050-43c0-9b04-a248da7bc347	132	120	94	47	Holy
fc2526aa-4ded-4964-b117-0766cec34f56	232	120	76	47	One
e77a006b-ba20-4b53-a7d3-47e3acc5d06f	314	120	59	47	of
e5ea66f6-2e5a-400f-89c9-17a834c7d559	378	120	117	47	Isracl
6064f9f2-bf42-4225-992f-851ef3705cca	378	120	117	47	,
7c2bbc88-3b05-4ea3-92e6-726fad0db410	502	120	76	47	99
511072d6-62f7-457b-b150-40b817a6a268	502	120	76	47	;
24e52884-4f87-46a3-b5ea-e13a9457056d	584	120	94	47	they
3ecb1ca1-42d9-4454-808b-d2154f58c630	684	120	82	47	who
122ad5c4-69e1-48e6-a579-1dc4811f495d	772	120	129	47	believe
8233e176-1204-4dbd-8628-ff4a47e56ef9	907	120	65	47	in
34cfd43c-b81a-4972-b64b-2690619c8fbf	907	120	65	47	,
0212529f-8b5c-472c-995e-86c7f20ba547	977	120	82	47	108
ceb2211c-3764-4b24-97ad-b5fd597006bb	977	120	82	47	,
865da79f-31c7-4c90-9df3-d39845f9feac	1065	120	100	47	109
5026363e-c227-400a-ba7d-025cbe34372e	1065	120	100	47	;
f2448f41-80da-4b23-af73-e6d942672186	1171	120	123	47	keeper
ba19fd3f-171a-4aeb-a034-58d15ce1779a	1300	120	43	47	of
edf63e36-0919-4952-861b-8f33b564d5d5	170	167	87	41	gate
61f6cbd4-64e5-405d-b44e-8faaee446c0e	170	167	87	41	,
a801ea5a-b159-4b20-8232-e92b98149e0c	262	167	87	41	110
b0c840be-c598-4fab-843c-2f0fc42312af	262	167	87	41	;
6c42f4f9-22c6-4823-b00c-177c9798c6c9	354	167	46	41	is
2769f981-5e82-4b9a-a9c4-1a15bb05fd0b	405	167	77	41	Son
8b234f76-3d63-4fa4-80b0-fd91ede966e5	487	167	46	41	of
a84d5cdf-814a-4b44-bb16-0dc928c4409e	539	167	87	41	God
0dfec4ab-4847-4614-b915-38017114f203	539	167	87	41	,
36e71003-9e04-44a9-8bdb-ea4b8e221500	631	167	77	41	158
d6f27890-273b-458b-8d30-f899d6a17219	631	167	77	41	.
52b4e356-3fe7-4180-9a0a-ac6f9789650e	135	198	90	48	Holy
b4c93c1f-4065-4387-90e0-b4e11f9e56d7	231	198	102	48	Order
afc3e025-bd02-4dd4-92a5-ef6d8f3fd713	339	198	42	48	of
3bde7a3b-55ed-4052-86c8-412fd5c48afa	387	198	90	48	God
755bfca2-d641-4c5e-b1ea-c9fc1db5b191	387	198	90	48	,
08e77d05-84d0-44e0-b8e3-92b55315da38	483	198	78	48	men
3200a023-4634-416d-9cdf-64ab856866b9	567	198	156	48	ordained
f35380af-a7c1-461b-b36e-c5c40c6faf47	728	198	54	48	to
539898d6-985c-4246-98a3-9a749546427f	728	198	54	48	,
171802ac-8fa2-4b16-8a9a-a923646e1a6a	788	198	90	48	484
1734273e-1643-4c08-938f-56f0887d6946	788	198	90	48	;
97601160-b537-49b0-a139-cbab137c5f14	884	198	132	48	Moroni
f340c3e2-8d4b-40a0-8ffd-53eb44e11184	1022	198	120	48	speaks
411cf8f4-6bee-4860-af74-240a5f3f46be	1148	198	54	48	of
ed24631a-dacb-4208-857e-27ed332aa65f	1148	198	54	48	,
af4513db-b233-4ffb-b141-6db5b772c3d6	1208	198	81	48	746
c064bab3-7b8b-466a-abe2-928f3fae23fa	1208	198	81	48	.
c364f29a-139e-4e7e-a7d7-671197e38230	132	271	95	38	Holy
ae32311f-1778-45e4-a78d-9fc91364576e	232	271	114	38	stand
c431dc73-868f-4d57-8754-4874d1d7348c	350	271	47	38	of
c3c0b3f2-43f0-48ca-a398-8de76ae3e8e1	402	271	195	38	Zoramites
d0384e23-8928-4cf5-b2ea-5eadeea39e76	402	271	195	38	,
a4cbed0d-9eef-40fe-abdc-14df4162ceab	602	271	77	38	417
46295514-93ec-4268-982e-9aa0f4c93b7c	602	271	77	38	.
3d3326a1-32cb-44d2-9475-7c9438803ad5	135	309	183	45	Husbands
bbca40c1-2440-4bf2-b58e-15c664e3c707	135	309	183	45	,
bf625622-f908-4868-9b39-0e017c8590cc	323	307	194	44	wiekedness
034cf8b2-6e6b-4315-a941-9d67e1ceff21	522	307	75	44	and
3668b691-c1f8-4f9a-9429-57369c7435bc	602	305	242	45	abominations
0508cac6-fc42-4863-b4af-3d52c1b81feb	849	305	59	43	of
90e2d14a-3929-414e-aeaa-f7066e32481d	849	305	59	43	,
434125a9-721c-4756-932c-4c7d8e3bcded	914	304	97	44	172
cf1e55e6-8c28-4262-8646-0e3345ab500d	914	304	97	44	;
d196f7bd-c376-4486-b186-3ab6365eaa8a	1016	303	86	44	love
f78fd62c-7406-43a0-9ca7-6f866d428aef	1107	303	118	44	wives
9080e431-032c-41ea-a601-aead2703077c	1107	303	118	44	,
904c6de7-cab7-495f-91f3-126e77e78b59	1231	302	81	44	173
f82bd47b-2692-4893-9a56-3bbd9b183b73	1231	302	81	44	.
a07563d8-38c1-4b12-9fe4-d7fbbe36d773	132	352	80	41	Idol
9306f642-f30c-4f2f-95ad-8b7a75510ae3	217	351	100	41	gods
359e9f1c-cc7f-44f5-9bd8-18e3dee0eff7	217	351	100	41	,
17577d0f-b8f7-45ed-9ac3-e9d9921a6881	322	349	185	42	Lamanites
21ff3b4d-828e-4baf-a0f6-4ee8838fd6a1	512	348	90	41	offer
08024c2a-2187-41c4-9421-37e24a8f8d6f	606	346	160	42	Nephites
54ff40ef-bd05-407e-914e-81ef7d3d13c1	771	346	50	40	as
4181c7b3-5611-421d-870e-d157c9028c99	826	344	170	42	sacrifices
73e2d2f3-a7b0-46c2-b044-bac42caa3bbc	1001	344	55	41	to
499a8863-805c-449f-99a3-9e247b5e5d72	1001	344	55	41	,
60b09be0-03d8-4a2c-95fe-1cf4091a67bd	1061	343	81	41	697
365ddf66-509a-4a82-a1bb-175a27359ba8	1061	343	81	41	.
5e519b08-d79f-46ea-acce-186e1af21d1f	132	391	161	43	Idolatry
334a492c-b90b-4524-93d4-6c89138cdaa8	132	391	161	43	,
ab3d8eae-c0b1-4739-9bbb-47c51523cf00	296	389	131	42	among
122293d1-891a-4e30-8976-8159bac14a4e	431	385	171	43	Nephites
0406b85a-22cc-4aad-b133-03c05d75475b	431	385	171	43	,
cfd93184-4b38-427a-b26e-cdb829b06e01	606	384	77	42	700
63661bbc-c82c-4843-aeaf-df58624a50ab	606	384	77	41	.
5e87875e-b57a-43f3-8659-b7df7ebcb54b	135	422	187	44	Inequality
c6a7da4f-efe6-4895-8f38-6125b7e2a5fd	135	422	187	44	,
d657143c-e633-4a0a-8716-502f1a0092d4	327	422	49	44	of
fba12bb3-4da6-4f33-a385-b6954778fb1f	382	422	132	44	church
eee421fc-5b6d-4de5-979e-cb8ff4e640e8	382	422	132	44	,
1de44d8b-4309-4314-87c3-89682817e3f5	520	422	93	44	311
91d7ea99-cff7-485b-92df-e2887a4ee350	520	422	93	44	;
fd31af82-1870-4732-b2e5-cfe68b931bcc	619	422	88	44	none
6aea6635-f6a5-42a2-a1b8-f9bc196a404f	712	422	126	44	among
fbf03be7-317d-4cc2-b744-fced309c6584	844	422	137	44	church
1622ca1c-cf11-4fd7-a1e3-28144ca68286	844	422	137	44	,
1e422c8c-684f-4079-9db7-86d832bbf721	987	422	88	44	361
3a221226-c98f-46e0-bf1a-16030ee07159	987	422	88	44	;
00d23eb7-6139-4fae-a2f6-e1ea0b4986e6	1080	422	143	44	because
50504a78-6660-47f1-9988-d307682ca576	1229	422	44	44	of
3c641edb-3e6d-4bf5-ac29-9f218d6fa702	1278	422	71	44	sin
ce805d88-b3d0-4090-a686-77d34a80fec4	1278	422	71	44	,
799b5e6c-b607-40dd-96b7-fe8ccf9bad34	173	466	85	38	407
0d137c2a-c0af-453a-9b1c-fccd445d92cb	173	466	85	38	;
c75d15de-9bb0-4bc0-a5db-07c2ee55e5bf	263	466	123	38	among
3a5eea89-bbeb-4e08-a7ca-d294120c1252	391	466	161	38	Nephites
93df22f4-5d74-4dd8-a7c2-72ea42ed8c49	391	466	161	38	,
8d092567-f781-4beb-955e-7b68d609c568	557	466	81	38	618
c1749c47-015f-4448-bcbd-24d105dd8f00	557	466	81	38	.
4d5afcd1-a30d-4c4b-a59e-87670f8214a5	135	503	220	45	Interpreters
9c007121-616b-4422-b705-5c6cf90b3d8f	135	503	220	45	,
8194bf87-65e0-44f7-a5d5-9d111ace5a5a	361	502	140	44	Ammon
3780887b-d9a7-4776-b04d-38bef29bb1fe	506	501	118	44	speaks
057aa343-31bd-45e2-9787-38457036eca1	629	501	54	43	of
7f7cfcff-32b3-46db-984d-ef32db49e45f	629	501	54	43	,
f555c6e3-097d-42d2-b878-d47d3500f921	688	500	92	44	233
92ad558b-1a31-4da5-aa38-a97fcda64eef	688	500	92	44	;
8a2acd1f-26cf-45c1-91ee-00f4d7a706d7	785	499	118	44	sealed
d6789976-b56f-4035-af68-8c394e2e13db	909	499	54	43	up
7c1f4eb3-1c8c-43c8-8e65-7a26d87f975e	968	499	54	43	by
6cecef77-5853-48f9-b794-55b34e6df4d7	1027	498	161	44	Mormon
00905d3a-ef75-4de7-9532-398747d9f1c9	1027	498	161	44	,
c9de4655-0539-4bfc-bdea-8db735302a4c	1193	497	78	44	724
58e9760f-22e6-4d0a-ba74-bdaae6dc1655	1193	497	78	44	.
dbd34cd5-f06a-4b9f-bde5-9895af231228	135	545	189	38	Irreantum
a2aa9403-036f-4b8d-9f0b-4267af228de8	135	545	189	38	,
11ff5282-5241-472a-87d0-cfea7fd6e7a1	329	545	69	37	sea
83f2ac52-2da3-4ff8-9bda-87b3e31565dc	403	545	120	37	called
2005671a-f691-469b-82a1-d6db3c67cbf2	403	545	120	37	,
bb4c2478-3214-4cb5-8e1f-f0c7fcccb912	528	545	57	38	03
5de94f79-b128-4562-ba8d-2dbe37dd9faf	528	545	57	38	.
4d19bd91-36e9-4700-b3e2-6c25ef476479	138	583	102	44	Isaac
8dae2d1c-9cb3-4b91-99b1-9581fa009050	138	583	102	44	,
8bd592ac-0050-4977-9595-d9739c0bdec3	246	582	145	44	offering
7e6be840-a183-4d81-8b23-41501e833926	396	582	43	43	of
348b92f3-33b2-48ab-8da7-5be39e343b8c	444	581	33	43	a
5b0bc984-763a-490d-868c-5a71115ea2a1	482	580	183	44	similitude
d5685b05-b91c-4ed8-af63-85faf42386e5	670	579	49	43	of
13e3c528-b328-4667-8730-dac08e9cf455	724	579	92	44	Only
4a8704df-3780-4102-8aa9-d04a70b4f061	820	577	161	44	Begotten
d615ecdd-be6d-409c-8bd7-a92d046588ec	987	577	86	44	Son
050c8ba7-a58c-4a84-91e7-d39335c87a22	987	577	86	44	,
6b558a8e-5c5a-4076-8f98-7c51db67be63	1078	576	80	44	175
73d05f1d-728b-48b0-8962-dd43d1cad536	1078	576	80	44	.
6af19d14-18a3-4153-a610-b204bc95ee9f	138	625	115	42	Isabel
9b9cb806-4e89-4414-9e6b-37be8d5bfa5f	138	625	115	42	,
64f7daf7-e83a-4b12-acfa-b20b968bae08	258	623	120	42	harlot
ca621029-99f8-4365-8db4-0a671e847ebe	383	622	51	41	of
48435319-dd7f-425e-a273-b07174bc617d	438	621	110	42	Siron
4d048461-d12e-4ca6-8fc0-186aac469bf4	438	621	110	42	,
bc106efb-4368-413d-a6e4-568518f5e51c	553	620	80	41	445
8d149d11-ccaa-4645-a901-7fc4b8ff2885	553	620	80	41	.
e907d3e2-a2ab-4fa6-bd93-33319019a2a1	138	655	117	47	Isaiah
e2fa10ec-5903-40b1-9ac0-a371fe786145	138	655	117	47	,
32ed68cb-9236-4d14-9ee1-75ff6d9acd3f	261	655	112	47	words
6d66a52a-4cae-4073-bbee-f4efbcc882d5	379	655	53	47	of
86644edb-2b6d-4697-bc78-447ea382c9cc	379	655	53	47	,
c914d232-46b1-4f20-8528-c2a7d97e0836	437	655	53	47	45
ed4ddb1e-57de-491c-81e4-434733f68e79	437	655	53	47	,
b64b59f2-bd9d-4eee-92c2-234944c8a5b8	496	655	82	47	647
bc832a2b-916e-469d-a450-4e9230a3c749	496	655	82	47	,
cfe028e0-b299-4a4c-aa26-3c1290a8df97	584	655	76	47	660
2b8fe082-6a92-49f0-a5d3-1f7f2671633f	584	655	76	47	,
45c3e1d0-27d0-41ad-922a-f8a9108f834b	666	655	82	47	661
35cd8d35-835a-42bd-bffa-637d824b4ae1	666	655	82	47	,
c4e6dbf5-4b9c-4b8c-a1aa-28f931d8e4b9	754	655	88	47	665
ea8150f5-5cea-4158-8545-b773be4a7774	754	655	88	47	;
690efaa9-a95e-48d0-a587-df7d29041d21	848	655	123	47	taught
8ff3236e-736e-4085-b4dd-66a1ec2f7cc1	977	655	53	47	by
c5cd24c6-7f81-45ca-ab22-9f76a3629c0f	1036	655	117	47	Nephi
7e41570f-72af-4fdb-9b5d-dab83dfcdbf3	1036	655	117	47	,
81b99567-4d81-4ea5-becc-fd66ee704e07	1159	655	47	47	67
e083f0cf-d367-4583-8c47-ac9f9e7fbae6	1212	655	12	47	;
552c21e6-cede-4f87-a27a-0d9dc294309e	1230	655	122	47	taught
5f35380d-6630-4a95-89d4-85951fa92199	173	694	55	50	by
750b207e-6db2-4619-bd5b-01de3a3e4be3	234	693	117	50	Jacob
e91962b4-6d20-4c8e-9265-2fe3762ec174	234	693	117	50	,
5ee95480-2659-42e4-9757-8f83e0607967	356	693	74	50	98
8ebb518d-1657-49a4-bfa4-b71df874101a	356	693	74	50	;
524f8dbf-90d6-498e-b6bb-4fdc645033a3	436	692	123	50	words
74dbabe1-2530-4492-851f-36ff9fa07f5f	564	691	49	49	of
fe320d9a-6823-40ba-a684-d12773d77c59	620	690	141	50	written
a474cc4a-2843-4e24-b954-90b3905acf16	766	690	55	49	by
1d0822f2-52d6-4ce6-a9b9-7fbb97412ff2	828	689	123	50	Nephi
b9c7ac9f-7f3a-4e56-88bf-5d96894f0c33	828	689	123	50	,
c4c2441d-7f7e-40b9-9b35-c798d66944d1	956	688	86	50	115
7d2134f7-95c3-4079-971c-94766143e6c4	956	688	86	50	,
3d1ea31c-aee3-4256-9149-c5eeb89bc9c2	1048	687	86	50	116
4a90e4b6-c643-4ae4-906e-ac57f2904952	1048	687	86	50	,
4ce34c05-2727-45c8-a19b-99f192fe7479	1140	686	98	50	139
6be007e8-08a4-437c-afae-7872c8dba2ac	1140	686	98	50	;
e0fa9d4e-23dd-44fc-8e77-cb3f8db5bb3a	1244	686	112	50	Nephi
6c5b4b78-3df2-4432-8128-e70bb51261d1	176	738	125	42	speaks
70e6cdb1-504f-4ec9-9a46-af18808af65b	306	737	195	42	concerning
7ac9889b-3ac7-459e-b743-baa8451d38d0	506	736	120	41	words
78d9e2fe-0287-4fc7-9634-2d30b7c31ad1	631	735	60	40	of
49e365b8-9d16-4dd6-a969-a019896fc7c5	631	735	60	40	,
47dc5fe1-0a0c-4825-8cca-a9f77be07163	696	734	105	41	139
4ae5daf3-7110-43bf-9362-90c3f045e460	696	734	105	41	;
9f5c7ac0-7a15-4435-951b-7e0b74b649d7	805	733	130	41	quoted
8c26aa06-1bb7-4d34-9165-3834987d7486	940	733	60	40	by
30f3e0ce-ec77-4885-9e98-1b84180c5543	1005	731	155	41	Abinadi
2fb1bf6e-e246-40e4-a108-766836e93667	1005	731	155	41	,
03293528-b6a7-48fe-82e1-d44aeb5641e7	1165	731	90	41	245
b554b249-52d0-45a6-8ad1-b571f9684b11	1165	731	90	41	,
931179d9-78bd-4468-90ae-a34bfbc330af	1260	730	93	41	251
a52d46bf-c875-4987-9d79-e6cfaaa5d4bd	1260	730	93	41	;
0bfd0b76-79fd-4174-967a-603347f97bf9	179	774	179	41	prophecies
b00468f0-1477-424f-be28-ae3f8f94623a	363	774	46	41	of
6d8c19d8-a910-4268-958d-8e0695b4dd8c	414	774	46	41	to
5315ac98-89c7-4a09-8f4f-08393d45f52b	466	774	46	41	be
5ea9ab03-d182-40ad-8ff4-8f8cbb4facaa	517	774	164	41	searched
05606fe1-f3fc-404b-8ee1-127d8092a82a	517	774	164	41	,
d48b9a73-00ed-40c6-be20-e9027d01bc69	686	774	75	41	707
ddc67bc4-4363-4d4a-aef1-cecac10bfe48	686	774	75	41	.
07ef5ea2-69d5-4ca2-bd30-55fbdb8e9b73	138	815	128	41	Isaiah
83ea5506-2786-46ad-a4ee-7ac8fe6e1a39	138	815	128	41	,
714f48c9-0c59-452c-bdcb-db60014a3fd4	271	815	72	41	one
94899296-164e-437c-8b5e-652e15a89064	348	815	46	41	of
ef459a6a-b1c3-421a-8db9-aa954b51d6e4	399	815	133	41	twelve
ba5b4bcb-66a2-49ed-9824-efc662a17bc1	399	815	133	41	,
8272b349-a341-4950-86f1-9b1c87e32ad9	537	815	79	41	654
5e12c29f-2edc-411c-9414-9f76dd8a4c40	537	815	79	41	.
446ccf31-9a9f-4568-907a-96fa0e7a0ee7	141	856	152	39	Ishmael
16ee7b65-1f4d-497b-83e7-a47735bafb4b	141	856	152	39	,
035f3c7e-7b7a-44ef-b826-de6c26d1b534	298	855	76	39	and
4eeb1ff4-4e44-4cd6-844a-e6b69c9d8fc1	379	854	124	39	family
722f6a5e-d6ea-4a24-95e0-cfc63d71fac9	507	853	143	39	brought
d5aaf89e-32fd-45e6-ae6c-63c04ce7ecf2	654	852	86	39	into
fa28e462-5ed8-488a-bd5b-3f9685aecc77	744	850	195	40	wilderness
7f535ecb-2b91-43c9-b06f-e21849cf0073	744	850	195	40	,
c2640ad6-ec2b-4011-82d3-11307a9b7082	943	850	76	39	17
cccc5ba0-c66b-4fa3-9b4f-173363689c61	943	850	76	39	;
1b79d003-f5d9-4a1a-a7b7-00743b7cc51c	1024	848	185	40	daughters
5ea1cece-8efd-4edf-b70d-f9f3903a473d	1214	847	48	38	of
4891cb47-1c04-4c3d-990f-01fedda1c784	1266	847	86	39	rebel
c17d640a-79cd-4efc-8719-a3a4538ddb92	179	891	143	44	against
cf3288ea-3919-4c65-b3b3-e0d94d0e93f0	179	891	143	44	,
1a7994db-91cb-450f-93b9-851c79adadc4	327	891	66	44	17
4d3735f0-cf45-4516-858a-5e4147428113	327	891	66	44	;
a57e9807-146c-47d0-b0af-e3617a466826	399	891	137	44	mother
fdb50950-7746-44fe-ad5d-c334ae6aabeb	542	891	71	44	and
a6186f19-4c1b-4099-bdff-f665647c57d6	619	891	148	44	children
50178c6b-110a-4af7-a693-7f2d93ee82e6	772	891	104	44	plead
eecd6a0f-7779-485f-aaeb-063b3da6d87d	882	891	66	44	for
a2407b68-c5c9-49e4-be04-e5082c510f82	954	891	121	44	Nephi
393e6999-b0d2-404b-9e18-194e1b956c16	954	891	121	44	,
806138d1-341c-4869-afdf-7e362914dbbf	1080	891	71	44	19
4a3d364e-d551-4feb-90ae-7aa07981cc0a	1080	891	71	44	;
b4979ade-33a3-4ecc-b487-cddeaa71f7d5	1157	891	77	44	and
e67d4754-4194-4b41-86fb-d760987a88dc	1240	891	113	44	family
165f58e7-7568-4f72-9bac-ee77dc2a543b	176	929	88	44	join
d4375758-960f-4162-baf4-10972436a319	269	929	104	44	Lehi
aef5db56-e021-4a42-b402-ce7b1dc29755	269	929	104	44	,
35737e76-5c32-44f5-ae15-bf48e7cae617	379	929	82	44	19
3805fa72-75c7-45ed-a8be-0e71053d483f	379	929	82	44	;
5d176af6-1236-4015-a569-fabf616ee745	467	929	187	44	daughters
e32a430f-aca9-400e-b825-dd1670fba44f	660	929	55	44	of
6e0eee76-5c2a-40b8-9ba9-57b9637c5363	720	929	132	44	marry
6961f29d-e6a6-4ddc-8fe7-77064c7baafa	720	929	132	44	,
4b21a425-c293-4ece-a773-c5c5503fe417	857	929	88	44	48
9390f5f2-4c82-4545-980e-913e4eabc26e	857	929	88	44	;
65718d39-cf91-4adc-9930-1ec86923b55b	951	929	99	44	sons
0f616d22-9800-47e3-ab69-fbef8ae21ee9	1055	929	49	44	of
1f65247b-a515-4eaf-8f44-2b5ed8bd2898	1110	929	170	44	murmur
1751f173-d297-4640-b517-a26568e9099e	1110	929	170	44	,
86bd1639-107f-4368-9231-1560bc2d8ac0	1286	929	66	44	49
240041c4-a0b3-4bf7-86a8-d688c3b87980	1286	929	66	44	;
abd6bf86-e572-47fb-a0c2-4795b5501c55	179	972	175	42	daughters
dd51ff09-94eb-42e7-9338-386e15373879	359	971	50	40	of
2f7abd5b-30c4-461d-8a3c-87ad83c1b3e3	414	970	130	41	mourn
121f7687-2656-4dc3-a6e5-cec10e06b033	414	970	130	41	,
c51e2f25-7b96-4668-be98-3deb088c2063	549	969	75	41	51
d6605292-89a1-42bf-a59b-35344cee6f96	549	969	75	41	;
102601b2-c9fa-4fb3-9da8-9443c37a8474	629	968	90	41	dies
30b90d29-b007-497b-af1a-7527027ce5f8	629	968	90	41	,
c0070b96-b322-4c2a-932f-b672ab5e44e2	724	968	75	41	51
3eda55ab-70d3-4205-8153-2e2ae76cf392	724	968	75	41	;
066bfcbc-c06b-41c1-8668-6c40673fa9f9	804	967	90	41	sons
77b6b781-bc91-4837-889f-9973f5ceafc7	899	966	45	40	of
6fe06994-7102-4744-9841-2eb2501e09fc	948	964	190	42	chastened
05fa4934-c6f2-4d47-bd5e-61d25985b8fd	948	964	190	42	,
52df9a71-6e28-48d5-bd03-3b5e55da44bf	1143	964	75	41	52
31097dda-e2c1-4bdf-8f79-6835f0dab259	1143	964	75	41	;
b888f136-f578-4237-8c7f-bf4b3360c6a5	1223	963	90	41	sons
21e03c2a-20d8-4e9d-af6e-4b4b6d11ffeb	1318	962	38	41	of
f9f06a1a-c10b-4a6b-aec3-24e49443c72c	179	1011	125	42	spoken
dc532c65-ffd5-4bc1-9b53-7f649d115d43	309	1010	45	40	to
74b5cb91-ee92-45a6-b306-9db9bd8311d9	359	1010	55	40	by
01e69cd6-9b2e-4c8b-b54b-f750c305aa5b	419	1009	95	41	Lehi
ec2aeebb-586a-4e0a-b56b-c5663cc41758	419	1009	95	41	,
c9e1e8dd-8942-4e18-967a-e262f96f0c9f	519	1008	70	41	91
141a0853-d15b-49ee-a3fc-a1078cc793ae	519	1008	70	41	;
28d516fd-a214-476b-9c24-fd003d7e2ff0	594	1008	90	41	sons
f760a650-a6ec-43f9-ad6d-84d0d9e13989	689	1007	50	40	of
409c4731-c654-41a4-bdd3-e798aa6439dd	744	1006	110	41	angry
d68e78c3-f4c2-4d05-bcdc-3520883494df	859	1006	90	41	with
0be1f184-45b9-4565-8df2-6adafa3b8f56	953	1005	120	41	Nephi
5dab643b-33f9-4279-837c-d4eb2804d9f1	953	1005	120	41	,
d6e7f658-7eb0-49d0-b8fc-e6943746ac3b	1078	1004	63	41	92
e161e339-2ca6-4c5b-a1a1-e8c8b27f4228	1078	1004	63	41	.
6741c5f4-8017-4a94-96fc-db6ba0a52e43	144	1049	146	41	Ishmael
c9194cc5-3fe8-40d5-8936-20a86da5b88b	144	1049	146	41	,
6cd99b82-c010-4b3a-a933-205e336163a4	296	1048	176	40	Giddonah
8706f401-d7fa-437c-bfe7-c8c265c3074c	476	1048	73	39	son
4630fff7-f06c-44b9-9ca6-f2e3cb69cf91	554	1047	54	39	of
32725b07-d1fb-43bf-b63b-4a42c36bc2a0	554	1047	54	39	,
c6551312-308e-4851-ba35-f8e19c057f67	612	1047	98	40	334
029c5bbc-4e9d-4064-aa9f-ef5e44003f49	612	1047	98	40	;
978f847f-4a9a-4f90-b966-d63de3fff20c	714	1045	200	40	descendant
6ee58508-4af3-431f-b805-be57b53335c9	919	1045	49	39	of
6822a75d-766c-4274-8a70-94d554113492	973	1044	166	40	Aminadi
fae81866-3d74-4643-b96b-12da26e787d9	973	1044	166	40	,
8669da12-26db-45ec-ac7c-c5ca7114cb07	1143	1043	77	40	334
9e300935-b669-4845-8b82-9492daba5964	1143	1043	77	40	.
7918ec4c-b6f6-4c86-8fab-1b607451d46b	144	1089	148	40	Ishmael
0f88eb6a-785d-4656-be11-71e03ac71ab9	144	1089	148	40	,
e4806cfc-a4b5-4c33-83bb-12a8d33005c5	297	1088	88	38	land
cdba4787-31c4-45b9-8ab9-edee1a80c329	389	1087	47	38	of
de3fd8b5-33d6-402b-ad41-3cbfac110ad2	440	1086	125	39	visited
f01283d1-a46e-47bd-97ae-977ba99007f1	570	1085	51	38	by
2bd2f9ba-f535-4d55-9cd3-b1426a393fb0	625	1083	148	39	Ammon
ac677a2b-0930-4696-8cb1-d30deeb66412	625	1083	148	39	,
62dbbf11-6dee-4c62-8165-c77f91eb5837	777	1082	93	38	364
6e20da23-4f46-4da1-b9f1-a4ea6ed91fc5	777	1082	93	38	;
048331b7-6a8f-409e-ae05-e6129c929daa	875	1080	144	39	Ammon
d8a8d090-e085-45aa-a078-efbc17a4794f	1022	1079	74	38	and
53e3ca3d-b239-4cbf-801d-0d8a134f4ff2	1101	1078	139	39	Lamoni
48956d21-7526-43e9-bb74-c5416d88a0a7	1244	1076	112	39	return
f2bc48d5-9832-42ae-99f3-d31a8bc95501	182	1124	47	41	to
e70a0116-989f-4f59-b98c-767d123f3a1e	182	1124	47	41	,
55b48bed-23e6-4b62-999f-17c920acecb4	234	1124	87	41	382
1e6a6f87-a640-41f5-a24e-51d73a72e69a	234	1124	87	41	;
53c475e1-61cc-446f-ba39-41c009ba6bee	326	1124	200	41	synagogues
9d08a6d2-cbe2-4fe8-bed8-9f130f5e8830	531	1124	87	41	built
dcf87e98-1dee-4f40-9d28-b32e4ead023f	623	1124	51	41	in
6a24619d-f84f-41c8-8537-632270202e56	623	1124	51	41	,
b84bb003-0420-4c57-a64a-31aff54bac25	680	1124	87	41	383
61622910-8f68-482f-9f0b-92b3eafe8d0e	680	1124	87	41	;
8b5fd871-7e99-4d70-9efc-9df694e9b681	772	1124	123	41	people
44096b5e-98e9-4893-8b6b-62f29473e688	900	1124	41	41	of
31874377-641f-42a4-a99f-f22e662e5eba	946	1124	179	41	converted
207b1970-d0d1-4dab-8b21-a21acc8e463f	946	1124	179	41	,
f6cacff3-39b3-496f-9174-673782b6d4a5	1130	1124	92	41	390
52d446e6-a60f-4d2a-bf5e-b1194feed25b	1130	1124	92	41	;
6c0bd6ef-1e19-4d8a-ae62-2ca3453e63a5	1228	1124	128	41	Ammon
fdf76d89-7ae2-41da-9b04-dcf0a5303c71	182	1165	77	35	and
7fd9b257-a820-411e-bc77-b121cdb68e00	264	1165	153	34	brethren
cfba3968-4332-4431-814f-1e1f5d7567f2	421	1165	51	34	go
bb6725be-425e-4332-a8b3-46060a846ad3	476	1165	51	34	to
464668f0-7a7f-49e6-9d4c-ad68f46c88a5	531	1165	89	34	land
15b405cb-ce12-4083-9996-1370c0207151	625	1165	55	34	of
a1dced45-8599-46cc-aa8b-c241335aceba	625	1165	55	34	,
1f5c5cee-18d7-4f58-81bd-6af6174d3bdd	684	1165	80	35	391
8fcee4e9-63e0-42a8-badc-d11d0c6fa125	684	1165	80	35	.
38fd7a38-afea-4234-aa2a-9b5bcd3a01e1	145	1203	215	41	Ishmaelites
ca25e809-9c3c-4dab-b8bf-0885af45a4e0	145	1203	215	41	,
3c7c14d6-8b4d-42d8-89ee-d25691fce08a	364	1203	115	40	those
2c6dca4b-5069-41d0-9e97-d0b1e2bb6e97	484	1202	90	40	who
d4725b8d-a023-4459-86fe-415995286cac	579	1202	120	40	reject
71c70417-b964-475d-982d-df2f42e06e57	704	1201	130	40	gospel
a9e4bf96-915a-4f9b-a7f8-5f2a1eb26a09	839	1201	130	40	called
7c9b3ad3-f2c6-409e-baf3-05066d4190ec	839	1201	130	40	,
be3914ca-fc5d-4b5b-a3e6-6054d9f419a2	974	1201	90	40	etc
e7622dad-c8de-49f3-bea8-d0567a2e59cc	974	1201	90	40	.,
3a7a81b7-4b52-4506-8ef2-8cf33ca348cd	1069	1200	105	40	685
3482bb64-2b72-4653-9e16-4990916f16e2	1069	1200	105	40	;
295a69dc-ed28-4133-bdac-ec7272785d22	1179	1200	90	40	war
3cce7ae9-be4b-414b-a474-a2eb02954779	1274	1199	82	41	with
315ee64a-b913-445e-8554-7d954101fa5e	185	1244	160	42	Nephites
83b7b569-4312-4a84-a134-07b8f48b8be1	185	1244	160	42	,
01c887b3-de12-4e58-8550-a3153ea0eac9	350	1243	90	41	688
a043b721-d463-4a71-a1b0-772dea5cf8f1	350	1243	90	41	;
253a3fc4-fd29-4c2a-a0ff-9621b507bbc0	445	1242	115	41	called
9d1b1e83-c1ec-45e9-8c60-68d2dd642532	565	1240	195	42	Lamanites
bee92a76-9252-4768-a8be-5e29b3a6d89a	565	1240	195	42	,
547e8055-0cd1-4e84-abf6-8dcd75f4b9c2	765	1239	81	42	688
2eaa22c4-cd37-46d8-b5a9-f74cee133079	765	1239	81	41	.
8802a864-0a14-4637-ad3b-1dc9dae4fa74	148	1282	115	41	Israel
8930269f-3f9f-48bd-8fe3-8e054c677392	148	1282	115	41	,
4c19f2bf-acd8-4e1b-a66a-1c3b677d89ab	268	1281	170	41	compared
679f131e-f9d8-498d-bab6-b24901eceb92	442	1281	50	40	to
beeba6e3-494e-4898-ae62-0535b3caa9ce	497	1281	90	40	olive
7bb4b689-4517-4d17-8d5b-a8f5a9e3dff5	592	1280	90	40	tree
3cb9ea57-e795-43b6-9557-c7811f9756c4	592	1280	90	40	,
f07be59e-ead5-4907-982e-6e088798cd24	687	1280	65	40	25
6a75799e-1ebb-43ca-a2a6-8e9f8c7828d7	687	1280	65	40	,
0fff2dbd-a569-44fd-8f92-5f15828b7e10	757	1279	70	40	44
651021ea-5f12-4b9f-b542-6887ff6477a4	757	1279	70	40	;
7ed288c3-cef3-412a-8e66-e90bb415b477	832	1279	50	40	to
bd062d30-3416-4f7d-b67f-d868027fb330	887	1279	50	40	be
e57bc47b-6a99-4fdb-947d-b4d5a99e4084	942	1278	170	41	scattered
7f93fffa-7249-4f60-be82-e86dbd006e11	1117	1278	75	40	and
0c7b82d0-909b-4b03-9f2c-bb4efcbdf00d	1197	1277	165	41	gathered
c9d4330f-da62-441d-b779-d49fbfea5729	1197	1277	165	41	,
06e79b2e-293a-4b74-8b60-617b803e703c	182	1322	77	35	25
596fc18e-7e77-4d79-958f-49176f519f8a	182	1322	77	35	;
66f459c6-c6fc-46cb-8fa0-6fde7a05099a	263	1322	102	35	fights
c6b103f6-4e77-4974-a4a1-674514990051	359	1319	164	41	against
c614dcfa-7185-4a0d-9868-e91fee9edc6b	528	1319	159	41	apostles
f0efe753-a36b-42ca-8208-dbeb281bc24f	528	1319	159	41	,
b0778235-25dd-49d4-9dc1-e927905160e8	692	1319	82	41	30
63324619-aafd-4a1a-8d2c-0389161724b8	692	1319	82	41	;
5b837a78-3396-4912-af5b-5afc61d72f56	779	1319	154	41	Gentiles
e65ae820-e555-4f8b-b098-01eb2bae8f22	937	1319	56	41	to
7c9315a3-230f-4ee9-b517-1a2f4d8388ee	999	1319	56	41	be
5ae07a63-e605-4800-87a9-166136231500	1060	1319	179	41	numbered
5bab3b15-be38-482b-83f3-882583a15025	1245	1319	114	41	among
90233954-490d-4df2-93d5-6140ddb82f6b	185	1359	85	41	seed
79706829-c530-4146-9716-9e7d0ef31673	275	1359	55	40	of
766bab32-d40d-45e3-88b9-8d7c570161ef	275	1359	55	40	,
3d4fc4a8-5758-431f-9cb2-49c7296556a5	335	1358	80	40	39
bd8b42d2-d57e-4e39-9de8-c4119b7c3949	335	1358	80	40	;
a124a5b8-19c9-40e5-88dc-104cd456813a	420	1357	185	41	covenants
9d280a7b-41f1-46ff-95dc-db4c940dd6df	610	1357	50	40	of
c86619df-b7a6-44f2-a34e-f74000e29ec2	665	1357	75	40	the
a8d4c28c-bc13-47d7-ad3f-66cc4e65b024	745	1356	100	41	Lord
09ca9803-56c8-4757-88bd-66bf9395f42d	850	1356	100	41	unto
446b5129-fd15-4caf-83de-c8f0c4a0f552	850	1356	100	41	,
96096691-fc67-4104-b3ab-ac2e56228b12	955	1355	80	40	39
a3763911-1133-4c78-ac9b-469131502f9a	955	1355	80	40	;
ba750a6f-efa7-434e-b45d-13bb817d957b	1040	1354	180	41	covenants
382278c2-53e8-4627-9793-4419cfdca71f	1225	1354	60	40	to
7059f6f5-9720-409e-baf9-7c2837302226	1225	1354	60	40	,
a333f06d-a17b-4699-b144-fb952435f0d8	1290	1353	72	41	40
68b46bfd-3d48-4b91-8202-7a37727b758a	1290	1353	72	41	;
539fabf3-ca70-46aa-8a51-261c5ad77ca1	185	1401	93	40	work
e0202907-9f1d-4052-875f-990a1590df5e	283	1400	44	39	of
ab78bc2f-687e-4539-a689-cede26fc8acf	332	1400	68	39	the
b6f257f7-ed25-4e70-95f9-baabdadeec7a	405	1399	127	40	Father
49e53c3d-f101-494e-afda-1fae5ea42e0b	536	1399	49	39	to
b79b668f-decb-4299-b84c-b6dfecff863c	590	1397	181	40	commence
b826216e-c9ca-44b0-8fb2-7b3465dfa0d1	775	1396	132	40	among
91daf2eb-8ff1-4e95-8d0f-d1464fbdbd56	775	1396	132	40	,
accad511-69a8-4aba-84d3-f8e5d79799a8	911	1396	73	39	41
21f3e362-21f5-4377-b922-07d878cb98b0	911	1396	73	39	;
fb8ff72a-1b13-403e-9a66-40bd7ab20c98	989	1395	112	40	sealed
2e50a4c9-cce1-49c4-be5f-f59a581a0fb3	1106	1394	107	40	books
a2b53b69-4298-4226-b7dd-023eb9513471	1218	1394	49	39	to
265908c2-9654-49d5-9b63-1a296f48e275	1272	1393	87	40	come
b835f5e3-e730-4a6e-a2d4-8e6973fa3a00	182	1439	93	41	unto
5e955df4-6cae-4508-b7dc-18984665296f	182	1439	93	41	,
ba2f877a-fb8b-41f2-83ec-c8d69cd5bce4	280	1438	73	40	42
c2f46a9f-4b7e-4019-a7cc-8fa2560b5ccd	280	1438	73	40	;
f463fdb8-4e78-4e68-afab-0719037ab318	358	1437	166	40	righteous
f4507918-1e67-4280-b4c6-dac491a682e7	528	1436	127	40	branch
2cc04e5c-a54c-4f3e-adb0-2988c4a3d2dc	660	1435	112	40	raised
500f9ba7-2b65-43eb-bb18-6b47b2878314	777	1435	54	39	up
3227e9c7-f158-4995-88ec-7504880a94d1	835	1434	98	40	unto
d71c2fc6-2cf0-480a-ba44-7605bcd6209b	835	1434	98	40	,
314b032f-9977-4308-973c-7ab4dd9c0f5e	937	1433	73	40	87
edf224de-1f90-4833-8692-b9a2c852e160	937	1433	73	40	;
31b444d6-2675-456b-a4f2-40e338e3c779	1015	1432	146	40	Messiah
83876715-eb93-4d34-b34b-765438e55fed	1166	1432	44	39	to
5b765d49-4f21-4341-8344-a59e00d26c5e	1215	1431	49	39	be
4a9a0a4d-e195-42ef-8f87-a87f76ae67c6	1269	1431	93	41	made
0af6c992-f886-4414-a3f5-3374aa2df505	186	1477	157	35	manifest
7287d18a-88ee-4529-ba40-5dc976209bce	347	1477	51	34	to
7507d819-2955-46df-bd4b-07576d6d271c	402	1477	47	34	in
ac1de6a9-d216-498f-8855-7698ba854b17	453	1477	115	34	latter
b608a173-2fa7-4470-90e6-5fc6156f9277	572	1477	102	34	days
2e017975-9709-4a45-8a78-553b26ce4b7d	572	1477	102	34	,
70f16ca7-e754-4aa6-808e-d170efc635db	679	1477	72	34	87
7d333997-da34-4c0e-b3a1-cc95566a69b5	679	1477	72	34	;
d2f1a532-7523-4ced-9d58-99482f373881	755	1477	115	34	house
155bbd5c-13e4-498a-b22b-c5a1e447201a	874	1477	51	34	of
1c583a56-dd79-407d-a774-153494a0b1da	929	1477	40	35	to
c8da8b66-46ce-47f3-89d9-1054aca6c39e	988	1470	46	41	be
381cbb93-2952-40e3-96b0-27cdc7dedb23	1039	1470	164	41	restored
f2709f34-9b35-4795-a37a-b369919fe10f	1039	1470	164	41	,
d54289de-9494-4c15-8d97-c30096ff9411	1208	1470	61	41	88
57bc375e-09e5-4a7d-883d-0489d99f772f	1208	1470	61	41	,
662ca0de-dd1c-4677-be0a-830f84f9e4ce	1274	1470	88	41	156
12c54527-316f-4025-bfaa-523adee677a0	1274	1470	88	41	;
2fac2fe8-c41f-45ef-aeef-47674daf4927	185	1517	108	40	tribes
f1682497-b7da-4d49-abdf-beb804412e15	297	1517	44	39	of
4e4434d4-d613-43ed-980a-aaf78afce167	346	1516	49	39	to
af0a61cb-0dd7-4492-a647-83101fa358a4	400	1515	103	40	write
c7393951-3f69-46bb-8d8d-26bf27480ba6	507	1514	117	40	words
9b8a6f01-61eb-4ce5-b7a2-39bf4505c630	629	1514	49	39	of
aa3b9a0a-4e02-4427-b28e-795ebfc33b41	682	1513	103	40	Lord
74ead31b-d523-4dfa-8658-dc74944fa91a	682	1513	103	40	,
bfeb6633-71ff-40fd-abe9-39d8c5fdf6d1	789	1512	93	40	158
1edd8b1a-8944-4e47-8776-f7460fc85c0e	789	1512	93	40	;
1a3cb2f1-6c6f-4305-92f4-daaddd25d875	887	1511	49	39	to
8e659360-d51c-4e06-abf0-d35b4033b3e2	940	1511	54	39	be
af372d30-ac53-44ee-9294-fd988289a30b	999	1509	161	40	gathered
7ffaaf83-8316-44fe-9fc8-c01db9199897	1165	1508	108	40	home
88cc23ce-a956-410b-909c-edfe527b75c7	1165	1508	108	40	,
35a79a73-8412-4127-9ba4-6020ed28c262	1277	1508	85	40	158
b12663eb-9b02-47a3-aa1a-a53a6fbaad7a	1277	1508	85	40	;
e87aa5d0-8641-4f12-9715-83eaffffa6b5	185	1555	125	41	likened
3fca1b5e-dabe-4b55-989c-c200a365235f	315	1555	45	40	to
d128a0b0-f787-4b7a-a63c-11e99ebffddf	365	1554	95	41	tame
4d5d6065-fe72-4d99-9472-448a89fa585e	465	1553	90	41	olive
311afa83-16d7-4529-afa1-7264b7de8a4b	560	1553	85	41	tree
31471ad6-03c9-4dbe-a7d7-d29f80bce31f	560	1553	85	41	,
53aa6014-7a08-4d37-9827-ec1fc3e80c1a	650	1552	90	41	177
3d0e6e16-33b3-46f2-9868-5aa9673ecc34	650	1552	90	41	;
becea14d-771d-4777-b2e5-b462925e5abd	745	1552	45	40	to
33d44f81-e198-4b26-94bf-2782e66d65e0	795	1552	50	40	be
5c0c90bf-dce9-419f-8a76-0a50a7ab85b0	850	1550	145	41	restored
e0019de7-fb5f-452f-b54a-3f86a4d46863	1000	1550	45	40	to
4504048d-78b5-4f4b-b103-4d9fe1f6a492	1050	1550	90	41	land
bcd7574d-eb3e-4e32-b999-760585581e23	1145	1549	50	40	of
c70034bd-f73a-4e24-8a48-fdac84557652	1145	1549	50	40	,
f84c5d6c-8f20-43df-a601-d4bb69d0c7e1	1200	1549	80	41	100
2eed1449-073d-4557-ba5a-bfe7a185f874	1200	1549	80	41	,
ea2a93aa-fb77-4273-b0b0-758216fb8a44	1285	1548	77	41	140
2a7dd3e9-87a1-466a-a640-55468315de81	1285	1548	77	41	,
32b62223-8858-457e-ad3d-4ddac880d47b	185	1594	73	40	645
9b717ef3-def9-487d-9dd7-367e3104ca59	185	1594	73	40	,
24218e17-afeb-417f-acb2-7104e5888666	263	1594	88	40	660
621324d0-cabe-4515-8dce-601d65cf03d0	263	1594	88	40	;
eab11b1d-dc00-4f9b-a435-71c43d14a986	356	1593	49	39	to
c6682216-92a6-4403-973a-8258d05ac619	409	1593	44	39	be
af8d7bc8-2c91-4a97-a247-72151cf7bac0	458	1592	156	40	gathered
9ffe0c3a-1718-4824-a210-da77cc0da85d	619	1591	44	39	to
56908b5f-13f2-4f95-9964-b5888cf129b1	668	1590	78	40	own
18143796-852e-49d4-a48b-a8923f71898b	750	1589	107	40	lands
f4a6078c-e90e-4f08-bf8b-25f68c48e660	750	1589	107	40	,
2ca558b0-303c-4f4b-b912-12e26c3e6f71	862	1589	83	40	616
ec2f0aa1-25f1-4940-955d-c7162af38926	862	1589	83	40	,
b1c97e8a-7c94-4114-a0dc-b26d9e102329	950	1588	78	40	645
d7e9a143-d9e0-4ed4-b0c5-fdfed027b35e	950	1588	78	40	,
4ea1343d-d692-4fd0-8e52-5bc8514b1275	1033	1587	93	40	660
39d9dcd3-de98-43b5-865d-f533bb87a97d	1033	1587	93	40	;
bb03a841-d23a-48f2-94f0-6240cec5b967	1130	1586	112	40	Christ
33781d42-af24-4428-a9e3-7472192bff69	1247	1585	115	40	speaks
9ded24f0-fdf0-4cce-bfc9-f356385cbdef	189	1633	48	39	to
e928577a-64c8-4087-9672-20cf06e8d7c3	189	1633	48	39	,
9169e1b6-22eb-4e41-a77e-b169bf2e0641	241	1633	95	39	629
5d9e730b-04d2-4fd4-a3c9-38a18fc023c1	241	1633	95	39	;
9ccda09a-8394-451e-b74b-857dd7487d5c	340	1632	100	39	other
2f439ec0-5af6-40b6-bd78-a497fc3f9776	445	1631	109	39	tribes
1cb39aa9-bf62-46af-8c70-ccd418c20f83	559	1631	57	38	of
263e6f78-9b5b-48e3-b719-83a27fdd8455	559	1631	57	38	,
81b38526-abb6-4d16-8e5b-268c7897955f	620	1630	95	39	645
84a181ae-ff37-4383-b753-b06a212915e5	620	1630	95	39	;
fbf7b787-950f-4f05-b23f-e8afaa6e317c	720	1630	90	39	Lord
0b74b4ac-3779-4e62-a05b-480ede0eb367	815	1630	52	38	to
75cbff23-1386-4387-b9e0-b36e6f85d07f	872	1628	176	39	remember
ec40ce12-8c79-4b40-837a-937ac8f33ead	1052	1627	157	39	covenant
9a88aa37-6eb7-4a38-a6b5-e2b4021bbe24	1214	1627	57	38	to
91b959d0-9c1c-46fa-aeb6-74bc31ac6c65	1214	1627	57	38	,
5c5ea917-2b8f-449d-82b1-dbbc137bc4cf	1276	1627	86	39	646
d8506bd2-2127-432d-bdc8-3c4e1b96fb41	1276	1627	86	39	;
503dd8ea-484d-4eed-aa00-b6e69439d519	189	1671	114	39	Christ
48aad9bb-f3e2-4996-8fac-848fa2bdf3d4	307	1671	48	38	to
b93f6e43-2c66-4a3a-a5bb-698775aec3e3	359	1670	52	38	go
0c74dac9-1ef4-49e5-a948-81bef860b7be	416	1670	52	38	to
b32c69ad-422f-4b11-aaf4-acb82b34e38c	473	1669	76	39	lost
03b43614-7f6e-4d32-a535-d5ac69d36e13	554	1669	114	39	tribes
4970bb26-840e-43ae-a050-5f99aa4a3991	673	1668	57	38	of
91e5fb5c-31d5-4d97-a547-dc1c15807107	673	1668	57	38	,
78aec40c-deec-4165-9abe-888a8f09bcb7	734	1668	105	39	648
60e00caf-abf8-48a2-870d-894af16ec453	734	1668	105	39	;
83aee9c6-819f-4ae3-a458-d3fea2e8b8e5	844	1666	166	39	covenant
16a82103-558b-41e1-9854-9a769059e41a	1014	1666	100	39	with
67c35ed5-55f1-4b55-93aa-03f75698c456	1014	1666	100	39	,
b7006eb1-06c7-492d-ac57-a08c54b22229	1119	1665	95	39	659
a0ceac41-7245-4063-9398-465de8194273	1119	1665	95	39	;
3fd9f306-7859-4856-977a-0b86bb764153	1219	1664	140	40	Mormon
dc538ddc-74fe-424e-a609-f50a83f46a66	192	1710	110	41	writes
30a80203-c721-495b-9305-4d3d97e7849a	307	1710	60	40	to
abd648f8-7ff0-4069-8e0f-312b5a3343a9	307	1710	60	40	,
c284a840-cc04-402e-8366-32bbb11a6337	372	1709	95	41	694
938f0ffb-f86d-4c36-80cc-fbea4d947953	372	1709	95	41	;
2b997d72-8b74-4e6c-93fe-ac594f2a7862	471	1708	55	40	to
b6211c27-eb5c-4a8f-889c-a335efcfd3c8	531	1708	50	40	be
aab7825a-8c2a-4e29-8f7c-19a2fd5f1773	586	1707	155	41	restored
a77b5093-9fd0-4067-a972-698a890ffaa1	746	1706	50	40	to
65414c31-24cb-4825-91a4-a334eeccb30a	801	1706	95	41	land
8a2f4c30-8400-4293-888f-79725366a14d	901	1705	50	40	of
90e3903a-e6c8-4eee-9226-4bb9bcffc41d	956	1704	215	42	inheritance
a0a1a825-0413-4b7b-a02a-3eb9fae399a1	956	1704	215	42	,
a1f7e7a9-0bf7-4154-be68-5f39f60bd1ee	1176	1703	95	41	699
e4aaaab1-bb49-4385-b372-79849825a4cf	1176	1703	95	41	;
224484f4-a05b-4aaf-9c3a-f2c8b8f332d0	1276	1702	92	41	Mor
872521b9-8eae-4ccc-80af-4378f6897610	1276	1702	92	41	-
cbaf7fd6-d144-4de4-bf1c-497466b4233f	192	1750	83	29	mon
2a2951d9-6898-4908-9c77-2b24b26522f7	279	1750	123	29	speaks
58b7ad23-a912-4f8a-8c3b-bb1ff3dd1480	406	1750	50	29	to
cb6772ad-bcc2-488a-b870-763c575a895f	456	1747	166	35	remnant
10b24f3b-4fac-4b20-8c00-7ef16fddd071	626	1747	48	35	of
59b57873-fc4d-413d-8470-40931519ea8b	679	1747	114	35	house
d4245c96-e1ce-43d4-b3f6-9f420f2c125c	797	1747	61	35	of
5d636ac7-0a76-4fe8-a614-11045be7e169	797	1747	61	35	,
b87fbcc1-6c41-4ae1-84f8-cd5879a05d64	862	1747	75	35	703
c8892bbe-270a-4d03-b634-b44ad938d691	862	1747	75	35	.
86a73f0d-cb88-4245-887f-149128a16fec	151	1788	112	40	Jacob
eed89089-1065-49c1-8e62-7fef6c18ceaf	151	1788	112	40	,
ca882553-adcc-465a-a056-03092b0c803c	268	1787	93	40	born
c02a92e2-32f5-4a1c-bcfe-ba0597132fb6	365	1787	49	39	in
6f767178-ee6d-46f4-b9b4-681d677d171e	419	1786	195	40	wilderness
a38638a7-0b10-4c79-9476-7d5f86f051f9	419	1786	195	40	,
4ce7445d-7741-46c1-be94-9ec3606f81d4	618	1785	78	39	61
ab8126c3-3ac6-4789-9093-fca909f6e3ac	618	1785	78	39	;
e5bf1725-8471-485a-91c2-ebae626713c3	701	1784	93	40	Lehi
45a20361-e076-442a-b316-3507870a4789	799	1784	122	40	speaks
b15cb900-4396-4f7f-ae2d-636ac42fb8cf	925	1783	59	39	to
b3666c74-f85b-47d1-8546-026a9c4f2bd6	925	1783	59	39	,
1076ecac-603e-439f-aef1-41a702a81d76	989	1783	78	39	82
f8956d51-38b0-4c8d-8ff6-8dc7f9929dcc	989	1783	78	39	;
e3abb1c8-d8af-47d3-a02b-b36188d369ab	1072	1782	88	40	flees
a2c8411f-02ab-4fba-b841-0d687b161611	1164	1782	93	40	with
a65bcca8-34cb-4072-9878-e023b3f2dcb8	1262	1781	104	40	Nephi
c9e7df1d-90c1-4693-955a-23efa0664330	189	1828	81	39	into
bd3fd0cd-0b4f-431c-8f1f-b0dfc1beb488	274	1826	195	39	wilderness
c2651015-d988-4152-b979-acf7abaf9b3e	274	1826	195	39	,
06ff2177-30a1-4a7a-863c-123a50384e8a	473	1826	76	39	95
b50d0e61-d137-4d95-a253-213779902ac2	473	1826	76	39	;
ad170b63-97f4-47b2-8e95-0a05c132a799	554	1824	223	40	consecration
2e5ce185-8dbc-49a6-9e53-cfe1ceeae3e6	782	1823	57	38	of
b8443a10-3341-41bf-aad9-5a3b2f3f6948	782	1823	57	38	,
08edbcd1-2108-4ae4-b297-f13fc8126ab6	844	1823	67	38	97
359dbc5e-7cb7-4bc4-9a7d-5d4d64054508	844	1823	67	38	,
f24a9690-fe97-43a9-b851-9104be3e5108	915	1822	95	39	168
c0a34dae-c4dc-4525-a26e-f1c8320993a7	915	1822	95	39	;
9df67dcb-aa46-46fb-ae36-0226e2c47ed7	1014	1821	124	39	speaks
800dc7f8-8ff8-46a7-8d89-121f9e249f35	1143	1821	52	38	to
500780f1-e08d-4f0c-8392-278c6978df9f	1200	1820	119	39	people
319d7431-3910-4feb-ba36-13ad0b209e54	1323	1820	42	39	of
1846aa50-4880-4841-a005-9a35ddeded35	192	1861	118	41	Nephi
afdd5fd0-138f-4522-9909-746f1d3d37b3	192	1861	118	41	,
a976c3c5-daca-4a2b-83f6-1a420f091404	315	1861	72	41	98
57b65339-01bd-4a61-ad7f-cf80dad58816	315	1861	72	41	;
3ff3984c-5c74-4241-adad-c1136a017306	392	1861	77	41	not
7a4a3e10-fb4e-43cc-89a2-917b89e1d7fd	474	1861	51	41	to
0c8d8460-21db-4df3-b4c0-bec02ecb883d	530	1861	51	41	be
84f65042-7229-41e1-86ae-429da4ff46e6	586	1861	174	41	ashamed
b51ca5d2-c53b-4e29-937b-b82cf96f3ec1	586	1861	174	41	,
199ec1cd-c3e8-4d31-b1c3-974a094e1919	765	1861	92	41	152
22ec5afa-f29f-481e-ac76-d02bf7b87a6c	765	1861	92	41	;
8f7c0be8-10fe-4715-ab05-842531977811	863	1861	118	41	Nephi
eb4d8b36-df5d-4324-a2b0-02ef5af4c87f	986	1861	189	41	commands
6d45ac09-9d6a-4489-9d86-3eeb09f96311	1180	1861	181	41	concerning
23a92298-c0f4-4730-95ae-3d3c5b4fad08	189	1902	102	38	small
f15af04a-534e-47d7-ae83-445c4721fb90	295	1902	120	37	plates
05abc03b-13a1-40ac-acaa-85e5c6f6f688	295	1902	120	37	,
6e4837e1-6053-4239-939c-6b78c11b8836	420	1902	92	37	167
91a53d36-e476-4476-991a-14e04654cab0	420	1902	92	37	;
10c95f33-4e82-4a17-82ea-f7bfb1981316	517	1902	226	37	distinguishes
2ae77d55-b673-463a-9228-7accbb8d5d19	748	1902	69	37	the
96910343-4fbf-4f5c-8fe3-27fe825718d3	822	1902	125	37	people
d0a1c338-25e8-44f9-813f-4a0663ae9942	822	1902	125	37	,
71f8082d-9f73-4154-aa39-cbd37ecb1f62	951	1902	92	37	168
718ecde9-1a49-475f-ba27-0be2a85a83b3	951	1902	92	37	;
726ff542-418e-48f5-b11f-fde186aa1da2	1049	1902	134	37	teaches
996b7183-9066-4ff9-9bda-40b919560c29	1187	1902	46	37	in
2748e7d1-105d-4106-ac80-a15c7f43a9ab	1238	1902	127	38	temple
91b8ec74-220d-4e2c-8f48-041479d81cb0	1238	1902	127	38	,
1aedf2f7-e3b2-4132-84f5-8090f24831c3	189	1942	81	39	168
0fbdcc3b-28c2-4730-aefe-1d00d9338f85	189	1942	81	39	,
a5826d51-ef21-4fd1-bfe2-9a541f402f00	274	1942	95	39	169
61c48298-c152-4554-8d2a-405fdff00734	274	1942	95	39	;
45c2ad26-dcd9-49be-b86d-dde37279fa51	374	1941	176	39	magnifies
e5f76299-a31d-4921-8fd0-39570a304140	554	1940	105	39	office
2d59e61a-5493-4949-ad96-9d004502d817	554	1940	105	39	,
f90fadfc-bfa7-42aa-bd60-c016f524af68	663	1939	95	39	168
a926a53c-1805-43e5-ba91-9b9ffc13c5ca	663	1939	95	39	;
68213014-80c4-49cc-9760-271e06c170f0	763	1939	119	39	words
eeff9ed9-ec1a-4abd-9a67-824ab6c09a80	886	1938	57	38	of
083d043b-809f-4933-8fc2-350a26d38212	886	1938	57	38	,
f21bed62-312f-4ffc-ab5c-7e71e609c94d	948	1938	95	39	169
9fd40b63-6e6a-4a6c-8d96-8a1f571c37c9	948	1938	95	39	;
9ae87610-f22c-439d-a656-edeb2275a80d	1048	1937	128	39	speaks
1dd2e791-1ba1-46e0-a1cb-65139d2e430d	1181	1936	181	40	concerning
edd0ca57-5919-4884-8c16-15dae93731b5	192	1977	128	41	grosser
bd78ea8d-eee3-41a4-8345-b3cd3e9acb13	325	1977	128	41	crimes
3513e621-16f2-4f1d-ab59-dae00214b22b	325	1977	128	41	,
aa3723cc-d6a0-4b48-950a-d6a0e23d154f	458	1977	87	41	171
3b510a9f-1d75-4323-a102-b64669eb951f	458	1977	87	41	;
4083f88d-d676-4dde-864c-03b1c2474907	550	1977	118	41	plates
311d1d85-8890-4e87-8375-dee253fd8fdb	673	1977	46	41	of
608a2927-ee9c-4cf9-a3d7-a3d8768298eb	725	1977	97	41	made
2c0b8529-e2b4-4144-a7cb-6cdad4efda62	827	1977	51	41	by
e688182f-6a51-4876-9519-97fa22f432f0	883	1977	97	41	hand
efa85b85-0a54-484b-ae63-a7fb9e748386	986	1977	46	41	of
7a6cb44d-48d3-468a-8394-a4e7bac5c5c5	1037	1977	118	41	Nephi
aaa0075b-359d-4494-ba1e-227e971b44b7	1037	1977	118	41	,
3d953282-4c7f-4dcb-a251-0bbf23c4cd6d	1160	1977	92	41	175
25d043ba-a1ef-4084-9991-c623ad568e45	1160	1977	92	41	;
4b1cb4f4-34c0-4c4b-bf4e-c6fee42ea851	1257	1977	108	41	minis
058f09c0-f7cb-4f5c-bbb5-f172f095f520	1257	1977	108	41	-
55044bf8-b8e7-4a89-a7aa-dbe5fe54971c	192	2018	71	38	ters
25d67f23-0c95-4aad-acad-f7dd191f2465	268	2018	109	38	much
312e62cd-9e30-4286-8d2e-99810113f9cb	268	2018	109	38	,
38ed4d55-b023-460c-b014-f64ee8480ce2	382	2018	62	38	175
cf6492aa-3797-4adf-9c3f-fe8006ddb27c	448	2018	19	38	;
5f5cc3e4-3ef9-439d-8f1d-0fa2249e174d	472	2018	195	38	prophecies
77dd9625-714d-4691-96a5-8cfafd1199d5	472	2018	195	38	,
116d0b48-00f8-47de-8243-74c5b663f166	671	2018	85	38	177
df33d42d-4d0c-4c35-bfd7-6cd10f5400c7	671	2018	85	38	;
9a74a7f1-01d3-4f2a-9a93-8c8b6ddcbc1a	761	2018	209	38	exhortation
37354a28-53a6-42d1-acfa-53b75453ba6d	975	2018	52	38	of
e3dd923f-441f-46dd-a880-82312455b583	975	2018	52	38	,
cce13955-cdae-48e9-b3c5-c0b97f20639d	1032	2018	85	38	188
f9098317-c2af-419d-93e7-057f4254137e	1032	2018	85	38	;
89f04c8b-6dd3-49bb-83ac-80ccf4fa5e25	1122	2018	133	38	Sherem
4524659f-b004-4176-b176-4e0ea12b7420	1260	2018	102	38	comes
9a28d7e2-999a-4399-9593-7cc3c1a5e51d	192	2056	51	41	to
e3dc26d5-d069-4c7d-b133-2964ff036287	192	2056	51	41	,
28bf0829-9cdb-4c11-9823-251252675637	248	2056	97	41	190
b4f4a361-f853-4a04-ab1a-cec7a63b2c1b	248	2056	97	41	;
8abffc2e-5fc9-4529-bd02-30bb752e8e24	351	2056	179	41	confounds
14603810-991b-4f3d-a0e1-078c542a4b26	535	2056	149	41	Sherem
a780eb34-2c58-4609-8741-f12a32679778	535	2056	149	41	,
3595891d-22cf-4fda-b6f8-8ad0c295f94a	689	2056	92	41	190
d2abea20-53b8-4481-a7ab-13abc9dbc481	689	2056	92	41	;
98d2edd0-a020-43ff-a40d-88e16ab0e35f	786	2056	128	41	prayer
74b37aee-e933-4d44-a493-8bbb27db0bbf	919	2056	46	41	of
858cbdc8-a866-423f-a5e8-51f44845ea94	970	2056	179	41	answered
207a4c79-1267-4e34-aa3d-b87fa41843e1	970	2056	179	41	,
c06e9706-3dcf-452c-8bc1-0a38f77aad63	1155	2056	92	41	192
b7eb465b-ed1e-4336-beec-1154b7f936f7	1155	2056	92	41	;
b177d730-1c7a-4813-b6b5-7c8b8d887fa3	1252	2056	110	41	begins
