ID	X	Y	Width	Height	Text
d59e8eb8-68e0-48de-a48e-4a184b3f125a	635	63	173	44	INDEX
949b0210-551c-40cd-820f-a96f690900a9	635	63	173	44	.
579572fe-201d-4960-bcf0-bb05c92cc12b	1252	66	69	35	801
496366fe-a4a6-4c7d-85ff-577dd38e6491	154	142	118	41	spoken
83bc6c50-88a3-46e5-b150-a663cd2aeb3f	277	142	46	41	to
037177c6-b20a-408c-ada2-c45f9f0fda60	328	142	56	41	by
71a9d6a0-477d-490f-8aff-b262d6617c62	389	142	92	41	Lehi
88297d5c-c426-4704-a454-9064c1f0196d	389	142	92	41	,
c1fada7c-4d79-4560-9b53-1f14fb5d474f	487	142	72	41	90
cedc912e-0341-4c8d-934b-a9f413fc8b2c	487	142	72	41	;
3b4e603a-ded3-4bac-b3f1-693969dccabf	564	142	82	41	seed
11cee3e5-4309-4fe3-8617-3c9d38ab9e87	651	142	67	41	not
18b85448-6662-4800-a734-1cdeb06f3eb7	722	142	46	41	to
270976dd-0479-42ae-b1e7-ff5d96f7b85e	774	142	123	41	perish
0a76612e-6b9b-4728-b315-798b89b76895	774	142	123	41	,
077012e7-2c5c-48e0-b8ac-2d78debef1ab	902	142	67	41	91
9c1ccc00-2178-4670-9c8d-27f7873604a5	902	142	67	41	;
f15cd68a-424e-472e-a22b-55479dd7b341	973	142	87	41	sons
c0e54d99-56a0-41b1-8003-5ddaae3bfb9e	1066	142	56	41	of
af159488-43b3-4af6-a766-767addf3db29	1066	142	56	41	,
18d43984-12c8-4835-ac7c-3e6a2788c71c	1127	142	108	41	angry
4c6db87f-a93d-4a3d-9b96-77235beee526	1240	142	78	41	with
b9d2407c-2575-4d32-aeb0-ac34632b713b	154	179	116	38	Nephi
b6b1b963-7e8b-4205-9f10-188d8babb0c1	154	179	116	38	,
c28b9da0-2a27-4049-ad46-8d8063fcc4af	274	180	59	38	92
135bdc07-2682-4a89-9471-a2ac66793c80	274	180	59	38	.
d22f06b6-f355-412d-8b8f-51cab5719c65	116	217	133	41	Laman
443858e3-708a-4326-aefd-d8de4a2b2722	116	217	133	41	,
9636b0e0-3730-4b86-ae8a-7cef14855c5c	254	217	102	41	river
153caade-5693-492d-ae66-a7e3b7ae9d32	362	217	51	41	of
baf5360d-cdf5-413b-99c3-2cf838c39bb4	362	217	51	41	,
13d9e926-31af-4de4-bc29-5cd81b5d0742	418	217	46	41	5
2c67aded-2586-4fd3-b0d9-2ba660cd47bd	418	217	46	41	,
067cfcec-a6f5-4fe1-90aa-0cbafbfffb09	469	217	62	41	48
86f79e44-9de2-49c0-98e4-368be9e4595a	469	217	62	41	.
3f8ac40a-801d-442e-b2d7-1105e42bad4d	120	255	128	41	Laman
553c0f7d-c9ca-4945-a305-feafe5770b46	120	255	128	41	,
53e2cf78-1031-4c96-a58a-002acdc73c2c	253	255	138	41	servant
0ed4390d-0aba-4449-b00c-848d278ef46e	396	255	41	41	of
57645c03-0cfe-4e64-ab0d-3d38e079137f	443	255	87	41	king
e99c5637-eb7f-4b19-9c9f-ef39fc50ce8d	535	255	41	41	of
cf2125cb-8f5d-441d-a853-23e6baaf0f1a	581	255	195	41	Lamanites
489d4344-caa2-4341-817a-fc83f020b6ee	581	255	195	41	,
a8dc2c4c-1196-401a-b23c-9f9d0a31267a	781	255	82	41	goes
0f1df8b6-e251-437e-8bc5-486b654804d3	868	255	46	41	to
515a5b12-d0af-4e56-8392-70acb935f9b6	919	255	77	41	city
f917ac2a-94a2-494e-a3d5-c231cb0bd37b	1001	255	41	41	of
3601cc35-250d-47e0-915d-625e8c04b7f6	1047	255	82	41	Gid
a77b7ad5-cdfa-4920-ab60-822cf01011c9	1047	255	82	41	,
b088e6c4-c2b6-4551-b786-4fc313dc4ee8	1134	255	77	41	506
e1fd1617-c764-41d7-934c-292a518eda50	1134	255	77	41	.
f9a79dd6-8d73-4925-92c9-35b476f1d96a	113	293	132	44	Laman
4d371bb9-1910-4e76-a578-06d5ef20df8e	113	293	132	44	,
2a61eca7-2a36-4781-9bea-656429399134	250	293	66	44	son
0f097c11-7fb7-44a5-be5e-509cdd2d2320	322	293	44	44	of
4d434680-a1f3-4e50-9654-eee5982c13a6	371	293	132	44	Laman
1ce1d417-3879-43af-9ff3-34093879a8c9	371	293	132	44	,
2f753d31-c039-45c6-b751-3f9decd59d35	509	293	143	44	repulses
733f5b2c-842a-421c-b77b-c32caae48855	657	293	115	44	people
9d2aac0a-6859-4a85-8f2d-ded7cdf6e699	778	293	44	44	of
749db2a0-7759-4207-81eb-04fc198da4ec	827	293	115	44	Limhi
9ab24016-5530-4bbc-aa52-6c0bbedae4b5	827	293	115	44	,
c8a7f2a7-4c73-4bf2-b367-01f47fca2994	948	293	88	44	268
eea95031-6b33-410c-b702-15a7723bdf33	948	293	88	44	;
d40e251c-5bb3-492d-9c0b-95f2cc6e3fb5	1042	293	66	44	son
c21cccd9-1a64-4bf3-ab5a-6c308aa56ad9	1113	293	55	44	of
37ee549c-3bba-45ce-8c1c-6fa1d01d09f7	1113	293	55	44	,
c5511c3d-670e-46f1-ac37-61f850fd43a9	1174	293	147	44	appoints
0e9ea6eb-7444-4f3f-a902-fcd8454c1512	154	331	138	38	Amulon
21b19c60-809f-4610-9373-a663a71ceefc	297	331	69	37	and
4d7dc1c9-74c1-436d-93e7-a5811bb18c11	371	331	157	37	brethren
80b4e162-4033-4e16-861a-9ae3bad74fdd	533	331	157	37	teachers
941a7367-753a-4955-ae44-b4b078f58de9	533	331	157	37	,
ebe51a1b-2b4b-4f28-9586-1ea85b69f4e3	695	331	76	38	277
c2fca7fb-69f3-49bb-b865-e6a22463a40c	695	331	76	38	.
7c0157ea-062c-47a1-8a0a-a9bd469edfaa	116	371	133	41	Laman
1272d3a3-9386-49cb-8d26-552fc7504d89	116	371	133	41	,
9ca46663-bf31-4838-a946-bb2d6b92eae1	254	371	77	41	city
9daedd9b-7732-4998-8d97-8615d1c23b0f	336	371	51	41	of
e5b59a19-fcf2-4f3c-a588-8ab3823edbbc	336	371	51	41	,
fd102171-7927-4b36-a42c-8f0eb2ba3f62	392	371	128	41	burned
85f02c3e-86d4-4e20-b5f6-7dba6b7e89d2	526	371	92	41	with
b0778818-81c1-45aa-bc47-fff043843041	623	371	77	41	fire
c80c88d1-cb9d-4604-a077-8accb68addbf	623	371	77	41	,
434c4f1a-f1ba-4d1c-b89e-55c9d7676a80	705	371	78	41	627
57c99b79-476f-4f34-a5e8-ae88130a6ec5	705	371	78	41	.
22614307-675a-4170-bebd-ae271f197ad6	116	409	189	41	Lamanites
d81d8aca-5375-421e-9051-b02a73770946	116	409	189	41	,
06cf1f32-557b-4654-ad6a-a345dccaa59d	311	409	118	41	people
4f676304-5bd4-41fc-9ee5-a2cc03c75bb5	433	409	118	41	called
c7a83281-b1e2-42e5-8dd7-8b5f1d3cadb2	433	409	118	41	,
9b454d55-3b84-4f17-a4a0-791b0b5250e2	556	409	72	41	96
1ab0d339-37a7-4b40-9993-20d8d46f414f	556	409	72	41	;
52c87354-c035-4cd9-9ce6-4feb16d6df20	633	409	123	41	hatred
786414ec-d926-4d69-9f87-d32f7f39c5d3	761	409	56	41	of
b37ef984-5fb0-4aad-b438-8a348345149b	761	409	56	41	,
6de03a7c-9590-461c-921b-5766c1fc0bab	823	409	72	41	96
af09e0fa-dfe2-432c-b8aa-fa54b7a594ff	823	409	72	41	;
bea9657f-617e-4ce4-889e-3ae7ee047f4a	900	409	113	41	Nephi
a17df262-3ddf-4aa1-ba62-c10363872f91	1017	409	92	41	ruler
fa7c6672-84d6-4ace-8482-1f73bf0b3338	1115	409	77	41	and
c699c887-4ef9-4090-8e6e-8a7173369a63	1197	409	124	41	teacher
922a418d-9b4e-4cce-8e45-4ae012d43350	154	450	52	38	of
b6be8cd0-5fc4-44a3-8f60-4d5c455d1b63	154	450	52	38	,
db28e7c7-6c73-4db2-93f5-6e4e2f5ce5ff	211	450	71	38	97
6bb08790-83da-47ab-9458-6c89c43ca734	211	450	71	38	;
bd985a71-4ba4-4022-93f3-b356fbf278f5	287	450	85	38	seed
ef9c9d71-c313-448b-8429-c7f3fa6fac89	377	450	52	38	of
53c2a507-bc95-404b-85d8-d112df753c18	377	450	52	38	,
4474697c-674b-4c2e-815b-ae9a17610e88	434	450	123	38	cursed
48919e8c-177a-423b-aeaa-96712e51c839	562	450	85	38	with
d805e8d1-53f9-4aee-96b5-a107eff82f1f	652	450	176	38	blackness
e894e2e8-662e-4ab2-8bac-dc0add16f425	652	450	176	38	,
f51ead19-ebe8-45f3-8e28-4db7f4a86fd2	833	450	71	38	97
a2a93521-9c32-4b87-b963-51afbd4eb99b	833	450	71	38	;
79ee09d0-87fd-4d80-a80d-2244b0f258d0	909	450	100	38	those
f55d7c12-fcc8-48ac-b4de-d254b3463570	1013	450	128	38	mixing
8d4df009-e5dc-436b-ae2a-61665e6ae71d	1146	450	81	38	seed
e54b3d83-3aaf-463c-827d-2c2198c053ba	1231	450	93	38	with
e503af0e-7ed2-4a41-8251-01706e3aebac	1231	450	93	38	,
a119483f-aee0-4320-90dd-925d48898eb4	151	488	46	41	to
e6f10eee-374b-4c7d-a10b-77d5002b5b5d	202	488	41	41	be
dc883911-2f9c-4d47-af4c-202f164594d0	248	488	133	41	cursed
678c6e3a-a2cc-4e4e-ab6a-635631a5c51e	248	488	133	41	;
be1eccd0-0122-4afe-9169-9c69a0d3c1c0	386	488	77	41	idle
870cf4e6-5250-402a-8884-ee9e2dc840ea	468	488	72	41	and
ab8413aa-1851-400b-8d5d-322ffa626c0f	545	488	72	41	evil
e1889dec-473e-40fb-a3d2-1d71f4903524	622	488	123	41	people
de8824bf-c315-4a2e-9e0b-198b92c172ab	622	488	123	41	,
53a3020b-7410-492e-9160-b304493027bb	750	488	67	41	97
d2b38386-f3e1-498d-bbfd-391f2b48b416	750	488	67	41	;
0f138056-06c7-4f34-a7b2-2abfa587fb48	822	488	46	41	to
fa5f1c21-ad86-4f77-82af-69d68a2af1be	873	488	128	41	become
cbda8a00-93a8-48e5-ab15-bb38c1ae79ec	1006	488	102	41	white
7e21ab26-77e2-4ff8-b0ce-60ac42ede3f8	1114	488	72	41	and
84077188-5e18-4437-b791-c72c303e5dce	1191	488	130	41	delight
94e1eee6-7afd-4538-a94e-ec6588945399	1191	488	130	41	-
a5deea78-89e3-4ce5-ad2d-507c25a7bd96	151	526	97	41	some
bb9fceb6-946b-4f94-aa5d-175665f1af09	253	526	128	41	people
bf5d1c1d-c077-485a-beb9-a7e206813e52	253	526	128	41	,
0d19a3d7-1dae-458e-a0ef-a2a0ddadc68f	386	526	92	41	159
ec8314c9-7176-4cd6-9195-a7a93ba3eb55	386	526	92	41	;
2a277cd0-8e2b-4851-a557-3b74e104a6a0	484	526	241	41	distinguished
5333e460-9763-46ae-a16c-a43fa245963f	730	526	92	41	from
0242f432-0915-4ae3-a30b-abe57ab15af9	827	526	169	41	Nephites
9a1f2f70-e324-4c7e-bae9-77d11e99185d	827	526	169	41	,
c3b939f2-e3bc-4a22-a43c-5b8014264128	1001	526	92	41	168
28ba7770-cace-4f41-bf21-27199c945952	1001	526	92	41	;
aa64f5c8-b331-4f1b-8682-dc487bd986e2	1098	526	138	41	greater
5469903c-667c-4818-b09f-1eff783ac391	1242	526	82	41	iniq
f7a825cc-dc8d-4866-b9d1-eccc0d9efc31	1242	526	82	41	-
da0a3cf1-4c26-4c22-9a2e-06dc46834acc	154	564	82	44	uity
c7ba55f6-639e-4412-b325-da6061caffad	242	564	104	44	than
1bebea02-7d30-464b-bf92-8b3ed97bc0d1	242	564	104	44	,
3cfb23f2-5d6d-4bc2-853b-fa115aa52beb	352	564	99	44	172
a42242e6-20f6-477b-a28a-1247bbc351c8	352	564	99	44	;
0381301c-a51c-48ba-a0c7-ec3a5c31aee9	456	564	55	44	to
a39b0034-2389-42cb-8878-f1eb4846d047	517	564	148	44	scourge
64e8c35b-e10d-44cc-bacd-ace6699fa8e8	671	564	170	44	Nephites
6dbab149-bd85-478c-93e2-0f0454001399	671	564	170	44	,
f2d4e1fb-b75a-404f-9ab5-1a4ea3a14d3d	846	564	99	44	173
d498a48f-022a-472d-860b-6d6f334e3c91	846	564	99	44	;
cfa91e76-4d88-4202-ab5e-27973774dd1b	951	564	104	44	more
5759472e-d19e-4a4c-bce4-6f7ef1578f69	1061	564	170	44	righteous
02c6bd6d-115a-4fb5-852b-44036c882170	1237	564	84	44	than
ddf943d7-e94b-4308-b4df-fc2e7dbe44c5	154	601	164	41	Nephites
dc8f5a73-cb6f-4a3b-8047-8154bc8de989	154	601	164	41	,
1e4fec2a-5c2f-4dab-8a42-75ee8a63340e	323	601	97	41	173
8489eeed-d9f3-4b8c-8f8b-b81c53456461	323	601	97	41	;
e1d54616-1380-4106-9a6c-0f4ddcc3fab1	425	601	143	41	observe
0de0343f-4f48-4abe-beb7-2ae8f2502147	574	601	174	41	command
d3462477-da87-4ac5-b777-7b748140f087	753	601	56	41	to
57b34a6e-e557-40e8-ab82-2ccc622961cb	815	601	97	41	have
881f3765-c370-45a9-b312-df3c0017f082	917	601	72	41	but
3d535a1b-cfbc-4f50-b69a-67d63006486f	994	601	77	41	one
ff4e8b4e-dd1e-4d5f-b2b1-f63c8d47e2cd	1076	601	97	41	wife
2ec1153b-5d55-4fea-b346-9a849402beaf	1076	601	97	41	,
003a733a-1522-457f-be3c-66fbe69491bc	1178	601	97	41	173
b40db606-81b5-4a10-8181-f62c929ec5c5	1178	601	97	41	;
826fe1ae-c4f4-4291-949c-9005af0f7ceb	1281	601	43	41	to
58593fa5-1f38-4379-86d6-99739ce4e230	154	642	128	41	become
889a0494-5086-4224-b214-eb36a28034cc	287	642	138	41	blessed
f792eaf7-6f35-4a5f-a3da-02b70d9d9e6c	430	642	128	41	people
0966a1a1-1950-4e90-ab68-29c97ca730b5	430	642	128	41	,
07c987bb-e389-4714-91e8-8aa7d2d1d03b	564	642	92	41	173
b68e8a01-f565-426a-8e5c-ffbf278973de	564	642	92	41	;
016b0e22-74a6-4dc0-a1c2-d27c172da6a3	661	642	87	41	love
21d2effe-576a-4499-8b05-938b7236fd96	753	642	102	41	their
0d5d7292-50fc-4e98-b853-6a3098b57cfa	861	642	118	41	wives
7ee6052d-42f1-438c-b2ce-905fa4768c1c	861	642	118	41	,
d181cffa-0407-4620-b8d3-d42bdc90bd04	984	642	97	41	173
e7629a45-dfb9-4681-8571-51db2d1e4a02	984	642	97	41	;
0c9e796e-580e-4f1f-a45d-007e942f451b	1086	642	123	41	efforts
218ec033-785d-4da9-8e16-de85e49bb4c2	1214	642	56	41	to
8a8b0d3d-4167-43d2-b351-b66675b68960	1275	642	49	41	re
75b3c917-9262-4686-84ab-dfb531a8cbc3	1275	642	49	41	-
56de789b-9db8-494b-8e6a-df0c08c25a04	151	680	107	41	tore
c8972ba5-b5f3-40b1-ae1c-f99b04041df4	151	680	107	41	,
715ed16d-58b1-43f4-b1c2-5b470568d565	264	680	92	41	192
ea43d1f5-87c9-468a-bd0e-821233b94f02	264	680	92	41	;
85625712-3766-4025-ad34-e73c3ab61fc3	361	680	143	41	records
e145f730-47ec-4854-bb5c-c4c443da0a3e	509	680	51	41	of
2ed1e5ef-98ee-40ee-9182-ecd7ee50f9c6	566	680	159	41	Nephites
974dbcc2-7642-4720-9600-746eff2b0858	730	680	51	41	to
b2536483-0d53-4adb-8185-0728acd5e756	786	680	102	41	come
3f605b1d-3cdb-4983-bdcb-d463273e4c70	894	680	97	41	unto
49a26281-46c7-4d77-8da0-1ef2d6603956	894	680	97	41	,
2fb5f91c-7e88-4617-82e9-ed3138a61f78	996	680	97	41	195
0d95d02f-e838-4aac-bed7-234917d8a267	996	680	97	41	;
04737c7c-a6c6-4b92-b3e1-c64bab687ede	1098	680	133	41	become
066acd85-0d01-45c1-a382-27923ad81830	1237	680	87	41	wild
bc0bd34f-cd0e-431d-8e73-fb103ea840bd	1237	680	87	41	,
20345b9f-c8c4-451d-bed1-a1f5547f5552	154	721	215	41	bloodthirsty
00b269f1-d7f3-47cd-9811-88f0473f8c0d	154	721	215	41	,
974f255b-e0cc-4cb0-a289-aa02c5cabf63	374	721	77	41	and
989e5c34-e264-44cc-9a6f-5445609433d3	456	721	169	41	ferocious
1838f850-318d-4470-800b-c887202d8156	456	721	169	41	,
8527d96c-c5f0-471a-ac75-361c0dd0f263	630	721	87	41	195
27e0dfb4-0035-4664-98db-5779684fee5c	630	721	87	41	;
ebd11c9e-308c-4255-a948-f73791685680	722	721	77	41	war
02802c37-7a9d-485e-b518-b85cbc0c1b9d	804	721	92	41	with
1c0ce741-cb4c-44ea-b437-7d8e181e89c2	902	721	159	41	Nephites
220ca07b-51ca-4dd7-aea6-492933002eb8	902	721	159	41	,
be4cbc0b-e4a5-4de2-96fa-1a86eacafb92	1066	721	82	41	196
974237d4-5beb-483b-8fc0-b6aa3ab5f927	1066	721	82	41	,
6c6a32f8-ae49-41a6-8990-900680550d09	1153	721	82	41	198
91137c4e-16c1-4a17-8499-7bd79c08b6ec	1153	721	82	41	,
775ff2e5-d868-4547-897d-65f493b4ea96	1240	721	67	41	205
86d9e2ba-7a9c-494b-b084-2b887bebdb64	1311	721	13	41	;
f3f88254-0bb7-4c0b-93b0-8cb42420ace6	151	756	77	41	love
0eb83d12-42b3-42eb-b0c2-5fc0d7f1359b	233	756	143	41	murder
dff29c2e-6970-4662-9068-74645a159ee6	233	756	143	41	,
41d28296-cf00-4be6-9176-1dbb20fb8ca7	381	756	92	41	198
66c2932e-6aaa-40c6-87dc-415b8900fd14	381	756	92	41	;
b126ae56-8daf-4d32-9b50-0eab757f6560	479	756	123	41	driven
aeea49a1-e7ef-4a48-a5be-6796b183b423	607	756	72	41	out
8758b431-589c-4fb2-8f15-01eaa9de201b	607	756	72	41	,
63258796-1193-42d3-8e2a-743f98da0520	684	756	92	41	206
2a7f166b-1140-410f-8eac-9da656a0059c	684	756	92	41	;
cc61ace1-d0e4-4cd3-93d1-967d4cccfccb	781	756	118	41	people
c562f599-2145-4f06-85f8-7987602a96ef	904	756	123	41	depart
56f7f3ad-3aa9-4e52-90cb-2dd5ac016fba	1032	756	92	41	from
bc2afe14-9076-4022-9673-b9644df6e1de	1129	756	195	41	Lehi
0ed4faff-2ec1-4266-bd4b-5e1197ecc666	1129	756	195	41	-
6a6e0678-dcb3-43c7-b87d-23ad8e502838	1129	756	195	41	Nephi
5745cb82-7e3c-440c-9a50-7c7e333fb769	1129	756	195	41	,
49d268c8-38a0-4540-98a5-48719436375d	154	797	85	41	235
21f608c0-85c8-49ca-b0b4-dd81a3dc2a2a	154	797	85	41	;
1da79b8c-db9c-4f0b-9831-0a81d932e91b	244	797	80	40	war
12b123aa-590d-4503-b495-0f0635562d4f	329	797	85	40	with
0d313803-fc69-413c-bfc3-aba85657e1af	419	797	120	40	people
7c9686b7-cc02-48ca-b5de-bee423f2c2fb	544	797	45	40	of
2de790e5-a4de-49f0-8c84-109e3a13f099	594	797	115	40	Zeniff
1129ed3b-09d4-4a70-89a1-478451fd29b6	594	797	115	40	,
9d203f73-0996-4afa-a92e-8f142672eaba	714	797	90	40	237
38dec341-c563-4278-972c-068e957350b7	714	797	90	40	;
3af093bf-7144-4474-ab8e-3bdc4151933a	808	797	145	40	ferocity
024c927d-32f5-4473-b4ec-ecf1fa61dc29	958	797	55	40	of
aa1d2498-1af3-4ac1-923e-e5cdc2fb28d2	958	797	55	40	,
2ca73290-7658-438a-b616-a6255f9fd9ba	1018	797	90	40	238
d2c602d0-8240-40a7-8fc1-6afe0026ae92	1018	797	90	40	;
0b167580-7651-4570-97fa-40af1121c479	1113	797	120	40	driven
ec769a75-aeea-4dae-848d-a3618c366af2	1238	797	86	41	from
e81eddab-2b7b-44ac-ac66-54774545fa7e	151	837	85	38	land
6326be30-e1bf-44c4-b7bb-c74c327cdf12	241	837	47	38	of
8b76f964-f6d3-4308-83d9-8dd7c7e1d394	293	837	114	38	Zeniff
ffd2a22f-c0c4-42ce-89d1-ed6d02ada64b	293	837	114	38	,
274a8ecb-06a0-4a25-b767-6875d6454b86	412	837	90	38	239
abf45bca-8f57-4379-a09a-accfc24b6023	412	837	90	38	;
a888b65b-67ca-4b57-b3bb-862b02b828e6	507	837	123	38	attack
e5180906-e91c-4a73-8603-8c12922d06e6	635	837	114	38	people
15217925-9424-4e03-9f8c-d0056412bcb3	754	837	47	38	of
67526e0c-2146-4a81-95f7-83ba1019f73a	806	837	104	38	Noah
bc360a4a-9261-4c50-8374-e6fbe8b48ca7	806	837	104	38	,
4c70a6a5-6340-402b-8824-9dfd15edc6cb	915	837	81	38	241
e9386974-f5b5-417b-b60e-bb0be310ab6e	915	837	81	38	,
699d7a02-f681-4201-803b-fdc2f4871e8d	1001	837	95	38	262
1608a5c3-5320-41b2-87c8-43c65a2d46dd	1001	837	95	38	;
e6e102c4-ce6c-4ec5-85d0-d595b9cdc250	1100	837	100	38	exact
7d2f31f1-c908-4745-ab3e-55dbc7bf6e70	1205	837	119	38	tribute
8b1ecead-2ef7-437d-add6-8528d8db53df	154	875	47	38	of
ffc86024-9967-44c2-aeaf-7938c862f8aa	206	875	95	38	King
5aae4f42-f386-4782-be97-13261ab99b2b	306	875	109	38	Noah
cea9b0c5-f0af-402d-8e37-4cfa90e4b50a	306	875	109	38	,
bc57ef13-2fa0-44f1-b77f-64a69f67219d	420	875	95	38	262
b3ee34dc-1bf7-4234-a2b7-22794a0f8d62	420	875	95	38	;
088d6732-84c2-4d44-bd00-836f2721fbc8	519	875	90	38	oath
b2549e56-d0fd-4857-9480-7fd37d577d7e	614	875	47	38	of
dd4bba56-d182-46d8-9e8c-f8d44d3838a2	667	875	90	38	king
427cf63f-5d03-4f12-ad0e-04f2321eab0a	761	875	57	38	of
a665353f-9f56-4313-ba50-97fe0e496347	761	875	57	38	,
f2103997-e38d-4845-83c9-0937d347c541	823	875	95	38	264
183fe1ce-656b-4d1a-bc5f-daeff8fee2df	823	875	95	38	;
d4b7ac05-a3b6-4186-b654-67978d8ca77a	923	875	180	38	daughters
20e1fc47-3018-44fd-a3b0-9713ff368891	1108	875	47	38	of
692da33f-8e2b-4ba2-8445-47c9eac0a1ae	1160	875	114	38	seized
021999ab-49db-4cdb-a5ae-0d91d45d258e	1279	875	45	38	by
ced3fa4a-d428-43ea-a3ec-843e66d97fc9	154	913	118	38	priests
24ba9925-4330-4cd2-8059-ff43591aa526	277	913	43	38	of
a082313f-929b-40b2-95b8-1d09d17b9b1e	325	913	100	38	Noah
d9cd8b54-0dd4-475e-af4c-3e0b9420e15f	325	913	100	38	,
a6d9ae97-5e95-4051-bd15-a18785040810	429	913	90	38	264
91cd1d3b-f358-402a-bd7e-92eff9309cda	429	913	90	38	;
9bfa8c6f-6ad3-4d84-91d7-82383c59596a	524	913	114	38	attack
5f42bc22-e287-42c0-80c9-2150f8d3e01a	643	913	114	38	people
0b0bed2d-f9bd-417b-bb9e-9077c65b70a0	761	913	43	38	of
b5ee8275-aa31-4b5b-a432-418f2af3e0ed	809	913	114	38	Limhi
67d7f1e9-ebb4-47fe-97f0-9798e05260ae	809	913	114	38	,
0408d8f1-6a4c-491e-95f5-4703a144beb4	928	913	85	38	265
58597547-f93d-4f20-9d79-b317439b9b92	928	913	85	38	;
255f262e-3ba3-4afc-97e6-8d1cc46c4130	1018	913	90	38	king
0359edbe-b84a-427f-970e-298c803f55d0	1113	913	47	38	of
3945efec-50b9-4d2c-b3c1-1355d372f296	1113	913	47	38	,
32d855d1-aedc-4e9d-9fd3-f3bf64db2ff6	1165	913	162	38	wounded
2881ef03-aa0e-4c84-976f-ecb5013ceaf6	1165	913	162	38	,
729a94cb-ef61-44cc-b3ca-08fa2c44a742	154	954	61	35	265
0cbcf0c7-9a5f-4af5-a778-404e2128e93e	219	954	17	35	;
0be3ae19-a624-4461-ad1a-7e6caf7c95e8	241	954	122	35	pursue
0f8e875e-951e-427e-a463-914778200cb3	368	954	114	35	people
71a98f55-bae7-4342-92e3-f4f9007dc599	486	954	44	35	of
2e0cdfd2-94d2-49d9-9994-922f80826a87	534	954	118	35	Limhi
f898a9a0-40d1-4a6e-8409-c36dc7f74151	534	954	118	35	,
211c70db-b04c-4a3f-b28e-d254dbb79163	657	954	87	35	273
9a44b4f5-7c0a-49ce-a1ee-6f720507bca3	657	954	87	35	;
bcce3ee7-6d8b-4fce-9498-059c77ce9293	748	954	83	35	take
22299105-daea-4d14-99e4-b4c452c5ad3f	836	954	179	35	possession
78d3685a-4695-41f1-8f98-fc27f8ae2d1e	1020	954	44	35	of
6d154be1-3c1b-4a52-8f03-8cf2f6ad2416	1068	954	83	35	land
cd824169-45d6-4786-bb52-e4420bedb9cb	1155	954	44	35	of
3486c1be-a91e-4da5-9c9f-74c1ace611d1	1203	954	121	35	Helam
91fe9345-f08a-48d5-a82b-5f7e83124420	1203	954	121	35	,
210fce7d-b586-4bd1-b2ea-4d9b64b1f506	154	992	88	38	275
be50063d-0fc9-4bcf-8dd8-95d3f65f4502	154	992	88	38	;
a1916f57-444d-4f04-ab32-f25e19a92a96	246	992	74	37	find
15f7c0fc-70bb-4594-b62c-b885f8f3b0c1	325	992	125	37	priests
ecff0b47-b3be-4040-b430-2b0f215b9a22	454	992	46	37	of
4701cc7f-9238-450f-a304-1be946137600	505	992	97	37	King
68ea8719-ba69-4cf1-90b5-b3a11bd66668	607	992	106	37	Noah
52352336-bc99-4d70-9ee3-7f28d23d101d	607	992	106	37	,
4a7a884c-4cbb-4212-804b-102c05a7c418	718	992	92	37	276
71eefcba-bbf3-472d-9783-93fc3e6f6e72	718	992	92	37	;
8fe671c2-95b9-4b70-9a92-ae0e53c26b65	815	992	143	37	discover
965ad9e8-ff5e-47b2-b664-55de2990a478	963	992	88	37	land
d4a6faec-92d5-42c3-845d-810ae8725851	1055	992	46	37	of
5be122d4-e966-4053-abb8-33b809dc0e97	1106	992	129	37	Helam
aea17723-aef6-4491-bd1e-d146f323b8ac	1106	992	129	37	,
0e0125ab-60dc-4aa6-8984-ffd090feb931	1240	992	84	38	276
6e198093-7b17-408c-9d13-04137b0a2419	1240	992	84	38	;
e42c9d70-3af4-4a04-81cd-6d97d82a8f59	154	1029	109	38	break
70b822f9-1706-46db-802d-25c3742a22bd	268	1029	166	38	covenant
68de30f1-8bc6-4fac-b342-40bf642a2c80	439	1029	95	38	with
248fd502-469a-4a4c-a748-efbd7fc8d80b	538	1029	114	38	Alma
29aa44de-8a32-4dea-b468-18765ec54116	538	1029	114	38	,
d6e2be3b-1151-46c8-860d-d5e02d642d6b	657	1029	100	38	276
8ba51cdb-7048-4d94-bd6c-35c95c21a093	657	1029	100	38	;
1be3387b-6184-4bfb-813b-92eafdc1cc5a	761	1029	95	38	king
08d062b8-8491-4441-b0ce-9cf988b7b814	861	1029	62	38	of
345a129d-5f4e-451a-8236-8e449358e7bc	861	1029	62	38	,
8d11f9dd-57ec-4527-8c3a-31609129c684	928	1029	161	38	appoints
68d9e8f9-219e-4734-a4b2-a21cf2294764	1094	1029	130	38	Amulon
69c52852-b224-4739-95fb-e73aa5569bcd	1245	1029	79	35	king
3b35e143-1221-4236-b163-1857e24df8e4	154	1067	46	41	ot
3feec781-455e-415e-9d71-118d649fa79e	205	1067	87	41	land
1c5df5a5-bbf2-451d-8b40-046a078e7305	297	1067	46	41	of
20be8a97-3455-4f2a-94b1-0202b3e0ce77	349	1067	133	41	Helam
3e7f3307-d25c-4524-9816-df761eedc337	349	1067	133	41	,
b3c93d6c-fe42-4639-90ad-64936f7e716b	487	1067	92	41	276
334816f0-bf33-4711-ac9c-c029840dc45c	487	1067	92	41	;
3f52df2e-9fab-4a6a-882c-7acfdc1f4b31	584	1067	123	41	taught
5b1bc5fe-688b-4a04-9666-4c2c704f094c	712	1067	164	41	language
a18d3a2a-63f9-44bb-83c2-320096da9014	881	1067	46	41	of
f5d34f92-b78d-47c0-bda2-c9f3a69c505a	932	1067	118	41	Nephi
8a2158b5-b064-4a8d-915e-ff002048fcd4	932	1067	118	41	,
199a6063-0eb9-4d7b-8fb8-089284fe838c	1055	1067	92	41	277
eb7ec0a5-add2-43e4-a627-4e160f0b7c0c	1055	1067	92	41	;
637de586-b732-4fa6-ab95-1c0af90f7146	1153	1067	128	41	taught
1aee7615-0983-4c6d-aaa1-ae19953f2205	1286	1067	38	41	to
0efb8498-972c-445a-9870-1346eacafa02	154	1105	87	41	keep
5bb0ee25-1df6-4379-9e6c-034bc5f324b9	246	1105	143	41	records
0432bb66-e954-45f8-960c-bd699231d79c	246	1105	143	41	,
8c8f8f92-07a5-44fb-b4e5-6e036447d8e0	395	1105	92	41	277
79619de5-9d99-43e6-806b-e40aad88584a	395	1105	92	41	;
d15224d6-1acb-4860-a857-dcaf4fa5a235	492	1105	97	41	grow
dc439572-1482-4c7d-8709-23fcb5228c75	594	1105	51	41	in
e101bd53-c098-4774-baab-319215b6f424	651	1105	205	41	civilization
14129a14-72e9-4420-aad9-d55ca3e99fee	651	1105	205	41	,
12719437-ccc6-492e-8784-09d3d7fdfde6	861	1105	92	41	277
b82df4ab-d0ca-4ae6-80c7-c7201cc4a902	861	1105	92	41	;
51fd72b8-42ff-45db-a51f-9fcc969f989a	958	1105	102	41	more
9546ef0d-0b88-481d-aa44-c862c2b14904	1066	1105	174	41	numerous
c8ab5efd-9825-49dc-8855-9106e441d7e0	1245	1105	76	41	than
1cf69de4-7c20-471c-aaf6-d90c39c960dd	154	1146	123	38	people
bdc8b330-5a0a-4c75-ac27-aac1e1308506	282	1146	52	38	of
0ee6628e-3b0a-4a15-87c0-03afc978f412	339	1146	195	38	Zarahemla
4f575d40-aadb-4fa8-bcd8-1e568183a109	538	1146	85	38	and
d068afbf-114f-4a9b-8ad3-9311c30b1290	629	1146	52	38	of
6cb91cc6-88dc-4fa2-a9b9-f9a9454b92e0	686	1146	123	38	Nephi
c800a1ac-9439-4159-82ba-790e04f96cb2	686	1146	123	38	,
89586f84-6491-4b6b-bede-c14a3b1ab6ff	814	1146	100	38	279
df831f96-e9a7-4fd2-b0c8-7452e2efaac4	814	1146	100	38	;
dc06519c-543e-4786-b652-e17418376d4d	918	1146	95	38	sons
c98d413a-851a-47d9-9317-a833f72bd25b	1018	1146	57	38	of
5a86774d-1ba8-45c9-8c86-6cd3f51e8660	1080	1146	138	38	Mosiah
2aad3126-e943-4b70-afe0-bd590ce470f5	1222	1146	57	38	go
59d1f9e4-a071-48b5-9662-0fe5ec51fa98	1284	1146	40	38	to
0c41f8aa-186e-4100-bb18-5edbf6911f1f	154	1186	131	42	preach
95a48658-fe42-41c6-b4ff-55ad49a5394d	287	1184	53	40	to
8c254188-b2b8-4cac-90a2-f89cd89651b4	287	1184	53	39	,
27f49e23-7ea8-466a-8246-5cc2cf405cf6	333	1181	118	41	291
10c02ee7-de5e-40dc-9293-1a474813aabe	333	1181	118	41	;
369ea2e6-1b28-4841-979d-81660e69ba34	457	1181	123	41	joined
70dc7a3e-55e4-4927-8c1d-326558304ef7	585	1181	61	41	by
b9f7af28-5853-42f6-9222-c13eca64cbcb	651	1181	179	41	Amlicites
f031c64b-bc79-4f0c-8fa2-0fe6039091da	651	1181	179	41	,
1dccd10c-cb60-454f-8bf8-2960feefdd7f	836	1181	102	41	305
7a78e9d8-8d1b-45b2-8e7a-b3b912e47097	836	1181	102	41	;
4a0863f8-fff2-4827-affd-eeee99dbcc8a	943	1181	97	41	king
b1fcaa62-7ddf-4205-a60a-36b7dd6458ce	1046	1181	61	41	of
cd8a0995-5b8c-42cf-9dfc-25aed8536be8	1046	1181	61	41	,
3b51ddf3-80ae-49d7-8e29-2cd89383fb2f	1112	1181	164	41	attacked
f50b85c9-c8b0-462d-b6d5-b7fee05be86b	1281	1181	43	41	by
0e9eaf09-b552-4bd7-ae79-3f7e2d72c379	157	1222	105	41	Alma
791184d0-872c-4857-860b-22bb41a3f85d	157	1222	105	41	,
965dfd54-f494-4e0c-bef3-1905a2fbe83e	267	1222	85	40	306
905912e4-8522-4241-b44e-de8059ad3c7e	267	1222	85	40	;
cf967f31-1c82-4f12-a576-910b524125d2	357	1222	150	40	defeated
b7207f59-499d-40b9-b9b1-ed444ae45700	512	1222	50	40	by
67350595-c936-4559-90a5-7e3bf3d683c6	567	1222	160	40	Nephites
edae9466-1203-4457-ba24-9cef5f4ff4d4	567	1222	160	40	,
556112e9-6ec2-4abb-9d3e-8b0c7729554e	731	1222	90	40	306
ac95bb28-758d-4fcd-9a81-0fdd768ad723	731	1222	90	40	;
92f8c59b-eda1-4e6b-8483-b884945db22a	826	1222	95	40	skins
2063ceba-e1ab-42e3-a510-21f634bf7ddb	926	1222	95	40	dark
7f503815-1b26-4409-be50-732783db0fb0	926	1222	95	40	,
fbbe585c-cf36-46a0-af72-f59f954891a9	1026	1222	120	40	naked
5f5712f6-5b24-4c5e-abe4-09f61386d7dc	1026	1222	120	40	,
64ab016a-7732-440d-8a35-f60c47389181	1151	1222	70	40	and
ddd27e76-629a-42eb-8253-60a548b1d820	1226	1222	101	41	heads
e04579ce-1ea7-4578-b8af-a2f85ff06491	154	1262	118	41	shorn
a72c72bf-bb74-490f-b9f3-9fcaab4dc901	154	1262	118	41	,
20fbd7ea-3ae6-44dc-a5ed-fa202ca84f15	277	1262	102	41	307
4e34e348-2510-47c7-a414-0e32f23cbef8	277	1262	102	41	;
31803210-f2d5-4298-a459-0dd72e2f52c8	384	1262	113	41	army
7316201e-987d-4113-b382-9ca8589f45ac	502	1262	51	41	of
e4176f40-1e82-4a15-823f-66a016acfa4d	502	1262	51	41	,
4d7723bb-d284-4b55-b767-c149705340b9	547	1259	167	38	attacks
f1cfd534-7865-4b9c-9ba7-3f21e851707c	719	1259	171	38	Nephites
c1be8200-747d-4743-8805-09eae05fb31f	719	1259	171	38	,
948b03b9-c245-442b-8a14-bb955646371d	894	1259	104	38	309
ee628816-b951-4a45-b264-716871404a83	894	1259	104	38	;
811e993c-5b26-4667-b697-46bda62142b2	1003	1259	147	38	destroy
0aed8aed-3070-4af8-94a8-c3bd9f7951d9	1155	1259	128	38	people
0d08eadb-c72b-4dcd-9832-37fba3064b45	1288	1259	39	38	of
9d1f0175-bfac-4db5-9d1d-b92920527f19	154	1300	213	38	Ammonihah
b2458523-bc24-4557-bd29-ec8635a07aaf	154	1300	213	38	,
79612b3c-708f-427b-ae81-fca4289b78f6	372	1300	90	38	359
0efc2d18-ba11-47d0-86ae-41c4a8023639	372	1300	90	38	;
d962c969-6794-44cc-adb5-4e5f5785cdea	467	1300	123	38	invade
056a6898-aa9f-4539-9880-694ce967d1e5	595	1300	138	38	borders
ca69877a-905c-4c74-838c-c55cd6063a02	738	1300	43	38	of
28ba39bf-1e7a-4ed3-9d42-fb4c0bc631eb	785	1300	109	38	Noah
9db2d3a9-7dce-4e7e-abd0-2c2c6296522d	785	1300	109	38	,
cd7bc202-b6df-4ba1-b1ee-593f4bc9ac92	899	1300	90	38	359
8f317bb0-4e0e-4d6b-9225-155a7f2b8b22	899	1300	90	38	;
5dc3e2a5-aff7-4d39-bb1c-ff58fb1aa678	994	1300	152	38	defeated
8e6cee0c-6a1c-4c65-8dc2-68f3a8fde851	1151	1300	47	38	by
7e3bd1b6-5c84-48a8-8767-1351798cc77b	1203	1300	124	38	Zoram
30b3675a-e542-4427-842f-4a35f2e303f8	1203	1300	124	38	,
5e70b1a5-2378-429e-817d-3440986cec68	154	1338	90	38	360
506374db-ecd3-4c87-be47-239714b579ba	154	1338	90	38	;
de4e1757-bf53-49fa-b880-f65846e03d81	249	1338	95	38	sons
56bcf7cb-b401-428b-915d-8b7ce62225c2	349	1338	52	38	of
bb047dc0-6684-4ef1-aa11-ef4ba514bedc	405	1338	138	38	Mosiah
eeeceb8b-989a-4537-81a4-ec4e69bfe302	548	1338	104	38	teach
b2d2f8ff-ff9a-40f2-99e4-1a04776e8522	657	1338	138	38	among
ce972963-231c-4b66-b676-64166d8be92c	657	1338	138	38	,
96c97e3e-d893-44b4-9497-f933485a563b	799	1338	95	38	362
562992c3-a64e-4ffa-aa9c-a06a01ccaadf	799	1338	95	38	;
f47f0f98-30ab-43ce-9a32-d681f1d2c01f	899	1338	176	38	condition
47eb1fc0-551e-4832-842d-b0b2d2fac3ed	1080	1338	57	38	of
782d3194-854c-4882-8f14-0497645fe386	1080	1338	57	38	,
a8b77116-c572-4e77-a601-e2113862fa3a	1141	1338	100	38	364
6d99df94-e879-4aa4-9250-5382a9160072	1141	1338	100	38	;
1f980ec8-29c4-4c3d-8746-a37a58ff95db	1246	1338	78	38	bind
e652fe8e-05f8-4702-9b5c-be20f1047e0f	157	1376	138	41	Ammon
a2f4d760-a742-40b1-bfe8-b02d42c89add	157	1376	138	41	,
d9c47d6a-9385-4252-b99a-495e5bbe9060	300	1376	92	41	364
518fd763-1141-4586-8bca-302b2cce963c	300	1376	92	41	;
3c2ad7e2-5565-4b6c-a42f-43bb58759671	398	1376	174	41	converted
e27067cf-25e1-48bb-b2b8-f5ec7713fbe6	577	1376	46	41	to
d92ff0d8-6122-42f0-ba8f-596354d9de36	628	1376	61	41	the
f7698755-7145-4523-a04c-68b205c518cd	695	1376	102	41	Lord
dfaadcbe-5391-4061-bec7-277f6634e28b	695	1376	102	41	,
686be813-3152-4682-8c04-dfa3ce4833aa	802	1376	87	41	376
3dfa5ce7-4808-41ac-b311-6abb97c4f5f9	802	1376	87	41	;
a5f1de79-7478-4efc-a910-9965da7688e9	894	1376	61	41	see
0a4716d4-00b9-4e07-bc1a-7abcf1b40281	961	1376	123	41	angels
e7f6a6bf-8df9-4de9-b111-7ca02202fddc	961	1376	123	41	,
5e7adaa8-2b4d-4264-8b8d-13f31265606e	1089	1376	92	41	376
23b87408-34c1-4873-8a6a-4d4a739060dc	1089	1376	92	41	;
6ff1cca8-1a49-437c-81c0-7b3303c81e3b	1186	1376	87	41	king
de971163-5009-438e-8c09-7410fcbbee66	1278	1376	49	41	of
f74f8173-4378-411d-aa34-e3d6cfadfcc8	1278	1376	49	41	,
23e3c41a-2586-4b70-a1df-0e60ba295af0	154	1414	120	41	smites
e7224110-8e74-4130-a03c-5af7f1acbde8	279	1414	145	40	Ammon
3168e403-885a-466c-a3d2-7693ba085f9e	279	1414	145	40	,
0c5997e3-e644-429d-bd3b-4face7713aff	429	1414	90	40	379
dcdd1d30-01c3-4640-bfb0-26dd7e7634f8	429	1414	90	40	;
f14ae962-d440-4472-9ddd-2b1771616ede	524	1414	95	40	king
133317f8-e7fa-4a64-a9f4-711a585dcdef	624	1414	55	40	of
d9ab0bae-25ae-4b44-9213-31f6fa3beeeb	624	1414	55	40	,
52b71801-73d5-490c-a7e3-86dfe2686787	684	1414	140	40	smitten
c979b360-badd-4868-bcd8-c4c34e14e61e	828	1414	55	40	by
b6223da4-5b5c-4178-abaa-367724586fbe	888	1414	145	40	Ammon
4aacde9d-0e68-4d21-97c8-b9643f8440ca	888	1414	145	40	,
59fb3bac-b34e-4ee8-acbc-58a443914689	1038	1414	90	40	379
eb8c0f85-72fb-456c-ab42-71789718cc67	1038	1414	90	40	;
b310f774-43fd-4323-be2d-c9a860ac2948	1133	1414	80	40	and
b5dd822b-e0dd-406a-9c66-37d9e843e18e	1218	1414	109	41	others
c46fea8a-10c2-4dc3-8287-f93985c5c9e1	151	1451	102	41	build
f1d55745-3afd-40c6-93a1-c74f4aed60a7	258	1451	77	41	city
e7c3a9b2-9843-41a2-8950-d14421c7c111	340	1451	51	41	of
089c8640-d39e-48a5-9528-c075174e9f6d	397	1451	189	41	Jerusalem
b9caa8bf-03c2-4aaa-83fe-22532009b364	397	1451	189	41	,
300c523a-e459-47dc-a55a-4b8479c6735c	591	1451	92	41	381
ef812aca-bdb1-41e5-9eaa-af551683068c	591	1451	92	41	;
df99f349-efc3-4f38-962b-f82aeda691bc	689	1451	108	41	many
e60fed4f-afb5-461f-93ee-0f5115bac9dd	801	1451	179	41	converted
1f4b2956-5aea-4d7a-b52b-8b76b7577c9f	986	1451	56	41	by
dc8fc86e-a09a-476f-ac27-eecbb96832b4	1047	1451	87	41	sons
066fdc11-ad6d-429e-b2ab-36e5aaa5761d	1139	1451	46	41	of
57707b4f-8047-4f99-995d-f8779377a70e	1191	1451	140	41	Mosiah
4bbfdd15-0938-4719-a484-c1dc99aa9f8c	1191	1451	140	41	,
49bb92d2-7f67-4420-96c0-f80abdc6b614	154	1492	87	41	382
91784e10-0c85-4b82-8cb9-e135eb83e638	154	1492	87	41	;
112438cb-6041-45bc-9039-462554ed6483	246	1492	92	41	king
651a2d04-314f-4a28-af01-aac5997c8365	343	1492	51	41	of
e6817fb6-1ef9-4460-b6f4-ccf5ba9eccf1	343	1492	51	41	,
d262d1d3-03bb-4c28-ac54-fef01d8e597d	400	1492	164	41	preached
0566338d-8e63-4a8b-ad40-5b7ad593bd3c	569	1492	46	41	to
38712110-484e-4e3f-9e98-9ce56decff7e	620	1492	51	41	by
0afec8a7-a315-4b79-b133-c67f3c0c75d1	676	1492	123	41	Aaron
685091a5-558c-4199-acb3-543f56f4f6ce	676	1492	123	41	,
50dbb136-ed1e-412b-98a1-75ada0999ebd	804	1492	92	41	384
b6a0a179-bd7b-4c13-af92-720aa3a4bae8	804	1492	92	41	;
1d459ce7-8233-4a2e-a18d-7fb5d2a861e8	902	1492	159	41	stricken
2d7c1d15-d55b-4914-b666-b7d9e4cc0d63	902	1492	159	41	,
fde20f3d-f6fb-4518-8020-15b144f2f70c	1066	1492	87	41	385
f302e95e-7218-4fe8-85ac-fe8c1a7dcabf	1066	1492	87	41	;
d445b0e3-521a-4b15-bc15-40c26e76fb55	1158	1492	118	41	raised
4f87f5c7-6a3b-495a-91e8-f1ce60890b71	1281	1492	43	41	by
30d861fd-122b-45cb-9811-86acb5855cb0	157	1530	117	41	Aaron
06fc2197-3799-4b00-b725-c5e7e1ca5116	157	1530	117	41	,
8d56ccb2-c1a3-4d39-b46d-e830d80219f4	280	1530	92	41	386
d1d5d103-02f4-4ab0-afc6-dbfcdae10829	280	1530	92	41	;
971ff5b5-22c7-4b6e-ba42-12f4939d8d15	377	1530	87	41	king
d0285874-d9b8-4db1-8890-b8bed4342bf1	469	1530	56	41	of
31f32e4d-9caa-410b-a08a-6ddb03839fff	469	1530	56	41	,
361de910-5321-4dba-a9dc-bf2e65ff8dbe	531	1530	72	41	and
c3e5429e-a96b-400f-b4e7-6f455c77b68c	608	1530	179	41	household
55068429-e3d6-4b31-a792-6b9034eaa6ea	792	1530	179	41	converted
b5b2b998-a705-4848-b103-6be9a70511f8	792	1530	179	41	,
61a2e552-8269-4265-9263-336c663fa8f5	976	1530	92	41	386
c3760743-45fb-4480-b395-ca5e62be0e0c	976	1530	92	41	;
3ad8d317-04a1-40ce-842c-bf094a4535b0	1074	1530	92	41	king
ec3550a7-648a-4093-b7e7-bd78ebd147d3	1171	1530	51	41	of
9fa939ed-7a6e-4c3b-acd8-aa6dadaed592	1171	1530	51	41	,
b61ff4bc-be2f-47f1-a837-a155ca124f38	1227	1530	100	41	sends
b9a55032-6ecf-4295-93a7-38bac0b78465	154	1568	236	44	proclamation
1d2ca366-857b-4c17-bb14-efe9824e20bc	154	1568	236	44	,
13df27ca-5ca2-408f-a3fb-c8f92c379ef7	396	1568	88	44	387
788591e6-b8fe-48dc-9560-9e9250925dfe	396	1568	88	44	,
b4d07bb3-4ddf-40d6-890f-8303ac99b59a	489	1568	93	44	388
085ad677-9ebc-4496-b285-be4c1cd03618	489	1568	93	44	;
d54760ed-7bb1-4ce0-9aa1-74e147542443	588	1568	137	44	divided
f76ed7e5-c9ba-4c15-8892-f8f1df254e8f	731	1568	99	44	from
9b4d5bc8-f871-45f5-bd17-9c727da8c3c6	835	1568	165	44	Nephites
653595ac-7e26-4cf8-aaa0-f84ade933ac7	835	1568	165	44	,
50f3c32d-3206-48f8-8d2c-4716601f4641	1006	1568	93	44	387
2b6be15b-69ee-4541-9d82-9fc2a2974a3c	1006	1568	93	44	;
10f8809b-2fb9-4896-9b68-85dc6c928dfb	1105	1568	165	44	territory
768ed039-2470-411a-8659-c96c7d538a68	1275	1568	52	44	of
983b031f-14bc-45c6-8880-464f17061cd8	1275	1568	52	44	,
0d5d4a3a-93f6-49f2-ba9e-1a1da53afd1e	154	1606	92	41	387
86c0eab0-100c-496b-8293-4adda4aaeaa5	154	1606	92	41	;
1d5287b0-4888-4bd5-9d95-9c838b1113f7	251	1606	149	41	fortifed
6e407371-4197-4dc8-a99f-0ffd1b8cfb19	405	1606	138	41	against
9175087b-ff2c-4242-a98a-b6e72e454562	548	1606	51	41	by
45021b09-8126-469f-b715-e6a79e306750	605	1606	169	41	Nephites
c7ea0ff3-e08d-4ffa-a0cb-2b13132b30d5	605	1606	169	41	,
1ae5568b-413a-4a6c-8d4b-cd1d789b63df	779	1606	92	41	388
7aa5b41b-9718-4c10-88ad-17518a62a6cb	779	1606	92	41	;
5435bba3-9fe2-4477-8f91-0c2be53c9cae	876	1606	97	41	king
af681585-051f-43ab-8efa-9189c434702a	978	1606	51	41	of
97d6a164-2414-49fd-8203-3dd18fdfb38f	978	1606	51	41	,
9b8bfc00-7100-45ec-9600-0e4a9168a2e8	1035	1606	154	41	protects
20216e0d-1c80-46e4-b941-3af80fd39a22	1194	1606	87	41	sons
c242dba6-d8d9-4abd-a3af-050681682e0f	1286	1606	41	41	of
9a8e1e27-7205-4fd9-8e3f-65c41cdb8876	157	1647	135	41	Mosiah
3f81e969-d0cd-4e40-aa89-4a0c2337557c	157	1647	135	41	,
1dea69b7-34e7-42cc-9697-19329220a1a6	297	1647	85	40	388
6e8aa3c9-4bce-4775-978d-f31287269697	297	1647	85	40	;
a4de5a41-0006-4931-bfa6-1ecc13a08b93	387	1647	120	40	people
d692715c-a6c5-4de4-9aeb-c1ab80e792a0	512	1647	40	40	in
23b4d3c4-ebe3-4034-a12a-4d2a8d1bcfe5	557	1647	105	40	lands
7d6310e4-ed8e-46e9-9fe0-0ee3309a3543	667	1647	40	40	of
0cee299c-8801-43ff-a0c1-f0941b925994	712	1647	155	40	Ishmael
c0b67d83-6257-47f7-98de-6aad33b096e2	712	1647	155	40	,
0121462d-8301-4c6f-abac-ae6ec5e77995	871	1647	155	40	Middoni
c7baf2e3-14fb-49e9-8d95-364cf071a3eb	871	1647	155	40	,
2a97c580-6825-4458-b585-125b604b0602	1031	1647	135	40	Shilom
054fd53f-5922-4601-99e8-192e350ea59d	1031	1647	135	40	,
ca796a67-802a-44a7-b6fd-977b2327f9c7	1171	1647	156	41	Shemlon
5e7529f3-4a31-4cb9-9083-dc83d23253c3	1171	1647	156	41	,
41029fe5-ff37-4c26-bd45-365fbc3f9166	154	1687	96	32	and
a29d7718-7aea-4737-8053-95e8f49381d7	254	1687	92	32	cities
181ea9bf-95e5-4483-a085-6f5753ffbcde	377	1684	67	41	of
29d1b098-e255-4c91-acc7-40488488f4bf	449	1684	128	41	Nephi
50b8f7fc-38ae-4519-a793-7fc3b906e3f8	449	1684	128	41	,
925a837a-ac81-4681-83c5-ad19acf935b7	583	1684	154	41	Lemuel
70594124-323c-4280-9f08-e973f4a4b82c	583	1684	154	41	,
985775a2-8637-44b3-98b2-24de106c90ef	741	1684	87	41	and
344b0cbb-0112-45dc-b2d5-a2cd198d2508	834	1684	205	41	Shimnilom
45b35078-dcfe-4745-8a14-e6eaa2c4f211	834	1684	205	41	,
73de1de0-5577-4259-8c9b-9206dd30c5f6	1044	1684	195	41	converted
8564de1d-2bdb-4324-a009-e3daba130399	1044	1684	195	41	,
332445ac-c026-4942-b3a9-c508cea8283b	1243	1684	84	41	390
b5b6d1c4-dd4f-4f3e-bf07-ac53c2cfc7a4	1243	1684	84	41	;
734146dd-90cf-48c2-bcc1-d9c58f351caf	157	1726	204	40	Amulonites
588de042-d74e-4755-9cdb-af8766150124	157	1726	204	40	,
5d76045f-052c-4dda-8f83-76e5109d9fe7	366	1725	204	39	Amalekites
41ed96cc-3932-44d9-aad3-3109be4858da	366	1725	204	39	,
eb020d0b-ba71-4771-a795-c0d2d56266b9	575	1724	81	38	and
6201ff39-a6a3-4b2a-b544-54c38bc44c49	660	1723	185	39	Lamanites
39324314-326c-43e3-8b69-268a68bbcf57	850	1722	95	39	rebel
ceb71de1-8542-4fe9-8d21-c496ad59b97b	950	1722	138	39	against
9613e5bd-cf4d-4688-b4f2-d81e782c6227	1092	1721	86	38	king
45d7fca3-8acc-416e-abf9-2b6973368656	1182	1721	48	38	of
e9e86161-274c-4653-86c6-8c35e7e55d66	1235	1720	93	39	Anti
764c17e9-9e9d-443d-a8b2-858100a2fbaf	1235	1720	93	39	-
a97d9a15-c460-4453-944e-a617a982d12f	157	1760	235	41	Nephi
40339340-0416-4054-a683-a233ab74eee3	157	1760	235	41	-
26ea54b4-d707-4966-946c-e41e1f72ed78	157	1760	235	41	Lehies
c8d7bd0a-8a68-4784-935c-a9d726660396	157	1760	235	41	,
2cf06b52-ed23-41f3-a696-43bc997ec656	398	1760	97	41	391
fa8b36ea-fd59-483e-9ca7-0b433864f9a0	398	1760	97	41	;
5afd0650-04cc-4dbc-a7fd-598dcb7a430d	500	1760	92	41	king
9a387aee-9ba6-4f59-85a2-c1e3d87d149e	597	1760	51	41	of
d44fd268-9a12-4857-99d1-7e03d5a6a0ca	654	1760	92	41	dies
104c6696-afd9-4668-a825-30b93a50f98f	654	1760	92	41	,
794d82b0-22fb-420c-aef3-5bd0356c95b9	751	1760	97	41	391
9f35448a-4733-4299-af1d-d4859b39e801	751	1760	97	41	;
8b6823a2-c0aa-4918-bd82-c087ec118da0	853	1760	87	41	slay
1955e7b7-9a8e-42c5-bf36-6444d2a92d96	946	1760	123	41	people
723000a5-0c16-44a2-86d7-fd0efde00363	1074	1760	51	41	of
9457ba4f-2ac8-44ec-a9a1-a16dad783c35	1130	1760	197	41	Anti
91d0541c-625e-4ba7-9677-49ddae865ea6	1130	1760	197	41	-
28618617-8786-4971-83a5-00710b23b020	1130	1760	197	41	Nephi
53cdfd00-f00d-4eb3-a0bf-c457ce64370d	1130	1760	197	41	-
b9ec73f9-e3f5-424b-9e7e-6ff7131a1056	157	1801	95	38	Lehi
1edf09e8-e9dd-46ce-b3a5-b8d2473911b2	157	1801	95	38	,
984c3ec2-8fea-4458-8462-2425b53a6e34	257	1801	100	38	394
9e953552-b6e7-4760-8a04-2b3043d05e98	257	1801	100	38	;
9804b160-b350-4fce-a09d-2f84a87a4f77	361	1801	119	38	throw
952cccfc-057b-4824-927b-8d281964c9d3	484	1801	104	38	down
701da076-77ee-4425-b4b2-8c5641a7f580	594	1801	166	38	weapons
ec1f3a0e-b3c1-4d93-8b8f-719f5816a67a	594	1801	166	38	,
19599f4e-b704-4ecb-b5b1-0bc22137e55d	764	1801	100	38	394
af195ad6-b13f-4268-9bc7-1577b920650f	764	1801	100	38	;
360e4ede-e60c-4377-99d4-e328d1fe100b	869	1801	85	38	join
f41c8f72-06c9-4698-8d18-2df45438f0fe	959	1801	123	38	people
bdc6bc19-8894-4e8e-8108-9c10a0f86e97	1087	1801	57	38	of
1e43e31f-d449-4099-a428-b46b84b8af09	1149	1801	85	38	God
f8358a8b-90ee-4af5-9764-2c9948b47262	1149	1801	85	38	,
0d1ae98d-bef0-4b99-84ff-6e4b5dfcafdb	1239	1801	88	38	394
66db0826-475c-41ec-8dc1-1da9769817b2	1239	1801	88	38	;
29b23471-844b-468c-958f-da428ba36e75	157	1839	111	38	swear
ff8e2681-615e-472b-bd22-e4d942cc68a9	272	1839	185	37	vengeance
d3e39772-57ce-4f03-9359-aecb0a4b266b	462	1839	139	37	against
8e951ef5-e62a-4467-b3b6-82f1674c7000	605	1839	74	37	the
1e158124-9038-4266-a7fb-85c50fc1c9c2	684	1839	166	37	Nephites
b8b78a98-7e05-47f8-9f9f-7cb326b5d26c	684	1839	166	37	,
e75d0a64-e2c3-4cb9-821d-a5f0f8f61991	855	1839	102	37	395
6018ed4f-af7a-41a0-bb09-49875971eab8	855	1839	102	37	;
4c240aa2-5afb-478c-9122-92e67b44f6ea	961	1839	185	37	converted
da260d35-2b3c-4977-8bb4-472cbe7d6237	961	1839	185	37	,
437ea526-b003-4ac7-8cf4-c0803291fbef	1151	1839	97	37	395
4fed72b6-379f-48a5-940d-2f4fa2643b60	1151	1839	97	37	;
72e657cb-825a-410d-9983-c16a363edc5c	1252	1839	72	38	slay
94d7c8e8-3351-4053-b787-c66259d71b36	157	1876	88	44	seed
a6b72983-f205-49eb-ade3-2b72891ac653	250	1876	49	44	of
22772862-4cb8-42ab-8bee-82d23fc7ef77	305	1876	154	44	Amulon
fe1d2a95-ff2b-43f8-b6d2-5f5e2187a2ff	305	1876	154	44	,
1324b764-1698-452d-a305-7956229213c8	465	1876	93	44	396
bb6c0506-bc3f-414d-8ef4-04fc3aa34a3a	465	1876	93	44	;
c8afa257-a99b-4a74-9119-d24f7e1c06d7	564	1876	99	44	some
374d4deb-4dc9-4e47-8906-706ca2d503bd	668	1876	88	44	join
d67b3ddc-cf5a-4429-9f46-a40678cccdff	761	1876	121	44	people
5317fd7e-c814-4e11-a64c-22b129a150a2	888	1876	55	44	of
b935a4c9-882d-4d64-bf12-0ec8008c403d	948	1876	278	44	Anti
f40bce27-8b4d-4fc1-b37b-e44da815cbca	948	1876	278	44	-
ee8f5c07-dd7f-479e-ae17-096ab042ef6e	948	1876	278	44	Nephi
3d7d5503-1086-4721-8c80-fd8be2aa65af	948	1876	278	44	-
c51b27d4-434c-4e4d-a90f-df701406b8d8	948	1876	278	44	Lehi
fb4d96da-561e-4321-88eb-d4151c71dddd	948	1876	278	44	,
a0be265c-d202-4630-8b6c-163600097449	1220	1876	107	35	396
cb54b2bc-1912-49c9-8a48-57788ffb92ef	1220	1876	107	35	;
c5895935-6799-4fa2-9c57-7f5e9b71b643	157	1917	118	38	follow
fa2d2b59-d346-490b-90ce-02a7920a46c7	280	1917	128	38	people
3886b7f6-3731-4914-92af-93ac8d675c0e	413	1917	52	38	of
773867f1-bbb4-4e92-a3bb-df491b1b1dd3	470	1917	142	38	Ammon
c4ed9e67-9e4a-4542-90d7-84672ab5a9f9	617	1917	90	38	into
46e3ace9-2be0-4fd7-81d0-7648b8786339	712	1917	199	38	wilderness
48108f14-0938-49d7-870b-ea4780ea5a3b	712	1917	199	38	,
b4512e6f-66b0-4240-bf60-0c7d6cde43ff	916	1917	100	38	405
46604d26-c944-4267-b478-4970cbf293e3	916	1917	100	38	;
128c3774-2c99-4842-8169-5cd0cc36b9d6	1021	1917	104	38	great
47f7a3d7-dac8-4f56-a6fb-6682b3b27f08	1130	1917	142	38	number
67411cde-8186-4674-b9d3-89feec247493	1277	1917	50	38	of
76438354-625f-453b-8f14-4a63f6bcfb11	1277	1917	50	38	,
1bb9c814-3aa7-431d-ab48-082040f473a0	157	1955	102	41	slain
2b69f0a9-26c6-42c7-93ec-fd4d270464e5	157	1955	102	41	,
7c5ca743-4d0c-41ab-b877-c37366c8fd58	264	1955	97	41	405
2e9c142b-9933-45db-8e81-56ba93654c53	264	1955	97	41	;
55654b5f-efcd-4f13-925c-6648144f1ec6	367	1955	123	41	driven
b1fa8ee1-5b63-439b-9e50-17e55b84dae3	495	1955	77	41	and
41ee38f6-81f6-433c-8716-4a05d58d1b82	577	1955	108	41	slain
cfa99fa6-0b09-40bc-b990-bcf18d7af162	577	1955	108	41	,
40e044c3-4808-4b21-8479-bb396944d3c3	690	1955	92	41	405
b5f8be43-592a-44f3-ad08-bc43ade54b18	690	1955	92	41	;
298ce6e9-f9d5-47a9-a139-3ac5a7977b99	787	1955	97	41	with
27361629-d3b8-4752-bd4a-fcd68eda5c85	889	1955	179	41	Zoramites
f56246a0-7c65-46f7-ad68-1d3ce297030f	1074	1955	102	41	make
7fb528c0-2373-439f-b6f6-5da23238ccff	1181	1955	149	41	prepara
78e69bdb-5c98-4a9d-a485-479f1fac5849	1181	1955	149	41	-
d0acccdb-0ff0-4ba9-96de-1665292f7b6c	157	1993	97	41	tions
d33a6c6f-b101-44cb-8cd3-85f81747e946	259	1993	67	41	for
08ec8263-f9d1-400d-9a2f-7a9b4207d1f9	331	1993	92	41	war
1cb7c123-cc30-4a21-8b4f-c4ec5042084e	331	1993	92	41	,
8af356e5-3ff6-4b1a-97d5-9606e028be46	428	1993	97	41	433
87b81871-58ac-405d-baff-fca489456e7e	428	1993	97	41	;
c0b80274-bc9a-453b-ad83-0ccb3dc07956	531	1993	82	41	war
53033e24-c674-405f-98c6-620dc168a328	618	1993	92	41	with
c9466b8c-2725-45eb-87f7-e978e1df4e50	715	1993	169	41	Nephites
33e2186a-027c-4388-9bae-270bdc28784f	715	1993	169	41	,
bad79233-333e-453c-a93a-b7c02f9f3b7f	889	1993	87	41	433
7ceef555-cc96-4bfd-9de6-c50f7ddac74d	889	1993	87	41	,
6f7a02b6-b922-4c4a-affe-ee2c9045ce52	981	1993	97	41	456
0d8402df-d5a2-48d1-bedd-cf7ecc76771e	981	1993	97	41	;
55346835-dcbf-4c9d-9aec-2f80e5cb5ec2	1084	1993	184	41	Zoramites
cdb7933c-e8aa-4ee1-ae92-24738ab21a9e	1273	1993	57	41	be
15033cd2-0b8d-4522-a82a-a331513f824d	1273	1993	57	41	-
63058ad2-4f0a-4b0b-b145-df4352900e85	157	2031	110	44	come
0d57495a-f5c1-48b3-b50e-e382f7be8431	157	2031	110	44	,
5c08cfa3-cf78-467e-873b-69899cdcb12e	272	2031	104	44	456
2a921e98-16de-4ae5-a280-8f42f610b352	272	2031	104	44	;
33b715bd-e1d7-47ba-824b-833afdbd4843	382	2031	104	44	come
6db01744-c68f-4d8e-bc04-3b577fc3b0e9	492	2031	88	44	into
92c232a6-943f-4551-9a99-6297799209de	586	2031	104	44	land
506ed7c0-e0f4-4ba4-88a6-9715ea178978	696	2031	55	44	of
250147e3-0615-4b0d-8770-03d95f515775	756	2031	192	44	Antionum
4cfdf93f-e3c4-4b19-9149-9e9066f7903b	756	2031	192	44	,
ec622613-eb3d-4b4c-ac98-8dfb42667fda	954	2031	104	44	456
fe855294-5753-41fb-9d74-2af4473f7a4e	954	2031	104	44	;
6429f308-c2bd-4478-95a4-e382bdcdfd5d	1064	2031	175	44	Zoramites
1b59a720-fb43-49fa-a004-341052ba4111	1249	2031	79	31	and
