ID	X	Y	Width	Height	Text
c4a12893-db45-423b-8bfb-65633f1acfbd	645	60	176	48	INDEX
d76637fb-e921-4ef0-9703-5eb061daf2dc	645	60	176	48	.
718517ee-8a01-479b-b594-cdf8c2920a90	1264	63	72	38	807
5bf0b1fc-9ede-48e9-a5d5-34a9e1d58c6a	164	139	47	38	of
74fee633-e352-4fc6-83b1-fb24203886c7	215	139	116	37	Israel
a5565751-425e-48de-a428-4106d4509793	215	139	116	37	,
75a2cd34-3a67-403b-b473-a088fe21be28	335	139	92	37	694
45b19ee7-89dd-4434-b271-42f78f0a4736	335	139	92	37	;
9338748d-8113-4672-93d7-671cc0c06023	432	139	83	37	gets
fea9a770-f7cd-4b93-892d-580dcda3c948	520	139	55	37	all
6d7d14d8-0569-4c2b-8cca-0baf4705c6ef	580	139	134	37	records
ae3507b9-8c2b-4938-ac3a-a0d590e35359	719	139	69	37	hid
3d8f7c22-9e31-4fb6-a409-42befb13d367	792	139	51	37	by
88e584dc-31af-4f38-a083-ab8ca397edd8	848	139	185	37	Ammoron
565ec16a-c14f-4118-8d41-2e3537408100	848	139	185	37	,
8abe762b-081a-47f8-90a0-f93d220c6282	1037	139	88	37	698
719d721f-5302-40df-9792-eb8f4c7c0158	1037	139	88	37	;
1e91e299-c539-41e3-a89f-da9608ea3069	1130	139	106	37	again
22fbb6e0-d2e7-4577-8193-cdb528726fcd	1241	139	93	38	takes
6f28953b-57f0-4402-a919-f250ad1a4da4	167	179	171	35	command
07b2d8f9-08c2-4cc8-9292-fd276476b179	167	179	171	35	,
14746e18-620e-4095-b7c4-fa90f6e4140d	342	179	92	35	698
a4875f08-e35a-45d0-9dc7-67c80ec5c7fb	342	179	92	35	;
2ef6ca75-bca3-44ee-8aa2-5eb6fe88aab4	438	179	140	35	defends
72eeba21-8143-4230-b35b-cbacbe5cdf9c	582	179	131	35	Jordan
02defd1d-c22f-433d-8622-045314f65b00	718	179	74	35	and
f1282159-a517-473a-a65a-8933e51434bf	796	179	101	35	other
bbda6b54-da5b-41b3-b8ec-16a0c7c385c7	901	179	101	35	cities
633a8e21-2f83-48fb-b8bb-96de5441be48	1006	179	140	35	against
ab6658d3-66c4-49db-9121-7ea8fa4c252e	1151	179	186	35	Lamanites
d8228dce-fec5-48d8-9556-8ea98cb00265	1151	179	186	35	,
668694a8-906b-49ae-b80f-58a49d1726a6	164	214	87	41	698
95895d80-f1c9-4234-a1cd-07f355c06d46	164	214	87	41	;
0f6a3332-01e5-46c7-b267-9ddeea504906	256	214	200	41	abridgment
45baec8e-2bd8-4b13-9f73-121c82e7decc	461	214	41	41	of
3231d16b-26c7-458e-813b-bdaf203bd69e	507	214	123	41	record
52c24764-42f4-46d7-9289-f47f45c1996e	635	214	51	41	of
691b9bc2-1947-4cfb-a9bc-ef845013ec7f	635	214	51	41	,
b7b772ef-2ea7-49bc-aa65-6193de6bd305	691	214	87	41	699
630ca3ea-bcb1-46cb-bfbb-905603bf936d	691	214	87	41	;
d68e9dd3-d70a-4839-9088-f67cacc537c5	784	214	51	41	to
7430ad8f-0289-475c-8462-53988757d9f8	840	214	108	41	house
e05cbd58-5f91-487d-a806-7574f4fc4114	953	214	41	41	of
c6e44558-9699-4762-a0c1-d2f57964a936	999	214	113	41	Jacob
734cd67c-9b86-43e6-8d10-38452dd2921f	999	214	113	41	,
cffcb689-7a05-46b0-9b82-c2270ac1fb98	1116	214	82	41	also
e06d9e72-de62-42aa-adbc-4e94b3dc15e3	1204	214	46	41	to
e39c400b-0096-4f60-b5ec-83cec17c4361	1255	214	82	41	Gen
390a1249-8952-4d73-be4e-88a6fb192291	1255	214	82	41	-
496a78a1-e7f7-4f16-b844-e64c834452dd	167	255	86	38	tiles
ca7bc68a-b4aa-4329-a0be-c5b8e3e559e3	167	255	86	38	,
c3107c21-3024-490b-bb10-975c247bcee2	257	255	90	38	699
eac4503b-2b34-46b4-be36-1532c9abb110	257	255	90	38	;
8688262f-1b06-4de8-9bd1-a70272f616f8	352	255	133	38	finishes
18f8a2a3-bc79-4007-8be4-90213d68e4ce	490	255	128	38	record
d0ca8ed5-450e-4654-a45e-33fa16555c2e	490	255	128	38	,
ac0ca705-8bd8-4ad4-8438-668f856e652f	623	255	90	38	701
cc63ea73-ec9a-40b3-8e23-2320a3a55f0f	623	255	90	38	;
8f33d4fd-bc24-40e9-be77-0ded637e5bb9	718	255	114	38	writes
2e7f5505-5f20-46d3-aa60-59cf977e2bd7	836	255	119	38	epistle
cb94d612-969d-4a18-add7-a9c1239465cd	960	255	43	38	to
b205ea31-16f6-4307-bb39-e1d4d1be6562	1007	255	90	38	king
d7a19d5e-e75f-4cc1-9e48-c0c7dcfea480	1102	255	43	38	of
88b45273-9e99-4d62-af70-76ab33d807cb	1149	255	187	38	Lamanites
db913fb3-4f82-4494-8741-66605bb75d7b	1149	255	187	38	,
640a08dd-6d9a-4da4-ac30-a0ed303cc21d	167	293	86	38	701
b7a86587-dd87-4512-aee1-7bfd48c18395	167	293	86	38	;
59fc17e2-43fd-49c8-a6e3-7443c263759c	257	293	104	38	hides
dee24cc8-50be-427a-8d1b-22bf032eb4a1	366	293	138	38	records
dbc78f6d-a0fc-47dc-9560-7359d6fec235	509	293	47	38	in
2486fb49-97bb-4007-a9f0-7aa3cccd6966	561	293	71	38	hill
5c78dfd4-6534-4b95-be05-497deac4f373	637	293	176	38	Cumorah
5b656fba-edfa-4cf2-acec-32190682f697	637	293	176	38	,
33fdd07d-2288-4d70-ae7c-e6e94ca55da1	817	293	90	38	701
304cd977-9819-4603-9c10-bab34fd3c090	817	293	90	38	;
71507910-c553-45e0-a5d6-8434697a22ca	912	293	171	38	wounded
48802b58-5f64-4b76-983b-a3261e9b7067	912	293	171	38	,
e2c40a39-3584-45c7-9c1b-e95aa6b80fd7	1088	293	95	38	702
38bde55d-22a5-4d27-9b35-fa95bc51bdee	1088	293	95	38	;
9800c77b-cba9-48e4-90e7-2f4a4bc67986	1187	293	149	38	lamenta
f3c85fad-e032-4d57-83eb-f88362f36e13	1187	293	149	38	-
089c2f9a-68c0-41c2-b527-2e645d7d2f58	167	331	80	41	tion
1d0fa6a7-66ef-4193-8d07-d7f7877fad73	252	331	60	40	of
9472dac3-d4d0-408e-8b30-9ff3ce4c4cda	252	331	60	40	,
7f1475d6-8b10-4829-94b5-9212c76d38c0	317	331	90	40	702
1a85da9b-f5ca-4303-998b-b52746093d6a	317	331	90	40	;
9e7d5863-eedb-44f5-8999-30bf39f39eb3	412	331	130	40	speaks
ff6298c4-e27b-4403-8b83-0fc20c0e80cc	547	331	50	40	to
df0e633d-1a6f-4604-a31f-e67dbb19c130	602	331	165	40	remnant
33be34c6-6dcc-4ce3-8c5e-1be38f84b2b5	602	331	165	40	,
a7c2762f-a494-43a6-b2c6-7f69580882e2	771	331	95	40	703
763b2d81-9d9f-4d6f-a256-c758ff38b899	771	331	95	40	;
07113be5-41d5-441a-a770-2f0c99f951cf	871	331	100	40	slain
9345c6a8-9b00-4527-b55d-a8459465ccc3	976	331	45	40	in
67f8775b-dab5-4bae-b7fb-289ad8fb07f6	1026	331	125	40	battle
778c0c45-28da-4935-9a8a-fe1aa34fef00	1026	331	125	40	,
44352798-b281-434b-aa8f-cff8a5365f3b	1156	331	90	40	704
2886873e-37d2-43a4-a7fc-4e6ca2397ff7	1156	331	90	40	,
e0295dea-c48f-494c-8acc-12cfe55aea6f	1251	331	85	41	705
fec80df5-3e85-4b51-b170-f8e57a061e8a	1251	331	85	41	;
16e505bc-f81f-4cbf-999d-c38a6620826e	167	368	195	41	descendant
5c3c8699-cc8c-4066-8c8b-f6a34ad6157e	367	368	51	41	of
92e990da-d5dd-45d1-b4f4-a7a2077bf02a	423	368	128	41	Nephi
f2db44d7-45cc-4135-ad64-b9f0d4013293	423	368	128	41	,
129bb4f3-c3d1-4210-9be7-1ed0d6894fcd	556	368	92	41	706
0475e76a-bdae-4901-a032-4522e7dddf23	556	368	92	41	;
ca879cba-9751-4bf7-a95b-c1311546828d	653	368	123	41	words
1fcd2585-3b19-4980-a494-e1f236f49e97	781	368	56	41	of
3ba144f9-64c6-45f0-9fb0-4a69b90d7f02	781	368	56	41	,
0b62443a-e4c3-458c-b909-e9127b1a8f68	843	368	97	41	763
b38540e9-4ed6-4ac9-b49f-c33c52f50f2f	843	368	97	41	;
2150f172-eafe-4bb8-b5dd-403846d26861	945	368	128	41	epistle
06a0ad8c-7e14-4e93-ba47-b6160c6e9469	1079	368	61	41	of
b66f89a4-f226-4389-8797-6be6caa53970	1079	368	61	41	,
30b4ea12-39d2-4b3c-9382-915ea11900e8	1145	368	51	41	to
27280271-736b-467a-91ec-9f6bec2df8cf	1201	368	135	41	Moroni
143385b0-7687-4e88-95d3-8b6b8279f985	1201	368	135	41	,
5822a2db-3598-4d75-8a4a-7fd477e9a420	167	409	95	38	768
3ba9554a-a856-4e48-9689-e4ea4242d58b	167	409	95	38	;
7dfe5e25-a57f-4e0b-8096-62ba4cce7aa2	267	409	133	38	second
fb594fd5-f5e4-48e4-9248-9e4361e18f06	404	409	133	38	epistle
7f13c793-35e8-4b02-bd5b-8a25bc203dcd	542	409	57	38	of
c06ff9ad-07c5-4848-9c02-22b9b9891fd5	604	409	57	38	to
834c7cd5-377c-4d29-b462-f9e1acd66325	665	409	152	38	Moroni
403ab9db-e8e3-49db-bf0f-dacfd7ff4f4c	665	409	152	38	,
144084aa-bbfa-4bf6-ade3-8b35d0e35bc9	822	409	100	38	771
e8187905-5c9c-4bd9-b0af-66c2b05556c0	822	409	100	38	;
f482d720-3c65-4a37-83b9-a49306289fdb	926	409	81	38	has
e875917f-33f3-40ff-b30a-1209cc4a294e	1012	409	133	38	sacred
bfff2b27-8657-47ee-8ebc-ed0e4eb99882	1149	409	142	38	records
286fecb9-2c7f-4d16-8a03-f670e84aba10	1297	409	40	38	to
436076d5-661d-4611-9c94-4ab59e586046	167	447	124	38	deliver
9f1495a5-e6c8-4e37-929c-625c3714e075	295	447	47	38	to
37cbd07b-9ee5-44c8-85b2-d7e7d9621fc2	347	447	142	38	Moroni
fd607003-3292-469a-aa6d-889fc1324cd6	347	447	142	38	,
0f3e4818-cc6f-4476-a1dc-9622e4b5eb82	494	447	78	38	774
ee5d9c54-63e1-4f0b-bf66-1213ea527ddf	494	447	78	38	.
46a2e1c3-df4c-4622-a33c-9f6780155012	129	485	154	41	Mormon
d110dfe1-7c2a-436e-bff7-1a88855f93ac	129	485	154	41	,
7cb0b0fc-ab06-4ad1-aec5-09de1ee9b776	288	485	102	41	Alma
57d197ad-7bca-42e8-b8ec-e7533a666802	395	485	86	41	and
e251ed53-6d43-4c92-853b-4775477845ff	475	485	165	44	followers
c04076b5-659c-4bc6-a023-f7c7082ac10f	645	485	66	44	flee
46554eb9-0c6e-4b65-b69e-68860ae26e8b	717	485	60	44	to
d1174b72-833c-461f-99ee-09987687c922	717	485	60	44	,
2ef2883d-2f78-4c5f-b646-bd0cc8b880d0	782	485	88	44	258
23ffde5e-f21b-4a5d-a24e-fd41976c1749	782	485	88	44	;
2ee7bbc5-c25a-40b9-b9c1-cc2caa098f47	876	485	132	44	waters
eb6c4b5a-324a-4334-9cf1-5db6f3e3782f	1013	485	55	44	of
07bbc974-a038-4217-9259-9977b4e8ec9a	1013	485	55	44	,
5045bb1e-7a23-438d-ac85-289982c271be	1074	485	82	44	258
49f82a0b-5fce-48e4-a682-fc7edef34da8	1074	485	82	44	,
ac4bc8d2-7d28-444d-83e7-a2231a4a6436	1162	485	82	44	259
99718fea-2218-471f-982e-664dfdd170c4	1162	485	82	44	,
19f64119-0721-462d-8aac-2c6c469e61d4	1250	485	90	44	261
f13b1f8b-c95e-4f98-86b5-da0e97af5bd0	1250	485	90	44	;
a6ae98e1-cc1f-43cf-8be0-63b524a17ec9	167	526	92	41	place
f04340af-d42e-4223-b2a2-e4b6631cceff	264	526	56	41	of
f45d0299-cdd1-4865-9796-e7500f4c2c42	264	526	56	41	,
f0071344-daae-423c-975c-316c28df101d	326	526	77	41	258
2334e56d-bd11-406a-9f98-8f4538d19e29	326	526	77	41	,
a910ec82-b9f9-4de3-a12f-81ac4a1a895d	408	526	92	41	261
4ae6e9d3-fa89-49a6-b2c1-c2b4c58f27c3	408	526	92	41	;
b1bfdd5f-e7e6-4468-adc0-49cae10bac07	505	526	179	41	Jerusalem
08c8d1e7-d7ea-443f-aed0-b97abbf1e48b	689	526	51	41	on
be2d537f-f022-4919-85c7-4a3ba004c22c	746	526	67	41	the
40f68c8c-c102-484b-ac13-20dfa0d3ead4	817	526	133	41	borders
723148f3-ab94-47f8-b189-9ece52053150	956	526	56	41	of
33f70a81-a1d9-4b44-bf9a-b52c4dc0b4ea	956	526	56	41	,
fe91221c-f872-4d1b-b726-8cc9d60fde48	1017	526	74	41	380
7d3c5ebf-b1d7-465f-8cac-bc7cee015f7b	1017	526	74	41	.
cdb5f4eb-1b58-4c85-b7ce-f53931d6b69d	129	564	145	41	Moroni
03e7230c-9d0b-46d3-9996-3a8c11ba951e	129	564	145	41	,
d882c332-69ce-4c8f-b629-70025ef3b448	279	564	75	40	son
60e8a288-32bb-4a44-b05a-ba4c5770eb8a	359	564	55	40	of
970fbc2a-debe-4861-8b2c-8b2ff04cd2cf	419	564	165	40	Mormon
fcbcab62-d565-4a61-bb72-60ea584ea464	419	564	165	40	,
27638cd1-318a-41f5-992e-b21672931c81	589	564	155	40	receives
b50872c0-da92-4e1e-94be-7cff4986c98c	748	564	125	40	record
2ecdfe25-5117-4fdd-bde2-6102c3126f96	878	564	105	40	from
ac697bc1-f47d-4925-a5b3-e6ddad24ac0d	988	564	160	40	Mormon
8e6e7482-e63e-4bf3-ba35-82551d89cf8f	988	564	160	40	,
7262855a-f038-428d-b6ca-be8193a5a47b	1153	564	90	40	204
3663e237-02df-48fd-b631-304a467b02c9	1153	564	90	40	,
6342f8c1-c3eb-4428-8d09-1658e06e64a1	1248	564	92	41	701
d9fbfc37-0827-4b89-a683-cb2bf5aff25e	1248	564	92	41	;
af68a48e-59e3-405a-b843-b0e9416c1bbc	167	601	40	32	le
da1d8b48-41a0-452d-9213-560543ae685b	211	601	68	32	der
e54951e2-e182-44f2-93b8-fb4e7e47986b	283	601	48	32	of
f0878dcc-23a0-4fe8-8088-cb942c9fae0a	335	601	64	32	ten
0fc8dcec-d0b1-4334-bab6-fdd232d41e53	403	601	157	32	thousand
7af8fe31-fd7c-4072-91f2-4fcaf8f9f583	575	592	165	50	Nephites
0c331c07-ea41-4e73-85d4-01e8e6ef059c	575	592	165	49	,
d73f917d-ae1f-449a-96e4-384f57d9a5ac	745	595	83	48	702
b1cb4556-91b1-41d0-afa2-0c850b2addcb	745	595	83	48	;
2dfed1d7-6b7a-43ea-ab0b-af3fb2dfef3c	833	596	142	49	finishes
aaeb7b50-6878-4a72-a580-81421e5e6813	980	598	118	49	record
8a57988a-3488-49c3-a721-bc904ad6d54c	1103	600	42	48	of
58484ad3-134e-4edf-8d2e-9381b90d7c00	1150	601	65	48	his
c5693c40-169a-4db2-a118-ecfefe1b04bd	1221	602	119	50	father
665cd9e9-7bef-4c61-aa7e-f96e45928ce7	1221	602	119	50	,
e62a253c-f9c4-4532-8768-3867d52fec97	170	639	82	41	704
ebda62b8-02e3-4516-ad31-815b6d4ecae6	170	639	82	41	;
3268231e-517d-413b-8844-0039e084bffe	257	639	82	41	lone
02e85dc5-85e8-48f4-8ed2-dda9d12810a3	344	639	149	41	survivor
d375bf6c-cf83-4851-83f1-5b39b3b12082	498	639	46	41	of
651cd270-53f5-4889-9638-7c634c7bfd9e	549	639	164	41	Nephites
a05c8da4-17e0-4271-b65e-bb96ba8fee0b	549	639	164	41	,
d9b8fd3d-3e29-4d4c-ab44-8a41743886ff	718	639	82	41	704
c2e09a76-4740-4d71-8180-82316ec8a86e	718	639	82	41	;
7f638cb9-a5d0-426d-ad6a-88e217bab6ed	805	639	102	41	hides
5e621f27-ce52-4f45-8598-c760c33b6dba	912	639	123	41	record
3fd778d2-a15f-4161-a78a-2fe7568833a7	912	639	123	41	,
5f733960-5d39-4776-abf0-ac6410936b90	1041	639	87	41	706
100a73d5-475f-4af8-b0f7-c846d72e1631	1041	639	87	41	;
326dd81d-52ce-4068-b7e5-583413189ea9	1133	639	164	41	instructs
b45e4e71-49c3-45db-932f-7f657f354803	1302	639	35	41	to
4e4ae9fa-604d-430d-9a94-106ee7e9f49e	167	677	118	41	search
73417725-939e-4428-b7b6-c96664cfec67	290	677	159	41	prophecy
e49c3426-e267-43d3-b5d8-aeea116feea7	454	677	46	41	of
56422411-46e9-4734-9487-cdd87bfbf43d	505	677	128	41	Isaiah
44cb8b26-aa2c-4dd0-bccc-aaa83e924325	505	677	128	41	,
31f23147-bbab-44a2-9587-752ec07bb7f0	638	677	87	41	707
28c65f52-d29c-4219-8bdd-b130bd7639ee	638	677	87	41	;
23098e44-5dd5-41a2-9cc5-486ae3732d4b	730	677	184	41	prophesies
0f36f992-93d9-425f-9e86-047642121080	920	677	189	41	concerning
38ba8677-4bee-4069-9dce-7d3252cc617e	1114	677	128	41	coming
0f8ba486-b13d-461c-84e1-b1c58d2197c9	1248	677	89	41	forth
65d65786-e37f-4d17-b815-c48672c09a22	170	718	51	41	of
99593f1e-f693-438e-a089-20928a614229	226	718	133	41	record
50368ffc-576b-4da4-a216-de7dabd67cd3	226	718	133	41	,
dcf9d8fe-42e3-447d-8360-ce742d3192da	364	718	102	41	707
22a3fa5d-9460-4c1d-b68e-e02baabc3be5	364	718	102	41	;
f7d19b6c-ccf8-416c-ad41-2c1ef10f1091	472	718	143	41	teaches
77333718-c609-452a-bbc1-7b0d960979f2	621	718	200	41	concerning
595b5c0a-7260-4744-b510-35623618f0b7	825	718	230	41	resurrection
71f0757b-f82e-43a1-a028-50a170e1c259	825	718	230	41	,
084ed3e3-de5b-4f9a-adb6-2fc5b577b8b4	1061	718	97	41	711
c6ebbd5b-1d3d-4e16-b334-6694ed3845d9	1061	718	97	41	;
991a9c89-9de9-447a-8b43-a4bc68fa9fa9	1163	718	133	41	writes
9797d01e-a84b-4164-ab4e-83dd2dedf395	1302	718	38	41	of
aa7b9a1e-154f-4567-96f2-4110edacf15b	167	756	174	41	language
1ed1f581-4bb4-4043-b8ff-64900dd138c0	167	756	174	41	,
ce8774cb-b00b-442e-af5c-d9cb283cd4a9	346	756	102	41	713
b0f8cb09-262e-44a8-9884-c7c022ceeae7	346	756	102	41	;
7c644a25-8f49-4e4f-91e4-a0c6447cd21d	454	756	108	41	gives
e60ca06d-c7a8-4474-89cd-c10c377bd2d5	566	756	149	41	account
357391a6-c77a-406c-94fa-0a12bb96b336	720	756	46	41	of
7d87dd57-1e9f-4c65-92ef-0b4ccad3008a	771	756	143	41	ancient
b460e564-4db6-4dda-b4e1-527a2e46e358	920	756	209	41	inhabitants
60f08439-3125-4d03-bb1f-0995a3b77c1b	920	756	209	41	,
5c59f45e-353a-4f53-88a5-99fe87494f46	1141	758	109	36	714
42e7b884-17f3-44fd-9797-5848603eafb9	1141	758	109	36	;
ea433b7f-3cd1-4d09-970e-d08ee2d00239	1255	759	88	36	com
1d53c55d-d2ff-4e73-8c43-80e11754abe3	1255	759	88	36	-
5e777541-bbd9-40c6-b00c-9858cda86663	170	793	138	41	manded
c3e00cca-ccd4-4099-8254-7af99054c148	313	793	41	41	to
f7df6062-4702-4ccf-ac0f-5b36dcc063b7	359	793	77	41	seal
0e55b357-8887-419a-8db3-7038837ed2e2	441	793	56	41	up
5f8600de-7ec7-4b75-a206-fea3e2b729ff	503	793	133	41	records
e72c6e6d-894b-4020-88a3-eff013cdcdfd	641	793	41	41	of
3ebd0856-60ac-44e8-af78-3a3b47b1a720	687	793	138	41	brother
6341ce86-55ab-4ce4-9247-f5533cd069a0	831	793	41	41	of
766d513d-0c45-485e-b791-19d15e48d44e	877	793	118	41	Jared
51c9d46f-5b8b-4fbb-bcbf-5e38c4827cee	877	793	118	41	,
b04f8fff-df55-4202-90a1-30731a30a1bf	1000	793	92	41	724
b4d4f578-cd47-4423-8a29-387923b3396f	1000	793	92	41	;
f1355326-bf72-4316-b17d-b303621f6fc0	1097	793	113	41	writes
352df949-bcda-41bc-883c-27f07ac9f81c	1215	793	128	41	accord
0a17e40c-9cb9-4a5a-b232-49df5d33c960	1215	793	128	41	-
81511115-ca06-4dc3-b3b6-3ab625cbb084	170	834	67	38	ing
574ebb03-407b-4049-94d5-2f817c5f0e3c	241	834	47	38	to
511efe9c-e9d4-4f6e-af95-4ccf8fceb102	293	834	157	38	memory
f8541a69-3fc0-492b-a0d5-d0027fd7f38f	293	834	157	38	,
523a49ed-70c4-4fd0-ab12-6e7cac73e9d2	455	834	95	38	725
50f9c62c-25b3-4f4b-a018-88366743605d	455	834	95	38	;
b1a18fd3-0050-4248-90fe-e0bff5be26e5	554	834	138	38	teaches
a687e56d-b855-48eb-b22f-2002c2f5129d	697	834	195	38	concerning
07d578fe-2a9d-4b3d-8106-9bebd36a2ff2	896	834	109	38	faith
2a238e86-7ad4-4dcc-b7af-45b0e362ea33	896	834	109	38	,
85dd7b66-5eda-4297-8ea3-87eebdceecc9	1010	834	95	38	746
a7802d2a-2afd-41ff-95dc-84717fff038a	1010	834	95	38	;
d0f372c1-a769-4cfb-8de2-9b90505f920b	1110	834	57	38	on
4d8bdd88-a3d8-46ba-8d6c-143db54380f1	1171	834	100	38	faith
b86087a1-226e-4090-8e29-8426de136f1d	1276	834	61	38	and
55dcdd02-ca9c-459a-bde7-aaa7422e1d6c	170	872	143	41	charity
b6667078-74b2-4b22-91c4-b6bf407d5374	170	872	143	41	,
e6c07ab0-daef-4fa3-9c0d-775160d67f3c	318	872	92	41	748
b7b032c0-1940-4d8f-aadb-bab581ca6ef0	318	872	92	41	;
b506a5f9-571a-4b96-b520-6224167552cd	416	872	87	41	bids
d3038aa5-b63f-41ba-9f33-8e9de315fa7e	508	872	154	41	farewell
bdbe7c7f-fe84-42da-a799-e2e2a886a407	667	872	51	41	to
94fa26b6-2885-47e3-835b-cd9e7c3009d3	723	872	164	41	Gentiles
cd22c183-9b3b-4aaa-9af4-d4c3816c28bd	723	872	164	41	,
9952819d-df90-44ff-8d57-50c6c3ac4ce2	892	872	97	41	749
ad1e2985-7ccd-47c0-9448-6a59267578f1	892	872	97	41	;
9f29a2b1-4f26-416b-a1ae-13e6ac559b21	994	872	92	41	ends
bb9ac1e1-3239-4993-b066-5bc9a2866ba4	1092	872	205	41	abridgment
39e41afc-4a21-4abb-ac73-37fe8982aa68	1302	872	38	41	of
4394c199-3d8a-4913-878b-f5723fe090d4	170	910	114	38	record
45accef8-58ce-4e7f-aaa5-156cf9c704f2	289	910	43	38	of
7f89a374-1389-424d-b124-e7157363078f	336	910	119	38	people
0e25f386-2d82-4a57-bd98-571c02db4cdf	459	910	43	38	of
532afc88-ab1a-4f77-9135-89c6675f4455	507	910	119	38	Jared
c1131449-853d-43c4-b0ce-be58d2ce77a6	507	910	119	38	,
67b77ff7-d03e-4418-9614-d178bbf54074	630	910	90	38	760
dc41402d-39f7-47ef-b460-d2bac809c12f	630	910	90	38	;
a17fc0ad-0a78-4405-a43f-59d053dd7693	725	910	142	38	resumes
b2ff64ca-805c-460e-a1a8-a9339cbeba4f	872	910	147	38	writing
b1ca80e8-0036-4b90-9aad-c5aeeb1311fe	872	910	147	38	,
0a25340d-f5bb-4cb5-ab72-71a839b923b6	1024	910	90	38	760
58b872bc-8dd0-4925-8c86-c09ad6585bfa	1024	910	90	38	;
2c702112-8a88-4b03-ac36-2972a77698c7	1119	910	114	38	writes
e801e13a-2e24-46d9-b651-8b71811f41b9	1238	910	102	38	words
9712643f-3a11-445b-8051-448617f1901f	170	951	52	38	of
0d28b87e-882b-4fb8-87c1-06a0ef6302da	227	951	166	38	Mormon
f4ec9e54-8dd8-4b54-97ad-02874c43ba65	227	951	166	38	,
7aea6357-6814-4a55-8a7d-a79dbb311638	398	951	100	38	763
eb6b81cd-59e3-4f8e-8a4a-59cb0e8287fd	398	951	100	38	;
49a061a3-86f0-469a-98eb-8c4a6a9430f7	502	951	133	38	epistle
b410cb05-4dda-4f28-b641-a51cce1906a7	640	951	52	38	of
4235c3e5-3bb2-48a8-9c70-07ee86ef5a82	697	951	157	38	Mormon
2c7ea645-9fec-4f9d-b608-80057381eae5	858	951	62	38	to
33ec523d-cd32-4b10-8932-42a7f9b67eb7	858	951	62	38	,
e648da17-f47c-412d-87a3-2913545502ec	925	951	104	38	768
80e6ad03-cb58-43a1-8a61-dd1faf1cecb6	925	951	104	38	;
8e241508-b20f-4dca-a95a-f360cd3b4c21	1034	951	128	38	second
3d62807a-4e69-49eb-8a8f-949a4fc7c174	1167	951	133	38	epistle
7c888315-d922-4576-a322-f5a02f057af6	1304	951	35	38	of
8aab2aba-830f-44f9-a0bc-8cec4655c7e8	170	989	150	41	Mormon
4a2aad99-36f5-4fef-9247-475f559a41b4	325	989	60	40	to
3671405b-0d0b-414f-a13b-b1ec67009600	325	989	60	40	,
bdae1486-0131-490e-a171-1ae416655c47	390	989	95	40	771
a8b6465c-7ee1-40ad-b114-b010a2925338	390	989	95	40	;
d76c58a3-3982-4e41-9334-4b4fadc945a3	490	989	155	40	Mormon
66b0b939-6d04-44d1-9bb6-9b1fb2dd9cbf	650	989	75	40	has
71a651a7-fbf5-4d3e-9067-cf6ec7c7e681	729	989	125	40	sacred
6e28d757-e645-4f7a-8440-390e685b5e82	859	989	135	40	records
4272d48f-3b3b-41ab-81e4-5364292e6f55	999	989	50	40	to
051c5540-a9ed-426b-9540-cb42c2e55044	1054	989	130	40	deliver
83dbeba9-7fac-4c7f-a166-23dde1f8d721	1189	989	60	40	to
67627b49-8565-400d-8a7b-0aae32974cc6	1189	989	60	40	,
035d9593-3364-45a3-a800-55d52aae012e	1254	989	89	41	774
2fc7e35a-53d1-47b4-8784-5d40743977d5	1254	989	89	41	;
2a22d4e8-f4df-4759-9a4b-234d9537e41c	132	1023	138	79	Morrite
c95c213c-a080-49d2-b128-6a703cca92f7	132	1023	138	79	,
92051e9f-f59e-41b3-9b2a-ecc299c05df9	280	1023	227	79	holamptate
a253281c-0bc4-481c-80d9-d828b72b5afa	517	1023	49	79	7
aab969e1-e152-4963-8e01-6d75b552b337	576	1023	158	79	Nepheels
1178296b-427d-42d4-889e-7df18becacf7	744	1023	89	79	45T
ad9432da-e164-4f30-87ee-5176e11790a0	744	1023	89	79	;
ac503432-548a-404c-8338-f48317a256f6	842	1023	99	79	cores
f8d4512e-2d7d-4d1f-b729-48c5c920884a	951	1023	49	79	a
2638d2cf-39c8-44cd-8bdb-ea991a2e10f6	1010	1023	128	79	manites
cc8111ca-b2de-43fb-a608-188e71af854f	1148	1023	30	79	in
0736d89f-37e6-4be6-a276-55b4c9b2bd6a	1188	1023	158	79	Jersbon
c6470179-1ef4-42e8-b31b-c490fc91cc65	1188	1023	158	79	,
292966f5-17f0-464e-aad7-93b2d82c9d26	170	1105	85	38	457
c4d0e3db-b946-4328-9801-2be2e49716c9	170	1105	85	38	;
2ae4b112-8a93-4a09-9c62-259dc05dac57	260	1105	109	38	sends
6ecb28d6-11d3-4cf2-a34e-3fc9f4f26054	374	1105	81	38	men
404d0209-bf49-4be4-b49f-b030d0ea3f20	459	1105	52	38	to
89575554-d289-4723-a9c5-638b8854d6f7	516	1105	109	38	Alma
6858e76f-a205-45ed-906f-5cb3e77ae076	516	1105	109	38	,
d0c04a7c-c058-459b-b6a9-5c91400dca67	630	1105	90	38	458
da73acc3-ff1a-45f9-a2bb-2f7ca6cd4138	630	1105	90	38	;
67939ad4-6efe-491b-a075-37aa124854a2	725	1105	104	38	takes
232420d0-91dc-4a96-ad80-3a0a1b7a048e	834	1105	85	38	part
1635c70d-5fa4-492c-a4a9-081c107d2545	925	1105	47	38	of
078d197e-0157-4c45-8374-0bba9517f1bf	977	1105	100	38	army
94da994d-46c9-41d9-8079-e0ad25f17a10	1081	1105	47	38	to
e44c94de-1a4c-4a45-b0c5-8630c3a2307a	1133	1105	90	38	near
d49753d9-f3a5-44b4-a9d7-6b5da6bfd46f	1228	1105	115	38	Manti
376a57f1-0762-471b-bcae-80ed70db17c1	1228	1105	115	38	,
19bc0447-4bb9-4254-99e6-8d92bcd321b3	173	1143	85	38	459
06ec07cd-c796-43ec-8fda-0fae7782a643	173	1143	85	38	;
113838fa-3339-45c4-8cd8-028cccc03b17	263	1143	104	38	takes
044d9b91-95de-4b81-a82f-f88da3145ee2	372	1143	90	38	part
4e79008d-535b-44ae-b01b-b446daa07821	467	1143	47	38	of
dedbe1be-4c43-472b-963b-52a19a2acc9c	519	1143	104	38	army
08fe6489-1191-49db-8740-e955493daf59	629	1143	47	38	to
a4cb0fb9-9a0b-4fd6-8e1a-533297bd929c	681	1143	76	38	hill
3da923ff-095c-4e4d-88a8-4ca6356163d7	761	1143	133	38	Riplah
74cca383-6f42-4558-bdd6-0400e9b41534	761	1143	133	38	,
aa5a99ee-4cde-42f6-a87a-e11e32d61668	899	1143	90	38	part
4d6cabbd-8e03-4aa6-9b85-aa49a8a9d7a3	994	1143	47	38	to
255e74ee-f98e-4085-a577-c80b2b674377	1046	1143	100	38	river
55ecf2d0-3495-40c3-8239-1ee75343fb3d	1151	1143	119	38	Sidon
ffd6fe62-6228-4823-b01c-1279ff4ca480	1151	1143	119	38	,
7bc4f3b4-20d3-412f-b403-d4869769f3c0	1274	1143	66	38	and
0c999505-bb57-4b93-8e4e-d79a98744370	173	1181	118	41	Manti
5f8978de-07e1-4c68-9aa6-2b299432ab71	173	1181	118	41	,
55b55134-ee26-422d-955e-26524811ff38	296	1181	87	41	459
434c2727-3b59-4743-a0e7-3fb3bf107e46	296	1181	87	41	;
3d79ea16-a2df-470d-bdc5-10e732357af1	388	1181	113	41	meets
8fb9e8ba-4c1d-4c94-9abf-e5c036682aa1	506	1181	184	41	Lamanites
9a74d34f-86c6-4ced-ad68-f7f6201268a4	695	1181	87	41	near
7a6382bb-dbd6-45a3-a3e5-7f4d821e327b	787	1181	118	41	Sidon
e39165b3-1b02-435c-879d-fee441d9b843	787	1181	118	41	,
be588e23-bcc3-4252-86f9-cecbe6964243	910	1181	92	41	460
92e231d2-94fd-4e3c-bc22-46a2bf52f130	910	1181	92	41	;
d49ce3e0-f545-4129-8243-686f2ffb9895	1008	1181	174	41	addresses
2ad5ddd0-7af3-4e54-8591-0322d51dc275	1187	1181	159	41	Zerahem
3962b201-abaf-444f-941b-73b0f97ef0cb	1187	1181	159	41	-
5ed66200-c0b4-41f3-928d-9d8c37b93f3c	170	1218	87	41	nah
8d5f28d9-4dbc-4f22-94d5-fac06bbe542a	170	1218	87	41	,
af3acb35-b90a-433b-9024-8559c3bcc75f	262	1218	102	41	462
e9933be6-d0b6-4d1d-a797-d982bd799758	262	1218	102	41	;
9e1c938b-3c9a-4b88-a55d-d9ca100fda85	370	1218	149	41	receives
273b5400-dfb8-404e-8dd0-d8f5ab37cb7a	523	1218	179	41	surrender
3a2dbed2-dcc4-4be2-8454-41cdffb50ae1	708	1218	56	41	of
afc13f13-fe44-46a7-8c55-aa04a4c3b6f8	769	1218	230	41	Zerahemnah
3200f6b4-65f5-49ca-b7d8-3159785ad425	769	1218	230	41	,
031a3f24-69f7-4cf0-bb0e-f7ce9ed6d812	1005	1218	97	41	463
536233e1-6eb5-456c-8661-b8cf92cf5128	1005	1218	97	41	;
df9efc07-1a02-42da-a617-716c5e4348d6	1107	1218	184	41	addressed
07c01e43-04f9-4cdc-aba2-05b41edfb1c9	1297	1218	43	41	by
24126f6f-b2d9-4a05-a737-375f9b821e69	173	1256	220	41	Zerahemnah
17a173f6-d2a4-4145-afe5-82a7821d0c54	173	1256	220	41	,
c78968ac-f978-4602-be7e-6a695888e5b6	398	1256	87	41	463
d4c4c802-6434-42c1-9ca2-f5cdc300c611	398	1256	87	41	;
171bfd60-d2aa-443e-a1e6-ff4d2054ded5	490	1256	133	41	swords
b66a3d3c-cc1c-451e-933f-bae4a24b2bc5	629	1256	77	41	and
5ddfdc1e-14ad-4e55-8302-30e2d7344564	711	1256	154	41	weapons
9a2c9876-479d-4c54-bcd7-3992f194faa9	869	1256	46	41	of
cca4c960-98f8-48d7-b636-e54fcc085b1d	921	1256	225	41	Zerahemnah
106ae3e5-d2d9-4248-9b37-c049726ebca8	921	1256	225	41	,
4c684f9b-ac4c-4199-8c81-eb0b66898b29	1151	1256	87	41	463
d60fe25a-8534-42eb-aa0f-5e96c64c8fbd	1151	1256	87	41	;
90228c24-97fc-419d-9589-d1fb51ccdae8	1243	1256	97	41	many
ea3d37af-37da-43fb-b91b-db8f13ffc4ca	173	1297	179	41	Lamanites
a3ae266f-dbab-453d-b353-86f2d479f2ac	357	1297	169	41	surrender
a01be7be-c0f4-4ba8-b4cb-6ada916b14fc	531	1297	51	41	to
6a3a82e5-2f15-406d-aa0e-cbfd2db7beae	531	1297	51	41	,
9e5fc917-babd-41a2-8394-d9a1fadd996a	588	1297	92	41	464
fa598f8b-efff-4559-930c-8ab606cb1ed2	588	1297	92	41	;
2cd61203-a428-406a-a47e-aac49cab7d73	685	1297	123	41	renews
7ab47e8a-56c3-458a-a73c-516f6469587d	813	1297	108	41	battle
6d6bd4e2-2490-477c-974e-438b4ff6802c	926	1297	133	41	against
5b243643-3c41-4c6f-8035-6d400d81d6d9	1064	1297	189	41	Lamanites
079a7924-3edf-40d0-a32b-079cb2c284fc	1064	1297	189	41	,
ff10858f-f280-4642-bd0b-9185882c28b3	1259	1297	84	41	464
1c35d4a7-8339-4002-8a05-20f4a68489b0	1259	1297	84	41	;
bd02812e-eaca-453d-923a-67a84740c484	173	1335	142	38	disarms
3917fd6a-d56f-48ba-8853-b6fff427aeb3	320	1335	81	38	and
30e97df1-74df-4d2a-9afd-febf5de29d6e	405	1335	138	38	paroles
2db5d87e-a332-4f25-ab9f-f75ff253a536	548	1335	199	38	Lamanites
53501974-d8f4-4db0-9cd2-de3644dfe311	548	1335	199	38	,
6a7e563e-1968-4fbc-9fbd-b931e66dc010	752	1335	95	38	165
5e5a053c-faf8-4857-b91c-c2cd6b55e877	752	1335	95	38	;
92930ec7-10b7-4306-90f4-30852739a3f0	852	1335	142	38	returns
f110b83f-38d1-4d81-afd5-1bdd323709e9	999	1335	95	38	with
73f569fc-7e86-4f09-afec-c74cf93d5fb1	1098	1335	104	38	army
abbb3b03-f485-468e-82bb-39c56e9b4bed	1208	1335	52	38	to
b1ea4892-25ff-430a-a37b-86b5518ded9b	1265	1335	75	38	land
ee4e353a-2c30-4bac-94f1-714b2c863e81	170	1376	48	38	of
b9d8b1ff-e27b-443b-89cf-919b4518d494	222	1376	161	38	Nephites
58cbe91e-f50f-4664-9cc2-670f2f4de40a	222	1376	161	38	,
9a3af37a-9885-4e71-9675-4db42ea1679a	388	1376	90	38	465
4c0cc856-5045-45a4-98dc-456496bf2874	388	1376	90	38	;
882fbe9e-f04c-45af-a86c-dbbf3a709d6a	483	1376	119	38	writes
2bd2620a-e1f5-49c6-927f-690704d042c5	607	1376	52	38	on
fbb5efb8-9a2e-4908-be4f-2c9fec233835	664	1376	95	38	piece
bf438e2e-fca7-4812-ac52-71cb5af34988	763	1376	43	38	of
2be8687f-9d22-485a-8825-3d6f6daf8351	811	1376	161	38	garment
d1150590-f650-4e51-a5ba-fa3e28b3a758	811	1376	161	38	,
8a1b7be8-0c04-4ebd-8a62-8f7f37848081	977	1376	90	38	469
2feaeb8d-1da2-4756-9ffd-3671c2f1463c	977	1376	90	38	;
0b1534ca-24f4-4967-a15f-69ae2a7c846a	1072	1376	104	38	prays
fe8bc107-f15b-4a51-96d1-8b47c0fb5d4b	1181	1376	62	38	for
68b45afe-8795-4d4c-8199-f7bf86992e67	1247	1376	96	38	cause
1f3a16dd-b89f-4f3c-a682-4e2697fdc5c8	173	1414	51	38	of
c623af45-d398-4256-8fdd-8c913205da62	228	1414	194	37	Christians
f0520126-3824-4e5b-8d7c-dc8f388b9203	228	1414	194	37	,
41d0f06d-05e3-4353-bdd3-bd49bd2eaa42	427	1414	97	37	470
5e44a2d5-27ed-421b-ba97-ed39dc4bb9fa	427	1414	97	37	;
07cb1043-113d-4ac5-a5c7-17c125b79b29	529	1414	185	37	intercepts
ab75e607-fb8d-484b-968b-5d69e517cbdc	718	1414	106	37	army
5be94ed5-c83f-475e-926a-19489e9c724a	829	1414	55	37	of
19e6a085-4303-4ab4-9c70-50adec2a8d6d	889	1414	213	37	Amalickiah
2999b900-ff4b-4e6c-8b6e-b5cc1faeee53	889	1414	213	37	,
24e138f6-2722-4663-9251-cdd538241d12	1106	1414	97	37	472
5c279560-91ff-40bc-aa93-eccc343960ea	1106	1414	97	37	;
85d81b82-8960-4579-a9a0-04fef4523f9f	1208	1414	92	37	puts
73576a5c-f6b7-405c-9330-cc1ce1c00e5f	1305	1414	38	38	to
1001c5d8-f4cb-4f21-a5cb-fe083e6bbaba	173	1447	102	40	death
ff21b867-5ced-4a6d-ad7f-93f89615ebf1	280	1448	98	39	some
ebbd8f2a-aeb8-43ae-b383-4d755768fc59	382	1448	49	39	of
564e251c-0358-4175-9b30-2440a0494a54	436	1448	68	39	the
a9e4da9b-9290-42c9-ade8-8beef9081de9	509	1449	268	40	Amalickiahites
e37622a6-b544-4f82-a585-50d6025edbfd	509	1449	268	40	,
c07a0b17-4740-4a10-9c66-c7ead7b10ee8	782	1450	93	39	472
1eed21b7-5e9f-4d3c-b309-84e51ce79a7d	782	1450	93	39	;
1cc172d2-d372-4171-ad7c-30f9b8faa3f3	879	1450	122	39	plants
a428f90a-5d1c-40f1-82a2-e6067cfd512b	1006	1451	166	40	standard
5b99b7e6-7f56-4e79-bd62-2b8f2dd716f6	1176	1451	44	39	of
ad1efd96-ff30-472f-adc7-0022ff299ff4	1225	1451	115	40	liberty
eaef5283-62fb-4611-b5eb-f479fb5a169e	170	1489	123	41	among
82681ea3-4bf4-4f94-9d93-71438ed6d2b4	298	1489	164	41	Nephites
c35b847d-3a50-4d9f-ba0c-9afdcaf4ae7b	298	1489	164	41	,
c364f07d-947e-40bc-b1e3-4a08748b3e9b	467	1489	92	41	473
24f9b72b-4486-4bb2-818c-fa849f09103e	467	1489	92	41	;
9344b679-5667-43fe-beb7-07e88225cefd	564	1489	143	41	fortifies
b17ce479-3053-4457-b7ae-bdac8a8d30f4	713	1489	97	41	land
a0bb3c1b-1ecb-438f-9a18-e86ab9d2afd0	713	1489	97	41	,
07a057f6-c540-49c3-b038-3c1a599611cc	815	1489	92	41	478
c62017a2-279f-4af7-bfa4-af67b004f970	815	1489	92	41	;
04913a9a-3ddd-4a54-a4f7-c1425f02fde5	912	1489	200	41	description
3e9138b9-757f-4464-b603-0be59b17fb4b	1117	1489	56	41	of
c560959e-a599-4fcb-8fdc-d24fe93c866c	1117	1489	56	41	,
e4882620-ba71-431d-a918-d71d77213a16	1179	1489	92	41	479
5c077694-4de5-431b-8b07-f0634e3dcec2	1179	1489	92	41	;
9ab6d6aa-09f2-45e4-bc88-ecf944319536	1276	1489	67	41	like
10c27944-d25b-4230-ad7f-eb8eaee9c45d	173	1527	87	41	unto
686d7717-e360-4f5b-ba57-90e798fbf362	265	1527	102	41	Alma
fc1d8af9-8d53-4552-a51b-2efd58792de1	373	1527	82	41	and
d5576be8-8b70-4c2d-aa1f-5c1282288bbb	460	1527	149	41	Ammon
7e878b20-0f6f-457c-b8a6-cf90508edbd8	460	1527	149	41	,
e66d48d9-039d-4ea3-a6f4-8485ff696ec0	613	1527	92	41	480
4a0ab7f0-31f3-4a60-a4ed-224bcdf158df	613	1527	92	41	;
d6422ba4-8944-4187-83d8-d988a081bbf2	711	1527	164	41	appoints
c6dd3274-a240-4dbc-a8bf-7fb92a703cd4	880	1527	87	41	Lehi
95e8562c-e4f2-48d8-9fe3-47f1395e5c87	972	1527	97	41	chief
a76cc4cd-effb-4abb-8e17-01000c9d159c	1074	1527	138	41	captain
80b835aa-67ce-42ca-afdc-9b4ae8295a66	1218	1527	51	41	of
7c96ef92-965a-4368-af9e-af44b4d3d6ca	1274	1527	66	41	city
e2998ace-31a6-4ab8-9c34-4242fa86fee3	170	1568	51	41	of
34b50568-640c-48cc-a47a-bdc0e0da3d0d	226	1568	108	41	Noah
febbb3d2-fb23-433e-99eb-f12cbc2ffc73	226	1568	108	41	,
e9cb9e45-91d7-4898-ba0a-eb36ec42211a	339	1568	97	41	482
a7673a1e-eee5-4e4d-a69a-6ea9f54ec0b0	339	1568	97	41	;
a76a99eb-2905-4fac-b82f-0e902001d920	441	1568	174	41	continues
9edebfea-6aea-4bbe-aafc-f2710bf7e934	621	1568	210	41	preparation
bd4422ff-c1ec-456d-9739-40bf55985a8c	836	1568	67	41	for
6fa811af-8fed-4c1e-b427-0db48dbe168e	907	1568	143	41	defense
9dae38ab-3aad-4fa1-9287-cda55f7e70a8	907	1568	143	41	,
bafa8df2-ca61-442e-a1f6-4acc7f709c92	1056	1568	97	41	485
4797e5a1-ee0d-4a33-a635-a2273427fa0e	1056	1568	97	41	;
5992cacf-f338-45b2-bc05-d62b726fc39e	1158	1568	118	41	drives
7413a3be-5535-4576-8ba0-04d36067ccc1	1281	1568	62	41	La
61c613a7-6891-45f5-ab63-45c10b3e0654	1281	1568	62	41	-
899a25ba-5515-4c58-aaa4-d1bf7665b41a	170	1606	148	38	manites
70e93ead-1af9-4e79-bc97-9c8fbd1f1630	322	1606	97	37	from
e960604e-1004-45e7-a62b-b998b8fc879f	424	1606	88	37	east
edded57a-5e1b-4d3a-bc20-ff8702362ee7	517	1606	199	37	wilderness
7935c727-7d14-47c2-9b74-d6d341d91fa4	517	1606	199	37	,
3ce449bd-fc3b-4a60-a7ec-c081367ef8af	720	1606	97	37	485
cbf5bd9a-a42e-4213-a99c-a022f60a5e6f	720	1606	97	37	;
e8d1c18f-a95c-4576-b88c-4e9458900e37	822	1606	236	37	maid
faa19997-4f29-4113-b58f-7fa0df200a7c	822	1606	236	37	-
f30e3164-c6e7-44e5-bb87-486af3d48b26	822	1606	236	37	servant
f17cf8b8-3d15-43af-af29-8b6807e56cfe	1062	1606	88	37	tells
ad2d6e5e-3d0a-41f3-8a08-7ac79fbc6cca	1154	1606	111	37	about
cb369980-dab6-4fc3-8d57-da2b44961612	1270	1606	73	38	peo
ef1534a4-9285-4a27-a15d-fe447cffdb44	1270	1606	73	38	-
8b3fa20d-9653-4fb7-aeda-0dd824caa790	170	1647	65	38	ple
4246d6c5-a138-4e81-9e80-10e708c8f017	239	1647	46	37	of
e2f5f5fc-1882-4950-95d9-feb58cf4ce7b	290	1647	194	37	Morianton
845ae3a1-8963-4f94-8238-b00772394ac9	290	1647	194	37	,
0df299ac-0143-4759-bbed-963e73c594da	489	1647	92	37	488
dcc4c58f-3a9a-48b9-a61f-1e61017630f6	489	1647	92	37	;
414591e8-7f3c-4e18-9292-2250af4b3b82	586	1647	102	37	sends
7d147bae-b8dd-4a88-a7b4-6b508502c22e	692	1647	102	37	army
6a221753-1657-410c-8840-8492dff6d186	798	1647	46	37	to
4ff936bc-b8f0-4366-8230-3bc14da5f68d	849	1647	92	37	head
38ad5ac6-d7a8-4e42-b1cc-b51b7ba35f3f	946	1647	194	37	Morianton
dfcaa158-acb2-4406-9dc6-994c750ab56e	946	1647	194	37	,
e5583997-9e02-4c9d-932c-d4c40ada36de	1145	1647	92	37	488
098ccef9-6d9d-4236-ae41-9e6ca22e8e52	1145	1647	92	37	;
d279de87-0c6e-483f-b9f0-28eddee489e8	1242	1647	101	38	heads
6fbcbb50-8f3d-4e4a-a7f4-c04f611b2657	170	1684	104	38	them
a9510cd0-4049-4c20-835e-97a081c2f66d	279	1684	57	38	at
19ef2ed2-d9e9-4617-8982-20f904340bca	341	1684	204	38	Desolation
a9a43ab6-15f5-4635-ba94-aa58460e5926	341	1684	204	38	,
07427dbc-505d-45d0-a11c-83cfce15c69f	550	1684	104	38	488
d764be8e-a26c-4d43-9e01-119c1d95bdc5	550	1684	104	38	;
0c849c7c-8106-4717-ac6c-a2e2b78c8933	659	1684	123	38	wroth
acb02b96-b2b6-45af-9353-9674b13f1795	787	1684	100	38	with
7d4e809b-2077-4385-b2fc-0ea155a7bdaf	891	1684	95	38	king
ff67d31c-b4ef-4d1a-969a-2341182d27aa	991	1684	100	38	men
934f4b17-1d16-495f-a0ea-a508c2d2f455	991	1684	100	38	,
e02ecd0b-5f1c-4116-9db0-7428adf9c28c	1095	1684	100	38	491
1d99a11f-a71f-4b09-8a9e-e331a7044bc8	1095	1684	100	38	;
e4235249-b910-48f2-be2b-dcd40959d578	1200	1684	143	38	marches
9714a62c-8d29-4fd6-a2a3-96c8f3750a82	170	1722	133	41	against
ae4ece15-f1ad-45ad-aea3-ac7b9a2c6338	308	1722	92	41	king
89605053-5e05-49fc-aae5-1784070eef6d	405	1722	92	41	men
4a21e333-fb51-4955-99fc-7f1aa41e89a2	405	1722	92	41	,
1627cc80-6821-43f2-8b5a-87dd1792d376	503	1722	92	41	492
383f8a37-3e27-4730-a9d5-8342c8b37535	503	1722	92	41	;
77ff127e-a8d7-42ba-acfa-9b6d5bdd378e	600	1722	87	41	puts
0834f8ec-1e32-420e-8fdf-46e120660efa	692	1722	77	41	end
ff692934-b73d-449d-b6f6-a5e7e53e6663	774	1722	46	41	to
7019bde1-7305-434b-9780-03909e2cdd29	825	1722	92	41	king
519a5dcb-baa9-4306-b7c9-29ab7e2a578a	923	1722	92	41	men
f6a63279-7d4a-46f6-8ecc-048736c16ffb	923	1722	92	41	,
93e90de3-97a3-46a1-aa68-df49752d248e	1020	1722	97	41	492
386e6405-efeb-45be-9902-554bd41256c6	1020	1722	97	41	;
118fb4db-65f5-43b4-ac42-f46670a75498	1122	1722	108	41	sends
f504882d-5cfe-41e3-8fd5-e91fabac5473	1235	1722	108	41	orders
e36efb9f-7817-42d9-960f-cb2cee471a80	170	1760	56	41	to
2d1b74af-8bf6-4c0e-87c8-6247d13ba2dc	231	1760	169	41	Teaneum
7e190571-5e02-41dd-8011-13bce3a39048	405	1760	56	41	to
6ea10bb3-b027-481e-91e3-edee0a0980d4	467	1760	133	41	fortify
70e8e44e-ec70-487b-ba50-b50621006f8d	605	1760	92	41	land
192fbe2d-8d06-46de-b4cb-60b3b105abd8	703	1760	189	41	Bountiful
ccfcffdd-887c-413a-824c-a4dc0b66ab9c	703	1760	189	41	,
e7f1e230-effb-413d-84f6-c427578ce409	897	1760	102	41	495
44f1fe5b-1252-448f-84d1-8b333ffb7586	897	1760	102	41	;
a2f139b9-2f9f-4ea2-83ef-c1f6d34fe7e8	1005	1760	138	41	arrives
ee0a9ca4-a988-4244-a0d9-156c80b452a3	1148	1760	56	41	at
cf1c67ec-8cf0-4eb9-9a4d-f4ac37d1d9ea	1210	1760	87	41	city
f2e22ad5-36c7-416c-b9fe-4ce99a2a6b9e	1302	1760	41	41	of
25f0f76d-6738-474e-b10c-3984830e71ab	173	1801	185	38	Bountiful
728d4684-fdc8-4def-9440-8362f1eb6add	173	1801	185	38	,
adb981a3-5629-4a0b-b70b-e6e282218ec4	363	1801	109	38	497
cfcc4f5d-d3b8-4604-ac1a-5554913d350b	363	1801	109	38	;
b19af307-0763-4abc-b9a3-f6a1aadcf1b9	477	1801	114	38	holds
3453299a-efea-4222-b6b5-dcb113e6e8d9	595	1801	147	38	counsel
bb63318c-1040-4575-94b8-5a7c3ae3ed02	747	1801	100	38	with
4611aa7a-534c-4e0e-801a-97bd39a58757	852	1801	171	38	Teaneum
a19ea6d1-6f1e-454b-850f-2f4b7724d648	1027	1801	85	38	and
a4f571c2-c2d7-450c-bc18-4e49ec7f82cf	1117	1801	133	38	others
ac40ee17-530a-4ac3-9407-3a9b1b5c4718	1117	1801	133	38	,
1777567d-e6b7-472e-875d-31657b065b7f	1255	1801	88	38	497
a250dafa-5571-4737-a0fa-164326ffccb5	1255	1801	88	38	:
8399b57c-8705-4e94-8c54-3388dd387acd	170	1839	97	38	takes
304175c7-a339-48ea-9149-c10738fb52f0	272	1839	180	37	possession
0457bcf0-b865-4a1d-8afd-d540226430a0	456	1839	46	37	of
bad73758-73cb-4438-a623-c0d633a36b79	507	1839	120	37	Mulek
70ccff01-c6fa-4136-978d-5305a879e136	507	1839	120	37	,
9d85751f-34e5-4641-bc08-ae278423aa1b	632	1839	88	37	498
15ebeb5e-ae86-4385-afe5-54cb39ff7613	632	1839	88	37	;
b79bf4a9-a08e-4e2f-a34a-2c071e70da1b	725	1839	74	37	and
869941c6-68f3-4031-9c1c-6124fcaab4a5	803	1839	88	37	Lehi
199c8b67-2575-44f8-bb45-97eac2cbfab1	896	1839	162	37	surround
8f5ec867-0106-4a5a-9b6d-671ee9ba9abf	1062	1839	194	37	Lamanites
2a1ea36f-8690-45a0-8dfa-d0c79b58aeac	1062	1839	194	37	,
6c09bf3e-5752-40a8-bee0-d6ac8864d946	1261	1839	65	37	498
26a39a7c-764c-4825-8b9a-240026f9d26a	1330	1839	10	38	:
742dbe86-64b4-4381-a976-6d15ba51fe3a	173	1876	164	41	wounded
8b067827-8517-4c25-a4e9-b1b498dc1161	173	1876	164	41	,
a8fe07a8-9560-4f14-95b6-db7b2a5bf7cf	342	1876	92	41	499
9cc36de3-68fe-472a-9810-fe39139971d8	342	1876	92	41	;
ae798a00-c2f3-4d47-84bf-3721f4ac3c1c	439	1876	189	41	Lamanites
331128c0-9f1e-46ca-9f95-05e64646ba1d	634	1876	179	41	surrender
0456345f-47d2-43a2-bd2f-10cb145a6279	818	1876	56	41	to
9a29f167-e663-4237-ba76-2145ef492a3b	818	1876	56	41	,
2aa09576-68f9-4d45-8ac5-ff1cb0152ede	880	1876	92	41	499
300c2aca-d152-42d8-a67d-e8d414b4d575	880	1876	92	41	;
45f2ec30-913c-424c-805e-6c564c775e60	977	1876	102	41	gives
2147e1da-fe22-42df-9296-093ee1956fe3	1085	1876	92	41	Lebi
8c21106c-8db3-4ccd-92f2-6f8024147573	1182	1876	158	41	command
6cc30028-658c-4ccf-a706-f408233208e1	170	1917	57	35	of
bdd5df46-e979-4ffb-b10c-8ac3f7aba755	231	1917	127	35	Mulek
8544a681-57f1-4f38-abea-ca5431ef7611	231	1917	127	35	,
9ccff5fb-47ec-48c4-bfde-a077f75b6f91	362	1917	105	35	500
d878c77f-5342-4883-960f-b4e8972a997d	362	1917	105	35	;
8053e597-930b-49b2-b3c9-d14abb956e06	472	1917	131	35	causes
574b39df-1a53-4bf7-b801-dbdc43483c6e	607	1917	179	35	Lamanite
c25a9616-b9f6-42a0-a54c-a063b2541f86	791	1917	175	35	prisoners
adb58a98-ffab-4303-8e5d-50650f264562	970	1917	57	35	to
bf57c41e-a89e-4d77-b760-e3e0f93282a4	1031	1917	136	35	fortify
f6a222d1-519e-46c6-860f-07058f75c6bb	1171	1917	172	35	Bountiful
6e10d73f-b342-48fd-bdc4-4bf5fd17d595	1171	1917	172	35	,
75f0fb0b-98bd-4bba-b1f4-1b8d5a98ff27	170	1952	92	41	500
130675ed-7d2d-4c4b-a5e2-da6e49d46ccd	170	1952	92	41	;
f76a0148-b390-434e-b2b3-b6c9329af7bc	267	1952	113	41	sends
d0933d4c-0ce2-45d2-84e2-1cad5a2282af	385	1952	128	41	epistle
ff151747-9205-48e5-b929-6a2e54451ae6	518	1952	51	41	to
3b404057-2746-45ab-9c3f-2a6ba6394496	574	1952	189	41	Ammoron
609b43e2-17db-4854-a556-1bac877f14cb	574	1952	189	41	,
d51f9338-dbbb-4a45-b1b7-6623ed4445bf	769	1952	102	41	503
d0e9457f-1eb7-4537-8d2a-2814aba48179	769	1952	102	41	;
3415907e-4941-4e92-8164-15b56de62a55	877	1952	179	41	Ammoron
67c951c3-e499-430e-a0e1-9ed472f53604	1061	1952	123	41	writes
52d57141-eb1c-4f66-8e6e-8f4616ef27ef	1189	1952	61	41	to
d0880c93-70f7-4cb3-a62e-fe823f780d95	1189	1952	61	41	,
30bab826-05fc-4698-b408-cc85466a69d6	1256	1952	84	41	504
615d8fdf-23aa-4dd7-a686-69b42d92106d	1256	1952	84	41	;
43dddaba-7cde-4aab-8d89-7eb1151760ec	167	1993	157	38	appoints
bb6e5bcd-e400-40f9-8c5e-296c47fabb96	328	1993	123	38	Laman
fa523f47-d26f-4130-a75a-19c34ea266b2	456	1993	43	38	to
4dfbf473-2d2c-4155-8f76-7ddbed85dacd	504	1993	52	38	go
ae497744-9410-43f0-bdbb-8e1b88fb72f4	561	1993	47	38	to
ecc2f4e2-d544-4352-87d2-8f45b3449a17	613	1993	76	38	Gid
262b1d6a-fd2f-4885-991e-fba309df6a8d	613	1993	76	38	,
11cfc066-a5b7-4338-a7b7-b329541975da	694	1993	90	38	506
1dbd14c8-8efa-4df5-a8aa-ca973e6ff122	694	1993	90	38	;
0112429b-8c98-4863-8f4b-1824c297e5a7	789	1993	100	38	arms
22d70674-4790-43a8-88d0-5ef729c70d9b	893	1993	171	38	prisoners
5b04a730-4be0-48f4-bae2-8d860892be2a	893	1993	171	38	,
ec03b8dc-b463-4c39-97b2-dbb87b7a8e32	1069	1993	90	38	507
03d39896-aa37-47bd-8771-4434da5ceb8e	1069	1993	90	38	;
14d5e95d-329e-40dd-9632-8664e48e5e7f	1164	1993	176	38	Lamanites
9db9e5a2-e8e5-4c53-a756-10885abe325e	170	2031	176	38	surrender
83aba72b-2f7e-4899-a4ce-6d40dc46d10f	350	2031	55	37	to
09c54e98-70ad-4575-b591-a5622edbb8d8	350	2031	55	37	,
dce96b4c-c5c2-4470-abe0-50119bb83a4c	410	2031	97	37	508
a6e5ca87-e851-4eaa-b655-919739fe8b8c	410	2031	97	37	;
5c348226-53b8-491d-a096-8bf4df97c99f	512	2031	148	37	receives
e66ab771-ecbb-4ccb-81e7-01986bf06db4	664	2031	125	37	epistle
3b21668e-40f3-493a-a575-fab1309dfbc1	794	2031	102	37	from
66ffca1f-fb5f-469f-95e0-bc3f74d4c907	900	2031	171	37	Helaman
91785edf-abec-42f3-ad43-9c44431f7e9f	900	2031	171	37	,
03469170-c419-4a9a-8af7-0afffcdeb473	1076	2031	97	37	509
7fe1ec03-65ed-48d2-aed6-5b47de9e6911	1076	2031	97	37	;
a1836519-3b98-4736-bdd1-3c578d5742c8	1177	2031	120	37	writes
c1aad887-d188-4750-804d-920b1a579f31	1302	2031	38	38	to
