ID	X	Y	Width	Height	Text
e3dada58-f086-4e40-94b8-e01644e8faaf	110	60	69	38	812
36e20047-f182-4361-b096-f4db6a83aee0	478	60	148	44	BOOK
780593ad-f903-4358-8508-a9a215afc615	632	60	88	44	OF
97c3ea46-6d88-42c0-bb71-c9982c84e48e	725	60	231	44	MORMON
9bed4735-eb2b-4826-a284-35fbc9ddcbe3	725	60	231	44	.
52aa5359-e3cb-41a0-a69a-e240b6014f42	142	139	176	38	protected
8f50f1f3-fdb5-4461-966e-e1318449e2fa	142	139	176	38	,
fdd5d6e7-0b92-476f-bcc0-375f25c56750	322	139	92	37	558
96c54a9d-89b6-417f-82ae-71676201a010	322	139	92	37	;
beb90ceb-22c0-42cb-bb94-ce988c2a583e	419	139	102	37	faces
72478b4b-00f3-45d2-949e-a12198dff613	526	139	51	37	of
fe323317-f347-4671-9577-0cf730457884	581	139	111	37	Nephi
ac7900bb-1492-459b-b8d2-4e7d289909d8	697	139	79	37	and
06b98f02-2bfb-4eb9-9fa3-c0eaf67106bf	780	139	92	37	Lehi
c44c14af-f298-49b4-a404-e19f7534a1ab	877	139	102	37	shine
8eeb5737-3807-4ca5-8b10-2c285707c440	983	139	51	37	as
77508ad4-50e0-411c-9555-d8c63180c97e	1039	139	102	37	faces
b0a6d19d-f339-48e0-8903-f14ec9b9c54e	1145	139	46	37	of
5f638e6d-8e3c-4875-aac6-26c396b3df94	1196	139	122	38	angels
ce8d2f09-9d2e-4b71-909f-f8547b92f163	1196	139	122	38	,
08ee19d5-7b13-4509-9c97-b6a06d995c7b	145	176	87	41	559
8486eb39-888d-4f9d-be7e-d2b2766eb926	145	176	87	41	;
3b703fef-e8ad-454b-83f7-8ef6cf71ab1d	237	176	143	41	returns
daf06835-95c8-46ac-ae05-367d4c121b7a	386	176	51	41	to
63ca5cf4-695c-4c3e-95fa-03cd6beb5fca	442	176	205	41	Zarahemla
d6d12fa8-763b-4bbe-830c-d9900949f79e	442	176	205	41	,
d9130f94-b33c-49bb-963f-6e7a9ace7cfd	652	176	92	41	566
34573522-bb80-488f-86a7-f449a4c92df7	652	176	92	41	;
cfc9f8ef-c223-4d0c-a865-8cd1a88e72ba	749	176	118	41	prays
20b04d57-fef2-46f2-992d-986f2a957861	872	176	97	41	upon
4a2a0a86-2acc-466e-8361-3adee21488de	975	176	118	41	tower
8d27a1c6-3de0-43fa-87c3-c3b71796a811	975	176	118	41	,
41043597-2b44-4ca7-973d-5adea1d7d94c	1097	176	102	41	567
fbdf0aeb-6e03-4197-8a9b-3c211b9301e6	1097	176	102	41	;
60aa2cec-caa2-4bb5-bd8a-b9b7e13f04b4	1205	176	113	41	speaks
0d170fa0-ce16-4d30-8609-30af67d08f3a	145	214	46	41	to
ad0ed76d-260d-41d5-aa0e-5d1ac29261cc	196	214	123	41	people
d7f262d0-8510-41c7-b7d7-c2006dfc7b8c	196	214	123	41	,
1c405954-e57b-4a4f-b411-28a1cc11d8ed	324	214	87	41	568
1e2f37ea-bcfc-4328-afde-6a5edbaf97c7	324	214	87	41	,
966af976-ce36-4591-b70a-147158ca64a8	416	214	82	41	571
fb58593f-6cc6-4bb3-bd5e-f2fb7017c66d	416	214	82	41	,
2983e07c-c64b-4b5f-87cd-ebef87add6eb	503	214	82	41	575
8b4a0149-4d62-4578-9c9b-53b9a7abffb9	503	214	82	41	,
ed272d74-6437-4ef9-a76c-2ba561c8816c	590	214	87	41	578
94f36cae-8c91-4ea9-874b-d1cff0d9823d	590	214	87	41	,
ba8fe103-4154-41bb-a681-edc95bf8725f	683	214	97	41	582
783985c3-7ccb-45f3-a6d0-6e7703d80c2b	683	214	97	41	;
ed90fc70-6f13-4df2-a935-4115685530a2	785	214	87	41	tells
4f687be0-b554-4d9c-988f-9b3fa821b3d3	877	214	51	41	of
971abe0d-2096-47cd-aa5c-e666a9d82216	934	214	108	41	death
6b5e5138-f51c-415a-b5a7-6c22275c32ef	1046	214	46	41	of
a5d29743-13f1-4a40-98ac-6708c1197c19	1097	214	128	41	judges
77b7c4c8-e1ed-49ce-a47a-b73789d1bbc0	1097	214	128	41	,
c6737c3c-5078-4eee-995c-6f24138a6869	1231	214	90	41	573
e52bb48f-34a8-48d4-a082-0630bf6cc32e	1231	214	90	41	;
0d9dd547-2b12-4922-a28a-dd4612ec9834	142	252	123	41	bound
5c7dd86b-629a-4950-9e62-e5dc39d2f236	142	252	123	41	,
0adad132-abbe-47d9-99c7-c8f4b8a86cb8	270	252	97	41	575
04a2e0ee-ac7f-4cfd-8f2d-5e71bf83fccd	270	252	97	41	;
52f03fdc-b086-445b-8f7f-28dcf3537717	372	252	67	41	set
e5a36122-aac2-4b23-a0ca-280ef7995c35	444	252	51	41	at
894eb5fc-b6b5-4b56-bb08-e4e397303566	500	252	138	41	liberty
a8417d0d-ac46-4db0-b337-935dccf60275	500	252	138	41	,
2663a2ba-a1bf-4387-8028-60df39b846d6	644	252	102	41	577
c650a3e5-03b5-4a40-a1da-fbe0304f50a8	644	252	102	41	;
feace3f3-3771-4947-8a8e-955629da9dbc	751	252	102	41	voice
a70683dc-ab2e-411d-b275-9f5c215f2b74	859	252	128	41	speaks
b8bb04b9-26b7-4d7b-91f4-00f64178bc76	992	252	56	41	to
af9fc02b-8154-4c95-9e6f-b564ffd4caf5	992	252	56	41	,
146b1e96-9907-44b8-9982-dbce4f594049	1054	252	102	41	577
b2f7848f-6cdb-483d-a0f1-5f3ed9ac7589	1054	252	102	41	;
12bb7c6a-50ee-42ad-96ee-3886a5d8955d	1161	252	154	41	conveyed
166187f7-6cf7-4657-99a1-76807b744864	142	293	100	38	away
5480e72a-d7bc-44e8-b028-6f8f0798c641	246	293	52	38	by
57aae5c6-419b-4151-92af-4992a307eeb7	303	293	114	38	Spirit
e9943adc-38df-4e64-bc47-e2b4ccab0e31	303	293	114	38	,
fd4d9769-65fb-4e78-ae57-7dedccf944e7	422	293	90	38	579
0ba72ffa-7bac-4241-9a8c-bda1e8654717	422	293	90	38	;
883f21ea-640f-44a4-98f7-8a68f5039819	517	293	104	38	prays
7a652e29-abaf-4a09-9665-8741fbc06b17	626	293	66	38	for
b1ae396c-70f2-430e-b089-1ed3cc8cfb6e	697	293	123	38	people
8ded5cb3-b248-4bc2-816a-92eed31afab4	697	293	123	38	,
7b2513bf-ba58-423a-95cc-a9581961e180	825	293	90	38	580
1ea6db52-b617-4989-a9dd-53d094b5b3bc	825	293	90	38	;
5e179b76-7b3f-4c83-b3e5-41c95d43028f	920	293	161	38	esteemed
2f23773b-19c7-4474-acd2-59ef19beb59c	1087	293	47	38	as
ae4bae52-8e94-4569-a50e-987fec214e81	1139	293	33	38	a
f2056743-66a2-4542-af1b-fdc4ed5ea097	1177	293	144	38	prophet
99845eb7-46e4-483e-9301-8c0318f2dbd1	1177	293	144	38	,
ec23a477-9853-4739-8650-79c22e8567b7	145	331	90	41	581
684a7ea6-d743-4314-88ac-4d3bd0275f05	145	331	90	41	;
ad0adf45-6209-4f5f-881c-2c6f8e66825e	240	331	120	40	people
f677dd47-4ca3-4d90-b616-3e92bf5bcc45	365	331	160	40	baptized
7eed60ef-8d6e-4069-b147-f69a60b1774c	530	331	60	40	by
84a50bba-d3c8-4937-8190-4b64ba961452	530	331	60	40	,
a12014fb-96e3-4d28-a273-04ed624e0cbf	595	331	100	40	597
65bb48c2-07ee-483d-bd2d-c355dee21783	595	331	100	40	;
46477026-b530-4796-b289-a3b4d8035456	700	331	135	40	teaches
0585979b-dd1b-40b2-8b08-77e6d3007b61	839	331	130	40	people
7da3fcb2-a824-433b-ac0f-2d530e257411	839	331	130	40	,
68f856f6-264b-4180-a17e-cab8ad892b5c	974	331	100	40	597
f998479c-0381-4b88-9845-a00a8bfaae8a	974	331	100	40	;
99f7b3fc-8310-45c7-803e-535274f377a1	1079	331	110	40	given
a4144cc5-5cd1-4d98-8568-f06c10d07ead	1194	331	127	41	records
c954d988-f6b5-4ed1-b247-67a846707710	142	368	46	41	by
6280913d-0d31-4c0c-9254-2e652615aa69	193	368	169	41	Helaman
ddec7c21-3077-4d15-a42d-eae8dbebfa02	193	368	169	41	,
10b1a009-0e8f-4359-9ceb-8a3e6b90dc26	367	368	87	41	600
ade4ec29-b5fe-4d02-bdf8-10642b5e6aae	367	368	87	41	;
3a096561-7907-409f-85f8-481b4919abe1	459	368	154	41	nowhere
a0030207-157e-42fc-bf68-df31394e6e26	618	368	41	41	to
ced67192-d7d8-4435-a0f0-7a56889d57b9	664	368	51	41	be
87de9862-a8bb-4dbf-a735-8e28515e3cc8	721	368	113	41	found
671ea353-2e90-45bb-a5da-38d7524413a2	721	368	113	41	,
ac0028a5-ba10-4865-a73d-391b800131ae	838	368	77	41	604
7d2ad158-de03-4599-a278-63fcbc14936c	838	368	77	41	.
1c4137d9-fb20-4690-b2c2-a6caf82f17d2	107	409	123	41	Nephi
5f58cbf6-661c-445a-b3f5-b5567b7df3c3	107	409	123	41	,
43f535fb-2c78-4f64-b8c2-ad49decfe031	235	409	77	41	son
75344c2f-e2a0-4e06-a8bf-23be133124bb	317	409	56	41	of
72ac5068-3aa3-4822-ac19-04eea39a3446	378	409	123	41	Nephi
c0d82705-61ec-471b-ac74-e7944371e2e4	378	409	123	41	,
540cca8d-2c62-47d2-a4c9-0c6f6bde7a56	506	409	118	41	prays
49bb0e32-52dc-441b-9c6f-b130cbcfde49	629	409	72	41	for
8f4c8d7b-7714-4e5e-845a-ba9e00549b78	706	409	128	41	people
da98c46a-db5f-4dbd-b6bd-564734a735cf	706	409	128	41	,
4fbd03e8-f90f-4ae2-b34b-79e23e348509	839	409	102	41	601
51ef6670-44db-4388-9d0c-81b5d0da8a74	839	409	102	41	;
506fdbc7-e4b8-441c-bfbb-4ff16b8dc19c	947	409	113	41	hears
65763af1-4c08-401b-be44-387002abb159	1065	409	46	41	a
ba4418fb-1d88-4448-9eb9-81daad6cd959	1116	409	113	41	voice
f2279555-9e9f-4a6f-bfc4-b6c93e51fe20	1116	409	113	41	,
135976ee-fa98-4443-8354-3bfeaf011926	1234	409	87	41	601
ad01424b-7f9f-4074-998a-fc694b772bfb	1234	409	87	41	;
b3a8e370-29a8-4fa6-be7a-b3cb9b36f822	141	446	90	39	goes
4b89f119-3c69-4330-92e9-7c2f8309629f	236	446	105	38	forth
7be5df55-026d-450c-8d64-e8668851d292	346	447	185	39	preaching
956e4735-f819-46f4-802a-d4afd9d7408a	535	447	86	38	and
956d950c-1794-4259-9ead-cdeec35edb05	626	448	181	39	baptizing
1ee5ba9f-e57a-495c-8fea-27dd1b3ce2ce	626	448	181	39	,
0823aee5-c0d8-417a-974d-a7568ea12129	811	448	105	38	602
b859e726-42f1-4d6a-8c33-9bb278ab16c8	811	448	105	38	;
c3973890-3eee-4ee5-88b0-a2c804bea836	920	449	124	38	plates
82959cf1-e94a-4793-97c4-3a735b5f6391	1048	449	67	38	of
0c3265d8-f871-4d55-a871-2a8014e3b7ed	1048	449	67	38	,
9990bd1b-f752-4f9a-83ee-dcfb758a2bc9	1119	449	109	38	made
68818a33-2d2d-427c-83e3-891a2f161b64	1233	450	82	39	with
2be6fd54-a67e-41d7-9247-14843a21e9a6	142	488	114	38	hands
9137e64f-434c-409c-a8ba-1a238f370606	142	488	114	38	,
2f10b53b-0efb-4ef4-8882-7847161bfcdd	261	488	100	38	615
63b5a0fe-b73e-44c9-8f04-c242c359994f	261	488	100	38	;
f88fbf90-1b07-4c06-87cd-c0315b4daaf9	365	488	128	38	visited
1f67e780-0a06-4145-8eca-d094f317856f	498	488	52	38	by
c9aeccd6-de83-4653-822d-0383a594579e	555	488	123	38	angels
09722b89-1d42-428b-aad5-04ccaf830e02	683	488	104	38	daily
45d2cc19-effb-4d6e-bc33-2763c2f3dc66	683	488	104	38	,
3910cd20-50cb-42e9-a813-22c8eb9f4ad6	792	488	95	38	622
4d984fd8-e687-4a1e-85c6-a118608b2876	792	488	95	38	;
fc5f658f-a9ee-479b-a06d-a3bbf7ff44b5	892	488	114	38	raises
89204ffb-e23c-4542-a204-4ac1903205f6	1011	488	138	38	brother
43bb9aee-18e4-4991-acb8-d2cabee60a9d	1153	488	100	38	from
26a6bbf9-ea3e-4b25-883a-e89d64221933	1257	488	57	38	the
6aa27da3-0612-4a3e-8572-7a08bb5d9a80	138	526	102	41	dead
7340eb57-464b-483f-a60d-ccc8b10314a3	138	526	102	41	,
8f684761-4851-4f9d-882c-eec1343bc269	245	526	102	41	622
50cd8ef9-8ba6-4a56-a23d-ccab350953f8	245	526	102	41	;
8502640f-78ac-4281-9147-0901dd34e550	353	526	164	41	preaches
a82907dc-46b0-4496-ab4e-7834976eeea6	522	526	210	41	repentance
2e8d0c23-f34b-4a89-ab4e-e624b6f37a77	522	526	210	41	,
7cbeffba-6ceb-42e2-a918-b65d3e843157	737	526	149	41	ordains
3411d6b5-49d8-4f3d-86c4-5a25de1b4fce	891	526	92	41	men
961fc6bc-1da6-463f-ba1a-dfdf36ea1767	988	526	56	41	to
2440f623-f63a-4375-a176-7fa2eea084fd	1050	526	174	41	ministry
21742527-8a23-40e5-8054-c498ec9b36ef	1050	526	174	41	,
b1407d43-725b-4cd1-bacc-6837ac6150e2	1229	526	86	41	623
c137594a-b865-4b76-9103-8c9513e150f1	1229	526	86	41	;
64f21a0a-d0de-4e13-a175-c0cb7f3e101c	142	564	115	41	Christ
88b455c8-3e34-43ef-bd82-eba0bbbdb0a3	262	564	120	40	speaks
801b9695-f2d4-4fe4-bb88-2fdc41743e1e	387	564	55	40	to
b4dba249-b858-40c4-8a7d-58432cf7876d	387	564	55	40	,
a6f86d19-eb36-4c38-bd07-e83517165592	447	564	40	40	is
c3abc909-df10-47e8-8b32-859c7e8ca242	492	564	105	40	given
14722a44-e387-403b-8a9a-502ffd1c8cff	602	564	170	40	authority
dfc6e690-6fc6-4462-bc6d-be2c13b31385	776	564	45	40	to
dafa7279-bd7b-4955-85a9-4e602531fd67	826	564	140	40	baptize
a5a8f4d8-b073-4cfa-b186-4d8e7c36a553	826	564	140	40	,
9fc41601-a4b1-4fde-957e-2481a0ffa94b	971	564	90	40	633
6c6e522f-cd64-4c4a-aef3-59aba41d102d	971	564	90	40	;
73b99dbe-e18e-4923-a10a-1cd5ea06ce3b	1066	564	75	40	one
0c5772db-0ac6-4c33-90e0-668124eaf36f	1146	564	45	40	of
0964ecbd-2501-422a-9aac-17e8c019c6a8	1196	564	122	41	twelve
6c99091c-7c0e-410b-9f8a-409f6b0db3a0	1196	564	122	41	,
b9820d99-0396-4511-9e13-ad5d71f21b75	142	601	88	44	654
4d72ffca-91c9-40d1-a1c2-75a0cefa8d2b	142	601	88	44	;
90a88f4d-56cf-4828-9fdb-2e95226a119b	235	601	159	44	baptized
2aa9aa86-1570-459a-bd72-e24d59d9ead9	400	601	93	44	655
8bc45348-1fd2-4c25-b6b2-efa492a6abb2	400	601	93	44	;
550605a1-d29f-4a76-a3f1-1abe0ffb5e7d	499	601	121	44	Christ
2ed7698e-26f4-4b02-b8a8-995ea2ceef94	626	601	187	44	commands
3c5cd844-702a-4c52-9d11-22e53d055766	818	601	55	44	to
901339ff-e997-4eee-89fc-f86394f2635e	878	601	104	44	bring
40995dfa-3bc1-4973-9967-91d84cf3bf61	988	601	104	44	forth
550d0c60-c984-4fbe-9af2-6fef02119f8f	1098	601	126	44	record
051e0d7c-d768-436e-a0f2-73f1a7744ed9	1098	601	126	44	,
6a2e93d9-84c1-4389-8137-4800088eab4a	1230	601	91	44	667
487c258d-0b6a-401c-88a3-f244debfff4d	1230	601	91	44	;
ca95eb3a-07cc-40e9-a2dc-be46734ec3d4	142	642	108	41	plates
d315dc90-a722-4e03-b4f9-11bc114c415d	255	642	56	41	of
66ce0039-26a2-4f2c-b17e-70e5472400ca	255	642	56	41	,
3e58daa4-05c8-4d53-85d3-00fb64e0aa6b	316	642	143	41	contain
df28e52f-4bd7-4c46-8f44-2b07d23d1c23	465	642	143	41	Christ's
b7ee51ba-838b-413e-94ff-1fa621bf18c1	613	642	179	41	teachings
2c9cf808-2b47-479b-95b2-97482f3bf5cf	613	642	179	41	,
66433fca-9798-4d0f-a074-7c0934f45948	797	642	92	41	671
0b81c030-9b19-4754-8bc5-b1c80864e012	797	642	92	41	;
4a24d7fe-2650-4f11-9032-a724097bc217	895	642	113	41	death
6871b0d2-1286-4cb8-aa5c-e9b7eaf9c240	1013	642	56	41	of
78614185-85b6-4c62-8abd-526f84d79648	1013	642	56	41	,
088cd281-b746-41d3-b37d-2bd4ce33517e	1074	642	97	41	683
61a627df-1ba6-4815-84bf-d9dfdfe656ed	1074	642	97	41	;
7bcbb4f5-7e6f-45b0-afa8-a17a07733413	1176	642	138	41	Mormon
2c1c5291-67d8-451d-b129-82b312522c44	142	680	76	38	gets
2ea2d30e-0110-4784-9971-9dc926b19159	223	680	114	38	plates
3ae263dd-7feb-4f8c-aae8-9d5d6fee4a69	341	680	52	38	of
c20f5ab0-be37-4a35-93db-a4aafe0053c8	341	680	52	38	,
2544d5dc-21f7-42b0-9bc3-9c0712192785	398	680	80	38	691
1a0406c6-86fa-4cc7-9d56-2f9966cd39a9	398	680	80	38	.
46d31e2f-f046-40ff-99e8-24ef3481fa5f	104	715	116	44	Neum
667f6df5-eb89-4264-a497-12753d9cd55e	104	715	116	44	,
c4afb020-3ce0-4bf6-83b1-be6ed1185618	225	715	115	44	words
4f8bf347-45dd-4597-a158-825d5ccf7156	346	715	55	44	of
6f07cb6f-6b70-4df4-a31e-92e61ba69a17	346	715	55	44	,
033ca429-4677-448e-a1a3-a97802c1e698	406	715	59	44	65
e360b311-d00b-4f27-b0ae-9b4eac4a0c15	406	715	59	44	.
aac41878-58bc-47f8-966a-e4838e06db36	104	756	79	42	New
c04ed150-721e-460f-b1e3-31bb91d1529e	188	756	189	43	Jerusalem
acb8f01c-bfe4-4b00-ba72-072d65a92b72	188	756	189	43	,
0f699411-4b2e-4852-a517-d757f7989b3c	382	756	79	42	659
011b4417-264e-4bec-97cf-8f8f93bc40bc	382	756	79	42	,
9d6414e2-3e20-4ba7-bcc3-0c98304ae8cf	466	757	89	42	664
c20954da-6cdb-4f0f-9f23-de7006375e8e	466	757	89	42	;
0454087b-1f34-4814-a7af-50dc26686fcb	560	757	147	42	location
73bfd1ea-541f-4608-aeb4-e3f7db59936c	712	757	58	42	of
65a9dcf0-a2e5-41f7-9815-cc04af604e4b	712	757	58	42	,
3b509457-af03-4ff0-a555-941a66e10d9d	775	758	89	42	750
ca2f4eeb-2847-4455-b836-c7aacfb11452	775	758	89	42	;
b40e41cf-3793-43ee-a1ec-8654bf905d50	870	758	205	43	inhabitants
98e3e325-fc82-4526-a083-d2340c792e99	1079	759	47	42	to
b4fab84f-b55e-4d8c-ba6e-e4f09733183e	1132	759	47	42	be
024118bb-1b05-4d38-8085-6b899bbaf219	1184	759	137	43	blessed
61a43c69-18d3-4c5c-9a3f-9ecd01adbb0e	1184	759	137	43	,
c55aa0be-885b-414a-83eb-5ab8c0b170f4	138	797	75	35	751
b9057738-d17e-4bb3-a8c9-5b0b77baa839	138	797	75	35	.
63bbacf7-46f7-4fd2-862e-9a12ae55b2c7	104	834	138	44	Nimrah
1d165226-2445-48aa-87fc-fd34aa2814fe	104	834	138	44	,
12ff5956-b16b-487e-b1bb-126c19de6b6f	247	834	71	44	son
0d782f25-60e5-4ffb-822c-3e7e161fd345	324	834	44	44	of
cf7b70c6-497a-4f0a-9b91-c389b825e695	373	834	115	44	Akish
d816ccc7-765e-4d55-bea7-2d77863c33b1	373	834	115	44	,
220fd99d-d2f1-4773-a2dc-25bb2e06c7b4	494	834	110	44	angry
ce183c3d-ad7f-4dd6-b35d-731f1e4412ab	610	834	88	44	with
50948e6d-61d5-4165-a720-cbc702a6ecf3	703	834	126	44	father
0fdc3db5-9f0b-4966-a658-0054789e5ad4	703	834	126	44	,
3058b3ec-bc84-43fc-9a12-bbe8506ca0cc	835	834	88	44	736
eb757dea-d8df-4574-9da6-82880be30bf9	835	834	88	44	;
0c0a4acd-48c7-4894-9b6c-e2d6184d88a0	928	834	99	44	joins
9f2c62fe-a577-4685-a20b-84a92f9f6ff4	1033	834	104	44	Omer
932056fc-3cae-4e7d-9bbf-fde72610634a	1033	834	104	44	,
2604b8db-58ef-4af7-8f56-f80e3a97d0c3	1143	834	81	44	736
00448091-d8d8-4e8c-a413-3c56b21f5350	1143	834	81	44	.
8a6df52d-b9f0-4c86-9235-6283ecaf108a	104	875	138	38	Nimrod
1f180bf3-70f2-4fb6-86e2-ea3399b61442	104	875	138	38	,
b5b5a037-06c5-4a90-ae33-ca46160ff81b	246	875	109	38	Jared
c852f3f5-af90-4cee-a003-a5b7e8721430	360	875	71	38	and
814c3deb-c767-4c6c-8479-94d058ca2832	436	875	138	38	brother
7e26fdb2-7045-4dc3-a1ef-f6e398587af5	579	875	47	38	go
2ff188c8-5ab8-49ac-bffa-66ef5c282925	631	875	85	38	into
ccd87f72-917b-46d5-81b5-5cd77edf7581	721	875	109	38	valley
66d75966-b6d6-4806-a1c0-bbfc4ed53cc7	835	875	57	38	of
daa9aca5-4d9f-49f7-affb-fdda61404ab1	835	875	57	38	,
bdfdcb33-77c9-42e0-a615-5ac0327f375b	897	875	75	38	716
aafd23a2-616c-44fa-86f3-0470e06a54a0	897	875	75	38	.
c9dc9ed4-b3fc-448a-a374-70b16fe27668	104	913	138	44	Nimrod
a0485cbd-e0cd-48d2-8213-0f23fc6ef61a	104	913	138	44	,
1429ebed-ed41-478f-97e4-f0d5f1bf06a0	247	913	71	44	son
dc2a71ac-70a1-4ef2-974b-33281740c271	324	913	44	44	of
ff24b92b-ee3b-47d6-8c70-8001328cf3f4	373	913	121	44	Cohor
43a84594-eb7f-43a8-96c6-ee3e48e41a40	373	913	121	44	,
c2e518b3-0835-4178-b19d-28b12818d30d	500	913	88	44	731
76142199-7b3d-429e-928e-7c402afd391d	500	913	88	44	;
a5231d71-ba49-41b3-9593-2daab8fd4244	593	913	99	44	gives
bb59dfd3-6805-47d3-873e-2758d389ecf2	698	913	49	44	up
170f95fd-22cc-4c59-82d6-8ed8cc8948e2	752	913	154	44	kingdom
3c3674ca-5525-4acd-afdc-6615c9484c81	912	913	49	44	to
1cfb916f-7eb4-4bf5-82b1-02b96b9006c8	967	913	115	44	Shule
7cc0a052-e18b-4956-9f25-02325b98eadd	967	913	115	44	,
13c1b845-bc21-4b4a-86d1-c808ae45ffde	1088	913	76	44	731
44f8021d-b81c-4b71-b3aa-7cf76ca6166f	1088	913	76	44	.
3bba3cc2-1a96-41fa-9efe-ec12cc9a9f2b	101	951	103	41	Noah
2acf2b7b-be6a-43e1-88d5-99946b05a84a	101	951	103	41	,
24e49e59-4b3c-47d8-9029-59b7ae96c641	208	951	87	41	land
56c8e3ab-fb14-47cc-bc75-44442e107f96	301	951	51	41	of
6089b933-3019-4b35-894b-b865775109c9	301	951	51	41	,
79baf2c3-8113-41e0-a11c-c9bf491f7a37	357	951	184	41	Lamanites
57ffe7a3-a425-4fd8-b156-1767aa1807fc	546	951	87	41	come
e2e64fba-48af-4b36-88f2-0b1ca160b43b	639	951	77	41	into
7fe4bb2a-4fbd-4e3a-a3af-6a9d1d37539d	721	951	138	41	borders
a1c9922c-98b5-40be-be14-d7a7a95e3f49	864	951	51	41	of
a74f9c9e-9b5d-4cae-a15b-f6ac6e3f649f	864	951	51	41	,
4794be4b-91fd-4ae3-89b2-1172ee280543	920	951	87	41	359
d96ed8b2-1a88-4adb-976e-4fc24b667b88	920	951	87	41	;
f603298e-3320-4012-9bbd-a7c32be23529	1013	951	184	41	Lamanites
5de27e38-d7a9-4992-8aa0-9565fa3edfbd	1202	951	116	41	depart
7021499d-ed90-42d6-85b4-ffed0400b2d9	142	992	93	41	from
1e37a82b-7138-478e-81cf-a58e2325bb6a	239	992	92	41	land
19676934-c40f-4a13-bb6f-7943b5ab636b	337	992	61	41	of
5fd3553c-288d-4a70-b133-5d18f7d82091	337	992	61	41	,
cf1b7a29-a60f-4845-a881-bdb123542c04	403	992	92	41	482
5a2061d6-9746-4cb9-94a2-4fbd3f66bb71	403	992	92	41	;
c8f28bf6-a05c-45c7-ab76-d17da6eb761d	500	992	138	41	become
ae3a5304-2f22-43f2-9926-4476b4f8da06	644	992	123	41	strong
675bd3e6-3aed-4d81-90e2-1b8a7a19f64c	772	992	56	41	as
a668f879-87e7-461d-9264-2feb36fcaca9	833	992	220	41	Ammonihah
defaf924-eeea-4f64-8a81-c80e124ea836	833	992	220	41	,
0f0dcf5c-eda1-4f7a-9535-5f5c8a19b3e3	1059	992	97	41	482
ee3149d9-e719-423e-a7a0-d1b12ea407fc	1059	992	97	41	;
e4772a85-24c9-4011-ad62-6ae5825093d2	1161	992	97	41	Lehi
da57cb8c-4568-4c89-bd84-c7873d8cdfee	1264	992	61	41	ap
85116ee2-8217-4d76-9518-ebb003cb05ed	1264	992	61	41	-
0604aa9d-1333-40f4-bdb1-379d6d804e22	142	1029	134	41	pointed
b996d41d-496b-4e0d-84de-9a096e780596	280	1029	138	41	captain
f2027ac5-0a08-4d12-be97-70df0de6d0e0	424	1029	97	41	over
8a7f5f6b-289e-4941-84b9-b28cb77307f2	424	1029	97	41	,
6e0e50ae-8d4e-423f-9a51-d5569eb7c354	526	1029	97	41	482
263ac778-e58b-40ec-b7a0-0b3b742dc6db	526	1029	97	41	;
73a6b192-7d10-4011-b612-cba035bb9ace	628	1029	189	41	Lamanites
4581ab86-d3a8-401b-9a97-ea35bd1f3ec5	823	1029	128	41	attack
61f058d8-ba5e-4820-92fd-e04cc12232d8	823	1029	128	41	,
8404f840-3e13-4756-a95c-616bf99ee6f7	956	1029	78	41	483
74fbe158-27b7-40b4-a1b6-77c8e6511910	956	1029	78	41	.
5bc7aead-03b0-429d-a4c0-6f927c6c1e39	104	1067	108	41	Noah
ea5ef8c5-e2de-47a0-b42c-a29d0fa6c902	104	1067	108	41	,
fb773250-bc60-4b55-9940-256a967d8b77	217	1067	72	41	son
946dc578-1b0f-45c8-bb94-e4c36533acac	293	1067	51	41	of
99d52d6c-0ded-40bc-b4d7-e2ec2a19d5fa	350	1067	149	41	Corihor
958a741a-c0ab-4d72-a4c9-798a8c9350f6	350	1067	149	41	,
12af7210-19e4-4f89-a967-2852707151bf	503	1067	108	41	rebels
386a85bd-5e5a-4002-93ef-99c8918c54c3	616	1067	143	41	against
092881f6-8dc7-443b-af9c-5a74fcb57410	765	1067	102	41	Shule
a99360bc-e572-4c19-bf48-8d2e4e4a3eb6	872	1067	82	41	and
2540c084-9343-4784-beb9-8a85eb255b81	959	1067	149	41	Corihor
b01c115f-4ff1-4399-9900-5d955ec5a1d9	959	1067	149	41	,
d6ebd1de-b276-4981-bf99-102cc1ea2c56	1113	1067	92	41	730
143ce9ff-f36a-4591-af9a-59e95b461fef	1113	1067	92	41	;
9002ab42-6b6e-4d1d-acac-0f4c91837425	1210	1067	108	41	draws
cc347b93-4e12-4ba1-885f-db31dfc9139e	138	1108	104	38	away
9d10f7a2-86ce-4790-88f2-686c7401cb6a	247	1108	128	38	Cohor
76b84a9c-5ec7-4118-84de-e60589a4737a	247	1108	128	38	,
b2cd43b1-e73a-4bd1-9f9a-80c6c7956ef7	380	1108	95	38	730
cb139902-8986-4837-8805-0406134456d9	380	1108	95	38	;
786ce67f-4a78-4841-a88b-c08c765361d0	480	1108	100	38	gives
54f1c504-ead7-43d9-97f5-3ec844ce028a	584	1108	119	38	battle
0bb50e68-ee26-4029-a2f3-98b9ba37dfdb	708	1108	147	38	against
1cd12007-4308-48e6-a787-cc71eabc3562	708	1108	147	38	,
4710b113-e6e1-44a5-a300-108e7dcbd9ab	859	1108	100	38	730
aad13af2-f071-4c8d-8ad3-e4287497ae27	859	1108	100	38	;
09aaf0a8-ef15-4c03-aaa3-723e146ad631	964	1108	109	38	takes
73933474-ed1b-43e5-9212-79a66b90ad5a	1078	1108	109	38	Shule
b64fff1c-8609-48c1-a8b7-3cb9b8a20f84	1192	1108	126	38	captive
bf81791a-2ffd-4e2d-979e-d05a6fd791c4	138	1146	81	41	into
952af8f6-f041-45b0-855c-08043207e063	225	1146	133	41	Moron
4cd09222-8536-4251-9cbd-1bf668c8590d	225	1146	133	41	,
4e90e6d7-1d13-4950-a267-be7d1e874a14	363	1146	92	41	730
c694c677-3a7a-4acf-82e4-a7330c940388	363	1146	92	41	;
e04c0dc5-09ed-41d7-bb36-0677962dd0d5	461	1146	102	41	slain
b13a97aa-19d2-4f8a-ba5b-28a9a92f6ec9	568	1146	56	41	by
f66f87b5-206d-4ece-973d-672da3cad54a	630	1146	87	41	sons
00deb655-bd8e-439d-a5f3-f5cb5a895037	722	1146	51	41	of
0f7baf71-4bee-4c00-9ee5-cbffe1632f15	778	1146	118	41	Shule
12f34757-7750-4167-b816-a1d7170bd7c0	778	1146	118	41	,
a142c5b5-65ef-434a-aff6-2946e5ed03c6	901	1146	97	41	731
10a82183-0267-4348-ba7f-f09fd2ca6970	901	1146	97	41	;
3e66293d-e62c-4f85-bd0e-6ab900bc4fdd	1003	1146	92	41	sons
78804a4a-2f3f-4177-9dfa-a74b4d457a84	1101	1146	56	41	of
9fbfef8c-cc33-4bd0-b1de-462ed1e41094	1101	1146	56	41	,
c28f0cf8-172e-4b41-b16a-b357e1f029c4	1162	1146	102	41	build
b8621df5-f450-4196-9b77-d1dfa5a0077a	1270	1146	45	41	up
fd36af03-8543-493d-8dda-6ed8ac93d902	142	1184	159	41	kingdom
7998f981-b4b5-49cf-849d-b79a69872768	142	1184	159	41	,
bff4ab66-775d-4e63-a520-9cdcda6dc15c	306	1184	92	41	731
0d27b339-b0d4-4dd2-8502-a7fcb1f20b77	306	1184	92	41	;
1e838a7e-d81d-416c-ad7f-9b3d51dd1c43	403	1184	123	41	Cohor
c7ca33bb-e884-429a-ab35-c5a284e8a941	403	1184	123	41	,
5ac7d02d-a1ec-4b93-82d8-c8c526318cb7	531	1184	72	41	son
580d5c8a-68ed-4fef-aa13-7a468c8ed869	608	1184	56	41	of
7ac3b51a-e73b-470b-9603-abd66816f901	608	1184	56	41	,
85efcc21-6225-404b-8af5-d66963524936	669	1184	97	41	731
9741345e-77aa-4f37-ac07-cc2b3bd67ab9	669	1184	97	41	.
e067952e-e5ff-4d0f-b885-072b4aaa92e4	772	1184	14	41	•
f21e6aeb-a3ba-4a89-9984-8edad3a88211	104	1225	108	41	Noah
7a406405-d408-45e5-a116-0e2c9c554e65	104	1225	108	41	,
b4e6a048-98b5-4931-b28f-3399c258b495	217	1225	113	41	Zeniff
f52a9ba4-26f6-4d26-998e-fccbca4e458c	334	1225	133	41	confers
4848baf4-14fc-4a08-bb94-6196aa6e4bb8	473	1225	164	41	kingdom
61b00a34-6b75-4305-90e5-d484041cb5ef	642	1225	61	41	on
d61d4937-b360-4cf2-be47-a6f456651253	642	1225	61	41	,
bb20890a-7b8f-4d05-a343-ccf3b7f07348	708	1225	97	41	239
eabcdcf7-ee08-42cc-baa2-ba534e27dce6	708	1225	97	41	;
1b01e343-ceb7-4400-b764-1787c22959fd	811	1225	77	41	had
59f2b89b-f0c0-4b8c-b08e-01f2ce9ecb63	893	1225	113	41	many
864c088a-ec40-4e01-8eb0-61fe92783315	1010	1225	108	41	wives
bc6b5270-b9e1-4918-a37c-15dfe39e43d2	1123	1225	77	41	and
9dc1f833-fddc-4379-8fd2-489b100c179c	1205	1225	116	41	concu
78b238f9-2836-41e4-b44d-5dee96fcdd98	1205	1225	116	41	-
8c2b009e-4bc4-4e60-b40e-28a562e6e352	142	1262	100	38	bines
32593d4a-43f8-4939-9ba0-c17efdf510b5	142	1262	100	38	,
93026f4f-695f-414e-ac40-980822cfa2a8	246	1262	85	38	239
e38b4e28-f688-430b-8b11-eecf67f6f045	246	1262	85	38	;
d3c16f33-0a92-45ce-bed3-2b8dec2f38bf	337	1262	66	38	tax
91f2f43d-3eca-4074-9f34-73d74d0dbccb	408	1262	109	38	levied
ebc307eb-6d56-4472-9458-da222467f696	522	1262	57	38	by
f84a0892-c048-494e-aaa6-70dc850a82aa	522	1262	57	38	,
d8e69aed-e244-4ffb-bb4a-c018893ce09e	583	1262	90	38	239
21cb5ba5-f4d8-4350-bd7a-a8ed5d08a8bb	583	1262	90	38	;
24eced6b-5f47-438c-a07c-a6e9f58ee8a2	678	1262	85	38	puts
a4c7653b-b70f-4e78-b96b-92c7afee5915	768	1262	100	38	down
fd0f980a-3684-4c59-94e7-08abf16efce4	873	1262	123	38	priests
1b23685f-6f08-4d6b-aa9c-035681fd46af	1001	1262	199	38	consecrated
90048e78-87f8-4fd6-bc8d-beab692ab9e3	1205	1262	52	38	by
bc919140-e43f-4c59-9f92-9b633f559add	1262	1262	56	38	his
e383265f-14d5-4179-996e-7b49fd6b4468	138	1300	128	41	father
48509c60-713e-45a9-a36d-4ebe18de796d	138	1300	128	41	,
e326e30e-b12e-478d-869b-8a7f5de17487	271	1300	102	41	240
55a092c4-2fcd-4663-8872-fd0c3e932973	271	1300	102	41	;
367cbd95-5dd0-4ac7-af21-e8108daf4553	379	1300	118	41	builds
8d95dab7-b2a0-4063-abec-205e84c2c9cd	502	1300	159	41	spacious
e34b9cf1-4a67-42ca-9708-7b922ca988b1	665	1300	184	41	buildings
ec7b4ca9-e778-455f-8bcb-6c8b83f1ca76	665	1300	184	41	,
9b1c9de9-5b64-4eac-8d9a-61856b0b5e72	855	1300	133	41	palace
5e32a8da-9d70-40f9-88ee-c25d1e41f5a3	855	1300	133	41	,
943a9f43-b9f5-4ae6-a69e-1ea6dc06a7aa	993	1300	143	41	towers
6fe7d103-9f1f-4ccc-b61c-121788264cda	993	1300	143	41	,
69ff8038-7dcd-466b-bbd9-71699586f604	1142	1300	97	41	240
e324fea7-98bf-4ef2-9132-6f5f0bc75cb8	1142	1300	97	41	;
243f4edb-cdab-4853-b0cf-0500f4376df0	1244	1300	74	41	sets
883f883c-4240-4be3-a759-a5a60770ec9f	141	1337	107	40	apart
05b9a594-5070-4549-a7c3-c5766b3b9615	253	1338	98	40	high
04de573e-95cf-424f-8a9d-fb01352ec25a	356	1339	137	40	priests
332e321e-6220-417e-8c02-f3b1f906f491	356	1339	137	40	,
d061bbde-a5d3-4d89-ade6-31ce4b4aea37	497	1339	103	40	240
7057990a-8029-4243-932f-9b3a6fd03cbb	497	1339	103	40	;
57a1e24d-7b5b-486a-ad63-485e33362cba	604	1340	132	40	plants
c890c5b4-583e-4419-8a4a-77134f7920cd	741	1341	190	40	vineyards
0626ac8b-0b2a-498d-9f74-6ba1b2464b7a	741	1341	190	40	,
7dff93ca-0a94-42f0-9d85-ab128dcca552	935	1342	103	40	241
2935c51e-c815-4f43-9529-e5c1507c919b	935	1342	103	40	;
ddd1fb52-6e0a-4a5a-a875-6e2858337f20	1043	1343	195	40	Lamanites
7b696f70-12fc-48ad-9f21-cd1324516620	1242	1344	73	40	slay
fe750c6f-32bd-40e0-9579-5f70c8279b34	142	1379	118	41	people
6a0a0edc-9e9b-406f-8da7-c4ef99bd0f85	265	1379	56	41	of
61b06e15-15f0-4b63-b230-aedb0b279426	265	1379	56	41	,
8f62e7ff-0fe6-47c0-a235-0f6c89ffc8f0	326	1379	92	41	241
d7ac9e0f-fa32-45f5-9d15-f9ea11d6a408	326	1379	92	41	;
0b3c0a59-35ec-4b9d-a517-0d7651c19de5	424	1379	149	41	Abinadi
b712d344-2f74-4a75-a144-44a9c87e0f93	577	1379	189	41	prophesies
babba52e-09a3-43d3-a3e8-4f7f82714732	772	1379	56	41	to
aab7da83-e5a3-4970-91cc-e5418b520604	772	1379	56	41	,
0bd11cc6-df16-49fe-bdc0-509d74766461	833	1379	92	41	241
2d7302f9-46b5-43e6-be28-58681d732c26	833	1379	92	41	;
51a7592b-5bf0-4de7-a213-f111913a36b1	931	1379	102	41	seeks
647ad549-1000-4f0e-a163-1e72430c934c	1038	1379	77	41	life
fda9e931-5fcd-4f75-a691-a6e663d58c9c	1120	1379	46	41	of
80955c03-b6f2-4d6c-997e-6fd7818823fb	1171	1379	146	41	Abinadi
eee1cf8e-7cac-4d61-b319-b760c35e0c6f	1171	1379	146	41	,
8235d0c8-f00b-442c-9aa3-291a6684e9f2	142	1417	88	44	242
bfbb8411-e2ad-4d5b-8cbf-ec13b43d9c83	142	1417	88	44	;
8b19a64f-3a6a-4144-bafb-df3c2af77910	235	1417	143	44	Abinadi
25bcb618-00dc-401a-be60-e1925f9d2306	384	1417	143	44	brought
4f2cedac-8e3f-47fe-8e75-aa41a60bfba4	532	1417	126	44	before
ca5b99bb-97ab-491e-82b6-6a40cee4e96e	532	1417	126	44	,
5ad886fc-9732-4dcb-a232-0d770fe524ce	664	1417	77	44	and
bf389870-6d22-45b7-8d1e-bd5477c346ba	746	1417	77	44	cast
a7d9d8fe-64c7-45aa-8516-e4383b34d2ab	829	1417	82	44	into
f4b8ea84-7e18-40f1-9eb3-58fd37d213d0	917	1417	132	44	prison
24cf8086-b5b8-40cf-a776-65389dcedb5b	917	1417	132	44	,
eed6c315-637f-4d6e-b332-881673494240	1054	1417	88	44	244
db6d7505-aace-4086-94c4-602365638c23	1054	1417	88	44	;
509b6a1c-832f-4b24-8662-03d255b44d59	1148	1417	170	44	condemns
7f13a15c-5603-4ac4-b351-5d8e6b0cb374	142	1451	143	44	Abinadi
5aa67ffb-dfac-4490-85aa-c42592d3f2d4	290	1451	44	44	to
f0001647-d6ce-44c1-ba53-7c2ab80926ce	340	1451	121	44	death
7650f4ce-d932-41b8-bb96-c40f18b02aeb	340	1451	121	44	,
55bba98a-6d4a-4360-8181-77728ad6c3b2	466	1451	88	44	256
8b1da5f2-fc7d-4efb-8be1-5c18ee154f29	466	1451	88	44	;
c3060a74-c01e-49a8-8bd7-ba50f8c6b45a	560	1451	104	44	seeks
59686c4b-0e2f-407b-980c-7fa4c92ea61e	670	1451	49	44	to
a5731567-52d1-4bb1-90bd-d5b113043658	725	1451	88	44	slay
f2faad5f-c093-4f2b-9a92-497b4506678c	818	1451	110	44	Alma
83b7735f-59d1-46bf-9df5-47790fba1fc0	818	1451	110	44	,
23a6ebfe-f389-40bd-8613-70dd83b1968c	933	1451	93	44	256
5a99eade-ef24-448c-b73d-324bcf4266e3	933	1451	93	44	;
20f4f1d6-ae72-4573-a4b1-b23b2ee801bb	1032	1451	126	44	causes
9b9d087b-233a-4c5c-8619-d6bc1c70d444	1164	1451	110	44	death
97f88ed0-75b6-4e38-992f-5a842f297184	1280	1451	38	44	of
073ae58f-1844-445d-aaa2-87937cc6cb4a	138	1495	158	41	Abinadi
ff714b2b-3345-468c-8fa8-d4470bbd759c	138	1495	158	41	,
dee4e8a7-ec3e-47fe-bd52-b6e400ab6244	302	1495	97	41	257
794a2aa8-daf6-4a8a-be0b-0aac7754d089	302	1495	97	41	;
2270b4ab-bf8d-402f-b893-11f8de9f1f36	404	1495	179	41	discovers
344f265a-11ab-4307-9893-76f4de467ed9	589	1495	108	41	Alma
df7fafda-a1a6-492a-917d-53cec22a35e2	701	1495	87	41	and
dee7b6d9-69d8-485f-aa74-6e3f102bf5d9	793	1495	133	41	people
e9ce5ac0-c30d-4d72-80ea-674c6985fe3a	793	1495	133	41	,
95ef7bed-9d40-461d-9b50-0ca64a0598e4	932	1495	102	41	261
0f03bc52-ef5f-43cf-aa04-ee991962d430	932	1495	102	41	;
ed768f65-6b3a-48f9-b846-6420304bea9f	1039	1495	118	41	sends
e1704ee0-b9fc-4e36-be62-e06da6e8f59d	1162	1495	108	41	army
1d5224a6-6a46-4b47-b24d-fb8605edd294	1275	1495	40	41	to
31b5d40a-7c7a-4e89-96ea-ceb5b26b63eb	138	1533	139	35	destroy
fe3732fe-7b79-424a-a455-355e7fba679a	282	1533	89	35	Alma
2cc4a41b-19a2-4281-aff2-235aa8645751	387	1536	76	38	and
b1ebc81a-ef98-4332-8c34-79d6b5f791ae	467	1536	128	38	people
abcf3ff3-3dc8-41d4-8743-d272cee5d9fd	467	1536	128	38	,
7703b8ac-6640-4a2b-9d01-c2bec6e8a3d1	600	1536	95	38	261
aac0d388-54fd-4ba3-bbb5-17239e18fb89	600	1536	95	38	;
ab068f7b-9340-4355-b670-0fbeaffb82ad	700	1536	209	38	contentions
63666758-bbc5-41f3-a794-6ffb6739ac54	914	1536	123	38	among
554a5919-4131-4a4f-9c6b-e2a4f318d259	1042	1536	123	38	people
40d909bd-dc36-4981-a7eb-225b89012fa2	1170	1536	57	38	of
e3eb8d34-cb5e-40ee-b25e-d8a8f277541d	1170	1536	57	38	,
b014bf45-2e49-4b97-b0f5-3e70b63efcc2	1232	1536	66	38	261
394f5819-c1ce-45f8-84d2-7b123c5e5813	1303	1536	15	38	;
fc2debc5-bedf-46d0-9214-d627f6a06e11	142	1574	154	41	attacked
867a694f-4480-4726-898d-d5d77a2c9053	301	1574	61	41	by
1f803e99-a16f-4889-b135-e38955b3b8f0	367	1574	138	41	Gideon
77f3498e-57a8-4dbe-b51a-1e3624d1640b	367	1574	138	41	,
622f4994-d8e2-48f5-9e41-62254bfbc6ea	511	1574	102	41	262
048aaeac-8adc-4622-8a65-d66a79fa0c16	511	1574	102	41	;
368a6adb-a3bf-4852-8824-02fc9794d4c1	618	1574	82	41	and
75cfa7fc-8383-4e29-9f47-b6a3f20cb5e7	705	1574	128	41	people
050f78f3-2901-405b-ac26-91e779581fd1	838	1574	72	41	flee
24d27c98-c321-4863-80a5-65a5ce49f622	915	1574	102	41	from
bc03523e-9e2f-4f01-b622-d2cd5627f22f	1023	1574	200	41	Lamanites
f7a73ebb-e7b3-495f-ae3e-11e771b6c6db	1023	1574	200	41	,
b58fb2cb-db0b-43bf-aa41-bbc3990ac0ae	1228	1574	87	41	262
b2a927e7-21b7-4370-8b2e-2a906a75ef67	1228	1574	87	41	;
bb6315d1-f321-41ed-a92e-0debb0308abf	142	1612	124	38	people
c2b1051b-c0da-40cf-8a42-bd3b95c46608	270	1612	57	38	of
7a88c0f0-2023-407d-8d57-0b14b2506f7c	270	1612	57	38	,
9b8c0970-db45-42f4-be17-0891924af098	332	1612	85	38	pay
af0f146d-a603-44f3-b6f1-7f7b5a70ed8e	422	1612	138	38	tribute
a15378f3-7b1b-481d-9406-e759b7573671	564	1612	57	38	to
aeadb0ef-581e-4367-99ac-cd8bc0a9ba7d	626	1612	204	38	Lamanites
098c5a50-d4cc-4d88-9f9f-43ee42247fcc	626	1612	204	38	,
3ad311fa-ddef-448e-ab9c-2ede35bb8240	835	1612	104	38	263
82294765-1b6a-4a09-a25a-557278b43267	835	1612	104	38	;
5ad1294a-33ac-416c-8f79-8d1b8b1cd522	944	1612	133	38	Gideon
604989b2-2fa9-4950-be48-5a1f8f4b2405	1082	1612	166	38	searches
89159de5-b73b-43a2-922b-2e5b9dcd526c	1253	1612	65	38	for
6b05cd02-cde9-4516-9be4-6aee0a1ea088	1253	1612	65	38	,
7d013bd2-29ff-4646-b201-095e6a0d785d	142	1650	84	38	263
d15faee3-411b-4186-918e-7ce99406b1e6	142	1650	84	38	;
de2b8c8e-a77d-40cb-a493-60c022d6e37c	230	1650	74	37	put
ab8688ff-9296-4d90-98f6-571885b9478a	308	1650	46	37	to
64edc1fa-5301-45b1-a924-02020b1de087	359	1650	106	37	death
f60dc97d-e3df-4b74-8d68-5713f65998fb	470	1650	51	37	by
9f44a1fd-adee-4f97-aaba-85589f2cd945	526	1650	74	37	fire
aaf1326a-5646-44fb-8e85-541047d287de	526	1650	74	37	,
6fcb7976-248c-453a-89be-fc7df1c584f3	604	1650	92	37	263
845f4581-e195-406e-a3d9-c5dfef1693ee	604	1650	92	37	;
8e6fc8fd-9cdf-4617-9432-a160eaef0b42	701	1650	120	37	people
21830b43-c723-4718-b312-695bec34cfa3	826	1650	51	37	of
2fab3479-01e9-44d3-b3e6-46108edfcd5b	826	1650	51	37	,
506d6692-cad2-48ce-b34a-f847eb8318e9	881	1650	125	37	return
eda573d1-72be-448b-ae0c-dc33e1809046	1011	1650	42	37	to
5994434d-cd2c-4b65-81a9-2e592aab6bf2	1057	1650	92	37	land
fcd71746-74f3-4762-9bcd-7e979fcb96d8	1154	1650	46	37	of
0405ee32-0e7c-47f2-af22-995124ee844d	1205	1650	110	38	Nephi
6ba65b1c-58ad-4d4f-91ed-97452cdd3133	1205	1650	110	38	,
d0fb659d-cda1-44d8-98cf-b25a99cb5c9c	138	1687	87	41	264
03597f57-4bd5-4fa3-a07e-0b5679820913	138	1687	87	41	;
b4ca25e9-5e68-4fe5-bccd-c3bdf28f5ab2	230	1687	103	41	Alma
798821fb-5890-4834-a685-f406405c600e	338	1688	72	41	and
ab780cbc-925c-43f9-aaad-a9dcda0a56d8	415	1688	118	41	people
ad4095fa-924c-4c8e-b293-43070ee638bd	538	1688	123	41	depart
e604b0f5-fded-4d7b-a701-e5ae0ebd6ebe	666	1689	82	41	into
f2f199e6-03af-4ad3-8d2f-85c4f2b9fdfb	753	1689	190	42	wilderness
72311173-0fb9-488e-85ba-498f7f965d17	947	1690	92	41	from
c6dae6de-15e1-4ca6-80aa-afa14ad95c9c	1045	1690	118	41	people
f4b0e21e-c8e5-46ae-ad55-a3887317fb7c	1168	1690	56	41	of
ec13cfc0-3fc6-41cc-9f34-732483ad016e	1168	1690	56	41	,
9c18da0d-ed91-48cd-91da-71395c019744	1229	1690	67	41	273
ed82e504-a4fe-4042-be8d-b98c5489dd5a	1301	1691	14	41	;
45563d4a-0551-42d9-b678-a4ac7914a224	138	1728	126	44	priests
c95117ec-5f90-4b14-9f9e-d5f265653363	270	1728	49	44	of
6172c385-f4ea-4121-9ee9-a58e8aa6a6c9	270	1728	49	44	,
83264a83-e5f3-45d5-b11b-2d526d7a9825	325	1728	115	44	found
26d84184-14b7-4c05-8c6a-5d459b15777a	446	1728	55	44	by
6704d2de-e19a-48f7-8f25-58d1151d9a4c	506	1728	192	44	Lamanites
56a87c86-5142-4e06-bbc6-e8604bb78db4	506	1728	192	44	,
eb430146-99cf-4e45-a00e-1421c4c7027d	704	1728	93	44	276
e9dfc61f-ba82-4aac-a768-80731ebf4d8c	704	1728	93	44	;
02e454d7-6ca8-4f3a-9953-1b5dae2ce228	803	1728	132	44	priests
b6fb7e29-d094-40a9-83f9-4c60dca724e7	940	1728	55	44	of
239c1d0e-fb15-4b26-8ded-e28488d0b7a8	940	1728	55	44	,
8a489315-ba06-4813-965a-38b2f053e813	1001	1728	78	44	395
bdbbebc1-918c-4183-b8dc-cfb649b66e2e	1001	1728	78	44	.
35534d43-34eb-4049-933f-8c9b7a7591da	104	1763	195	41	Northward
30303d74-1ff0-4d23-9d30-68d8147206f3	104	1763	195	41	,
09bf752e-bed9-41bd-8625-a7b7e005c470	304	1763	97	41	land
a5daae20-a472-4082-91b9-3980ace8b46b	304	1763	97	41	,
7d9410a9-73ad-468d-a574-9fc9016bba0f	406	1763	78	41	388
572cb622-ab75-4bea-8bd6-34ae963f5fab	406	1763	78	41	.
54b7d432-2fa4-4f0a-b758-979b17863076	101	1804	119	38	Ogath
e7450ca2-e8f1-4ff0-94e9-6e14c3169125	101	1804	119	38	,
8e184406-14ea-4644-8923-177f663fe249	224	1804	85	38	Shiz
5d6b07fe-7fa2-4c94-81f6-e43e2aa8c16a	315	1804	75	38	flees
f1789d4e-8f54-4833-995b-7ac9f9aec431	384	1804	15	41	3
90d3a41b-7e2d-4429-a112-e21c89ef2ce0	404	1804	55	40	to
8b5c76af-bf73-4d00-87c2-288a2bf4e83c	404	1804	55	40	,
0676e7fc-5173-4d9c-a0e8-acfa5e81c589	463	1803	78	42	757
179006c0-06ca-41a4-8d1c-514c296a6962	463	1803	78	41	.
9addae0d-ce37-4bef-b836-c47f1c828827	101	1842	95	38	Olive
ddec976a-d15c-40a0-8a3a-2fa09f84a941	201	1842	90	38	tree
a5dad90e-e041-4182-8d95-2682103078ae	201	1842	90	38	,
6d40035e-049b-4303-a6b5-6c160106c95a	296	1842	138	38	Gentiles
a2bcdc67-53b7-4169-804e-5610a42b005d	447	1845	77	41	and
42bfea0f-0012-4c8f-8baf-8fea1a278949	529	1845	108	41	Israel
614cba98-3ef3-4008-8983-9238dc2b6b0b	641	1845	169	41	compared
4d1c4351-3ae4-4de9-8e41-45a3c89fc0eb	815	1845	56	41	to
3b6c2eef-3115-45e1-a4d4-55a9869ee5c7	815	1845	56	41	,
b56dc93a-cf2f-4f19-a721-9ce4cfc869cc	877	1845	72	41	25
fb38d682-008a-4507-97dc-cdcab0f03ee7	877	1845	72	41	;
1c0616d4-6946-40c0-b0bc-97fcc24d04a1	954	1845	143	41	natural
012f2593-7616-4cd8-a349-55ecbdd8f668	1102	1845	159	41	branches
ea0f89c8-840a-4bff-8215-174b02261fee	1266	1845	48	41	of
f5688ef3-244d-4e69-84bd-44a920a28b0e	1266	1845	48	41	,
4bcb7036-d70b-4a32-a25e-4d739d7e4d1e	138	1879	64	40	43
d34c4307-3401-46d2-80eb-92023b4f9450	138	1879	64	40	;
1a629a2b-e49c-485c-b216-a01471a673ac	206	1879	103	40	house
200c5fe5-1f81-47cc-a380-b8db21d4cd45	313	1880	44	39	of
3921ea6d-506e-4d04-8bda-54dc2d4a012c	362	1881	108	40	Israel
ee6c8543-8174-4621-8887-88cce4a9c5b6	474	1882	166	41	compared
3c6f707a-a631-4a27-a9f2-bf423b0a505a	645	1884	49	39	to
c2a583b5-c0a8-469e-8908-9e839084efe4	645	1884	49	39	,
e8ea3b9a-9ac1-41dc-a8a6-554ca7c2d2a3	698	1884	69	40	44
fefbf926-e4ab-47d5-9c5f-c5cf23a65fe1	698	1884	69	40	;
ca5032f7-9e39-424c-b52e-2a55cadd48e2	771	1885	78	40	seed
074525ae-9e9c-4499-b43b-0533cf03c304	862	1886	42	38	of
940ff00f-80fb-4a5a-9fb8-4680b3a9f8b6	909	1886	85	38	Lehi
ac7ef83f-e485-43d4-a337-f9f818128e4b	999	1886	43	38	to
cb38f4bc-548b-4d2f-9c05-0ed3c10a3bb5	1047	1886	47	38	be
09da50d1-b129-4f23-927f-d7d1ca5278bc	1099	1886	128	38	grafted
9ace06c2-a4be-454c-a7fc-14cf87189629	1232	1886	83	38	into
0cd07f55-d277-4230-a1c2-f8310cf4990a	1232	1886	83	38	,
9e3f373e-72ff-46cb-98d2-55ac9d62a73c	138	1920	65	35	44
df35e62a-e6a6-4e82-8114-5204b4cbbdea	138	1920	65	35	;
4ecf933d-e3ae-4eeb-ad7e-446fd91a9a3f	208	1920	114	35	house
6919137a-37d0-4e82-8d88-a63306abdbe0	326	1920	48	35	of
dfd714ea-6fa7-4db3-b4e4-c8ed4993e3af	378	1920	105	35	Israel
9f99f3a1-eead-4eb0-9c1d-331d3c5bd798	488	1920	79	35	like
1fd3411f-34e6-4732-a75e-5416003bdd60	571	1920	87	35	unto
47cc0b38-6f3b-42ae-9936-274a2efab276	663	1920	23	35	a
57802f57-3365-4341-854f-4f4fda7cfcd9	698	1924	106	35	tame
445afdd9-562e-4882-aa71-673f9ab30bde	698	1924	106	35	,
f8293f13-f986-4579-ba07-d5ff5e782279	808	1923	79	35	177
7dd43886-10b4-47ca-8272-c7dc32e49a40	808	1923	79	35	.
898cf791-38f7-41b4-a27b-aba1c57686a5	100	1957	108	42	Omer
4c150a44-b1c1-4862-8606-d15ac5579107	100	1957	108	42	,
ee5b3d78-eefd-4b78-bfc6-a9c2c907ddb3	213	1958	72	41	son
3b6cbe56-4dfe-4b05-90af-cbf052f85a28	290	1958	46	41	of
431d2af1-2b7c-491c-8da0-76d9fd010fd4	341	1958	118	41	Shule
ffb10e6b-c8e5-4ba6-bbf7-068cd144f873	341	1958	118	41	,
594d28db-8c86-4c37-b179-0445cc07732d	464	1959	92	41	715
fb65a07d-e4f3-45db-83e5-fb5e3677e2b6	464	1959	92	41	;
b6f328bf-0b33-4510-9b26-22a40e51cef7	561	1959	118	41	reigns
fe69be1c-a06f-4dd2-b097-bf35beea1987	684	1959	133	42	instead
45867f66-57d0-40fc-be56-35c7dfce6c55	823	1960	51	41	of
dbfb76fb-7422-42ec-94e8-ee9bfd775ade	879	1960	113	41	Shule
f12ec8ef-5f30-4ad9-9d48-87abc63bb10e	879	1960	113	41	,
4fc2dc70-5edb-4bb1-893e-197ed4e4a5a6	997	1961	97	41	732
8475a697-fbb4-4893-9710-8f160272224e	997	1961	97	41	;
ca704797-f06e-48a5-a6a8-f6665b9d78d0	1099	1961	108	41	Jared
a9bb841c-157b-4723-a597-b2e4b97bc79e	1212	1961	100	42	rebels
1f25f9d3-b3bb-4b99-ae59-af36d0d2aa7f	138	1995	142	41	against
bf69eec1-8230-4efa-b1ee-8113b7a59233	138	1995	142	40	,
337a1c79-613f-4a83-8a6a-350def98c995	284	1996	93	40	732
ec2c4b9e-77ae-4ef7-b189-50509ee237c6	284	1996	93	40	;
db6c92ef-981e-43d1-8dd1-57e6f4ba4c83	382	1996	44	39	in
bb9e179e-50d8-4d3c-83e1-3e69917c3a81	430	1997	176	40	captivity
680fb448-c634-44e2-a1fe-9b6088b896e0	430	1997	176	40	,
7f3b349f-46b8-4b69-b014-23720f595cda	611	1998	93	40	732
0b0873fe-6f52-4add-99d8-373d45cfe721	611	1998	93	40	;
03eb9516-8106-492a-8781-3d489ff12211	708	1999	117	40	friend
66ee0519-e1f2-4792-8cd1-d42d03605dd2	830	1999	49	39	of
f8284cdc-b74e-45fa-a391-85c67c107671	884	2000	117	40	Akish
6b4ff498-dcc2-48b2-b8c3-976e595afcc8	884	2000	117	40	,
c783589b-b297-46b8-931a-1c5fe3152991	1005	2000	93	40	733
64d8f3d1-eab1-4caf-9daa-c98276bd73a7	1005	2000	93	40	;
95595092-ab4c-479b-af0c-d49658151117	1103	2001	156	40	kingdom
17c4a7be-f971-4362-ae04-8a993e9ce53d	1264	2002	51	40	of
9036743f-0ebb-4242-98f8-09aed501b9a1	1264	2002	51	40	,
b7cb8c82-3d09-465d-ad19-ca222b57829e	138	2037	208	38	overthrown
0b7220e0-59cb-40ea-b1a8-e5ed6ffb3c35	138	2037	208	38	,
3e0ed9dd-4e1b-419d-87e4-3336c3aaa2e3	352	2037	95	38	735
abf0790e-656e-4167-8a87-ac368a9b3a33	352	2037	95	38	;
7836e8d0-51be-4b0d-9c6c-3bcf63902111	451	2037	124	38	warned
bd124aeb-bcbc-421b-a119-b5da96f0627f	581	2022	53	47	in
8fa0c708-dc26-4139-bfae-23a9f2789c86	639	2023	116	49	dream
d7af507d-8787-45a3-b395-9890bef43b2b	759	2026	76	48	and
af5f8a90-f746-484f-94f4-f9845822379e	840	2028	139	49	departs
5ba03ac3-cfcf-4473-a0ba-068faf8889ba	983	2031	47	47	to
8ff77b4d-5fe6-4b7f-a478-93ab2215de1d	1035	2032	70	48	hill
4990f4cb-c35a-4710-849a-e0161e0a44e9	1110	2034	110	48	Shim
58db795f-97dc-44eb-b78b-29d4660ab636	1110	2034	110	48	,
a67c8e4a-d335-4d3e-9fd5-5bfbe3d1ff0f	1225	2036	70	48	735
9a484aee-0dbc-4b67-9e26-ebb31e33d024	1299	2038	16	46	;
