ID	X	Y	Width	Height	Text
bbf10b88-1bd0-48c6-bac1-1cac1a6bbab5	670	60	176	47	INDEX
5c06d7c0-1a52-4572-8693-55de6ff4230d	670	60	176	47	.
ef7831b8-41c7-479c-88be-ad279003bc2a	1289	66	72	38	813
0cb6f934-019b-4b94-a134-3d2198a1f6ee	186	139	50	41	al
2d81c2a8-157e-4f9b-a01a-4bce31e4ce96	241	139	120	40	Ablon
5e6b924a-62fa-4271-a368-5bf408248dd4	241	139	120	40	,
34492f0f-86bc-453c-9096-49d1085916af	366	139	90	40	735
a4f6437d-d901-4c66-b2af-ef278fae4274	366	139	90	40	;
4c5e9d40-bdcf-49c8-8774-8aa3bba151a3	461	139	150	40	restored
77323030-671d-4007-aea8-7e0d6ac36abd	616	139	50	40	to
7d3c9e1f-b0b8-4e78-9a4c-7eb94e9b1d50	671	139	165	40	kingdom
419e0297-21d1-48ee-8600-5907cc96c8ff	671	139	165	40	,
0f15150b-071a-415d-98be-6afb8169d4a8	840	139	90	40	736
45ce1d6c-d639-4b67-8097-09608e089e3a	840	139	90	40	;
cd5b827d-317d-4088-b97b-9c7b9925e237	935	139	100	40	gives
a136101e-99bd-4703-95aa-d54063bd2cee	1040	139	155	40	kingdom
69d5ec31-dc51-4560-a592-c8ba9df8ef97	1200	139	50	40	to
6bf91c10-8fbb-4684-bf48-d73d22f9c781	1255	139	104	41	Emer
a702fb8c-3917-42a8-9b42-8534b308e936	1255	139	104	41	,
ae133c23-3134-4c8c-9f41-cc5c4ac582b7	189	173	57	41	his
87bf158f-36e7-4697-9512-c6e8dadba2ef	250	173	82	41	son
83c0674e-a67a-4eb2-ba8a-22274a53cc7a	250	173	82	41	,
3517fa01-8b4a-4261-b98e-b7f6ab5ac7f1	337	173	92	41	736
73ab0242-1eeb-404d-9bea-cd9bc4f7528c	337	173	92	41	;
d6ad1e10-280d-4cd1-a116-1e717c8c4972	435	173	108	41	death
3ec0f334-cf05-48d8-97ff-d3462e27bdf3	547	173	51	41	of
02de6798-6567-45aa-b701-9279c4c1835a	547	173	51	41	,
70e1f6e2-bfdc-4745-933b-7b3118f5db02	604	173	79	41	737
fde3fe3d-34d3-4dd7-90d1-825e08711b81	604	173	79	41	.
098971ae-e9e5-46d9-925f-678e76cb69fc	151	214	128	41	Omner
d99ac14a-dea6-4e4c-a285-346459186b76	151	214	128	41	,
3f548398-a279-40a4-81b1-63c676c56df7	284	214	82	41	city
7b275fea-8ed7-4f0e-94c8-93148f354a32	371	214	51	41	of
b82304f5-e42b-4c11-8412-3bc70b9cb97d	371	214	51	41	,
9e7809f7-09cd-43ae-a49d-2c1d1b0dd9fb	427	214	205	41	Amalickiah
b7da06ca-41a0-4e06-813a-c38617134099	637	214	108	41	takes
628b1d8c-c03f-4cab-971f-7802191afdd5	637	214	108	41	,
7e160b04-9584-4b91-ac0a-6e01eea188c3	750	214	77	41	493
43600d28-9f52-4231-a2d7-93cdf88c1638	750	214	77	41	.
079d37e2-35d3-47b7-8c8a-153e117a6bd0	148	252	128	41	Omner
386ec243-f52c-4595-b382-87d55601facf	148	252	128	41	,
504b66eb-15b2-4910-9ac4-22851fa53c87	281	252	72	41	son
c4f42c23-6e55-4c23-8d91-395377d6805f	358	252	46	41	of
8efc390c-982a-401a-95e7-56f5aab0178c	409	252	138	41	Mosiah
d8aa27c2-2633-40fb-8981-6a5d15dba560	409	252	138	41	,
a7930bf7-6c5c-4e58-b55a-4743ef7ef127	552	252	133	41	teaches
303eb122-1485-48b3-b891-214732791512	691	252	118	41	people
abd4cbc6-dd20-4274-94a7-5977735d2d13	814	252	46	41	of
d961544d-d8a5-421a-85aa-16d1a943b89f	865	252	200	41	Zarahemla
09bd16b4-e836-4ca7-ac89-a66d500238a0	865	252	200	41	,
5b8bb72e-4ebb-416a-88d3-169da3a5587c	1070	252	87	41	289
3fc5b2f4-5110-4da3-b98f-628f78920081	1070	252	87	41	;
a687afc6-1a83-4de4-8adf-0807abbfa674	1162	252	143	41	account
e497d072-f760-48a1-9a20-b2b9d7a67422	1310	252	51	41	of
2c22444f-8053-44b0-99d5-78f70e726e64	1310	252	51	41	,
42da287e-c6ef-4497-b589-bb0666973442	185	289	92	42	388
2cc0e7c2-b509-420a-ba77-38a3787e08ac	185	289	92	41	;
c7719971-69de-46f8-8c3b-15bbc31725a2	283	290	159	42	rejoices
d0775b21-e9b1-44eb-bd97-b35c1a1e7b9d	283	290	159	42	,
6d66d6d2-71b9-4d20-800d-a787b313a413	447	290	97	41	397
0bc6d491-8ac6-496b-80a4-4c34dfe07670	447	290	97	41	;
cce6e5e9-e4d3-460a-8572-b64098436a80	549	291	149	42	rejoices
fed6f559-1512-4da4-8621-bd3c090fbd21	703	291	62	41	on
759813ad-f522-4661-9e34-3fa2422fa9d7	769	292	154	42	meeting
6e151e61-905a-4cea-b302-9b4f8659a4c2	928	292	113	41	Alma
df2c773b-0e35-4137-86ec-f282f2b36d51	928	292	113	41	,
aeb7efc9-c44e-412e-9ddd-c629469a9bd3	1046	293	97	41	403
997d78ea-af23-4894-9a63-8e34958cc376	1046	293	97	41	;
1d6c931b-b67a-4557-8019-057bdab2c51e	1148	293	113	41	Alma
d49e104f-ea0d-4c11-8be1-613b06920110	1266	293	93	42	takes
e62f8c44-fe41-4a4e-a9be-29627d914f66	186	327	77	41	him
405be893-b9ef-4519-966b-f922c3db0f84	268	327	46	41	to
c11950b0-87b0-4b82-836d-0f2324aa753e	319	327	128	41	preach
c61dda03-25ae-4a75-aaa5-a9b008dbbee6	452	327	46	41	to
1a3e58eb-81d6-407e-a686-51a788a8ee0c	503	327	189	41	Zoramites
e9f0e85d-730c-426a-8458-602a10688fe3	503	327	189	41	,
2d4e7813-6b39-4053-8983-20a47311a1d4	698	327	76	41	417
55439bf6-2aba-4882-b418-adb6c069370b	698	327	76	41	.
4d6e993a-3bee-43bf-a4b2-ff0b4f64c2d3	151	368	113	41	Omni
1ad33c8a-ee7b-42c3-9215-10b10176cd72	151	368	113	41	,
0aebe927-d11a-4008-8fc3-e9066b2c3f5a	269	368	123	41	Jarom
2f5d3f0b-8fbf-4d5d-bac7-fadd37d13ed3	397	368	149	41	delivers
9e1fc475-7ae2-45ff-8c47-88217368f0f3	550	368	118	41	plates
f7201e7d-b506-4d63-8b87-52bcd9b76f94	673	368	56	41	to
9ce22e8f-14b9-4709-b95f-e4ec7221486e	673	368	56	41	,
58d52004-748d-4215-9c05-b90081dad773	735	368	102	41	199
00a11bf7-1a71-4a65-b4a4-e35bffcdd11f	735	368	102	41	;
46191375-aff5-4b16-ad37-e72ee559506c	842	368	41	41	a
80287e9d-0b0f-449e-b391-e06341d297e7	888	368	133	41	wicked
76385088-9193-4423-9c38-b4703c055726	1027	368	97	41	man
ad2f63af-70f5-43d4-bb24-ffae35ff1739	1027	368	97	41	,
b1503446-1b18-4d2d-ad62-ba14025b4334	1129	368	97	41	199
aee9dcba-c10a-4eed-a03f-13ffdb4411b7	1129	368	97	41	;
08985763-bfec-4925-a4c2-92835e51a0ce	1232	368	127	41	confers
9ed274a1-11fa-4869-9ced-e2f3a037003a	186	406	109	38	plates
e0fd263c-9d59-4a83-ae3d-53de4a4d2422	300	406	52	38	on
bcc0f211-eccd-441b-8b41-6bb4ec47cb86	357	406	152	38	Amaron
2ca8e8e4-d8ff-4ef9-bb2b-54081eb95e86	357	406	152	38	,
45006bac-8655-4043-af19-253a40fdafdf	513	406	81	38	200
946382d6-fddd-4194-80bf-0827156f57d6	513	406	81	38	.
c6e92be0-42ef-4e52-b564-e352d53d96c8	151	444	137	44	Onidah
72af0452-dfb1-48e5-9186-f66fef8b92a9	151	444	137	44	,
22542788-2a8e-42ea-b2f1-5835ab9b15f2	294	444	143	44	sermon
a4a2bfbd-a1c5-4b1e-b37b-34d15f29d341	442	444	49	44	of
c465c5d8-064a-431b-bc62-2b5f936d3ccd	497	444	110	44	Alma
0fe3d3a8-c7d9-408c-8887-78f37954d7c8	613	444	99	44	upon
1dd205c0-0a1b-4668-aa6e-a6ae26792a1e	717	444	82	44	hill
5e3ef157-80ef-4711-9136-ef0074cd6c9f	717	444	82	44	,
24ebab06-3f6a-40ac-8c0c-a43fcaf02a0b	805	444	99	44	421
1bf2a3eb-f68f-48a0-85d3-b86431ac228e	805	444	99	44	;
6decc3fa-6074-4c29-9fdb-52e47df5f527	909	444	143	44	Amulek
5203c4e1-0d5d-4a11-90d1-03b7d6ef8602	1058	444	159	44	preaches
88507aa8-eb4d-4e91-a60a-b384845293a0	1223	444	55	44	at
c9abc509-a2c8-4ebf-9aa9-21e6f61e3b95	1283	444	79	44	hill
e0055518-af45-4bbd-855d-51347a279524	1283	444	79	44	,
3c918b1d-0fa9-41bb-8b0d-fe3d06c3c71c	186	482	88	44	428
96771819-3e83-4d1f-aaf3-04ae41295125	186	482	88	44	;
3732372e-f81a-4186-9bc1-935da6da31c5	279	482	137	44	portion
b7b67dca-4c7f-4113-95dc-5916d80c14b4	422	482	44	44	of
8804bc0b-de91-4646-9d46-86bc7a4beeae	472	482	187	44	Lamanites
2d560608-3521-49af-a850-4b3bba4a2e6a	664	482	71	44	flee
0771f753-0531-4d19-b416-5324eaf53e0e	741	482	55	44	to
4631b797-0821-481b-9eaa-f308561ee836	741	482	55	44	,
83e70382-65f8-4d69-a844-0a14c47c9491	801	482	93	44	474
99686440-3c31-4c4b-bd0a-c747ad48a64a	801	482	93	44	;
1856b83f-9a8b-4b0a-84df-92eb4ec5d101	900	482	99	44	place
575240ab-9057-4422-851d-c35dc4c47ab9	1005	482	44	44	of
3171963e-c66d-4d8b-b973-5445fd7adb2a	1054	482	104	44	arms
49507779-9ec3-4b0a-9caa-dbbee795c278	1054	482	104	44	,
f92e89cc-be52-4dee-b912-ac0eb70ef355	1164	482	78	44	474
796179cf-34ef-4ef3-8082-ace7d70dbaa8	1164	482	78	44	.
1c9d5a27-a66a-4552-9934-b4c5642d7166	151	523	143	41	Onihah
dafa4b62-101f-473b-9ea4-d9f4d65b2d94	151	523	143	41	,
61093abe-3955-405e-bb0b-f3e3ee40cfb5	299	523	113	41	water
8f870f0d-ad8d-4891-88a1-1a1acccd3d29	417	523	113	41	comes
b5238d60-d0cd-4398-a389-aceb326739ba	535	523	138	41	instead
d237e33c-a16e-4d57-b85e-b699ee26f987	678	523	143	41	thereof
7849ffc8-b780-4217-abac-e09cf2df950b	678	523	143	41	,
bb909863-6a4d-4ba4-8b45-bbd32ad8e694	827	523	82	41	626
1d30a6d8-a97c-47d9-b132-8b260e3cb966	827	523	82	41	.
79d27b0b-7505-4df4-9691-5c8b7620d16e	151	560	87	41	Only
3bf8d70c-bb60-42d3-b766-c6e8278c3ffa	243	560	164	41	Begotten
330118f6-711a-443b-b865-94a11ed53dd4	243	560	164	41	,
01eb3f84-463c-4b20-80c2-a7ead6dd9615	412	560	41	41	to
e68daae3-d7c2-4e54-a744-04c816dece48	458	560	97	41	show
69fbc80f-ca61-4312-94e8-74e4acf93b79	561	560	133	41	himself
22af7c36-fae0-417e-a123-106b760dd3c7	699	560	41	41	to
164d4615-4e22-47a1-89ca-d6d3fd195164	745	560	61	41	the
9c589a58-e645-4896-a0ea-1ebd5ef2ee91	812	560	118	41	people
d31ecda6-f656-4820-841b-b70f10727684	934	560	41	41	of
05492f4d-1e03-4905-a236-e4b8753783c0	981	560	189	41	Jerusalem
86997821-0c3a-469d-9df6-487ec335fbbf	981	560	189	41	,
caffc19a-8a2e-49c1-a20d-3596746f64c1	1175	560	87	41	140
9b9db113-3b86-403c-82a7-400e600a6d4e	1175	560	87	41	;
9f65b1f2-42f0-42f3-bf0b-09fd2dd5646f	1267	560	46	41	to
95d01f8e-2f88-4fdc-9d42-24c1121fcb11	1319	560	40	41	be
c66290ec-7179-4874-9f2a-1ce3b32e766a	186	598	149	41	crucified
f3894408-74a4-49a4-8352-1ea2d59f931f	340	598	56	41	by
0c59327d-2135-4f1f-9411-00b0dc2400ae	401	598	102	41	them
715ebdde-cd8f-4eb4-8e74-56531c92d027	401	598	102	41	,
65b3aac3-9d87-46ec-bb0c-b114693a218a	509	598	87	41	141
94e342fb-8d5a-40fe-a336-fdd8c6654d28	509	598	87	41	;
3c89dbd2-4e9c-4baa-a528-64518f1d0497	601	598	51	41	to
2dfdafb2-c986-41d4-9c2a-54b28c5477d7	657	598	77	41	rise
e8f90a13-e69a-4ed2-94d3-c18b926b08c2	739	598	92	41	from
b823a060-7b68-4cef-9832-f3214bff00a9	836	598	67	41	the
9f4f4a1b-5ad2-42eb-af21-58bbb51a85f0	908	598	97	41	dead
273a3558-f6b8-44aa-a54d-77cc5fe304b1	908	598	97	41	,
535bbb97-3277-451b-bc14-44a2ae339954	1010	598	81	41	141
f2c7ae12-ddb7-44e8-a85f-9f879938b8bd	1010	598	81	41	.
8589940b-a1a9-4b1a-b549-cc33124ef60e	151	636	82	41	Onti
1cfb0177-e0cf-484b-901c-f8c3eb4d273a	238	636	46	41	of
812f48b0-5a01-4d16-91d7-40f32cd381aa	289	636	113	41	silver
9710e5c9-24c6-4a51-8295-9f53b3b232d2	289	636	113	41	,
eff212d2-48b1-4e14-add7-396880bd904c	407	636	81	41	339
47d58653-e508-4d7b-9be8-27e0b75e9131	407	636	81	41	.
a65f1ce4-b1a9-4834-98e3-06a507b269a0	151	677	185	38	Ordaining
fd4decf7-f8ba-4220-800b-6956e324aad5	151	677	185	38	,
0f41edbd-ab6d-419d-afdf-a6711461dda3	341	677	147	38	manner
604cf66f-8e79-4888-af31-c8fab1dde619	493	677	62	38	of
198f183d-8f8f-42f2-8061-1c52e56c413a	493	677	62	38	,
82718e32-7413-4779-995a-157de0cb41f9	559	677	79	38	761
568cb2e8-6b03-47b7-b74c-61a84c6b7740	559	677	79	38	.
08f9180f-90d2-4fe8-b144-2edf94843688	151	715	88	44	Ores
6a6a51ea-280a-4012-8352-e10175ff8107	151	715	88	44	,
fe88ef40-8c6c-48c2-9091-dc4ccbe6d29b	244	715	110	44	found
6eb34160-0af6-427d-a319-9cf487ba4e85	360	715	44	44	in
f4d70c08-8114-4b8f-b726-ee580520a67f	409	715	88	44	land
ff4d84eb-8ee4-4090-b664-787a7df24afa	503	715	44	44	of
b431bbf5-458f-4c9f-8bda-c8f57fbbdb9c	552	715	148	44	promise
3c42945d-5b47-420b-a31e-9b9248851392	552	715	148	44	,
ed21d751-f17e-47b4-984c-f925d0a1327d	706	715	71	44	63
8aac50ca-6588-410a-9a6e-ac46c73498c8	706	715	71	44	;
c813a0b4-3955-4870-8cbe-6cda669b77bc	783	715	115	44	plates
4006ebc2-ce62-4634-b1fc-67b103a3ac5d	904	715	44	44	of
dc0e20b0-cec9-44f2-b014-e908e9d49d19	953	715	60	44	ore
6e92fd0f-fce4-484d-8856-eb1fd22be4b4	1019	715	99	44	made
67bdc564-bd14-4c61-970b-c3a7e4f0d566	1124	715	49	44	by
20020dab-749d-4b65-a4ce-8d23418732c8	1179	715	121	44	Nephi
bd6692f2-7113-4abe-bfc8-2e07cd07bfff	1179	715	121	44	,
7d5a9ad3-06dc-4500-b702-e0ea5c5f21b7	1305	715	57	44	63
6349de89-77a6-4787-941a-89671fc44a95	1305	715	57	44	.
19fdca92-8429-4a5d-9386-8d8e1e109733	151	752	138	41	Oribah
9209067e-103f-4939-b14a-76e01a58ba85	151	752	138	41	,
f07a2ade-8194-4ad7-95fe-83a0fbf5d06e	294	752	87	41	son
65cbbcfd-5048-41cf-9142-6b655efe805a	386	752	56	41	of
039fec3f-b198-4d64-9417-afc3b411313b	448	752	123	41	Jared
9260f011-8382-466b-925e-2cbb0138ccd0	448	752	123	41	,
f5748810-971c-4865-a539-ee6b5d65846c	576	752	92	41	715
0e782bf3-17ae-4275-930e-5d8daee80f98	576	752	92	41	,
16f5b4fa-09f9-462c-a787-f46c2ba634d7	673	752	102	41	728
0a4228f1-2f3c-475d-883b-97444fd558fd	673	752	102	41	;
7d17341c-8457-45d7-a03b-c3cd0c4f7333	781	752	184	41	appointed
b0d4254e-faa6-4af2-bd1c-1bb4473ad04f	970	752	97	41	king
f5381741-4fb6-49b5-9562-cc377c03b741	1073	752	56	41	of
4e274f9b-6bed-42f7-bccf-566d729964bd	1134	752	133	41	people
ca69b4d4-8f1a-426e-b75f-fe8aa5bc1050	1134	752	133	41	,
0f332025-9466-4cb3-a62c-a3cedb134798	1272	752	86	41	729
64b34e4d-0bb9-485e-bd54-8916bbb64aca	1272	752	86	41	;
bdfa376f-8a33-4f1b-ae49-35e5e7f89454	192	793	123	38	walked
0f5276bb-6742-48ac-b764-a750975a2b9d	320	793	133	38	humbly
c987360b-bea3-4b78-86df-720c8177bb1a	458	793	114	38	before
29c9d390-a121-421f-adcb-15b1a456a976	576	793	62	38	the
bcb440ed-e2cf-41d7-83d1-ddc38a489810	643	793	104	38	Lord
b15a9a26-b6a9-43b6-b27f-92f5fc495b77	643	793	104	38	,
190cf3fb-add0-4422-a619-fcdfb39c23a2	752	793	75	38	729
d17801a7-c529-4340-acaf-36177969554d	752	793	75	38	.
077791bb-1d08-476f-bc2e-ebbc7c522a54	151	831	154	41	Paanchi
a8335c3c-5e62-4bcd-9f62-58e248c77a02	151	831	154	41	,
07aa430b-6216-41ec-9b6b-ae91a72539ee	310	831	77	41	son
06957863-34ed-456c-9689-23136aa6d3c3	392	831	51	41	of
8b1add2b-fca7-4863-a83a-f52e2f6c424b	448	831	159	41	Pahoran
b003867b-d2fe-40b3-b928-3b5bbb1981f3	448	831	159	41	,
a4009429-b0fe-49e5-b731-4ef8c1abaabd	612	831	123	41	claims
76593dd7-5255-4914-9d04-4b6387a0e489	740	831	174	41	judgment
35d3932f-2af3-4989-8f92-58a3e322538e	919	831	92	41	seat
2c80df4e-770b-4c58-b27e-baf88b9ba825	919	831	92	41	,
6d9eabe2-13e9-428b-812f-e50ddd3dbc12	1016	831	92	41	543
d0e3326b-2f7f-43f3-b4a9-f6c4981894ef	1016	831	92	41	;
67b8442f-46eb-4b01-8d4d-b1f39a7e08eb	1114	831	113	41	rebels
a187832a-83c4-41a4-b616-7a42fb0041eb	1232	831	130	41	against
e98d7044-51f4-45a3-98f0-c188d24a3651	188	865	70	36	and
344bec15-e646-4891-ba6d-93e77db0dc00	263	866	44	35	is
747ab538-1963-4625-a7e8-2ae408ee4d47	311	866	193	37	condemned
f352e132-e9bf-4324-a97f-e8576e224c41	508	868	53	36	by
bf3728e4-95ff-422d-a556-17c6959b880c	564	869	97	36	voice
1b036d4b-319a-4bc6-aa45-100e186af7ee	665	870	44	35	of
c3b3e1f8-e19f-4888-b4f7-796ca5e031c0	713	870	127	36	people
ddea23d2-c7da-4f3d-86d0-9ed0107356a5	713	870	127	36	,
fe8af331-fc1c-4c9d-bcef-d1fccbfd2364	844	871	78	36	543
dd772a62-44b6-4595-9490-2e6b45699846	844	871	78	36	.
de9b064d-2b0c-48ed-838e-2409ce5ebe65	151	907	133	41	Pachus
ff55dfc1-daf5-49f1-9d70-d19b385067eb	151	907	133	41	,
5189e80b-212c-45de-aa12-56c14b256963	289	907	87	41	king
65719c11-cbb1-4f6c-859c-ea194d477b48	381	907	46	41	of
59717e56-12f5-4994-9ff5-8dd6e80217e1	433	907	174	41	dissenters
8171cc7b-dcf0-4928-ad81-653d1108f1a3	612	907	51	41	at
a01c8420-2b75-4b8b-82d2-ce0211794a61	668	907	195	41	Zarahemla
6e9de60e-7627-4d5c-a24b-d8c05a837a6a	668	907	195	41	,
55d1addc-7bb4-43f3-ac0e-a7cad2762f1f	868	907	102	41	slain
3a358b05-ef94-4a23-895e-c30bda7296a6	868	907	102	41	,
d74ae6a0-e2b2-45e9-ae2d-5e5db5e980c2	975	907	78	41	534
30859d55-222c-4e21-bdaf-1b02674737a3	975	907	78	41	.
0384acf2-3ead-4240-99f9-86f4c76464e5	151	948	179	41	l'acumeni
66c0317d-5666-48bf-8ee3-0a4e72fb8512	151	948	179	41	,
61522f3a-fa05-40ab-b2e1-8cbb58b897bd	335	948	82	41	son
097891e7-899b-4c26-8a9e-c2fe90b28227	422	948	51	41	of
432403e9-7ca2-40bc-8646-7fdf15eecee1	479	948	169	41	Pahoran
41343fca-9716-45c6-89d7-8e8dc47fd35b	479	948	169	41	,
6a8d57e4-940f-458b-85d3-b8b3ba053602	653	948	123	41	claims
401df19d-6919-46c8-9133-a7a992782394	781	948	174	41	judgment
3ab4120c-5334-4fd5-8046-83be7c472068	960	948	92	41	seat
b85ba90f-165d-4bb7-aad1-65aa30c3e9c2	960	948	92	41	,
18a50653-6078-4613-a777-0fc2c6bf034a	1057	948	97	41	542
751e68a3-3a27-4612-9014-07a42054ebbe	1057	948	97	41	;
f1913218-35e9-4812-b115-e7440683696e	1160	948	108	41	made
b8e532da-10a1-45cb-90d2-6b354f4af0df	1272	948	89	41	chief
acee31e4-af19-47b8-9dd2-0fb036857e36	186	985	113	41	judge
48c513d2-88ea-4686-afdc-d773bd5020ce	186	985	113	41	,
5caaad4f-b80f-456d-a3fb-25b666b6e038	304	985	67	41	544
54f8bf1a-3c57-4ff3-9098-6beb422cebd3	375	985	15	41	;
70ac3e37-1eeb-49aa-b44c-9bbff8a05f8d	396	985	87	41	flees
da590b40-7cd9-45a3-8639-d25a2c63bfc3	488	985	97	41	from
bce908e1-5fd8-402c-ac18-9c4ad8c28e03	590	985	200	41	Coriantumr
a756e258-ccdd-441a-8f0b-1e701bef207b	795	985	77	41	and
4267bc5b-a05b-4752-8079-704c0b8ae60d	877	985	41	41	is
fd93928b-7864-4da2-b45d-b0eaf64b5eb4	923	985	102	41	slain
36790b67-60ed-4063-b8a7-d323b956d28f	923	985	102	41	,
06e4d9c3-1946-46bd-8463-b5c86c85ba12	1031	985	79	41	545
1969f55d-a1d0-45b5-a6e3-c750d7217803	1031	985	79	41	.
0659edc7-5d37-4406-93d8-c641eebd5f51	151	1023	118	41	Pagag
a7430303-4ffa-4cc5-9a49-acc09abf41c7	151	1023	118	41	,
703b1b86-b520-400a-b900-7350b886a748	274	1023	72	41	son
a74f53aa-e2ff-42c7-be51-007fe343e251	351	1023	46	41	of
1c27151a-e47c-43ad-9a85-3122b6bc5402	402	1023	133	41	brother
31a6bb88-5851-4599-bbd4-129e8762bb19	540	1023	46	41	of
ddc4378c-bbfb-4f9c-8019-9d4df2a1c0a1	591	1023	118	41	Jared
08d34f25-e309-41b0-8249-2222ab4ff727	591	1023	118	41	,
c4892426-eb43-48e2-90b9-36cd8c633493	714	1023	123	41	chosen
9e111ab2-5338-43a4-bfc4-1dc1b642d29f	842	1023	46	41	to
028cdfbd-8531-44c3-bb17-dcbcb55d879d	894	1023	46	41	be
8efa2733-405d-4a96-a4c6-7e18ee96e73c	945	1023	97	41	king
168b4b8d-2a94-4816-a082-952a674f9519	945	1023	97	41	,
eb4de3c8-23c2-4931-a598-4812d2a93c90	1047	1023	138	41	refuses
e43784ff-50f9-4c8e-8a76-51bbc9b5b2c6	1047	1023	138	41	,
83d1f83f-905a-4536-98d2-d27f41bffeb3	1191	1023	77	41	728
1f391894-0ff9-4064-a988-aa506118a344	1191	1023	77	41	.
d4604e7b-c0c8-4af4-9596-79a7f1c3e490	151	1059	165	42	Pahoran
9c217f70-87ae-446f-b784-66c9ee707626	151	1059	165	41	,
0df11f90-3b61-41b6-a4cd-b986e50c2cc2	321	1060	185	41	appointed
de81eb01-1c5d-40ee-9abd-5ee22ee384bf	511	1061	105	40	chief
4ef0fcc8-ba23-4eb0-bab5-60ca22209c00	621	1061	115	40	judge
28062cac-cc0e-4512-bbcc-24921f2583f2	621	1061	115	40	,
d5082dd6-f6b3-4f95-b603-6b51007332ea	740	1062	105	40	489
13fd672f-3cce-485f-934b-755c019b3d42	740	1062	105	40	;
3b65887a-4d38-4ec8-8e4d-1f5d8defbb52	850	1062	140	41	refuses
55724fe2-dc30-4ba8-836e-3fe6e293355e	995	1063	55	40	to
446bce5d-2fa7-457e-b3d7-39d9dbb7c2ca	1055	1063	100	40	alter
20b6d76a-28fa-495a-bd99-c36a75352bf4	1160	1063	110	40	laws
46be77ea-33af-40cb-b28b-1a2e02403890	1160	1063	110	40	,
502c9ff3-7c58-4cb2-9898-7741548a5a93	1275	1064	87	41	490
ca2841d0-9139-4279-ba70-5f8031ff4ab3	1275	1064	87	41	;
2e547d4a-2935-4ef4-907b-3b8af33c5c6b	189	1102	119	38	retains
00e49a1f-dd95-4fc2-8c8c-99cd781b994f	312	1102	166	38	judgment
5f15bc59-bdce-40ac-a667-7f1145a70a71	483	1102	71	38	seat
bf598145-5031-410a-a3cf-0d5db6d394d7	559	1102	52	38	by
7ef1a187-0ed6-45a2-aa48-5dd2cf3f9099	616	1102	90	38	voice
c19cc138-ccee-4008-88fc-98c844edb9b8	711	1102	43	38	of
4d179143-c95b-4583-ac4d-9c17816c12b2	758	1102	119	38	people
e5438dd8-4191-4b46-84ed-7bed8b21460f	758	1102	119	38	,
0b1d85a2-6c50-4730-abdb-6d61ae052018	882	1102	85	38	490
5babc772-70ad-4089-94df-af390f98ee43	882	1102	85	38	;
b856ae4f-a993-486e-a6e9-79f01a0527c5	972	1102	128	38	Moroni
e50053af-6429-4b29-bb03-fb298e0a8142	1105	1102	109	38	writes
bdb38e0a-bfc3-4a78-8c04-4e1bc1344b2c	1219	1102	52	38	to
16046761-4223-4ba3-b67e-ae040015884d	1219	1102	52	38	,
4f962cb4-8cfa-4263-8686-9bfd37548e05	1276	1102	66	38	526
1311e725-3e03-465f-a63d-73d9426595c6	1347	1102	12	38	;
9ac63413-fd5f-4fb4-9e9e-aa69f9054255	192	1140	115	44	writes
45c7596c-e0ac-4c46-bb44-851169e1e509	313	1140	121	44	epistle
464b8df9-3130-4e08-921d-21237c537df2	439	1140	55	44	to
657bdca1-634a-4dfa-88aa-69fd81178933	500	1140	143	44	Moroni
d20ea958-26ac-48e9-be2c-089e32a181e6	500	1140	143	44	,
7c74633c-156c-439a-bff5-8e7365e6e8d3	648	1140	93	44	531
239161c1-4507-4169-9107-91815f774e73	648	1140	93	44	;
a3ff1b6a-d5bf-4684-b7b1-a62d128c635c	747	1140	93	44	flees
7894fe23-e4dc-4eac-b878-c2691e4d0df6	846	1140	49	44	to
19d41d98-4bdd-447d-b71e-f53c0a024d35	901	1140	93	44	land
6de37ece-fc1d-454a-a1ec-920f7b937ec0	1000	1140	55	44	of
1203b561-bde0-4d95-9620-59919841c9af	1060	1140	137	44	Gideon
b123e40f-3679-4701-94f7-eb09cdf2c576	1060	1140	137	44	,
0518b3b4-afdf-4bc7-9285-bcaa524eb005	1203	1140	99	44	532
e04e5d9e-b587-42cb-8b7c-508e82d872f5	1203	1140	99	44	;
aed73c02-af40-41b6-9b10-6a2437a48337	1308	1140	54	44	re
e9adc0c5-758b-47cf-9396-f8ec0e128c42	1308	1140	54	44	-
95ad162c-a9e8-4436-b2f5-0d4c2de303e2	189	1177	119	38	stored
a989eb0f-e1cd-4721-932f-24f1a3b36f17	312	1177	52	38	to
38456b4a-8e8c-4524-9850-6c521ec31a6f	369	1177	176	38	judgment
ebf6c012-44fd-430e-b247-db2c33ac30a0	550	1177	95	38	seat
0dc1c9c3-3490-44c9-bea0-05ce5f771ec8	550	1177	95	38	,
9e2c927f-c8e0-4a0f-8422-f7f8230618e5	649	1177	100	38	534
f6f2f446-5934-4d49-a441-e8514b222efb	649	1177	100	38	;
add32782-c50c-44ac-9ef5-2c75642ce461	754	1177	85	38	and
a02fbc98-ce76-4d0a-ad74-fb55eff48be6	844	1177	138	38	Moroni
87bf0e1b-fa74-4261-94ef-5cb165f08155	986	1177	57	38	go
fd90c92f-0017-4b70-b102-b826a08e63dc	1048	1177	122	38	toward
95b4f0dd-fee9-4b58-8e88-4750bec88b1f	1189	1181	173	35	Nephihah
f35e73c2-e7a1-42cb-9d81-f4674e2311c1	1189	1181	173	35	,
c7a45203-9da1-4eba-9730-75b2579cab27	189	1218	82	41	535
a1788336-c3e7-4c8a-adae-c3d372092a03	189	1218	82	41	;
b17aacf0-e655-4428-a6ec-abe5a039e833	276	1218	133	41	regains
49debd94-d278-4358-8f9a-09888f235e09	414	1218	77	41	city
8eee9f88-3481-4dd5-bcea-60edb7f38942	496	1218	46	41	of
c0d0b70d-251a-4cea-8fd7-32be2563c78f	547	1218	174	41	Nephihah
7b6bc8a7-ee31-4ca0-a869-996b066b83de	547	1218	174	41	,
fe4927b4-0308-4d7a-9831-002243f77362	727	1218	92	41	536
579edde5-0e7c-4ea5-ae65-c605b7ff2c21	727	1218	92	41	;
307339ba-e87c-4908-9964-d5d28ac048d8	824	1218	133	41	returns
ec228c84-18ce-43c7-8de6-be2d224ca3ac	962	1218	46	41	to
1884c9c9-2102-4504-8bbc-e92101bef7e9	1013	1218	164	41	judgment
634e152b-e344-4d5c-9946-00130ee12460	1182	1218	87	41	seat
9c2a20ef-9e74-47cb-af97-43f3f5593584	1182	1218	87	41	,
16c26acc-58e8-4195-a1db-3972d97729e7	1275	1218	87	41	539
4f7c9691-3270-4315-9c84-624728125fff	1275	1218	87	41	;
22d0f0cd-a0a8-4f09-94e5-c322bbd1611f	189	1253	105	42	death
a6f9b6e0-4727-4f88-8953-f98262008211	298	1253	50	40	of
fe9c8348-92e0-47d5-888b-73c0db0c3943	298	1253	50	40	,
f063460a-0773-408d-a97c-f999c4931989	353	1252	84	42	542
2ccf8973-795d-4b2f-9ad8-7e0e9c6b91d5	353	1252	84	41	.
a89e497b-f041-4f59-adbc-f6f01bb13273	151	1294	159	41	Pahoran
4ba7d173-7e26-403f-8043-5b9b3684a47d	151	1294	159	41	,
523d9a89-db43-4e3d-b311-d4cb4320cb3a	315	1294	67	41	son
45282147-411e-4816-9628-91162e549a85	386	1294	46	41	of
3be543af-26c7-407c-bc19-178e6e009a16	438	1294	164	41	Pahoran
705a235b-39e3-44db-be4b-5a5a28e0337c	438	1294	164	41	,
956d0ccc-12d8-461c-8653-99be5693f926	607	1294	118	41	claims
a720033c-ba90-4e30-8340-e65b04a0ce2c	730	1294	169	41	judgment
8c5ba1cd-75de-4cd4-ba83-15b7af68a6f9	904	1294	87	41	seat
4baa2499-e080-4d04-8557-13f02b942808	904	1294	87	41	,
d5b172c4-06e6-46d9-9ff9-53c9724d020d	996	1294	92	41	542
63227674-6e99-44ca-b4f9-0d56f5a59b0e	996	1294	92	41	;
dc1e695f-1944-4ca8-a107-7c03680e9e74	1093	1294	179	41	appointed
804ab947-7f0c-4bb2-b7a9-0064cf882bc6	1278	1294	84	41	chief
57ea7628-4582-4911-8686-f243b6a8a1c2	186	1335	105	38	judge
2733a3ef-51a8-43af-9bb1-238491eb9125	295	1335	71	38	and
92b4bad5-a448-4c8a-a8fd-39e97d676a65	371	1335	166	38	governor
f89a8f30-aab8-459e-ac75-508ec5e52543	371	1335	166	38	,
0b7222fa-ffc0-44b4-84dc-6f27e891100c	542	1335	66	38	543
1040ac6d-44d4-4858-9eac-a2de94852896	613	1335	19	38	;
df88bfb2-60c5-4209-abdb-29dff1271190	637	1335	95	38	slain
7e141e0c-f859-4b1c-aaaf-6d93dd3297d1	736	1335	47	38	by
e065d96a-ccb7-48eb-adc0-c81ed6bd4638	789	1335	209	38	Kishkumen
d4fae180-87c5-4405-b459-35432a944715	789	1335	209	38	,
acb4de1c-5629-4a0f-bedf-74a96ae57d20	1002	1335	76	38	543
21dfbddb-a63d-4a81-abfe-b298b700592e	1002	1335	76	38	.
c3869f6b-c3b4-4938-8cda-2a9b7c810d5a	151	1373	118	41	Palace
1bcc8252-e84c-4e43-804a-76202e08ebb4	274	1373	92	41	built
63ae893f-ec46-4824-9ef8-dce2ae283878	371	1373	56	41	by
6c46af80-05b1-46cc-abc6-ed7e25941a26	433	1373	113	41	Noah
84855d2a-de7b-497a-a5b1-1977fba4e9ce	433	1373	113	41	,
bffdd723-bdab-4e4d-a775-711310642d0f	550	1373	75	41	240
8a7c1adf-3491-4205-aa27-7cd9075cc042	550	1373	75	41	.
d05dbd80-b4c7-4f46-bbe8-82ef00f0c41f	151	1410	164	41	Paradise
51937b7c-afbe-4e1f-83bf-41f0a0c2cd36	151	1410	164	41	,
a69283b0-e02a-4814-acf4-9b73d611dc7b	320	1410	149	41	delivers
7e4ee2a2-3a04-4412-bf4f-935ffcf7a711	474	1410	128	41	spirits
c97f4505-56f2-443b-a32c-b423d5c7528f	607	1410	46	41	of
5cb01edb-e930-4072-be84-a88708b2017e	658	1410	179	41	righteous
d15d7da2-e000-48eb-a643-da9f88c437ef	658	1410	179	41	,
73268ddb-0813-4521-9799-1be4fc9b8888	842	1410	97	41	107
1ecc4ccf-1f72-4b00-8b13-b5676832445d	842	1410	97	41	;
e4e68fae-9314-4263-af5e-968c0c6750e3	945	1410	128	41	spirits
d7bb1016-b407-4e3e-936d-a3b2f24964c1	1078	1410	51	41	of
b4812f89-59be-43c2-a7c1-f42c943ea504	1134	1410	169	41	righteous
4aa44245-3f6f-4eec-8b9a-7d6bc4e9bfec	1308	1410	53	41	re
d47c444f-e5da-4e04-ab61-6d3042604418	1308	1410	53	41	-
c28d749a-d5e0-4fcf-bd4f-23db52f49243	189	1448	113	41	ceived
8b66f22c-dd13-492a-bd49-8f1ce5355f07	307	1448	87	41	into
fa0343da-bc5e-4ef7-8643-2c93146df413	307	1448	87	41	,
0258e47e-dc3a-4330-af7b-715ccfd170d7	399	1448	76	41	448
99bdc69f-f8f3-466a-aafb-d4189d9882ee	399	1448	76	41	.
a3f46916-8aa4-42ec-bc20-202de6e7b439	151	1489	119	38	People
c86d55c8-077c-41cc-b6a6-4d7c362f8465	274	1489	66	38	not
62d39d6b-1724-47d9-944f-67c4321106aa	346	1489	47	38	to
9120a776-6b9d-4c5e-9aea-175e398c6948	398	1489	52	38	be
f96f1125-1a51-4547-8677-aa6365509cfb	455	1489	152	38	succored
36985343-cfc0-46bc-8d69-7fd0877e37a1	611	1489	47	38	in
193d17a7-0f5e-4b92-8b20-d70c32322ffe	664	1489	247	38	transgression
32b4516c-47a5-43a9-82b8-9a9e2fe8c9d9	664	1489	247	38	,
3bfe1c41-90b7-4578-b681-6e9c9392dee0	915	1489	76	38	230
d77be383-ed07-4a26-b058-dd9bd9a07d95	915	1489	76	38	.
caba20c9-a3ba-444a-bb56-a82d62186f32	154	1527	109	38	Pillar
f27ab4a7-75fa-4e4a-9d1b-326178887dbf	268	1527	47	38	of
27406227-6df5-4622-bdd1-d14afa6ef817	320	1527	71	38	fire
ca9aec1b-e234-42ef-ae75-840d04582a6a	396	1527	119	38	before
cfdbf2f0-8e69-45d8-a2d2-8a9ad2a9b8f4	519	1527	100	38	Lehi
803b2f9f-d0ab-41de-8da8-9cadd1f4a6b2	519	1527	100	38	,
cbeb75c9-03cb-4539-a9e0-a9a1a0ba45d2	624	1527	40	38	2
c47deece-d5aa-4fd0-8f14-fc797fb45fc7	624	1527	40	38	.
5ad27390-cafa-495d-a769-4706c37cb5f4	151	1565	128	41	Plates
4dac25d6-2980-49ff-ab6a-a588d01b95bd	151	1565	128	41	,
191ce343-d8ca-4594-8dcc-afe0b3c3f2c7	284	1565	51	41	of
a88964ba-02b3-417e-a1bd-50b8533b9789	340	1565	123	41	Nephi
fefb5d06-cff2-40c2-b0a2-af34d61f438e	340	1565	123	41	,
e7af1a98-88cb-4cec-a3e1-fb350e639717	468	1565	61	41	3
98e90edc-669f-4129-b64f-80df52155c07	468	1565	61	41	;
f8567810-ba93-4255-a3cd-5aeeb9be2c67	535	1565	51	41	of
a8d83cbb-a87b-4d9f-9bc7-dec3cac6ae89	591	1565	118	41	brass
ce7d8909-3b37-4f52-866d-966fe8e3e1b9	591	1565	118	41	,
d45453bf-4e63-417a-a2ec-3bf58e4118c8	714	1565	51	41	7
9431d9a0-baa3-471c-b211-78866df2b718	714	1565	51	41	;
9c7a753a-1df2-4d15-a3e7-bb9d9c6ec42b	771	1565	118	41	asked
fc6a9da4-cb32-4952-898f-9435c966c999	894	1565	51	41	of
54ba13a0-c2e2-4193-90a1-c0b0161c3406	950	1565	133	41	Laban
ed05e0b2-7c44-4955-9e08-ea44d59fa25b	950	1565	133	41	,
cf8fafde-f3ee-4f8f-8e1e-26bcb838ef56	1088	1565	56	41	7
693a57bf-ab18-4ed6-9779-5de5f820b036	1088	1565	56	41	;
0ab1d59c-6e7d-413a-92eb-073850772c33	1150	1565	159	41	obtained
ad88074a-974d-4c77-9655-6ab11188caf7	1313	1565	45	41	by
d88e5087-7c12-45a5-8869-26ee88ee8182	189	1602	119	38	Nephi
956e20b0-2941-495a-8267-9e24f79b1961	189	1602	119	38	,
33da7360-0479-4eac-966b-4e020cbe662e	312	1602	81	38	12
ae9328d5-585c-47a2-bf5c-e706dc80a5a0	312	1602	81	38	;
8d23a5d0-fab7-4176-863c-4856a220e523	398	1602	93	38	taken
98f2dcfa-ae97-4bb6-b912-09813013c4a3	500	1606	97	38	into
74e561a0-9848-4e2f-9144-68498db4aafb	601	1606	199	37	wilderness
b271eef0-29e8-4ab4-bd35-5234c35ae9ee	601	1606	199	37	,
9952fa6b-0271-4fe0-8fb7-6937f205b9f0	805	1606	74	37	13
3cb1991e-563d-4de2-a457-fcffbf0ba655	805	1606	74	37	;
a6926cc7-925e-4b89-bf95-89baed350261	883	1606	55	37	of
ff884dc8-4990-47e1-8251-c53ba46067e3	943	1606	102	37	brass
5eebc4a2-cce9-4c55-a87a-cb97ece3f0dd	1050	1606	153	37	received
cbd7f8fc-b01d-466f-8de6-a8f63ad8d060	1207	1606	60	37	by
d827a3d0-afd9-4d21-aa9d-23fea58ccbe5	1271	1606	87	38	Lehi
87713e80-7d46-4ceb-8720-76a91c8c5b10	1271	1606	87	38	,
2c60ee07-9f3d-42d1-8ea0-18f7a79cbd9d	189	1643	70	35	14
c76c8ce4-ac9e-41f5-9afc-65e127652231	189	1643	70	35	;
360c4832-7174-427e-b8ac-0d2a114ec7cb	263	1643	44	35	of
91725a4d-e835-44cf-8555-2e6a5ad2ff8a	311	1643	101	35	brass
28cbc7fe-e9a0-4259-9e63-6130ea9a781e	416	1643	136	35	contain
0cbcdbbc-97d8-4a83-9abc-905c16f786ca	556	1643	70	35	five
b408470a-20bc-44a5-a721-b54287a4cc6d	630	1643	105	35	books
f6a29135-63cc-4387-8967-5713e78469c8	740	1643	48	35	of
b92b6084-9b00-46e1-9d7f-ef2965fceb53	792	1643	109	35	Moses
0cc47003-e2ca-47c8-8715-d28cfc519ba2	906	1643	74	35	and
c5c1baaa-7d53-4b3b-ba9b-2d4b8d94bf79	985	1643	144	35	account
d09a22e7-3b22-4042-8d63-ec3b82bbb412	1133	1643	44	35	of
34c2b80a-3443-494f-9ce7-18ef434b1456	1181	1643	109	35	Adam
fddc5653-e38b-4a5f-8496-3e2ffdb33faf	1295	1643	64	35	and
69495790-ad22-48e5-8b37-6ad6400b1399	192	1681	67	41	Eve
45084ae8-b0a0-4d20-8a3c-21f7c5224917	264	1681	72	41	and
8ce43429-6ebd-4c67-8d18-b7f5d000cc57	340	1681	123	41	record
568df023-8a0d-4f5a-9d5d-ae80b46b680c	468	1681	41	41	of
5facb7e3-5a87-423b-a013-cd292807e9f7	515	1681	92	41	Jews
bac45b97-bdf5-4f1f-9f6b-bcecaa94a54a	612	1681	72	41	and
d4e79cc7-ccc8-47c2-a768-95bc823dc114	689	1681	189	41	prophecies
1ceb7953-bf6b-4e3c-82d8-229ae2131442	883	1681	41	41	of
b809f9a5-21fd-4c23-91d0-115956589037	929	1681	174	41	Jeremiah
ff10a553-9b6e-4919-b9a0-93cccb444532	929	1681	174	41	,
43eb43c0-3bf8-412b-80ec-b82af255d358	1109	1681	72	41	15
f9b374de-6dee-457d-860d-00112ab36625	1109	1681	72	41	;
7714bda9-2e3d-4c69-99f6-4774abe80fa7	1185	1681	123	41	record
b3391ce8-596f-4ba0-8f41-a79d7403e1fb	1313	1681	48	41	of
0062fedd-b6f1-43a7-a481-271aecbca2a8	1313	1681	48	41	,
80cebd66-5bb4-4390-99c4-3e0490ae0445	189	1722	92	35	193
8b3fd99a-34ac-405c-b0fd-e01f4b6572f8	189	1722	92	35	;
db18236c-9972-4cf2-a93f-5dc168cb4425	285	1722	166	35	delivered
c000df1c-acf1-416e-a43b-47b90be35485	456	1722	52	35	to
732a6219-8da0-44a4-892f-10289c353c9b	512	1722	105	35	Enos
af6e94e7-7e6e-4974-9ba4-f5f966014393	512	1722	105	35	,
430b9edc-ecf0-478b-a771-0c0378947f01	622	1722	96	35	193
2277bfa6-69ac-446f-b99e-eecd4e2016ba	622	1722	96	35	;
c5b96059-fd6c-4ae5-a243-a2cc537c1515	722	1722	52	35	of
1edeefbc-4789-46a6-a54f-33ed3eb3be64	779	1722	101	35	brass
ad897362-5ce2-4eba-87e7-733be1222eed	884	1722	144	35	contain
1fad7adb-2676-4db0-a2d8-1c1eedd8ebc3	1033	1722	179	35	genealogy
2e87261d-5589-404f-bcda-2bb97a4698bd	1216	1722	52	35	of
e7b22ebc-916f-416c-b2fb-176b38656958	1273	1722	86	35	Lebi
612484c1-bbd7-41f1-b6c4-b3c1c0b4b7ed	1273	1722	86	35	,
4f4d1dc8-c60d-412f-9b6c-ec9877c3c231	189	1760	81	38	15
8cec7767-ba9f-45ee-9601-26412a4aaea5	189	1760	81	38	;
cd394a37-5d59-4653-b8fa-7012f0fdc438	274	1760	195	38	prediction
fe8f8a18-3769-4aea-8451-036797ed6e39	474	1760	209	38	concerning
c8fe4ce3-bf3b-4564-9fa9-48aa8c55719d	474	1760	209	38	,
31b6cd60-2831-43d0-90f2-8387312451a8	687	1760	81	38	15
a3312176-0ee7-40bf-89ba-67ea6c76611d	687	1760	81	38	;
643b4b7e-3c3f-49ee-87a8-bb57b7015c3d	773	1760	62	38	to
22aab044-b2cc-4e9b-a904-7014d3ba9419	839	1760	62	38	be
cab15601-bf48-4919-96fc-d981b1c6e3e7	906	1760	126	38	carried
cb28c25d-d532-464b-8bae-2c0961afcfcc	1032	1760	180	38	towards
b4581912-8a69-4109-b90f-f4753507309d	1216	1760	100	38	land
61a08f67-bd25-43b5-9ba0-cf9a9ed0766a	1321	1760	38	38	of
0fe0ce3d-d23e-4686-b58c-0e740100a465	189	1798	149	41	promise
e3965b9a-26f7-4a02-b344-c338d8666191	189	1798	149	41	,
9e0b4bda-c7dc-4c23-9850-6a9e36ea912a	343	1798	72	41	16
37f6d987-f6b1-4365-b8b0-2ea540a849b1	343	1798	72	41	;
8d306414-8f10-40be-bf03-7883d5537978	419	1798	51	41	of
6419eead-cfd9-46d5-9771-ae1f1c0cc12c	476	1798	113	41	Nephi
b77a8e21-d61c-414a-8906-597ff5ab0fc0	593	1798	133	41	contain
4e49d487-8181-4c06-a5f4-40f63dc53d3d	732	1798	72	41	full
ed1ce04a-4f48-4731-9e43-f0abe5f5dba9	809	1798	143	41	account
da2fea7d-e58d-410a-96df-d996761f915b	957	1798	46	41	of
f48364ba-393e-4ee8-8fb0-fe16af6bf4d3	1008	1798	67	41	his
d75b805e-39b0-4fbd-8051-2ef6de216446	1080	1798	128	41	people
6f99cb89-03bb-426f-b500-5e1ca6fa7b38	1080	1798	128	41	,
2f6210f7-4682-4bbd-97e3-f1de7f8dedc9	1213	1798	72	41	23
2597347f-0db6-426d-bba7-691b5c672718	1213	1798	72	41	;
11abcd2f-ebe0-4b33-9eae-72454181aaab	1290	1798	69	41	two
e8682243-a6ed-4db6-aa01-b2b1fe53f7b4	189	1835	76	38	sets
e66369e6-cc20-4550-82ff-199ff49e996f	270	1835	57	38	of
aafac13b-35ba-47ce-9386-ab5faa919ec9	270	1835	57	38	,
6fe27b37-e803-47c8-9123-995f0d4717c5	331	1835	76	38	23
06c46d13-9596-4e0e-8a57-05d65e3e7b29	331	1835	76	38	;
f849ae99-a5de-4a70-8926-104a2d630931	412	1835	52	38	of
ed93cf50-b14a-4a0f-8ad6-efa10d9fd186	469	1835	66	38	ore
6a555ab8-ea94-41dc-87e2-118d85f34c72	540	1835	100	38	made
437eacc6-fda3-4507-b34f-72e8d178423e	645	1835	57	38	by
a8b6470f-9469-4981-a72f-1d2c90311a00	706	1835	123	38	Nephi
786b9258-148e-474a-bc29-1911f5a737d3	706	1835	123	38	,
04728684-7be5-4b27-86fd-957b7dab8dea	834	1835	76	38	63
bbaafe5f-0050-4e87-abac-3d037c2888f2	834	1835	76	38	;
f3c35e25-6e98-4d5c-a011-af3662a612e7	915	1835	47	38	to
aeb2aacd-5482-4b8e-adb5-b6086cd7e9af	967	1835	52	38	be
a1b843ff-2fd7-4376-ac31-facbd3c44f3f	1024	1835	138	38	handed
82a69abd-dffe-4161-98b7-4fd4aab342dd	1167	1835	91	38	down
3bcefb3d-6cc1-46a1-a96d-5b369d4c1cdf	1271	1835	85	31	from
87d42dc4-2cd6-4105-9ca6-8acb08df11f1	189	1876	176	31	generation
1d4a1939-bb94-4d30-8ac7-2c903fdd1848	359	1876	24	38	i
79624b83-2200-4d06-a634-ca34c796d575	387	1876	57	38	to
1cbbee5e-1d26-41c4-9aec-03fd1354eda2	449	1876	204	38	generation
076f10f2-c76d-48c0-9311-28abe632171b	449	1876	204	38	,
57165361-191b-433d-892f-498a72f7d375	658	1876	85	38	64
3025f38d-71f4-40da-929f-949b8568ad74	658	1876	85	38	;
5d822d3f-7b9d-48a5-a345-967e93bbf17e	748	1876	57	38	of
c80568d6-25b2-48a5-9326-a78fd3c7effb	810	1876	114	38	brass
8ce9677e-543e-4b4d-a035-d7552d9c2b22	810	1876	114	38	,
5084f732-6a63-4667-8e51-b060ebdebc95	928	1876	133	38	things
5b527ce6-4682-434f-913e-448968f719a0	1066	1876	147	38	written
3e4e9d18-3402-4d9b-9674-bb2b1412a2b5	1218	1876	66	38	on
4f88296f-897c-4420-97d4-ddd3293343e8	1218	1876	66	38	,
82ebc3b5-165c-428d-87f8-f831cfedf9b7	1289	1876	70	38	67
92e2b43b-7e29-44e4-8d4c-819cd6f5d2be	1289	1876	70	38	;
9f6c279b-b84f-4c41-abf4-29b51ea114b0	189	1914	109	38	Nephi
8a41ab29-5118-4753-96f1-a439c2de1fba	303	1914	104	38	reads
e1c204c8-7845-4a6e-996f-34636ea1eaa4	412	1914	100	38	from
6d4ebaee-cb03-4bfe-b0a3-d5e03f8e9ff8	516	1914	47	38	p
87a252a8-1e24-4869-8eed-7664fdbca2e7	516	1914	47	38	.
637ead65-ca7b-45a0-848c-a1016785533b	569	1914	47	38	of
093734cb-b3ab-4761-8b6d-1e079f625e0b	621	1914	114	38	brass
508658ba-ddde-4f6b-b070-16989ded793f	621	1914	114	38	,
b1d24f28-43a6-490a-be21-18a84ac4a12c	739	1914	76	38	72
8d2af8d4-c2a2-4065-82c2-08b2d8ccc7b0	739	1914	76	38	;
1f836463-ffe3-410b-8ce2-fa95710dc355	820	1914	52	38	of
cebb9cbf-31cd-4fc7-91b4-b8eff09ddbc5	877	1914	109	38	brass
926696f5-99f7-43e6-8fe3-01f994a107f8	877	1914	109	38	,
036a8f6e-baaa-46e2-9cf6-71ffe7b04164	991	1914	190	38	prophecies
3e747b6f-0abd-43b4-94bf-636067cef305	1186	1914	52	38	of
c70297ff-3f4a-4023-94b4-4c1ffdeb405e	1243	1914	113	38	Joseph
c23627d5-73a5-4f48-b697-4a78b44e0127	192	1952	128	41	written
b6ee5283-65bd-450a-8151-5fba8aead853	325	1952	102	41	upon
c294fed2-7243-4a4e-9fa1-46280858dfd6	325	1952	102	41	,
6ab5e91d-b171-4bd2-9ce6-54746d5feddb	433	1952	72	41	90
e7a7a63c-d114-44f1-9192-77b2bb2e656d	433	1952	72	41	;
643afeb1-411e-4930-9e7b-6c7bbf3c0c84	509	1952	102	41	other
0fd91a9a-81be-43ce-a51a-d7681f037c02	617	1952	118	41	plates
854ef5d0-db19-45ed-ad18-e51a4da7ad16	617	1952	118	41	,
305e3f23-2224-445e-bfa3-d746d3b78841	740	1952	77	41	92
a3950e62-b7f7-46f2-9d7d-34ce7465c34b	740	1952	77	41	;
91ffe0e5-626c-48d0-acf5-43c92ab763da	822	1952	46	41	of
74fb674d-1c88-4f2d-9bac-b0956bee7b1f	873	1952	108	41	brass
253ce726-c1b8-4e86-b7d6-8b9beeb010a2	873	1952	108	41	,
b1e8774b-581e-4c66-bc54-3480ad915628	986	1952	72	41	92
0caebb41-ebb1-4966-b2c4-cf6fd9257157	986	1952	72	41	;
eaa1454f-f5a0-4fb7-bfb9-c63347517132	1063	1952	51	41	of
262d0135-5b96-4c63-8234-ae42c305c262	1119	1952	108	41	brass
c30852a8-befc-45c2-ab93-50abf8237a11	1119	1952	108	41	,
79796fb4-fd35-4b67-afe5-748dfaca6ae9	1232	1952	127	41	records
6b36558c-5586-4b65-be0a-852a53f63857	189	1990	62	41	on
d12fc115-eb74-4bc2-a029-3edb0baaaf50	189	1990	62	41	,
20db3917-6a2c-47c7-8ac6-0d157a7d109c	255	1990	67	41	95
9e3e5f8e-3ab7-4dd1-91d5-6cd4d50f4a8f	255	1990	67	41	;
5984fac1-1d97-4a5d-9a1d-3c082451b371	327	1990	113	41	Nephi
89edee1b-2ce6-4b50-9328-632b9ee01f2e	445	1990	102	41	keeps
62d32426-0759-48f5-935f-b5975893a5f3	552	1990	128	41	records
1c40dfaf-bad0-43aa-9811-c3f3f42405e5	686	1990	102	41	upon
ec1784ca-daf6-44fa-8f01-52133bf4ab52	686	1990	102	41	,
6d0e58ba-b9dd-4336-879c-a6fcf940eef2	793	1990	72	41	97
4c6f7fd2-3004-4e70-b13b-fab9c9f39cc1	793	1990	72	41	;
75630cf8-891b-4fcf-9448-f3652447de06	870	1990	108	41	Nephi
fbd91fa8-d532-4eaa-bfb5-89ee74016cd5	983	1990	113	41	makes
a179113d-79c8-468d-9a39-691878a378dd	1100	1990	108	41	other
8542eaae-93dc-4d5c-bb6b-ffb863aec950	1100	1990	108	41	,
831d2a5a-d495-459c-b8e6-8e940cd5009b	1213	1990	72	41	97
1af3a8d0-2eff-4f59-b6f4-d327e1f31d5e	1213	1990	72	41	;
c4652773-e372-4e52-8acb-ef360d91c25b	1290	1990	72	41	his
74891bfa-a014-4a5e-8bca-230baa0046cf	1290	1990	72	41	-
6038b63a-3be1-4b5d-a592-a20b1b256021	192	2031	79	38	tory
c8d8f9aa-4e06-47ea-9d32-166c5c9a755e	275	2031	46	37	of
f55587c4-71a6-44b5-8b46-3605f6c94c00	326	2031	153	37	Nephites
493cb8c1-8b7b-40c0-a09f-d2e0620f10f2	483	2031	51	37	on
ef476975-1952-4f7a-867c-d7021148a326	539	2031	111	37	other
0c19b4cb-dfe5-44db-82f1-b0e83daddeff	539	2031	111	37	,
ea12a34b-cb16-41c0-b117-c4425f4f7dfc	654	2031	69	37	98
c2c1d63a-6cb2-4b3b-a411-13cbbee63af1	654	2031	69	37	;
8aeaad5b-27fb-4be3-b6ed-d0a2855bc7ec	728	2031	106	37	Jacob
9513a959-afe5-41e1-b848-dc19280d2660	839	2031	199	37	commanded
df761d2f-dcbd-4798-812d-87d6f6144540	1042	2031	51	37	to
9ec2a25b-3f72-4ab3-abd4-b0c33ffcb170	1098	2031	97	37	write
aaff6e48-f128-4dd1-b835-2049e1fc9b29	1199	2031	51	37	on
92fecdf6-31a4-4933-af9b-007936ffab61	1255	2031	107	38	small
26aa4f76-4932-44e2-abfc-0d4954ab0dda	1255	2031	107	38	,
