ID	X	Y	Width	Height	Text
8c3818eb-e706-4d5d-8312-e1b4d06c2756	613	97	173	43	INDEX
4bc5df87-d110-4cb2-b136-1a6fae08191d	613	97	173	43	.
7bc0a082-a617-49ba-8149-ca4c1d8f9c92	1230	94	72	41	815
f827ae62-4467-4679-a9eb-d6fc6fcb8653	97	173	180	41	Rabbanah
3c272623-8c8d-4f2e-868d-f815b764d59f	97	173	180	41	,
1976966f-123b-4426-97ad-ca110aef87a3	282	173	133	41	"
611b3be5-6867-44e7-ae6a-7afd124c2296	282	173	133	41	power
59c335ad-ae74-493d-990f-adcdddd30d58	421	173	77	41	and
5734fdaa-fd27-4226-9d9f-b118627a3981	503	173	97	41	great
614e37de-8e03-45d8-9568-517e6758fc29	605	173	113	41	king
e3293b0c-703d-4ffe-88bd-b7d82ef13751	605	173	113	41	,"
e017bf93-ab51-4813-82da-0ebd312808f4	723	173	79	41	369
b72b5ad6-038e-451a-8ca4-fe4d4982246a	723	173	79	41	.
95fa1dde-84e6-4ac2-8cc3-c68e6c2d7e90	97	214	133	38	Ramah
4b035151-b47d-416f-820e-b307c0cfd6a9	97	214	133	38	,
27c922d5-2329-43bb-9916-a953b868e303	236	214	204	38	Coriantumr
fcbca772-918f-422d-aa43-4709bfb77561	444	214	114	38	camps
cae67ec2-ef4a-4357-abb1-1c8e5f89794b	563	214	52	38	at
5b958624-6835-447e-b1a1-699ae331ef31	563	214	52	38	,
2fb777e2-cb83-4976-a350-7f090c190a17	620	214	78	38	757
a8288186-a8b2-4c66-a508-24899c2004f9	620	214	78	38	.
eb3a4315-9ba1-4078-a02f-9a67c15074a8	97	252	233	38	Rameumpton
53ab5637-00a8-4c64-9eb0-04c12c217ce6	97	252	233	38	,
f648a771-605d-4c5e-9551-b8f06afc4319	335	252	85	38	holy
51c7bd97-e50f-4160-b329-2d09f896efa0	425	252	104	38	stand
719e20d7-7c2d-4cea-913c-288f016dda9c	535	252	43	38	of
5610ded1-86c0-4250-bc26-79e3b3f490b1	582	252	185	38	Zoramites
84370594-5dca-4d39-9f8a-c1855c8ca7f0	582	252	185	38	,
2fa8644c-b33b-458a-b6e1-a97873ac63fd	772	252	74	38	418
5b137879-43ca-4416-950e-ba142f110b69	772	252	74	38	.
b369a9de-dc2c-4574-b0d1-a681e4c5557a	97	290	144	41	Records
05805fe9-56b5-46f8-83a5-5db352cf5556	97	290	144	41	,
2f0da0e7-b35d-4447-8028-12506f41d89d	246	290	46	41	of
6a11e237-3f86-493c-bb4f-258c2d7afaa5	298	290	118	41	Nephi
8174af8a-d461-421f-8df2-6e4ccc978c06	298	290	118	41	,
a2b1608e-a39c-4cd6-baeb-eb404f4f6b37	421	290	46	41	2
a7eef47c-01a6-44c2-b889-993428bcef2f	421	290	46	41	;
f641c361-20d7-44e1-bb8f-9a18a9cd6f5b	472	290	46	41	of
55bc1c04-b7be-456b-8791-73f6db048a96	523	290	113	41	plates
13cf3c8b-c3d3-4017-a016-3ffe1f28e27b	641	290	41	41	of
548bfe65-a6d5-44b9-8777-e0d5630e98c9	687	290	108	41	brass
ba070927-f30a-4158-987c-383c6421ccad	687	290	108	41	,
cf26af81-c0be-4ab5-a0c1-97bdf0569793	800	290	46	41	3
97c5caac-11cc-4219-9c7e-31d9bd254374	800	290	46	41	;
ef55ea6e-1e5a-4d99-b06f-051f5dfa0439	851	290	46	41	of
08d845c2-5f6f-4d3a-9754-2fdd9da20578	902	290	67	41	the
9e39c212-fb21-4149-93a0-c32e03ce044a	974	290	102	41	Jews
b0303058-ee47-48e9-b972-7041c48ea780	974	290	102	41	,
ef1763a0-f4ea-46e9-9e97-06110aff6179	1081	290	51	41	7
5f32e6a1-6e01-4114-9308-788c60c509eb	1081	290	51	41	;
66f2cc56-8d2f-4ece-ad3a-46b8babf7eb2	1138	290	46	41	of
94dba1f5-e37c-4fb7-b19a-02960a007690	1189	290	116	41	Laban
fdf746c1-99af-4610-8731-b89a5ac9a88a	1189	290	116	41	,
71f21dff-d96e-489a-a274-bf2788ef98f2	138	327	47	38	7
cf0a5749-a78c-42ff-9bca-89f2489fc408	138	327	47	38	;
eb3a212c-b6fe-44c0-a5ff-7f35dda22b57	190	327	85	38	offer
3b23c1b8-6ba0-4417-b621-f3048ae3ea8d	280	327	38	38	to
690e1597-dc3b-4ec0-94b2-9e1682e40ae7	323	327	161	38	purchase
42cd0863-336d-4206-b188-7c7e2a1396b2	489	327	43	38	of
a3db12ed-38d1-4159-ac1b-c3f5dc2bb956	537	327	123	38	Laban
3217dccd-7a75-4401-b4b2-7bdcaed7527c	537	327	123	38	,
f9a1f01d-dd0f-4dc3-9fd9-41971bde55ad	665	327	47	38	9
88b7c9a4-a8eb-4f0a-a39f-ff0d699286d0	665	327	47	38	;
9be10e8b-3c35-40c4-89ff-888ba113ebaa	717	327	71	38	last
21b49b61-4152-4a4d-909c-1190a158a52c	793	327	47	38	to
8352b664-8986-460c-bf20-33ad3616503d	845	327	152	38	establish
b6371515-23e3-4a65-a116-aceeb4d08497	1002	327	100	38	truth
3bb410fd-746b-4257-97bc-22366b9a5536	1106	327	43	38	of
a8bda1a3-be60-4ebc-874b-6ed02168476f	1154	327	62	38	the
ed2d84bd-6527-471f-9426-a5e83d007e0e	1220	327	88	38	first
e1007453-a97d-41a3-9685-81b4d2d540da	1220	327	88	38	,
92fc634d-f046-424d-bb36-4442e865fd56	135	365	66	41	38
03398d82-6bf1-4cbd-aee8-f45a0b901fda	135	365	66	41	;
1110eebf-0b0a-474e-8f08-0a5ada1513ac	207	365	51	41	to
7a4fd742-574a-40cf-b71f-c83902b03977	263	365	138	41	witness
ec8172ad-48e8-4e54-a3d7-b954a12a25d1	406	365	41	41	of
a4ce87b2-de73-427a-ae6f-995cec9527f9	452	365	108	41	Lamb
d4d45ad8-53c3-4265-8520-1bac7e3da5ff	565	365	46	41	of
2ac3806f-2be4-45ea-80c7-0b5fbb697d38	616	365	87	41	God
cde3b8d8-4807-4c5c-837d-eadbaf6dceaf	616	365	87	41	,
36123693-4294-4a8c-bb82-1044f0bdf588	709	365	77	41	38
2f621d31-29cc-4488-b3f1-1b86859d5f38	709	365	77	41	;
40ffae5c-b1f4-40ae-a234-7a99832f9ad0	790	365	51	41	on
42eb955e-6bfa-4584-9e8d-d2f9872d7683	847	365	113	41	plates
90690b72-0855-49bc-91b6-934949347971	965	365	41	41	of
1601b898-1348-439b-9875-48bfcac45caa	1011	365	113	41	brass
63aebb48-0f5b-4052-82ef-1e00ec85ca1a	1011	365	113	41	,
eb30d34f-c635-403d-b663-6e5770692a6a	1128	365	67	41	95
757f0b5b-1b56-47e1-8e41-46641839d2e5	1128	365	67	41	;
45e451c3-276f-475b-aaa3-f29db944b626	1200	365	105	41	Nephi
3db72d9d-d126-451e-899d-a2ee2e80d14e	138	403	97	41	keeps
955d95ae-268b-489e-b375-d4530eb30dc0	240	403	36	41	r
ec6f2f8c-add2-44bf-926b-9d7490afb5f0	240	403	36	41	.
bdec228a-ceaa-442b-ab60-2f68aaaf45dd	281	403	92	41	upon
b8d82567-edc5-43d4-8391-2382e6593990	379	403	123	41	plates
28c7d5e1-e460-471e-87bd-fb7e5e01c7bf	379	403	123	41	,
12e4fb57-57c0-4690-91bb-fbf89784eddf	507	403	72	41	97
76043fbd-7af4-48eb-b2fe-cc92abec8828	507	403	72	41	;
1ae40756-4ad6-47b7-a292-b98905e1f576	583	403	108	41	Nephi
6d4c13f3-c8fc-4068-ba90-b9043dff79ea	696	403	113	41	makes
d4fcc5a7-3e3a-43f0-b0c2-c8c0b01ca7ef	814	403	108	41	other
4227c76b-32bd-43c0-84d5-dddb5264c8c3	814	403	108	41	,
5e17a120-919d-4fea-aa1f-6f6a2cc7a1cf	927	403	72	41	97
52474110-3192-4616-9696-267b11f98e65	927	403	72	41	;
fb724d3c-e68f-49f5-ab77-aead2d49b4bc	1003	403	46	41	of
efd7ea67-caec-48c5-8849-44be2e9f5e8c	1055	403	154	41	Nephites
e4a40092-a6d8-48fc-85ba-f4307eb538e4	1213	403	46	41	to
372d9e96-5dbd-4e2f-90e3-3ad37b4dae24	1265	403	44	41	be
8815b62d-bd06-46fe-8375-d63be59c47fd	138	444	177	45	preserved
9bfa2216-c11f-45f4-a282-bca6c4c8e68d	138	444	177	45	,
0b17e63c-01c9-4dbe-9056-2a2648c96677	321	444	97	43	195
270d963a-a044-4879-99f2-fdc606e6908d	321	444	97	43	;
652d97df-eb17-44dd-83db-dfe25941b44e	423	443	156	44	Mormon
2c7fe37d-5619-4a3f-aa7d-b2a24940c177	584	443	113	43	about
39ae0d26-c36f-42ac-a328-d3ea12634f33	702	442	48	43	to
f72d8243-9121-4aa5-9244-d5e3fc22ccbd	756	442	134	43	deliver
a901f766-2406-478f-b6cd-fe3ee0402949	896	442	59	43	up
1e2d9828-5dc1-4d83-ad1f-fab1d903404e	960	442	43	43	r
d6383d2d-fc3b-422b-aa4d-44885b6f0e7a	960	442	43	43	.
61e8a859-068b-4a15-9b30-06fd7abb3214	1008	441	59	43	to
be1fd99f-9a9e-4101-a102-0db67f6616e4	1073	441	145	44	Moroni
41d3b7e0-b98b-4ddb-a1ed-1965abffd2b8	1073	441	145	44	,
c604955f-0cd3-4279-ab4e-1f1233c33624	1223	440	85	44	204
83b4119c-7875-4740-9f0e-0ee2cc717f9c	1223	440	85	44	;
1c55188e-7038-4c5e-8420-bdb00f4d16a7	138	482	143	41	Mormon
7a389998-c077-4d87-8bc5-474ca00bfcb7	286	482	143	41	delivers
981cf485-9c3c-410e-a4ff-87584281b5cc	435	482	46	41	to
dde17a76-afaf-4b5a-a97a-af85fca25881	486	482	138	41	Moroni
3ceae440-f4a4-4d2d-8746-b504231d462c	486	482	138	41	,
6be8c835-740a-42d6-b77d-74c35184f105	630	482	92	41	204
03500ed1-20b8-4438-b596-5b5c002f44d1	630	482	92	41	;
fe3af5be-48f3-4780-bde4-85af3cec3ade	727	482	51	41	on
e58fea79-e2aa-4c45-929f-9d67dfe0a4b1	783	482	113	41	plates
19a26853-fded-4f6f-989c-2ce8dd5bafb6	901	482	82	41	kept
8850699e-10fd-4f40-ab18-87322ced2224	988	482	56	41	by
4a986933-1864-4d49-866f-feb6675a07c6	1050	482	118	41	Limbi
ef4b4963-6086-40da-b6a6-001c15278318	1050	482	118	41	,
b6b26b1a-ab6a-4bd9-ad4f-63816ae51f13	1172	482	92	41	231
2b201ac1-069f-48b0-bed3-2503d7df7439	1172	482	92	41	;
25bfe93e-bf82-41de-a871-38fb7cac8568	1270	482	39	41	of
a72368f5-0e71-4c4d-9e23-d5a01aad481f	138	519	112	41	people
420ff75f-83cd-486f-a2ec-7b1a00c58a72	256	519	46	41	of
85bdc799-e9e4-4a02-80cf-b2225913539b	307	519	118	41	Limhi
5ddaa801-137c-4f31-9d89-d7a27f56a9f4	307	519	118	41	,
f58e4cc2-225c-445f-ab71-bd6b676b07ea	430	519	87	41	273
721499c5-1980-42a4-9c78-1c3d0a349d73	430	519	87	41	;
dd16c4ef-9926-41c4-ae0c-b03edcaefec7	522	519	184	41	Lamanites
965e5f18-64bc-441b-b2f1-8a75de8fe08c	712	519	123	41	taught
f867bff3-8e68-4374-bad7-61ab9d8acb7f	840	519	41	41	to
c05f2056-887a-4ca8-a556-a49816281f97	886	519	97	41	keep
22697936-d057-413c-85cb-b30c73293fc9	886	519	97	41	,
0b0c0573-3417-43c7-ace3-13b1e431bc66	988	519	87	41	277
1f2a8bff-8289-4856-94c8-3d9c2b613bb4	988	519	87	41	;
bdd92f58-57d5-4e5c-ad3b-49a7c5a5be9f	1080	519	128	41	Mosiah
0be35118-7c64-461b-80c1-23f7df7a8c1c	1213	519	95	41	reads
20bec44e-c704-40d9-bd89-d5ba71ff15b2	138	560	37	38	r
f97bddbf-06d3-4ca9-ba5b-44de38f49313	138	560	37	38	.
b652adca-2993-491f-bbf5-a06eac0467f2	181	560	52	38	of
0b2affc4-ede8-4d6e-925a-bf44c850a006	238	560	109	38	Zeniff
1e9034b7-6f18-449b-8aa1-8a186e1ef772	352	560	76	38	and
ab3e0286-5857-4a0b-a50b-9d98962c1ce8	432	560	114	38	Alma
1f59feb5-619c-4552-a4f9-8d907f9cd656	432	560	114	38	,
8bb3444b-547d-445e-86d9-c930a3b628eb	551	560	95	38	279
d8728344-1b6a-4bde-ac6b-cdf977035e35	551	560	95	38	;
16d46517-10e3-4f4e-a000-9e241914d9ee	651	560	133	38	Mosiah
c275b273-15fb-45df-93f7-eccb6def10c1	788	560	184	38	translates
f4f09338-ad64-42c4-8b46-00a6c655c351	788	560	184	38	,
e9ab0425-ea7a-43c6-a1b8-bd699b87ef15	969	557	113	35	291
2175acd8-a971-4c1f-bf26-a4cb77cc57b4	969	557	113	35	;
8e19529b-2b3c-4bc2-837c-269c46dd12a6	1086	557	175	35	conferred
f9d1cc9b-1ba9-40e4-8341-715f2c872444	1266	557	40	35	on
46c435b7-e8c3-41d4-a1f9-34ec6f4d9a9e	138	598	109	38	Alma
58f8476f-7abf-4137-bc87-ec8e828b28a0	138	598	109	38	,
4e520b3c-1d94-47fe-bc61-bd2f8c0e4ac9	252	598	76	38	son
1b9b73b5-393d-45b8-85fd-c5d030d435b1	333	598	47	38	of
220d6cd3-f28a-4796-9f60-ad204ab35c8b	385	598	114	38	Alma
eefe70f7-4d70-4ff3-a057-5edd858e39f9	385	598	114	38	,
222bb0ab-f655-43b8-a375-20a95546b103	503	598	95	38	292
47c586b4-af5c-4171-8cfa-eb8ae7da54f1	503	598	95	38	;
7176ee53-29bf-4bbd-8447-d513ed0542a4	603	598	85	38	cast
893002c5-81b8-4fa0-a977-f33730931976	693	598	81	38	into
8b1b0548-ea8c-4304-8cac-88302f2482f7	779	598	71	38	fire
743dfe6f-3675-4312-82ed-0046a658e6a6	855	598	57	38	by
eb63f711-0e32-4e71-a2ea-e9a933cec6ff	916	598	119	38	people
1664ab78-d3e8-419c-957f-20732d3d812b	1040	598	52	38	of
6a7919b5-fe8d-457d-af24-5ef48c3a25aa	1097	598	215	38	Ammonihah
9f0c4238-845d-4f86-8d8f-78bce014ea12	1097	598	215	38	,
1b39337c-1f3b-4d1e-85dd-5ef71ea46781	142	636	87	41	353
92017319-5c40-4179-ab38-f6d779c8cd19	142	636	87	41	;
afa8704b-391e-425e-befa-a81047c6b51f	234	636	143	41	Ammon
d6c684ab-18a2-4e61-83a2-561c7e16021c	383	636	174	41	rehearsed
907bed1b-621c-4840-a229-e02d885471ac	562	636	41	41	i
dfd7ecad-0230-401d-8763-4d160d72c090	562	636	41	41	.
0fe69f2b-e307-4a8a-8eb8-f3c4b8f52303	608	636	51	41	of
044ea296-1698-44f0-a41c-da43621a088e	664	636	123	41	people
f90e368b-13d0-42c5-af9a-81b911cf724e	664	636	123	41	,
3b4cc7ed-00ec-40d9-b9ba-20645a70f07c	792	636	97	41	371
c17e7fdf-e451-4822-b1a2-44a851939579	792	636	97	41	;
1653a643-4f61-47ca-9a76-20caae9defe0	895	636	164	41	Helaman
9b76494b-6b7a-42c8-8cc5-e157c9606fc9	1064	636	41	41	is
41fc5e3e-ae1a-4573-b3c5-0adde129c263	1110	636	108	41	given
ff5038ac-d23b-423b-a4f3-17b62ff4a292	1223	636	41	41	r
4a87f188-9598-43c3-a95a-637da665dba6	1223	636	41	41	.
cdeed266-04f3-48fd-bea2-2d4a550c65bf	1269	636	43	41	of
e56ab9d7-32d8-4cce-bf9c-463db9718d0c	142	674	118	41	Nephi
4f293212-9325-4ac1-8dc9-da9bea64d553	142	674	118	41	,
b4a88e01-7e1c-42c5-a276-53ed8c87aa74	265	674	82	41	437
e1618f26-b96b-4386-9707-7a4e0791e12b	265	674	82	41	,
41b6f1ed-d87c-46f8-8f56-dff1ed9460f9	352	674	102	41	489
61da6674-3fe1-42e6-8aac-d8d25371f1f4	352	674	102	41	;
3b45ed64-9b37-42c9-8e37-96e68bb02142	459	674	138	41	Ammon
7690a696-c00f-4ed0-990b-d860d68e9f32	603	674	108	41	reads
b7459fc4-5f14-43e5-8d58-2f6ab3ba7109	716	674	123	41	things
1618152f-6d05-441e-b955-06187cec1807	844	674	56	41	on
6cfaf8ec-7fb9-4d3b-94ee-6a6db633108d	905	674	46	41	i
fa84423e-aff2-4a60-be27-5421e3ee4b53	905	674	46	41	.
8cef0017-5b36-41bb-a875-71ae0b50c0a9	956	674	51	41	to
82577641-de98-462a-ac6e-b743499bdeec	1013	674	149	41	convert
37850753-73c1-4b99-b6c1-0d773b8f5511	1013	674	149	41	,
0ec42acd-3fc2-47ff-a05f-274f106ffc82	1166	674	97	41	438
e38f5d7c-3d60-4665-8ff3-89f309a79e07	1166	674	97	41	;
84dd2775-e6d5-4a34-8309-8f557d41becb	1269	674	43	41	of
de3986ca-adc4-490b-871a-922918fa88e6	142	715	113	41	Alma
a63a5b07-49b5-4c56-84bb-8a8e47734d6f	142	715	113	41	,
c1d2f440-2dc8-4454-b4e8-41e4b4ba9096	260	715	77	41	end
8976290a-82fd-4303-a558-4571106bffdf	342	715	61	41	of
3b51ad9a-c0b0-48e0-84e0-28d5c26be014	342	715	61	41	,
230c3169-8ec8-45a4-bbbb-da53009346ce	408	715	102	41	465
4bb2101f-e8f1-40c4-a00d-505a0c224f24	408	715	102	41	;
d872f25d-6ac9-4a87-8607-020d475e800e	516	715	108	41	many
762e50d3-79af-4932-b0cf-5baa9b036140	628	715	97	41	kept
33b58192-f50a-4dbe-b701-1c58982b1cec	731	715	184	41	particular
b02d3e02-da2a-481b-8465-709d9c365426	920	715	82	41	and
6b333b9e-9994-420e-b94c-6fc7e04f71cc	1007	715	113	41	large
2c438f41-aa92-45c3-9ec4-99e96e4d8eb8	1007	715	113	41	,
7b96db78-4edc-4d83-b92f-890ace77586a	1125	715	102	41	549
bd20afab-0cea-4b59-8608-f192c1004490	1125	715	102	41	;
ada6be01-c42f-47d6-9a0b-33912d984d27	1233	715	79	41	kept
4bdfd9d8-db03-44de-bc1d-5077490d7b6f	142	752	114	38	chiefly
fa2110b6-919d-47a7-82e6-8aec445e9486	261	752	57	38	by
f82a5419-4b7c-4949-98a1-7f30621a1bff	322	752	166	38	Nephites
47262bc7-8e70-45d0-9fc6-43bbbe49ab35	322	752	166	38	,
113b2c27-757f-403c-a04e-ad79d84007f8	493	752	95	38	550
5cef92d7-29aa-4c01-9e1d-d26b3a3dc2c7	493	752	95	38	;
ccd73265-018d-4db0-b5e9-a7d203a056ca	593	752	104	38	given
12394493-c080-4b1c-bc6a-2eca4a1543a0	702	752	47	38	to
9d4a6785-4a45-46f1-bd42-3225a1927b6b	754	752	114	38	Nephi
c70814da-fd0c-460c-b23d-f33ccd56e75b	873	752	52	38	by
ecf0ae20-344d-4ff0-9a57-6e4b47c8ae53	930	752	171	38	Helaman
e98a432c-b973-464b-b5ea-a12aa9980dbf	930	752	171	38	,
03d19fb5-9e74-4563-b9a0-6be6b1b68edf	1105	752	95	38	600
08a14e47-2dc1-4258-a1dc-8413b2c8f523	1105	752	95	38	;
369e7570-af6b-401a-8abc-073bbaa24c0a	1205	752	103	38	which
c0e97f75-1b6b-400d-9249-d07d90c97295	142	790	128	41	contain
f5f1ed01-999e-4700-88ab-0727a4129290	275	790	56	41	all
0c535fae-0261-44d3-b393-4a3d91eb0855	337	790	205	41	proceedings
00f6edd3-e61c-41d1-a646-4c67cd566829	546	790	46	41	of
cce5c84d-d0a7-432a-bb04-596382b959b3	598	790	61	41	the
81c5c19d-ea5b-408f-bd99-39d4cc8aaf48	664	790	128	41	people
705854bf-5c65-4916-b7a8-b572c852e1bc	664	790	128	41	,
ed5ba954-31c9-4e43-9d41-eb2787e2744d	797	790	87	41	615
6c9843ae-c5ed-4f30-8b7e-7710385e173b	797	790	87	41	;
0ad359a6-2210-4ab4-a71b-d740f065a2b8	890	790	46	41	of
3b23f63f-76a1-451c-8bc0-0453e47e818e	941	790	159	41	Mormon
df1344d1-a74b-434a-b720-54fa7fd9f972	941	790	159	41	,
04513baf-f33f-42d6-aa40-6c6a55363b75	1105	790	87	41	616
9fcce24c-7b33-4725-bfad-c5f539db30ff	1105	790	87	41	;
eb86651c-fa64-4759-8fb7-79c4b5aa78a0	1197	790	115	41	known
b5d569d2-f3d1-4c56-a367-a071d9275dfa	142	828	44	44	to
91832d7f-3847-4efb-9922-8919f40f8a98	191	828	49	44	be
56bdef7d-bf85-4d4c-929b-1d14074dd41f	246	828	93	44	true
a2e2a685-0ba1-481a-a6dd-4c39e4dad292	246	828	93	44	,
2847ece3-b4a5-4a64-aebc-df2720c385b8	345	828	93	44	623
cfbce4ad-182b-4a18-b517-9a12e2aaa767	345	828	93	44	;
18e919ac-0d7a-43e7-a767-898201d00bc0	444	828	88	44	kept
51015212-f01b-4329-8ac8-08b94b51e5df	538	828	60	44	by
c64bbd84-5ba0-4893-a20a-b84ddc5f0c40	604	828	121	44	Nephi
669d45f3-b71a-4213-9872-72804445d9e1	604	828	121	44	,
b081b290-d39e-4de4-9f90-aa64e53e04f1	730	828	143	44	brought
0bce0095-a8ed-4478-abfd-de0d3f0034b7	878	828	110	44	forth
4b3c9578-68c1-4da1-bb2f-3ab9dc09e083	878	828	110	44	,
1b2d7cd8-a452-4a8c-bd1e-3d827c7012f5	994	828	93	44	667
4dc38dc8-9550-4fcc-9a5f-06d6737f23d2	994	828	93	44	;
3c709475-f3e1-40be-933c-283be06750f7	1093	828	110	44	Amos
6de3b097-e23c-449e-bc4b-c13cce3b7588	1208	828	106	44	keeps
2f7abf73-da1f-404c-84a7-37beafaccf24	1208	828	106	44	,
afc1eb94-ea4d-4d78-b8dc-a7e47e4e6f22	141	871	88	40	683
db4eaa47-83b1-47ca-87fe-a745a25e037d	141	871	88	40	;
6304293d-593b-47e5-95cf-fd4128e59dda	234	870	73	39	son
05f52835-e104-4469-a544-f3913b5109a1	312	870	44	39	of
231af083-072c-4c0c-92de-77f3b57e3a82	361	870	103	40	Amos
f6d31a65-7820-4d0c-8997-b62250abbf9e	468	869	112	40	keeps
351347eb-f6b1-400a-b395-a55c5030aaaa	468	869	112	40	,
62988788-dfe4-49bf-a405-6ac129b4b5d3	585	868	93	39	684
71a19071-a075-4d8c-bf00-1df931a54472	585	868	93	39	;
6bfc3ce3-d76a-478b-b0e0-fe2204ebacc1	682	868	68	39	hid
faf0f901-f736-467c-b716-d71e3ec7812a	755	868	54	39	by
d6c2c92e-65c3-425e-ae3c-10a0c044cb6b	814	867	180	40	Ammoron
325f15f7-7352-4edb-9aa0-863b62d9478b	814	867	180	40	,
db88414b-ed48-4f29-9d05-2ebca881974c	999	866	93	39	687
3e38abfc-7ccb-4c09-b30a-4d33db6adaff	999	866	93	39	;
8fb58dee-d034-4bd1-b413-81866cdf6f2c	1096	866	73	39	end
dac8db09-039c-46a3-b805-5d8cb563b1a9	1174	866	49	39	of
ead51977-92ac-4a24-8a36-27bee8eee91f	1228	865	39	39	r
79712d8a-2028-4bcd-a886-9e1581dab3e0	1228	865	39	39	.
f4f33e15-cab5-4185-b2d4-3ec98b7f15c3	1272	865	40	40	of
7bb2fb76-52ce-44f5-bb0a-be82a6a64c4d	145	907	179	41	Ammoron
d586f0e8-8ad8-4d83-bc2b-2611afbabcf0	145	907	179	41	,
7168b833-56b5-41f3-b609-651620333e6c	329	907	97	41	687
ab24a552-b085-419c-a8b1-af278f67b6aa	329	907	97	41	;
97d902b7-27c9-4cc1-a62c-3451fd326972	432	907	102	41	made
f3809028-6c2e-42cf-b095-d9a60bff50cc	539	907	56	41	by
3f255d0a-67be-4793-9cde-6b1289c81084	601	907	164	41	Mormon
048b4efc-5963-41fd-a981-d679c89aa3fd	601	907	164	41	,
28f9ea09-155a-47aa-8486-4d6361465957	770	907	92	41	687
0e5d245e-fb23-4abd-943e-7f4f8c72695c	770	907	92	41	;
63b22522-3753-4aab-9c8f-6eba96ee2fce	867	907	154	41	Mormon
87737bf4-8cfe-481e-9969-8559f5278e0b	1026	907	102	41	takes
535f95f7-8bc6-4f95-ba0a-942f52b057c5	1133	907	61	41	all
11274464-18d4-4f55-8a1b-034b13949346	1200	907	46	41	r
17582f93-cc6d-44fb-a197-6c7d1540db9f	1200	907	46	41	.
088dba97-4870-49c6-aaf5-074e2c0188b8	1251	907	60	41	hid
9a512924-1d44-4442-b3ec-eb9766ad773c	142	944	57	41	by
0362f127-d44a-4d49-b93b-d88f8f50bbc9	203	944	184	41	Ammoron
b707f213-3b61-4012-8087-db8f474c3c8e	203	944	184	41	,
bb2ed9a7-f38b-4fe8-a91f-4df787954569	393	944	92	41	698
96d8ec8f-940a-4d38-90fe-3ba84831c3fb	393	944	92	41	;
963f61c9-d633-42bb-bd30-1f65a3b8f4ea	490	944	159	41	Mormon
028b0fcf-344a-4607-a460-5086c8c21c73	654	944	102	41	hides
ed35ea66-07a3-4f96-acfc-c3f3b41ea8e0	762	944	41	41	r
4fac9c15-e782-4096-a024-b4bcf435d7aa	762	944	41	41	.
859de4a6-582d-44d6-b443-949d8993563d	808	944	51	41	in
a9f54045-cb17-407e-87a8-b571697e71d1	864	944	77	41	hill
b1dbae2a-4041-4a7b-8452-7c39272ecf6a	946	944	179	41	Cumorah
d8efaff1-c4eb-42ff-8913-9b7553001a14	946	944	179	41	,
cfe02fb7-a2a6-40b1-b6cf-7bd7327d9c48	1130	944	92	41	701
61787c24-bdc5-426f-8335-c025642c3125	1130	944	92	41	;
4f52d904-ae2e-441e-b882-9600367ffba9	1228	944	87	41	Mor
43a90164-6057-4e0a-b594-72ee9db9d80d	1228	944	87	41	-
73d8a066-d30f-4023-a7bb-e577674dc536	141	986	86	39	mon
770bef9b-41e4-4f12-bd7d-35798c967b88	232	986	100	38	gives
3fb20df0-f8d4-4573-943b-2db4549d7ace	336	985	52	38	to
652d56a0-4df0-40d8-a05b-a23b1ff3266c	393	985	147	39	Moroni
b74ef976-3a31-49e4-a441-a2ff783312cd	393	985	147	39	,
5858139c-a3e5-4848-a0b2-00e22505c559	545	984	90	38	701
98bacc68-614a-4024-b964-5b518d302ee3	545	984	90	38	;
d4a5ddac-0ae8-402b-9783-3ba27d58be5b	640	983	242	39	imperfections
7f94c232-b46f-45e7-a96a-dd9947215758	887	983	62	38	in
ded4cfe3-b152-4623-99e2-7d630f9ce9a7	887	983	62	38	,
504856e4-0c10-4449-89cd-6189283de533	953	983	95	38	706
365fd615-5f49-473a-8da5-4aae3a45574b	953	983	95	38	;
998aa585-11df-4fae-a4c7-a9ce3767647d	1053	982	52	38	to
02992b08-5df1-43a2-9ced-d5feca56e034	1110	982	105	38	shine
277868ff-702c-4ef5-9939-e9e06a6fed8b	1219	981	93	39	forth
6205f83b-d9ac-4256-a644-2ee0b6f02a80	145	1023	72	41	out
29365c76-2d48-47a2-9f0a-ebf65e9d6474	222	1023	46	41	of
3739a60e-a65b-4cdb-801d-4ac11044c286	273	1023	174	41	darkness
942773e0-a839-427c-9879-f22c11bb62db	273	1023	174	41	,
fddc1b56-b3c4-433f-b076-39bff9a04bfd	452	1023	92	41	706
b63bb85b-9cc5-406b-8eb5-a4bc12719539	452	1023	92	41	;
4f16c29b-4322-44a1-9a9d-03a026783bd5	549	1023	138	41	Moroni
5cd8387b-0f4c-473b-ba57-41a3ebaaa9ac	693	1023	184	41	prophesies
8e63b709-effe-4ae8-ab70-392b5c57cdce	882	1023	195	41	concerning
4099f8b3-c4ce-4ede-9c7c-f96dc5252774	1082	1023	138	41	coming
8de69c70-a2df-4b44-90f8-20a6e790c070	1226	1023	86	41	forth
0705e941-c9cd-4329-8aad-d1e44cbe1c10	142	1061	52	41	of
058bdc72-b36b-4670-b7bd-a73a70d7247c	142	1061	52	41	,
e5870c33-217a-488b-a866-48ed94e00fae	198	1061	92	41	707
06c05cd4-bcc1-4a40-acfa-149a6e929c89	198	1061	92	41	;
b81498ec-1e1f-4a4c-b595-d6e8d75d6216	296	1061	133	41	Moroni
32a686a7-b8b2-4cf2-9cd7-08acdbfaeeb1	434	1061	77	41	told
4c1849a7-334f-48a8-a522-8cb3f6cc4a0c	516	1061	46	41	to
e8d3772e-4ccf-468b-ada3-9b7431af7981	567	1061	87	41	hide
77c13d52-6c9a-4c60-8583-92490b99a38e	659	1061	36	41	i
c374291e-d34c-4f17-8b76-d7b3e0dd52f9	659	1061	36	41	.
288a8337-0eb0-4cc3-8708-e5ae4652f9f6	700	1061	46	41	of
3caeb3d2-8272-4d58-8b3e-277b36fc2897	751	1061	138	41	brother
9300a22a-9099-45e1-bfe9-fdf3f6f1833d	895	1061	46	41	of
fab6354b-0b82-426e-811f-c680eaa1565a	946	1061	118	41	Jared
35596ee2-0c1d-4123-87bf-7cfbe6760861	946	1061	118	41	,
0543f878-fea9-40eb-96cf-8c226ec9fbec	1069	1061	87	41	724
60ab5921-08b7-4928-b4f5-d05e60d689d8	1069	1061	87	41	;
9ca2a75f-9b69-4a8a-98cf-0f4308887253	1161	1061	102	41	made
782fbc23-e1ab-499f-a7b7-e72addc63e93	1269	1061	43	41	by
5047e1d9-7026-42c2-b506-eaa401fdc01f	145	1099	103	41	Ether
7cd477f4-fee5-4133-bc86-386469176ba5	252	1099	46	41	in
0a4503b9-774e-493f-a9e9-151fcac112f3	304	1099	118	41	cavity
9b4ab27e-f647-4074-8c45-3cf95074ca55	427	1099	46	41	of
ccd94a15-9747-40df-85bf-d4c15d39da97	478	1099	92	41	rock
e14ebada-1755-4ed7-b0bd-7a1eea741de8	478	1099	92	41	,
878073e7-a06c-4305-9eb9-5fd60440a020	575	1099	92	41	751
d0a53d93-05ee-4898-b7fd-617fab43bcb2	575	1099	92	41	;
576ca914-e420-4dae-adf1-cf9cfc4db889	672	1099	133	41	Moroni
5299eaa1-0797-42a0-af08-b54c97fa8f69	811	1099	113	41	makes
5e9255a7-8165-4fe3-a0f4-7cd0c3cf0d62	928	1099	72	41	end
7d3e0d6b-c311-4506-a0e1-b3934ed13dc6	1005	1099	46	41	of
3071179e-5ef4-4045-98ee-79f0f8a3d206	1057	1099	41	41	r
5d3af19a-41b2-4395-b6bb-69677ad68333	1057	1099	41	41	.
a21d3249-b261-43be-a2ee-e5373d9e4c7b	1103	1099	46	41	of
a4c2690e-70d1-4bfc-91d5-dc93c376a82f	1154	1099	118	41	people
94e8a35e-9ac7-483c-bf9d-9e975393f3a5	1277	1099	38	41	of
c876b82b-8d05-46ed-a3b8-65c8df8f1532	142	1137	110	41	Jared
87f6f16f-3c60-426f-90d2-8bbc405b5a32	142	1137	110	41	,
03169880-efce-4063-8a96-d36a390a995b	257	1137	85	40	760
cbdde5de-1ce2-4b5a-83c1-a6697ddb540b	257	1137	85	40	;
08d7ce1a-427d-452c-9889-7e648708629b	347	1137	150	40	Mormon
a5537d77-a641-49b1-9eb0-c6b28f6b5800	502	1137	65	40	has
0d277bc2-ea8d-4863-a6e3-8e5e8d4979d0	572	1137	115	40	sacred
ee521b93-a3b1-4ab0-b550-49fff0174f0d	692	1137	35	40	r
adf2e653-1cdb-4e39-88c8-91c51074d4f8	692	1137	35	40	.
09568d07-7ab6-49c7-994b-7b8a79d5b290	731	1137	45	40	to
65c32cc0-d655-4aa2-8596-e03196ab79e2	781	1137	120	40	deliver
292865bd-5f56-4147-be9d-5cf490de3b66	906	1137	45	40	to
d5c0c318-1769-4116-8865-292705c62542	956	1137	135	40	Moroni
0e3d8739-2408-4d0f-82aa-2283510bd555	956	1137	135	40	,
6fdc4f0e-58cb-43bd-9724-83318b9bb8e3	1096	1137	90	40	774
404b39cd-a310-4fc6-892f-ac94b3e06498	1096	1137	90	40	;
d992b2b8-9528-44ee-9ad2-a0d907a41532	1191	1137	123	41	Moroni
230e64c8-1e3b-4c59-94d0-374262e2d884	141	1177	95	41	seals
d705ec65-5d46-46cc-a8a0-0ef3fd59d98b	241	1177	70	40	up
e2197f31-1810-4247-9853-a5b3b00e2dd2	241	1177	70	40	,
42f96293-49d3-4209-9227-f64b951e776a	316	1178	77	41	774
be77fdd8-19bf-495b-8b7f-31f651b65163	316	1178	77	41	.
39d5bb25-6dc9-4d23-a040-0a5d8d9efa37	107	1216	169	42	Redeemer
9358edf5-1903-465e-84c8-c388a72f59bf	281	1216	41	41	of
541674b5-9799-4cd1-b9a7-8b8229a24f77	327	1216	118	42	world
388c4ca3-e373-4fbb-93d3-3b8f42bdc521	327	1216	118	42	,
a46a7147-b0ae-4e7b-a79f-9497bcd9a983	450	1215	108	41	Nephi
61939330-e266-4687-8801-34205b2d0baa	563	1215	77	41	sees
606dafbe-3166-4c16-9578-06d31b062426	645	1214	51	41	in
2cf7272e-e12d-4bbe-bb7c-78f0431bc062	701	1214	118	42	vision
4db3350e-2552-44f7-b236-a0c698867249	701	1214	118	42	,
622be8b0-c3c3-495d-88f8-9f00a1521e8d	824	1214	67	41	29
b2871667-244f-4399-9eea-456b4f5605e9	824	1214	67	41	;
53641a59-1aaa-41b1-80d2-cc9d745bdd42	896	1213	169	42	ministers
6b584bc9-f6da-4abf-908c-a8e8c8f4bbb4	1070	1213	46	41	to
bc3fd309-b00e-4bc3-9a8a-2b7fa78d246b	1121	1212	123	42	people
60309d9b-e0e3-4f09-ab1b-c559eb7cc6a1	1121	1212	123	42	,
6bdf17f9-6847-4aa0-aae2-76bc45bbaa6f	1249	1212	69	41	29
5cc397ec-5f55-449e-9718-1d490b91c770	1249	1212	69	41	;
23ff963e-9f8c-4626-9bd3-65cdd8f655ca	148	1253	128	41	Lamoni
f14fe246-9616-4e97-ad3e-ad354683d349	281	1253	143	41	testifies
0b9a0423-0a0b-4085-8978-0ed96d0804b4	430	1253	51	41	to
02224386-2007-4dd3-bf03-662ee3ba5e99	430	1253	51	41	,
4aef9a75-9bae-4a55-bee6-28793f5e83d8	486	1253	77	41	373
bbd00475-0ba7-43be-8d81-10c432c2538f	486	1253	77	41	.
67e62fc4-b459-4eec-8390-7358fcba0d50	107	1295	210	41	Redemption
41af0059-6a57-4771-a9be-b5bdf6e3786f	107	1295	210	41	,
c1978827-f136-4b31-9c72-abb93a4f3bec	321	1295	93	40	none
0e768750-815c-418c-86aa-926204a2dcdc	419	1294	83	40	save
b0d25d96-8ca5-4d24-824e-3977939c7b0f	506	1293	146	40	through
c35d2c2f-ebd8-479b-98ad-ac1510fcea3c	657	1292	185	40	atonement
621804f1-7030-44cd-9903-445248bf60db	847	1292	49	39	of
9fe6476b-7dbf-4d44-87f7-b80c3fd4b672	901	1291	122	40	Christ
20473109-cc94-4b35-a5dd-0bca105977c3	901	1291	122	40	,
68b64abb-9f53-453c-9ff8-7da53a3c7431	1027	1290	77	40	382
292df17d-f182-4e30-83eb-c6b104a0dff1	1027	1290	77	40	.
da39195b-0edc-4996-81c9-c9a624258b9f	107	1332	75	41	Red
249da326-5054-481c-bda3-26360848f521	187	1332	80	40	Sea
298b6466-b65c-43b9-aebb-763a13779b1d	187	1332	80	40	,
d50467a3-592b-4285-8af6-db9efc3484e5	272	1332	85	40	Lehi
7c9aa1b7-9c0c-4531-974f-bcf8eeb3e1d8	362	1331	125	40	arrives
86e1a935-4ee0-4e27-9bcb-7e6a07642e8b	492	1331	50	40	at
800283e5-b72f-44cb-a613-911f773491b9	547	1331	135	40	borders
44b2920c-c4d0-4d00-9db0-0b86bdb253c3	686	1330	55	40	of
e9a66de4-8ea5-4fed-a24b-d1452a231984	686	1330	55	40	,
7708fd99-2bf7-4cbb-9959-d6d53bf3cadb	746	1330	50	40	4
cfc00adb-bcf1-4ec0-9c46-d322b17f5511	746	1330	50	40	;
65e76f56-4717-4225-ba75-2cbad930e3b4	801	1330	95	40	river
a2d7611b-617c-4fa8-8b1f-dfa7b7257ee2	901	1329	125	40	Laman
d2f74172-f997-4e1a-ad29-5b0be450e0f8	1031	1329	140	40	empties
06ffa7ba-0c8e-480f-a1b7-b7419e9addd4	1176	1329	85	40	into
88989394-073a-4860-83bb-a25dbadcb2ed	1176	1329	85	40	,
8f975319-d777-4efd-a06a-46f7ddc0ef61	1266	1328	49	41	5
03ceff67-8a24-466a-94ad-2d9ec64e5764	1266	1328	49	41	;
6b3de56c-2e35-48e9-9da8-4cb468b95d9a	144	1373	110	42	travel
c4c69766-5519-40e2-bf2c-84bdeb451830	259	1373	50	41	in
a21a4ecf-1e19-4e81-951b-f6da16665318	314	1371	135	42	borders
52662a77-ade6-4a3d-8582-77aeefae81ef	454	1370	100	41	near
95873cfb-7cf0-4d0b-abc0-8ce509ab99cf	454	1370	100	41	,
3131a44f-b815-4cb8-b573-441c96267eda	559	1369	61	41	49
b851abb2-3be8-4a62-86f6-e1bde0ab5afc	559	1369	61	41	.
4a0eff59-3da8-452e-82fc-54b718577c34	107	1407	108	41	Reign
d1081b8e-a90c-4cc0-9f6b-4b6a6c4af9dc	220	1407	46	41	of
370afc87-362d-4097-a828-5f235ef12676	271	1407	169	41	Zedekiah
a39685c3-4f1f-410b-a83a-d63acf6aced1	271	1407	169	41	,
ad546ddb-848a-4f0f-a108-3ea6cb9116e0	445	1407	39	41	2
04e2251f-b6c1-4918-a968-f56e68fae7c3	445	1407	39	41	.
430cd0e2-af0b-45d7-87ce-cf6523457c69	107	1445	161	38	Remnant
02ad17ee-4846-438f-9346-e4adda3f755b	273	1445	47	38	of
4bcfd95e-d7da-4c08-9340-bb9da597d113	325	1445	114	38	house
80c93675-4e79-406e-99ee-9d60c2884f20	444	1445	52	38	of
3e90ac98-a3b0-4ebf-b583-2fc765b38d9a	501	1445	109	38	Israel
8cf96f7d-2b0f-4129-85fc-b9735f46359e	615	1445	52	38	to
31245f78-02a6-4114-8201-02ba26760392	672	1445	100	38	come
4f69e2f4-4bee-4ab1-975a-32c21f147e87	776	1445	47	38	to
d4fa5920-3675-4ce5-b919-f41bbc18832a	828	1445	190	38	knowledge
3649a5a2-b518-4c4b-b15e-dd2d339717f4	1023	1445	52	38	of
5145ec5e-e198-4fcf-9bbe-df1a995dd22c	1080	1445	85	38	true
db292c4d-977a-46aa-8cd6-90e606528ebc	1170	1445	148	38	Messiah
995c37bd-ace1-45e6-89d6-7517b06cb1b4	1170	1445	148	38	,
f0fa4a79-b024-4f68-b7ba-4024f6e47982	144	1487	57	39	25
78286027-cec6-437d-8877-5f836f4714fe	144	1487	57	39	,
ceb5dc09-d8c7-49f8-bcd6-e0a945e024df	204	1489	64	40	44
7e44db80-bd84-41b6-951e-03440e947f6d	204	1489	64	40	.
5f53fc8d-d3f2-43e7-8cf3-52d91dc9ad45	107	1526	200	43	Repentance
90065042-0083-4f9a-a030-a3ad465efa81	107	1526	200	43	,
7d3d0fa5-365c-40ee-b32f-8a47eb0d67c8	312	1525	205	42	commanded
7c84bffd-ede4-4267-b9d9-a37171146535	522	1524	46	41	of
753cf7c3-8345-4dfd-8d75-0d49ec05d96b	573	1524	62	41	the
b09df375-a553-4176-be05-477a71ac819b	639	1523	103	42	Lord
2b34e568-2496-498d-8990-2d5e99f9eee0	639	1523	103	42	,
4e25ce09-ce94-4ced-a6bc-2866eecf7bde	747	1523	87	42	161
089e9376-e7fb-4166-a66b-1f3ec909a9d7	747	1523	87	42	;
ff1baa80-5f7a-40af-bebc-b78fbb0064b0	839	1522	82	41	gate
1f8b9904-0282-4696-b4a0-4a5a0ac53f2b	926	1521	108	42	which
f463e120-8d16-4a99-8d9f-5a806724526b	1039	1521	46	41	ye
9054420e-6f67-45af-bf3d-811d3c02219a	1090	1520	118	42	should
66ad4bc2-f563-4923-b212-bcdbe9d71e07	1213	1520	102	42	enter
f54c762b-b811-46aa-a2be-bb0256d6beab	1213	1520	102	42	,
2687232a-6686-4e20-b3e8-e12e6882b1a7	148	1562	80	41	162
1dee252c-b3bc-4731-b281-27b0b1299ea7	148	1562	80	41	,
5d60cbef-859e-4e04-b835-7ee290f83c4e	233	1562	95	40	189
2d761560-3895-463d-944d-3b274f75fe07	233	1562	95	40	;
aaa90847-2b44-412f-9e45-792a5226e5fb	333	1562	120	40	brings
c2412f2f-dc44-4400-a568-6d37d6605d59	458	1562	210	40	forgiveness
b24a2fce-c7ae-4396-8e87-60bff9b54b00	458	1562	210	40	,
c6fe181b-f653-4338-a357-6725fbce469e	673	1562	100	40	284
d496cbe2-4de5-4d09-9ca2-7c9c22d9828e	673	1562	100	40	;
6b179e48-0db9-4643-906e-4472f464f7c6	777	1562	105	40	Alma
ccc6e0a6-a773-4abc-9461-5ecc33719c09	887	1562	145	40	teaches
f08fe0a6-b544-429d-b57f-493822e463e3	887	1562	145	40	,
a3d2c62b-ca53-466f-a31f-c4e0a0c2f7cc	1037	1562	95	40	351
089aa297-f0b0-4add-8d1a-5c3bdd516737	1037	1562	95	40	;
2108b5cc-6066-496b-b358-95a63b769c49	1137	1562	105	40	Alma
95ef9586-016b-4e12-a3cc-d3016913a583	1247	1562	67	41	and
62b8d82a-7348-4af8-bf2b-c33026a6e1be	148	1599	138	41	Amulek
e1589ea9-3cf1-4690-b9ff-7983060e0f7d	291	1599	133	41	preach
69a6868c-4234-43d2-8d05-c36a63b95927	291	1599	133	41	,
edbdf6ee-648d-4107-b485-77fca4c5605a	430	1599	97	41	360
09beb37b-735e-4cad-ad5a-63e5ee81b473	430	1599	97	41	;
fbc80889-f0bb-47b5-9043-3d0c2970c1a5	532	1599	108	41	Alma
172b9e36-ab67-4d16-bc48-088be6a6998a	645	1599	128	41	speaks
f6567a1b-1f99-4ed4-9505-bedd929ff808	778	1599	56	41	of
06b292cd-84db-4e2c-a71b-d7faddb27f95	778	1599	56	41	,
c9fdd1aa-2f2e-40d2-a47f-e4c81ece7ca4	839	1599	92	41	452
d412a7a0-7cd7-41ac-9b0f-ab794547c64a	839	1599	92	41	;
cbfb70cf-65cd-4e24-946c-ab6182d52910	937	1599	97	41	none
c1687aad-8e9f-4762-8535-91e68c47c128	1039	1599	143	41	without
9015369d-921b-46c6-adbe-0b543ea77684	1188	1599	130	41	punish
4f89f41f-e019-4775-ae4d-ea73f7ebd722	1188	1599	130	41	-
1a27b71e-e71e-413d-a2c6-7a410d1ea900	144	1643	100	39	ment
72de97b9-812d-4527-aff6-19c351e14d65	144	1643	100	39	,
0f0ecc9b-b4f8-4d7e-9d6c-4c2dac94e8e1	249	1643	90	39	454
e5878af6-623d-4e3c-950b-05718e655274	249	1643	90	39	;
d6a6a7c1-e02e-4490-96f9-747fd072c272	344	1642	109	39	Nephi
bb79056e-5b86-4a58-b4de-3e4dac176f51	458	1641	147	39	baptizes
585aad7e-ede9-452b-bdef-e0a1cf09b70f	610	1640	52	38	to
19d9a798-5114-4899-8072-c661bc61a1c1	610	1640	52	38	,
2f18ee88-4346-4911-8c01-037fe632b133	667	1640	90	39	623
e8a58853-a3ad-4a83-8e2f-8c937f7df2e3	667	1640	90	39	;
998509e1-7d1d-4b46-b5ae-bdbb6d78d92e	762	1639	76	39	and
62748cac-9508-4dbf-a632-3372943b5da5	842	1638	143	39	baptism
955b43e6-fdb0-4bde-b2ff-1239a59d5568	989	1637	209	39	commanded
2380eff5-6139-4a66-882a-08f2aefdabbc	989	1637	209	39	,
053fdaea-b859-476e-8bce-ece0488be886	1203	1636	77	39	674
d5e290cf-7a70-4d1b-8aeb-290ad702e4fe	1203	1636	77	39	.
c52953a8-2b11-441e-8f35-7aad3290936b	107	1681	209	38	Restoration
949fb3c5-3cb1-45a4-b482-7ab74ec35ae8	107	1681	209	38	,
9c5592c4-a61e-4297-b24b-b3a8d1d351ac	321	1681	47	38	to
9a960681-00c1-4be5-9d72-3cfc2eb8c700	373	1681	95	38	begin
9f15bb9d-9fba-4277-8f25-4097689db78e	472	1681	123	38	among
760fe932-a2fd-49d0-82b9-09d29ebf06a4	601	1681	54	38	all
e7a4057d-519b-44a1-84e7-7f945fc429d5	648	1678	156	38	nations
97286eee-0660-4cc1-9085-fded5f49dc5c	648	1678	156	38	,
eed8f650-c9c1-431f-a4d1-617a5a5d286d	809	1678	85	38	159
1f82c01a-4942-4096-8039-070fa0120419	809	1678	85	38	;
e602f2af-9ffe-414f-b694-8bbd72d9d8e5	899	1678	123	38	taught
c07ddd42-9d0a-410e-a529-98331303926d	1027	1678	52	38	by
7b506174-2bb2-4ed0-93d8-7ea1f7cbbd34	1084	1678	142	38	Amulek
9cfbba48-5e41-4c64-9435-a1e135f32d37	1084	1678	142	38	,
e33501dd-0220-4ddb-9dd4-693f5fb52a19	1231	1678	83	38	342
7974466e-fae2-40ff-af4a-bdf987732806	1231	1678	83	38	;
c7b37ca2-6ce8-47d0-a251-9d2688f98d45	148	1719	166	38	explained
06eb9d1e-1248-4ce8-8704-6772db367a5f	319	1719	57	38	by
1abb7a84-07cc-4535-b7af-b9a74a969232	380	1719	104	38	Alma
75ea08ca-5488-4019-b2c5-bd59b367a404	380	1719	104	38	,
a8cead72-72a0-416b-ad84-03ef75e96bc1	490	1719	85	38	450
abbe1815-ae95-4df7-b6ba-bd4b3b6acace	490	1719	85	38	,
34682406-bc8e-4aa4-95e1-1d0d03aec43a	580	1719	77	38	451
48bae6b0-05ce-4e9d-a37c-08572a36de37	580	1719	77	38	.
cd060f44-37a1-413d-8d9b-57be437df0bf	107	1757	230	42	Resurrection
d40b6940-ba84-49af-a8b2-b7df35714f74	107	1757	230	42	,
26344c6a-49cb-4de8-a732-9e8e62916909	342	1757	70	40	fall
ea80cf90-c471-4626-8021-3b07b14936ec	417	1756	75	40	and
251637a8-efd8-4968-aed3-26dc611dfc3e	497	1756	40	40	i
68f1bd14-8947-4796-b6f9-5fb9651b4433	497	1756	40	40	.
2920e3d6-d95f-41e4-9a25-07d055e834c0	541	1755	55	40	by
c11e2ec4-d2e9-4ed9-8bea-68bc25f8c5f9	601	1754	240	42	transgression
b7cd8927-7862-43a2-8232-a6c93ae257a8	601	1754	240	42	,
22a66bf0-8031-431f-8448-2ee6df236a91	846	1753	90	41	106
73afc98c-93a4-4462-b83d-f22685568aed	846	1753	90	41	;
af87bc2a-b790-4f8f-ad71-807262ece3c9	941	1752	120	41	power
5847b638-2f1c-49f3-a1a5-2d396d84986a	1066	1752	50	40	of
a7d10d5a-ebd3-43af-ba58-6362d18ca33e	1066	1752	50	40	,
479ab964-e4b9-4d1c-8bd4-cf7c68ebdac8	1121	1751	90	41	107
b42eadf2-43be-458d-af3a-dadc83a66d97	1121	1751	90	41	;
4cf55316-9a9a-4ebd-b52e-0b083dbb4384	1216	1751	102	41	spirit
abb27ee1-49ab-4072-8201-834b969055dc	148	1797	74	38	and
c7f7f19a-8e94-4a46-8db4-4fe9cd743070	226	1796	93	38	body
7c6bf6e1-0236-4332-bfc0-caafe68e469d	323	1795	148	38	restored
7be6d53c-21f9-4236-9323-44cce61ec341	476	1795	46	37	to
23a2ea44-fa61-4b09-9544-9de4eaaff1ff	527	1794	111	38	itself
6fcaa352-b56d-4c6c-93ec-aa0e0bc11b15	527	1794	111	38	,
b3391bd6-a1cf-4183-9f9b-40d6cb1898b2	642	1794	93	38	107
8f674f08-d875-4dd8-8ae3-da44c3e814f0	642	1794	93	38	;
6d234312-80c4-4857-ba9c-8c97e1f6b925	739	1793	125	38	passes
d84f09e2-b1b3-4180-b17b-b9f059938b96	869	1792	93	38	upon
46d3d3b1-b7c0-4a71-aba6-c0985b63ae86	966	1792	60	37	all
3bbb17aa-8c52-4acf-a49c-05e1b895f3ef	1030	1792	93	38	men
c0470781-f46d-4134-a4c7-35581eca133c	1030	1792	93	38	,
31cdd77c-c493-4b0e-a278-80aa25a80e28	1127	1791	93	38	108
d122e2cc-a74a-43a3-ac9e-82e675c27a6b	1127	1791	93	38	;
b3cc147d-7de5-430e-97e3-efa33f0ae411	1225	1790	90	38	signs
db941598-43da-475c-a1c5-6a9b0834c159	148	1829	46	41	of
3bb0f2dd-1c66-4656-b4f3-b48d1488d5ff	199	1829	138	41	Christ's
5f8f747d-f479-42e3-ad1f-6c899ee4c8aa	343	1829	41	41	r
edaf2e4c-432b-4350-b316-9d86a4825c44	343	1829	41	41	.
677f6e55-fe1e-4cbd-afd1-4dedd816aac8	389	1829	46	41	to
5f06a014-bfda-4433-a526-caefc2ae6abb	440	1829	46	41	be
649062e9-0604-45a2-a6be-91ff797e668e	491	1829	113	41	given
c68cf97d-d319-421c-b67f-05b9cf009b68	491	1829	113	41	,
3e924d6e-bc70-4589-9bda-c6c589a36a8d	609	1829	87	41	144
3f5e8899-961e-4d79-aed4-4ece9b9e07f5	609	1829	87	41	;
60ae0b38-9a36-49b0-bf1f-48cb578d831d	701	1829	189	41	knowledge
ede19242-caf2-403d-ad81-fd9317609b78	896	1829	51	41	of
6e3b24f3-aa44-450d-88f3-02a3aaeb4c0a	896	1829	51	41	,
4656ec7b-5812-4068-9b67-7b497d602dc8	952	1829	92	41	176
23d84f3c-8cc3-4074-8c24-b7a0d0cc90a9	952	1829	92	41	;
6befda4e-930a-4fa5-a9bf-b48930f14561	1049	1829	51	41	in
382d7a3b-24eb-480f-a0fd-6afe571b4a16	1106	1829	123	41	Christ
3a6df781-bd50-400d-9b88-884516d6612e	1106	1829	123	41	,
f7c5d7fe-6bc0-4937-b27d-3baa5b013390	1234	1829	84	41	189
2630247c-0da1-4bbb-85fc-601bd889bba0	1234	1829	84	41	;
a4107c08-26fe-44ca-859e-2726ddd86dd9	148	1875	76	39	first
6719c258-5242-477d-8dc0-09a2e6556a1b	228	1874	71	39	and
8f618e2f-86ba-42dc-9aeb-b37ac566b9fa	304	1873	133	39	second
781dc608-9730-4427-ad91-79c733d50603	304	1873	133	39	,
8f36b2f9-aad7-47fc-83ae-0f8d2c915652	442	1872	81	39	253
c75e13c2-987a-4c34-88ba-afe0c2a8d255	442	1872	81	39	,
a439b457-7b61-4d0c-905b-4843cd41cbb4	527	1872	90	39	255
1d2768c9-50d6-468c-8484-75bac194908f	527	1872	90	39	;
4e2d8e53-d5e6-4c52-928b-b4bd4a6a72f2	622	1870	138	39	Amulek
9d403832-6ef5-45b7-a0b7-a4db31ac1391	765	1869	143	39	teaches
66f314a0-9e94-4058-8477-26c97b1ef0e2	765	1869	143	39	,
14749bd6-7e00-4641-9b75-0b0f7c4927f3	912	1869	90	39	342
7042802a-2489-4db8-a9b0-0668fa08cd74	912	1869	90	39	;
ee95aec2-2aa4-4ace-a7f1-4ce49f37bafa	1007	1868	124	39	taught
2985069d-d773-4755-ad72-3047db313008	1135	1867	48	38	by
0688f389-3a5f-4a7a-bfe7-eb0291f88537	1187	1866	131	39	priests
fe794290-f1f1-4d39-bacc-090b8024ce06	1187	1866	131	39	,
28fd7e9b-e0ce-4bc4-9270-8f18708a0305	148	1912	87	43	361
28506a5f-8828-4aa2-a646-20d36c384fdc	148	1912	87	43	;
ed39836f-703c-41da-b23c-33d63619ead0	240	1911	118	42	people
3c26f51a-075c-401b-84e9-e0f0fbf84d22	363	1910	46	41	of
dfa1e958-24bd-4461-b471-e441554e5241	414	1909	139	42	Ammon
293c8d60-1cde-4858-b352-bc8433d99f2d	557	1909	87	42	hope
23d4d7d0-e3fd-452f-9d19-d706ca872454	650	1908	57	41	in
0dd579b0-cabd-4ba9-b528-e373f9901205	650	1908	57	41	,
ebffe3d3-00b3-490d-ba49-029ffb6271c0	711	1907	87	42	405
3705e04c-cf3d-4ed8-9406-07011d11b1bd	711	1907	87	42	;
d4a189a5-6f63-4a18-825f-17ef1e7e3990	803	1907	52	41	to
23c838a7-da2e-481a-8115-c048750bfcd3	859	1907	46	41	be
38a1dac0-47bd-406a-aefd-0db1d69949fe	911	1906	98	42	after
24e1749f-e1bc-4009-a425-372f0ba6e437	1013	1905	128	42	coming
fdce4d15-0b2e-4908-9c8d-00e9cd465152	1146	1905	46	41	of
25f5cb32-6882-4aa9-a4ce-687fade24581	1197	1904	120	43	Christ
85681b84-39c1-474a-a53e-269745d8a136	1197	1904	120	42	,
fca6848a-5489-45b6-b777-380ff8959b51	145	1946	87	41	447
5cb9a7fd-6231-4783-b815-810fd56ff59a	145	1946	87	41	;
d44c634d-41be-40fb-b80e-33e5985beeab	237	1946	46	41	of
febb48a1-bd0b-452e-9d04-776cdd417e94	288	1946	97	41	dead
b6c4b605-49d8-4d98-b194-047dc2567b9e	288	1946	97	41	,
97c4bbe9-c0ec-4502-b07d-a03ad277ff05	391	1946	87	41	447
3f4081bd-d0ac-472e-8376-565ed99ee628	391	1946	87	41	;
24fad45a-df6b-4dee-a936-0e6fca3de08c	483	1946	169	41	condition
feaec21e-c3c2-4a5c-af08-78d02bfa73de	657	1946	41	41	of
8bbac7a6-20d9-477c-b48c-635265445222	703	1946	97	41	souls
5f9193c1-0780-47df-95b3-29cc39898d03	806	1946	143	41	between
6d50646b-dd61-4511-b085-1847ef356406	954	1946	102	41	death
374a4362-8039-4aa7-8dad-b36ae031e8d1	1062	1946	82	41	and
325e42db-d4ae-45c0-a55a-1f8f31859ec7	1062	1946	82	41	,
9ed77b23-4f47-48e8-8c22-61d93d335ff9	1149	1946	77	41	448
6419becc-4bc6-493f-b1af-937df1cf273c	1149	1946	77	41	,
7342a8f1-52ea-4d63-9ea4-894dacb62958	1231	1946	67	41	449
b8d78357-00ae-4073-8b73-583d0203d9fb	1302	1946	12	41	;
444b430e-c3d6-428c-983f-48fc090dab69	144	1988	45	40	of
bddba4da-aebb-47a9-ae81-ebd6917f32e8	194	1987	120	41	Christ
486cb4aa-f276-4cc6-b0a0-d7716408499c	194	1987	120	41	,
37b48e57-85ae-4a1d-b22a-1fc761453580	319	1987	90	41	449
5e8003fd-2436-4816-9cdf-a3f88909dd7c	319	1987	90	41	;
68d2e95f-4803-43c0-8b5c-91973beddf4b	414	1986	45	40	of
5893bd2b-bbc1-4899-8949-21f632f0faeb	464	1986	95	41	dead
73840fe2-a898-41d9-b53d-f87c6f2c0f1c	464	1986	95	41	,
66401d18-7879-43e5-8534-1112e022bae5	564	1984	185	41	atonement
dce790b5-5392-46b1-ad99-94ecb1a8676b	754	1984	125	41	brings
752e7d85-fff0-45bc-92df-20f881ddee47	754	1984	125	41	,
a4920965-7057-40df-8308-b75cd9194475	884	1983	85	41	454
e959c0aa-a58b-46e9-a07a-3a6eaacb46cb	884	1983	85	41	:
7a66fa64-5f39-46d6-9f55-bc04a4d80f8e	974	1982	95	41	Lord
026ee2f9-dc02-434b-bee8-b80807373d13	1074	1982	95	41	dieth
39a43fe8-c440-4dd4-b0d8-651f014a5d7b	1174	1981	45	40	to
f9a4783e-884a-4dfc-9df5-bc5152646981	1224	1981	91	41	bring
e8b637e7-4e65-45cf-9743-e59a640e5be0	148	2027	109	39	about
fb5b4c89-fe59-4eb9-b9de-7a38d81315dc	148	2027	109	39	,
4bf5c1d5-8c24-4d4b-86ee-0761ac3da7b3	262	2026	86	39	592
4f919e5a-6be9-4570-b55e-b30c56552193	262	2026	86	39	;
9d7a7e04-cdc5-481f-bff3-17d1c153fd1e	352	2026	48	38	of
121bd16d-4e2a-4143-8dce-51ebf2bdf0a1	404	2025	124	39	Christ
501c82ba-a45e-4ee0-8b64-f15986c86468	404	2025	124	39	,
61e33dd3-b4aa-4e97-9df9-6a361097d2ba	532	2024	147	39	testified
74167116-4939-46ce-a44e-efa602566162	684	2023	52	38	of
ca36fee0-1fdc-443b-aef6-a06a320c2a93	684	2023	52	38	,
3bcedcff-794e-4379-b9f9-1717af0e7f2e	741	2023	90	39	619
b025ba8e-6575-42e8-b6db-6042716624b6	741	2023	90	39	;
d555baa2-f17c-4712-9487-cdaeeb8aec3d	836	2022	128	39	Moroni
69fb52c4-9acc-4bdd-853a-21f45a4d8ce0	969	2021	138	39	teaches
c95c2abe-4ce1-4279-91a0-1affa2cace73	969	2021	138	39	,
d960dc72-9eed-496d-b069-898602633fb6	1111	2020	78	39	711
ef6c93db-8639-4f11-bb59-f5b917c154d3	1111	2020	78	39	.
f4ec0f80-05f6-4a0d-b599-cecc429e71ad	110	2065	205	43	Revelations
f0342ae0-bb41-464a-929e-6ad317c5037e	110	2065	205	43	,
0c4bc98c-251c-4688-b23e-7b4f27a09e48	320	2064	103	42	many
95c03710-39f8-4db3-9dc4-f5a3118b48ef	427	2063	82	42	had
6c5c9b51-ec48-49df-a284-54ae2068f822	427	2063	82	42	,
57291517-13ee-46fd-96ff-22b16f7c9cde	514	2062	87	42	167
df94f7d9-43b7-4b8a-80e9-a4867d2309b3	514	2062	87	42	;
b99465b3-91d5-4a39-bc8e-c7b09d0420d9	607	2062	46	41	of
d194b001-68c7-4e84-9df6-2122ce9c86a7	658	2061	77	42	God
4defa6b2-b81f-403c-b155-1dbc174e157e	740	2061	62	42	not
1ea3f3d6-fece-42a4-bbcf-67838e877b1f	806	2060	46	41	to
92d7334c-08ad-47eb-9cb5-a6c64b277601	858	2060	46	41	be
522abe56-80d0-4f49-8906-67d363f08da8	909	2058	159	42	despised
aab7eff7-2037-49ae-af85-dc7265f0648b	909	2058	159	42	,
b6292cd8-0c39-42a1-ac44-936be5a84fdf	1073	2058	79	42	176
dd7824c8-08d8-48f6-aced-ec9f3ee9e9aa	1073	2058	79	42	.
