ID	X	Y	Width	Height	Text
b229c841-21cf-43a5-a7f6-cc86c72323b0	641	75	173	45	INDEX
e657cd6f-0e83-4f0c-b884-66400b71ef2c	641	75	173	45	.
58e1a192-0b98-4794-bac6-494ed5df200f	1258	85	72	38	819
2f251215-c8f3-479c-872e-4953c70e1b6a	157	145	127	41	Aaron
5c54fb90-4b12-4ea0-bca2-d49c598d5685	157	145	127	41	,
86e1a48c-1e93-4f72-a801-cfd3021f3b98	288	147	93	40	389
2a7252fc-6c8f-4277-8864-e284ce078e74	288	147	93	40	;
0151794f-2f41-4bcd-8e11-b443649b5bed	386	148	186	41	appointed
3c5d1c05-1522-4a4d-af70-cbe79d89b6f6	576	151	54	40	by
82ed82f4-5fb6-49bd-a97f-5f6ec6b64781	634	151	166	41	Helaman
baaa981a-95a0-4267-ade3-21efb0ede9b0	805	154	78	40	and
70f5e7f6-5129-4a93-bfca-7281df65ab10	888	155	147	41	brother
2f87b47f-179a-4922-9134-88b1358e6f80	888	155	147	41	,
6a6cebd5-5879-42b9-883e-0657c910ae3e	1039	156	98	40	468
f879915b-a7af-4bf6-a997-95c0a02ea875	1039	156	98	40	;
6cd3b128-e80e-4dd3-866e-5164b3c15ca0	1141	158	147	41	manner
a7d81659-d92c-4ff7-9a44-cba765794694	1292	160	36	40	of
ecec677c-5b04-4436-baeb-9325360c1b21	157	186	179	41	ordaining
3cba2082-67b4-416b-ae45-3e959f521ce5	157	186	179	41	,
ed8ec783-22c4-453f-b2da-8ef440a253b0	341	186	108	41	761
34238153-143a-46c7-b9b9-b71e29373623	341	186	108	41	.
336f7a4e-10d4-4fbc-8e61-ff3d310e9607	454	186	82	41	(
3745b2e1-05b4-4bc7-8744-b8534ea243f3	454	186	82	41	See
af539017-7689-49ed-993f-53337edc84c1	541	186	108	41	under
9e8574eb-bea2-4cdd-8bcb-d409f226da14	654	186	145	41	Priests
2e3b1c5d-af47-4b21-a667-e923b77ca639	654	186	145	41	.)
1d1f925b-7b49-4198-ab70-fe5ae352fada	119	222	168	44	Teancum
ac0ace94-50e7-44f2-ae28-35ae327e81c1	119	222	168	44	,
5fa4339e-a431-4f4f-9c72-63436bb88e44	292	224	90	43	city
a066959b-6a1f-4aca-ab32-8b8942db65fa	387	225	58	43	of
651edb43-9edd-4f4a-8401-26335a18625f	387	225	58	43	,
24e65df6-6a36-44c8-8a23-65c7539d4dcc	450	226	163	44	Nephites
f47c9d09-a645-4585-b1c7-f0849b60f1ea	617	228	69	43	flee
d31e99ff-9144-4282-b749-252df6c3ddd9	691	229	58	43	to
d9d1cc05-97dc-48cf-9e83-fdfb01ce7ce5	691	229	58	43	,
ba7acaee-1a30-4e87-b1b5-561f3755fda8	754	230	100	43	695
b33a9cb0-318f-44da-bb58-7fe5101a509c	754	230	100	43	;
56829471-cea8-4ca3-acaf-3dce7f3bc865	859	231	95	43	near
3e02966e-2adf-41e2-a391-4f0db77a5908	958	233	200	45	Desolation
6a1f64f2-f2fc-42df-b4ac-97d718ab31c9	958	233	200	45	,
5fbb646b-721e-4594-8ff8-de0b09fbd041	1163	235	95	43	695
c780ad37-9f84-4f34-aa65-af74acb581a3	1163	235	95	43	;
ae6ac835-23cc-4147-8fd2-b4c11f18ee24	1263	237	68	43	La
348c2faa-65f3-4ed3-847e-f9e304167387	1263	237	68	43	-
a7bbfe2c-28fd-4de0-8f5e-f7fd9704abf5	157	260	135	42	manites
8c11108f-82dd-4820-9afa-dcb8f54b8cf0	297	262	90	41	come
c97567de-4a54-4f76-b5fb-7bf3841c32bc	392	264	140	42	against
bac53956-7c1a-4487-8792-0ec6cc5de1db	392	264	140	42	,
eb65b08d-4f0a-4ebf-88ef-97a7d0451bb5	537	266	90	41	696
77f02285-bb60-4f02-a26c-d0a681186259	537	266	90	41	;
7a07ecdb-dee2-46de-811d-7fec8883802b	631	267	95	41	drive
d85b08fb-ec8d-462f-9303-036c13bb8d3f	731	268	150	42	Nephites
5b141222-bfb2-4146-bd30-7db9ddb1a951	886	270	100	41	from
d95fee5b-0b36-419b-96b0-802f3b7e0fc4	886	270	100	41	,
7bf4886c-f595-4e41-9994-3c9849961d40	991	272	79	41	697
784e4b27-0c77-41bc-9c43-750c564ef991	991	272	79	41	.
f78bcbd0-5d6b-4717-90b4-ee4b5fe1a22a	119	297	166	43	Teaneum
321d0391-85ef-4347-bddd-b3571bd28d4e	119	297	166	43	,
f053ed56-f2b9-47c9-8bc3-c5337aa467fa	289	300	116	42	leader
76910eec-7733-4517-9fcf-57198b005897	409	302	41	41	of
734c5a03-73da-41fb-9018-2a60649a4f87	454	302	96	42	army
570331ab-309a-438a-8dcd-368dc24a22c3	554	304	111	42	which
cfcbbe4a-e6f6-4e4c-9a59-1ddfc1db01a2	669	306	106	42	heads
fead6d2d-1f47-4d2f-b9bf-4b520726586b	778	308	116	42	people
a38432a5-e6ba-4305-a867-ae9409f58fae	898	310	46	41	of
36f692b8-a018-4663-a422-fd3bf94eb545	948	311	191	43	Morianton
8c2a6a4c-76ac-42ea-b708-c62e5abf18b9	948	311	191	43	,
c2ee6faa-e440-4dc2-99e1-8e38698154a0	1143	314	91	41	489
93c52bba-d884-41a4-940f-7fbfbf587624	1143	314	91	41	;
2168c6af-a6ba-4ff3-9ff0-f80098bdf996	1238	315	90	42	slays
87be1b90-995a-4ab5-9a29-6bb7d0867706	157	339	195	43	Morianton
4de23ee0-2a24-45de-b42f-66a6198860ca	157	339	195	42	,
d4da8f81-9de0-4e27-8045-0042e19526f4	357	341	100	41	489
95919f32-5968-45b8-b933-f2fc7e855cdc	357	341	100	41	;
e8993ca2-e920-4e02-b749-5a24a03a5f5c	462	343	120	41	meets
09f2a835-ffd5-4323-a10e-cf1d90509dea	586	344	200	42	Lamanites
a68e0ccb-2b6a-486b-b440-615e167833d0	586	344	200	42	,
b12c677a-bf8c-4cc7-950b-560d566e2643	791	347	95	41	493
1abdcfdb-fb77-4fd7-b900-c240b963829b	791	347	95	41	;
78685b3d-9b31-436c-aa1b-68744157bd90	891	348	85	41	and
d4609cab-19ec-4971-8345-49a6f0cb28ee	981	349	140	42	defeats
7688a8bf-1757-4402-b8de-656a5f39a968	1126	351	110	41	them
46554a35-1e14-4535-ae66-58ac6d420d1e	1126	351	110	41	,
dcdecdc3-c691-40da-b5f9-15478c69926f	1241	352	87	42	494
bf203e5d-ec79-4596-b301-4c44c4804395	1241	352	87	42	;
5729b273-3678-4487-a7fe-b1dbb246387b	157	376	81	40	kills
b2a0e57b-12c8-446f-a9ce-053babdae64b	242	377	209	41	Amalickiah
8c3f8423-a796-4b0e-b27f-51f04487cd8e	242	377	209	41	,
190434f7-31da-4a39-8b0c-d34e0fc58ace	456	380	91	39	494
6bb36c61-caee-4724-a226-373d862cd5d1	456	380	91	39	;
f9dab627-d6c6-49f9-a52b-204b0398d01f	551	382	138	40	ordered
3f9c4635-bd51-4a6c-9c75-f6077ef97959	693	383	48	39	to
78f1d691-668b-44ad-afaa-96f06f034980	745	384	114	40	secure
fbbb8ed3-8edd-48c1-87f3-913f1a0314fc	864	386	133	40	narrow
2a421a20-18bb-4870-ae3c-0a52c896d9ab	1002	388	86	39	neck
8f8cb051-a56f-4de1-ab1b-15e391737b93	1092	389	48	39	of
ad6f7f56-7386-4fe8-b3be-897a10a8d85c	1144	389	95	39	land
2e47f395-5f5f-4a52-a175-fec17d12c093	1144	389	95	39	,
2d12d1f1-3a84-4578-bd31-95eb92b767c6	1244	391	84	40	495
881177fa-1f7a-4d87-8c36-6ea56d6e9791	1244	391	84	40	;
85f1c7b5-e107-4ef2-8897-a26fc1406c2b	157	405	132	52	ordered
2de70df1-b36c-449f-8313-0f3a12e22d97	294	406	44	50	to
36baa135-3dde-49aa-b5e4-3a75f7b40766	344	407	113	51	attack
54dff485-7eef-4d02-b8fe-2ce2e746bf1f	463	408	119	51	Mulek
d291ae38-9259-4186-a8bf-f0dc98b34892	463	408	119	51	,
df40e8bb-681b-49ad-a5c6-3c2652987964	588	409	88	51	497
40993222-a83c-4058-84ae-4d747615a45d	588	409	88	51	;
c21b41e0-3862-46b3-9452-c13ecf8e83c6	682	411	138	52	returns
0866ed14-67c3-4de5-afd8-91537a6d514c	825	412	44	50	to
d85b2a70-b7c6-43c8-aa9c-1367a517625b	875	413	76	51	city
d53fe9cb-a661-4f5b-84e0-adb08369aaa7	956	414	175	52	Bountiful
bc1cea55-1d8f-4db4-bf39-2a8bbe076306	956	414	175	52	,
16b56cd2-0394-4382-8f93-beca8acb9929	1137	416	88	51	497
6c870276-f4ec-4d03-8601-e2a5948d8bdd	1137	416	88	51	;
73dadbb5-1cab-48c7-82a7-3a0ab4b08f0e	1231	417	97	52	holds
76e34444-2858-4ec3-a33c-68a20d740698	157	453	127	42	council
e5c1a349-8cdc-44cd-b1ed-bfb4faeff511	288	455	93	40	with
57514cb8-00e0-435c-88e8-1a5fc4538072	386	456	132	41	Moroni
1cb4beba-78da-4ae7-a3d6-c274e9632ccb	522	458	78	40	and
4767a190-660f-4d2a-b105-f81a37e5e7e6	605	459	127	41	others
351c4edb-1560-407c-89b1-cba4d5e16c5f	605	459	127	41	,
cbdc4506-5643-4451-81e1-705665fd5060	737	461	98	40	497
f23aba5d-c706-4f11-8c91-3f935c62ae1e	737	461	98	40	;
47f9aa20-89c5-488f-a2da-7232d9ba9f15	839	462	186	42	Lamanites
23a828b3-4515-45fd-95f1-10ef43910199	1029	465	156	41	marched
f9004c2a-8098-4cf9-b56f-f61e1f3595dd	1190	467	138	42	against
d6a969e6-4ea3-443f-8976-91128c80c9c8	1190	467	138	42	,
618a2160-4122-47ed-87e1-4eafb997c0b4	157	494	91	40	497
666566a9-df86-4c5e-ac9e-d32b535b8e6d	157	494	91	39	;
187bc87f-8ef5-437f-93e4-013931832bac	252	495	76	39	and
15167d7a-af26-4f38-bb3d-1c8d05eec909	332	496	91	39	Lehi
9287cf15-0866-4015-b412-4fe19db2456d	427	497	105	39	given
9512b551-4316-475d-b77f-ce8b1dfda612	537	498	176	40	command
dffd917c-21d3-415e-b3ae-fa762040c0f0	717	500	48	39	of
7a926f95-e9ad-4bbc-9ce7-68b7be86d7ec	769	500	91	39	part
22a2d016-6fe2-4d70-b109-b8fa84efeeba	864	501	48	39	of
ddced43e-b346-44b8-bbf1-abe53429a83c	916	502	110	39	army
c8bed8f4-6993-4bb1-adfa-c1aaab07f41b	916	502	110	39	,
b0cd9be7-5975-4deb-b595-e347e42cc7e7	1030	503	95	39	534
369e5797-cb8a-4b9d-b298-ff42f438bfc6	1030	503	95	39	;
70d2b02a-378f-4732-b177-753d7add0661	1130	504	119	39	forces
0eb4deb0-3fc7-4e16-99e0-3f6fb289b5cb	1253	506	74	39	sent
9a7021f1-e849-402f-bef5-3ff9a3327244	154	529	49	41	to
1bd9f73c-0e5a-47ae-b6b6-f58dbea11cd3	154	529	49	40	,
ecee6e15-3a9b-42f5-aabf-35d9ef00834e	207	530	88	40	535
f2e3d312-719e-4ad2-947d-215563b1be44	207	530	88	40	;
586770b2-8e64-4f3f-af05-dcc88ef9e92b	300	532	152	41	encamps
ebb10f6d-aa20-4c29-a201-7d0f0e55f462	456	534	127	41	around
bda10b5a-4f0b-4230-bab0-9afd50d99cba	587	536	83	40	land
f1e78d0b-a86c-433b-a705-14bf6f0aecc0	675	537	44	40	of
cc0c25b5-03ab-4d1f-91fc-7cffbaa1455b	724	538	137	41	Moroni
68d539f5-fa7b-481c-a495-82e3f27289c6	724	538	137	41	,
5ee9392a-e048-4953-8ecc-71deac5e9926	865	540	69	40	537
fed195d1-ff87-42aa-8282-c659c717f31b	938	541	15	39	;
9f0a35ba-e707-484b-bbbc-48b20a7a80a6	957	541	103	41	slain
ddc892fd-7620-45ce-9036-0c2cebbdf279	957	541	103	41	,
6552b61a-1daa-4388-b653-474e2e324dc2	1065	543	78	41	538
e799156f-a162-4978-b874-c10322188bce	1065	543	78	41	.
e9086cb9-231e-469d-83c5-3b4f372cf107	116	569	140	42	Temple
66480a16-e123-40d4-90c0-cbb7215b24c9	116	569	140	42	,
407278a9-2fe4-4b54-be9c-89a361e67812	261	571	100	41	built
6679b6a9-c941-41a6-a951-e1020e1a6e90	366	572	60	41	by
5e78b3b4-5d4b-4a35-929a-8606d547f002	431	573	120	41	Nephi
6533ecff-11d4-4173-8115-24a8175f0b07	431	573	120	41	,
eb01bcb0-6cf5-43a6-a8b8-f5e04d24ba2c	556	574	75	41	96
1bab6604-d7cc-4a46-b030-cca4d37614b3	556	574	75	41	;
6752a036-1730-4080-bfbe-44608b8ea649	636	575	115	41	Jacob
5151a8ef-9d72-4ba8-abd6-c69fece709ad	756	576	140	42	teaches
4bbe690f-b47a-4cd0-9d49-e5fe4625a1bb	900	578	60	41	in
4354d163-bafd-4c37-ba8e-1b410e613a40	900	578	60	41	,
48d12456-2b6d-4f91-80d2-7f906b23b981	965	578	85	41	168
bb34bb5d-3369-4c7b-ae06-46dd2f198d09	965	578	85	41	,
8a06f81a-40ca-4932-96d3-6bbd921e02df	1055	579	100	41	169
97266143-d771-41b2-a9c1-2a3c8ed13234	1055	579	100	41	;
ada033b2-5a00-4ae4-9d8f-04bb0201c6c7	1160	581	125	41	people
ebc25509-126e-4fd6-a7e9-586805a83053	1290	582	37	41	of
1e7c2147-3d94-4377-9da5-2bcc524e3872	154	606	195	44	Zarahemla
76bae30e-fae8-4803-ab15-44383758135d	353	609	121	42	gather
fa5eb738-9499-4ebe-874a-d0967030d3ff	478	611	61	41	to
54cc182a-3bcd-4584-b6b0-14d79b8d34bb	478	611	61	41	,
ff3d1d17-30d8-4bac-98c6-65161180019a	543	612	101	41	209
67ecdb4c-6d2f-4190-a337-a500717a06b3	543	612	101	41	;
92483229-d009-4781-9f9c-f10cb5f426e0	648	613	56	41	at
3f9a9cc5-b964-48e3-88b7-408205059176	708	614	91	41	land
c738bc56-4d9a-4123-b0ae-bb08c49c7733	803	616	56	41	of
e94dc4a6-3041-4cc5-92ee-92c0ca6aa63a	863	617	121	42	Nephi
9e2dbd3c-7292-4d9c-b23e-cb0656f28540	863	617	121	42	,
19315461-8f46-440c-a5a2-8dd80025c573	988	619	101	41	240
aae5ff46-94ce-4ad5-924f-073329e2af6c	988	619	101	41	;
6363991a-2464-4d48-a1dd-9c349019812f	1093	620	56	41	in
4b6ad23d-f0eb-4111-adc4-e622abf8bae6	1153	621	178	44	Bountiful
7d6f68a6-012d-43bb-87b5-4dbd8fcf8463	1153	621	178	44	,
ceb7acbf-2ccf-4b87-82cd-3e13f1a4ba48	157	649	110	41	Christ
60c9f2d4-d70b-49aa-8937-50c5996e01b2	272	649	145	40	appears
65ca2c2d-745e-473f-ba8d-4e38e5ae24c7	422	649	55	40	at
aed255b6-6204-4ed0-a3ad-5394786e1ff4	422	649	55	40	,
deb9f397-b600-4f22-a3b9-764edfd9a4af	482	649	81	41	631
09243542-c988-498d-9b69-d8482868947b	482	649	81	41	.
3eaa1432-d72b-4c8f-9ba4-9ae365a37c69	116	681	77	38	Ten
712dd29a-a9ab-4ad7-bdd0-9701c01803ea	197	682	266	41	commandments
1604e8ee-06b8-4929-8243-ace11f9e6b36	467	688	122	38	quoted
2d9d038f-f775-47d6-a275-5329da94da48	592	690	55	37	by
c3be86f5-2f35-446c-960d-22300b6d07d8	651	691	149	39	Abinadi
3339bc5c-b382-408e-afca-3a05764b2e07	651	691	149	39	,
1d96e1c2-3945-4a80-bcf8-9c7002290ca0	804	694	81	38	247
7b9327ae-8788-4f53-b52e-d6193de3a369	804	694	81	38	.
2d43f7ec-850b-458f-8388-8f2f6b3c3b79	116	715	152	43	Teomner
c55d032b-5b12-4fe4-a15a-19abecd89d98	272	719	137	42	secretes
1fb9996b-57c6-49d7-a2b6-c40fdec2c87b	413	722	132	42	himself
d578ffb8-571d-4a78-8050-e6977c86df49	549	725	40	40	in
376c2b2e-35fd-4da6-9d3f-12e832a955c6	593	726	64	40	the
9d84251b-3601-42a2-bef5-03ac75ba4f6d	661	728	196	43	wilderness
7845961e-c399-4092-8b10-488c61c420d4	661	728	196	43	,
5166d00a-4c39-4f8b-bc73-bf1b25940c9e	861	732	77	42	522
17bb14dd-fecd-4d04-abaa-a205b97d2ca5	861	732	77	42	.
0b85feb1-0d54-4957-9103-45cd10e38c8e	116	758	111	46	Three
e6b9bf03-9079-41ca-b9a9-c84749aba847	231	760	160	46	disciples
73b9c14d-918f-424d-a39a-806faa008379	231	760	160	46	,
32e7c878-62b7-46aa-8116-7452ee5ca6ff	396	762	78	45	not
e007a12f-30b8-4fe1-97e4-5127f5f8650a	479	764	50	45	to
7eb27236-e103-47e2-a53e-001466256d66	533	764	100	45	taste
e9e60cda-8b54-4f0c-8275-1e7aa4462984	638	766	50	45	of
fa2f93e5-a6fa-4923-8d1d-54a94b47a418	693	767	122	46	death
54973430-b8e8-4f6e-b153-f6c8a3dc7de4	693	767	122	46	,
479a504b-8fab-4946-9343-196069c82322	819	769	94	45	676
da3fc711-5626-4a30-acdb-2b4d1d4c059e	819	769	94	45	;
8edbf430-d1be-4186-96a7-35328a97bb09	918	770	138	46	Moroni
b981c307-1141-4eb6-8853-1c0a11e60063	1061	772	78	45	and
88dd0396-f27d-4bbe-b8ef-6a1d033db472	1143	773	122	46	father
60d77bbb-ab7b-4eb4-a561-ef0ea9661c6a	1270	775	61	45	ad
538f0c13-043f-4451-9034-cb5ca8443c57	1270	775	61	45	-
1323c80c-fbe3-4ce6-9313-544515df57cb	154	803	184	41	ministered
b04729f9-e958-4499-a66f-afdff769de56	343	803	46	41	to
06e1250a-db18-4c8b-be05-f5883b748994	395	803	67	41	by
a4a58186-8273-4990-966d-ec7c8777e323	395	803	67	41	,
be01ab74-b2cb-4d4a-8e8a-81151627a6ef	466	803	75	41	705
0720cb02-fb92-4c89-b24e-1012fabc71c0	466	803	75	41	.
6ca8793c-09f9-49d9-b12e-984320544593	116	840	135	42	Timber
46c3109e-d225-4070-b2dd-2f0ae49f6ebb	116	840	135	41	,
653d9556-b4d3-44dd-ae24-10b26b0e7650	256	842	90	41	land
5a959278-8645-47b3-a799-a25276beb22a	351	843	150	42	desolate
2fa56426-f5da-4559-b203-9562f7085e58	506	844	55	41	of
d0911a75-d162-49b6-b5dc-f7f30d172de3	506	844	55	41	,
617cc304-f006-467d-812d-6f667016fa64	566	845	90	41	549
c34429c1-ba7e-4428-96af-9b9eefa79c5b	566	845	90	41	;
3756cb02-10a8-4b89-89b0-aa19626bf2fa	661	846	145	41	shipped
17706db6-2a82-4c36-983a-9ffc9e5aaed5	810	847	90	41	from
f81a392b-d4cd-4242-b27d-c04fb4d51cbc	905	848	90	41	land
92a99a23-974d-41b0-a409-71ac9cdf3e4e	1000	849	190	42	southward
53f38dc9-1465-4eea-af1c-09e57dabc46c	1195	851	45	40	to
8acf4b8b-be09-46be-ad88-e5944e6e097f	1245	852	79	41	land
a32ddf2f-fd3f-4f50-ad81-fca4ece571d0	154	882	194	38	northward
c7f26365-4151-4623-8544-fd54ecc25e3d	154	882	194	38	,
4070960b-a483-4013-b1c8-25b26a10e26a	353	882	78	38	549
27003974-d150-469f-a290-21364f2d83fb	353	882	78	38	.
fd347ace-4692-49b2-974c-3b8028fcdd12	116	919	93	40	Time
93df3d50-729a-4582-85b3-36a2bf530ce5	213	920	166	41	measured
13b43b03-908b-4e45-a5ae-2236ae58c497	384	922	83	40	only
a2c89342-f084-4931-87bf-a6df46bd308b	472	923	44	39	to
a2ccd834-9794-4c08-8805-b235350f19f1	520	923	93	40	men
24ea8aa4-5028-4b0e-adce-3ddca069062a	520	923	93	40	,
acb1b2e6-402c-4803-a7f6-902a8405ae42	618	924	78	40	448
8d4a952b-f103-456f-bd6d-4f426cf6b684	618	924	78	40	.
5751fe34-98b4-42d0-866d-45da22d92cd0	116	956	159	43	Timothy
abb9b07d-6bf8-4e7b-8298-a59358fad7e5	116	956	159	43	,
69667752-d15f-42f7-9259-50ee1d31fd18	280	958	134	42	brother
a0d34f06-db93-4e2d-90bb-8376870c190f	418	959	52	41	of
f1ea83dd-3a76-4751-a7fe-cd1e808d999c	474	959	118	42	Nephi
f61fd6a7-b6fd-4f4d-b64f-b9f877a652a6	474	959	118	42	,
209269b4-bc3e-48b6-a4b2-a6a8234d8300	597	961	72	42	one
e1d94f72-bf2b-4bed-a870-212bd24498c6	674	961	46	41	of
d966fb40-6bc4-4d9a-808d-78b399a08448	725	962	128	42	twelve
a7b15669-3d4a-4d60-b6aa-db936cc799f5	725	962	128	42	,
59090c58-47cb-487e-90c7-1ba0090ae5fd	859	963	82	42	654
ceb9e425-7cd8-48aa-9d89-a624231cdbc6	859	963	82	42	.
fb7ead53-b3ff-48cf-8d46-b9178d39ad7c	116	995	114	40	Tithes
523d8e79-590f-4dac-a254-9288aa5be763	235	996	86	39	paid
20c72ec9-7da6-4b76-824e-8516277b363b	325	997	53	39	by
e852085d-d6df-4d72-a31a-f3434497dbf1	382	998	176	40	Abraham
0806cf1e-db17-401f-bbbf-1a61f0446c51	382	998	176	40	,
7791fc67-bf78-45c1-9617-79aaa90899c7	562	1001	80	40	350
c48ffd3c-3193-4519-a95f-ca32824cf013	562	1001	80	40	.
c2f90ff3-c147-4838-81e1-a1c29d823ce2	113	1032	121	44	Tower
aaa2de71-8404-41ea-893c-716b3b8941ec	113	1032	121	43	,
5db64c2f-b0a2-4e67-96fb-bbc2660441ab	239	1033	95	43	Noah
ab15180f-edf1-42bc-99aa-907dda5e2f85	338	1035	121	43	builds
2976f16d-c9be-4431-9072-9413b9b83221	338	1035	121	43	,
1ad611bb-4ac7-4552-9265-44b8b022583d	464	1036	90	43	240
fae775cf-d5c2-486e-80ab-c37416481b10	464	1036	90	43	;
cf0d4e46-b33c-4907-81ac-44797b7a905f	559	1037	105	43	Jared
07a742b9-fadf-4cb7-a9d5-6e151ef10c8c	669	1039	95	43	came
16fdb27f-1633-4415-84e0-4c5e8a60d5f4	769	1040	100	43	from
0451742d-3a7b-45ba-b37f-c2c666366a7e	769	1040	100	43	,
135276b8-931a-4b83-92d9-dab8119590cf	873	1041	77	43	715
8885de37-1bac-47ac-96d0-03163cb67fda	873	1041	77	43	.
aed4e7b5-15a4-4f7a-b8db-ee783d94cc71	113	1063	154	43	Treasure
def4abe7-84b0-4dc7-a85b-634b7ef782cb	270	1068	126	41	hidden
7c3f3d91-d80a-4662-b09e-4c23cf091abf	399	1073	61	39	up
dc4e136b-2612-48dd-bbb6-ce87c936530c	399	1073	61	39	,
aaafa8e4-5969-458f-a170-49a03b5b6198	464	1075	75	40	689
2b45c93b-9dcb-4d13-90f7-b11efffe09f9	464	1075	75	40	.
60cddca3-6155-4c2c-beef-b0d4c1d4abad	113	1110	92	47	Tree
0f79a18c-6c84-46ec-8e74-f0d7a1eb1722	113	1110	92	47	,
d4c8a7d5-b18c-4bf7-85c2-23e98eff23c9	211	1111	115	47	Lehi's
9d6baa94-8270-4155-871f-7f6fdc39a0bf	331	1112	109	47	vision
35cdeabf-7384-48db-857e-d95c192c2a9b	446	1113	58	46	of
a3163ab3-3b65-4139-8e71-b6f52e6f2bd1	446	1113	58	46	,
ec5aee5d-4d5a-43a1-b02f-2c8b86ab9b4e	509	1113	69	46	20
313838b0-f84e-4cfb-aca6-8f0e7103dccb	509	1113	69	46	;
efc99b41-88fa-4de5-a260-f82fd09beabb	584	1114	138	47	Nephi's
64a92f80-bd1d-4c00-b27c-3097c172afce	728	1115	115	47	vision
8a5188a6-5990-4cc8-b43a-5f6361520efd	848	1115	52	46	of
953b85e7-0519-49a8-8219-ecc86245dca0	848	1115	52	46	,
6c9f1060-84fa-4dda-9163-1e9f7f7a0748	906	1116	75	47	27
d96d5189-f5a1-4980-b20c-48284008a484	906	1116	75	47	;
1372ef49-cce5-4213-bb62-dcd7a08978eb	986	1116	41	46	is
e2211a86-ac67-425a-8f31-3449b4242543	1032	1117	87	47	love
85a1c8d6-e8d2-4e32-8f7d-89d8d5fec246	1124	1117	46	46	of
f39be5f6-1e3c-4bb5-ae55-bc260a697dfe	1176	1118	87	47	God
22fc8455-ec8f-4bdc-9fc1-5469aa7f99c2	1176	1118	87	47	,
6f8b0bf1-5b6a-4270-9822-a5c5ae39f9e8	1268	1118	57	47	28
471d9357-76ad-494d-8df3-1e78e61092c0	1268	1118	57	47	,
816e8346-43a2-4455-8c80-713fe0bf35a9	150	1147	66	42	29
01bbf7dc-87af-404b-8c44-2457236c7495	150	1147	66	41	;
e8d87288-4ef1-4047-8c16-d0b1cde549ef	220	1148	46	41	of
6f154e73-dc1b-44f2-91cc-dc4ac355f249	270	1149	76	41	life
16fcbb4e-3ab4-451f-90db-3fa65803cd3a	270	1149	76	41	,
8be62f08-4565-4758-a638-01e123610f6b	350	1151	61	41	46
fb03c079-2798-406f-9229-dddbbcc044ec	350	1151	61	41	,
88be9623-c255-4d49-97d6-95382508a907	415	1152	61	41	47
0d71ae54-7442-4564-9447-0b508fd2ab1c	415	1152	61	41	,
b8f52792-2856-4726-86c9-f3d06ff47618	480	1153	80	42	452
1fd36546-e5cb-4796-8397-a53d0bc4826c	480	1153	80	42	.
4773c0c2-eef8-4161-90c6-156285d4cec7	113	1187	116	44	Tribes
1d22b750-f188-4872-b0c6-60c1556f3a84	113	1187	116	43	,
76a3d4ea-c84e-41c5-9847-64d22c4a4e1f	233	1188	153	44	Nephites
bda0c659-3014-4206-9f9d-846d3ecdb347	391	1189	132	43	divided
14ed8172-4917-40e3-a007-d7615e7c1c4b	527	1191	84	43	into
ff8431e4-663f-41a2-841b-f9a20ac555c4	527	1191	84	43	,
e6e2bc5c-957d-4940-bfcd-d7601ef34379	616	1192	84	43	620
25cc3737-93af-4807-b6a9-770f0a45a230	616	1192	84	43	;
aee58f77-b038-4409-87ce-91e0702320d5	706	1193	63	43	not
a289aee8-501a-424c-b09e-60e3ca12f185	774	1193	48	42	to
fd8fcaeb-a7ec-4dea-996e-53698da2c3e0	826	1194	84	43	fight
39894241-9b2c-462e-af2a-2b3b0ae1e7a3	915	1195	116	43	among
64c7c0a4-d847-4ec7-a3f3-add9063e2c11	1036	1196	200	44	themselves
b332e136-8e06-44c2-9b48-daa4dd8e0fc6	1036	1196	200	44	,
f2e4265e-4ae5-4a2c-bba1-8f1a138582ed	1241	1198	63	43	622
94d1644c-ff64-4776-a94d-5ba7e529d6d9	1309	1199	12	43	;
7fe6177f-eea4-4deb-b906-61737158ac0d	151	1227	113	43	Christ
0de1a3ee-86d6-4c3e-b4a9-0ef1379d0a77	268	1228	41	41	to
34fce88f-9931-48d1-a522-9b7d95716a72	315	1228	52	41	go
11a2256b-1f9a-49ee-983e-1205c681c082	371	1229	46	41	to
9fbbe694-fdc6-4068-8061-f9014be9b8db	422	1229	77	42	lost
0762a7e1-2486-4e44-b90f-3354152de1d0	422	1229	77	42	,
dfe6f1d7-c432-4146-8f7d-ddc196471b58	504	1230	93	42	648
5b9ce5c0-33c4-479b-99eb-d7815f832521	504	1230	93	42	;
33945055-c243-426b-9773-b95dc61723bf	601	1231	118	42	twelve
5f8bff19-dbd7-4c1f-951c-d7ecd40210c3	724	1232	36	41	t
8f40ade8-b30c-4a85-98f5-39a7f47a4384	724	1232	36	41	.
d3b9ea6e-df9a-43a5-b3e8-4892fd02ad13	765	1233	46	41	of
f86cad7b-f991-4e51-9a15-fd2d1079745f	816	1233	108	42	Israel
6a0b1b48-5186-4608-9ae9-4f98ebf5d960	929	1234	46	41	to
5d22a27b-8d8d-45ef-866b-9ce41144e0b3	980	1235	46	41	be
f6ceadc8-7803-4a81-9f25-ea08edc5f95f	1031	1235	134	42	judged
e3726d90-8e19-47bc-ba61-27ff9530b1e0	1031	1235	134	42	,
07b8ecf1-c586-41d2-91b0-3d60d77e7ac2	1170	1237	79	43	694
dc95b982-9f5f-4571-a35f-7156fabd619b	1170	1237	79	43	.
7a75ebd6-ee79-487c-a6a0-6cdb1b048cb4	110	1264	165	43	Tubaloth
f4686312-e128-4d11-a6fc-10cf106e3ba5	110	1264	165	42	,
5057770a-2294-4575-afee-6e5cd8cbe056	280	1266	70	41	son
302d8099-f06d-4122-93b5-88b74f98c9ae	355	1267	45	40	of
0b22a244-b452-4e67-a63a-57a0b475d503	405	1267	175	42	Ammoron
95108621-8255-475f-bb22-b89e3d257366	405	1267	175	42	,
1585969d-49c3-43cf-a871-ae2d4e340f0e	584	1269	90	41	king
76985ab8-e9ba-444f-82d5-afb1921e80fb	679	1270	45	40	of
ef596dd4-32a1-48cd-814e-36c3bee41f69	729	1270	190	42	Lamanites
925146e2-fa42-441c-813a-d05e82795e3f	729	1270	190	42	,
7cc4ed05-6a6c-4895-9b9a-541f08c35167	924	1272	79	42	544
684d3b03-ec5a-4477-9485-aa2ab340086a	924	1272	79	42	.
e88370a4-1223-4297-bc59-264ea1362ae8	109	1300	141	47	Twelve
d89e65ff-0035-4fd4-91fc-43ad683429ae	109	1300	141	47	,
8fbbbd5d-74b0-4f38-b2b3-fb4612007bdb	256	1302	119	47	follow
2843d18a-e887-4dbf-b88f-95befd798535	379	1304	181	48	Redeemer
615d9780-326a-4cda-bc87-171e33d0f7ae	379	1304	181	48	,
23dde2c0-e845-4c27-93da-6f8fecdc6628	565	1307	79	46	29
7026bd32-78b1-4982-9ced-639f0816c3fd	565	1307	79	46	;
b4050ceb-404a-468c-8c8b-4653737dbfde	649	1308	152	47	apostles
6c567145-8d49-4612-acbe-7467a06e770b	806	1310	51	46	of
83214e0a-16a0-4392-a73f-84aa737f0148	863	1311	68	46	the
2ba7f5d6-6437-49e1-99d2-45a1818b77ea	936	1312	113	47	Lamb
7657f549-9483-478d-9273-0b1c09794d4e	1054	1314	124	47	fought
36e92a50-2a40-4d2b-b09a-985321f17a45	1183	1316	139	47	against
49b5305c-396c-4bec-893c-7e03b2d6f9bb	1183	1316	139	47	,
1988be16-25e3-4a1e-9dbc-52b9d1048a86	147	1344	70	38	30
c47aee15-ac96-4f6c-9e5d-6f684a52261f	147	1344	70	38	;
214233d0-bfb2-4969-ac57-6cce709ab3ea	221	1345	60	38	all
fb7b7244-5eda-4332-bfc4-ca3f3f44f7ca	286	1345	134	38	nations
982a9458-15b6-4561-85fd-cc8703e9877d	425	1347	93	38	fight
3aa2184b-90d4-42d6-ac81-df2df4000e2c	522	1348	139	38	against
aff5e42d-abc7-4fbf-938c-625a09054c6c	665	1349	37	37	t
5cc3b64a-58fc-44ec-9796-1bd53fafd029	665	1349	37	37	.
fcc87aca-0607-4f61-8b29-96b3fedd3fd8	707	1349	157	38	apostles
957ef3fe-ac91-4a9c-b9d7-47e6054ac888	707	1349	157	38	,
bce1e464-8206-490f-8ca4-d8457fb6aaf9	868	1351	74	38	30
b00d172d-b568-4a40-ae91-99fe5273eb73	868	1351	74	38	;
323ad45e-7671-4e01-8917-99b12d6e2eae	947	1352	157	38	ordained
43a7aa92-15e7-435a-8ce2-16b557254237	1109	1353	51	37	of
0d93c1be-d575-4ede-9d1a-10d0643a5bad	1164	1354	84	38	God
7d79d15b-b0e2-4a3c-a611-08829e1b0ec4	1164	1354	84	38	,
6224d39b-9ab3-40cf-804e-a72065c7bf27	1252	1355	69	38	31
fba6b99f-71a3-4c4e-862d-abc4b0b3ef03	1252	1355	69	38	;
5344585f-8b1e-4b5d-b221-e1a32f56ad4d	148	1385	143	41	apostles
6ef3568d-951d-439b-a123-d957ee74553d	296	1385	41	41	to
6c273015-03d8-45fb-a6e4-cd85157fb7ee	343	1385	102	41	judge
12c5d0cd-a94e-471f-a5a3-d5fbbdcfea32	450	1385	108	41	tribes
4e43bb79-9e1a-42c5-9d40-53ffd74f1410	563	1385	41	41	of
65d5e2e2-352d-4f10-bc53-9ea42ab6217f	609	1385	118	41	Israel
e18151af-eda8-423b-ab8f-c2420ae560cc	609	1385	118	41	,
8492ba55-46a8-4ea7-b855-a7dd2b0b86a5	732	1385	72	41	31
f585776a-62bf-4a8b-9dd5-693a10a8ca1e	732	1385	72	41	;
3f631a18-7459-4cf9-bd25-4105b17b118a	809	1385	118	41	twelve
12999580-07bf-460b-b66d-ae95742469f9	931	1385	164	41	ministers
8264ae5e-e8fb-4936-b56a-b2f4b4a6be30	1100	1385	46	41	to
2c674e22-06e2-484f-a3f8-84bf07d286c9	1152	1385	46	41	be
d9655432-3e31-403f-b843-e45eb3dca98e	1203	1385	115	41	judged
2c194d03-a37e-4042-805b-056601792e2a	147	1419	62	42	by
be7f66f9-1800-44ac-942e-6117a7fc9faf	147	1419	62	42	,
aa6f8542-932c-416f-b2dd-1d45005055c3	214	1419	77	42	31
71e5199f-d778-4567-837c-2b55cf3e4848	214	1419	77	42	;
38600d38-3f41-4d3d-8c12-764563dff54b	296	1420	93	42	book
f65d20f4-94f2-4779-b410-853b266ab90e	393	1421	93	42	goes
8f384905-598d-466d-9f1a-59a3d911e237	491	1422	103	42	forth
ea790b5e-115d-4ded-a9fd-026fdaa2a9b4	598	1423	98	42	from
f4602676-6d22-442e-b41a-f9e099f8d470	701	1424	41	41	t
b72cb4e4-11ca-46a3-93f2-eb61fc4a4d70	701	1424	41	41	.
08b4c5f5-f3cd-4e1e-91e0-3805739448e2	747	1424	159	42	apostles
d723424a-beff-43bd-8c35-9699cd036ae8	747	1424	159	42	,
70e13083-59e6-4d1a-bb8a-00c2a6cb7fbf	911	1426	77	42	35
c1ea0c15-31f4-4756-ab63-7873bf2c3788	911	1426	77	42	;
80a2b880-d06e-427d-b4ed-dd25ff0071fc	992	1427	77	42	one
4f4ac010-397b-47aa-9b4f-86310c0aeafb	1074	1427	52	41	of
53a40d4a-2d2e-4ce4-bd0a-056eec2b5083	1131	1428	41	41	t
aca9c63e-0401-4b0c-b8a9-104cff83912b	1131	1428	41	41	.
a4b5767e-5078-4def-a798-37d74c21f1ee	1177	1428	144	43	apostles
1f229317-d27f-4415-839c-138c59034bc4	147	1457	84	43	seen
e66ce725-3a94-4305-8ce6-4ed7c1564df7	237	1458	53	43	by
62f48869-b1e5-43fd-8956-450a4843aa9b	294	1459	121	43	Nephi
4b27699d-5c7c-4313-b2c9-d54f552e978d	294	1459	121	43	,
46c497cf-0a18-4685-88dc-3bfbc742faf6	420	1461	74	43	41
073d936c-e6c3-4a6a-9b93-b717bd980ef5	420	1461	74	43	;
7e171bfa-7ba1-4468-9d04-c5c43b6bf0f1	499	1462	137	44	chosen
96d128ae-0f44-4111-bcd5-301cd3aba319	499	1462	137	44	,
acec719b-43e7-4cb7-82f8-43b342376b0e	641	1463	90	43	635
b4c7ea61-239b-485b-8d96-85f6b2d82f94	641	1463	90	43	;
95417ef4-f2e9-4f33-8a76-c3bdebc07c8d	735	1464	111	43	given
d0abd048-5d42-4a5b-8d2c-ded69ab61d12	850	1466	111	43	power
1a1ca657-2249-4de9-a032-f58c8f4eb65f	966	1467	53	43	to
4220df18-b399-4cdd-856f-6cf13365ff81	1023	1468	142	44	baptize
a22065a5-34dc-4dcf-bb40-0c5e704074b4	1023	1468	142	44	,
4bfae79e-ce51-410b-a55f-0475748fc8d5	1170	1470	90	43	635
04b9f70a-9194-4cc5-ac0f-18c1315d6f15	1170	1470	90	43	;
015c0a92-cc98-479f-8717-99c5b4104de5	1265	1471	56	43	in
965e57ff-7d3d-440b-9a6b-4ec74bd47f32	1265	1471	56	43	-
56ae64ff-2c24-4498-b1f4-a157fc76d273	148	1498	180	43	structions
ca21c217-e577-4f6b-b25d-61ff00539bdc	332	1499	51	41	to
20ca273d-4246-4563-9070-d4b54530e72c	332	1499	51	41	,
3b993757-5069-4885-b0f4-6f6eaa49941b	388	1499	87	42	640
ea367e95-1fc2-44e0-95c1-2bb73f86b018	388	1499	87	42	,
a516fa48-2cc2-4eff-abd3-f66856352332	480	1500	87	42	614
ff69d165-29a1-49b0-8987-e3c0e70bbad2	480	1500	87	42	,
d45a26ca-9eca-4611-9224-ad7c219ccced	573	1501	82	42	650
e66ba1ef-512f-48ce-ad79-079896f198bf	573	1501	82	42	,
2611a85d-085d-4f81-ae32-47336ab4312d	660	1501	87	42	652
39ba7fff-814c-4acc-9db8-ef4954748dff	660	1501	87	42	,
be8a95c1-f437-4a08-9db4-26a11e1f4531	752	1502	98	42	658
c34fa89f-f9f7-4157-aeb5-5801835d9863	752	1502	98	42	;
88e28ac6-477a-453c-a206-e8c48c746953	854	1503	108	42	given
e087d37a-0569-4241-86a6-772bcb6333a5	967	1503	113	42	power
cda4c4e1-054e-4070-ac72-e8ba24ca4abe	1085	1504	51	41	to
97ddac00-6c06-4bb0-bb38-927e0369aabf	1141	1505	87	42	give
e5f5ffb1-4942-4226-acdb-2269be52d0d8	1233	1505	85	42	Holy
4401df96-2220-410f-a042-66be8b9ac1b5	147	1534	113	43	Ghost
76272abe-00bd-44bc-bff2-7d5631460f22	147	1534	113	42	,
d2945daf-d32e-4a43-89da-5acf5f1878f3	265	1536	82	42	653
6c5d74b0-bcc8-4c0a-bb40-155b57612898	265	1536	82	42	;
d5e4ee7e-6bbc-4d63-83f0-7ec3983b72d7	352	1537	118	43	names
09ff9054-ac60-490e-84e4-da3b4703de34	475	1538	47	42	of
0c9e7e6b-2589-4694-9446-413a27ba0c1a	475	1538	47	42	,
1f5ff65d-478d-40c6-bb0a-4c72d53ba1c4	526	1539	88	42	654
fc4e6534-4c47-4bf5-9954-488b72f9502d	526	1539	88	42	;
232414ec-0c5f-47b4-80c5-595230d64eb8	618	1540	103	42	teach
8b0b2b3f-528d-4b54-95c6-9d530947cc37	726	1542	175	43	multitude
66a724e6-2d9c-4d59-90ec-cda13875f2a9	726	1542	175	43	,
c7890a2c-c04a-4593-b4f7-c1e36c4db496	905	1544	88	42	654
90969d5b-d9af-4125-b103-20a2335969dc	905	1544	88	42	;
d04a287b-e879-4e70-ae54-95fd8f86385c	997	1545	149	43	baptized
ffd78f2e-7aac-436a-9c79-959748a9ef91	1151	1547	52	42	by
96a3f90f-cf92-4ed7-8d8f-4b5b9aed0c7e	1207	1548	114	43	Nephi
36cc7d78-2d1c-4185-a244-70f66d1741d5	1207	1548	114	43	,
603285fd-4059-4973-9d3b-92cae817b81a	144	1573	91	40	655
6cb303b6-58f7-4e1d-90e9-e8dd45be2ff6	144	1573	91	39	;
1e0d1a1a-3419-4afb-9e7a-c13994467061	239	1574	95	39	Holy
230f7495-5c74-4ea9-82c9-b69cb9b8a534	339	1575	110	39	Ghost
65959005-311e-4556-a374-37db85b653f9	453	1577	86	39	falls
e6fccaf7-5713-4f4e-a71e-036c51a5663e	543	1578	105	39	upon
df3e579f-2210-4393-a885-2d7ad1973c74	543	1578	105	39	,
012aa336-e1fd-4e73-85dd-fa59cca1fbb2	652	1580	91	39	655
ab92fb60-05f0-4717-8252-1fe77a2043a5	652	1580	91	39	;
e0d2fda1-70e2-4e0a-92fe-c8693836983f	747	1581	119	40	angels
a8ec1686-c1d1-4929-8035-a02c7aab46cc	870	1582	152	40	minister
5ca88e8a-65f0-466f-9976-aab65b661f20	1027	1585	95	39	unto
8d3fbc42-88c4-4b9f-ad6f-427ba6e08ae1	1027	1585	95	39	,
abc7a111-e8bf-416e-acff-2ae828f0cb64	1127	1586	95	39	655
01add6cf-75ea-4e14-a0ec-4189c897bc0d	1127	1586	95	39	;
b9da2312-8a87-494b-b32f-8dd0f5e5bc2c	1226	1587	92	40	pray
93053524-99b6-4799-a882-35ad9a2e80fe	1226	1587	92	40	,
06b02774-785a-4d48-abdd-82afd00ed8d6	144	1611	65	42	655
a4b8df22-40c3-4a92-ac27-6d1d473640aa	214	1612	15	40	;
1f87cb7a-3f1f-4308-bc9d-5ede236d6b5e	234	1612	85	41	told
9cfe3c9e-bbb1-42b0-ab77-27efd8accbaa	324	1613	50	41	to
9df352ef-ed5b-4935-a536-cb44d216edcb	379	1614	100	41	write
add4b686-86e4-4da2-aac0-1cdba19f7093	484	1615	190	42	scriptures
8155f0c6-c5d2-4495-9234-3e28fa18d742	484	1615	190	42	,
d558091e-b3e4-4cc8-b262-13525c558fc3	679	1617	95	41	667
e9636d6d-9236-419a-9b3d-5c1af9fecdf1	679	1617	95	41	;
6f10d87d-f912-4925-ae0b-0ff829450d2d	779	1618	115	41	Christ
0a934bb9-0ff4-4b72-973d-588e3e8a8d29	899	1620	115	41	shows
b4169dcc-5bec-42f9-95cd-3be8b8e00217	1019	1621	140	42	himself
1a5109f2-a4dc-4d7b-98f7-f78eb8296570	1164	1623	95	41	often
d1eff1d6-6a5f-4741-87dc-94ef789b164a	1263	1624	55	41	to
f6f64d18-951b-41d5-ba76-f7c27bc17c5b	1263	1624	55	41	,
20719848-6fb5-4275-8096-d0ee4d341a05	144	1648	88	40	671
21a65034-8de0-45f4-8d6b-bc264191083c	144	1648	88	40	;
a1df3b6c-adc9-4eda-8256-a6c296d38a59	237	1650	210	42	commanded
abe0756f-5e01-4c8d-b71a-b782ef470044	451	1653	49	40	to
c4d37c56-7e54-4a4b-b3a4-ef6dbdf3fa9e	505	1654	113	41	judge
a5531030-ccf7-4ec7-b6e8-e04851daaa97	505	1654	113	41	,
23a08d65-ee9f-4e52-8698-a0d9c6c58395	622	1655	98	40	675
5c512d4b-9ba7-4a48-8aa7-dbfa53fa0660	622	1655	98	40	;
2e4661be-d006-4b8b-a76d-87d2a9e243cd	724	1657	117	41	Christ
d5ddd193-f8b2-4663-8add-cc8f7edb3cb6	846	1659	122	41	speaks
844a155e-8c69-4485-b214-efeb358fe108	972	1660	59	40	to
06573506-ed85-4300-a748-000a80bc5506	972	1660	59	40	,
98518b55-eeb4-413a-99a4-d3af78ab85e7	1036	1661	93	40	675
7217ee2a-ab36-4136-bfdf-11a09c23937e	1036	1661	93	40	;
bd05a363-4e87-44b8-be79-27b3d08fbcdb	1133	1663	132	41	desires
10a2b897-0c7c-4436-b893-95a5aff57820	1269	1665	49	40	of
ebccafd7-c317-4a24-a8c8-223595e0bead	1269	1665	49	40	,
360c4287-0c3e-4790-941a-a04120540216	144	1688	84	43	676
0e407bee-9c94-4168-92db-1a829c1ab27d	144	1688	84	43	;
4eb23b4a-9b97-40c9-ad50-6c08ba506567	233	1689	163	44	promises
3aea3678-c303-48d4-a631-735fefdedcb7	401	1691	53	43	to
d4e87e20-99ff-48dc-a71e-c2cf4085e139	401	1691	53	43	,
be28e42f-237c-4711-81c7-38a44ab959d8	459	1692	90	43	676
97b5a850-5a87-40c8-a7ef-f5a85f195548	459	1692	90	43	;
15f910ac-8915-4ecb-bc26-ccb4f2d49cbd	553	1693	100	43	three
1dbaed85-3520-490d-b4c5-ca154df5ddef	658	1695	48	43	of
20362bb3-dddd-445f-b305-f030b3973cb3	711	1696	37	42	t
a273fc16-65c7-48cc-a817-460d7e7f2ee4	711	1696	37	42	.
dbfe5b32-2bda-4e8e-819f-a6f4ec138977	753	1696	69	43	not
070600e8-5098-4321-bcbb-7064b88e5087	826	1697	43	43	to
f6e16d0d-e455-4dee-a49f-725edf4d70be	873	1698	100	43	taste
693a7283-f2f8-464b-99a3-51db518d3fad	978	1699	43	43	of
512fce11-d851-49d4-aec3-2953285b8b9b	1025	1700	116	44	death
415d4002-7057-4c69-b9b8-1fb92b356e99	1025	1700	116	44	,
34445051-f23a-4928-814a-cdb679f6483d	1146	1701	79	43	676
f65426d0-a715-4040-9efa-baef3b684965	1146	1701	79	43	,
2916f24b-aed2-47a1-8e32-e6da56f5d4a7	1230	1702	85	43	678
b8b50ed7-5866-4570-b32b-ca46fcab5582	1230	1702	85	43	;
54bcac30-f210-42a4-8a80-5b6d918e6e21	144	1726	113	38	Christ
6998f228-904a-4b19-b62d-8ba4fcef536a	261	1727	131	38	touches
d439df87-3f9f-4f86-9f72-8c387bd4c558	396	1729	54	37	all
94536ab6-b597-4b63-b811-b19d4da6f8a5	455	1730	86	37	save
12b1ceaa-2788-4f13-822b-c12f9939ef34	544	1731	104	37	three
42597c4b-e318-4d28-9915-5e98d7ac4ad5	544	1731	104	37	,
e613f743-d4c6-44b5-b4a5-c2a470546728	652	1733	90	37	677
1e18e191-a006-4951-b1ca-11ae66d5bfee	652	1733	90	37	;
60514593-66dd-41a1-8b16-4ca6c64e837a	747	1734	104	37	three
84afa683-8290-409c-8d2b-d798a4b75082	855	1736	63	37	(?)
0914cae2-2536-486c-b745-624b85f3611a	922	1737	122	38	caught
ca718bb3-2190-4b42-9f17-21e5266f6bce	1048	1738	54	37	up
caf1366d-8283-461e-9ef8-63d12a9d039c	1106	1739	77	37	into
87eab7a0-4420-488f-a07b-fbdd7c9a88cd	1187	1740	128	39	heaven
55f4f559-713e-48ec-a50a-2cd3aa5c8a7a	1187	1740	128	39	,
5676a5e5-4806-453e-92b9-1970697b51bd	141	1765	85	42	677
77c76ec2-e8c9-4dcc-92ea-9820977b6783	141	1765	85	41	;
43ef21b7-afcf-473e-a2d3-4b6df6e7e5ae	231	1766	125	42	preach
d9da8c32-168f-463c-ba64-241a88c113c9	361	1768	70	41	and
1938bb53-9f77-45b8-92e6-451087318596	436	1769	140	42	baptize
ecf0c0d6-7954-4b26-96c0-217158aeca68	436	1769	140	42	,
fa30b32a-f866-471a-8439-089f065f5def	581	1771	90	41	677
a5a67afc-d1a5-4c63-b508-1850badab5cb	581	1771	90	41	;
57ddf9e0-3845-4b71-84fe-1eb6543e62c3	676	1772	80	41	cast
f70ad400-1349-4ee3-adea-fa4e48f65e11	761	1773	75	41	into
86e32ec8-2b31-4c48-ad5f-78d61be3dc56	841	1774	70	41	and
5f9cba87-f206-4a3b-85e1-13521b585aa2	916	1775	165	42	delivered
80c99611-dc59-41a0-ab6c-746e8c2d96e3	1085	1778	90	41	from
f307b9b8-65b1-4fe7-afe8-15f36b8d7dad	1180	1779	135	43	prisons
e4245b35-63ea-4d49-a0d3-708e28fb88ef	1180	1779	135	43	,
aa074171-3bc5-4df5-8e1b-fa433dafdb01	141	1803	86	40	677
7c1a2afc-b9dc-4a32-a241-a72dd3e4b3f0	141	1803	86	39	;
79a3874e-18e0-4bf5-8fac-e9dfa80aeddd	231	1804	81	39	cast
452d1772-f0da-44c3-b45f-68e47b602990	317	1805	76	39	into
06383307-0bb4-4a26-b09f-0afc87689869	397	1806	152	40	furnaces
e94e7e5b-daa3-4667-a2f7-20306ede0bea	554	1808	72	39	and
4782992e-e887-410c-a8af-155f617dfe99	630	1809	86	39	dens
ce838246-df73-4129-9b8b-34558922d080	720	1810	43	39	of
e1a6a911-3172-452f-bef7-31208d137f2c	768	1811	119	40	beasts
7142ede8-202b-42c1-8899-21cc812f6ced	768	1811	119	40	,
1c16bb93-3d6f-4456-bc0b-027979d88133	891	1813	91	39	678
3c25f0e5-569b-4203-b62f-ff0bfd716db6	891	1813	91	39	;
fa272c90-7b4d-45e2-a886-11986f285125	986	1814	62	39	the
36ce5161-d986-4015-9de8-c1162ddfb86f	1052	1815	95	39	three
385d3c0f-9955-4247-9fd2-f375278b76e4	1152	1816	48	39	as
7736b54c-934a-4bd4-9324-13692c9bd661	1204	1817	111	40	angels
e2a959c7-2ca0-4fb7-aa75-fec78095edbe	141	1841	49	41	of
e3286d1a-29d9-497c-8abd-bfe4cafe20e7	195	1842	88	40	God
fd19971d-80fc-462f-a296-ca38b789bd07	195	1842	88	40	,
fd08a881-ba3d-40b8-b386-1459d7b52031	287	1843	98	40	678
aef200ea-a4e9-49bc-b900-67c235c5bc4c	287	1843	98	40	;
9606b45d-ac7a-4a88-a2d9-13bb5d14c009	390	1844	103	40	three
ac2f6040-58c8-4187-b041-d4d928bab1bc	497	1845	132	41	caught
8ac2899f-5bbc-454e-ad0c-7ebe5c1f7408	633	1847	54	40	up
f123f314-0050-42e1-b993-28a6973e40b8	692	1848	83	40	into
86117052-1696-471d-8f70-26e89b3cd8f2	779	1849	132	41	heaven
1e4655f5-555e-44fc-8b3e-a20523ca500f	916	1850	78	40	and
9210d615-4b23-4a7e-ae94-c43f6b50ee33	999	1851	156	41	changed
ebf92ebb-f068-4b2e-ba92-e7e668ae184f	999	1851	156	41	,
79b26bf2-4a9d-481f-bebc-fa7ea7087c93	1159	1853	98	40	679
1754e3b4-cf87-4bf2-8b12-33e658b0cdae	1159	1853	98	40	;
6b8d6718-b650-4113-882d-7d14de2a9404	1262	1855	50	41	all
a6102e7b-a5c9-41a4-ab66-b22de140c51e	141	1881	59	40	die
d1846525-1607-4bf1-a55e-cd81ef4a66ee	205	1882	117	40	except
7b4071ee-c134-4af6-ab00-14577ac5356c	326	1883	108	40	three
6f58fd17-7518-4cae-80a7-79d1139df09d	326	1883	108	40	,
37fadc24-5d70-4078-9997-4d2c9946b524	438	1884	73	40	and
2dcf6f4f-2b20-4900-afe6-02a8622aae19	516	1885	117	40	others
e8cbf8a0-e385-49e4-8ce6-b993cff0355b	638	1886	156	41	ordained
522afafa-0291-4321-9fad-d618e2d5e029	799	1888	44	39	in
80e4ab05-c4bf-4238-8084-1e516bdc2ff0	848	1888	93	40	their
df174a5b-81bc-4d6e-81dd-44fb31ed35ef	945	1889	108	40	stead
98803da0-b09f-4852-adbf-4eff8c77b7e9	945	1889	108	40	,
595f9c91-9ca3-4d15-94af-386b17b6e151	1057	1890	93	40	683
b61a6a79-dcb6-4658-964e-4d438eba148e	1057	1890	93	40	;
59f19652-2745-429c-82ce-fe1d6e1dec03	1154	1891	83	40	cast
53a75f56-c85a-4d1c-bcbe-73250ab78fca	1242	1892	70	41	into
8ca4ca4b-074c-41a7-91dd-720be6f61a3f	141	1918	74	40	fire
ea68f0b0-008d-4ea1-a540-012df8d68787	141	1918	74	40	,
5c1780e6-42ca-49e9-b5bc-8a893306f6d3	219	1919	93	40	685
7054a2e3-6532-427c-b3ea-83b9f68c9367	219	1919	93	40	;
50a35fb2-7201-43ec-96df-9b34c0a8993e	316	1921	44	40	to
6fac74a5-3bab-4aa0-86d5-767ccc1e1fe1	365	1921	108	40	judge
f694ae84-7009-4286-b7dc-16ef7132acee	477	1922	117	40	people
a3835350-d407-4c77-9acb-56d8b2028381	599	1924	44	40	in
b0c1e75b-2bd6-4a28-a829-04633dc86db2	648	1924	78	40	this
ebe13f99-5373-4344-910e-daeaf7cce064	731	1925	93	40	land
d1b88e9f-9534-46f2-af4d-692890efcff0	731	1925	93	40	,
e1f312b1-14eb-48d9-bb91-f50b71925154	828	1926	93	40	694
028467a1-78ae-45f5-b932-0ff19e524e31	828	1926	93	40	;
a736d0d9-ddf3-4d2a-a1aa-5775db7388ef	925	1928	49	40	in
dd8ab79b-27c3-4bd5-b989-838277147200	979	1928	181	41	Jerusalem
f3ad566f-d062-447d-b9f0-6830212b18b8	1164	1930	44	40	to
4a7fff01-2f08-4e05-a051-3811de9f344a	1213	1931	99	40	judge
d642201d-1279-4792-a73f-9653d1f9ed90	141	1960	113	44	twelve
20836232-8c55-4d24-bcf3-7b4c3c96d5e1	259	1961	49	43	in
e49b32d0-c475-4e44-a217-4fd1fd251dad	313	1961	81	44	this
e6520612-60de-411b-a189-7676be2f8db8	399	1962	92	44	land
138812fa-23e4-4979-ace4-f336996f3cd7	399	1962	92	44	,
5d332ce7-b553-4e71-ac47-bd200d7ddd3a	496	1962	92	44	695
f68ed9b2-7ac6-4cd2-8b36-13db715d1c9a	496	1962	92	44	;
c55e445c-7094-4c2c-854c-1081a84acd80	592	1963	118	44	words
cc6c8225-6122-4714-ac2a-f667028201ea	716	1964	43	43	of
423ce332-c832-49c9-b1b3-d8de0f6a1eba	764	1964	118	44	Christ
da837724-532a-4a64-98c7-f4a0dae95886	888	1965	54	43	to
efc9bb01-17af-4b62-bb5a-0c092b3ae6e2	888	1965	54	43	,
b5c0ee8a-9171-459b-bbfc-87cb7a21e10b	947	1966	92	44	760
4feb6795-264c-49f4-b554-1ac2ccb26fee	947	1966	92	44	;
d34ad4c3-d9e7-4237-8a76-39cebe5aa900	1044	1966	118	44	power
0f7e5128-3361-4650-a876-f105a7004bdd	1167	1967	97	44	given
19a74143-7d00-4190-b3b2-ba2ee7b070b4	1269	1968	43	43	to
341d8580-5c00-48b2-bb50-93fdc2dd68bc	142	1999	77	41	give
cadc5b36-1e42-4540-a14e-801090f2e8d7	224	1999	92	41	Holy
1c9f1057-9e30-4400-8d4f-607d3937b0e3	321	1999	123	41	Ghost
8dd55180-5c38-4190-80a3-431bd3577245	321	1999	123	41	,
a9180749-ebcf-4835-a501-68bb0cc986e8	449	1999	73	41	760
3a04fa17-ada2-4e02-a370-a9e59f9d2cbd	449	1999	73	41	.
5129d9d0-ce80-443f-84b5-6e9dfc089551	107	2034	185	42	Vineyards
f0c67e4c-d5f7-4a8d-aef1-a2b730353cf3	107	2034	185	42	,
15e6a39c-5531-4473-a698-fe5d2bb52cd0	296	2035	105	41	Noah
88f4a18f-c0ba-4d5a-807e-5caeede4824d	406	2037	122	41	plants
e4d7ac15-a180-4230-924e-7398274cd9c7	406	2037	122	41	,
4e09fc7b-3e7c-436f-bb22-97a1e49eed0f	530	2035	93	41	241
c1b6ab11-d661-40e0-a784-70abc1c0baa4	530	2035	93	41	.
