ID	X	Y	Width	Height	Text
9732df98-8814-410b-857c-55d9aadd07b4	97	116	72	38	786
e36a26da-3d7b-4592-a18a-8559e5c66331	465	107	154	41	BOOK
675a1239-2e15-44a4-bf1b-84a1a376a54d	624	107	87	41	OF
c5414bdd-621e-44ef-9bf1-90a3afc6f12d	717	107	230	41	MORMON
6ccc8277-fba4-4d61-a432-d26e59e67326	717	107	230	41	.
55b977b7-516b-41ac-8654-ad609d6bc9ef	141	190	124	45	depart
9bf22edd-4b0f-454c-856b-06293c651eb9	270	189	87	44	into
e7f7ad8e-e66b-4a4b-97b6-375098f204ab	361	186	205	46	wilderness
8f1bd63b-e5bb-4d07-9e8d-90ff02156a3e	361	186	205	46	,
84170033-00f9-48ee-a13a-1ba6396d3eaf	571	185	97	44	716
daba15af-6b22-46c5-9a11-7ad4522ab140	571	185	97	44	;
cfc258a5-58ce-4efc-9128-57a88a750609	673	182	189	46	chastened
42594393-65d4-4ce8-9359-9827ac3b019f	866	181	81	44	and
8245729f-f71e-4dfc-8a49-9480d7b93599	952	179	151	45	repents
0fb1ebdc-94b4-4792-93b2-83c6bac5b212	952	179	151	45	,
7ba326d8-7737-4343-a8f3-37312a6d5bca	1108	178	103	44	718
eca50316-b2d7-42f9-a0c9-7118d6154679	1108	178	103	44	;
af70141e-f983-48d5-906a-548b686d98bf	1215	176	100	45	molts
c8d5a212-9719-4e19-a60c-2c5e2b109d8e	138	224	114	41	stones
592f7bdd-a3ae-4143-83bf-661d583f2d53	258	224	95	40	from
e57c015b-2a6c-43b2-a538-ce407f954de2	358	224	145	40	Shelem
1c69c4ff-2e37-4f3e-b5b7-1d4af8f2cbd6	358	224	145	40	,
48a3cbbb-be90-4081-8913-8f58e8861c65	508	224	90	40	720
c96d0d45-4066-4987-87b2-3636246528d3	508	224	90	40	;
0788491e-e3e6-4030-b045-50deaabc7891	603	224	80	40	sees
edafcbc0-0cbb-4a03-9901-0871874bed87	688	224	110	40	finger
b80b6735-3eb6-4606-a3ab-7754c121fe9c	802	224	45	40	of
b3561ae7-1894-4ffb-8b53-cdf34e090c3b	852	224	105	40	Lord
2c2c4e6f-a45a-4077-972f-ffbc34e2ebdc	852	224	105	40	,
785ef57e-81c3-4ff7-9177-2540243be2b3	962	224	90	40	721
0a224ce1-1430-4989-8174-301495183d12	962	224	90	40	;
4d9f3002-52c5-41d5-8860-0588288838e9	1057	224	85	40	sees
112cb283-b2b0-4a06-82a8-3c0eabeaf6a0	1147	224	65	40	the
9f942355-cb10-41d0-a632-0b5022175cf6	1217	224	97	41	Lord
a9985c82-9432-4a5d-9343-baee3787dc19	1217	224	97	41	,
f580f217-34f3-481b-afaa-8c483ea29768	141	267	85	41	721
45d3bdf9-d2a6-451b-985a-9d5871be52dd	141	267	85	41	;
1d004906-24fd-4bf9-925f-035677952a2c	231	266	100	41	could
665fc609-ce22-419b-8629-6bfa480728a6	336	265	65	40	not
8056a633-afae-4046-a240-bd7174c8b502	406	265	50	40	be
29fe5b86-c564-4a13-9827-3ba2d4780818	461	264	80	41	kept
6210e586-b476-49c5-b6f9-b26f8f2a70d3	546	264	95	41	from
397d98f7-790e-4a35-8ae1-d79f326cbe80	646	263	120	41	within
32284ce3-3a30-4ecc-9faa-e9c3790864e6	771	262	65	40	the
772b34f1-9ff7-4ac6-b422-087afe94f9b9	841	261	80	41	vail
b6cc03d7-613b-49f3-b144-3fa204159123	841	261	80	41	,
77a93a24-349d-4e01-8d26-f5f4ac581ab7	926	261	90	41	722
654f4410-78e9-415e-9354-149b36f6fe28	926	261	90	41	;
30b92231-764d-4f05-9086-f0e694eef934	1021	260	105	41	given
c593b82b-4f5f-47c5-87d6-4967c1db8c8f	1131	259	70	41	two
6ce94ac2-79e1-44f1-b740-a0782fdf863c	1206	258	109	42	stones
00b2da20-5361-4d31-86c3-0870f4645ec9	138	302	46	41	or
2d7c158f-7625-4784-8f02-b69e3ce13c9a	189	302	220	41	interpreters
98230ac3-dc14-4bca-9b56-6aa2588ccaeb	189	302	220	41	,
bb238710-4e1c-49b9-ba48-a672ff916734	414	302	77	41	122
c738060d-597f-44bb-a5bd-1a56cbff3f20	414	302	77	41	,
72f928ed-68d1-4d61-8ba8-339606ae9a49	496	302	92	41	723
4405cbbe-281a-4d22-85b9-3190d8369895	496	302	92	41	;
c93ff762-2668-4c46-9d4e-876f43b76b9e	594	302	205	41	commanded
3faf225c-d17b-4816-9540-5f5ff68e340d	804	302	46	41	to
b9a82361-67b3-4d4b-bb75-fb94f784b0db	855	302	97	41	write
f2c04b62-f2a7-4b65-9ea1-3d90e080dfa7	957	302	77	41	and
33de0064-fc96-47a7-8bf0-d0fe61ae351d	1039	302	77	41	seal
cbe5036c-6088-498f-bf89-ac2543828eb3	1121	302	51	41	up
34817f0d-9ef1-43c4-abf1-d35156dc5da2	1178	302	137	41	records
9c3b6e26-fff2-417b-a2cf-434efc00e817	1178	302	137	41	,
d4042bcb-eb48-4e6f-a2bd-fa4755da1724	141	346	82	42	722
ece586c9-5011-4710-92be-2fd058cba6b5	141	346	82	42	,
b83e403a-a751-4a3f-84e5-a969723cac74	228	345	103	42	723
f17543ed-e284-4905-b03d-3fde8dd8f95c	228	345	103	42	;
b95eaf98-0b8c-4768-aeee-c9718a96fcc1	336	343	215	43	commanded
01a0e813-2720-4dbf-966e-b23c7ef0bda2	556	342	57	42	to
8a8cb955-3e58-4457-acd5-41c9168ab60c	618	341	103	42	write
ec018a5d-b058-414a-bde9-9ca9e6dbe74b	725	341	57	42	in
f2823b10-fd0c-4364-875a-1cb0e30f1501	787	340	41	41	a
e1b69c25-4a33-4514-bf7d-6bbe73a657bc	833	339	169	43	language
930fef7a-1081-4f35-8dd5-6f4964ec06b8	1007	337	221	43	confounded
6e113043-8753-437a-8a78-9432db8c0587	1007	337	221	43	,
857ef27b-6dcb-4adb-a1ba-df62a3add626	1232	336	83	42	722
308989d1-9030-4b53-acf4-fabe57232ea2	1232	336	83	42	;
3da477c6-3ddc-4842-8821-a3c79764574e	142	378	118	41	shown
d096709d-d3c2-4a71-860f-5f03171dcacc	265	378	56	41	all
abad4ed6-999a-4284-b4b1-a4bf117162a5	326	378	210	41	inhabitants
171d3e9e-a159-4126-8c79-56c32acd4f69	541	378	46	41	of
d25b31d9-b705-427c-9f2d-0b7fd5eb4818	593	378	113	41	earth
3651360a-26c5-4434-b8e3-e9aae4980f7c	593	378	113	41	,
d9cf7d9e-f25b-460f-b2bf-f0cc2816ca4f	710	378	92	41	723
e2f5b793-a3b6-44f1-909a-d7ca5a8b6e3b	710	378	92	41	;
e8e8d544-f8cb-488c-8f3e-d45bdc382de8	808	378	56	41	to
b2cd84f4-1cf1-486d-b478-53918008e122	869	378	77	41	seal
2571d20c-9042-473a-b516-fddcd42cd3be	951	378	56	41	up
da7e0d63-8679-4c61-a4c9-eb0c7f904ca1	1013	378	82	41	two
5426d394-1858-44e0-9664-e676df8a1d4f	1100	378	128	41	stones
07992c38-bbd0-4c62-b972-fd9de208adfd	1100	378	128	41	,
bdc7580a-ae47-4172-a5fa-b69f814d8742	1233	378	82	41	723
e7b1a262-cd6c-4b1b-90c6-ef849760d6d3	1233	378	82	41	;
cc1357ca-5596-47e0-a738-da3039b9f8f3	142	419	87	41	puts
990cc0a7-6d5d-4aa7-b3da-a5ea2d0e8f89	234	419	123	41	stones
c896d261-3bf8-476e-972e-ff3d77d5ee87	362	419	92	41	into
f60e455b-3bf0-49e2-90dd-1aafd18b32ce	459	419	138	41	vessels
bf9045ef-b90a-41cc-b421-8ef3ed700d04	459	419	138	41	,
8ca25143-97d8-483d-bef3-467f3441be0c	603	419	102	41	726
f27432d1-8aef-49ef-803f-8672d6d5c19f	603	419	102	41	;
683c7b0e-a961-4495-b33f-05900233c18c	710	419	159	41	embarks
089d0b40-33eb-45af-8500-39bbb882fe6e	874	419	67	41	for
3f32649a-5b0e-46a2-a3eb-bfd430136343	946	419	169	41	promised
ba007efa-b7d2-4833-aca4-afbb6f0bb840	1120	419	102	41	land
e5e4c1d4-8d0b-4ad1-9307-c6a710bc8060	1120	419	102	41	,
4116fc14-b348-49e3-8b18-4f3b9ade7162	1228	419	90	41	727
dacf973d-b63e-45a3-98f4-f95522c7a8a8	1228	419	90	41	;
f332fc20-0fa3-403b-9b21-02cfa66a4517	142	456	77	41	and
a0039524-a14d-4dad-97c7-c51e36478e16	224	456	118	41	people
1261b1fa-76b0-41e0-848d-c42b36f09cc2	347	456	108	41	reach
a26c5938-bf40-40b8-a8ce-c7ef3ce49aa5	459	456	169	41	promised
a8369803-75e7-413b-a8c7-29742db5d259	634	456	97	41	land
939c54ef-2c66-4446-8028-70f5c430725b	634	456	97	41	,
d79dac57-1e1b-4f17-a208-ef2e75d12fb4	736	456	92	41	727
c78ca3bc-64af-41b1-b972-bc2b4cd4c6df	736	456	92	41	;
95c98477-104d-4b2c-985a-01c3a4ea6726	833	456	123	41	begets
200ef219-1f32-48a9-87f9-8aa130552d74	961	456	87	41	sons
35ca5acb-129e-4f3f-8615-32147cb45f5f	1054	456	77	41	and
33738132-104f-48d0-a856-41d437c5996c	1135	456	182	41	daughters
618b7e91-2919-457b-9f3f-9207f78690e9	1135	456	182	41	,
60ab810d-9e8d-4a71-9f7a-73df25072cc8	145	497	92	41	728
0b1605c7-ea4d-4a0e-95a7-64b3e3e97142	145	497	92	41	;
a05153e3-a14b-4ce2-9a9c-ec4760d3ed81	242	497	143	41	number
59d62095-3093-4928-a24d-76bde7c2f3ad	391	497	46	41	of
e9fa3343-f5b0-46e3-8d5a-311c48419d11	442	497	92	41	sons
e8eec9c8-96bd-4b57-9082-108327cb935e	539	497	77	41	and
a93646b8-9707-4536-8795-efc63066f4c0	621	497	195	41	daughters
4831d947-729b-4988-b9c7-bf3f7eab49a8	621	497	195	41	,
ecd3b52e-416b-4ff2-8c4c-e6ed891bdf0b	821	497	97	41	728
c3bf78c4-ec7f-4140-827b-57430eb0516b	821	497	97	41	;
676cb5e0-d20e-4866-afff-f976eee9c415	923	497	128	41	Pagag
8491a0e2-e716-411b-b83b-cac7495fb002	923	497	128	41	,
8b94c631-8018-49f6-8d30-9b607a496fd3	1057	497	77	41	son
670cd4a4-9c6f-4cba-877c-58ffcb091399	1138	497	61	41	of
92a17d2e-de84-4f21-b437-f3d851800880	1138	497	61	41	,
d20c5901-8e9f-4201-82d5-371086afb263	1205	497	113	41	chosen
3240decd-480f-4656-b605-a24a020db66c	142	535	44	44	to
1de9285d-705c-4e2c-9ded-f82c22e51e09	191	535	44	44	be
58d18d91-8116-4692-8df7-9ebf6c67bcc9	241	535	93	44	king
80c9962a-5da0-4a7d-b3cc-7be596136abd	241	535	93	44	,
8fd760fc-5b14-4790-b1b6-d4aae4d7b436	340	535	137	44	refuses
521c8b0a-43f2-4ede-8f41-a9605f0e7f9f	340	535	137	44	,
fbdd43cf-27a3-4d66-a1ca-c149971ccf9f	483	535	82	44	728
b9c03a44-d7cb-40b1-9864-5f8232fa5d60	483	535	82	44	,
9c57242e-7b7a-42fa-b67a-6017b723899c	571	535	88	44	729
bf84d1ec-662a-4454-89eb-f52fc93277ea	571	535	88	44	;
be18e737-8a61-48dd-b4c0-a324a8404213	664	535	88	44	sons
cf0bfbda-96a4-4099-9d60-d8aed5080760	757	535	44	44	of
14423e0e-7ec8-4d52-a576-f27b9ee88143	807	535	110	44	refuse
2daab951-f99d-4df5-92cd-49e4c01e23dd	922	535	44	44	to
a0ec4522-c78a-41f6-9f78-c706f209c3c6	972	535	49	44	be
1478a186-6339-4253-a878-0218525fbc06	1027	535	93	44	king
70410ed4-143f-4e42-a18b-87728a50affe	1027	535	93	44	,
bb56bd10-c93c-406b-8446-f6ebc0e496ef	1126	535	88	44	728
24b02a17-976c-4750-9c5f-cdfbe881fd32	1126	535	88	44	;
63b46a87-3953-43d6-bfdf-dd8d712fe9d0	1219	535	95	44	death
c9ffc6f6-65cf-4872-b009-7611e374d6ed	145	576	57	41	of
65df204e-c5e5-44fb-aa91-4b5fa800ffe8	145	576	57	41	,
7c061b84-a441-47eb-b341-9662f04306aa	206	576	97	41	729
08f43a9b-befc-4c01-aaa2-3f084403c5fb	206	576	97	41	;
44967868-cc5e-4b59-a7c9-02c70500bdd2	309	576	205	41	descendant
5b3dacac-34ea-43bd-8865-021073b70748	519	576	46	41	of
288fc2dc-0551-470e-8de4-1e82a98d91be	570	576	149	41	subdues
d1096b09-a3a5-4399-9567-c10bc1bd6011	724	576	133	41	Moron
86f34fe1-e6b6-4bd1-b7be-e0bcbadb9a4e	724	576	133	41	,
4c5f9999-1bb6-41d6-b2e1-20cb625fdbed	862	576	97	41	745
e57f2008-1748-47fd-a45e-2166d4cd8ea3	862	576	97	41	;
e8818fb4-3038-4ecd-9e76-c6656c90fded	964	576	189	41	commands
96b837e0-6e2a-49fb-84af-a1b997b0f78f	1159	576	159	41	mountain
0830b7ff-b049-407a-9424-a60b9a511a9a	145	614	46	41	to
a5b6ec79-01f4-4997-a9a4-828098717977	196	614	46	41	be
52b6e76f-af92-49fb-b260-f0ffef289572	247	614	128	41	moved
f5ddb3c7-a637-483a-82aa-b497143aad4b	247	614	128	41	,
d198a983-b9c8-4e0a-8760-309718418328	380	614	82	41	748
71a9336c-b7ae-4ad0-8bee-3f4a5ed56f23	380	614	82	41	.
b6750e87-ff98-4d64-9ecf-d2ffe8cfde34	107	655	113	41	Burnt
14ed3832-8d7b-4043-97ab-9d2f6780fa63	225	655	159	41	offerings
1b5b0dd7-284f-44fd-9fd3-7b8a98f0863f	225	655	159	41	,
59fba299-f76b-4083-8759-3f60eace011a	389	655	123	41	offered
e9ec66e5-4b07-444d-9a2c-cef398e9f1fe	517	655	56	41	by
18e0ae86-db5d-485b-b878-c298668e1cd9	578	655	92	41	Lehi
77169f3f-159f-43c1-a01b-ce3d9702cd82	578	655	92	41	,
dfa8a625-a0eb-46cd-b8c3-4b4bc92e1389	675	655	61	41	14
b09c7a84-c39c-4239-ae49-bcc6ad3dd0d2	675	655	61	41	,
45eac1ab-ae71-405e-85d2-804c3efc73e3	742	655	60	41	19
bc752551-3eb0-4320-86b9-3dd93192c423	742	655	60	41	.
85750354-7099-4bc0-bb29-d3d70009ba25	107	698	95	42	Cain
1212eadd-7d09-468e-9217-f3efd71642e2	107	698	95	41	,
ba5e3a0e-208f-4daf-85a1-826a40a81342	207	699	83	42	733
0cf255fc-5687-45be-9ea0-d9504abfdb42	207	699	83	42	.
5c239b8d-374a-4d60-89bc-8eebe3653b99	107	734	145	41	Cement
7c310060-9bd2-45f4-97b8-17fe4f30a1be	107	734	145	41	,
3913e549-3ce1-4ddc-a0ef-aefaa142fea9	257	734	120	40	expert
e7797ba8-f338-4e13-97e0-6d4da10fb604	382	734	50	40	in
564cd645-6b1c-4bcf-b55a-3e2e8945ae3e	437	734	70	40	use
6c7068c7-f1ca-4a1c-8d69-fb46a74b1800	512	734	55	40	of
777b6325-2051-4651-8e01-0b2590cf86f8	512	734	55	40	,
4c32b641-1fdb-4d86-aa46-5bd5051c7cbf	572	734	79	41	549
2287a7a4-844e-4f82-81d3-98a3b998b3a7	572	734	79	41	.
940daee2-00a0-401d-baf4-491091d88fd4	104	771	160	44	Cezoram
f30ba964-4e0b-442d-be0f-0be8ad741f97	104	771	160	44	,
75d3948a-cb6f-4215-abf8-37f8ba0e3935	269	771	104	44	Nephi
1492b444-7629-4869-bb66-5272983ccaa6	379	771	137	44	delivers
fcfa5549-b4a1-4cb3-a386-715443f10e64	522	771	165	44	judgment
99a3b26f-c14a-4b89-82dd-d8f296cbe4ce	692	771	71	44	seat
271e519a-9553-4105-b32d-195fe20da452	769	771	55	44	to
01f3ed08-c2c7-4d59-a64f-eb4f0329a189	769	771	55	44	,
4abd2568-78ef-4769-b626-44798111b600	829	771	88	44	555
202b8a8f-c906-4258-b370-79031b7e2b54	829	771	88	44	;
f5b43429-5265-494d-ae2e-7bc70136cc8a	923	771	176	44	murdered
a5fe9eee-b6ba-42c7-9ae8-d3dd48c49f0b	923	771	176	44	,
da3207fc-0f5d-4e82-81ad-9b594ad1a93b	1104	771	66	44	563
2e346aa5-9ef4-46f7-9e01-f6e8642cb989	1176	771	16	44	;
343cb22d-90b7-463a-bc77-dc79767174c3	1198	771	66	44	son
ff83f45e-822a-4c23-9ca8-61633d65d234	1269	771	52	44	of
e0507c3f-3dec-45d6-95ed-ec8d8a7c8a6c	1269	771	52	44	,
b1c6b67e-7cc2-4f7b-8977-ff8ba95bcbd6	145	812	171	38	appointed
f98c0a1b-d392-4604-b696-3217fcd0e419	321	812	100	38	judge
190df866-76cc-4758-830a-0bb3b62ee17b	425	812	76	38	and
29d2214a-8f42-4b6e-b4c4-0833adc37062	506	812	176	38	murdered
775e47bb-b509-415f-94b1-d0edfa8692b4	506	812	176	38	,
a187bca1-7e86-4fab-a445-98adbc8aca4c	686	812	75	38	563
9d76c5fc-29d2-435e-9f50-d9543ae626c5	686	812	75	38	.
04e4339b-23c9-433a-988a-4f5d02f72ac5	110	850	148	44	Charity
a8908e9b-4e05-4904-9397-0feffee7fe0c	110	850	148	44	,
856b2526-bff0-4783-b857-0e92000d87aa	264	850	66	44	all
4a03c6fe-a575-419e-955d-0ef2fcf1b188	335	850	82	44	men
d48acc8a-5849-4350-ac29-ffa81fa84d27	423	850	132	44	should
470eba1f-1224-4446-9986-dbb4fa85060d	561	850	104	44	have
5c84d31b-337e-4237-81fb-0f7117aca9d1	561	850	104	44	,
9f3567e6-6b67-47f4-adca-c78a72adb57b	671	850	99	44	147
26584091-86fd-4055-aff5-6f8b60b7fe54	671	850	99	44	;
0c7fd388-5f89-48cd-af21-6f9a9ea3d42f	775	850	115	44	Nephi
a5abe9e7-f982-4995-bef4-3ae6fe983b6a	896	850	82	44	has
ae02f2ba-eaa6-411b-9434-58f49ea97b13	896	850	82	44	,
80217f32-4e61-4eda-ae55-33d2223779fd	984	850	99	44	165
20702537-1f32-4a76-9ce4-3c351b0ec3fc	984	850	99	44	;
5d82be60-6690-4a87-8fa4-8e565423dd8a	1088	850	143	44	defined
e040e171-8279-4280-9918-e4d34a0137c1	1088	850	143	44	,
c219f314-852f-41ce-8cae-cff27c0fc537	1237	850	91	44	768
5a97e01c-fcf0-4df4-a29e-672521583877	1237	850	91	44	;
006c40ae-9eb8-4e53-8b24-f624c6780650	148	881	67	46	can
91714321-d1e5-4a51-8ac9-7c3e31fe2209	219	882	72	45	not
fb2ed12b-d1fc-4fce-8f2a-c51fe89354a6	296	883	50	45	be
e02d3cd3-eb96-44c0-9b0b-ab69a092f9eb	351	884	111	46	saved
804da7bd-8dad-4379-93db-6a36c5a1682d	466	885	154	46	without
16bb113d-cfbb-4d65-ab8c-56ca8747ff45	466	885	154	46	,
d5cdc587-0921-46f5-a971-4ee39ca4769b	626	888	76	46	776
4b35a6f0-e859-4ab5-b64a-1f833a21e88e	626	888	76	46	.
1a56c744-7837-478d-ac69-70585f664382	110	929	159	41	Chastity
287ea917-e03c-4991-af46-838c58b2d3fe	110	929	159	41	,
e3c66c15-9e31-4d21-b291-7f394e004142	274	929	77	41	God
949f7bf7-88ba-445b-963e-a9a4820e8c51	356	929	143	41	delights
4d2c1aaa-6cce-4f63-845f-f5aa3a2ce05e	504	929	56	41	in
797ea1d2-6698-457b-a5e3-665fc62e2c39	504	929	56	41	,
7e21607b-5aa0-449e-b0cb-e6077e231a1e	566	929	79	41	172
124716e8-f18f-4a18-8320-d236afa7ac1e	566	929	79	41	.
2de96424-3b5c-4df9-961e-da2edfe4f312	110	967	165	41	Chemish
0b5b5724-c750-49b4-a2bd-13adb354b054	110	967	165	41	,
00cfb892-33ba-4fa2-8cba-f21925a9c07b	280	967	150	40	receives
4169144a-cf92-4c52-8bf4-21a23bab2eeb	435	967	115	40	plates
be10de66-3ab3-46ce-b99a-64a93954cbf8	555	967	100	40	from
4dda7dc4-4e9e-42e3-978f-3f9b27407b6f	660	967	160	40	Amaron
7e6d49dc-d3a4-469b-bc7f-0417e78a3023	660	967	160	40	,
a0e814f6-9003-484b-af80-6940829365df	824	967	95	40	200
75eeba61-302a-4830-b8bb-b580160785ad	824	967	95	40	;
3d46a4be-13d9-43d5-8e31-a7a02debf5f5	924	967	125	40	writes
151703d9-68ba-441c-8cf3-bf3a216286c1	1054	967	50	40	in
8c772f10-d126-405f-b639-6e2f9f672d3c	1109	967	100	40	book
bac543ba-c048-47b8-9787-9b4be843d8f9	1214	967	50	40	of
580c6592-6f86-40e8-8b2d-2c87b8cf025d	1269	967	55	41	his
d3078510-95a5-4afa-9e2d-0b7ea1dd71b9	148	1011	143	38	brother
afdd4112-a1b2-416a-b46d-ec88473f28c7	148	1011	143	38	,
0f654c55-52b0-4111-9865-003ede8e1194	296	1011	78	38	200
277b9c92-267f-4f00-b652-15117de1b6f5	296	1011	78	38	.
3c4ebf05-3a5a-47aa-b84d-700f95402dc8	110	1048	109	38	Chief
d929c30a-84db-4d8d-8f6a-56997eb4338e	110	1048	109	38	,
1bc9e5c3-5ecd-4a6f-9472-f76328138950	224	1048	52	38	of
7943ba58-66bc-49ab-80a8-f6ce284ec825	281	1048	100	38	tribe
c3293188-8024-4c64-8c48-c496fa59b839	281	1048	100	38	,
9300f793-1bca-4628-975e-a542d1b41c37	385	1048	80	38	620
6f8a8f37-9cba-428a-8b49-79cc6d66bf9c	385	1048	80	38	.
f044b036-4477-40a4-952b-5b0f4d3ac6bb	110	1086	166	38	Children
6eebf05a-79b1-4baf-8a49-c29f5bf7aca5	110	1086	166	38	,
a5e9b455-dda9-4f5f-bf00-c76046c4df1a	281	1086	81	38	born
51168cc4-8b64-41f8-8d4f-eee2c82e762e	374	1083	57	41	in
9cc9a998-ba01-41ba-972a-03c6876acfc0	436	1083	200	41	wilderness
3fd9d631-c880-4e68-b7f1-21543074e687	436	1083	200	41	,
b6971a53-c951-4081-a613-a5ba538bbbea	641	1083	77	41	52
44262eff-46c6-4a5f-895b-a0e568375faf	641	1083	77	41	;
a5c2c9dc-705c-48a7-b651-9c8e4ea528c9	723	1083	189	41	confidence
54df6318-2950-4706-ae60-cf6159e2e681	918	1083	46	41	of
eaafcc73-265e-45ff-958b-38dc88bd2546	969	1083	92	41	lost
25bdc493-8d3a-4b0d-993d-89c4f8849e94	969	1083	92	41	,
7d8e9f7c-9663-4374-957c-4f5fdd1e4e2b	1066	1083	97	41	172
063bc5a4-7021-4ef8-aaf2-4691249a7950	1066	1083	97	41	;
c25a4a28-b495-4ff6-9260-c1c8413621bb	1169	1083	159	41	husbands
ff14b1a9-eb27-4bff-afe0-1d01fb3d8200	151	1127	70	41	and
e1fa077a-cc7c-4e7b-81eb-716f2825d60e	226	1126	105	41	wives
2dc788d3-4396-47dc-a41d-9996b1afc24d	336	1126	95	41	love
865b7dc5-19c7-4e96-868d-15a7f7c187c7	336	1126	95	41	,
d9b422c0-7e73-4e56-b7f3-4617ad991f22	436	1125	90	41	174
91bcf1e1-2ec1-4d6b-8df6-8f88078d22c7	436	1125	90	41	;
c5e1675a-1872-4ddc-9456-75ade5627d9e	531	1124	110	41	speak
87ccb861-59ad-4f52-8fed-b9c3785487e5	645	1123	180	41	marvelous
60de7876-c07b-4554-bb0c-6c30d4b10c0c	830	1123	120	41	things
1ca5a45e-cd02-43e6-a595-e41b78a1ab93	955	1122	45	40	to
9ccda97a-3f7d-4e5c-ad63-8fd89d6aafdc	1005	1121	145	41	fathers
0211301c-8e1c-41e6-b7b0-ed60e3d3eceb	1005	1121	145	41	,
743d0054-7bde-462c-b18f-2f249f0e2bc8	1155	1121	80	40	671
abfad2ec-b2ab-4d00-8c99-c23b5050ca28	1155	1121	80	40	,
7d32fbb3-c237-4e46-bba0-b4523f7a5b37	1240	1120	87	41	672
31d6703c-2e3e-4ae1-acc5-716cc8b9ee18	1240	1120	87	41	;
4755c96b-c7b8-4d11-a510-b9e7a523dad8	151	1159	137	44	baptism
0c293dd8-1fef-47e0-9274-d9e529311549	294	1159	44	44	of
ec1dd409-06e1-4bb4-b727-89d9baa7918d	343	1159	104	44	little
9d162ed2-9b34-4c7c-a219-3c6c397f00ae	343	1159	104	44	,
db14631d-f3a6-405c-80ac-cdd0af52a802	453	1159	33	44	a
80687fb5-d395-4efd-9096-7272160a9b45	492	1159	99	44	gross
7e6ef157-6100-42b5-afa6-5e77a5d979bd	596	1159	104	44	error
2f190229-861b-48b0-b824-b2c9942a9423	596	1159	104	44	,
db5d3c39-a91a-41b4-9059-330956644a31	706	1159	93	44	769
378c7c66-580d-4d4e-b187-16be5bdda683	706	1159	93	44	;
56f5429a-7fd7-4bfc-a2a3-001c26f497d9	805	1159	104	44	little
81db8fdf-88cf-4d0a-831a-837fe6547ec0	805	1159	104	44	,
8c3bf7fd-72f0-4076-8914-d9060aac9225	915	1159	93	44	alive
45f6e60d-6a64-4b9e-9332-30491b3e94f4	1014	1159	44	44	in
76f68969-f96d-4884-9de3-4274769913bc	1063	1159	126	44	Christ
6eb6e6b3-1516-420b-922d-37557a79607d	1063	1159	126	44	,
a5f5d36f-c52e-4476-8d5d-a02ae62bded8	1195	1159	79	44	769
c55ebe1d-6aca-4f92-a04f-6f97775e2911	1195	1159	79	44	.
120f1da5-62de-4388-9371-3d9f2190ddd9	110	1199	128	41	Christ
1aad5bd2-8f9c-4027-9134-78519ada1332	110	1199	128	41	,
c8042995-d2f6-4762-8f49-509a165c9fb3	243	1199	118	41	people
ba1bc020-2045-4870-9a98-77306ecffd50	366	1199	128	41	believe
07e15aa5-c97e-4a51-9829-5cb2a2721f63	499	1199	56	41	in
113e4900-de41-4598-8823-44f4843349f3	499	1199	56	41	,
010abd1e-c074-439b-8718-ab2eee7fd87d	561	1199	92	41	143
60be740b-6bba-4580-b6b6-c2b822d76af1	561	1199	92	41	;
3d3b3217-6042-4f2d-a08e-513646fdf4bc	658	1199	102	41	made
65e2f580-3df5-4f82-ba22-c5af38f0257c	765	1199	92	41	alive
7f844cc6-a391-424a-89fb-56a7c41da17d	863	1199	56	41	in
fb40ef8f-fcdc-4dcc-b4d1-da489519b475	863	1199	56	41	,
aefd7a64-3f6f-400b-8276-cd976e04700f	924	1199	92	41	143
6b3c00b1-46e7-4f49-8cfc-8081161b7019	924	1199	92	41	;
754e9e9d-d9df-44ca-8cd4-8268e3524021	1022	1199	138	41	preach
246c8af5-877e-4f01-bb2d-e0a597388f02	1022	1199	138	41	,
80f222a8-6862-41eb-b03e-9d4f5baf26ec	1165	1199	87	41	talk
d368e266-17b0-4fd9-84d9-d96933e0a2ad	1165	1199	87	41	,
d1ed02c5-f750-4a7b-a34d-8cfdc7166742	1257	1199	67	41	and
8c757c34-0f6f-45f7-99b6-4fc8c2975b62	154	1243	95	41	write
6d9b6be9-febd-4885-b46e-284842ee959f	254	1243	60	40	of
17a3e86e-23f9-4a20-89ad-c7f304b24c84	254	1243	60	40	,
6f1a9d9c-16d9-40fa-a68e-ecf4adb43ea5	319	1242	90	41	143
21a1baa0-11e0-4e85-a063-8f069ae7fa96	319	1242	90	41	;
9807fabd-d137-45b0-bdb6-eeb6c6ed50c8	414	1242	70	40	life
63cd62da-5da8-4556-964e-8814f7a92558	489	1241	60	40	in
e11b756e-844b-4246-b8cd-d416312f1c21	489	1241	60	40	,
a1639b9b-a970-41df-ad70-1e4cf6814656	554	1240	95	41	143
ae839ac7-3244-4369-8457-9f67ac4df8cd	554	1240	95	41	;
ef33a611-9965-406a-b5c6-c97018c7436e	654	1240	75	41	law
4bfa01f8-9969-4654-9557-638481e763e0	734	1239	140	41	fulflled
7612098a-f503-4251-8283-6f3b61963bca	878	1238	60	40	in
0b4058de-9fe4-43dc-9577-1f56af5ae6d1	878	1238	60	40	,
0f517912-b131-45b4-8003-7a114ed08e88	943	1238	95	41	143
0ade237b-1107-4728-b2fa-a4d24f46ec29	943	1238	95	41	;
18c36fb1-5f7a-43d3-8573-37797b433674	1043	1237	50	40	to
afb19110-ef59-4813-b0ce-69450e37987c	1098	1237	95	41	show
76e34410-a6cf-40ba-b114-9267881a3257	1198	1236	129	41	himself
4230cc47-a8e0-468e-b0b5-85ef2d947117	151	1278	46	41	to
afc04b9f-a19c-44a3-8e8f-7765abebf01a	202	1278	149	41	children
b92355ff-d489-4abb-ac73-86dc63d98c43	356	1278	51	41	of
745c5997-cfbb-4a64-90eb-3aa454591f61	412	1278	92	41	Lehi
c11c13ad-128c-4e79-aa86-a1091ea8d6d4	412	1278	92	41	,
7922001e-f308-4047-8887-f7ed8bc4bb8d	509	1278	97	41	144
a880601b-0a6b-40e5-9ecf-b94153bef658	509	1278	97	41	;
b4e29533-03db-410c-8eab-5cb020bc0f4b	612	1278	92	41	Jews
3605f0a3-b695-49dd-ab41-5d7f876d4547	709	1278	77	41	and
80c7a066-9237-47de-879f-4e65183bbbca	791	1278	149	41	Gentiles
2bda8e25-9ad1-4957-bb58-c6f7cda8e683	945	1278	92	41	must
4b666bd0-8775-408e-ac9b-294935d7a93b	1042	1278	51	41	be
dd24711b-71b0-4967-a689-0bde92b33449	1098	1278	174	41	convinced
9f749541-2a9e-40d7-a68d-dea500f0c9ae	1278	1278	53	41	of
14c41398-b6c1-469f-9d71-e1d5d8af9d0f	1278	1278	53	41	,
afa477be-c103-41ba-b2f5-ebd81b24fd6d	151	1316	88	44	145
420f1132-f0d6-4665-a93f-b5ff936665ff	151	1316	88	44	;
7959ffa7-9457-4469-9a72-ba685894f3d1	244	1316	154	44	doctrine
8517f654-e28b-4541-84eb-ec870d9c5def	404	1316	49	44	of
8a47069f-cd63-4335-8992-907d507e67d4	404	1316	49	44	,
aecafa70-fa35-4c22-88e1-ce80024e93fd	459	1316	88	44	160
249a371d-ddc7-48e4-8269-208791554269	459	1316	88	44	;
2f4e4158-e646-4673-8f8f-e9c53b84dc7f	552	1316	104	44	name
5f8b8678-535e-4c3e-ad15-cf9946ba2dac	662	1316	44	44	of
9dc813cd-82ad-484d-9e21-a9aa51b48c23	712	1316	104	44	taken
a2c8bb42-8123-4699-a487-4d894a9b1ae9	821	1316	93	44	upon
a8eb2d46-56db-4dc9-ab46-1223a7ad713d	920	1316	49	44	by
0f533f46-5f6e-4a9c-8ce2-9abea8c292a8	975	1316	154	44	baptism
01250770-d108-4b00-bb86-8e83075fbfd1	975	1316	154	44	,
f845f235-c08f-4eef-8e5e-d1eb189c83b5	1135	1316	88	44	161
5f1fb024-e407-4467-b88c-78c502591cd9	1135	1316	88	44	;
204a2606-639b-428d-bc6b-4885c67dfb86	1228	1316	102	44	feast
aaf566e2-4eb7-4fbf-9a48-570b5a4357ac	1228	1316	102	44	-
bbde9caf-0f56-4b0a-a047-077c05efac32	151	1358	65	41	ing
75a71743-fbd2-491e-a634-ee9992e2a216	221	1358	95	40	upon
ec86d4d2-4f56-4a7c-894c-02d6baf313da	321	1357	95	40	word
30bbacf8-f5b5-472a-8477-7abcb63cf6b3	421	1357	55	40	of
ef669028-688c-4bf8-9668-f74298db58a8	421	1357	55	40	,
95e64871-f047-4ac4-aba8-7d066d081968	481	1357	90	40	163
36de091c-cd6a-4fed-b8e7-82edd8162b68	481	1357	90	40	;
61b85ef9-2dcc-42ec-912d-f643b80ec531	576	1356	55	40	no
325ce392-cbf1-46f5-93e3-e34859fd39cb	636	1356	100	40	other
70cb511b-6fea-414a-82dd-c7b7e0e067cd	740	1356	100	40	name
4f46df4f-1e33-46c8-8877-0b857e20cacb	845	1355	150	41	whereby
a4051762-4169-477c-abd1-3b29a14958d1	1000	1355	85	40	man
7f34dc3c-24d9-402d-a34f-d28eaa313de9	1090	1354	70	40	can
98d2e785-0867-4271-a378-9ab4c10cfb8f	1165	1354	50	40	be
adf71cf7-b63b-40d3-a383-5658b690dcc2	1220	1354	107	41	saved
ee2b5cf6-8cdb-4f5e-a800-7e995b3d775e	1220	1354	107	41	,
370f8dfc-8735-4e39-8f6d-f483a9ab30ec	151	1397	85	41	163
f7a9784a-59be-4026-91d1-213f17706d53	151	1397	85	41	;
b444aa00-8099-4f74-8aff-bbcc77f8da86	241	1397	115	41	words
bc11f0b9-25e1-4164-b599-6036b5f54224	361	1396	55	40	of
5fd7e9f3-4465-46a7-8842-de85f1fb4478	361	1396	55	40	,
11900e29-9f3e-4ad1-a9fd-5b9c2e9c4ef5	421	1396	80	40	163
cbf0d7d8-8b1e-47bb-8e46-e6cd096802b7	421	1396	80	40	,
e497116a-7689-40fa-8800-1c5ec266a621	506	1395	90	41	166
55ea6f1f-e773-4dd8-b358-77e9efe689cf	506	1395	90	41	;
72eb2b39-71b8-4305-bd05-f4f872352a67	600	1394	160	41	prophets
2f327e46-43c1-4159-b5f5-caeff6d74745	765	1394	70	40	had
1d26d506-7419-4f62-8941-73fb80325c50	840	1393	90	41	hope
9e07ba8e-856a-4505-9c2d-5e8bfc653911	935	1393	45	40	of
4e5b47fc-5e9e-46cf-a3fa-d9c689cab941	985	1392	100	41	glory
a54d6db4-c48c-4bba-b75a-60c2b5fdb035	1090	1392	55	40	of
de9d1cf3-5a5f-4142-965c-18e9b8eb1437	1090	1392	55	40	,
760700ad-64c9-46a1-a375-860a3bb7c69d	1150	1391	90	41	175
64477726-9f67-43ac-9228-b62c1befed37	1150	1391	90	41	;
dfc33bf5-6279-4ff6-84eb-da2fc0272cb1	1245	1391	85	41	com
72b9fdfc-4c3b-4b72-a4f9-835b7d239ead	1245	1391	85	41	-
a3f68737-c2e6-48e5-a059-bbfb324c1a4c	151	1432	72	41	ing
1efe0744-a9cc-401d-8c32-d6a683aa35a1	228	1432	46	41	of
104f98f8-796a-4da1-8c64-9f238e53074e	279	1432	154	41	foretold
a85d2609-e07c-4946-893c-8fbb898713aa	279	1432	154	41	,
dae2962b-1c37-4c90-9ad5-ba55c45702ca	438	1432	97	41	216
6d3b29fb-c9f5-4fd1-9498-6ab47805828b	438	1432	97	41	;
52bff405-3c72-4f71-8e6d-21c87dac7b22	540	1432	189	41	atonement
9e8e1f81-3e4c-4d76-aa56-6f208e2a6afe	735	1432	77	41	and
a5e343e9-56d5-41c9-84c4-b4f9657678b3	817	1432	169	41	salvation
35989cb5-32fd-4e32-9603-7f967e7bbc78	991	1432	149	41	through
b6745e00-2135-46fb-893e-cdd553257dce	1144	1432	92	41	only
f0e1ccf5-883a-45ee-b49a-ebfbf097e555	1144	1432	92	41	,
122002e7-887e-4654-8816-9dc028bcf411	1242	1432	85	41	217
c9f5bb2b-c218-43f3-a582-e814e8681be8	1242	1432	85	41	;
119b5e53-3684-4c1e-a6a0-406d8a4b4ed2	154	1473	52	38	to
1bb7bf8a-6fb0-4ae4-ae84-4c3a8b168c8f	211	1473	57	38	be
12a86d6e-3ea8-442a-92b8-7801f65da02a	273	1473	119	38	callen
5950e903-d3d1-48d8-aca9-fd3770c652fd	396	1473	62	38	by
09ebf867-cea1-4684-a097-45beab4a21ad	462	1473	109	38	name
6f23d9e9-e98e-4aa2-a2b8-ecf59469cfdf	576	1473	62	38	of
de02ce0a-9fe4-43cd-a2fc-26914cb2313e	576	1473	62	38	,
3971cc1c-aa86-45d2-bd85-3ca234c04d0c	643	1473	104	38	225
44e7cfb4-3f9b-483c-bb8f-f39d6c5a5e1a	643	1473	104	38	;
80bce61f-4242-4b79-98a3-76a7569d33d8	752	1473	223	38	resurrection
34d7ba01-03a0-42bd-8edd-051d0af99e7e	980	1473	161	38	through
0c8998da-b912-48d6-9566-8c2146af9882	980	1473	161	38	,
f4018648-819f-4c71-a72d-8a7b92fdf4b9	1146	1473	90	38	203
0e438177-829b-419f-921f-c5b78856721f	1146	1473	90	38	,
5d767d91-5eae-435e-97a5-a7bbadb17f61	1241	1473	86	38	312
c5abc6f8-2d77-48f6-a480-b70dd2c132d0	1241	1473	86	38	;
991f1c61-af22-408a-88f0-dbcdc455f5b2	154	1511	105	35	death
591fe5c6-c6f6-4487-9af5-790ffdc5295c	263	1511	188	35	swallowed
ac2e3dd8-2cd9-41c1-99fb-1f592eba194c	456	1511	57	35	up
cf5fcb2a-abd1-477c-a120-566b69360aa1	517	1511	57	35	in
49802551-f040-4877-a868-6a4aa078b7bb	517	1511	57	35	,
f3a9b648-b8af-45c9-a260-995afb957e55	578	1511	96	35	255
85d0293b-f967-4947-8f1c-06abfc8cba93	578	1511	96	35	;
f81fd2f2-9dc6-4053-b747-b2d8b5a6078a	679	1511	70	35	life
cdf4eb1d-b602-44c9-8065-da129ba0fa2e	753	1511	79	35	and
f0158731-81fc-4189-b84d-27dd5dde9148	836	1511	96	35	light
51f95b66-c726-4167-9318-c7c538bef47d	936	1511	48	35	of
3c59d1ee-9094-4e34-96c3-00c024e3bc27	989	1511	118	35	world
7aa812fb-2709-4123-9a62-45e658562edc	989	1511	118	35	,
7da02e82-d97f-4730-a635-2638eea34a05	1111	1511	96	35	250
6648131e-0149-4b11-862f-cef84b9ee729	1111	1511	96	35	;
499b8dac-d1fb-4a29-ab2f-dcf1fe500bb3	1212	1511	112	35	church
893bc4cf-8ce8-4067-bb76-5848443b909a	151	1549	61	41	of
06fd457d-e5de-4790-b8b3-5804e8d92c0b	151	1549	61	41	,
0d0a80d9-18a0-41f8-9a2f-faf499805281	217	1549	97	41	260
443f2524-5a32-44c9-b7f1-21d9284675b7	217	1549	97	41	;
a625d11a-d922-4000-80e3-0ba2ba2a4daa	320	1549	133	41	Alma's
ee51fa86-afc1-4c71-9d26-3ccace2b58f7	458	1549	174	41	prophecy
60d9b48f-357c-416e-b97b-8ab3606c0f02	637	1549	205	41	concerning
93a5993a-0acb-469c-a4fc-70b022f00201	637	1549	205	41	,
051d57ac-772b-4e79-bc91-51297d9490ca	847	1549	102	41	323
6b617615-20d8-4999-bdb4-1bc032702893	847	1549	102	41	;
c2a15053-0330-4f7b-b7d6-2939e3d48cd6	955	1549	149	41	Amulek
71401ab6-ad93-4ed4-991c-ee13b2bd2a69	1109	1549	138	41	teaches
833ed652-8c83-4afc-a462-5f8d4fa0bc14	1252	1549	75	41	con
348cc99e-5489-449e-be07-f5d5a4d90d10	1252	1549	75	41	-
6c1f4890-e5f3-470c-ac69-17c920cf2a6d	154	1587	138	41	cerning
9cc84a45-88b3-47b0-a9d1-52895ba1c344	297	1587	133	41	coming
062e4c4c-edf2-462b-a2ea-9f78b8cfd813	436	1587	56	41	of
96c55c44-0a61-44af-9a27-46153d880031	436	1587	56	41	,
be1bd0ca-1039-4492-8b49-bbe225316909	497	1587	92	41	342
813b4f8a-437f-4e8c-8cdf-7c3eee0ed09b	497	1587	92	41	;
2d14629a-965c-4c71-92cf-0664b98a5408	594	1587	102	41	Alma
c2eb972e-db01-4016-8de3-252a2531132b	702	1587	138	41	teaches
680453c7-518d-43ea-ae59-661cca90682a	845	1587	195	41	concerning
2493fea7-9c9f-42f2-b15c-f9a1710a4895	1045	1587	133	41	coming
0b6dd325-c550-459b-9a96-4946fef49e74	1183	1587	56	41	of
14a032b9-8ecb-4b5f-82c8-9f13a66fa666	1183	1587	56	41	,
6d0f2927-9a66-4798-807d-4c4088925235	1245	1587	67	41	351
167f3ec6-6022-4902-b04f-4b95da26656a	1316	1587	14	41	;
8efad0b0-f552-4884-8295-258d2a46ac0a	154	1629	48	39	to
6b75f6e1-42a8-4f4d-a222-87504d73f8d5	206	1629	128	39	appear
c295b333-3dac-4e55-bbc9-c7e1c10d45ab	339	1628	100	39	after
5c53611c-b753-41aa-afc0-2e678753d156	444	1628	67	38	his
07f0d033-386a-4c72-94dc-c720531517a6	515	1627	223	39	resurrection
f37141be-a4b3-42e2-8131-37762bfa3597	515	1627	223	39	,
7c1032cb-dc85-49bc-b6e1-6b22aa178dca	743	1626	100	39	361
40f4cb0c-32ed-46a4-a7fb-39104d2ccdb8	743	1626	100	39	;
b4c0e96c-c1c9-4b0a-a920-04df78ad8446	847	1625	143	39	Ammon
28320e8f-e7a1-43e7-84c4-1f343574d224	994	1625	138	39	teaches
e16d6a0b-a224-47c2-888c-92baf0e8cd00	1137	1624	143	39	Lamoni
08dbef08-6af3-4f9d-a295-dfafe05a3771	1284	1624	47	39	of
ed74db8d-2886-4350-87fe-f1429ac1aede	1284	1624	47	39	,
43977e24-ade4-44f2-be9e-7cffb2c24a30	154	1665	87	41	371
617ff69b-934e-4d16-83f7-ff2dbe08929f	154	1665	87	41	;
5dbd3637-199e-4d6c-8e2c-fdeac3bcda56	246	1665	143	41	testifies
b1a93a4c-9300-48a2-bf26-abba3da4ee55	395	1665	56	41	of
bb271258-7d3e-449a-8aa9-5be81830f32a	395	1665	56	41	,
49d8e1ae-4eaf-4707-894d-814efc72d584	456	1665	92	41	373
de9a7c9f-12b7-41ee-8202-f20744b5fd47	456	1665	92	41	;
a4023e87-0f7f-466b-a74b-46b78aa3de5a	553	1665	113	41	queen
0129247c-00c2-4d13-852e-1929cb77f2a0	671	1665	51	41	of
8e573ff7-d3de-44f3-8f55-d74d3bcae68b	727	1665	184	41	Lamanites
bb62f8cd-5f0f-4153-97c5-9609469e586b	917	1665	143	41	testifies
a71a3431-099c-4ed7-b304-d20a43edd790	1066	1665	56	41	of
48131229-b473-4521-b4f6-c1699c79609b	1066	1665	56	41	,
6b604162-0ae8-44e6-803d-53601c0c554f	1127	1665	87	41	376
65a8fc1b-8d8b-4c4c-8174-e2ac70cdb805	1127	1665	87	41	;
68655147-fc1d-4c7b-950a-2bf412f1f38b	1219	1665	111	41	atone
09958b37-e472-413b-8a6e-169901c19aac	1219	1665	111	41	-
6f11f8f7-58be-4fcc-80ef-12e199257830	154	1703	92	41	ment
164161cd-0320-4aec-b9dd-f01a7cc867b2	251	1703	41	41	of
cc409d73-ea53-44c5-934e-898c63dc762b	297	1703	123	41	taught
c831c69f-9f31-4847-bcdf-fc888734bdbf	425	1703	51	41	by
f78998d9-8c0e-4b51-86b5-c6bc2e1135e4	482	1703	118	41	Aaron
2525f27d-3410-4dde-98b0-2b28150563b9	482	1703	118	41	,
7ee5647f-d2b6-4863-bef1-baf4ff4e12a5	605	1703	87	41	381
fbe94d33-c8cf-43c7-ad75-f6f49c9bb8e3	605	1703	87	41	;
b59c313c-d822-4848-a338-75c96e72b3a7	697	1703	195	41	Anti
610a91e9-07ad-40fa-8f8b-08f42215e430	697	1703	195	41	-
a7907a47-fcf1-4efa-86f9-a8da8e445bc6	697	1703	195	41	christ
62670ed9-8277-4031-ade5-b6bdb6468508	897	1703	118	41	speaks
62500726-579b-4c5b-a7a2-c38189c948be	1019	1703	138	41	against
86c6bedf-34ce-4e44-bb76-228d6a9b155a	1019	1703	138	41	,
ae2f73d3-a1a3-40bb-8f40-f2eb5375b0ec	1163	1703	77	41	409
d4554fbf-84c9-48b6-a0a5-821cb99697a0	1163	1703	77	41	,
5a2be877-1014-4c1e-82d6-a3742efad3bb	1245	1703	86	41	410
c01ef48e-bdfe-473d-808b-d23aadcf7e3c	1245	1703	86	41	;
77ca4b37-8072-47e2-8a0c-d56ea7b56d98	157	1741	93	44	Alma
ec403c29-309d-4aa9-b7e3-c47c1379acef	256	1741	143	44	testifies
8535afc2-86e2-4816-b453-757c3809928a	404	1741	49	44	of
2af6a430-ea29-4611-8b87-158e2ebb7803	404	1741	49	44	,
ed7ba216-6565-4d03-8a3a-644c754c35c2	459	1741	82	44	413
ff17f3ba-b616-496e-8d82-f58b923daeda	459	1741	82	44	,
1d1758a5-36cc-4b1c-9089-1ed5d6e0b07e	547	1741	88	44	446
113ff276-c8a9-4555-ab7a-11419a85b35c	547	1741	88	44	;
c8af090b-02d9-4b6b-ab41-b9daa22df9d4	641	1741	115	44	denied
34b2c3a5-a74a-4621-a118-e80ca528634f	761	1741	55	44	by
faffcd8e-14b4-488a-8163-15a48437be0e	822	1741	181	44	Zoramites
cd4335d0-9470-485c-a2ea-c59768edbd84	822	1741	181	44	,
6589b764-94af-4df6-86e8-b78c8de843ce	1009	1741	88	44	418
18a97fee-18a6-452a-a66a-00b26cbad576	1009	1741	88	44	;
7893f4ed-8d02-4bb2-b402-e3af447e7303	1102	1741	126	44	spoken
d17c290e-94ce-4248-aa41-66862cbbc950	1234	1741	44	44	of
fa6f9ddc-4712-4a66-b3d5-95767d222f0f	1284	1741	44	44	by
0f98e88b-d4ca-4916-a732-ad626ed86854	157	1779	112	41	Moses
4eb40a9b-85cb-48cc-8218-081e16a462dc	157	1779	112	41	,
f4fdb16d-b7bf-49a4-a24e-7690c74b4689	275	1779	92	41	427
5102e4b3-b7d0-46fd-924a-f5312120485f	275	1779	92	41	;
5b272428-dbee-49ed-9018-ba5a237ac1aa	372	1779	138	41	Amulek
d1b18ee9-3bd9-4fdc-b210-c732f6f703bb	515	1779	138	41	testifies
c27b47ec-d890-4085-ae2a-2c355f7024c2	659	1779	51	41	of
56635d6c-1e83-4eb7-85f9-27280ab56b2e	659	1779	51	41	,
63e00dac-51c5-4ba4-9445-d86ccc56c846	715	1779	92	41	428
a0f6bcab-38e6-4aad-9dba-9d8b0816d972	715	1779	92	41	;
9ed702fe-ec81-4c4d-a17c-eb4269de5228	812	1779	82	41	only
a5615cc9-39ed-4c95-9cad-371055dd2655	900	1779	118	41	means
e323be0f-1e80-40ec-84f2-3e19462e6cf5	1022	1779	41	41	of
a6b0a92f-c0d3-4cfa-a095-86dc72308291	1069	1779	174	41	salvation
cc0e2583-5996-45ca-a4ae-7db21542c8e6	1069	1779	174	41	,
0d7cab8b-c31b-43a1-b963-d5396709c79f	1248	1779	83	41	444
9cd1b727-e85b-409c-84e9-ff7131c58bee	1248	1779	83	41	;
3f0cae94-6f20-47b9-90d8-31cd7e628b84	154	1822	152	40	bringeth
02d99d3c-ff79-4d06-8cf3-59d030a5c067	311	1822	48	38	to
4c555e6f-9e2a-4edd-98da-955a6103781c	363	1821	86	39	pass
eac02853-5593-4c5e-8c75-e4457b9cc8ac	453	1820	219	39	resurrection
3beb6995-6b03-4684-b2c3-0d1a24c7da58	676	1819	48	38	of
bf4b19b6-e420-4728-85a9-8c5eb88a28c4	728	1819	100	39	dead
628b0452-3428-43ef-8cc2-15a35c1e3dc3	728	1819	100	39	,
f19a091f-d6c3-4954-a03d-6df3bf5574f0	833	1818	90	39	447
8b0a2fc4-a6fe-4f85-837f-d950be704b1f	833	1818	90	39	:
dce4f5d5-f00f-4212-821e-f598b67ee90d	928	1817	190	39	atonement
a4a91307-9f47-4d69-ab83-a25c9598d845	1122	1817	52	38	of
d8e54707-2cf1-4964-8e06-c89f8b95495c	1122	1817	52	38	,
555a9609-96ad-452c-b2c1-9c164c2562c5	1179	1816	95	39	453
0a6453fe-3c16-468c-b36f-a6a42de28df1	1179	1816	95	39	;
90ef6529-863c-4304-a9cf-12c73b5e33ef	1279	1816	55	39	be
133731c4-54a6-4aa0-a1d4-78b9755cc9c6	1279	1816	55	39	-
d30d817d-3e4c-4dc1-a8a4-e016381ec492	157	1854	117	41	lievers
b2341f4b-7c45-4e27-b435-e3a601a4c3a0	280	1854	46	41	in
4a3abc42-92dd-4169-a93a-9672757d8834	331	1854	113	41	called
4ecb5a5c-8ab0-4d18-a3fd-f6a74ec2eb25	449	1854	184	41	Christians
1f29370f-c919-4d45-8076-dbf899f3fb37	638	1854	51	41	by
edc0bc67-a386-4cd5-a164-07dd5152e752	695	1854	138	41	Moroni
45ec8222-cf0f-420d-96fa-18a018e439b2	695	1854	138	41	,
a8926fd2-5991-43ef-9048-59699823d3c2	838	1854	92	41	470
6771db84-4b94-459e-9d18-22ef022c7b25	838	1854	92	41	;
cbcd5573-00ef-484b-8d86-88ba98d0141e	935	1854	102	41	many
d449d1a4-b3dd-41fc-a650-f8180edd7a8e	1043	1854	82	41	died
19f61140-1812-4ee4-acf1-639723433efb	1130	1854	46	41	in
51af6fe0-46f1-4d33-a981-fb65255068ec	1181	1854	97	41	faith
9b0b65bc-f3b4-42cc-8ae9-b29fb59a2a50	1284	1854	50	41	of
295ec450-1d91-49df-9eb1-3ea91d41771a	1284	1854	50	41	,
001e4522-052a-481a-984f-1198fb332753	157	1898	80	41	473
a534bf2e-f8e5-4f5a-90c1-b7627ab2e832	157	1898	80	41	;
c526a12f-6df9-44d9-ad81-efbfb9d5efb9	242	1897	130	41	Moroni
448905aa-7b32-4721-9749-7964d67e0b22	377	1897	80	40	firm
3999cdec-0e8c-45b6-b7b9-d3ff48235f1f	462	1896	40	40	in
90b96f3e-e6de-4988-ba56-ecd23f386403	507	1896	95	41	faith
9076150a-748f-4d6d-ad88-47f63c71abc8	607	1895	50	40	of
a39fa88e-732d-4041-886d-d771bb41ec4e	607	1895	50	40	,
d22687c4-158e-4c25-87ae-049e4c55db78	662	1895	85	41	479
e03dfe19-cbc1-4077-9fac-97ad05f2ab1c	662	1895	85	41	;
3ba267c5-a9bf-49fc-9504-5a7fd5c4d771	752	1894	85	41	gate
cb265abe-15e4-44cc-99f0-daf529995be8	842	1894	40	40	of
40806049-21a4-4ac1-b309-94851a5812c5	887	1893	125	41	heaven
f4e09039-e477-4361-b0f1-afc8ddc3bc3e	1016	1893	85	41	open
ba534eaf-4e2a-4a71-85e4-1d3a5e5877da	1106	1892	45	40	to
a900ae31-13ee-495b-8899-24c793d2639b	1156	1892	95	41	those
ec04b1b2-c7c3-4656-a21c-99af4f3c5bdc	1256	1891	74	41	who
4a39dc0d-fcab-41fd-b60a-d1bfc4cbe705	157	1935	128	42	believe
002223ce-cfab-43ae-a46c-f2abd2ed92e2	290	1935	67	41	on
f5265f59-6134-49ff-955b-5f12b987f04b	290	1935	67	41	,
f9d5ad5e-82fb-4b26-b316-dcc3fda7a682	362	1934	98	42	551
9e483a0a-e70e-4159-9c63-ce12cb7b6ce6	362	1934	98	42	;
acf4cc62-b467-46d2-bc9f-210103e06467	464	1933	200	42	atonement
b851c342-edab-42c4-be44-ee23b36d8a23	669	1933	62	41	of
b961acb8-ee09-4d87-896d-59d470b7accc	669	1933	62	41	,
fa5bfedc-c22e-4b11-b616-c84ff78ecde6	736	1932	98	42	556
87b7bfd2-829f-4dd3-ba35-584367bb9ffc	736	1932	98	42	;
ec24cc89-7078-4b0e-b19f-57fb4a6a62b6	838	1932	57	41	to
a26207f3-e33e-48fa-b255-aa8f7336fd9a	900	1931	139	42	redeem
cf44c9cf-cdee-48d2-afa1-d28f527f5c60	1043	1930	98	42	from
ff8bea05-3a6d-4f03-8c81-e4f7aa18af52	1146	1929	98	42	sins
205cb460-2296-4096-a960-4511d5c8e0bc	1146	1929	98	42	,
720d42ee-1d58-4290-a0ae-bd51a4b4cc86	1248	1929	83	42	556
ea739fe5-b73e-49a5-bf99-c535dd33697b	1248	1929	83	42	;
ef8509d1-0361-4561-ab7e-d56afff5ea8e	157	1971	97	41	faith
162daa0e-240a-4d8c-87c2-9cae132e9787	259	1971	46	41	in
112c7dfa-b364-44d6-8dcf-95d2b55ecc18	311	1971	128	41	taught
d060b612-ccf4-4b10-9186-ccd62b3166cd	444	1971	61	41	by
0cf25f8e-34a0-4a54-9dd2-4cc4f92e470f	510	1971	189	41	Aminadab
49f1ff1f-d355-40ae-8c76-0fb65a57c10c	510	1971	189	41	,
fd94e745-aa3b-412e-8431-ffb917b8c4c1	705	1971	97	41	560
910a124d-b1f9-4426-987b-6e07ca03f001	705	1971	97	41	;
19fc8b20-a43c-41ad-b75a-2b74cb5b875d	807	1971	97	41	Holy
785cf87b-2233-4cd7-8446-cf7a27af1888	910	1971	113	41	Spirit
2d48dd16-e8d6-48bf-b669-60377c7cb295	1028	1971	102	41	bears
1abf28f1-e766-4193-9c22-2eae1cd70b45	1135	1971	143	41	witness
3724f6be-50a3-4902-80ce-0a95582116d3	1284	1971	50	41	of
bcdac07a-aadd-4cef-95ce-0cf038963345	1284	1971	50	41	,
86b45755-5d70-4a65-9fb5-9fd0eed55e88	157	2005	84	45	560
d8b24b7f-fe9e-4f0d-b302-600e46b96ad2	157	2005	84	45	;
10f750fb-4718-4ea3-8f20-2b91869db392	247	2005	107	45	death
8d1ace3e-4d13-42b3-aeb7-c216f84a6c1b	359	2005	45	45	of
647857ea-8316-4db0-b176-8860e416e524	410	2005	146	45	redeems
dcc40b5f-e88f-4065-9245-e0563b659db9	562	2005	157	45	mankind
bcd9c563-924d-4fc0-b49c-61b6d55ffc80	562	2005	157	45	,
3e15e815-40e4-463a-93f0-e055a28a5be6	725	2005	90	45	592
f645e952-6595-42dd-b938-753b42cddd24	725	2005	90	45	;
4ae68e32-d526-41b6-991c-2fb31567f7a9	820	2005	101	45	signs
b54071a2-070d-4302-9825-d25917c35180	927	2005	45	45	of
0158ae5a-6c11-4d2f-b9b0-309a048eca98	978	2005	129	45	coming
0318d166-771f-49ce-a951-e10bff443de6	1112	2005	56	45	of
8254a708-ce4f-4c04-acf5-6bfc2558f65a	1112	2005	56	45	,
81446a15-2f22-4e05-84d6-3a60ba4e9158	1174	2005	73	45	591
9ca8884f-c4ae-42ad-ab0b-9591b44896d6	1174	2005	73	45	,
50fec6f8-5664-4700-9b96-a8f0458e6e74	1253	2005	84	45	593
ca19795a-2b1a-4008-8591-c0bd7e0132bb	1253	2005	84	45	.
0f5e4c44-6dfa-4901-a4ba-ae543d96c031	157	2052	98	40	601
fb57352b-5464-472e-9fa7-b04ac946b943	157	2052	98	40	;
8506e9b2-c912-4b7b-9049-0fbf28293c75	259	2051	156	40	doctrine
5b77ad15-e214-4d83-9ae1-46483b7e3e30	420	2051	54	39	of
b010fd46-1d26-47cc-9b4e-2e6822366429	479	2050	117	40	called
7dc5dd7d-9ae2-4cbd-8991-5ab575236aba	600	2049	132	40	foolish
e89cf26c-d845-46cc-8bac-4814e1c92e27	737	2049	83	39	and
04d6c0b3-5907-4fb3-9a0d-69585ab9bf1f	825	2048	98	40	vain
c2eaac06-72d9-497b-b8bb-24b153544031	825	2048	98	40	,
f8467b6e-d7f4-45eb-94dc-ca50ad8154eb	927	2048	103	40	604
9e8fb8c2-7254-4335-b199-f5dac0cc87dd	927	2048	103	40	;
1ac2f9c2-fdea-4b08-99fb-a59b71637ee2	1034	2047	93	40	nine
d3d5e538-2cc5-49b7-9d1c-1399e51d4d7c	1131	2046	107	40	years
58eb98a1-7821-422b-a952-38eb86f3abaf	1243	2046	87	40	from
d51c977d-983a-4a8d-9152-a2664b701185	160	2090	98	42	birth
f4286ca4-a9ea-4e04-bb45-20269bb905b9	263	2089	62	41	of
79e9be5d-25c8-49e3-8df1-ddb75fee5189	263	2089	62	41	,
58c4e5e2-f651-44a9-bbaa-78ae6044dead	329	2089	98	42	604
c181740c-4844-4c3c-9949-e88345acce2d	329	2089	98	42	;
6cac4e4e-b698-4c03-9d63-d7119c0c350f	432	2088	118	42	tenth
0d3bd48b-f633-4032-a02f-3c3fa750414c	432	2088	118	42	,
783dada8-12a3-43e3-b0e1-e567dd6e21cc	555	2087	169	42	eleventh
532e23f7-b470-4808-8596-5c44d5b65951	555	2087	169	42	,
4194fc04-7354-40b0-ac43-717e86a67fb4	729	2086	190	42	thirteenth
3d6756f1-da4b-49c2-b61c-736d23b3c82b	923	2085	113	42	years
439dca99-552c-4213-af10-33214b2361f3	1041	2084	103	42	from
b6bd45f0-deed-4956-81a7-de7a14f73abe	1041	2084	103	42	,
a3523f89-71c7-4695-afba-30b2b1373af8	1149	2084	92	42	604
ccee362a-1b9d-4e91-ac2c-b75e8e9155f8	1149	2084	92	42	,
03a6b119-ad00-4d4e-bbfe-0f24f988fbe0	1246	2083	88	42	605
1b470621-5520-47b2-b896-508b384c3d62	1246	2083	88	42	;
