ID	X	Y	Width	Height	Text
4010783c-2bb3-4977-93ce-1ea092fefcaf	610	85	176	45	INDEX
15b329e0-e8bc-40e8-bdba-8e9c9a35b209	610	85	176	45	.
0cd959aa-f385-42a4-bf81-ac0d3e088eab	1230	91	72	38	793
fa5d1da5-6807-426c-8bff-e4f0e8ce01c4	132	143	138	46	hanged
42ad38b2-b86b-4f75-b6ec-c55253ce43e0	132	143	138	46	,
3eb24160-5ced-4894-bf07-ca5ce540d656	275	145	89	45	613
eae7df95-b4fd-4d0b-a829-fc5be7bf19d3	275	145	89	45	;
aeb068dc-5127-4904-9eda-9b88917d2b5a	368	146	94	45	band
902fd353-5ea4-40c9-bbc2-f59db8815810	467	147	45	45	of
80ee06cc-4678-4adf-a1bb-a426b09b08c6	516	148	182	46	destroyed
5f99e400-4594-4873-b533-42f1eb11bdd4	516	148	182	46	,
af39dc17-17b3-43dd-ae86-87d3e41c8c3a	703	151	89	45	614
7c9fc5f7-3ac1-4313-bc74-d9ad47aef94d	703	151	89	45	;
8c2d5d37-b83f-48d4-bcd2-d0f376d6a5f8	797	152	138	46	robbers
588db98b-0b4a-42df-8d0d-11f9d755902b	940	154	45	45	of
70bd09e9-bc38-4db8-9080-6e76fe876753	989	154	105	45	given
754643a1-cd74-4118-bd14-a0feb2b06912	1099	156	110	45	lands
6e4b05db-974c-4ec8-9761-487ec6ee4806	1099	156	110	45	,
2e4fcf93-0858-484c-a6f9-326a776092b4	1214	157	88	45	617
dc245694-720e-4269-8d2c-c08cc006acff	1214	157	88	45	;
02ab42db-9a65-4506-8969-c7044b28e0dc	132	189	107	31	people
785e13bf-d597-4212-bd19-9baf2cd9424a	245	185	117	38	again
581b7697-3e45-4d9e-b5db-5d20b2e89042	366	186	104	37	begin
9312168b-7948-470e-b23f-a1916620fcb7	474	188	54	37	to
64d499b8-0a27-4aaa-8cb6-4d299cbdc267	533	188	99	37	build
736601c9-2eb4-4643-89ed-14f14d2a6deb	636	189	59	37	up
d54a7209-2555-4367-a03d-61bda34daf77	699	190	117	37	secret
affc16fc-8795-4b27-bff0-38e570ab3b60	821	191	104	37	oaths
3aad83f0-7754-4c00-bb75-d1e91af70617	929	192	81	37	and
a37dd0bf-572b-4de8-a7f8-9ba105fa420e	1014	193	234	39	combinations
b1a7338a-3a1b-4230-9839-b95927b27d76	1252	196	47	37	of
79e221d0-6aa5-4ac1-b313-c866c19ef265	1252	196	47	37	.
0735de64-53f2-45fa-b7ee-64d59584a28f	129	227	93	44	686
b03ec8fe-5cac-4562-8cda-9a696473cd32	129	227	93	44	;
18d46335-90f7-43b6-95b3-76d74dd1f927	228	227	137	44	robbers
90df2ccb-e13d-453f-96a8-0351c0e85cff	371	227	44	44	of
fb045cfb-09e4-49b7-965f-b3f4ca10c7a7	420	227	132	44	spread
a47958b6-59cd-4591-809c-2911cd27a826	558	227	82	44	over
952aa28e-c5d8-4cc8-ab91-ee243ae8a6ef	646	227	88	44	face
e5e3d5eb-e3fe-4fe8-a400-f234ed7c38c1	739	227	49	44	of
5d771f8b-5e87-40e9-a1e5-e57251d2b26e	794	227	99	44	land
2cecf9d2-50ac-427c-a132-1e4356ce66fc	794	227	99	44	,
033b5997-367c-469f-a867-7e646a0a468a	898	227	93	44	686
16baff34-230b-4e83-a22a-d024250c6678	898	227	93	44	;
3be196cd-b016-4d98-9601-c6c9f4e6a530	997	227	143	44	robbers
218dfa9e-59a3-4958-8701-617f44274da1	1146	227	44	44	of
192aecc2-d778-4097-8bac-17ab8ebfc50a	1195	227	104	44	infest
5ccbc205-ca2d-4395-920e-02cc6210aec4	129	263	94	45	land
6d12a48e-1b6a-4c1f-a14d-920b5dec8560	129	263	94	45	,
b2f559aa-458c-4284-8f9c-fd9201354cab	228	263	105	45	689
d7c89385-cc74-4396-9d84-39d8c5825efd	228	263	105	45	;
b922673c-7427-4eb6-bca4-bb698447ed99	338	264	165	45	Nephites
fa087246-1217-466b-9f54-8ba1f5d05a68	508	265	55	44	go
5fa1d886-1b59-45c5-8943-2a719a5c2429	568	265	138	45	against
a140493b-c6b4-48fc-b7c7-36c3cf4cfef0	711	266	149	45	robbers
d618522b-80db-4081-8137-c5f617800ed5	865	267	61	44	of
c30deba3-4e31-483b-b0ab-b4355bb5e114	865	267	61	44	,
8f70a7ab-cadb-4590-b56c-082562cdfad4	931	268	99	45	692
ca772ce2-f6e9-4aa1-91b9-e11fe0a4dd10	931	268	99	45	;
dada232b-1fcd-4e29-8534-94c22aa2b93c	1036	268	165	45	Nephites
990c7f41-cfe2-46f2-a06b-65f0f0239f38	1206	270	93	45	make
d2585146-b881-4711-936a-a14b31ccde36	132	302	109	38	treaty
9e59b3fa-68bf-4b3e-b31a-03d6617ff062	246	302	85	38	with
c718f1a8-0a03-4df8-ba74-deebc09c9749	336	302	138	38	robbers
e5ce969e-af6f-4713-88f7-3fe54a0c01be	478	302	52	38	of
999143fd-d350-4b89-8b12-290d3b81dd02	478	302	52	38	,
eff54d2b-e74c-43c3-94eb-226571054bb4	535	302	78	38	692
44a908df-13c9-4180-a523-f4a79a658f70	535	302	78	38	.
3faf9750-f97c-4b18-bb04-e3511e03b60e	94	340	204	41	Gadiomnah
3fa4ef7c-532e-43d4-825c-4ea511f57a60	94	340	204	41	,
1010341c-314d-4ea8-ba05-17a8ffa64dcc	304	340	82	41	city
537a6617-26db-4bb9-90bd-f9e81187a60c	391	340	51	41	of
cbe18dd0-d860-403a-9838-3900974488d7	391	340	51	41	,
9565467f-f7a6-46fb-b59e-1a84d9828c0f	447	340	102	41	sunk
a1f66087-9bba-4cf2-bdbf-717eb43014ab	447	340	102	41	,
49b744d5-9744-4f72-861f-154c5e2f3b25	555	340	77	41	627
81e151e4-b9a5-4a90-a520-8461b7def7f4	555	340	77	41	.
2c7d4d62-4ae0-4e23-8b69-08ba3a3f47f9	91	378	158	41	Gazelem
0071ec89-32e0-4a1d-9036-db7fc6075998	91	378	158	41	,
a9fe97c4-091e-4ab7-b267-5dd3054ca265	255	378	108	41	stone
e48bf5a0-05b7-460d-87d1-8ed9772c1024	367	378	159	41	prepared
17b22873-d62a-4e50-8e41-1696f8068762	531	378	77	41	for
6133bc0a-de4e-421d-92b9-ed89f482331f	531	378	77	41	,
a80c1c58-9004-438e-91b1-f512708c3da4	613	378	79	41	440
e38c2860-86ab-4aab-9dae-77f3fc443c59	613	378	79	41	.
057a25ec-d697-4436-8963-230aedd98008	91	414	185	43	Genealogy
aff460cd-6a5c-4625-b482-f35319047a32	91	414	185	42	,
18041f67-759f-4c2e-9793-89308418a06a	280	415	46	41	of
fd13e77e-e3a1-430c-9187-8d34d70661f0	332	415	210	42	forefathers
dbd7a7c7-5705-44e2-8af3-fa76e0802899	332	415	210	42	,
580666b2-872a-49f0-9e8d-e2d8ad4d7d78	547	417	51	41	7
6c208498-3f54-4bd5-bebc-775f5ba2069a	547	417	51	41	;
59f4b21e-ef63-428c-aade-f01d6d2a197e	603	417	46	41	of
55e5b503-5a44-4321-9727-c772e8333eed	654	417	118	42	father
65f5f422-f534-49ea-8481-b1e4fc59cbcc	777	418	46	41	of
a508fe10-cf85-47df-8bba-68b4d3331bf3	828	419	118	42	Nephi
1cd75559-730b-4e37-821b-70d43d70704c	828	419	118	42	,
207ebc28-b858-4fff-a963-e2b191f27486	951	419	40	42	8
cf13704b-0069-40cd-8629-d7d6002f6af4	951	419	40	42	.
2883d666-b3c3-4d1c-b727-c9dcc7a26b3c	91	453	154	44	Gentiles
028e894c-b2f6-4ee0-9e37-b4ee6d96b628	91	453	154	44	,
534584d1-d066-4cfb-93d0-eb7821e590b9	250	453	148	44	Messiah
d5591460-9f5e-4365-911d-0b712bf07b55	404	453	49	44	to
a85451ec-393c-47a0-b794-ac85eeaf088a	459	453	55	44	be
c5d10d10-6d18-457f-8097-26de3720287c	520	453	104	44	made
d87307b1-3aee-402d-902c-8316fbb57cee	630	453	159	44	manifest
1d2af221-541a-4c64-bc7a-2d12867a52a0	794	453	60	44	to
93259949-f1df-47bd-8b62-82dd3cbb8f6a	794	453	60	44	,
c9ba03f8-ce42-486e-bb7f-8c67d179b3ec	860	453	77	44	25
a9d40679-adbd-419e-a4e9-39f3d31569f0	860	453	77	44	;
d731fd34-348d-4096-aa02-ff1d08951f95	943	453	93	44	Lehi
9c5e77c2-9801-488f-ab20-f572a0afa437	1042	453	170	44	compares
bbf0e8f6-9f72-48e0-b73f-f5d6c347ed38	1218	453	78	44	with
6564409f-e89d-448a-9fc0-0738260e155d	126	487	88	41	olive
5ae85d79-dc19-4c53-b112-7adb9746eb42	218	489	83	40	tree
3052d7f9-2874-4e2a-86c3-d20ea6b6ee95	218	489	83	40	,
9aaa9957-600a-4835-932c-43382e5222cd	306	489	69	40	25
37449cef-742c-43c7-b48b-689e5f6d449d	306	489	69	40	;
2b7af977-7e4a-4fd2-92bf-850b6d525916	379	490	49	40	to
88438d52-a74c-442b-ae30-0f50d82793e6	432	491	122	40	receive
119ee391-3c9f-48a5-b044-896e6c1a3954	559	492	142	41	fullness
2bfce389-b597-4514-bdc8-3ee865597812	705	494	44	39	of
420b3c77-b2f2-4cd7-bc8e-85863b84b6f3	754	494	127	40	gospel
31e927f0-b21c-443e-b36b-11917b08fc09	754	494	127	40	,
6bfecffc-b23b-44ef-9512-9a6441d009e9	885	496	69	40	25
2dc53cb9-d586-4993-97a8-ef0943093ec8	885	496	69	40	;
4e1b5b7e-0624-455c-960f-9b301761cb7c	959	497	195	41	foundation
952beff4-6d25-4c03-bfc0-444b9296f5f6	1158	499	44	39	of
90de353f-796e-41cc-afd0-71b27f3ab1f7	1207	499	92	41	great
fa97e2c3-fb9c-4f7c-998d-52835261c09b	129	532	76	38	and
ca755b1e-1dd7-4a67-bb27-5e187e65494b	210	532	209	38	abominable
db7d6eb2-935b-4a97-a5c6-032f914ba642	423	532	133	38	church
6e1db1af-7e9b-4b61-87a1-a1fe7857f23f	561	532	138	38	among
f71aecf6-132c-4607-b53a-0eb20479c77f	561	532	138	38	,
35117cf5-1239-4c83-a788-f3bfe8bb88b5	703	532	81	38	33
f213b815-9cac-4251-86f9-397c8f3a9099	703	532	81	38	;
ec1aa1ac-835a-48fc-9260-dba3afa4135a	789	532	133	38	waters
7acc5a18-4da1-41d1-9d8b-aae922c799d5	926	532	123	38	divide
0181736b-3d7e-490c-892d-c9225d0faf62	1055	532	104	38	from
2707cb4e-dcf5-4593-b79b-129a896c1871	1164	532	90	38	seed
29cceda8-aba9-4aeb-a798-760aa4a7d860	1259	532	40	38	of
a989d7c9-b45d-485b-be94-d37a5928438e	129	570	137	44	Nephi's
7b08c49a-15a9-4461-bbb8-32ca4cac621c	272	570	170	44	brethren
aff3cb78-9a92-4ebf-98de-1e3f736fc910	272	570	170	44	,
9f8d3444-71bb-4ee5-9350-a138aeba1ca5	448	570	77	44	34
1985a4c8-d94f-45ec-9b59-80452c8647bb	448	570	77	44	;
694659d0-4e30-454e-a931-941cd1ca68c4	530	570	99	44	upon
d3d49e0c-5b0e-47dc-b894-7a6b4b91cb21	635	570	99	44	land
4e307bba-d558-4630-9f7d-45b45fad43bc	739	570	55	44	of
a8af752a-8b73-4c32-8d10-af780c52465d	799	570	154	44	promise
4e983a52-dc39-46c7-85f7-2ec7580acd3b	799	570	154	44	,
91c4cd18-ecac-4c35-973f-a6dd690f0f61	959	570	82	44	34
a9e4a76d-388b-40b2-976e-bfcf6342dc91	959	570	82	44	;
bbde4f29-cb68-46b7-95cc-e949e0ed8ad3	1047	570	110	44	smite
e1f4108b-928d-467c-888e-09ff38649e6b	1162	570	93	44	seed
24fc1b55-76cf-40b0-8f41-e33a3ec699dc	1261	570	38	44	of
eac7fb0e-4ebd-4116-b0db-8636b18877ac	129	604	131	43	Nephi's
e442c666-bfb4-46b0-bf20-b4b5ea2ebf28	265	605	163	43	brethren
a20fefa3-02c0-4ec5-bf49-846fc6f3f0b7	265	605	163	43	,
c5d7da23-4a2d-4fea-989e-ff2a5837d89a	433	607	79	43	34
feed03b7-a1d4-4745-a9a8-6bda13d9d5b3	433	607	79	43	;
20365c1e-347c-4022-84ff-eb6732cf18d5	517	607	179	43	described
276bfc6d-c99d-403c-a53c-0cf39a19aff8	517	607	179	43	,
fde995ac-4c74-4f9c-9d24-059696a07f6f	700	609	74	43	34
e203d581-fa8c-4bd6-bfa6-0e5e71677274	700	609	74	43	;
ecbdfbfe-66ca-458b-995b-c0a241634278	779	610	168	43	delivered
b9bb55f3-a974-4801-b39a-90f98b8a105e	952	611	95	43	from
63e29aea-35bb-4396-bd30-c00de5446ffb	1052	612	105	43	other
068f1f27-623c-4e38-a06d-5a140a265291	1162	613	137	43	nations
c747099f-32a8-4eb1-8696-dc28d31efb8e	1162	613	137	43	,
670b3a14-2ad4-4431-9302-686954a6203a	129	645	72	41	35
ece1a4b9-8b5b-445e-b5a0-5fb6d8729f5c	129	645	72	41	;
19d8e79c-6394-453a-8f5e-45e8b8441757	206	645	195	41	prospered
4caf6eec-b62a-485b-80d7-3e93db1b5245	206	645	195	41	,
4650735b-8e1e-48d1-9948-6208568c3fec	405	645	82	41	35
fa6b0e5f-8a00-4272-b7c7-a7bb4622373c	405	645	82	41	;
a0a4abd9-9cbc-4947-8cc5-474cd365c7d0	493	645	97	41	book
57a65bde-1bb3-4e25-9d43-3c523e2c8ad3	595	645	138	41	carried
21ae44dd-e87e-44c9-a359-278a5aa3a3aa	738	645	127	41	ame
7bd2fb7c-bf06-4583-96a1-75726925d891	865	652	101	35	35
ad6ab646-6def-4764-9bbd-7309b8dfebd4	865	652	101	35	;
e4369fad-12e1-4d54-99ae-4a5e2e0079c6	971	652	81	34	not
f29681ff-6383-4f39-b905-18c2b4340650	1056	652	55	34	to
ae676509-6c25-4ad1-af6d-06dbf6d0ca74	1115	652	140	34	remain
63c5882b-fcfa-4a26-bb5f-df7924849309	1259	652	36	35	in
8cefbfb8-ab51-44e8-8109-f50a7f13f454	129	682	169	43	blindness
0567117a-70bb-44a1-b9e1-96140bfcf073	129	682	169	42	,
15b77de5-148d-4e33-b93f-1d90d7e806b0	303	683	67	41	36
bb89cd17-12c8-42d1-9f27-cb2f2a22e4a7	303	683	67	41	;
019a1f82-e3e6-45f4-857c-3f2abf954697	375	684	72	41	not
7d80ab86-919f-4374-8d68-73b55a45b59b	451	684	41	41	to
a4bdee61-0571-4f10-931e-3acd2a299c66	497	684	139	42	destroy
61e24bff-0f37-4ce2-af41-713ade866077	641	685	82	42	seed
bfbdf588-4ca2-4ca5-afe7-74b13044f43f	728	686	46	41	of
3ea8beeb-086d-46b6-9068-a8293034f276	779	686	164	42	brethren
f15093c7-890d-48ab-af56-35438aa8bd58	779	686	164	42	,
7a20c2b9-93df-4cd0-b19c-25351f48a530	948	687	72	41	36
d7fc62a1-27c8-4468-88ef-ba728a4ca32d	948	687	72	41	;
428000f8-40d2-4cab-8088-37ff010c3f2a	1025	688	46	41	to
cb9f9522-45ec-4f07-88dd-a614297cee40	1076	688	149	42	stumble
fa0eb729-5b23-42cf-86ef-e6bfbaa8daaa	1076	688	149	42	,
e6cf73ce-4a75-4929-a9f4-22ce072d9451	1230	689	69	42	37
bb68cea1-7e34-4687-ab2c-4fea50ee9ff5	1230	689	69	42	;
653dab8d-a92a-40cd-88a2-59b1d6f181f3	129	721	95	37	plain
a3b662ef-2c8a-4364-bc76-4575e1af908c	228	721	77	36	and
e09fb55e-d8db-4498-b385-5933fa614812	309	722	153	37	precious
14c897e1-99c3-40c3-82e8-33bdfe85a0fe	466	723	122	37	things
b883b873-3b91-4f2b-a533-06e982b10f98	592	724	50	36	to
58505c7d-ada2-44e4-b2af-33f6469ce4f6	646	724	54	36	be
2b21f991-7bb0-41bd-825d-6cf29adb652b	704	724	153	37	restored
5eee02e4-696e-45db-9601-3d5288227e55	862	725	54	36	to
9b28f104-b97e-4e64-a462-85a9a8f66d59	862	725	54	36	,
d365b376-b183-4477-b39a-4e5cdf1d1dc6	920	726	77	36	37
15ae50b3-a33d-4778-a90f-f71f836c7900	920	726	77	36	;
021e6b4b-5b0b-49fe-8df3-4fc2ede779a4	1001	726	108	37	books
caa9571c-11e7-4535-9b27-010320c24b0a	1114	727	99	37	from
a103cb19-7e66-4119-b8fa-d39c96f76c1e	1217	728	82	37	Gen
00cc2366-9494-4d34-bf49-3ae763936b1a	1217	728	82	37	-
76f1546d-8ddd-40f6-96d1-b7ad57028e48	129	757	80	41	tiles
e7f481a4-0bde-4fd9-aca5-0754d214c417	214	758	55	40	to
6dd48483-874c-4e4a-b449-20406f4b9916	274	759	105	41	Jews
cda807cb-12f8-4e21-b603-4b435523482f	274	759	105	41	,
180270d8-4173-4c53-a014-6ba5fb790cda	383	760	80	41	38
c32075ab-78bd-4300-afde-f2053cb79a82	383	760	80	41	;
66c2e54a-837e-488e-b38c-b5f5438dbfa3	468	760	170	42	Shepherd
f6393d36-fa22-45db-bac5-5521f779e2a7	643	762	50	40	to
47d1efb6-b400-44a5-99d7-16b458394b92	698	762	160	41	manifest
16c549d3-cbdd-402c-bc11-5a50004dad42	863	764	140	41	himself
d466dba6-cb8c-4a2e-8341-30c8622ebda3	1008	765	100	41	unto
dabcdf16-ffd5-4bd3-834d-1b10939c33c3	1008	765	100	41	,
3793da87-c920-43bd-84ba-6aebf34f69c7	1113	766	80	41	38
3804587a-a174-44d8-9d9e-39bc51265b41	1113	766	80	41	;
ad7dfdcc-e750-49ce-87bb-b6c54657c1c0	1198	767	50	40	to
63398acd-1eb8-4070-bdd6-b4352fa42132	1253	767	46	41	be
0f7f90fb-e15d-40ff-a2bd-6f4ff2bf7edb	126	800	174	41	numbered
ebf1c6b7-3ad3-44c9-8e6b-86092b3e6c4b	305	800	128	41	among
fd057593-7b1d-43e3-90fd-318713776f6c	438	800	87	41	seed
0873222d-71da-4425-b742-50e938dd754d	531	800	51	41	of
4b114392-7b3f-414e-9473-cfd50fef58cf	587	800	123	41	Israel
cf5ffb01-1dc0-466f-b71d-7d4d26f8cfe8	587	800	123	41	,
fb27ec3a-b803-4460-933c-a360f34077c0	715	800	77	41	39
7af60a71-f13c-4fec-8168-fca149e5d412	715	800	77	41	;
f17e5e64-7159-4896-86d7-2c20c8ddeb56	797	800	169	41	promiss
2130967c-b143-41df-9645-93f24911b8e5	971	800	56	41	to
13a97133-a6a5-441e-9546-b59a1911afb4	971	800	56	41	,
28880782-8e5e-4fce-a528-f2384792398f	1032	800	82	41	39
d13b16ba-0e47-46c7-b2c1-eea2a60bcafa	1032	800	82	41	;
bee1ee7a-2196-41e5-b409-0ed3ebe03917	1119	800	82	41	woe
6af98548-dede-450f-8b51-d6403421b398	1207	800	92	41	unto
8e30dfb9-3281-4a90-b01e-2e8e6429a4a2	1207	800	92	41	,
be5f03db-07f8-44ab-aa43-449d35e664e0	126	834	71	38	39
1a7c51c1-0137-4a80-b0d5-4bbdbc32e2a8	126	834	71	38	;
9535fcac-7c0b-472c-adab-b81e76d14131	202	834	152	38	fullness
958a4298-18db-44bb-ab56-d3ec425eef94	359	834	52	38	of
5a5dca66-d4ce-415d-9f98-31f5b1b530a1	415	834	119	38	gospel
4301f532-63bc-4a24-933d-3bac4463b2bc	539	834	52	38	to
734e7706-b959-4f92-aa17-6eeae40b7c35	596	834	90	38	come
217a23f9-4805-48eb-b192-06dbe112abd3	692	841	111	38	unto
21d50e94-a5af-4018-974a-f315aa7e1961	692	841	111	38	,
6afd7fd5-c5b2-4a3b-bb8a-46755adf5962	807	841	79	37	44
fe628c8f-0545-4ab2-9b55-023aeba2b523	807	841	79	37	;
d1f13da2-9a12-433f-8b8d-7123c2c4f678	890	841	92	37	seed
d641a896-945c-45ab-9c9f-56527a89da1f	987	841	55	37	of
0f80c150-5c45-45e6-96dd-c20a8f044a55	1047	841	88	37	Lehi
fe1b9ee3-8989-4e6d-a91f-43ec80656d1d	1140	841	156	38	scattered
3f26841f-d87f-4035-be40-d3680a3aed7d	125	869	60	45	by
075ecb82-3ffe-4f73-bc45-6652971063b1	125	869	60	44	,
3969a221-428e-4166-aac1-d995b195d9fa	190	869	70	44	45
f8a0a226-dcd6-46c5-b184-ca5589b3c1cc	190	869	70	44	;
7eab35a1-a751-470b-8504-5d69f73491af	265	870	124	44	power
1051d3f8-bdb3-4b5f-8f80-5a1d7fbfe68c	394	872	49	44	of
47b78647-7a15-4fe5-891f-199a9e27fd16	448	872	81	44	God
eba5d2e7-6896-4284-931d-e267e34552f2	534	873	199	45	manifested
a2721df8-ade1-4f0a-ad90-4af034fd002d	738	876	156	45	through
42c93668-0c18-4860-843f-55f0197f13a3	738	876	156	45	,
96c7398a-c675-4f59-9712-f741967477ff	899	877	76	44	45
cc37aee9-d349-4436-873a-1eb492333eb0	899	877	76	44	;
9fd9201d-c370-4c3a-b7e3-440cc3fa6fc5	979	878	162	45	promises
14fb8783-cda4-43ce-ab6b-613e1af2dd5c	1146	880	60	44	to
298ebaad-b024-4056-af37-04216949a055	1146	880	60	44	,
f7f48e01-39b3-462f-b9f9-c827840c8dc9	1210	881	86	45	100
edf7de10-04cd-45cd-983d-f930829c6bce	1210	881	86	45	;
794fcb37-823e-4ace-a3b4-3c9b41c7f950	129	913	92	41	must
3302c79f-f6b6-4a3d-9a75-2556396d1aff	226	913	56	41	be
d997ec0d-2cf5-43e4-b18b-6ce737ecdfd0	288	913	179	41	convinced
6f358e12-426d-4ec6-8376-4514f0976b7c	472	913	92	41	that
588a201a-9430-4f37-bf41-d6129e478d46	569	913	102	41	Jesus
2807f4cb-02ad-416a-9138-149ba56244fb	677	913	51	41	is
3f93491f-1a9a-45f9-b112-efaa81655a46	733	913	72	41	the
10ae654c-05c3-49e4-b1d8-351fe391247e	810	913	133	41	Christ
88782193-3894-4e08-bf2f-1b39fbb0dbb1	810	913	133	41	,
0be80bed-b10b-44a2-a248-c075bc985716	948	913	97	41	145
d032b117-f87b-4074-8270-c0e79edf052d	948	913	97	41	;
30f308b6-16a7-4533-a1de-6b005c3b4fbb	1051	913	108	41	smite
5b706fe0-6609-45d2-a416-114fd4f1b75c	1163	913	87	41	seed
cc1a60d6-28f3-474b-b12b-91cdad5d5981	1256	913	40	41	of
700b74ef-b513-4d37-9bb5-dfc249033fbd	126	950	92	42	Lehi
1a2d814f-106a-47c0-86af-1d98b2b1f182	126	950	92	41	,
99c4b85f-c23a-4778-83a6-e73ecf70e7cb	223	951	87	41	146
17c416ef-5678-4de0-be00-5bdb1244d5f9	223	951	87	41	;
da815d89-ef42-4151-9e36-5e1d4a715505	315	951	113	41	pride
7dd29757-ebb7-4614-ba5a-17f389cd315c	315	951	113	41	,
b5de87ee-cdb2-45a4-ac3b-f86355bfff92	433	951	179	42	greatness
8e3206e4-be49-4f8d-b025-372032e305c0	433	951	179	42	,
787be59e-601f-41f8-9d7a-c2b7b7f4bd4b	617	952	77	41	and
1058d587-5f06-4635-8bec-ca8ecaac058a	699	953	277	42	stumbling
2757a610-c661-4c3c-a073-f982e030069f	699	953	277	42	-
fac9347b-373e-4ea2-814b-43f418aa967d	699	953	277	42	block
98f91cb6-69f8-450f-8369-f895aab60351	981	954	57	41	of
d09c32fa-7a99-406a-b147-fcc1c0624eae	981	954	57	41	,
752c4197-8898-4db4-a22d-22f5b0bc6319	1042	954	92	41	146
109b332b-2f42-48a0-a767-f90a661db130	1042	954	92	41	;
5fb416ff-aba0-40fd-973f-67f5f74ab0fa	1140	954	103	41	build
3e277954-a275-441e-8c72-35e1c603b556	1247	955	49	42	up
660cee88-756d-49ba-8d91-ae4ef34ec28e	126	987	102	39	many
c245923e-416b-4e53-9691-9a51092427ae	232	988	167	38	churches
eb7db0de-dbbd-4a49-8ebf-191f295fd4f6	232	988	167	38	,
31edab19-99a2-4112-b6ed-3837b9b94f9b	403	989	88	38	146
a32d1954-2964-4785-8318-11d8d04cc9ae	403	989	88	38	;
bd4eeabb-3003-4c6c-a4d6-1dc5af3703d5	495	990	74	38	put
4327fd2d-1d06-4999-b419-d91f495b5e8b	574	990	102	38	down
79b063d5-9655-40c5-8fd8-234ab8f2f2ef	680	991	111	38	power
b5ef10fa-0a6a-4150-94ad-b69fce1706d1	796	992	79	38	and
6555b932-3e55-4f20-a2e6-ad4555375de0	879	993	153	38	miracles
0ba644dd-3be0-437c-aa64-9cd83e6a6bca	1036	994	47	37	of
95bca90b-d0ad-49e3-a3c2-b97892f6d32d	1087	994	88	38	God
0ca4922c-16a7-4300-a94d-c6ef30648b83	1087	994	88	38	,
61f562d1-00bc-4c90-adb8-4a86031bddc5	1179	995	117	39	preach
4f73016b-0087-4d0c-a541-1e69c6fc5408	126	1026	90	41	their
4de993e4-2a7c-480e-869f-21e98bee023e	221	1027	75	40	own
c02eabaf-087d-4369-8bb3-539d1ee0fbd0	301	1027	160	41	learning
6651f9c4-bed3-43e1-a640-db2f495179cc	301	1027	160	41	,
548487cd-3248-4901-ba07-ba34abc49054	465	1028	90	40	146
f6938acb-67c9-447b-a383-33729746631c	465	1028	90	40	;
62c6afca-7b45-41c1-8c30-0189522688e3	560	1028	105	40	grind
e614e8ab-726a-470b-a040-4bfc54c65278	670	1029	90	40	upon
7eb27c34-dfae-48ea-b3ee-2b9ecc1dbcd3	765	1029	85	40	face
2feec80f-d734-4339-92a7-36f2f2ccb371	855	1029	45	40	of
ccfcbae6-66a1-48f2-bc43-d476f35a271a	905	1030	95	40	poor
076ea1f1-032e-4f0e-bc7e-23e6723d16aa	905	1030	95	40	,
a6979045-e4e1-41be-8412-467222c947b0	1005	1030	90	40	146
0f0d3e31-25fb-4e60-a073-d385f94defa8	1005	1030	90	40	;
83720ddc-4d91-47b4-9054-ab2c9e7fce4a	1100	1030	110	40	seeret
97e64319-d28f-4e42-aa11-b8fff2bd05d2	1215	1031	84	41	com
f0160140-77fe-4d8c-80ba-1a7589e21146	1215	1031	84	41	-
fc33e951-4d8c-416c-9750-c127de9ebdba	122	1064	161	40	binations
687e0613-7af3-4d94-b2e3-f39ea9f4c544	288	1065	59	39	of
83f3fa92-bec1-44d0-b4b1-6785c6ca7de3	288	1065	59	39	,
67a981c8-3433-4d9c-942f-8463571160c6	351	1065	93	40	147
883334e8-1de8-4c2b-8287-14a17a9853da	351	1065	93	40	;
f51e8607-38b3-43e6-bfa6-4d1a4062e5d4	449	1066	73	39	and
d5e977e4-67b2-4c4b-84b3-b1705c0b8d5d	527	1067	78	40	Jew
b843a51f-03f0-42d6-8de8-bceec59b57e0	610	1067	98	40	alike
74f11bbf-9a1f-4e66-8d53-4e2db30f480e	712	1068	88	40	unto
b0c7bf8b-ae26-4493-a9e7-cb62eb22fb18	804	1068	88	40	God
58c792f0-db8d-4980-a1e8-ffc9887c449a	804	1068	88	40	,
8fec99db-1ccf-4b25-b67a-8d57d06b2a6e	897	1069	93	40	148
1eac71f2-8150-472b-acf6-f39457bebbe4	897	1069	93	40	;
812c5f2d-32f1-4503-9de5-fc6ee113c981	994	1070	98	40	shall
aa693f64-f654-4f00-9a5f-e0df47d551ef	1097	1070	49	39	be
b01aaf4e-82a2-4433-84a8-3f8c34894872	1150	1071	146	40	drunken
2dde997e-870f-478b-ba47-b01c40fd6e54	123	1105	87	41	witu
672436c6-dbd8-4deb-8442-3ec2c7d1022a	215	1105	154	41	iniquity
12d71308-ced7-4c86-abc9-4f2698fdb6c1	215	1105	154	41	,
19e35644-9333-4421-a9c3-bb9d12d7cf41	374	1105	92	41	148
0de2d672-aec5-4a0c-9a99-6e26dcc18e3a	374	1105	92	41	;
8ac87c22-00ce-4725-b667-03e1e66d81be	471	1105	46	41	to
d40428c4-d8bf-4c86-b907-fc3e67954908	522	1105	51	41	be
d33b8728-7b4d-4197-95fd-02d19160b841	579	1105	128	41	visited
848437fa-9bde-4599-b38a-835913464796	712	1105	87	41	with
76c0450d-704a-4def-9cf3-370c9a849c72	804	1105	220	41	destructions
12473722-355f-49d4-acce-4c4259bdf010	1029	1105	92	41	from
59dbac85-c3e5-4a4f-972a-e4973fc85db4	1127	1105	67	41	the
42694907-cfc3-488e-80b3-c8857e9733c1	1198	1105	97	41	Lord
760f3144-7160-416e-a8ea-a0d5464a5af1	1198	1105	97	41	,
0b44ffbd-fe4d-4ad1-8133-1ccc6ad4bd17	126	1143	92	41	148
1de69f02-6d9b-4b75-a9d7-48258845e2ba	126	1143	92	41	;
3853f7e0-7774-4b92-8f69-d181ce52cbf2	223	1143	77	41	will
208f501b-fba9-4cb2-bbc4-5ced0c6ca792	305	1143	102	41	deny
2f6a0a08-44b3-44c4-83b5-e98cb8e8adf2	413	1143	87	41	God
c38e450b-0580-4377-a924-cce808089ee5	413	1143	87	41	,
9e1a6c80-7bd1-4aae-96c2-9eae5d248c73	505	1143	97	41	156
ccde54ce-5df8-47d4-941c-784fea0ee891	505	1143	97	41	;
7b26dabe-92b3-44d8-b055-de5b2acbb6da	607	1143	97	41	shall
88391164-d740-498a-b234-f3359f15bc9d	710	1143	77	41	say
61a6c9a2-7a19-446c-9ea7-76975fc82685	792	1143	72	41	can
ef1051d5-41a5-40e2-b6b9-c39c8d74d6d8	869	1143	72	41	not
02dfe9c3-25e7-4e32-bca4-a84b938ec0b2	945	1143	56	41	be
b0f05bc8-57f4-470d-af00-7ced4d7cb010	1007	1143	77	41	any
789ea9b8-ca4b-4ca6-bf3a-9e14520b0e7b	1089	1143	102	41	more
557c948e-53f4-402f-9351-79df5c19ae17	1196	1143	99	41	Bible
4e1ad751-363f-4f80-b550-36352b458146	1196	1143	99	41	,
34ef46e8-6d09-4958-aa0c-deda5416f199	123	1181	98	41	156
c3dba0ea-2ff8-46da-9536-c3b5c90430fd	123	1181	98	41	;
2733bf37-157c-4f54-8a86-131b23ce7da0	225	1181	87	41	who
56b90948-3627-4c77-9a7b-0c3086f968cf	318	1181	128	41	repent
f2fe9b41-02b8-4563-a33f-3a81228783a8	451	1181	77	41	are
3bf74f07-a0a7-436b-9071-ce461100d4d8	533	1181	174	41	covenant
fdcc09c9-7451-4d96-a6a6-f4d1bd8ec05d	712	1181	133	41	people
bbac692b-f837-4122-9fd7-2397808650d4	712	1181	133	41	,
67615aeb-31ac-4b9d-8d5a-706a9872da18	850	1181	113	41	158
a914f683-af84-409f-a55e-d3487d037248	850	1181	113	41	;
839a3fc8-f81e-4067-8b8e-2297ec6ffd8f	968	1181	123	41	Nephi
78ed6642-755f-4faa-9d2d-327fd647300d	1096	1181	197	41	prophesieth
37550b39-47a9-4fa4-a849-59c74d5d7c3a	126	1217	195	43	concerning
154ff3e7-d829-4518-a08b-1bfbe52745e6	126	1217	195	42	,
0522e20f-8526-4bda-9b91-83c0b76b0647	325	1218	92	42	158
39903ec3-e1de-43a0-8d0d-99c3c3159e13	325	1218	92	42	;
79db56e2-8a5e-40bd-9e5c-cf528b4746b1	423	1219	92	42	book
ab858281-9c8b-4d19-9ad5-49268cc99ddf	520	1219	139	42	written
47923e4a-fc32-4c4f-a8df-a01ebd92b03c	663	1220	98	42	unto
81dc8dfa-5bb9-4d64-bdf7-8a8703c4f2b0	663	1220	98	42	,
bc4bea87-dbd6-42ec-ae6d-105fdc6b80ab	766	1221	92	42	158
6b286623-fc92-4d4e-87ee-bcb511185126	766	1221	92	42	;
07765fb7-7a40-43de-81de-840bb7d75663	863	1222	133	42	blessed
b09a70e1-4e6b-401b-8f20-998a355c2894	1001	1223	139	42	because
f96efe6f-8d6d-4a05-ac94-9161d41c282c	1145	1224	46	41	of
fbfb7d5a-082c-4f6b-b3cb-47e4d6ffabb1	1196	1224	100	42	belief
db7a02ff-f7f8-4459-bd6c-4dbcc2ec3cf6	123	1256	51	41	in
a0f1e7c9-b331-4574-bc51-38aafb459a69	179	1256	123	41	Christ
68e149f3-ffc8-4d43-adc0-0059560deb4e	179	1256	123	41	,
fd10fb03-e98f-4496-970c-f622e708c3cd	307	1256	97	41	646
9d38363c-a230-4af2-a87f-d100836050e7	307	1256	97	41	;
dfab97cc-d520-4f6d-afdd-d04ed864de88	410	1256	236	41	abominations
9c962711-d019-48f4-af10-0ff4c414e425	650	1256	133	41	among
91e80398-941b-482a-9aa0-540182adf34e	650	1256	133	41	,
30ca0071-33c7-47bf-872f-38f20a8d8ebc	789	1256	92	41	646
7e4f3347-53ff-49cd-8d72-ee34ec2f2661	789	1256	92	41	;
d51f0a3f-0fc7-4061-82c3-22f17abdeac0	886	1256	164	41	promises
4078319e-834b-45c9-9f48-d6bb8fd5d591	1055	1256	77	41	and
7ae3be41-c7ee-4325-9d5f-74021eaa7241	1137	1256	159	41	warnings
f99c9077-9d1c-4801-8a26-035df4d3f2a5	126	1294	51	41	to
34651691-cbce-4d5d-bf62-215b0d119efc	126	1294	51	41	,
9a35d6a3-2684-4df7-9281-4d847179d57b	182	1294	92	41	617
92d4f807-c41c-4bfc-9612-2c2129b1664a	182	1294	92	41	;
dcec8562-4af7-45c2-b850-9dffd98884ac	280	1294	143	41	scourge
865e5ec2-bd29-46d1-a094-7e941ef3436b	428	1294	46	41	to
02fdfb4a-6296-44d4-b680-5c23062a57a6	479	1294	123	41	people
5459dd38-488d-4267-9822-691a0be628da	607	1294	46	41	of
3fe52fdc-bbf5-4133-9f5d-93ddb97b1c4e	659	1294	77	41	this
aa25c427-365d-4ca3-8eb1-23eaaef7b652	740	1294	97	41	land
2c3cefdc-b766-4916-83a8-767465918e98	740	1294	97	41	,
91d97b87-d604-412a-ba0b-20bdf1f7d16b	843	1294	97	41	660
929b7750-0da2-41c2-b14b-683fc8ec1249	843	1294	97	41	;
92856c10-f2a6-4c75-9832-f92f2403c3f7	945	1294	97	41	work
4c59d496-ba19-4459-b268-dfc44ddaa03d	1048	1294	51	41	to
682080a8-38bf-4901-8184-fc141076bda8	1104	1294	51	41	be
bbae896f-4791-498c-a133-7e35cf420b8f	1160	1294	135	41	brought
6c96efe4-93a6-4eef-a518-5a3f2b96ae33	126	1331	90	41	forth
f41cb8bf-6745-416a-acc8-d6171cd96aee	221	1332	130	41	among
ac47924b-96f7-458e-ba9f-31f709d26356	221	1332	130	41	,
ede908d3-f61b-4b72-9b01-7de2b675984f	355	1333	90	41	663
74bb5965-f7e5-4326-b264-b23f8b43e055	355	1333	90	41	;
f7f45047-dd54-4a55-8830-53b4b3c1812d	450	1333	100	41	work
f1a09d8a-2355-487b-b20d-ce17010091af	555	1334	45	40	of
c3516daf-deb3-458c-9461-f442d26395cd	605	1334	120	41	Christ
baa2fde4-e733-46fd-9d3c-56f056067c37	730	1335	45	40	to
a04cdbc5-bfae-4a52-91e7-dceda9ae88ee	780	1335	95	41	come
f0f71bf3-b770-4bc9-8f80-a2fae8eaec42	880	1336	100	41	forth
9b8998b3-ad15-4fc8-926a-8265be3aa8f8	985	1336	130	41	among
e315cac3-912e-4d74-b814-287e862347ec	985	1336	130	41	,
8fad1443-16f3-444a-b5da-be38d8bbfba7	1120	1337	85	41	662
0124eb55-0638-4c8e-b500-3fd90f5d91e5	1120	1337	85	41	,
45ae7765-adfa-4167-9801-b792430bb044	1210	1338	86	41	666
8b096bbb-60dd-4eca-8625-8a17c15aab61	1210	1338	86	41	;
38e64117-778f-4b6a-a520-fdfb6a7b5072	126	1373	41	41	to
83844c13-24ef-4a53-965e-c8a35c401898	172	1373	51	41	be
46b4b86c-f198-44d3-a58d-3b6ec22c3008	228	1373	31	41	a
25ca2bd4-138f-4295-b6f0-de4ca02decbb	264	1373	82	41	free
90f77a2e-9a2a-4183-b2e8-ef735b79b17c	351	1373	118	41	people
45faa691-514c-4ef9-80eb-6cdfb484d492	474	1373	51	41	on
07c845fd-d6c7-41cb-97b8-88d67301c422	531	1373	77	41	this
19204612-751e-4597-9343-df1253e7a27d	612	1373	97	41	land
396ace7a-15bc-4c8f-a3df-7499c8299e2f	612	1373	97	41	,
25222463-c305-4124-afab-bd8c2678ee0a	715	1373	92	41	662
ec191dc1-e2af-447f-8a86-e17ce20ff3dc	715	1373	92	41	;
b63c2b12-58cd-4737-b84c-86617d5e353e	812	1373	159	41	promises
97deb2ff-3353-4983-a74c-05a688c2a4a3	976	1373	56	41	to
040cc074-b02c-49d7-82c1-a20b9a85ad6a	976	1373	56	41	,
b749fcf5-08a0-4df3-a8a1-87484c2b7bad	1038	1373	92	41	662
1670b803-9d95-435a-9686-4cdf1f2158c4	1038	1373	92	41	;
b429d7fa-2145-4b3e-b017-394a44db23db	1135	1373	158	41	warnings
9db5fec5-e144-4b83-8c89-3e339f756f95	126	1406	195	42	concerning
244c4515-8414-4f95-ab04-f5fc9a8ec4cd	126	1406	195	42	,,
beb59e75-15aa-4123-b764-b409d7602f37	325	1408	90	41	663
d816f0a8-d26f-4170-ac49-ffda49af5b13	325	1408	90	41	;
016e7197-ca58-4a2c-b623-c8af541fb0f1	420	1408	155	41	remnant
5dd2d5d0-1620-46f7-84f5-e21ecb5b0aa1	580	1409	50	40	of
0f99c8c3-bdeb-4a5b-afe8-3bebe924ac75	635	1410	105	41	Jacob
0f7c33e8-3497-4730-b73f-0e2b693f8a94	745	1410	50	40	to
3b335e36-a215-46c4-a80d-db5ed24c362a	800	1411	100	41	tread
0da520f3-51ca-4406-9342-083b8117d56c	905	1411	110	41	down
4fd69891-a792-49ca-b288-349b84d18516	905	1411	110	41	,
ad559b0e-c1c4-4923-a554-571aa947e6a3	1020	1412	95	41	663
095d6865-e68e-4099-8e93-3e74b81af33c	1020	1412	95	41	;
4c7e27fb-53a8-4490-9174-6cd54c3aa883	1120	1413	130	41	church
e8522388-e5fd-40c6-bd95-10864117b329	1255	1414	38	41	to
f70e5c94-e561-48df-965c-004e8fa67896	123	1448	51	41	be
ab5f5a05-1661-425d-9836-c6579ad99417	179	1448	195	41	established
5fb4ba3d-4410-44c3-a780-1210ab38109d	379	1448	133	41	among
839efceb-1aa6-4b86-aecd-a6668e2a85db	379	1448	133	41	,
d4f31371-76c2-4800-8be8-db87bc7f6775	517	1448	97	41	664
fb45490f-4a08-43d2-ad0d-ebdfdecc1e48	517	1448	97	41	:
d82a23e9-d376-4a65-99db-6933dbe293d0	620	1448	102	41	three
f913b11d-72d4-4aa0-b1ca-af266c7223cf	727	1448	164	41	Nephites
a27690ea-430b-4be8-a8cf-e701189cbb96	896	1448	154	41	disciples
283aa9fe-e12e-46d6-b2e5-39639f1497ef	1055	1448	51	41	to
fdf0161c-cd8e-44db-a5a3-10291a8b2470	1111	1448	51	41	be
2ea6e09c-16d8-4f60-b07a-f5af8971c1ad	1168	1448	128	41	among
2658ff5c-7291-42be-91a2-ff3093c69b71	1168	1448	128	41	,
fa6be3c8-5419-46e6-8e53-e7616a13893e	122	1482	98	40	678
faa66c00-4cbe-40f2-9e4e-6e40b345b05b	122	1482	98	40	;
563b7c78-2695-4876-bdd9-bde65327f6fe	225	1483	215	41	commanded
4fd8c0c5-5885-4306-99a1-cc7a68490118	444	1485	54	39	to
2985204e-b94b-4494-a9ea-451090b1f3e0	502	1486	59	40	be
4c098880-b03b-465b-9de4-28d4f110a6df	566	1486	166	40	baptized
0394a957-150a-4cdc-82db-bace6cf16de9	566	1486	166	40	,
c24764e2-05a9-4318-8209-481e5a687975	736	1488	103	40	681
841fb250-4582-44a2-8389-542406c88738	736	1488	103	40	;
78c91884-b64d-49e0-99bf-e2231322bba5	843	1489	157	41	Mormon
44908750-7641-40bc-b13c-483390a89855	994	1489	139	41	writes
eedf6f0d-ea72-4c15-828e-f8a06765fc70	1138	1489	67	41	to
1abf2cb5-ff8f-40ba-9193-d53c82703484	1138	1489	67	41	,
e5e5469d-91aa-46c4-b0c3-2bbe3f2383e7	1209	1489	86	41	694
6860cc70-17f5-4848-8492-52402260b497	1209	1489	86	41	;
25d4ba9d-e274-4528-8089-878be6dfa02e	123	1524	139	41	written
dbb0daba-e072-496e-9391-11fa31f33ae6	266	1524	92	41	unto
b972aade-2518-45f9-9be2-08d4ce0ea3a8	364	1524	61	41	by
5f19f7d0-3059-427c-b59f-eccd9e9eb744	430	1524	159	41	Mormon
b5ef143b-7fbf-4a2d-a8e4-18cb37f08c3f	430	1524	159	41	,
d18f322d-849a-4af9-a48b-af12e4f93823	594	1524	113	41	699
d7cd13f5-4458-45ff-94b0-f2ac0ee65029	594	1524	113	41	;
b33b0df5-c681-4afe-ae72-c557e317d843	712	1524	56	41	to
5ca315f7-8983-499b-b41b-380453b1ed12	773	1524	133	41	receive
95ca2f65-1e54-46bb-8735-6fcf6796d768	912	1524	154	41	blessing
963fe6dc-d0f5-43b3-80e2-d3c0a5a99d48	1070	1524	159	41	reserved
a3c56ef5-86c3-4cc5-b5bf-9be75bab86ad	1234	1524	58	41	for
a8619448-2937-400d-8da4-54ba7ddb03a7	126	1562	166	38	Nephites
379c54bf-d785-4ac2-9245-cd7ffae1048d	126	1562	166	38	,
71ad19b8-0ac9-4a9a-b189-904ee0d343f6	297	1562	97	37	700
bd31499b-88ba-427f-940c-a90b97776287	297	1562	97	37	;
09f7926c-903d-4702-af55-ca007e739bd2	399	1562	213	37	admonished
20342b97-83eb-4322-9532-ac8d5dc95277	616	1562	51	37	to
3a92e757-8bff-4ae4-a1df-0d28bd784cee	671	1562	134	37	repent
0b7acba5-eef9-4980-bd41-d66f4063b26d	671	1562	134	37	,
b6da5de0-d23b-4b64-aaa9-c3cfd929d85a	810	1562	97	37	700
519abf53-e3d8-495f-b0e2-81c0ff3b6332	810	1562	97	37	;
8f355fbf-42d9-4cc6-a1e7-df212348dc8f	912	1562	222	37	remnant
491f4752-d661-4222-8a4b-99cf6d219c71	1138	1562	111	37	Jacob
2bf3d3c6-ec87-482f-8b74-799fe8cd033f	1254	1562	39	38	to
6e9c34f1-48be-4a6f-af5f-ea041d28151d	122	1599	83	40	tear
6e73d6b6-86e2-4bd7-8534-cf5179959dc5	210	1600	54	39	in
8db7e885-9d7a-4c57-b2d6-9112a3c474e4	269	1600	127	40	pieces
be8599b1-fff1-469e-986f-8d7699f0158a	269	1600	127	40	,
2aa0f549-60b4-476e-8584-b9d0450cd368	400	1600	83	39	663
ea104230-d966-440e-bc63-ed4cefd6a0d1	400	1600	83	39	,
facdbb43-f5f8-4afa-8cc3-a4fe750d00ab	488	1601	102	39	700
7e17ca84-0cb1-4c6f-9475-5a092475fd6f	488	1601	102	39	;
d3749975-de94-4ecd-9627-ba778c16677f	595	1601	141	40	warned
b973b5b4-4df0-49a3-bb78-e97e800a9911	741	1602	59	39	by
eeea7a93-aa45-40c1-86b7-f7c2f63e14a1	805	1602	156	40	Mormon
dbe89ee3-7465-4115-9e10-c7d9e63036cc	965	1603	200	40	concerning
cc9cfa76-7c61-4cf1-8001-cc758e3b2336	1170	1604	123	40	decrees
3b8622d4-d638-4e0a-a3da-6b9d7ac3da5a	120	1637	53	38	of
a3c8092c-e235-4060-bd30-c2afbcd55dc8	177	1637	90	38	God
d138550b-b53d-4847-8233-729c4aaacc0f	177	1637	90	38	,
7eb7b9b9-eba0-4e94-bcc3-607ac0edbab4	272	1637	95	38	717
2589f2c8-22d3-4fd2-95ba-1289415ed68c	272	1637	95	38	;
606fe31e-5a4d-4a8f-b4c3-bc9823cae875	371	1637	119	38	sealed
166b9aaa-bed9-49ec-a900-1fe622ca8280	495	1637	138	38	records
94998e7f-bedf-4ed7-9b96-13e1fbd871dc	637	1637	71	38	not
2e82b416-a1c7-4f42-aa8d-299c935db3a4	713	1637	52	38	to
95603280-ee28-40a9-bdaa-f83063d1160d	770	1637	104	38	come
ee82a403-b4ee-49a1-bb35-f6a7c0df2ec6	879	1637	100	38	forth
5510c3da-8ca8-436c-a746-4f6bff3a0a27	984	1637	52	38	in
aa21d563-52fd-478d-968d-3bca5dabb357	1041	1637	95	38	days
18a783f9-b545-42f5-a770-be8cc7ba70c4	1140	1637	57	38	of
006aa9ad-a7b3-4155-9aab-2ed571d11b0f	1202	1637	90	38	wick
05f3a1b7-52dc-42d0-a3af-70859fd9f953	1202	1637	90	38	-
752e37a4-9738-4cc3-bc4f-f26f82013030	122	1674	111	33	edness
5f77f4a1-e87e-4540-a3a5-02b70d3c1a91	248	1673	64	40	of
05510967-9fe3-4cd2-bcaf-b25f5839f2ce	248	1673	64	40	,
d1c8a16d-6eef-4a0c-b956-eacc7a5ba892	316	1673	98	40	724
5f4f740c-2b8a-4036-b73c-667eecf0b2b0	316	1673	98	40	;
f6b3999c-b435-4d58-b41f-016a9ff00df9	419	1674	146	40	warned
468c46ce-5914-4a7b-9b4e-71e3aecdfd9f	570	1675	142	40	against
4de4fc0f-2cd6-4990-895a-ef340c18fb7e	716	1676	117	40	secret
421221b2-414e-4505-9c11-d816ce0bda56	838	1677	249	41	combinations
6a3773d3-5d4c-4de9-b0a6-aa22e17db879	838	1677	249	41	,
b0192290-d41e-4537-8cb7-8146c42e6a57	1091	1679	98	40	734
67e6a38d-543b-4df2-a8e6-7e14ceeb0cc7	1091	1679	98	40	;
8f6891df-a58c-4cdd-acfc-6948aaa45900	1193	1680	103	41	weak
79b0af19-b3c1-45e7-b9cf-8ac45f4584e7	1193	1680	103	41	-
9c3b32a9-b573-4170-b159-61b4e5530e52	119	1712	84	43	ness
0c71894c-0e99-44a2-afe6-b1c638194320	208	1712	42	42	of
9153ef2a-7411-4369-9986-0e85c7840cc4	256	1713	47	42	to
d3f5e308-6b5b-4aa7-be9a-713bc0ae8fb1	308	1713	47	42	be
33b02e21-8182-450d-9efb-153cae10e249	361	1713	121	43	shown
2fbf1e4d-fa44-45ce-8615-68e3cbcd68d4	487	1714	100	43	unto
327d4538-5580-4065-95fa-762834ced116	487	1714	100	43	,
0be4fd1f-53c0-4d84-beb4-9b4f4035a205	591	1715	100	43	748
d8e7400e-24ac-4267-b49a-3f06740a483c	591	1715	100	43	;
f30ff9f0-802d-4a2a-931a-1d3476d75a5a	696	1716	137	43	Moroni
280d9dc0-9cec-4e58-b587-d67132f6b575	838	1716	79	43	bids
61c68910-2237-4108-9e15-bd3c9ec87b10	922	1717	147	43	farewell
366ef02f-35f3-40a9-a14b-e1562b1bbad7	1074	1718	58	42	to
0a21a546-f04d-435d-b377-6bae924ad826	1074	1718	58	42	,
e39dbdc1-8f36-468b-8f62-86c78f6b5cc7	1137	1718	80	43	749
5b1b6510-3b06-4293-9508-3272feee0cad	1137	1718	80	43	.
d06fb59a-7e60-436a-8d6b-36d8e0a6c3c4	85	1750	82	42	Gid
6abb6347-5e6a-4b07-8f53-a70f6d59cec1	85	1750	82	41	,
a0c373a4-b855-4eae-ba6a-3f14873c92eb	172	1750	98	42	chief
2b82d112-cbc8-4c86-84a0-5644c84587b1	274	1751	139	42	captain
030b9824-f971-49e6-b333-c21fca88d11c	418	1752	123	42	among
22759b90-24d6-4c7a-a9a7-bd4fa1b2458c	546	1752	169	42	Nephites
c1f97e5f-f42d-408e-975f-bf671e6e9cea	546	1752	169	42	,
6d0470b7-ccbb-4619-9806-d9a2a1eafbde	720	1753	98	42	519
3aa008c6-b4a7-46ff-947e-5aa7a63af582	720	1753	98	42	;
02d74c8c-228d-4479-a0e7-8242e8b5b943	822	1754	77	41	and
b0a45d6d-fee1-48c3-b8a0-cf7109ec6a07	904	1754	164	42	Teomner
18b8fc3a-5c7d-4e05-a153-6f7125f73dce	1073	1755	87	42	take
4355de8d-b2cc-4255-96a5-3beb6c1f9661	1165	1756	82	41	city
4aceaae8-505b-4dc6-88ee-8c682d26059f	1252	1757	40	42	of
474fa0a4-f410-4289-9620-f6ccd1a28bf6	123	1791	115	36	Manti
c813cba1-7fcb-4e0e-904f-5c1f1ade5d7b	123	1791	115	36	,
f79d458a-4e3e-4e1f-9c5d-1a576fd14b83	241	1790	80	35	522
18de59d4-b4fd-447a-a583-e40f4db2243f	241	1790	80	35	.
a470137d-437e-45a4-b48c-dfc1891f0ff9	85	1826	77	41	Gid
373f2550-48d6-4dac-90a1-25f336f3bc2a	85	1826	77	41	,
8aec5df6-a5b6-4d55-a04f-b684caae6be4	167	1826	82	41	city
d6eb5f75-4c7f-4d58-8d79-3559b00114c9	254	1826	51	41	of
1f0b77a9-bfd0-4d73-9471-0fd4def75784	254	1826	51	41	,
15440788-301d-47de-8858-44832bc300b7	310	1826	108	41	taken
0b9ec355-9418-45b6-958c-34d01b583823	423	1826	51	41	by
13b41549-3183-467f-9b04-df47f2a4e3e7	479	1826	210	41	Amalickiah
5cd2552b-bd89-49e2-90b8-b84309d42843	479	1826	210	41	,
7cd6f927-5e9c-4311-ba26-3fe4e240aef1	694	1826	92	41	493
b79b5e65-daae-42ba-b639-9f0b13923ca2	694	1826	92	41	;
70a3f428-a573-4e0f-9d31-b19a48fce362	792	1826	154	41	Nephites
7046ba2e-3ea2-46ea-8e19-e7a6d51b4287	950	1826	149	41	guarded
55a573a6-4f10-484c-9a86-47c501b7d597	1104	1826	51	41	by
eaccf744-a07d-4b22-99a2-7a144b8d2c21	1160	1826	132	41	Laman
5e83fac7-1cda-4866-8f8c-7d502160fcb7	1160	1826	132	41	-
82b79d2e-2e69-477e-bc02-9f8b93a5160d	120	1867	72	41	ites
09c0ad69-0a74-433d-a027-28ab58eeaa44	197	1867	51	41	in
1e9b9aef-feab-485c-9c2a-1430d31ad30a	197	1867	51	41	,
76ccf873-b870-4393-98c9-2791bd7c9159	253	1867	87	41	506
6b1e7198-f1fb-4e26-9cb2-b43863e7777e	253	1867	87	41	;
20ea0338-b820-4967-bf68-cc5cbb0ea9ad	345	1867	128	41	Moroni
12cdb348-ec76-4efc-bec5-41e77a3d1b93	478	1867	92	41	arms
e2b1024f-1c9d-4d7f-8263-867dd7849c5f	576	1867	164	41	prisoners
3553b2e3-c67a-46ca-ae3d-8b9cccae791e	745	1867	51	41	in
2c558159-b7b4-4491-aeeb-ae7b35e36346	745	1867	51	41	,
90da672a-55f3-4756-bc96-ff860b1bed86	801	1867	87	41	507
09aa227d-f868-4c87-81ef-7df8bd23d3ef	801	1867	87	41	;
8d53e6dd-ea3d-42fe-9dae-5a1a47a15d47	893	1867	210	41	surrendered
4b0a6dbf-fd60-42c5-9f97-704a30dbfc07	1108	1867	46	41	to
33f5134c-bf30-4d8b-ab37-e295bdd6c8c8	1160	1867	130	41	Moroni
ceb67f3c-225e-43ca-8a1a-30fd4e563fab	1160	1867	130	41	,
fd69128b-1de8-487e-be00-82d56ec9511b	122	1901	87	42	508
ad1eec80-8766-4c33-8578-1926dcad83ec	122	1901	87	41	:
911448c9-253d-4b2d-a3b3-6fedfbf0f75e	215	1902	139	42	Moroni
b57d23cb-bb6a-47a7-b2b6-c0d688d2e8e6	358	1903	123	42	causes
8c56de07-6f21-4bcc-bf4e-988aa79a8eb3	486	1903	190	42	Lamanites
2ede5bfc-3269-4d08-8e91-95b9fdee4029	681	1905	51	41	to
63fab26f-ad98-46dd-879f-63fbdcf1a95b	737	1905	103	42	erect
65da477e-c489-4e59-ab0f-9b1cc8763b7f	845	1905	231	42	fortifications
d8424342-11b5-4f1d-bc69-c1eb509f890f	1080	1907	118	42	about
a40d9dd5-4f93-4085-82d5-1fe8cd8c2576	1080	1907	118	42	,
8ad56645-bedb-4979-b835-1c75154a00d3	1203	1907	87	42	508
7c5105c0-6560-4b42-9dd0-8142522c24d9	1203	1907	87	42	;
b028dd84-6dbe-4cb8-8448-33cf1e3718ad	122	1939	109	39	Nephi
5a42bd14-353a-4801-9c02-3ac852fdb07b	236	1940	76	39	and
83af3ee5-6f6a-4bcb-8bd9-923884905748	317	1940	86	39	Lehi
b4d90a0d-70a8-41f9-8234-f31bd37d3b95	407	1941	124	39	preach
67b68c75-baf3-4be4-a326-a3a4a88d1356	535	1942	62	38	at
828e03a7-ae6f-4e18-9c24-c8c7207cc15b	535	1942	62	38	,
283f28b2-c021-4bf1-944f-4d6e6005bd9d	602	1942	78	39	557
fc1c816f-1c84-4399-a3fe-561fd3364fb5	602	1942	78	39	.
2ef6ead9-e1f5-4d41-9116-38f26b86e8e7	85	1977	185	41	Giddianhi
8e0a34a3-ac4e-444f-834a-47255b383835	85	1977	185	40	,
cf8b14cd-0409-49c5-83ae-d999787cd7e0	275	1978	166	40	governor
2dc4517e-4299-49c5-8471-a9aeb76600ee	445	1979	54	39	of
ee944990-f805-4500-9b4d-afb6338fc7dc	504	1979	137	40	society
e26d530b-44dd-4e07-9abe-a480095ea6fd	645	1980	54	39	of
b99161f0-54fd-477b-865a-10748ffc5a20	703	1980	195	40	Gadianton
e7a4f33f-c3ba-4b30-a898-ae65873a329e	703	1980	195	40	,
b4fda7c9-10e5-4af0-9a8c-df3209adf030	903	1982	98	40	607
d0473e11-fd5c-41b9-b616-13776c78c4ba	903	1982	98	40	;
39c75d0b-391a-4ce7-bcff-066569bea748	1005	1982	146	40	robbers
1a96c61e-ec28-40da-9f4a-5b53c2d65f52	1156	1983	49	39	of
85012a7b-9fe3-4211-b860-2633fb6776bd	1210	1983	80	40	take
9ccda20a-5695-4575-9bdc-baec8ae9c8e2	122	2016	190	39	possession
e15544c3-5558-4d0b-b27c-2dd6efba9c12	317	2017	62	38	of
13596807-06ea-4341-85ce-08ace8fcdccb	384	2018	119	39	lands
763dcca5-50c8-44d3-9d29-bdcdd2d9bdb6	507	2018	147	39	vacated
450eed10-48ce-42fa-85dc-c9018c3ba4e4	659	2019	67	38	by
4b52a690-c16f-49f6-83fd-c3d52d087a62	730	2020	181	39	Nephites
d881345c-fa14-4fce-a686-a3af6fe4192c	730	2020	181	39	,
4e52f0ac-6dbc-4f85-b820-76f2bb395868	915	2021	105	39	610
7b4ceb38-c0fa-4971-aa5e-4f1cb0ced2fc	915	2021	105	39	;
8744966d-bbe9-45f4-bd4a-7a273ff98bc4	1024	2022	133	39	orders
567bd2d3-b994-4b5f-b7a1-1d21cbc6f396	1162	2023	128	39	robbers
f6b3aa9f-88f5-488a-a1bf-19a2b380f354	123	2056	132	44	against
9433f484-db9d-4282-bd6b-559b9d5b2016	260	2056	159	44	Nephites
7cfc9370-2c9a-440e-a5d2-e2b5506e64c3	260	2056	159	44	,
859cbc9f-babc-4638-bd40-cd1f19a462aa	425	2056	93	44	611
6d101b5e-04af-4846-bfd2-db624afe8ff6	425	2056	93	44	;
b42fab00-ceed-4639-b49a-982c6a6fe434	524	2056	99	44	slain
697c89c5-fb4d-4364-8f1f-6cdc15d9a633	629	2056	49	44	by
13e7ddbd-ad49-4869-a7dd-844e396a08bd	684	2056	165	44	Nephites
02d22eef-0ae5-4e96-98aa-65564b394172	684	2056	165	44	,
dd464456-d6d9-4d59-ad3e-b30027535b23	854	2056	83	44	612
60838cbe-1890-4b44-999d-0d5528701e6c	854	2056	83	44	.
