ID	X	Y	Width	Height	Text
059141ec-40f8-4ccb-87a2-d87250c9da96	613	66	173	48	INDEX
1c8b94bf-d0ad-466e-a358-e2942ba4b036	613	66	173	48	.
0857035e-0c26-47f8-be31-064a3e5ab5f3	1233	69	72	38	805
ac4e4e96-f671-4236-b46d-169d3c88e705	129	145	210	41	Amalickiah
b9afa499-597a-4cc1-a549-b28fa035faa9	129	145	210	41	,
0e6ea569-1788-457d-ab22-861fccaf9de1	344	145	102	41	475
5744326c-9576-4853-b331-50f42c280070	344	145	102	41	;
95174eb9-d408-4959-aff7-cfed60f65e09	452	145	205	41	Amalickiah
6b55b421-614d-4cf1-9c42-e71469531614	662	145	195	41	surrenders
f6012efc-18d0-4af9-8f97-dead80780e35	861	145	67	41	to
c842e084-0e8f-4aea-abe6-751d94785576	861	145	67	41	,
c5d3b7ee-6f5b-4a7f-b8ba-488aa612a8d7	933	145	97	41	475
b0bcd26d-8db9-4190-b089-1295b5d5636d	933	145	97	41	;
7c500bd6-c435-46f2-906b-e8d705153664	1035	145	118	41	death
09ba24b7-fdf5-4dac-9b18-6e6325dc40ac	1158	145	61	41	of
b377dc5a-dfb5-407b-a84b-5fae80297f16	1158	145	61	41	,
104d06d6-7166-4419-be01-1f01f5746d05	1225	145	77	41	475
1c79353d-66db-4c21-992b-bb1dcbcba500	1225	145	77	41	.
7c081c61-334b-4f2a-88f3-0d1d54db4d7c	94	183	143	41	Lemuel
9ed4ea37-7e2d-4b0c-b60e-3503fe48595b	94	183	143	41	,
0ad2389f-1701-4ef1-afc1-42c3104ef4b1	242	183	87	41	Levi
9a4dd020-2136-4678-b04f-2b1918463c15	335	183	123	41	speaks
2564774e-6cc3-4ac6-8df1-977eaedb2a19	463	183	61	41	to
2ccdb4ab-46e9-406a-ab2a-0aefeec9d67e	463	183	61	41	,
c59c23dd-c962-4951-9548-9aa0ebfda169	529	183	56	41	5
7eaf9e12-ea4e-4a7a-9fae-ae8a7206efc9	529	183	56	41	;
5b71d877-f174-48a5-bbda-576b12ff1013	591	183	210	41	murmuring
3f5d39da-46c4-456d-9425-4657735bf14d	806	183	56	41	of
6581358c-a953-4454-b060-8e63cbf45775	806	183	56	41	,
ac3015cb-19f0-4db5-bfe4-862840b0a3a3	867	183	46	41	5
32a58c68-e2cd-4b61-a4ca-8d6bd027c1c3	867	183	46	41	,
1aa717d1-5857-4a05-9165-858f8b2bb53f	918	183	67	41	49
16f27358-e520-41ed-8ef1-52f87a80d3ca	918	183	67	41	,
17ac0507-8ce1-434e-a43c-206760cd9aa2	990	183	77	41	54
6c7fa953-d468-4d0e-9ce6-f239c3db3e05	990	183	77	41	;
2482c6be-2b6f-476c-ab60-fc25be34a052	1072	183	123	41	valley
b82acec5-f121-40ce-a69d-08c65771476d	1200	183	56	41	of
ecd13b9c-2a31-451e-a1cb-a31d523d85d2	1200	183	56	41	,
0ba63512-a9a3-40d9-8a2d-a526e0e152a9	1262	183	44	41	5
f787ddc9-6799-48bd-bebf-1ded2a4b61d0	1262	183	44	41	,
cbc32c7e-f261-48bf-b450-269835273880	132	224	78	38	48
94b88a32-7d38-4ec0-a651-6a888f60df95	132	224	78	38	;
049367ca-7ada-4254-9a0d-f9464829fbc3	215	224	166	37	hardness
a4e9bf33-3077-46cb-bd0e-63ed41baac1a	386	224	83	37	and
93dd5d6a-6e9e-4d52-9b78-c5f0a9f191eb	474	224	148	37	cursing
1e02a7bd-4968-4498-a336-e2c8b4543570	626	224	65	37	of
14f9def5-0f3b-4540-8e60-464568bb013e	626	224	65	37	,
e9fbd2e0-d47f-474c-87e8-d08216b51eaf	696	224	60	37	6
35f70f45-e930-4a4c-833b-e4331e34cafd	696	224	60	37	;
91c479e3-2ac9-4765-aaf6-f6c29797fd98	760	224	76	38	and
545bc6e7-8372-459f-9ca4-9b5f5f203f7b	843	224	148	35	Laman
3fa35002-8fdc-4427-b3a6-8b8095f2edc4	995	224	123	34	angry
3dc5f7de-d15a-4eaa-af1f-824526bc6065	1123	224	102	34	with
efcd6fee-081f-44fe-82d0-1c7dc61f3cb8	1229	224	70	35	Sam
6c37b176-9d00-4647-a281-eb798d815039	129	261	77	41	and
22ff64ec-a885-4a4f-93e1-f7e5300e5003	211	261	123	41	Nephi
2fc71067-cfd0-4e8d-a9b9-d01a1a767f01	211	261	123	41	,
d3574fad-2605-487e-b5dc-62e31b55d711	339	261	56	41	9
455d9dc5-f379-4655-939f-014b8648e84e	339	261	56	41	;
cbcb495e-7e91-4dcf-a66d-b4c6a16d4968	400	261	113	41	angel
82d9b552-4f5e-4443-814b-2ba47871fe10	518	261	123	41	speaks
50fb34ac-4401-45c5-9411-79a367ede7da	646	261	61	41	to
d289d929-4989-42d3-956f-74a60ae919fb	646	261	61	41	,
4b71be84-6ff4-47b8-94b3-0004655e37eb	713	261	56	41	9
be586fdd-38c9-4995-ba4c-a96a46e0ccea	713	261	56	41	;
4e16c3ce-d321-4b8f-b618-2de4fb206cc5	774	261	143	41	returns
aae68b08-a0df-4335-bc22-dee03735cc5d	923	261	51	41	to
391b0b1d-105f-4a63-9482-9a4ca7c104a0	979	261	200	41	Jerusalem
57716b6f-1ab2-469f-8683-0613cd2a748c	979	261	200	41	,
2f2346d8-b79e-4fbc-b688-c017e92c1366	1184	261	46	41	9
203814ea-ea83-4b74-aded-c9253f99e31a	1184	261	46	41	,
b1823d63-e5a1-42c4-967f-4e3beda1f7f6	1235	261	67	41	17
5f7aeea0-7395-4dea-87cc-46e762a2ab7e	1235	261	67	41	;
f47b667e-140a-4b7b-9880-3e7fa69316e4	132	299	153	41	rebellion
e6341848-3cf9-4541-8a10-cfe26cd7ce59	291	299	61	41	of
794326a8-cb92-4c3b-999c-fd380cb3a3bc	291	299	61	41	,
e03c9e2d-660c-4e66-a774-7a00beb75d93	357	299	61	41	17
2941562f-1931-40c8-bd50-a0c3db995cd6	357	299	61	41	,
073f5b5a-29e5-40a0-a3dc-0c096390baea	424	299	77	41	58
7efa2baf-04cc-4bfb-8860-739690e5ab10	424	299	77	41	;
0bf22bf2-ee63-46b8-b2fc-a742e1f29387	506	299	186	41	repentance
0fd2dcf4-0393-4634-a2eb-02c653f64ecb	695	299	72	41	of
ba6b5f3a-d5da-48c2-bf2c-1cd375ac5036	695	299	72	41	,
13dabb44-a1b0-4fdb-a14e-19164122c8ac	772	299	77	41	19
65afa61e-c6cd-46cc-9550-ff7462048013	772	299	77	41	;
f899fd8a-e26e-489c-b156-b029fb847283	854	299	92	41	Lehi
53217299-003b-441b-be55-6d167410f390	952	299	118	41	dwells
8e149b7a-4b6a-4eec-a0e7-b11b9891e5f5	1075	299	51	41	in
d48787b4-8d75-4b52-a289-0455c1d4855f	1131	299	118	41	valley
95f0bcb3-5ca0-4bfe-86e5-d6084b6ae936	1254	299	48	41	of
7308fe65-ef28-48f8-9390-bb697c6a3ee2	1254	299	48	41	,
c64c87f8-b628-4d81-bc47-ea61cb9297b6	132	337	66	41	25
c7609678-93a8-45e6-b8a4-f14bbd1070eb	132	337	66	41	;
552191cc-08fe-4ad3-8db2-956719ba4410	204	337	184	41	chastened
0644a200-14e9-466a-a363-63cac5032960	393	337	46	41	of
9441af60-2a76-476a-93f3-6163ee9b8829	444	337	108	41	Lord
e376be46-cba8-4b18-ad61-317c0f454c83	444	337	108	41	,
1e053a08-90ec-427a-a8db-0b4cbd5b06fe	557	337	77	41	52
8a608c30-2674-44c5-bb9e-3e264771c70f	557	337	77	41	;
8052a950-7151-4dad-ac90-384e01182212	639	337	138	41	shaken
a7cf3ca2-64e3-47a4-9465-e04f31dc50ae	639	337	138	41	,
c196239f-8ebf-4117-b5da-fa1fe909dc59	782	337	77	41	59
68e642ab-23e6-4b68-bf24-f73604a70829	782	337	77	41	;
9af544d3-176a-479a-8593-46f43622ba44	864	337	113	41	about
58666865-e936-47ac-b846-47cbc83f436a	982	337	51	41	to
225c297b-0314-4985-8794-da8e2d848e69	1038	337	149	41	worship
4a3a2d87-ee49-485f-a8be-64cc08af0dd4	1192	337	110	41	Nephi
4e8c04d7-641f-4fee-bc53-0b84cf4c49e7	1192	337	110	41	,
7f0bce02-29a2-4340-9de2-3638570559a6	129	378	71	38	59
fe100776-dab3-4015-abce-05578c404158	129	378	71	38	;
18b155a7-a033-4dea-8959-be65418b9362	205	378	109	38	binds
459bd6b2-2731-4d10-a345-de7b1f2a5d4a	319	378	119	38	Nephi
b384461c-3151-4abd-a320-0831def8ae5a	319	378	119	38	,
482829a4-0c6f-4e8f-9c07-aa0b7544cbb9	442	378	76	38	61
6a41217c-99b5-41ae-ab13-f4caa6d04bdf	442	378	76	38	;
9bc8f353-038f-4d4f-b368-170d6a8384fe	523	378	90	38	sons
4262e3c4-4529-44bd-be01-0b860ff42264	618	378	76	38	and
74deb181-59bd-4732-a956-a0dee8204bee	699	378	180	38	daughters
d8d437c9-bd3d-4017-a266-4c955f20c1e7	884	378	128	38	spoken
a371f4e4-eff5-437d-ab55-932efbd25afa	1017	378	47	38	to
624aeb95-f7d5-4f7f-861a-c4a531d1f86e	1069	378	57	38	by
f95ee516-ef09-44bc-9054-6c8afbb583bc	1130	378	100	38	Lehi
bbdf6616-d83f-4c6c-b828-555ba09513be	1130	378	100	38	,
08c5bb08-7124-43f4-b2f8-96a1bbd01c7e	1235	378	67	38	91
0b20fde8-cae5-4f57-877f-2fd12ea995a6	1235	378	67	38	;
3a9d70b8-f063-40ab-b16f-251e84b671a1	129	416	85	41	seed
e40e4a30-04f3-44cd-8910-e801ab2d3ba1	219	416	55	40	of
07e1e1e1-4d6b-4eda-8835-eb9df94bf61b	219	416	55	40	,
3d3962b1-eed8-415f-bbdb-02581f1be3d8	279	416	70	40	not
86ce92ed-fad0-4bc8-ae1a-3c8656486772	354	416	50	40	to
ed16a1e9-d5c4-4ba7-8d9f-09c32bfd995d	409	416	55	40	be
a85c7528-f9d2-495b-8ecb-c222d5377fe1	469	416	185	40	destroyed
a090a3fe-9257-4c89-8f96-6e0f1c34f5f1	469	416	185	40	,
6fac7523-2af3-43b6-8013-a3d6e875d950	659	416	70	40	91
447bef48-b78f-4165-8ca3-e907e033b325	659	416	70	40	;
6bb8b81e-33ea-4844-ba27-65075367946e	733	416	95	40	sons
594ab25e-b1fd-44cb-8439-e5a9e9e80de6	833	416	55	40	of
5fb1e36e-27ca-4c11-ad65-0929659afa40	833	416	55	40	,
2935908c-9276-4f61-b7e9-1ec970343d60	893	416	115	40	angry
fe8579c7-6862-4fdb-86c8-9865738d8d97	1013	416	90	40	with
0232bd29-a367-49b0-b64a-4792c0e653f0	1108	416	125	40	Nephi
575b8f90-afd2-4f0a-83ca-15647221a387	1108	416	125	40	,
5748861a-ae51-46c2-aa15-6337fc9e2107	1238	416	64	41	92
aa4033b9-4827-4c1f-b3d0-54d01b935cd9	1238	416	64	41	;
705f293b-0f2a-4e41-a867-26ebbc90e1e7	129	453	123	38	spoken
0a058116-9bfc-49a1-889f-77103a09092f	257	453	43	38	of
8d74470d-4c01-49f0-bab7-3a47242afea4	305	453	52	38	by
cdc9351c-852d-4764-a02d-fc05ea218e7f	362	453	142	38	Ammon
f074df35-4fc6-4af5-843a-de173d4af7a0	362	453	142	38	,
77eaaadc-51a6-40ab-aa00-227ceb2dacee	509	453	85	38	371
0ea766ac-a802-4dce-8279-2878f4640edf	509	453	85	38	;
00c18aa5-add3-4a27-8a60-2dc02f9a242c	599	453	119	38	people
ee14d9ad-b432-47c7-8c3a-92ff5e3f2f5b	722	453	180	38	converted
b85a597a-e206-42a0-9e9e-44174e72f3ad	722	453	180	38	,
398af27a-6a2d-4c28-b19b-8007a1881148	907	453	77	38	390
35b167a3-55f4-4e9d-983f-57b47d50cd8a	907	453	77	38	.
831d730a-dd3e-4c27-ae92-15074fc06d68	97	494	195	41	Lemuelites
61cb1c87-332f-42b6-b957-66cfa812953d	97	494	195	41	,
95e64a4f-2026-4e5a-bceb-4719c20ca1dc	298	494	36	41	a
8e535300-d11e-45a5-96dd-8b92c2623e0c	339	494	118	41	people
4e7cc273-81e4-4931-8f6b-0a66bfdd7aa6	462	494	123	41	called
50fd1872-0666-4454-b06b-2f48c878632f	462	494	123	41	,
fcdb43d4-4cf7-47fa-8e3b-0936719ef363	590	494	82	41	who
7d25cd5c-e0e5-4258-9ee1-e45906920336	677	494	143	41	rejected
2594c236-d6d9-42d3-9d5c-b85273f2af11	825	494	67	41	the
ed0b0fda-eac1-4fe0-9f10-a98549c51f82	897	494	128	41	gospel
64ff540e-6d15-4716-97c5-49ffa1dabd93	897	494	128	41	,
5eb5bddc-dfd1-414a-9eee-9f9e877ff1a6	1030	494	80	41	685
2ac89d19-1210-4d01-9229-f0a1c53a42fb	1030	494	80	41	.
0a5b7ed3-3fc2-457a-82aa-5101c3f16a08	94	532	97	41	Levi
838b2c93-c05b-442e-9939-0da96bb336fc	94	532	97	41	,
446bc353-dbeb-4faf-9cf6-85d14405076b	196	532	77	41	son
edbdbd97-05f3-4663-8928-dd3c056e3bc0	278	532	51	41	of
9edb120d-aef2-43b7-908b-de8b46c383de	335	532	97	41	Kim
caaacde9-8ef8-47e0-bae8-28a045b06f5a	335	532	97	41	,
782fc34a-475f-44ba-8882-ef7662e316dd	437	532	87	41	714
a64f3e60-7008-47f7-a0a4-8ca6e0657fe8	437	532	87	41	,
228a5548-0658-441c-b737-c918f08ce3f4	529	532	97	41	741
698155ec-1886-435a-ab95-d942dceb3cfc	529	532	97	41	;
0ff0b66b-9249-4c83-b106-657d3633699c	632	532	123	41	served
6dc5d8e6-bf49-4a55-871c-87755a3651fd	760	532	56	41	in
01c015e6-5929-4ca2-8796-d10bc238859c	821	532	174	41	captivity
e80d697e-0b26-48f5-92d7-7380f03d50e5	821	532	174	41	,
dcc7d593-9747-41c7-859a-030fb20ab7d8	1000	532	77	41	but
001eebde-da6c-46b9-9db8-64c40be3e97a	1082	532	97	41	wars
672e24d5-58c9-4c33-9e4f-dcac33b592b5	1185	532	77	41	and
34e6b29d-70ea-4dd8-9a92-d8ed30caca2d	1267	532	38	41	is
ebd71946-bdf9-441e-95c4-35813c368bf9	132	570	93	44	made
10f82507-f1c0-4c32-99f5-25796dc3d07c	231	570	88	44	king
3c8dfbcb-6489-4f4b-ba7c-22093ff9af4b	231	570	88	44	,
13eb7b71-9939-4dd4-8b5a-ac9344646a00	324	570	88	44	741
28795ae3-c3c3-4325-9603-4ace13b63a27	324	570	88	44	;
4bb98e7b-a56a-41e7-89fe-6c61c71f8abe	418	570	38	44	is
a6307cdb-502d-4731-9ef3-24123cef6d7f	462	570	77	44	just
f5ef1ccf-b14d-48a8-b1d8-5d83a4e9e696	544	570	71	44	and
0220fffc-8207-4ae3-93da-460d7a69b68a	621	570	115	44	people
035e3306-dbda-4ba1-bd64-582d0fad5140	742	570	143	44	prosper
daa7c80e-c98d-46d8-9ea6-6f83322d6bb3	742	570	143	44	,
6ccec1fd-d9f9-4c6d-a6b8-8a7f80bc7600	890	570	82	44	741
b515db7b-98ef-40ac-8c1c-923991318f45	890	570	82	44	;
bce96190-1027-4ba8-9053-daf8b426d741	978	570	115	44	begets
d6e117db-d660-43e5-82ac-913aead7d71c	1099	570	126	44	Corom
c79aaaa7-8614-46fe-901f-b25dc0bdf0e7	1099	570	126	44	,
a17abf6e-d479-46f3-bd45-e03ffe908896	1231	570	77	44	741
f5f4c5aa-89d4-4133-bff5-36b932a9d2a7	1231	570	77	44	.
5d10b51b-3fd8-423f-a59f-dd69e964c12d	94	608	153	41	Liahona
fa1761d3-d2c1-4b9b-b833-59d40ccd459f	94	608	153	41	,
561090f7-f42c-4f2e-8781-a7494a678dca	253	608	164	41	directors
11ab22b4-003d-46a0-8e99-5cd2de0b504f	422	608	123	41	called
3e2faced-add3-4ec1-9752-4755691eea63	422	608	123	41	,
ca053e61-4374-4b14-a263-414575ac77a2	550	608	76	41	441
ad7835fb-9c8c-4930-a489-d5cdae9ac070	550	608	76	41	.
7cc1fba4-527c-42df-850e-eab2dd8702ad	94	649	75	41	Lib
6857eedb-3ed1-4496-870d-b99e9c6fa251	94	649	75	41	,
e2eee132-08ec-4e11-9530-fde4da1cedc5	174	649	80	40	son
dbf680dd-901e-43c7-b665-bdf30785cc02	259	649	50	40	of
12885002-0ebe-4b78-b752-757f076860d2	314	649	105	40	Kish
da39898a-8668-4753-b160-650527b2edf2	314	649	105	40	,
fbe9275b-d4a7-47b2-9794-b6060cf7d591	424	649	95	40	714
56abad00-4406-4100-8d5f-dba2eb0d46f0	424	649	95	40	;
f08a0b49-d82a-413b-80ba-6cdeeef880f1	524	649	120	40	reigns
335e1495-87ae-424e-8104-7debdfac5c13	649	649	50	40	in
0e8062fe-90c0-4098-85a7-005839672c51	704	649	110	40	stead
7e3b7870-2464-403e-8345-aac470749131	818	649	50	40	of
ace9d7fe-3fb9-4b66-951c-66ad8c41247f	873	649	105	40	Kish
2f424b50-5698-4781-b9d3-44c5475706fa	873	649	105	40	,
1643b15e-dc5c-4201-85df-585c10213884	983	649	100	40	741
afcbd315-541f-41a8-9fab-b754d9a12571	983	649	100	40	;
edf9af33-6d40-4cd8-b4c5-c4a5ed528275	1088	649	155	40	serpents
d9a04738-84d3-4799-92b6-dcc283984ae3	1248	649	57	41	de
0454b11c-3319-41d7-ad52-e3a2eb0ca1fb	1248	649	57	41	-
f778c0a1-a1ac-472a-b372-07917ca330f3	129	686	133	41	stroyed
86db761d-fe10-4962-bf22-5487a01a4cec	267	686	41	41	in
5d23fec7-b84a-409a-a55e-5baa54642602	313	686	102	41	reign
7d8fe5cd-77db-435a-a91a-ea768db31add	421	686	51	41	of
4c6cdd0a-f840-4900-8f28-528792611524	421	686	51	41	,
4a37eeca-87d2-4c98-81e0-0e1f26d08670	477	686	92	41	741
371b0860-bac5-4896-9efd-73a4344aca29	477	686	92	41	;
5e9006ca-1868-4669-8fdd-64935a4b1166	574	686	118	41	people
c67e7a94-6826-473a-aeec-1dc84c04251d	697	686	143	41	prosper
0a5a4ac4-6bc3-4d79-a9a4-20ac5884971e	697	686	143	41	,
cf3c32ce-b541-49bd-9797-67fcb987c90e	846	686	61	41	till
fcc38207-bcc3-48e7-a559-0d606b35bc21	912	686	67	41	the
344f05f0-33bd-485b-84c7-c9ec6cb4a3e8	984	686	113	41	earth
40dde96f-c94d-4ad5-9eea-2557dcf6dbfb	984	686	113	41	,
ac449dad-04ef-4301-ac0a-c68954dff684	1102	686	87	41	742
385f87ff-e90a-4723-9a9f-271d6031f7c1	1102	686	87	41	;
43933481-053f-4a11-a18d-65a8720996a4	1194	686	111	41	begets
6f4112d9-3f03-426f-ac31-f74c8c68836b	132	724	189	41	Hearthom
b4b5d743-d64f-40e4-ae54-ef108bf454eb	132	724	189	41	,
bdf16221-28ed-45af-ae27-49a3f6e5ae1a	327	724	97	41	742
8ca727a7-a06a-4e9a-899a-3481e1155763	327	724	97	41	;
e5f2164f-34c7-4f2b-983d-9a4c281937d4	429	724	113	41	made
d6781baa-2af1-4f2a-94ff-9d6c55fe8363	547	724	92	41	king
31072d86-40c0-4052-aefb-cbb16bb16bca	644	724	56	41	of
0e8df8d2-4034-4193-9f0a-9a56536b60ba	706	724	179	41	Jaredites
3ba4e76e-aab9-424d-80bd-5efcbe259047	706	724	179	41	,
43f89050-e4de-44f4-a846-3b38d2d05f3f	890	724	56	41	of
80705ff5-1a2e-45e1-a1bc-3d53f872f956	951	724	108	41	great
d2e6f3d5-0c86-4502-a9a2-74f04739a84b	1064	724	149	41	stature
65c4fee3-b4c8-4ed9-bb7b-4d26898a3c14	1064	724	149	41	,
fcf05a28-be5f-4eb8-98b2-0c9c31dd0531	1218	724	88	41	745
d9597634-15f4-4102-962b-900037f83f2c	1218	724	88	41	;
d9522775-1800-4b7c-b192-26a796de56ee	132	765	104	38	fights
12ac745e-fcd1-4a32-8381-88442e81fb7f	241	765	90	38	with
4d4ab350-7f0f-4d5c-998f-43b60e12f14a	336	765	214	38	Coriantumr
1f70716f-8647-49ec-a728-da8a029e8922	336	765	214	38	,
23aa07f4-0d49-472b-ae48-ca38305bbd48	554	765	95	38	754
63d8aaa2-b901-45ee-8ccd-e143bbfcbaab	554	765	95	38	;
589015bf-60c2-45ab-a8f6-8b2bb61bada1	654	765	138	38	wounds
07193058-4461-42c6-a9f8-8957a284629f	796	765	214	38	Coriantumr
27b87fec-4677-46a4-bd31-0c2e0f7ac0f7	796	765	214	38	,
ca324937-9a98-49a9-b279-b1a333c5c5fc	1015	765	71	38	but
0ecf731d-4814-4702-ac3b-8c5517ffd0f6	1091	765	85	38	flees
c735d263-2dd6-4718-a136-ca62069c8bcd	1181	765	47	38	to
82dd099b-ea49-4a65-9361-26aea63b0f21	1233	765	72	38	sea
72596b08-4b7e-48bb-8087-8d7f12c9052b	1233	765	72	38	-
e46be6ae-f35e-4716-bb91-c3277fe47002	132	803	107	41	shore
fe37c3ae-b7e2-4c70-ab18-0276ef460bbc	132	803	107	41	,
ccc841cf-ca65-4278-91a4-48d364ac5628	245	803	92	41	754
8fd681e5-5a7b-4a29-bf85-8e525a6d3d52	245	803	92	41	;
f13b0e7c-7aa2-41d2-8f2b-e30e8565a405	342	803	118	41	drives
401ac9ea-90c0-4847-bdb1-3f03ef0bf6f0	465	803	205	41	Coriantumr
33559cec-3b17-4fc7-bb67-1d10526a5106	675	803	87	41	back
f0588950-0c6d-4d0c-b2c8-4dc5eb2e2aeb	767	803	51	41	to
f6a13fce-fea2-4251-a194-4ba6d3f05575	823	803	108	41	Akish
cc4303a2-6397-44a2-909e-6e24b18db38e	936	803	77	41	and
8e1df1d1-69a1-4a78-bf86-b838dafe7d39	1018	803	123	41	Agosh
3e8c38ea-847e-42b1-a249-499b2b36c20c	1018	803	123	41	,
09c2ea91-ec1d-44f9-8092-898f51a2ce53	1146	803	41	41	is
1a40cbf3-e560-4cca-9d84-f240ebb5f992	1192	803	113	41	killed
34715d55-7040-4d0b-b739-fd32afb99225	1192	803	113	41	,
86ae454e-76c7-4832-9572-626db6fc2e56	135	841	87	41	754
b9c3d101-7bbf-43bf-b629-67422c77ffbe	135	841	87	41	;
9f558b65-e97a-4ae7-9063-f1fc01aab3ad	227	841	138	41	brother
cd91541d-f741-4a6b-8420-b9653ef163e8	370	841	56	41	of
bb0f9a89-214c-4263-b505-9d79b8aa7d0b	370	841	56	41	,
2c5ced98-02e0-43e5-bebd-7544187c8367	432	841	118	41	drives
c100fd6e-c3df-43cb-a90c-a697fd484153	555	841	102	41	army
a42d2e80-477f-4e24-b3f3-5d2a311f5bbf	662	841	46	41	of
4311dd42-4723-4693-965b-07ca6137e34f	714	841	215	41	Coriantumr
5fd4ef01-a8ef-4b9e-b51c-9da72f4d1c41	714	841	215	41	,
4dc2d7e1-215a-48e8-bdee-4a67765e3036	934	841	79	41	754
485b94e3-15af-436c-92d8-362c62df8355	934	841	79	41	.
39154bae-f91c-443a-a5a0-ba928188cbf2	94	878	143	41	Liberty
45486d89-7442-41ec-a671-63162cf59f42	94	878	143	41	,
e4b1a4b3-9855-40f5-8c52-aaa7cd1ada27	242	878	87	41	title
344d0970-091a-4473-a7df-5491cba198b7	335	878	61	41	of
5637fbc6-036d-4c1e-91c7-b0662891b4e5	335	878	61	41	,
0b3cdd92-eef9-404b-9494-ce08130c1d99	401	878	92	41	469
325a8d9d-cabf-498b-bcd7-4f5a0425bd30	401	878	92	41	;
9d176396-c4ac-4e6c-8dba-7023ed3d8858	499	878	92	41	land
3e9aa35e-e209-4bdf-92ac-25bb4fecfbad	596	878	51	41	of
184a4029-5ab5-42fe-a100-f561ee432c4e	652	878	36	41	1
893fcf8c-48a8-4e1e-ae6c-32f6bf713b7e	652	878	36	41	.
7541d2af-8a3d-4818-ae1b-d27aa350772d	693	878	113	41	south
4a67513c-5bca-4090-a0de-0cfa53fc7631	811	878	46	41	of
314c8efb-6758-4c81-ba4b-08c11eaaaa24	862	878	92	41	land
99fc1125-e1a2-4145-9187-5fd6f710a4dd	959	878	200	41	Desolation
0d24ad75-9e81-4dfe-92f7-a3b26ff959b9	959	878	200	41	,
d7169f63-514c-44f5-b6d5-15a5cd0e3980	1164	878	92	41	470
5c503a61-0ca3-49a0-b746-724ecac34ee5	1164	878	92	41	;
26688a1c-aa07-40f6-9c56-b5f0dc050cdd	1262	878	44	41	to
c41638ab-4411-4c70-aad1-b08444f753db	132	919	47	38	be
ec79221a-27a0-4a15-b212-ce60840cef77	184	919	185	38	preserved
56ef9662-f9c0-4dd9-ab38-2a0f5d848590	184	919	185	38	,
8ec98cc7-1617-43f9-9f10-e434bd188f84	374	919	100	38	471
f812de4b-d6a8-4410-bc25-f16981c78c53	374	919	100	38	;
45b8d36b-ccba-4d9a-823f-02aa68d8ad6d	478	919	133	38	Moroni
9462bb11-5452-425d-8e91-d6ae4d159016	616	919	123	38	plants
a804a299-1059-4ed3-9ca8-df9f5f179eff	744	919	166	38	standard
5d030bc2-9d3a-446b-9958-45a73cddde00	915	919	47	38	of
a3389820-908f-4480-aa68-3c0f7e8ba3b5	967	919	43	38	1
412ecf64-a05f-4438-be70-1e34ec0df370	967	919	43	38	.
1ca34d58-5394-4c14-ac27-ed387677d78f	1015	919	114	38	among
996fe889-cbad-4c03-83ab-9d25941e4a37	1148	918	158	38	Nephites
618492fa-a0da-4e5d-ade9-10f3b48dff26	1148	918	158	38	,
b04be43b-8277-4ad9-9a07-942c6d2690c4	132	957	99	38	473
1f73d530-7e2d-4bfe-94e8-b61c77b99331	132	957	99	38	;
fcb002fd-4d34-4fa3-b513-f089f2ebd449	236	957	166	38	Nephites
d5d41b39-7454-43f9-b563-aab1567bcbce	407	957	147	38	prepare
e00d0b5c-3822-4e02-a1f6-a2e008665465	559	957	52	38	to
42da6454-25bb-4670-9085-4a350320da9d	616	957	171	38	preserve
a546959b-b7cf-4775-8612-11e5d7a9e0f9	616	957	171	38	,
601177a0-70ef-4a5b-960b-f340b55f2f79	792	957	104	38	478
c21fdb07-499d-4142-9729-aaff27b03d96	792	957	104	38	;
330f50a2-0038-463d-8420-da4c2326758c	901	957	171	38	king
3fdc5189-0283-48e0-ae02-3435bef613c9	901	957	171	38	-
2b1eebf9-c31f-414f-810c-5869845dacf3	901	957	171	38	men
252ead2f-2a7b-4be9-9f26-ffd6db043be3	1077	957	185	38	compelled
09f465ed-614d-4414-809f-83033e08ae40	1266	957	39	38	to
64b4ab62-b17e-43a7-a9cd-5b54719d34d9	132	998	92	35	hoist
47c13c14-8abd-4ae1-95e0-a4143dc101e4	228	998	157	35	standard
633c6122-6518-4100-b6f2-e0a2e9c43967	390	998	52	35	of
56053501-a98c-4304-a677-37672eb54c52	390	998	52	35	,
9b7f312f-a2d3-456b-a084-5b5af12960b4	447	998	92	35	492
9c2d8d8b-9e49-4a7b-afeb-01e9501a0dc5	447	998	92	35	;
c3f9a769-d6e1-4a1e-93e1-19d46fc75976	543	998	127	35	Moroni
9a61b2d4-beb5-4d20-9a72-31148937723d	674	998	109	35	raises
631acabe-7139-4c89-8588-9a8b6b6115d1	788	998	157	35	standard
2fbbe1bc-03a7-4a99-83ca-86fbe418f384	949	998	52	35	of
e350b7ea-824c-4faf-a6f0-0e683155d360	949	998	52	35	,
81d4db76-3552-4513-9a38-d266f4c5dcd0	1006	998	76	35	534
8bc94e84-ad33-492c-8968-59ae3d696868	1006	998	76	35	.
f8497a88-ac00-419e-8dd7-771db8971799	94	1033	117	41	Limhi
eacb0d9e-9773-4a7d-a039-11e1a4fb9cb7	94	1033	117	41	,
8a1a0ba3-6db4-454f-b491-c488ea04c4f1	217	1033	77	41	son
905e7ec7-1385-4701-b32e-3a966ae0cf67	299	1033	46	41	of
cfb78bbd-f048-44b4-bdac-03e060935b58	350	1033	113	41	Noah
93a57b40-f019-4ac0-b267-5a2877f7ba17	350	1033	113	41	,
fb6a25a2-cd92-4863-9a10-3459a4ce4b01	468	1033	92	41	227
a4a34075-b8ab-4e7a-a481-90fc9e4715fc	468	1033	92	41	;
6ee07f54-df86-48af-bb8d-0c9ded2053d9	565	1033	123	41	people
478caa79-1ff5-4316-b59f-363134822ef1	693	1033	56	41	of
f17e8358-237f-45c4-a10d-094f9344554e	693	1033	56	41	,
fdffc1fb-2cd1-4142-b64a-ee713d4108b4	755	1033	46	41	in
acf195ce-f3fb-45c7-8049-a026ab0f1868	806	1033	154	41	bondage
23f6081a-2277-41de-8ec1-272dede43146	965	1033	51	41	to
38fa13b0-9216-4557-b2a5-2bc8551612ba	1021	1033	195	41	Lamanites
914a5ef0-e381-451e-aa33-e55ba9a1852c	1021	1033	195	41	,
26111f13-5519-416d-b88f-24be0e033f53	1221	1033	85	41	228
f9688867-9bf1-43aa-a006-15b4199c4ec0	1221	1033	85	41	;
04b00a76-ef68-4e91-a302-35c92c5796ae	132	1074	106	38	issues
9d59f07c-0e3f-404e-9488-45edbb662dac	243	1074	240	37	proclamation
f3b40e91-83c5-4901-a2e9-d22da6215598	243	1074	240	37	,
7300d800-8454-4028-8159-d04f00ae6e6f	488	1074	88	37	229
d19b0404-526b-4bbb-b8be-454f1e504ff5	488	1074	88	37	;
ddbc5a28-a2d1-4065-829d-8ceaf0851481	580	1074	120	37	people
94056153-dfe9-4cd8-ab2a-945b85a13815	705	1074	51	37	of
024b7963-d55e-485a-9482-735043067c26	705	1074	51	37	,
d66948b4-f274-4b20-9431-af53879854bf	760	1074	79	37	pay
9a5cbffb-da4b-45ec-9d7f-83ae0a9230f3	844	1074	125	37	tribute
6039b41a-5472-4ce5-ba5d-489c44a6479a	973	1074	46	37	to
21feead2-52fb-448f-864d-9c1f1c2dde91	1024	1074	194	37	Lamanites
70ad9565-9938-4d54-81f8-25de3feeefd7	1024	1074	194	37	,
b663bfe5-72a2-4269-867d-8a984592a730	1223	1074	83	38	230
6d489e8a-b2d7-412e-a371-a82310ab12a0	1223	1074	83	38	;
d19d792e-a206-4d2d-bbbd-9d6234c40310	132	1111	112	41	plates
3618c201-783c-4102-9dba-a55b52cdfeca	250	1111	195	41	containing
4b33b068-d77e-4c5c-9bdf-80ddfeb0fb6a	449	1111	123	41	record
c8456bca-74a6-4103-af24-cb0e66dde529	577	1111	51	41	of
f35f6add-a64e-431a-86e4-27845d0bc05b	634	1111	123	41	people
96b91c44-b69b-4232-b460-b8cb16b62838	762	1111	61	41	of
5e1004f6-c6bd-466b-9652-2ca740fdcaec	762	1111	61	41	,
ad537723-c383-4ce3-bed3-ec89d5e8e937	828	1111	92	41	231
287bbed6-5d58-4956-baa3-a18dccdfd265	828	1111	92	41	;
e0d17690-692f-466a-afc8-84f4faf90911	926	1111	128	41	people
d2ec2cdf-e171-4e0b-8d2d-ce9582c52d52	1059	1111	56	41	of
c1f51247-6115-43fd-94d1-3fcc37e1131d	1059	1111	56	41	,
777303fc-02df-465b-a693-28a5a2b75fcc	1120	1111	123	41	search
19bb1f40-b05a-4974-a897-4166b9e87ce0	1248	1111	57	41	for
5b3e3952-1f38-4044-b15b-067734aa7460	132	1152	85	38	land
01c081a0-c701-4b09-a8ec-8c8b9bf1eb99	222	1152	47	38	of
fb04c3cb-cdfa-4a73-9dc7-b33d2d85d827	274	1152	195	38	Zarahemla
265d8198-d9f2-4f18-8fc2-c3cf1f4c2d91	274	1152	195	38	,
aa0b7dba-9220-4b74-9c9c-c845837000bb	474	1152	81	38	232
ae53a1f4-42a3-47ce-92b5-1ee59b56ca2c	474	1152	81	38	,
9d3649da-3dd4-4179-a1d7-09361f9991c2	559	1152	95	38	270
182bdad3-ba48-4035-b5ce-2b5d65db2687	559	1152	95	38	;
cd43770e-8b86-401c-8c39-709503ff8892	659	1152	119	38	people
4825993c-c15c-45d4-a1db-1e9629f21d09	782	1152	57	38	of
b95136e6-203c-4523-84c7-f0f76a983aa1	782	1152	57	38	,
be151b51-d591-444a-afdd-72c27697928b	844	1152	152	38	discover
09be0616-3e1e-4378-bd70-ee5eaf650ba8	1001	1152	95	38	ruins
7299e979-5a53-4614-9b00-ffd3e29025d4	1100	1152	76	38	and
964381bc-3b4b-4985-b56b-3a3fdeeab3bc	1181	1152	127	38	records
3735f50e-4d16-40f7-bb2a-0c8c4b49970a	135	1190	42	38	of
e0fcc10e-f8a5-4ed9-a1b0-d658ff083f55	182	1190	123	38	earlier
e7ecd074-8dde-4f2b-81b3-77ed38b99eee	311	1190	214	38	inhabitants
32dd63c1-384e-4157-a81a-18664f5b2ee2	311	1190	214	38	,
82ac721b-7c76-40e1-a9dc-8b92ab3b35d8	529	1190	81	38	232
8ac2e692-0895-4e70-9b3a-dd4a88187b96	529	1190	81	38	,
8ffe6a8c-7374-45b3-b4aa-6a9e2b0ef33b	614	1190	95	38	270
f0c38ffe-66cd-4bbb-ac2c-019f5e9ae039	614	1190	95	38	;
76df242f-2fbb-4b2f-826d-3a94e4ae1d21	714	1190	109	38	taken
763da7b2-1fdd-412e-a418-002c71d70cdb	828	1190	128	38	captive
3fb648fe-b1a0-42ed-89cf-6094ee38f5e1	961	1190	57	38	by
18103070-9c32-46cf-b62d-220952bbe1ba	1023	1190	195	38	Lamanites
2dfbb60c-5116-4324-8c9c-376a6a8f2bde	1023	1190	195	38	,
c68147d9-6bfd-4da1-ac63-3c3cf61272ad	1222	1190	86	38	263
d68b6c59-1363-49d5-82aa-c79577dd7223	1222	1190	86	38	;
84dd4c7e-fcb1-4ef5-b06b-f885bf1fae0e	135	1225	99	44	made
e15956d9-601c-47ed-a5a0-aad3ab30a628	239	1225	99	44	king
34163669-0e6f-4240-98fb-04200b7705a9	239	1225	99	44	,
5e7087c4-acbb-40c8-a87a-b52cb51fb3c9	344	1225	99	44	264
23304fdb-0995-43a7-98dd-ec6e81a47bf4	344	1225	99	44	;
16d74203-29c0-4234-aa98-25e243fd6427	448	1225	148	44	defends
49da5e2c-df18-4b2b-8c9c-22dcaaf27f9c	602	1225	143	44	against
9ae9aa62-03a5-4d15-a433-7b292752379e	750	1225	198	44	Lamanites
6afb8fd3-e04a-420f-aa65-6b3c15cb0b8b	750	1225	198	44	,
1f372953-1468-4a2f-b45e-f807bf7b0b19	954	1225	93	44	265
8bdf8aae-0922-404c-9447-f39ddeebae77	954	1225	93	44	;
05ca4c14-ea40-464b-a68f-df9a2b25b78c	1053	1225	132	44	people
d3ce4402-3a7d-48ca-b50e-31d4a393ff7c	1190	1225	55	44	of
d02c90fb-5d79-48c3-a252-41400b0bf86f	1190	1225	55	44	,
cbacc4f3-a660-4010-99cc-7e393eee4d56	1251	1225	58	44	re
3a4e78f7-3895-4878-b8a2-89266353ac2b	1251	1225	58	44	-
8968d218-468a-41ce-a194-9ac2d8e5af2d	132	1269	123	38	pulsed
fc27b118-da01-4583-882a-43a0b892d9bc	260	1269	57	38	by
8e5d37bf-f77b-4f60-9608-cf3760fa77ac	322	1269	199	38	Lamanites
5eccdcab-af46-4347-a19e-36fb73143ba4	322	1269	199	38	,
cdb445f9-c48f-4ca8-8ee9-3aad581ca4fd	526	1269	100	38	268
e46e14a8-1a06-496e-b248-b46853d642e1	526	1269	100	38	;
245403ed-1853-4e0b-86c4-9f327aec6bc3	630	1269	81	38	and
16ac59e1-c54b-4930-a2cf-c57bec9a52cc	716	1269	123	38	people
3bf96848-bfbb-42fe-ac90-6455c80f7ad6	844	1269	104	38	make
3f74b66a-75dc-43c8-b3fe-1bcb73c9ad7a	953	1269	171	38	covenant
76d84a72-4f20-4f9a-a9c3-c7c5ba0bd9b9	1129	1269	79	38	with
59cb0b5a-4119-4b7a-8b48-f86b92b8769b	1230	1266	79	38	God
db45042f-acc4-41f5-98fd-a649e8e62e17	1230	1266	79	38	,
c3635837-a2f4-476f-ad90-b73f4dc6c4e0	135	1303	90	38	270
3eb61cbf-3956-46c4-afc9-ac51d13e3be6	135	1303	90	38	;
4e553ad4-4ec0-40de-b57e-9f22fac1c838	230	1303	114	38	desire
0f80669d-0084-4e78-a527-b6f4fcccca3e	349	1303	152	38	baptism
d2e6604f-0901-4a8b-ad08-2b40ef17d4c9	349	1303	152	38	,
68973db7-7809-4315-8d21-4e1423e8b3ef	505	1303	95	38	271
77582dbe-4e5b-48d6-82ca-5ef6acedb231	505	1303	95	38	;
879485be-cac7-44df-b3f9-fd791489bad1	605	1303	104	38	takes
9b217e88-5a00-4cd7-ac66-252eac1e1134	714	1303	100	38	voice
644bd8f6-68e7-465d-af1a-1f4b859f9a8f	818	1303	47	38	of
c8fd834c-0db3-4b88-8753-aa01e9961a08	871	1303	128	38	people
2334d55c-3b5e-4cb3-bdd2-46469d5ff2f6	871	1303	128	38	,
c357d3b0-4f54-4697-b97e-3a3d9fa71cc0	1004	1303	95	38	271
7f23d1ab-6922-49e4-a0fb-b009eceb31d6	1004	1303	95	38	;
13f1eb3e-818d-4145-a8c3-e731c63dc41e	1103	1303	161	38	hearkens
8ca3492c-b23e-4305-88cf-3e55a0c3dfe8	1269	1303	36	38	to
0855a72c-6a43-4869-b128-f6b2fa95ba31	135	1344	137	38	Gideon
729b58d1-33cb-4842-b53b-94ce8d73b09e	135	1344	137	38	,
41450168-abcf-4198-9db5-d93e8f14458a	277	1344	100	38	272
bf94113a-8522-4dbc-a1a0-75254a14f8b4	277	1344	100	38	;
9925bdec-96f0-427e-aea3-695fcb1452b2	382	1344	128	38	people
d210d4b7-cdf3-4a93-b743-5687f5a64553	515	1344	57	38	of
f8f1e682-78ce-4754-bb7c-81a0ca81f0d3	515	1344	57	38	,
f48c0f5b-531e-478c-ac92-fe3c40420a26	576	1344	133	38	depart
2b9e27d4-53dd-41bb-9d01-95393585c38f	714	1344	85	38	into
6784fecf-5fd5-4250-a86d-0bba69081351	804	1344	199	38	wilderness
591e388b-e5a4-491b-bd95-7ec3674a62c0	804	1344	199	38	,
600ff9a8-565b-44bb-9589-9f654da956ed	1008	1344	100	38	272
95e53197-dc3d-4cf7-aa79-ff478805dbf2	1008	1344	100	38	;
7331a225-50e6-4193-804c-63794572f403	1113	1344	109	38	reach
e386e1a0-4f53-4410-b93a-1a87a39e120b	1227	1344	79	38	land
92683a2d-8904-48f3-89ab-49de69b29fbb	135	1382	46	41	of
de4eae75-746d-4185-8379-272544201f86	186	1382	200	41	Zarahemla
86f4377f-4331-4255-9f81-ffa75ffa32cc	186	1382	200	41	,
8e5635f7-d1eb-4195-a8aa-1ad0623a2c63	391	1382	92	41	272
4b7ae5e3-e461-492d-8e04-c594b935c18b	391	1382	92	41	;
c2b97fbc-e474-4d11-b86c-e7d649c7e197	488	1382	123	41	record
c5051492-16ec-43ae-be5d-6fd09dac19cb	616	1382	51	41	of
5b1249c2-8b01-4bd7-8665-04d96d223bc2	673	1382	118	41	people
5c2f93e7-66f2-4368-b41c-bdf9bda02283	796	1382	56	41	of
b4189673-2696-4251-a30c-aeb8ba9cab3a	796	1382	56	41	,
c0e62205-0071-468c-b463-6200add84891	857	1382	154	41	received
89baf5f4-01eb-4c5f-be8b-6102cd5275f6	1016	1382	51	41	by
36a30ee5-c9f8-4924-8cc8-89bb56fecf11	1072	1382	143	41	Mosiah
ede0a1e2-be9f-4b5c-8ca0-56887abb7da6	1072	1382	143	41	,
b8a995bc-2f76-4acc-a042-86762ff32edc	1221	1382	88	41	273
6d61eba0-2cc4-4440-acd1-d6942a2e3978	1221	1382	88	41	;
be0a1d6d-5411-4572-8f5e-11729c3f448f	135	1410	114	51	people
768e333f-7656-443d-9702-05b05b68e1ca	256	1410	51	51	of
52f82414-6f42-4e8d-aff7-279856263cba	256	1410	51	51	,
715a0a7a-ae38-46e5-9005-dc6af0687e59	313	1410	153	51	baptized
2f4c4d6a-f9bb-4de7-a1d9-46049dcd5e77	473	1410	57	51	by
6118a737-fa2d-4a18-8eb6-b6575db0c796	536	1410	108	51	Alma
3b092924-7c2e-4282-83a6-189c12db1418	536	1410	108	51	,
26919306-bab3-462c-b564-03180c35e67c	651	1410	96	51	281
939e79a7-a3e6-49de-b6c3-2a6779928d35	651	1410	96	51	;
c4b58803-2e06-4b9f-a14c-ffa918973b6c	753	1410	140	51	delivers
d28202cd-7cdb-42a5-83a3-0165aadde0c2	899	1410	115	51	plates
851858e5-77e9-4d1f-bea6-cad625661629	1020	1410	45	51	to
659fed7e-83b4-40b4-93ee-992e172c9588	1071	1410	147	51	Mosiah
db44d5ae-5f7b-4b2b-9380-215d63919552	1071	1410	147	51	,
285b0566-7d91-4809-b7b2-1123361516ba	1224	1410	90	51	291
1f1fe2cc-8b9b-431c-8565-4e699e66f679	1224	1410	90	51	;
d4490104-eff8-4aa3-9c37-0f2de3330fbe	135	1458	205	41	twenty
c92654d4-71d5-489d-9d88-bcd4c66e6676	135	1458	205	41	-
6b438018-1dfa-4c66-a486-003962598c6c	135	1458	205	41	four
bc12f271-69b7-4881-9930-817346404e47	345	1458	118	41	plates
e44f52f6-272d-4671-832e-7366606243b8	468	1458	108	41	found
a51c050d-a968-4bf7-b37d-ffc37cb368a2	580	1458	61	41	by
3942199e-65ab-4091-8d78-9e7ce91b24b4	580	1458	61	41	,
26bf9cd4-73e6-47b0-a405-770a78895f95	647	1458	87	41	714
a0b20de7-7272-43b5-890b-354ece66300b	647	1458	87	41	,
9a03bb5b-2ad3-4239-b145-93654ba3aba4	739	1458	75	41	759
304cf24c-413a-4542-9b1c-79d4b7f1fa8e	739	1458	75	41	.
4ad67903-38cf-4864-8ae2-6840ac6098db	101	1499	140	41	Limnah
7c12f14a-b049-43ad-8254-b5a7b345d2eb	246	1499	45	40	of
fa780f03-26b3-4b6d-9422-410641173294	296	1499	95	40	gold
2efbbb72-e6cf-415f-83c1-9e013fceed16	296	1499	95	40	,
8e28cfc9-13af-4745-ac91-488e4fc23d2d	396	1499	76	41	339
ad9ba608-f317-4626-b2b9-8e134264debe	396	1499	76	41	.
1bce785b-ea22-481a-9e43-5635c7cb2992	97	1533	149	41	Limnah
85adbac1-2789-4a54-9f0d-eb31d2e4303a	97	1533	149	41	,
5a5a9cc8-3399-481e-b352-1a0e5ad16517	252	1533	123	41	leader
e80d2295-3aee-47c3-b827-686846b7a573	380	1533	41	41	of
7dde87d5-9342-48f8-9089-0ec2d272c523	426	1533	72	41	ten
49550f9e-f6f1-4cbf-b022-e0cb938767ad	503	1533	169	41	thousand
b2153756-942c-4579-90cc-aeb4a020784a	677	1533	169	41	Nephites
d45d42b5-9559-41be-bf40-7921fbd63c18	677	1533	169	41	,
86b39d2c-f9cd-4d4f-b3aa-7c2e05154049	851	1533	77	41	702
7cfbbbf3-9f76-49ec-8aba-10adc8fbd5f0	851	1533	77	41	.
871916f4-834c-4f19-8597-177b7cb5d6a2	101	1577	138	38	Limher
705e9cbb-656b-4168-ba3f-e3f83ff4c973	101	1577	138	38	,
e3e967ee-d60e-4ed0-a446-9f9449074bc3	243	1577	76	38	spy
f3543042-7c0c-43cf-aa8d-4f3a21ecd2a7	324	1577	52	38	of
ea862d2b-f48c-4934-846a-cd8ce27ee8ad	381	1577	166	38	Nephites
38a23e9c-157d-4275-80dc-4c0562d4ae09	381	1577	166	38	,
12c56824-c824-44a4-9ec7-ee1d58669b90	552	1577	80	38	305
1a7b7733-2844-4eef-bd95-23419776cd17	552	1577	80	38	.
f550f293-53ef-4c42-a2c0-6b0a520d754b	97	1615	133	38	Luram
98c52f3e-c521-4e0e-838f-4b832a01a346	97	1615	133	38	,
75be8ecd-45b1-4156-b8ec-6cd645f7e4e7	236	1615	100	38	slain
aabcf521-7866-401f-9655-7a746cfbc896	340	1615	52	38	by
66691422-18b8-4db9-8d9f-b1c97fc6db68	397	1615	128	38	sword
a6840bc8-70e9-4793-a508-c032d2fedeb7	397	1615	128	38	,
dfacd67f-7097-433f-b285-ee9e2eb7e15f	530	1615	77	38	772
cc6df78d-0a17-4eec-b980-f495946c8c2e	530	1615	77	38	.
2f457eae-bcb4-4a5a-87ec-77a3e2329986	101	1650	118	41	Lyings
0ad7a84b-f48a-4615-8f5d-a2508a35e717	224	1650	72	41	and
5e62b1a1-c900-47a9-83b6-4f1c509304a9	301	1650	184	41	deceivings
50ff21ab-1eb1-4165-8bf2-9f2f52610a1f	490	1650	77	41	sent
86be2b49-e06a-44ce-b735-d69100edc5ad	572	1650	97	41	forth
d0dd73e5-8ea7-4607-8f46-fb647afa695a	675	1650	51	41	by
4fc2fdfd-a595-4beb-96ea-4492586def7e	731	1650	118	41	Satan
9b93e318-23d0-44c8-b935-bb38f3d73e69	731	1650	118	41	,
e71016fc-7365-43f6-a484-5a39e5b4b7ae	854	1650	77	41	602
ec99c014-46d1-4a9c-942b-c68f6f937387	854	1650	77	41	.
dd1f86f2-a65b-4833-a533-26dbd04b07ed	97	1691	128	41	Mahah
c91f7aa8-314a-45e6-bcdf-b5d0070fe4a3	97	1691	128	41	,
5454cb8b-6d2b-4528-ab85-aec073cd11c3	231	1691	72	41	son
73dccffb-49a4-48e4-b382-1693cf2a53c1	308	1691	51	41	of
8a934407-0a02-44f2-8d1b-f5c6e4d4662e	364	1691	118	41	Jared
c41785df-19dc-4b82-afb8-432ff1aef1c0	364	1691	118	41	,
c178bab4-090d-4472-a632-87e5e9d5d6c6	487	1691	76	41	728
f0324a1d-c4eb-4234-81fb-6ab8fee8d90d	487	1691	76	41	.
17f38502-45d9-4d84-9c9a-b4d65ed6d3e3	101	1732	148	38	Malachi
260e94a1-7258-4341-928a-e7f5b866d316	101	1732	148	38	,
c4ee8dc5-7095-4e2a-992e-e9af256a1fbe	253	1732	116	37	words
9311edde-a251-4565-a202-4d96d37a926d	374	1732	55	37	of
be76c937-2507-4e68-9ebc-6f886ba0e140	374	1732	55	37	,
ce766de4-af5a-4fb5-a68e-9ccf6133399f	434	1732	79	38	668
2f5f5a56-23fc-4fc0-b4a3-b18ba7baaf29	434	1732	79	38	.
736b7ae1-67c1-4a74-81ec-8487bc98b4a9	97	1769	181	38	Manasseh
85d9a24e-4452-4513-9a79-abade1974d82	97	1769	181	38	,
8bb6c091-c10a-482a-bb0e-17273f94a24c	283	1769	90	38	Lehi
905ec719-79cb-4eda-a7a8-b619bfe5f744	378	1769	199	38	descendant
4c16674e-5816-494f-bbf2-e83dcb4571b2	582	1769	57	38	of
f1423c78-597d-4ed9-9399-3319d2c9363a	582	1769	57	38	,
716383db-157b-4759-a3b6-b938b60a9177	644	1769	76	38	335
6dc330f2-e89e-4eea-b3ac-dc109d90dbb4	644	1769	76	38	.
018af791-1d3b-465f-8e77-7cf9ce2fb9eb	97	1808	92	44	Man
a48eeefb-f34b-4f36-af09-faefef88fc6a	97	1808	92	44	,
1d143c46-491a-4e5e-8b00-bb27c87d8aea	194	1807	118	44	cursed
ef8847e6-f1d4-477a-a9ed-471df319c990	318	1807	43	43	is
3d304e0f-37af-4bbb-88cd-99e13b210e48	366	1806	54	43	he
be7897ba-0d10-4546-8bf2-2bacfa335e89	425	1806	76	44	who
56cc0c58-70b4-4c77-9219-d81282899294	506	1805	151	44	trusteth
3a9c84ac-fd44-4de0-b518-b3fbf2d018f9	661	1804	59	43	in
bb195ff2-bee8-48aa-8033-248f36559c52	661	1804	59	43	,
2a612e23-a21b-4d63-a802-7e08a1b3280e	726	1803	76	44	155
42923e32-68c4-4410-b474-997dcb2d88f9	726	1803	76	44	.
f758e1f2-76d7-4671-bcfd-d59283dc04ae	97	1842	127	44	Manti
4c007d1a-9734-4a6c-ad00-89cef85dbb5e	97	1842	127	44	,
77665f6e-3638-485f-a1ae-cbc6f7b3d2e5	230	1842	121	44	Nehor
a996fc65-6834-412d-8268-e3a8c635bbb7	356	1842	170	44	executed
e4232c8d-2b26-4fc7-b2bd-c0075236ef2c	532	1842	60	44	on
6b986443-b190-4ccd-ada2-b27795cf4c47	598	1842	82	44	hill
54173b62-394f-44b8-ba45-3b08c707e33b	686	1842	60	44	of
465ca7b9-f20e-4d5e-9aa9-535c0294c36f	686	1842	60	44	,
fe7dba2f-e21f-4608-b9f6-4b89a0c241c3	752	1842	104	44	300
9fbd421e-5f3c-405e-acd5-c9c3454c90ad	752	1842	104	44	;
bbbff63d-7730-401d-bc76-b47120d086cd	862	1842	110	44	Alma
2ce4f62b-ce7b-4c9b-9a2d-9a4008c869c4	977	1842	165	44	journeys
9162bf3d-44f9-417a-9566-820a53cd67f1	1148	1842	66	44	to
6ba99b73-ed40-43ba-8549-48a1fff3709e	1148	1842	66	44	,
d3e51ed9-7ca3-4ef1-b043-6ce1e2dd7ffb	1219	1842	86	44	362
011a2e5e-9e43-4cf6-a78d-27012b2e0434	1219	1842	86	44	;
943b7d3f-a430-47cf-b4d4-f6e0cdc5070b	135	1880	187	44	Lamanites
bf89e77c-2c5c-48cb-8649-34580d5c84f8	327	1880	126	44	march
eb8b9b9a-5855-4eee-a5df-f04e824161d5	459	1880	49	44	to
0c648d62-b1ba-4681-9366-6b5d2f26146b	514	1880	88	44	take
bc61e979-85c5-4562-95d5-e1ec26b7fe32	608	1880	192	44	possession
ddc6f5c2-695b-4cf2-aa43-90099d0c6208	805	1880	60	44	of
c5ac765e-3990-4483-a233-3ab5a5808a0f	805	1880	60	44	,
c42f31e8-b454-4378-8ec5-f1ed24298982	871	1880	99	44	458
61d5fb11-392d-4960-98b6-c5891d594c11	871	1880	99	44	;
54c372bc-fe73-48e5-96ae-93d408505c14	976	1880	137	44	Moroni
59756c65-e1ce-4284-8cf9-db29167191bf	1119	1880	104	44	takes
8f814369-9781-4401-8074-8d64e1488e16	1229	1880	77	44	part
4e0ab2a5-d368-4264-9a35-f718e0f24e2f	135	1923	44	39	of
b85ab474-a4bc-4ea6-922f-30b35242cb9b	184	1923	98	40	army
42134303-b9c2-44e3-a5ea-7388a0a9d4af	286	1923	54	39	to
644e54cd-58dc-4dd5-affb-b2d94d42ab2d	286	1923	54	39	,
296062e9-24f5-4a90-bc2a-19d87c9b1df5	345	1922	98	40	459
126693f2-5edd-4d6f-a16a-b8f9005decd1	345	1922	98	40	;
b11970e5-41e9-4c06-863a-9863a779a6c0	447	1921	185	40	Lamanites
6dd06f21-bdac-4f0f-90f3-576188ddd074	637	1921	68	39	flee
79aaaa51-e19d-44b7-bc88-e66f33de753c	710	1920	137	40	toward
c1e4fe83-04f9-4cff-998f-3db90f5a7215	710	1920	137	40	,
9457b86d-2ae9-4a6a-88c0-c7fd9979488c	851	1919	93	40	460
727e9bf6-f322-4628-b3ba-37775d88d0db	851	1919	93	40	;
0c5bd0ee-cb4e-4fe8-b72c-cb0e3b067253	949	1919	107	40	taken
62a15708-d40f-41be-a6c2-3cd98f1e7fea	1061	1918	54	39	by
93bea4d9-7d44-4b76-bc8c-0a53fd12994d	1119	1917	186	40	Lamanites
5fb08c9b-e3b2-4454-a797-64261b665c4d	1119	1917	186	40	,
cb00857c-af9a-426e-be43-874595ead7f6	135	1955	88	44	510
69781c71-bc7d-4d12-9ed3-d8bdff7b3708	135	1955	88	44	;
166cd6f3-5d5e-4a23-a1ce-34951139b35f	228	1955	137	44	retaken
6275cdb0-d3e4-4988-8a1b-a458d46ff7fe	371	1955	49	44	by
c64e33b3-b430-413c-bc43-6dcdca5f7b29	426	1955	71	44	Gid
30abec6b-5c1b-49cf-b22d-d43999ae636b	503	1955	77	44	and
d9095c12-0371-499b-b7d6-be1de35bafc2	586	1955	165	44	Teomner
4fe09d45-46cc-43d1-a7dc-93ee123a26e1	586	1955	165	44	,
62c0d1d2-c68d-448d-b462-abf8718df238	756	1955	93	44	522
1b9299d6-f0ff-4f5f-a568-dc99ddacca46	756	1955	93	44	;
6ce54b49-260c-4ad5-919a-9e52e9691711	855	1955	159	44	Helaman
62d9a585-b39f-4ee1-b514-faa08a65e4f8	1020	1955	115	44	enters
4f04e9e5-74dd-42b4-88ce-1c8fc44c415a	1141	1955	82	44	city
9cd7ef97-0e7b-4d00-bf38-4bb6fb3124f3	1141	1955	82	44	,
9dd1b998-a6d1-4dfb-ae75-f38445bd7ca8	1229	1955	77	44	523
4fbc17e2-1791-48c4-b455-6548d9ae16e1	1229	1955	77	44	.
4650c53d-800e-48be-b0f2-342faebb3896	101	1996	113	41	Manti
f5322873-02d5-47ea-8203-6d462e8e340c	101	1996	113	41	,
a1a88236-a62e-4fa4-998f-0c4159d45f9f	219	1996	82	41	sent
f6e8ad58-dd12-47ee-9063-fd15019ec98b	306	1996	51	41	by
34886b80-073a-445c-99f2-d6a1c909dd19	362	1996	97	41	Alma
59d97b62-43d4-480a-8c65-c4ed639878bc	465	1996	46	41	to
e3a0dfe8-4a78-45bc-b277-91c00a19562e	516	1996	72	41	spy
91813f5c-96fc-4a90-94b2-043478a177d0	593	1996	51	41	on
b5861c40-cb30-436f-9f32-38a1e3201f54	649	1996	179	41	Amlicites
163a6e74-fc46-4515-91b0-7406a34de1ee	649	1996	179	41	,
18ac26a0-8e34-45a6-9ca6-8ac235f118d9	833	1996	76	41	305
999f7cc9-3c75-466d-955e-ece0b1e20ffb	833	1996	76	41	.
524b55f7-3fc5-4efd-904d-d83ba956cdc7	101	2037	154	41	Marriage
02f6e015-88c3-43af-ba18-1a2284c3a845	260	2037	123	41	among
1e8bd1b8-2b00-43f8-bec3-d0b647e9c857	388	2037	67	41	the
627aea49-039e-4265-a142-83e90b82409c	459	2037	164	41	Nephites
0b82a6de-93dc-4e76-9d3e-15c15b2ae8ce	459	2037	164	41	,
d4f2be41-e59f-4dca-a1ab-aebfe0b90bc4	628	2037	79	41	682
17764780-1991-4e2d-8aa4-447312798c9b	628	2037	79	41	.
