ID	X	Y	Width	Height	Text
5b6f08b9-64be-4214-a49a-a59a6923fb52	126	76	72	38	806
ccf24d3d-f111-4ccc-a733-5db868051e83	491	66	153	47	BOOK
755c661c-9576-4434-849a-8e2b14d6f4cb	649	66	88	47	OF
19927c30-c6e6-41cd-8dc1-2a5f36d8a798	743	66	232	47	MORMON
03b21914-45a1-4afb-8f7b-2e52dd9701c8	743	66	232	47	.
cda3f27f-33b0-4777-b555-a2b47621162a	126	145	179	41	Marvelous
2f6d0a0b-cecd-4bee-a489-36b79dcfc7b3	310	145	97	41	work
61b9192e-0f2a-44c5-b50c-774cc2c4b428	413	145	77	41	and
a6755e00-b271-4bb5-b734-986d7d5d3ca0	495	145	36	41	a
effd329f-da23-41bc-948d-c09b2205c4d1	536	145	138	41	wonder
8d2d9c5c-692c-4a36-b78f-637de5a6e70d	679	145	128	41	among
dcd23477-a7cd-40c1-b033-bbaf7b7a50e6	812	145	154	41	children
266aadeb-8e73-4cf4-b0ef-d37c883fff8d	971	145	46	41	of
e28d5ac4-833a-42d6-87d2-373e6d4cb5c2	1022	145	92	41	men
532fcb5d-780f-4e71-bd1e-a2a0c3cf8221	1022	145	92	41	,
58360510-7d81-4c98-92aa-1c404bb20f2b	1119	145	67	41	39
f829b14a-7067-416f-97c4-9d7a0d2bb2d6	1119	145	67	41	,
e895fdbb-44b5-4e88-8262-24842e2f79dd	1191	145	97	41	141
871ba778-9cee-4dd5-aeda-64eee0314118	1191	145	97	41	;
4663cdab-576b-4f57-a5ef-65b64e8af021	1294	145	43	41	to
a5e2072b-c0fe-41a2-8056-0ae51fdb5585	160	189	45	41	be
05431dbe-4b23-442e-9d3b-9a6bb500b58b	210	188	100	41	done
fbf4672f-b801-4c2b-b621-a1f02b4f90e9	210	188	100	41	,
a6b6f077-a846-4cd6-b356-8b786d22f2ad	315	187	90	41	151
cdeda323-8f07-42a9-a2d0-4f0d98989243	315	187	90	41	;
1be12661-3c9d-480c-8885-61b8b34e5e45	410	186	100	41	shall
0b3c3341-490a-4195-9405-7f3b79c89c51	515	184	140	41	proceed
7cc11020-8356-44e0-8e53-f0a897a1330c	660	184	50	41	to
6c59b049-bf64-4cb6-b028-19fdd14aef73	715	183	60	41	do
9548d37e-6fde-45de-9a38-2606e2b91717	715	183	60	41	,
6e2c1a2f-b017-4240-8a7a-3f0dd0fc9c03	780	182	82	41	156
5af740e3-398b-462d-9dcb-3ac71faf69ae	780	182	82	41	.
1511d9ba-9113-4320-88a0-51fedc45242f	123	220	105	44	Mary
fdf95385-d949-4440-86d8-bef77179dfdc	123	220	105	44	,
6f935c00-4d2c-4e91-8961-be2e46445f4e	233	220	132	44	mother
6be74b7f-946d-4007-bc1a-87edb088df02	370	220	44	44	of
22d868f3-44f9-4e9b-837f-92ca89a94a90	420	220	126	44	Christ
6a1cdd4b-8f0f-459f-89bb-795624289107	420	220	126	44	,
59892bb2-3ae4-4c2e-b1db-f07b4a77f1dc	552	220	93	44	216
d5c1db73-383e-4f5b-86c8-efc5a1b58eb3	552	220	93	44	;
363e1df2-0eea-4774-a7cc-cdb4996b082c	651	220	71	44	Son
c558767c-3494-4f9b-8590-2cea93ba0404	727	220	49	44	of
d8ca78f0-fd6c-469f-be6a-6e06aefc0046	782	220	77	44	God
f0591a60-380b-4146-b9a9-f65660a9127e	865	220	44	44	to
4755eca2-d708-48de-aca4-67f1e1462b0b	914	220	49	44	be
20ffb32f-eb33-4282-aa16-1f23410f16d5	969	220	93	44	born
d13acf90-576d-4271-bbd1-5ff2d07cf49e	1068	220	49	44	of
8b019153-15f2-4627-9b14-0c56f71c1081	1068	220	49	44	,
45f94340-c595-4687-8a78-07988b25cc9f	1123	220	78	44	323
17d1a16d-c199-4d1f-9f8a-07e76966eeaa	1123	220	78	44	.
458f8f7a-9884-496e-9f8e-005cb1ae41f8	122	264	215	43	Mathonihah
009b1ef1-8820-4e29-ae7d-0708c40622a8	122	264	215	43	,
e6b771c6-d201-4a2e-96d0-16ca7d1b3228	343	263	72	42	one
a82b9cd1-fda5-4f9e-8eb5-5c4c58377d01	419	263	46	41	of
4ee4148d-7a77-45c6-8faf-9ddeb300f827	471	262	128	42	twelve
9c190e26-0ecc-4960-9234-361eb3889c07	471	262	128	42	,
297ca95d-a709-41e5-aaee-e163d71f4517	604	261	79	42	654
3bcc15bf-5dac-4177-8fdd-4974c398060f	604	261	79	42	.
f2648d73-b6ee-4390-8758-17779663520c	126	302	157	38	Mathoni
eebf3c1a-f870-49a6-9c50-6a8f093a5ecf	126	302	157	38	,
667ee343-1fe2-4834-8b34-c1770945b71e	287	302	71	38	one
f912f2ea-3d21-4a0a-ada4-33ee35dd066b	363	302	47	38	of
e6929a29-f62c-41a3-9298-b38fd7ede73b	415	302	133	38	twelve
5cad3ab2-0234-4150-bbe3-af2dd1432ece	415	302	133	38	,
d79bb8fd-4b9d-446a-b51b-08c0a7cedc7a	553	302	76	38	654
f17c4305-91b1-4f7c-bdf7-b1b36a1cf6de	553	302	76	38	.
40a823d2-9c79-4414-8e08-2db6902c36f9	126	342	210	42	Melchisedec
5fb17285-11d5-4158-b99c-36907d10166d	126	342	210	42	,
c430add7-c3b6-46f2-b6a6-4856cfb51780	340	340	190	42	priesthood
106a17d4-c9b6-4f8f-b579-753bf6e10861	535	340	55	40	of
579eed1c-395a-4ef0-b101-1be010b0b2af	535	340	55	40	,
943e7ebd-7ebf-4e73-8dec-28be2330df8d	595	339	90	41	350
df4f8856-460c-4f67-af92-92d01b7b2643	595	339	90	41	;
4221d673-6e47-4154-92a3-c8ba6c2d0efa	690	338	90	41	king
ed1b80e8-1dd0-4233-970c-413b4c4d863d	785	338	45	40	of
6336ac1c-6564-42ee-a82c-17f4929c54a6	835	337	125	41	Salem
916d61ef-b835-4eb1-a984-930943c82f3d	835	337	125	41	,
2215c6cb-5492-43ca-b0bd-0c29eb8375f0	965	336	79	41	350
23c69e65-e653-4081-af01-c0997d4c2702	965	336	79	41	.
c640dcde-ed67-4a16-b4fd-ac1b50ae0481	126	381	92	42	Men
5b263d0e-ffd0-4920-abc1-047fc29b53da	126	381	92	42	,
5175425d-977f-4ee2-8423-eedd09ae367d	223	381	62	41	all
89a4c15c-9243-480b-9eb2-40230ed9c6e9	290	379	210	42	commanded
3508dcd3-d5b6-4ed5-b259-1f118975467e	505	379	51	41	to
181cb148-3c2e-48c8-bb3a-f3584bde4af7	561	378	108	42	write
34c0443a-ca5f-4a31-8a3d-8944994f15c4	674	377	118	42	words
9d14dd25-d5fe-4f39-b8c5-85646619486b	797	377	51	41	of
35c30245-22fd-4bae-8ebe-ae7d35cfd68c	853	376	92	42	God
683ec915-d7dc-4055-a446-0f6bc271eee7	853	376	92	42	,
ef777ef4-36ce-4215-b133-6c9d2175b56f	950	376	98	42	157
61b13e93-c040-4dd9-9ad8-e74db176ebf2	950	376	98	42	;
9f7904c4-fde0-40f8-bf17-e9685566a7fd	1053	375	98	42	Lord
a639ba23-5eba-4f62-96c8-a3b66f2305d5	1155	374	123	42	speaks
5ace2ef6-057b-40a4-aa24-f5ab2beba811	1283	374	57	42	to
b4ff49ee-d8f2-4274-91a4-bed9bd5ae098	1283	374	57	42	,
1e39eb25-a368-46b2-bc82-3247322f302f	160	416	170	41	according
a3d2126c-507d-4d16-b3ad-dfc6c1d67abc	336	416	40	40	to
3b2df12b-3e2e-449a-83e4-58e4983807ca	381	416	95	40	their
20828658-2f1c-4f19-a27d-b993304a8803	481	416	165	40	language
45fc9a6e-bfe2-4654-adfd-40f7b9b6583a	481	416	165	40	,
aaa5677d-8568-45fb-b7f1-7f36240b7420	651	416	79	41	160
78eb8cd2-8e09-4149-ba6e-0bf81a4d432f	651	416	79	41	.
1d8524a0-21ce-45d7-ade8-b243aa33fb65	126	458	152	44	Messiah
bb8dfe28-3c84-49aa-a85c-f9c5f9545364	126	458	152	44	,
3b443f6d-dead-4aaa-8142-9e877e914ebe	283	457	137	43	coming
37acd707-90a1-4ec7-b074-117ae604e71a	425	456	58	42	of
3811c932-2d48-4214-a0b5-287b80a7b99c	425	456	58	42	,
d7679c2f-a559-4b93-a65f-6dc1be4c11bc	488	456	47	42	4
a12dc18b-d9aa-44d6-b3c4-d68cc27a763e	488	456	47	42	,
4396a162-6530-43fe-8fe7-48c450cd86d2	540	456	63	42	24
10823a82-337b-4a89-b31e-f6e1b3fe5021	540	456	63	42	,
ae74f4bb-235a-4b5a-97bf-b75475322541	608	455	79	43	65
ad67d864-ee6c-44a7-a2c7-fd23446b80c3	608	455	79	43	;
013c669d-0b1e-4d1a-a699-b22c65726c06	692	455	53	42	to
3f27f2d8-0268-4694-a343-f074ef637fd6	750	454	53	42	be
c1c3a528-2108-451a-a763-d15db06013b0	808	453	168	43	baptized
e1c0795f-cc4c-435d-8fb2-4478f3bf88a8	808	453	168	43	,
0ca83dbc-7b0d-476c-b324-a9c80f7e6787	981	453	79	43	24
62a491fa-103b-4c12-b279-231982a9066c	981	453	79	43	;
f26bb904-8737-4fe0-92f4-afb6f6efd84b	1065	452	53	42	to
ab667928-8485-4ac8-8455-35f9372a5364	1122	452	53	42	be
c87207df-5959-4b4a-883a-96e99e544a74	1180	451	110	43	slain
5428adc6-ff2b-4250-8f34-1f6322d3d188	1180	451	110	43	,
7a75b5b2-178c-47f4-9cbc-3a4e29f5c666	1296	451	41	43	to
edb88f67-3c21-4721-beb7-44f61df03b58	163	497	82	42	rise
5c51d7dc-66dd-4a6a-9222-6f733559dba4	163	497	82	42	,
72637a2c-e13e-47b3-b231-3357b0c31046	250	496	72	42	25
215d1e6b-0845-4e3e-a123-69d318c8492f	250	496	72	42	;
e1d17e20-9da0-47b3-8542-edd52b9bd5bd	327	496	52	41	to
6803b487-4141-431b-a8a6-07be6ccd8aea	383	495	52	41	be
c6d8e9d7-552b-47d2-8d4d-c6bfe381b037	440	493	159	43	manifest
870ae1f2-c01a-420f-b913-5e142562c58e	604	492	128	42	among
8f64cc55-640e-4291-b05a-cb8902c921d8	737	491	159	43	Gentiles
8d6a1c60-c90d-4f41-a1bf-c8a579e66754	737	491	159	43	,
63dfce3d-cfc9-45ad-9737-ecb4518cc6f3	901	490	77	42	25
1b38f817-0d98-49e3-8697-b28977cb1906	901	490	77	42	;
cd047101-0f41-4251-8380-2e197e016e74	983	488	154	42	Gentiles
9bfb5551-7b75-488c-9da6-1a506c142e84	1141	488	46	41	to
0c280c99-d719-4ccd-8c2d-ad1ebacf2f52	1193	487	103	42	come
c1642183-bf4c-4b45-ac33-58c236656a40	1300	486	37	42	to
8e42f5ac-396a-47e7-8ebe-da1fc76b0a78	163	533	185	41	knowledge
f9572674-2c7b-4fed-b526-d284bc0df485	353	533	50	40	of
da5374af-1443-4e1c-9e16-a9c70f5feda2	353	533	50	40	,
01ea747b-b43d-4d80-8835-abd266603db5	408	533	75	40	25
a1c10c74-1fcf-4a3a-a014-b9b05268082d	408	533	75	40	;
060f4c02-e4c4-4914-b69c-45030d91af0d	488	532	75	40	Son
ba6eef64-02e8-40ac-8f85-0a394db2243f	568	532	50	40	of
5b1369c3-3024-4788-b6ab-79dd026e06b0	623	531	85	40	God
373db63c-0264-4db9-babe-d7e50645f332	623	531	85	40	,
a9eba884-4bb3-4916-9363-714e3a7d4e31	713	531	80	40	26
671a8f79-2eb7-4823-b1ca-76fcc80c3ee6	713	531	80	40	;
7f20653d-d608-423d-af18-f8e4c8b7cc3a	798	530	105	41	Lamb
396c1028-9c84-45ee-ac96-5a806b0ad10c	908	530	45	40	of
3bc74932-e5ad-4fe5-9a39-50e59fd35e72	958	530	90	40	God
4ff8ff92-510e-4f9e-80bc-90306f10a078	958	530	90	40	,
5f2babb0-4773-492f-8836-28e5980ff27c	1053	529	70	40	32
b55c40f8-a400-4681-9df0-d317abccdf85	1053	529	70	40	;
c8c2fb90-60f7-4dd9-9fa7-f191048b7959	1128	529	50	40	to
235d6c4a-2f15-4951-ac79-6376751bbcfe	1183	529	50	40	be
74e2b778-080b-4e3f-afe9-96eb80b58894	1238	528	102	41	mani
ee3ee4a7-6202-4047-a9a8-e23b9f066180	1238	528	102	41	-
6a5aca73-9999-4f99-8aa3-0fa78840567f	164	567	72	44	fest
252b6a7c-5f12-4afc-b78e-432b51a9fd8a	241	567	88	44	unto
57052fe4-7fa3-40b1-82ae-b9c3cd3031fb	334	567	143	44	children
8efbadd1-e4c6-481c-b2a3-93561c6ff967	483	567	49	44	of
29d0dc68-7c6f-485d-82a1-4e9ffc59960d	538	567	88	44	men
73327d7b-49cb-4f17-a6e7-6507ef63084a	538	567	88	44	,
841ba7f9-f5c3-4cea-affa-b9e4b14b28d8	631	567	71	44	44
93639bec-2837-443f-9566-6f220917502b	631	567	71	44	;
8235f897-53d1-4366-92bd-9eef8cb6838e	708	567	49	44	to
7a3a6137-108f-492e-9822-bb7e29b34422	763	567	49	44	be
b61734b4-68b3-48a6-923c-6a7ce465933f	818	567	99	44	made
091e9896-ad42-4fa7-95b1-ee2bc75bbee1	922	567	154	44	manifest
e3dc0ba1-f8b2-44b9-87ee-6a869ed1c88c	1082	567	44	44	in
88e8e424-962f-40fe-9258-8b1bad1f0b3d	1131	567	110	44	latter
bf4d764d-1f72-4613-b480-eaebf89a7697	1247	567	93	44	days
dd65ff43-ad37-4936-81c4-1b92381615ea	1247	567	93	44	,
1d5500fc-a118-4659-aef8-138eb81e9635	164	608	66	44	87
8db9464d-227b-4992-95f6-9487d16d1c67	164	608	66	44	;
72771334-a4fd-4931-ac2e-937561880c73	235	608	121	44	people
70d6bd88-6938-497d-9fd9-04675039118e	362	608	88	44	wait
6ab0f564-3b39-4f59-9855-5c9f003827e7	455	608	66	44	for
29096750-27d0-457e-b1f0-f96afbecd361	527	608	132	44	coming
95fd03b6-31f2-49b0-b7d8-4a405879eb16	664	608	55	44	of
68df060d-b4f2-47dd-87e6-3aec9dbdfc85	664	608	55	44	,
7b9913ee-1bd9-486a-bbf8-79c152499b43	725	608	93	44	100
fc7d0958-2a09-4760-b229-e30c1103e9e8	725	608	93	44	;
c54b6d03-398e-4ecd-8a0d-54b19b8e0720	823	608	99	44	Jews
8e406234-7162-4b63-b6cf-a25d6ba03186	928	608	49	44	to
f6238762-d165-46db-8a83-6ecca41385ed	983	608	49	44	be
3fa326ed-c7f4-4a38-9283-70759564e859	1038	608	181	44	convinced
905b2918-8337-4a75-8b9f-5b3d64a4d991	1225	608	49	44	of
2fb954db-ad58-4afe-9a31-f85f866760de	1280	608	60	44	the
d25205f4-7140-4829-88af-2fd4ec16154c	164	645	88	44	true
29f0e079-8b44-471b-8f5e-ecee5f6c6a70	164	645	88	44	,
9e7fa921-f22c-415c-8760-dac8450be182	257	645	88	44	141
98714426-f130-4690-8d32-1ee549e16d8a	257	645	88	44	;
52198d39-2ca6-4c28-94c1-afd54c16ca10	351	645	71	44	but
ad72f5af-3d60-4daa-a51f-16029d16861d	428	645	66	44	one
b3fd27e4-b523-480d-95bd-934e18289ad0	499	645	93	44	true
ed04151b-fcb9-4e3a-b243-159695820213	499	645	93	44	,
2adb785d-06b0-4228-a149-925da9cb128e	598	645	88	44	142
9eee0e21-377b-4d2a-b03a-f8c4b12afee2	598	645	88	44	;
faaee7e0-0f63-499a-9479-d8846446d8f5	692	645	104	44	name
6e303077-e60a-4419-a4c9-8ceb3a5631f1	801	645	55	44	of
a2b5667b-a83b-4dfc-b760-ba6795208d38	801	645	55	44	,
d5c29dc8-fb52-47ad-bcd9-9e5ef9b70338	862	645	104	44	Jesus
96cd30d4-99af-423f-9046-934d2222284b	972	645	121	44	Christ
65738c86-8ee7-4bbc-a4fa-89d098411602	972	645	121	44	,
052fcfe8-2fe6-4a2a-8e82-9f568c502be2	1098	645	93	44	142
a9e9b09a-19ea-4ed3-ba2a-b17b261230c1	1098	645	93	44	;
e21bec64-43f4-4ac3-9066-d84270063973	1197	645	99	44	signs
ae2eb938-3ed4-4c47-9315-3158114f7193	1302	645	38	44	of
53e2e669-a1b0-4eb3-abdd-4e0b9eb3bbe9	164	689	93	41	birth
bdcd73dd-20af-46fe-bcff-aade6122c0e1	261	689	46	41	to
1c6c80fc-cad9-4066-9074-105221469961	312	689	51	41	be
ba91773b-1c31-4b72-b0d9-4af64e76490e	369	689	113	41	given
7fe343db-9903-4c52-aa99-30ceab79983b	369	689	113	41	,
e7510e1b-470a-4c71-a8b5-1359eada0435	487	689	76	41	144
73ab7dd7-8451-47ba-b680-3f8ad2d9468a	487	689	76	41	.
e216b546-631d-4052-a462-b36c9a4dc833	129	724	126	44	Metals
2f4bb4e7-fb34-479c-b3cc-058e11492781	129	724	126	44	,
9ca9f23d-ef23-46cf-8354-07abd367c403	261	724	115	44	Nephi
baf3f4ad-07f5-470f-bc3c-42e03db226c7	382	724	137	44	teaches
77d391cc-0446-407c-8fb1-b3db9e3f376d	525	724	121	44	people
6d4215af-14c8-4f27-b404-caccc3037d1d	651	724	49	44	to
2f3703e9-3ec3-4315-b692-b4c9545f983f	706	724	99	44	work
e35bf731-0c8b-4123-855a-6a52b5b06963	810	724	60	44	in
1d08e3cb-5465-4c4a-a85f-303b87fd5593	810	724	60	44	,
4cc68eaf-715e-434e-b942-6c0cfd4f4e0d	876	724	77	44	96
6e680b95-3dc9-4a3c-a5fd-a878dc7af698	876	724	77	44	;
ef67bab4-1a2a-4d37-8868-970db7658c9c	959	724	165	44	Nephites
8aff728c-586d-4743-8c1a-679b571f5386	1129	724	132	44	become
e318709c-6155-4d1e-9ab9-226afcde412e	1267	724	73	44	rich
90efcf2a-4747-4c6f-b8f2-421e5be5688b	164	762	55	44	in
98cbc577-07c9-43c7-a5e8-2545c4f77d72	164	762	55	44	,
545e69d5-56a5-4bc6-9ea6-8f062ffac3ac	224	762	93	44	198
ece25d83-43df-4574-b547-ad03d4ba431e	224	762	93	44	;
b5ff9d23-21f3-4794-b4b4-b6c72bf192cb	323	762	187	44	mentioned
688aa9b0-0cd4-460d-9865-398753bbb4f7	516	762	44	44	in
b81e86b0-f8ad-4b98-ad7c-d65b80817e30	565	762	132	44	taxing
e6ab56f8-a310-4f80-8749-088a245b5b52	565	762	132	44	,
87552c99-b589-499f-afd6-aa57e4c4024a	703	762	99	44	239
4bac7558-9940-4bb7-85a3-200e285d41ef	703	762	99	44	;
d3a9137d-baeb-47d3-802c-694bd3646d8b	807	762	88	44	used
ea399ccd-e10b-400e-a718-e3e0bfa5365c	900	762	55	44	by
d3360695-ea96-4fb8-b9f2-a8f0455d39aa	961	762	115	44	Noah
c6c0bc99-504d-4d37-8aef-68bc7e45a8ac	961	762	115	44	,
72e8ed51-5002-42da-b272-d11a82995769	1082	762	93	44	210
f4614421-d7a9-4a23-9061-8c4355a38128	1082	762	93	44	;
65121e14-98ff-4d49-aa32-a14ffea55d6e	1181	762	88	44	gold
79d7a5bd-3bff-49f3-8e1b-3a8dba54aac4	1274	762	66	44	and
a497924b-8902-4987-8b1d-b25d5b401fda	164	803	103	41	silver
5190fc2e-d461-48f5-851f-f7875322652b	271	803	123	41	values
ccfdcbd4-3541-406e-a026-84895feb7fe6	271	803	123	41	,
00daa5f0-297c-41ca-b3e8-c505e2fe9662	399	803	82	41	338
92040528-d1e3-4a94-b3b5-8f2bad60b06a	399	803	82	41	,
59bfe3f6-4cde-4cb4-b7ec-dec44fa3edf8	487	803	92	41	339
91fbc880-f63c-46e8-a84a-15a73b145eb6	487	803	92	41	;
6a261889-c3d0-4e9d-b96e-e0af3811864a	584	803	128	41	among
d5fe41c4-7e61-4024-b808-196254e97380	717	803	174	41	Jaredites
09dc3ca1-6187-4864-ab05-9af4cfc62dc3	717	803	174	41	,
b2f9d0fd-a5cd-459f-8868-35cd8c268d76	896	803	76	41	742
bcd6aaa3-a3fb-4980-86e1-91f16f9cdf37	896	803	76	41	.
d5530651-b800-492c-8458-0a3a796c688a	126	844	123	41	Micah
6671c62b-8625-422d-9a95-f4c7b093435c	126	844	123	41	,
a6322e95-d98c-4a18-b151-7f5addf06457	254	844	118	41	words
555955f3-1d9a-4b9a-93b7-7c709b8ca5df	377	844	56	41	of
db2da6d5-8032-4e00-aee8-664a59ea4d80	377	844	56	41	,
2c1b6485-a2d4-4cdf-856b-40813d558e31	438	844	87	41	658
157547b3-5951-46dc-9afb-53a3c087f4a0	438	844	87	41	,
bc5fc017-bfdc-499b-8a70-960eb6742da0	531	844	80	41	659
b4e7c595-142c-4b9e-af4b-c7c5ed4c8d2e	531	844	80	41	.
0d590a3c-f601-4f6e-bbb4-8e540f5ceefa	129	885	154	38	Middoni
2122b21b-0abc-4a64-9f04-192204a5095d	129	885	154	38	,
c213af4f-370c-45cb-ae6a-17c7ae050713	280	882	140	41	Aaron
3a8adb33-553f-4114-8460-7300a0cf6c42	280	882	140	41	,
79d37423-7697-436c-9274-3328a5a12953	425	882	140	40	Muloki
78060e66-a4d6-4d35-bd4f-0be2843b7684	425	882	140	40	,
0e227f76-84de-4f60-b360-9ff771cdd350	570	882	85	40	and
06dc51b3-592b-466a-be65-10f2b8e5bbdf	660	882	145	40	Ammah
00ba26a2-6cc0-4c5e-9b20-eea1dffaaf95	809	882	50	40	in
8774866e-df44-497a-b8ec-bb96db606f63	864	882	125	40	prison
a5d4ff44-e747-4b1f-a868-66d391fef9b9	994	882	60	40	at
ef250ce7-81a4-4c6a-9f2c-cbd4ccf807a1	994	882	60	40	,
22676477-8914-4ed4-bf3b-fd634362a4e6	1059	882	100	40	377
5910003a-92d7-478d-8d45-e12513279e84	1059	882	100	40	;
8c9d9822-a47c-4f9b-859f-187f58b8ab32	1164	882	179	41	Antiomno
6e361fd8-53d4-4d53-bedb-c536e6c7c084	1164	882	179	41	,
b11fe5d8-3b86-41d4-9ffc-b0a686f72721	167	919	83	44	king
089a30e9-b2c7-4347-aa89-9599910b5e02	255	919	60	44	of
25f82459-8eb6-43d7-9dfe-236acbd08d81	255	919	60	44	,
f967a82d-3675-4a32-b4fd-e67467b350a8	321	919	93	44	377
d611607a-1404-4360-825e-e4270074c0d4	321	919	93	44	;
7ec3a651-428e-4704-af6d-6e5e78e78ccd	420	919	143	44	Lamoni
9328bf87-3aec-4344-8c4e-aa00bb8282da	568	919	82	44	and
b8f7234f-fdce-4f46-a702-c5b4743b3463	656	919	137	44	Ammon
175e45ba-b10f-411b-b2f4-1ea1e124792a	799	919	99	44	start
a0947312-9251-46ad-8cc2-116bf4b6f150	903	919	60	44	to
2ef07ab6-cda4-443f-a0f4-ea0d5cd3cc00	903	919	60	44	,
3a6358ac-8636-4dce-934a-c2dbadb9c736	969	919	99	44	377
ff7d2b3f-ef92-489a-9172-a9da7757ba25	969	919	99	44	;
fecfb0a3-7e21-495a-9c6a-b83ff22f8aa0	1074	919	93	44	meet
fe2c1f46-15c9-46ba-a7d8-f861021a2496	1173	919	126	44	father
75144f14-2706-4f6f-a9b9-912cc04bf87a	1305	919	38	44	of
4f22aae2-7aa0-4cbc-b850-06985137cf85	167	957	149	44	Lamoni
fe2e811d-6f40-4332-af01-1b6617c92dc9	167	957	149	44	,
53187cdb-d032-45e9-95cb-d1695b64682e	321	957	93	44	377
59699309-f590-4ae6-ab28-5fcd90509310	321	957	93	44	;
4b154caa-4bd7-4bac-b52a-06e6bd3f9902	420	957	121	44	arrive
6481998c-206b-480e-9399-041ee52c8f8e	546	957	66	44	at
4d1dcc81-c299-4f50-b60f-5997a95dc9b4	546	957	66	44	,
bf1e8ba6-9b73-40d0-9796-74f6b68dc572	618	957	93	44	380
b1ded141-204b-4d1b-aac2-89cbab9e2bdf	618	957	93	44	;
6f357dd7-537b-4caa-b8d1-98daaae5b0d9	717	957	165	44	brethren
20d9802b-cc9b-4ce3-bbf5-0eb5c96b0a81	887	957	50	44	of
b937b3bc-3932-4862-b319-a129dd412594	931	957	164	32	Ammon
b721483f-5be5-40b9-8d31-bf6a8f115c41	1099	957	156	32	released
9fad5c9e-52e7-48fe-a448-033a0cf92f6f	1259	957	81	32	from
1f45baeb-804e-401b-a40b-66a3fc79af67	166	1001	113	43	prison
e75836f0-4944-4766-aa95-b64a637a4d1f	284	1000	62	41	at
32e208c4-0f94-412d-8a15-36a1140a633a	284	1000	62	41	,
221b3ab7-8d47-486a-b5e7-09d7dc9e5770	351	999	98	42	380
b19eb035-1ff7-4705-8d6c-2206a03b8f1c	351	999	98	42	;
05138bf4-09b6-4e9c-b730-f9b07bf510dc	453	999	128	42	Aaron
584e5cd6-c1ac-4ebe-818d-cf584245d411	453	999	128	42	,
9b5d9c11-851c-4624-9d05-168560e7fd34	586	998	139	42	Muloki
fa7f0c98-2842-482c-b0b5-979abafbb2c6	586	998	139	42	,
fef20a07-91b9-4d44-afbf-b2c7807e869b	730	997	82	42	and
961ad762-f223-474e-b0ef-ca89a3f467c7	817	996	144	42	Ammah
3c93e85f-9b35-43fb-b40e-fe78acba085d	965	995	128	42	preach
255103ff-ce48-4a53-b999-a7c42c6c78dd	1099	995	57	41	at
9095a7ee-7d82-4af3-9331-01e07fecfaa4	1099	995	57	41	,
63cca219-6b89-4e76-ad05-be3cad2e8622	1160	994	98	42	382
b06fcdf5-4d9c-4115-a79f-88ac3d416564	1160	994	98	42	;
39c2e200-d11f-408c-a0d8-d7e6c90cd497	1262	994	81	43	they
2d07eccf-029e-4142-92c8-827b607bfd96	167	1036	62	41	are
22f5974f-1381-4180-bea8-f0bf9b4a70ce	233	1036	82	41	cast
0b598b9b-6474-44c9-82d4-9948f6483483	321	1036	82	41	into
fd691d21-d453-4351-b137-b910bda98d96	408	1036	118	41	prison
67381e70-3314-47d1-80fd-744384e3da5e	531	1036	56	41	at
53343eab-365c-4da7-afbb-c6e4a1c51f83	531	1036	56	41	,
f5bce071-691f-4d06-a8d9-4f190842885c	592	1036	97	41	382
c1805de6-205f-45a7-86f2-102f84d2b2df	592	1036	97	41	;
46f609ac-18f8-496e-9d8b-940fc01b004a	694	1036	138	41	Ammon
fa04a711-b0a6-4127-86af-e755e4912500	838	1036	77	41	and
682ce5b4-8759-4cda-807f-80ad64b5937b	920	1036	138	41	Lamoni
a2a09f91-e873-4ff3-a15f-8ef0d45a6af6	1063	1036	123	41	return
055a621d-09db-4038-82b0-d19c93e184b4	1191	1036	108	41	from
be1dace4-4268-4010-a963-12f67a82ba34	1191	1036	108	41	,
881b48b7-9c63-4ff7-8f19-9dd61abf2310	1304	1036	39	41	to
3cc1fd17-5825-411e-ba1c-b887bf433603	164	1074	90	41	land
23adca29-b34f-4878-8222-4a2f2ac20209	259	1074	45	40	of
f4fbe84f-a326-43ad-96e5-66ecac1f871c	309	1074	150	40	Ishmael
a4dee393-7d3c-422c-a2e5-902d9b7ce7e9	309	1074	150	40	,
0401564c-4bbc-4c47-80b7-daa55bc76817	464	1074	95	40	382
a4bb1a12-ee60-4c63-95e7-9959889275d1	464	1074	95	40	;
83c0d15d-effb-4593-85a8-f269f8e6a203	564	1074	120	40	people
0c33be20-096f-483f-8d87-a93539490e66	689	1074	175	40	converted
86c5a6cd-de58-40c3-b0b3-ce44c86d0d31	868	1074	55	40	in
15088b94-8a16-41b4-933d-6645346a0f6d	868	1074	55	40	,
7c4fb837-14a5-41db-8ba1-18b74e7fd8b4	928	1074	81	41	390
b28a7928-6607-4700-802d-f3b66e6288c4	928	1074	81	41	.
4973a70d-d88d-425f-a4c6-7876ad63c0fd	129	1118	134	38	Midian
be534609-164f-42ce-bb05-99c347373506	129	1118	134	38	,
bc8dc4fc-2bdf-4b17-9181-53fcae0d6416	268	1118	92	37	land
2e4009be-3adc-431f-9a01-5388665d7153	365	1118	51	37	of
317d33ee-e069-457b-b006-ee686a16d5be	365	1118	51	37	,
ac2dcdd1-1295-4997-b5f4-4b5020b2e3da	420	1118	80	38	391
ade750fd-cdff-4337-baaf-6f5d49578f7e	420	1118	80	38	.
5a1018d1-4cb1-4fc7-a36c-82b2ec364824	129	1155	123	38	Minon
c6368fb1-dd60-4278-9d6e-571719f2bc10	129	1155	123	38	,
5a02b098-5971-45a9-a9ff-4d277f808d52	257	1155	85	38	land
a593050c-851c-44e2-ac24-65abc80cd513	347	1155	57	38	of
8336eec9-1b16-4cb8-8050-cb5eb963b3d8	347	1155	57	38	,
09c219ed-5203-4621-8f15-0e1d1aaef526	409	1155	79	38	305
2ccadad0-e104-4240-bc6e-1c47f4536cab	409	1155	79	38	.
bd739c3e-0d1a-47ef-aaa0-0033e1e64922	129	1194	160	41	Miracles
609f2b93-0dd5-4f7c-bd43-3b8df66c17e5	129	1194	160	41	,
d70e3486-9117-47c9-a5a9-cce3da21f200	294	1193	130	41	among
7e5545bb-2f0e-47f4-8e2a-929d7972de4b	429	1193	160	41	disciples
45d16a6d-8b1b-4659-83ad-4ccd82d46521	594	1192	50	40	of
e7fd23c0-ba1f-4fe1-a2dd-7d35e07d3181	648	1192	120	41	Jesus
756468db-365f-4bb4-b2ba-4a33b35c66be	648	1192	120	41	,
5171f458-7042-4590-933e-407c830c8111	773	1191	95	40	683
4ffb1911-86af-4215-81d8-aab12fb8edf0	773	1191	95	40	;
b645cc8b-bec0-48d0-925c-6630de87cc34	873	1191	125	41	ceased
9f024204-6fdb-44a9-a269-e1fabdd6a348	1003	1190	150	41	because
44cb1e1c-b15f-4e50-b00f-f911ed8bf26e	1158	1190	50	40	of
6fbc05ef-380b-4331-9d25-6d645ed3d4fd	1213	1189	133	41	wicked
e6673396-0108-4e85-9ea3-658ba773d0ae	1213	1189	133	41	-
45c4bfda-41a2-4e00-a0ab-cb84e8ec7c78	163	1234	93	38	ness
4637524a-5bf0-4a84-b19d-9d8699d44b6b	163	1234	93	38	,
1d017542-1d94-4147-8d64-88e15eee5735	261	1234	79	38	688
2777e6bb-725e-4484-88de-9f403a4d25f0	261	1234	79	38	.
614e3679-1aca-4277-b697-8aca29536a90	129	1269	138	41	Mocum
3c077675-869b-44d5-a111-fa4e8c179327	129	1269	138	41	,
ab84714c-3062-4d26-b171-d68b8aff1859	272	1269	113	41	water
250bb93d-ad97-4ce2-8662-e1a2f8842975	390	1269	108	41	comes
fe98211a-bf8c-441c-9f3c-ad6daf9575d1	503	1269	138	41	instead
4bd37450-dd46-47f3-9767-511da7c363d5	646	1269	46	41	of
63a1aaeb-e873-4634-80c5-11a05eb09e2c	697	1269	82	41	city
d5a04e61-4097-48bb-bd90-ef7a3e7c9913	784	1269	56	41	of
65d36cc5-106a-4439-85e4-ef27c1fc7877	784	1269	56	41	,
4ac22459-2c0e-4e06-a757-6845b1f4c688	846	1269	79	41	626
1ea95b85-286f-434a-9df2-cd0d7b6436ad	846	1269	79	41	.
47c732d4-c886-4eae-a887-dc4843e9a7bf	129	1310	236	41	Morianeumer
6e3f7cf5-b0b2-4019-9295-489214ce1330	129	1310	236	41	,
0573361c-40bf-4a4a-8665-c58eb1e2faad	370	1310	102	41	place
a471a95b-7073-47f9-b377-13edff463175	477	1310	123	41	called
6e85b5e5-37ac-40a4-99f5-fb14374e5e92	477	1310	123	41	,
c26e1129-2741-42aa-b674-95c83c15f3d9	605	1310	77	41	718
0bca6d0b-fefd-466e-b653-c3dc62aff3d8	605	1310	77	41	.
4029eb11-0b1c-4022-b5c3-96188c3cbbe8	129	1347	189	41	Morianton
27c4dc04-9ab2-4650-93ce-0d86dd0fd086	129	1347	189	41	,
a1b3a462-4ce7-446c-88e3-72f928bc21a3	324	1347	200	41	descendant
8cf88a5a-e2f5-4c52-a910-ede7d3132899	528	1347	41	41	of
85c16d6d-4de6-4492-b229-8af31e2396b1	574	1347	184	41	Riplakish
d1fb0600-b8c9-421a-bfe4-2a55a7251566	574	1347	184	41	,
bad2b31b-9a68-4680-9f4b-a459fea677f2	764	1347	82	41	714
14e6e9ad-fac7-49af-b8ed-c79957f79d79	764	1347	82	41	,
cae6a406-0de1-4f34-bbba-0b2aee1da6b9	851	1347	92	41	740
e52e053b-af21-49d9-8a19-d6d70d13545c	851	1347	92	41	;
4bda86b4-fd49-49dd-8228-1c0ac52dcb0c	948	1347	102	41	gains
f8b278db-b03c-41a3-9d3b-f18251a3ada3	1056	1347	113	41	power
0be09476-b93a-4a84-98b1-2b5eb0f1a6f5	1174	1347	82	41	over
bb23e5a7-e53d-4cc0-8439-170aedc8ec7f	1261	1347	79	41	land
7e3df80c-4e44-4056-8224-2c439ff5829d	167	1385	76	38	and
11092166-6de1-4b1c-9a78-9f3cce4af591	248	1385	104	38	made
7a9f3b86-ba62-43cd-89f9-a3c6272b827e	357	1385	104	38	king
c2960b91-b21d-457f-93fa-ac7430565a49	357	1385	104	38	,
3874f6a9-c8cf-4310-9a13-2b23687b1b14	466	1385	95	38	740
3664b0ef-7eba-4168-82d8-8f80a8b3ace4	466	1385	95	38	;
f707584c-0b91-4e4c-b83b-e090ea172c48	566	1385	90	38	does
02fd872a-52c3-4784-be3a-27f4ec92d8b8	661	1385	142	38	justice
4b364cfb-ca39-4c82-a79d-769ddecc797e	661	1385	142	38	,
d8010397-853b-4905-a563-f9143ca642fa	808	1385	95	38	740
b8e6ec15-f4d0-40ac-b7b6-7b72a3c3688b	808	1385	95	38	;
c3f4825d-b39e-48c5-988b-7d0797900ec8	907	1385	123	38	builds
bccf4d8b-bc6a-42c3-81c2-53dfd3067ce8	1036	1385	104	38	cities
0b32a546-e3f8-498f-8077-21e4ce550ef1	1145	1385	85	38	and
f7324dc4-326c-4052-a77c-a7a77eacef5e	1235	1385	108	38	people
19ec080c-9b5f-4582-b9e5-d40793be00ed	167	1426	144	41	prosper
677977b3-900a-45c8-a351-4c4d93623f18	167	1426	144	41	,
b2bf1564-d6a6-4275-a62b-ae355fc17a69	315	1426	92	41	741
c6942399-ef43-4005-bfd7-050620000c46	315	1426	92	41	;
cf89132f-0580-427f-9f77-4604266b4063	413	1426	118	41	begets
8ed0a499-bdb2-4103-976c-18654772e8d3	536	1426	97	41	Kim
4b0d0914-dcaa-4a73-a0f2-8a9b68ded44a	536	1426	97	41	,
1225b258-6c0c-41e4-9af8-6cbc97db0004	638	1426	87	41	741
2297725d-2d0a-4a2b-84f9-80aca43111c5	638	1426	87	41	;
c9886ae4-8b31-4b99-abf6-b2e9af40e1dd	730	1426	113	41	death
fedbfc36-6918-4f6d-8b18-f4b7f87da4b5	848	1426	56	41	of
000fd77d-cea1-4367-96ff-0fe547f0f8e3	848	1426	56	41	,
cc0934ec-b738-43d8-b142-2f5a0cb98315	909	1426	78	41	741
23ec1b1f-c98c-4bfa-b639-2f44a88cb9b6	909	1426	78	41	.
1eff10a2-50ea-4a22-b212-7967881792dc	129	1464	189	41	Morianton
ce9f80c5-32e8-488a-938a-005e187ecadf	129	1464	189	41	,
0fe12160-c797-420d-ba7a-6be7934896b5	324	1464	92	41	land
24c68cd5-a8c8-4be6-b603-dc8c935751e2	421	1464	56	41	of
fff2c6db-953f-4651-9977-5c0d50d21b0d	421	1464	56	41	,
cebac044-9fe5-4a35-bd86-3a4298afeca6	482	1464	128	41	source
1e2f7fbb-a4ff-4bd2-b52f-784149536cb1	615	1464	46	41	of
ccc84ea7-fd8a-4735-b2ee-f4ac03f0ff80	667	1464	200	41	contention
c0624997-4850-44d0-a819-1536831164a5	667	1464	200	41	,
8124fd1a-71c8-470a-aa8b-15bfbf06d079	872	1464	92	41	487
d1381575-c219-4bed-8fc0-ecb1384d8fa4	872	1464	92	41	;
1fb4756c-59df-4002-9ce9-3466dc525ac7	969	1464	123	41	people
1d329efa-2fc8-467c-91be-d1707f619430	1097	1464	56	41	of
ea6bd397-12a7-4426-8110-5dab160ca648	1097	1464	56	41	,
34ed157b-abe9-465d-acfc-f5aefa8f5d47	1158	1464	87	41	take
11e2fd2a-3f6f-4401-9557-9e1bbecd33cb	1251	1464	92	41	arms
505d4132-824f-4308-b037-03161d00796d	167	1502	133	41	against
941faf13-3aba-4344-89af-dfa0723384d5	305	1502	118	41	people
dd6e694e-a43a-4550-ac5a-757d8b7b515f	428	1502	46	41	of
d9f76e40-a8f0-4ce2-90d1-41c914c9028f	479	1502	97	41	Lehi
f06911f3-cff9-4258-b74c-631dc0234cec	479	1502	97	41	,
cdde9546-d128-40c4-a4ce-7e6030fdec31	582	1502	87	41	488
74196937-0b48-47da-8796-4ea82bfd1e08	582	1502	87	41	;
031ab2ea-79b4-4369-8a6b-c3000e69ef3c	674	1502	123	41	people
99d529ee-abb2-4d6e-85a5-4019bca52e0d	802	1502	51	41	of
fc3bbac2-00fc-4e6f-a749-64d8c8f99421	802	1502	51	41	,
f1b55ebc-8567-4ce8-b88e-5326359bbbda	858	1502	154	41	restored
dac78a6d-bad8-442e-9fca-4cd7fdb744c0	1017	1502	46	41	to
fccab308-b25c-43d1-8f7f-ea9ac6e94bfc	1068	1502	97	41	land
33a3bb7f-496b-45fb-99fa-9016f8c675de	1068	1502	97	41	,
bf51ed59-826c-483b-8d36-4a45c4f3a11d	1171	1502	82	41	489
4d009494-92c3-4439-894a-934c80280c15	1171	1502	82	41	,
0bddda2f-b8a1-44d6-bf09-4509f560c86e	1258	1502	85	41	490
59737706-30dd-4bff-bb09-eeb5d2103843	1258	1502	85	41	;
2a769cb3-7ce6-43e5-97f0-2c8d8cd6e697	167	1543	102	38	taken
010d0156-f160-4de8-9e56-ebaa6380945c	273	1543	55	37	by
a20f1ee0-08cc-4c50-9758-007b14615ceb	333	1543	213	37	Amalickiah
0af25d91-353d-4c23-8cbe-cd5604b21be8	333	1543	213	37	,
3c526371-0154-4be3-86c1-aad7f75cbfb0	550	1543	75	38	493
f3f466bd-e7a5-4fe7-b6a3-4eaae3816d33	550	1543	75	38	.
a3c258f2-e465-44f3-a649-fa9fa6b46873	129	1577	192	44	Morianton
7732f0ae-3c91-4642-8bf8-8243e0b2ce93	129	1577	192	44	,
27a3a74e-29ab-44a8-b4ac-0738ea0080ac	327	1577	121	44	leader
7f9c9b52-254a-436b-a81c-19bc01d6a429	453	1577	49	44	of
08043f21-664e-4413-96b3-fc9435d564dd	508	1577	121	44	people
6e218571-217f-4050-ae5c-ad6c5cef3832	635	1577	55	44	of
c0c2167b-f415-4361-b920-e6bae18bb0eb	695	1577	198	44	Morianton
7f67bf60-15a6-46ff-8706-9c161acbb990	695	1577	198	44	,
d93247fe-6889-4cea-8f56-bf81c731f5e9	898	1577	93	44	488
abc580be-da6b-4e27-8e5b-917c2b8e73d9	898	1577	93	44	;
c8606688-f448-4725-819f-a0bcf4ccaaa9	997	1577	110	44	beats
0e2de659-964a-4f39-9f88-7836aed9840c	1113	1577	233	44	maid
529d13e8-e672-4380-8d17-32308e51a2fa	1113	1577	233	44	-
db5195ea-f5c7-40a2-8d1c-73b3499b7d0c	1113	1577	233	44	servant
bd199b27-09fd-4917-9cbc-ee402d6d72d7	1113	1577	233	44	,
94104ebc-126b-4db1-a7c6-a9896a540b1e	167	1621	86	38	488
52180a9c-9f44-4c36-ae29-dd7ded3139ea	167	1621	86	38	;
28a25a9a-f6f8-473f-b3cc-4c828b764778	257	1621	95	38	slain
0d5aebd1-2470-402f-80fa-f6c65e917c60	357	1621	52	38	by
668808a9-b76e-4ca9-a202-00ffe6304c00	414	1621	171	38	Teancum
6bca196c-1afb-449c-a467-cb0cf21591e0	414	1621	171	38	,
47b39955-d2f7-406e-81b2-1038c6e39e60	589	1621	81	38	489
8b172103-f846-41ee-9889-3e01847b4f66	589	1621	81	38	.
608699eb-9434-453f-8af5-6290649442c9	129	1658	200	39	Moriantum
7ce4fb02-e0e6-4b39-902e-3b2d1e087b0b	129	1658	200	39	,
6c39cbd9-4948-4063-9709-574f29c677af	333	1657	233	39	abominations
6100ccdc-adf3-4a70-9d28-996458783397	570	1657	43	38	of
47d9e747-e598-4e73-adb4-537e85d8091d	618	1656	162	39	Nephites
32369add-c89d-4107-949c-1986c9daaf0b	784	1656	57	38	at
ad56ffa6-1406-406d-8108-ae5ebdd2da38	784	1656	57	38	,
7cfdebc6-af17-4d74-9f01-492989e4d408	846	1656	76	39	772
206d55f4-4c44-45d6-ba06-a86b12392630	846	1656	76	39	.
bbf0e1bf-f504-46c3-826d-f01a49843f0e	132	1697	152	38	Wormon
98150936-303c-405e-88e8-934df177577d	132	1697	152	38	,
a952f96e-80e3-4afc-ab28-e69d79b8201d	289	1697	114	38	about
ca4b8dcd-0ccb-4b35-b023-df899c3474b5	407	1697	47	38	to
8f7fb61e-a2dd-42c4-987e-3be0e692f58b	459	1697	128	38	deliver
3c3c208d-9b44-4279-97f7-cc633e043651	592	1697	123	38	record
e6f8e2b9-37ef-4a99-a2f9-795fdde28208	721	1697	52	38	to
cbe029ce-d1a4-4b00-b450-643cbff604b4	777	1697	142	38	Moroni
c8c9e047-73a5-4da5-8969-ce8dcfa5fe4d	777	1697	142	38	,
d96c3786-4859-4666-ae48-efd696a6f308	925	1697	95	38	204
17ee8ab3-2d3f-4111-bddf-6a90d9ff41d6	925	1697	95	38	;
6ce52293-0c9b-40a2-9d77-5e1698cf8b6b	1024	1697	119	38	makes
ab1664d7-30e1-4842-90cb-3faec5304649	1148	1697	195	38	abridgment
f3ea16ba-e9f5-4d7e-9787-baa54c422fed	167	1735	46	38	of
21cfa470-b6f7-4399-baef-b4c19d669da0	218	1735	125	37	plates
746f4479-9dd0-4986-8397-6c5778122ccf	218	1735	125	37	,
774662b6-3ea7-43d4-8be7-3cb43fc54707	347	1735	97	37	201
375d3e93-2fd9-456e-8fda-577ea1ed4bd0	347	1735	97	37	;
b9e68601-a986-4cdd-9194-da5193890c7f	449	1735	97	37	finds
6147350b-d9ff-4d46-bcad-737d961ce47f	550	1735	106	37	small
ccbafd26-4328-46fd-b160-dc7b3da29540	661	1735	69	37	set
b5947ffc-9638-4a5c-90dc-4bce7e4a0d05	735	1735	51	37	of
33540262-14a5-4863-a7e7-a1fb37027826	791	1735	125	37	plates
277efab9-a4a0-4465-87a1-7f1a00a0cfa4	791	1735	125	37	,
b63996e0-c2d1-49a1-8a9e-e7368b4425d3	920	1735	97	37	204
acd45569-b9be-4474-b650-3abd1448ad9a	920	1735	97	37	;
f97f4745-3f76-4c0d-a0a2-562354dcdbfa	1022	1735	139	37	finishes
e305df6e-e58b-45eb-a740-1277a40aa9ee	1165	1735	129	37	record
e58085fa-7160-4266-8704-fa90081ad3f1	1299	1735	41	38	on
946b5e9e-8d66-4f68-8090-28dfb855f069	167	1772	109	38	plates
261b291a-7385-46f1-b930-2c9035a331a4	281	1772	43	38	of
abc9685b-48e5-48fb-80de-a030105ff109	328	1772	119	38	Nephi
9b458d49-20f8-4e48-a242-cbff92652cbd	328	1772	119	38	,
bafbe98f-9e79-435e-bb69-5e6a38290608	452	1772	90	38	205
7c75c1a5-9678-41c0-8557-095b17f0da10	452	1772	90	38	;
7b57d685-0997-4272-b355-363cc7a5d490	547	1772	114	38	makes
60599b51-f366-4f6d-b672-59ce832fd97b	665	1772	109	38	plates
c0327bb0-1bb7-4797-a814-927670a4c007	779	1772	90	38	with
1f25d5e0-5a12-4066-95c9-8e41c32c5852	874	1772	76	38	own
f916d9f1-cdef-40a5-af6a-6b514012f797	955	1772	119	38	hands
0fc9ba00-125e-4359-bef8-5755ad4a4293	955	1772	119	38	,
b01dc7fd-98e1-4fdb-b7fe-9feed77b0846	1078	1772	81	38	615
3d83a159-faf9-41ed-a6fd-f3828e5588a5	1078	1772	81	38	,
d13308dd-a101-41bf-9536-5c4ed9ebccc6	1164	1772	128	38	calling
5e4c2d7e-d9af-4a9e-9c2a-d83e09accc3e	1297	1772	46	38	of
3db3c71b-e37b-4180-9cab-8669636ee1a1	1297	1772	46	38	,
2868b8c1-cbea-4a21-a497-b9d537bca364	167	1810	87	41	615
3ff71e18-fe47-49fc-bfe3-5fc5378c3fbf	167	1810	87	41	;
f341ad5c-8217-4483-9bee-3ca29b673a77	259	1810	118	41	record
9c97caf2-5ac5-40c6-bc3e-9a28749780e6	382	1810	56	41	of
67ad675c-5b5a-4992-b48c-012382d8301f	382	1810	56	41	,
05402afe-0ec1-46c1-94f1-de7dbb50f852	443	1810	87	41	616
7b8bae08-31a3-47f7-b377-8b707477b2ee	443	1810	87	41	;
a96c0106-9d0c-4e1d-a077-4c017b7cc84e	536	1810	92	41	pure
77327386-7623-4ed6-9402-7fcd56914c5d	633	1810	195	41	descendant
9f79a8c9-3bd5-4e92-b4ad-8774a19fc90d	833	1810	46	41	of
f69255c7-9622-4cec-939b-75e64f7d9e0c	884	1810	97	41	Lehi
37fa0708-953a-4dd4-843a-533fdff60dd4	884	1810	97	41	,
749aa5c1-9b37-408b-bd9e-a8f0d0db31b3	986	1810	97	41	616
ede330f4-f806-4583-b3ff-6389572247be	986	1810	97	41	;
f8bbfe6d-9644-4b73-bcc5-5c5c8e63f7b3	1089	1810	113	41	words
707f9d0d-72e9-401f-8bef-0adeb2b976e5	1207	1810	56	41	of
d079bb5e-19e5-499d-bba7-35d1d06f87b8	1207	1810	56	41	,
f8f56629-4d39-4e49-83b7-be10e3f4289c	1268	1810	75	41	616
211b26be-3620-4a59-9f67-b19dad92495f	1268	1810	75	41	,
0739a934-565a-4580-9490-f804a667911f	167	1848	87	41	684
2157b6ea-8707-4d30-9694-45c293f6a8f0	167	1848	87	41	;
c5c40fe8-1969-4465-bca3-b4a072004664	259	1848	118	41	writes
4a1b2eaa-a64b-4e70-ae8a-484f3d09367b	382	1848	118	41	things
76ab414b-cd99-43f6-a345-102cda909c07	505	1848	210	41	commanded
95294ebb-ec5f-4eff-89c7-6d2749dab22a	505	1848	210	41	,
d4e99e7e-ec57-456b-b88c-607090b8e89c	720	1848	92	41	671
5cddeedd-2f73-4c28-a58a-18b217fad429	720	1848	92	41	;
6aa94db4-a042-49e9-918f-720669acb166	817	1848	118	41	makes
c53e359b-7234-4ce6-a3cf-94d57a38a373	940	1848	128	41	record
db604603-20b9-4eb7-a13e-3a8f028ceb5b	940	1848	128	41	,
da658c1c-036b-4eff-bfe6-61b0c26a7df8	1073	1848	87	41	687
e2733410-a8f6-485f-9b09-bd0e7d388828	1073	1848	87	41	;
a4cbfd5c-e7ac-4c64-b463-1c0e7c137b28	1166	1848	128	41	spoken
628468c0-2115-4ec2-a316-35882bb1bd67	1299	1848	41	41	to
13afeb2a-b5d8-4ab7-8de4-2f0de101be87	167	1889	57	41	by
e517874f-f8b0-44d2-98d0-9a7c2e1863d2	228	1889	179	41	Ammoron
fd23e3ef-eadb-46ba-ae2f-be54c42e50ba	228	1889	179	41	,
4f69d15d-d3e6-43bd-b830-37210636c206	413	1889	97	41	687
0b7bae6a-2e18-492f-9533-c10814ed127d	413	1889	97	41	;
53049238-cb38-4cdc-964e-d6e7d63b9bad	515	1889	82	41	told
bb75ee3a-2547-4fab-b733-06ae8c302779	602	1889	51	41	to
129dfcae-19ba-4091-95f2-66dcb3221af8	659	1889	87	41	take
895472b5-c604-49ea-a5f9-e7d775765770	751	1889	118	41	plates
9491eecb-163e-48a8-a917-3397a6ffd60a	874	1889	51	41	of
314a6ef6-02e1-48d1-8091-4b207ea37bd0	930	1889	123	41	Nephi
335841ac-ca3f-4533-b978-ecf72ebc7151	930	1889	123	41	,
03cd54be-9865-4d5f-aca6-0849bdc6e90d	1058	1889	97	41	687
3c675419-435d-4954-a0f6-a33892c12541	1058	1889	97	41	;
0cd7a016-bb05-47f0-9393-9bebbc2ba5e6	1160	1889	128	41	visited
ae78fc88-0739-48f1-9df3-d0365373502a	1294	1889	43	41	by
aeb3bac8-f946-4c42-9d05-71a3d414b42e	170	1927	102	41	Lord
715d3eec-e698-4e64-bd36-7460876f94e7	170	1927	102	41	,
352c5c81-bd72-4a13-b1b4-9360da912a1a	277	1927	97	41	688
8775ac35-7d34-4f06-b36e-ad6b7e398b67	277	1927	97	41	;
d20de5de-208b-4b3c-90f6-6f111c55f750	380	1927	189	41	endeavors
8c5e6f46-e30c-448c-b5bc-0ff943d9e985	574	1927	51	41	to
372c70dd-3cee-4cd1-86f4-280ecdfa0c2c	631	1927	138	41	preach
ace46980-57f1-4773-800d-bd5f0f74ad22	631	1927	138	41	,
c293105b-559d-4179-a8a7-d6e76005c4da	774	1927	102	41	688
d18965f6-5da1-4c83-921e-de818608cf8e	774	1927	102	41	;
30bb9a8f-6032-499e-9984-fbb5530a528c	882	1927	128	41	leader
e36357a3-d8b7-4350-a150-ba3d46a458b3	1015	1927	56	41	of
64be19ba-0803-4a7c-8617-539990736d5c	1076	1927	169	41	Nephites
97402c51-5da2-4364-a8c8-7582a944eb59	1076	1927	169	41	,
ea71c999-3be8-4ab0-baf2-555a203e02ab	1251	1927	72	41	689
aadf2ecc-e372-4be3-a345-5e923e50e897	1327	1927	12	41	:
b06e8def-edfa-4292-88ef-31fda8988701	167	1968	194	38	withstands
9aae4d8a-c9a3-488a-af5e-e0dda34dae8c	366	1968	125	37	Aaron
17d0ff04-8f19-4b64-bfa1-6ef14f65d4fd	366	1968	125	37	,
7eb81228-5c67-413e-92c3-6e32364f5d89	495	1968	97	37	690
70e9f468-e390-4792-8574-22475e9e7667	495	1968	97	37	;
ad1a2103-8d3a-477d-bf36-3dbd1955d879	597	1968	83	37	gets
e9659f21-276a-496b-bfbd-b85e84346225	685	1968	116	37	plates
b02bb82f-9ef2-4ca7-866a-9e8db2d37b29	805	1968	51	37	of
e253b54f-1b48-4ee8-877a-cb0ff3b9143b	860	1968	120	37	Nephi
f9599235-d562-46d9-9714-d7c0f707d53c	860	1968	120	37	,
b11441e8-c085-4a67-bd5e-b88698cccdb0	985	1968	97	37	691
ac5e81f1-6f2e-43da-81b7-2b8e61712b63	985	1968	97	37	;
1b351af6-0fcd-47e5-942d-5523cfdbdd8b	1087	1968	88	37	flees
04c8a715-6c08-4216-ade1-7b92e38edc54	1179	1968	51	37	to
30feef28-0726-4704-939c-907e832ad824	1235	1968	105	38	Shem
fbe9cbd7-c4bf-46cd-9758-8173b3205f87	1235	1968	105	38	,
92c70b84-bac7-48de-8aa8-23bfd1ac61f0	167	2005	81	38	691
3cb58244-9444-4ae9-b10b-047770d22d24	167	2005	81	38	;
d66951c8-3d4c-4eab-934c-3fcd8d372095	252	2005	138	38	teaches
aaea47e8-9006-443d-9258-f7d525fa1a12	395	2005	119	38	people
a2c654cb-94cd-4325-8fbd-d79cd4ab97b6	395	2005	119	38	,
66998504-9cd9-4e99-9f95-b250a460ffd6	518	2005	90	38	693
fd3acfbc-e6c1-46a4-9b18-9163a237cf26	518	2005	90	38	;
c00a961b-3f92-421e-87d1-50112cc89c72	613	2005	81	38	gets
7f3f4094-67b0-42ff-ab3f-30feed3da94f	699	2005	119	38	epistle
3ad91676-514e-4e75-83dd-40f79c283727	822	2005	90	38	from
f0bbef48-e80d-4f44-8b02-1883f3b7108a	917	2005	90	38	king
ce2f8eb3-3c75-43b3-b399-287cb77e27d2	1012	2005	43	38	of
6ade1138-f8e8-4752-980b-704f08fe70c8	1059	2005	195	38	Lamanites
b9480f27-14b3-4c14-92c7-07d692986bf3	1059	2005	195	38	,
e45d5992-e58b-40e7-9c8b-cefbf82cfb5d	1259	2005	66	38	693
aa12706b-9b90-4fe5-911d-8b81068d9a35	1330	2005	10	38	:
0e607d4d-5606-4643-ac2d-9a5fee7d3400	167	2043	128	41	refuses
e0898ade-a1ef-4440-9339-714e3d62ee0d	300	2043	174	41	command
38140de4-5323-46f5-9bdf-c7445ad2ee02	479	2043	51	41	of
ad78515a-8e7d-4d77-91e5-9a8f24e9d468	536	2043	169	41	Nephites
119bdbcb-4306-4273-8477-c1ff84fa08b9	536	2043	169	41	,
93ba0e7f-b5e8-425d-a7c3-982d3f25129a	710	2043	97	41	694
986fab6b-3b4c-4bf1-b9f4-8860aefcc3be	710	2043	97	41	;
0adf7577-48ec-46ca-b146-0010eaeadc32	812	2043	123	41	writes
f5bf1d29-a5cd-4f13-a488-92b97c7a1ab6	940	2043	51	41	to
5744abfa-0a89-4454-bc2c-cdf5e54b6814	997	2043	154	41	Gentiles
63f7b8cf-2f8b-43b6-8f75-9f72cffbd87e	1155	2043	82	41	and
a0eb84fe-49d2-4f12-a600-edcc465843d2	1242	2043	97	41	house
