ID	X	Y	Width	Height	Text
c4e24911-c80b-46e3-baea-e64bee647800	645	72	176	48	INDEX
fe705006-dc37-40c8-abc2-6007bc39214f	645	72	176	48	.
16dd85fd-7543-447b-bd93-43c5c1aaeca9	1261	76	72	38	809
54f9b4a3-4f5d-49b3-bad2-e72ff8080b36	160	151	210	41	recommends
7b4227ad-c56f-4d57-abb1-81fa36a24c01	376	151	128	41	judges
578d9ae4-4b03-4bfd-ba05-d640ca392fd6	376	151	128	41	,
6e99d3b0-1314-4b5f-a2ed-784daea96357	509	151	92	41	293
7fd372aa-9dda-4db3-b2d2-13ebfcc204aa	509	151	92	41	;
2e5e00c0-7c83-4864-9998-bb837512375c	606	151	102	41	loved
5d8bde6c-7176-4ba8-af4b-8d283c9b2189	714	151	51	41	by
934a8acc-6035-4aac-800d-402e13f23419	770	151	67	41	the
6713d026-0435-41de-b2fb-d2a5fadccab1	842	151	128	41	people
018422e7-a613-4837-ae7b-e9cdbf0af347	842	151	128	41	,
37b21f4f-89ff-4cfe-97f2-df8a9a0d1bb9	975	151	92	41	297
8f5d1ee3-5b03-4d47-8e78-731b159a86b8	975	151	92	41	;
f6f202d0-9ccb-41f6-9434-f196c68f1143	1073	151	108	41	death
15245189-60aa-477f-b907-5286428a61d2	1185	151	56	41	of
a46d3c80-d824-4ffb-94a9-99bc4ae94a4c	1185	151	56	41	,
b0258288-b251-401f-a0ea-9175e1c49992	1247	151	87	41	298
aea62612-c7ab-4cd8-b93b-8d5006bfb46d	1247	151	87	41	;
de710391-9d86-4c3c-b660-3581cff38624	157	186	94	47	laws
9c91a085-64e4-40d6-aed1-f8a6213ac094	257	186	53	47	of
bbac9c34-1c58-43d1-9545-a38fdaf4325b	257	186	53	47	,
48f7fb0f-6231-4c50-b383-f25e5dc443b8	315	186	241	47	acknowledged
eb9d258c-8409-497f-aa3a-f4e63b631254	562	186	53	47	by
0a216f0f-c5ca-444b-b7a6-f9907a1b1381	621	186	123	47	people
c15c6856-3bb8-4c95-ba9b-6bca539c0aa2	621	186	123	47	,
cdca6801-3566-48c0-99f7-212154c0a2e9	750	186	41	47	of
9d575f6b-639b-4077-9e70-70be7ac3fd50	797	186	117	47	Nephi
60eae144-0231-45ad-bd21-b4655d0b5729	797	186	117	47	,
c52e53a4-18c5-493f-9a8c-71af6276b189	920	186	82	47	298
22c5abf6-22c5-4f66-99ae-62279476600d	920	186	82	47	,
4034caac-31a9-4d63-9d8f-9b408e0d03e9	1008	186	94	47	337
79a86983-d3d1-426b-8380-b2bf7b5ea42b	1008	186	94	47	;
f9b33eef-4d41-4ef4-9a58-cd6ed3df655a	1108	186	88	47	sons
0329f074-2aef-44d6-9cf2-6782c9901132	1202	186	59	47	of
70445454-f9a1-4eca-a860-05743f5816b5	1202	186	59	47	,
5dd21ae5-1618-4a0f-8729-b8af41273679	1267	186	67	47	met
2d289150-ebe4-41a1-a830-57b7f84f972e	160	227	55	44	by
7b60412c-95b4-485a-8f39-dc2f1a902748	221	227	115	44	Alma
fc285c86-69f5-4587-816c-14e34aec85ec	221	227	115	44	,
7106bcdc-6b1b-4c52-b038-879e4f59f4d2	342	227	93	44	362
0f44fe12-8776-40e8-9ed0-488540c0a41b	342	227	93	44	;
e9526032-4441-40a4-969a-20b5d2f7b423	441	227	93	44	sons
cd6dfc1b-6c44-470c-85ba-32aeac02fcbc	540	227	60	44	of
5996f211-76bc-41c3-8134-8bff97c583fc	540	227	60	44	,
fc259ec7-3478-43de-af2b-bf6f32958d0d	606	227	93	44	have
6157b3b7-4323-4147-b07b-0bf58c9f49a5	705	227	115	44	spirit
864ed5c5-3cde-440a-b76b-53a126a887e0	826	227	55	44	of
ab97579c-42e8-4824-831d-974c868b4e3c	826	227	55	44	,
765326d8-72f0-4020-8a6b-0b2591396ce7	886	227	99	44	362
4f3a9070-e7a2-49a0-8036-d63bbe52a5ca	886	227	99	44	;
f1310cbb-d5e6-4640-92c4-9cb440c8605c	991	227	93	44	sons
eb97a76a-8c94-4474-8fc3-1d187a01bdce	1090	227	60	44	of
c515ce4b-aaa9-450b-b283-6e0ed6d488bf	1090	227	60	44	,
26f97188-4a8c-4626-959d-40e03cc7aaeb	1156	227	132	44	preach
7c59ac49-13e1-4315-9e7d-eb27cbbcf2a1	1293	227	37	44	to
a10580f8-f6d0-4e5c-ab87-6e577ac6c846	160	268	180	41	Lamanites
6bfc0c68-ff62-4053-8841-3d621aacc6c4	345	268	149	41	fourteen
02aa6bb7-ef0b-4d0f-8758-6c2a0e324c6b	499	268	113	41	years
ef8c6924-c11f-433c-9a68-829e69c6a8f7	499	268	113	41	,
271c5f95-970b-4935-af16-f1ef6e9785c8	617	268	87	41	362
b2beeca6-5e48-47d8-b2e8-81b32d04c94b	617	268	87	41	;
8fe509eb-d0bf-4928-ac6e-ea20f6c76bca	709	268	92	41	laws
ff500246-380f-442d-bf14-16daf887f057	806	268	51	41	of
a80b1cda-f15b-4a91-8e39-354662805e25	806	268	51	41	,
9b0f1252-e6b5-4b90-be86-61c107de908b	863	268	138	41	altered
9671ec05-662d-4e82-8a21-a54e48ef79cb	863	268	138	41	,
09008930-5fdd-48dc-a291-3986d661913c	1006	268	79	41	555
6df763ac-5167-4a5b-8943-48cba90ece46	1006	268	79	41	.
79f6685e-6f4d-4752-9408-71ea22334265	126	305	118	41	Melek
fa17509e-2bee-4d36-aeef-acc6bee41bae	126	305	118	41	,
27799293-ed91-443c-8cde-27d8feaf4f9d	249	305	92	41	land
99e9161d-2f7b-4cb0-8aea-2a3b3c876f3c	346	305	56	41	of
01f461c1-cbfa-4806-9d13-a26db70f8334	346	305	56	41	,
4417103e-3c37-4a4b-bb01-c015ce9f59bf	408	305	108	41	Alma
02a36029-43f5-4b92-a74f-c7beb44ee4bf	520	305	133	41	teaches
0a750bf3-6e7e-44fe-9944-50a853176798	659	305	123	41	people
117d12ef-679c-4bd0-a0e1-5cd5b43c8cb8	787	305	61	41	of
23a9d7bd-eb66-4893-85a8-890da9fd8897	787	305	61	41	,
105612e9-5bdf-4c4b-9129-d593876267e0	853	305	92	41	326
358a3a98-c029-4156-8d04-d9990e92d981	853	305	92	41	;
71c23917-baac-48ca-a38e-f5ed10a94f01	950	305	123	41	people
d040c642-804f-44c4-a541-e380eaf5ce98	1079	305	164	41	baptized
2a91b878-87c8-473d-be5e-c0fe1ff1f857	1079	305	164	41	,
0a731dc8-05a4-4c6e-9e61-37282cb4fa0e	1248	305	89	41	327
5801628d-228d-40ec-acb0-905b2a59a802	1248	305	89	41	;
36cb94a1-4e6d-45b9-ad2b-b2d9a98b2a54	160	343	110	44	people
62eed43f-1bca-44ee-9047-f5f75783acba	276	343	44	44	of
d022e6af-4d8a-4551-9ddc-ea3d5717f009	326	343	137	44	Ammon
b73553cf-56de-4618-b44c-b0851d6b69e6	469	343	88	44	come
5ffa9710-f998-44d9-bcf1-bc95341cd8d6	562	343	88	44	into
3d51b508-f111-4391-864e-828a4b2830b7	562	343	88	44	,
d14aba8e-6ff3-442f-a851-d2a71e6294a3	656	343	66	44	433
307385ee-8d67-4f50-ab3c-d35573df0be0	727	343	16	44	;
f0ff3340-6423-4c6f-ab61-465353f5e026	749	343	104	44	taken
ab9521e6-16e9-433b-b944-2a8ec12f37e5	859	343	49	44	by
0cd41a78-7f34-4811-81d1-4c57a5fd59d9	914	343	203	44	Amalickiah
27747f72-35ee-4445-991a-bfdbe0bacf33	914	343	203	44	,
72a63a59-8a40-4525-a635-8460baa970af	1123	343	79	44	493
212e3942-7fd0-4082-b9a1-a438a2566f54	1123	343	79	44	.
1c20b6d3-0eba-4478-a888-006ca4dfb443	123	384	123	41	Mulek
d2fd4131-322b-43f2-bcac-605a4125005f	123	384	123	41	,
eb62bbe9-21d3-4df0-9771-120922923a6e	251	384	189	41	Lamanites
0ae0d79d-5b41-4f1c-9179-c9f7745ddfbd	446	384	128	41	retreat
e4cb2e2a-6512-4b8c-9f1e-722a06485f70	579	384	56	41	to
c57cd4de-0229-4aea-b7c0-daaa3ccd275d	579	384	56	41	,
2148d54a-dfe8-4ea0-99e4-2bd00455ae3b	640	384	97	41	495
09227e6b-bdff-43b9-a343-37c3fb6b226d	640	384	97	41	;
c7cdd0ed-7594-4b8a-a9e1-73d42eefdf2b	743	384	164	41	Teaneum
54886bcf-781e-4231-a58b-dd9055e46174	912	384	143	41	ordered
c4670826-4355-4e61-ad35-6543a4249874	1060	384	46	41	to
7c3353f0-ef22-42f1-9a49-e9059743b03a	1111	384	133	41	attack
4653918d-f397-45ee-9931-3ada82792b01	1111	384	133	41	,
a0e87c87-3a73-4a17-abdb-ca1e81b3ec31	1250	384	84	41	496
59076838-4996-417e-935d-ac1012d985a4	1250	384	84	41	;
259fcda2-bae3-42fa-9d46-8312aca1c138	160	422	105	31	Jacob
0e9e11da-679d-4893-b9b7-b6a18a3fce28	269	422	120	31	leader
b8b1488e-0c01-47df-a900-c833defa1be8	393	422	46	31	of
a8171193-2800-435f-995a-ceb7bede15bd	444	422	179	31	Lamanites
19ac0876-c69c-4d45-bc8a-8db3903333e3	623	419	66	41	at
d8facca2-bcf5-4a9d-a2b0-648aa4450bb1	623	419	66	41	,
f456a8c7-6e0f-45e9-8aad-eb652443799e	694	419	92	41	497
6df608b0-c814-4171-a2fd-c0156184387f	694	419	92	41	;
1f80f8ed-b862-465f-8b1c-e2987fd1806d	792	419	108	41	taken
5098a7f0-ff41-4015-92d2-c4be46ec8fbb	904	419	56	41	by
730068a6-9477-454c-95d0-863066b206c4	966	419	138	41	Moroni
7a7e546b-ed00-4ce6-a380-d47bc4d988c0	966	419	138	41	,
82a56c13-932f-4c4c-b2d6-06919b29ae84	1109	419	97	41	498
21beb27d-508e-4d2c-b3c7-671d99f1e184	1109	419	97	41	;
a7ffd628-efa1-44c5-bd58-8d63a900be12	1212	419	122	41	Moroni
af9b912e-ebd1-45f4-92ac-8080023be24f	160	460	98	41	gives
32156fac-9269-4876-b66a-3e96f892e3a6	263	460	169	41	command
f1d7dea3-e109-4cee-958f-5385498fd955	437	460	56	41	of
2a476385-c16c-4a52-9792-585e91a226cb	437	460	56	41	,
e30d3892-6dc2-43de-b01b-3fdb11634fca	499	460	51	41	to
64b0aa07-577a-4f3a-be17-bd660c666e98	555	460	97	41	Lehi
dbca7d5b-8bbf-4dde-8e10-a61f1688f41f	555	460	97	41	,
c91ac2ae-b715-4398-b71c-2fe1480f4559	658	460	97	41	500
8d776d3b-08c8-4619-8a91-091ee8c633f4	658	460	97	41	;
e26c327b-e484-4dd6-bdc4-cc1c4bc30f0e	760	460	113	41	Nephi
9a28e428-aeaa-428b-b3cb-d9c4b1f6758d	878	460	77	41	and
ef5cca40-a565-4b61-bf97-3c273d90f64b	960	460	87	41	Lehi
5b011117-4c2a-48d4-be9e-1309c8f81ebe	1052	460	128	41	preach
26ab08d2-4ac5-41e8-b321-33f0bdcd7374	1185	460	56	41	at
fa21a553-a4a9-4d47-af75-b372640ae160	1185	460	56	41	,
4e8f1c6b-e724-4e0a-a88d-71e9f514f93d	1247	460	90	41	557
0abc51f4-33a5-48fa-a108-1d0b5960f637	1247	460	90	41	;
11e98116-4568-4c89-9a35-463db2031218	157	497	87	41	land
a8deecd1-e6c5-45ac-bd22-81d4623ded71	249	497	108	41	north
98182a47-9059-4c3f-a8a5-7ff761be5ff3	362	497	118	41	called
80e44b69-ef48-43d4-b5f4-42328a465df6	362	497	118	41	,
a2b213f9-644a-4995-bc33-56ac8c947dd7	485	497	78	41	562
1880c2f4-6970-46a3-b086-165ff15bda34	485	497	78	41	.
c707e472-6277-4c35-8e34-13990f6d31a1	123	538	124	38	Mulok
37af30a7-b896-4e96-b718-1bd2e9dd60e7	123	538	124	38	,
dd47cad2-193f-4ff3-b3ee-585e6d79840d	251	538	218	38	descendants
4e884dd6-ffb7-485d-ae41-a4401797e58a	474	538	57	38	of
11bdbd12-cbd2-4b99-9a54-dfa26e0dd6f2	474	538	57	38	,
a3b84a25-c317-4f64-872f-b01bb6b249c3	536	538	74	38	279
e5bba560-ecd5-4fa1-a5de-7e6ca6fd94b2	536	538	74	38	.
453a365d-a6a1-4070-8cbd-ad4ac36d5f54	123	576	133	41	Muloki
95ad8b74-36bd-4f2d-8ba4-b1378eb5cb76	123	576	133	41	,
9b8707a1-1556-4473-9c53-232c946286eb	261	576	46	41	in
7ff5320a-d89c-4e0c-8859-4ef598f3edd7	312	576	123	41	prison
f6066c6f-c6c6-423b-8e1e-71ec142952a2	312	576	123	41	,
dad104a7-0d00-4434-aef2-63a8a23c21ed	440	576	82	41	377
5a005880-88ed-4f6d-9a28-6390e268f414	440	576	82	41	,
e49394de-bcb0-4822-b33b-32aedcd9ddb6	528	576	92	41	382
a9b14ed9-630d-4b5f-ad79-c7cad7e9d085	528	576	92	41	;
51dad16f-29fa-4735-b5f5-14b6f2790c3c	625	576	154	41	released
3f2fde53-3285-4bcc-a0b0-8e4b38e6de84	625	576	154	41	,
b5d46d8c-7030-411d-b66b-c228acaff8d2	784	576	87	41	380
71329837-fbf9-4410-ba6f-68aa60428717	784	576	87	41	,
6284e897-a4a6-4a62-99e3-c05522df3d3f	876	576	92	41	382
7d6f44b7-58c2-4d5b-9f63-832e1ebd04f2	876	576	92	41	;
cf0beb93-20d7-434e-a2ea-bb994d0751f2	973	576	51	41	at
972ac5ae-2297-4c26-9b6e-98599cb31315	1029	576	164	41	Ani
5355b400-a999-4d5b-b950-b58531d6a795	1029	576	164	41	-
c92125ef-536c-4dbb-bf00-b71fd24b9d13	1029	576	164	41	Anti
62b250b5-8de3-496c-a6cf-080b6b28a774	1029	576	164	41	,
8faf911d-4aae-4ef4-8659-ed2b9df97edc	1198	576	78	41	382
4490b9ce-b4e3-4fa9-b2f1-6eac5baab1f0	1198	576	78	41	.
b4bf9c28-8bf7-40cd-9967-8ab507bc5a68	123	614	154	41	Murmur
0d8bbebc-19ef-4bda-a6a1-20aa1a26273b	123	614	154	41	,
1a82a801-57e6-4771-822a-dbca43b373f2	282	614	149	41	brothers
4a10df1f-0b5c-49b7-ba01-d4112af1ded2	435	614	41	41	of
4649610c-0b7e-4d3e-8c80-c879226a05db	481	614	108	41	Nephi
5de1ccfc-f0e4-4fce-b32e-7c71bf19cee3	594	614	61	41	do
0f831e1e-5008-4bfd-8f6c-9b75b47f3e85	594	614	61	41	,
afad8b4a-759d-4526-ac84-b24176e679d1	661	614	38	41	7
76287f61-85f8-45a2-a351-7fb2acb41658	661	614	38	41	.
8fa79a72-d85e-498b-8e57-74926450e558	123	652	204	44	Murmuring
343f43f0-1bd1-4f0a-9867-2b1dbba65030	332	652	49	44	of
16699fd9-a193-4e49-a741-f6006cb00d18	387	652	132	44	Laman
739c1d3d-9d80-4206-a9a8-ee6b9f05f400	524	652	77	44	and
da014cf4-242d-4c34-9115-c556dd3c015f	607	652	148	44	Lemuel
d2729df3-569e-4944-8fe5-0cf07f0359dc	607	652	148	44	,
134ae01a-b0d4-4726-9994-ada33bb506e8	760	652	60	44	5
e91abc4a-6ea4-4b63-9e20-fab610b47b02	760	652	60	44	;
fb4fc79a-13b1-4fb0-8dcf-445fe4c728a5	826	652	49	44	of
e9c0f3e6-816a-4720-9ca5-fab848268a00	881	652	159	44	brothers
5404c15b-7358-46ad-a23e-b67cdf477fbe	1046	652	49	44	of
56eb3eda-02d3-45a6-b3e7-3c4f0fc7e98b	1101	652	121	44	Nephi
9e8af33a-53e1-4902-a1b1-b99b3aa5313c	1101	652	121	44	,
6e160e29-4434-4930-8083-6a29c09276a9	1228	652	60	44	7
ebdd5785-de97-4f96-b94a-eb973c75811b	1228	652	60	44	;
2e189fbe-5ddd-46dd-99bc-cf9c0542f202	1294	652	40	44	of
dab247a4-846a-44a2-bc8f-0eaa453317c2	160	693	162	38	Nephites
f801a6fa-f497-469b-a9dc-7866a331db01	160	693	162	38	,
8d002672-8cac-461f-acac-1ecc45a5392e	327	693	83	37	267
dd95a486-7774-4fb2-8c53-3b89499c5180	327	693	83	37	,
8f1b4a47-0f61-4a08-8e0f-d52027e4aecf	415	693	97	37	386
f13ec98d-51cf-4af7-90a0-5a2ef87dacc6	415	693	97	37	;
f01c3654-a837-4035-8d91-7cd4da3b0154	517	693	51	37	of
4a64c3d1-d6bd-4290-8034-946e0b210171	572	693	65	37	the
6c6f4632-6a7c-4275-b324-e084068e92fb	642	693	139	37	church
6516c5e4-3055-4b67-972e-b1df76192e65	642	693	139	37	,
2fe8f6ea-1c2b-4c86-9f06-9c23719c96ee	785	693	80	38	285
26fdbbba-a682-4a26-85c5-03d04fbf181d	785	693	80	38	.
5b684df1-46dc-4076-82c4-dab0656b9af6	123	730	133	38	Nahom
a0a7fce1-4674-425b-b17a-952615c475cd	123	730	133	38	,
7c90eb0a-8b0b-4c9c-8523-dd0cb93c73dd	261	730	142	38	Ishmael
972e7372-58e5-4593-9725-0e109f0f7f80	408	730	119	38	buried
ffe64c40-0ca7-4db1-b406-b51a4ff8ac82	531	730	52	38	in
5cb00569-069f-42e3-ab71-ef7cdeb86dd9	531	730	52	38	,
9094a290-377f-4d0e-baae-c8dadd1cb5e2	588	730	60	38	51
bd63e0bc-e228-4e3b-8b90-776a5eb036ee	588	730	60	38	.
9f071d45-8aa8-4607-b442-045bd323edf9	123	768	133	41	Narrow
8fd0e67c-e034-4be2-81d7-92fd1e4988a3	261	768	92	41	neck
9d08b2db-b8c5-4993-9181-998ed0672c30	359	768	46	41	of
e94043e9-5546-478b-8430-99502fa0945f	410	768	97	41	land
574a9aee-73c8-4b19-860b-7c3a8fb35f6c	410	768	97	41	,
eba0d28b-ceb4-4034-aac4-9c4e3e5b069e	512	768	133	41	Moroni
a4e2d7ca-947a-4e51-9c83-9c58addd5e4b	650	768	118	41	orders
bf61bfdf-9bf4-4814-9ffc-de3ca0c67f02	773	768	164	41	Teaneum
de5bdca2-3bc9-4dd1-af21-67891d23b72a	942	768	46	41	to
a1292322-9c8e-421d-b84b-9d8d97cf61ab	994	768	123	41	secure
ff9216e0-e734-40f5-84ce-56110b5670ff	994	768	123	41	,
a76faeb3-87cd-4e65-b530-23157a5a1c75	1122	768	80	41	495
869f82c8-a5bf-4340-9c1b-e766b9ce3e6b	1122	768	80	41	.
3d7a104a-431b-4e50-80cd-b6245c9057dc	123	809	147	38	Nations
684565bd-b86f-4ec7-b053-a1b4e12760e0	123	809	147	38	,
76670510-adf7-4792-b2bc-943cd7471889	275	809	62	38	all
bab7edf7-c0a5-45a4-a16c-48880968eb26	341	809	52	38	to
42ff5847-ab6b-47dd-aa84-ae4f1e1da6d0	398	809	104	38	write
8b686b08-c69e-4a60-8e9f-6bc8451e4031	507	809	114	38	words
6cce29e4-87fd-4b72-9313-2f59399ec27c	626	809	52	38	of
02c85353-4e56-43c8-87e6-fae0abe7a9f4	683	809	104	38	Lord
d22d8d0e-4000-4f17-8f2f-78d6c41a55d0	683	809	104	38	,
a8605325-bea7-4cb4-81cc-9fac3d6a90f9	792	809	95	38	158
0af48a35-3504-4563-997d-94770cbf26b0	792	809	95	38	;
070fef7c-ee04-4327-877c-6810c8e9bfd0	892	809	57	38	all
5d5aeb25-bf66-422f-9825-fb447d485435	954	809	52	38	to
6000a08f-0d4a-49e9-9e14-be0be83dc21f	1011	809	52	38	be
c7e26756-9e52-426d-b082-57fe41a5d107	1068	809	128	38	taught
bdacdca6-1b6f-4a38-a655-9772feb7da17	1200	809	57	38	by
88307ac6-47e3-4cd9-be2e-e1ed20f9c3ef	1262	809	68	38	men
3a655506-91d0-4310-a64d-2c18d1e1a11a	160	847	48	38	of
2284c6d9-740a-4c40-828b-971df53e0976	213	847	85	38	own
3cc9a2d2-c1f4-434f-8047-873d4c722772	303	847	95	38	race
d1d43d43-388b-4d85-bac2-8f20387c526c	303	847	95	38	,
b1aef426-e1c8-495c-9738-10919502e8d9	403	847	78	38	408
11a4798c-0f03-4ded-aa42-bbafb7ac58d8	403	847	78	38	.
f9ec05c5-861f-4428-99b7-fef83243e5f6	123	885	120	38	Nehor
d265be01-50f8-400a-86b8-37865e048cd6	123	885	120	38	,
ae338742-7e3e-4412-93fc-72661e67de6e	248	885	139	37	teaches
b9fa1804-d7b7-43bc-b61f-f1a55696d1b6	391	885	125	37	among
7a4c3895-c867-4657-8006-224de089f61c	520	885	125	37	people
8efe94b8-066e-42ab-b2ed-24f9fced07e5	520	885	125	37	,
ff512d6a-c37d-44ea-923b-55cde3b090c7	650	885	97	37	299
bd05c849-db54-4f96-ad13-d4d67341addc	650	885	97	37	;
5ee7790d-5d24-46c6-8aa2-f93858ab39db	751	885	102	37	slays
90d89f8f-c330-4bd9-b28d-639420777b74	858	885	139	37	Gideon
473b9dce-879c-427a-9bd0-9d4cf5318ad4	858	885	139	37	,
d11f3c1f-c12c-4d6e-ae62-7a6896d230d9	1001	885	97	37	299
b276ac91-18d2-4925-aa17-a284d9f900fc	1001	885	97	37	;
62e1859b-a553-48a7-b293-25b246a79d20	1103	885	120	37	pleads
23ff47b6-ab4c-48fe-ab96-60b99225127b	1228	885	106	38	before
b6e6c941-d275-434a-92db-91578e266ad7	164	926	111	38	Alma
87dc9596-5eee-4899-8033-5c78d335e8cb	164	926	111	38	,
cb995998-c0a8-4f94-bdcc-34c7e1bd5450	279	926	102	37	300
729115fe-61a8-4f0c-86f4-f01ad44a1139	279	926	102	37	;
81257eed-64d2-45af-a202-2f9d4a01eca5	386	926	199	37	condemned
27a34b05-08af-4302-a5bf-3c2eb24161ef	589	926	55	37	to
955ca894-daac-499b-bb78-27dc7d69bfb1	649	926	120	37	death
c4b31f0a-0bf4-4696-a52b-4728398499b0	649	926	120	37	,
93a77854-1a0a-4d2d-bb86-2ac32e9115c8	774	926	102	37	300
2b87418f-7c3b-42c3-830b-88c99969ad0c	774	926	102	37	;
fa8e17f0-342a-46a2-b47c-3569f0d812ad	880	926	166	37	executed
84957afd-e74d-40a4-a4d4-730c6cad3879	1051	926	60	37	on
be513680-802e-44e5-8392-21ea4c293d92	1116	926	129	37	Manti
51a27c99-f25e-441b-94b0-0e2037062e3a	1116	926	129	37	,
f5685155-5943-4d15-bccb-7019b22ee03f	1250	926	87	38	300
8302aabe-a46f-4e74-ba66-19db0c3ec65f	1250	926	87	38	;
80b33d98-0d1e-4803-9393-651f7d3ee159	160	963	98	41	judge
c1331b48-66fb-4046-abff-52d4b3f92174	263	963	97	41	after
6791d930-b9ac-4be8-b900-d17b9a3acb36	366	963	97	41	order
6e3490fd-ab4c-49cf-be1c-f078c1a78696	468	963	51	41	of
5c35cbff-55f5-401d-93a6-1a7700dcbeb8	468	963	51	41	,
64e00f30-4751-41f1-8a39-c8d7a2fd15d8	525	963	82	41	351
745e89f3-39b7-49f1-9763-25e1b94f25ca	525	963	82	41	,
51513e36-02ea-44e6-b196-c8c93a707efb	612	963	92	41	358
a5f47a3a-c5c0-48ce-b8e5-ac56ae3e88df	612	963	92	41	;
86508377-2250-4ab7-8b9f-45900b91463e	709	963	189	41	Desolation
056ed9e1-7959-4085-bb37-d71110c6ab50	904	963	51	41	of
78d31a0d-5da5-4a31-9fbb-f5a11ed2e343	904	963	51	41	,
9bcb4b1f-7b4e-45dc-84a6-268c615c9fda	960	963	92	41	360
13ee320b-5e54-44b9-851c-ef45daec21f7	960	963	92	41	;
0d19c0d3-6897-4703-9db1-eed4cf49ab9a	1057	963	205	41	Amalickites
2b41b879-023f-46b4-9926-0c4ed3080ad8	1267	963	66	41	and
4aea0786-1ab2-478b-903d-2038eb59e25d	164	1001	195	38	Amulonites
55eefd3d-325c-462e-8443-f7a8b52a1ced	363	1001	100	38	after
bbcf6f8a-d476-4942-8f97-318a267e62a1	468	1001	100	38	order
c44f61a2-4952-4fc0-aa89-b75e4b2ce815	572	1001	57	38	of
fcc108ee-ca3c-4b38-aef7-81f1d44686ce	572	1001	57	38	,
cc33b0f6-0033-4813-8e95-b92ac46f98fb	634	1001	90	38	381
5f215edc-8bf7-48de-bf6f-bfe0bf77a6ce	634	1001	90	38	;
5455d692-7263-40d8-bd67-c0fda9b7d374	729	1001	100	38	after
58147b54-1825-4719-b106-c2cfa9d948c4	833	1001	104	38	order
97fdabdb-404d-4c85-90ac-d87e6160aba8	942	1001	57	38	of
2cb58bb0-2225-47ca-a497-e5b30e29bf50	942	1001	57	38	,
d50d9a7c-80e3-42ae-8f7e-d822eb3baa03	1004	1001	75	38	394
111c80d9-a0aa-4590-9a71-c547d72a6653	1004	1001	75	38	.
1eaa21c9-5303-4e0f-a002-14791071a8fe	123	1039	118	41	Nehor
d4f587e4-ebd3-4a49-b473-dad7eaf44912	123	1039	118	41	,
ffd31594-129c-46ea-aaf0-b286dc72c17d	246	1039	87	41	land
3ab81d91-30ff-423f-bd58-6cddd041aa06	338	1039	51	41	of
42c9ba92-d9d1-4bdb-8f7c-8824cbe0f06f	338	1039	51	41	,
dd198765-4a7c-44ce-b7a6-8262feab1a0b	394	1039	138	41	Corihor
24be2208-1ef2-497d-9d56-b33d170921f3	538	1039	108	41	rebels
73cd03e5-c015-41ff-b83c-025399b66aa9	650	1039	72	41	and
693aa650-d572-4628-a53d-908c422a98a9	727	1039	87	41	goes
b2a3f3df-e5ab-4143-ad58-f9a098130920	819	1039	51	41	to
68a57d12-7c73-4287-8bcc-a350be79b57d	819	1039	51	41	,
1b25ba5f-0bd1-486c-a6cb-28c488b6b331	876	1039	80	41	729
e026bd6f-cd1b-48ab-8c1b-c5affc170af9	876	1039	80	41	.
aec2624d-0fc3-4722-9c5a-95990654f273	123	1074	116	44	Nephi
2ec52dc1-a680-49c8-8397-4789b2901ecb	123	1074	116	44	,
78c337dc-f660-4069-8859-1e1e2e3bb258	244	1074	104	44	birth
d8a9db40-2d80-4923-9954-d316d6fa606a	354	1074	60	44	of
e27216db-e651-4edc-831c-b31411704fd4	354	1074	60	44	,
7b229f53-41b4-46a8-8dfa-2cc5b2dadea6	420	1074	55	44	1
04090501-ffb0-4be8-b10c-cc1a5aab352a	420	1074	55	44	;
31e76c02-8264-432b-8686-98dcf7f27ef8	480	1074	132	44	taught
ec3771fc-def1-470c-8b6c-ac6e4ca6636b	618	1074	49	44	in
8ac87e92-45d7-4ad7-b370-36acbbe76158	673	1074	154	44	learning
0bfc8f9a-4688-4d6a-b0b7-cf3f4fe8a6bd	832	1074	49	44	of
f297d81c-5abd-420c-b3f1-1d6014ef81fa	887	1074	148	44	fathers
53fefa8a-7bd0-4be4-a87d-22d286006a5a	887	1074	148	44	,
22168221-9d9c-414a-84ca-48bf4d84eecf	1041	1074	55	44	1
dd2d74e8-1ae0-41fa-add4-ea8ff96dac55	1041	1074	55	44	;
1f908828-344c-436f-b4a1-5e2095a5e519	1101	1074	181	44	aflictions
057b1c58-21d5-4e4f-8ac7-7bfe39e7c467	1288	1074	45	44	of
de55eff8-4289-4485-8a00-eb938a393460	1288	1074	45	44	,
ad2929fc-ff71-4bfd-bb0f-501f52236ebd	160	1118	51	38	1
de6ab273-cf7c-4050-88e3-2e2e67a005e4	160	1118	51	38	;
bc8c4d36-6553-473e-b8c6-3aefea0a2b92	216	1118	148	37	favored
06970780-b126-443b-a259-fd1f2720642c	369	1118	46	37	of
51c012b7-ac8c-4845-ad68-6af17568b156	420	1118	69	37	the
5a45d9e9-9a3c-4bbf-bb9d-57dacc98c748	494	1118	106	37	Lord
eb4435dd-66dd-4d83-bd8f-d877cc8af3ea	494	1118	106	37	,
f92c55ca-35fe-4520-bbac-404f5155d320	605	1118	46	37	1
474a47b8-223f-4757-80d5-7a07cc6c0781	605	1118	46	37	,
f8eb73cb-32cb-4687-b572-68e672c7fdcd	655	1118	46	37	2
b7b80430-1011-4350-a9da-8070647c33ea	655	1118	46	37	,
d6b28a54-65ab-42af-93df-7cec1315ad4a	706	1118	60	37	6
a1edf6b2-4847-4568-a699-1c5606d75892	706	1118	60	37	;
e7297b76-ab6a-4c66-9ffb-ef239aa062df	771	1118	125	37	record
4e9ee883-5cad-457a-bf8d-be3724100436	900	1118	55	37	of
8b626277-a2c4-4f0b-a1d0-a7993396ce04	900	1118	55	37	,
c0bddf16-a17f-4b3f-a1eb-f6a055f221fb	960	1118	46	37	2
e11f8205-99d6-4e1e-a4cb-de8960cff28b	960	1118	46	37	,
62a77562-0eed-4a85-a610-775c7d40e421	1011	1118	60	37	3
9f2d213e-b1cc-4c02-8dee-0180ab41cd0f	1011	1118	60	37	;
988ac4cb-838d-480c-ab4c-30ca516c8d66	1076	1118	148	37	account
e3e51e67-4d0a-443b-9a9a-530fd68e711b	1229	1118	55	37	of
1aeb0b8d-a396-4c98-b971-e72f99fa94d4	1229	1118	55	37	,
f0ee6d97-0e62-49b6-ad38-8ce5372e6979	1289	1118	45	38	3
794f3c4a-166d-4009-aa2e-f7de58a05a13	1289	1118	45	38	;
aa6d45d3-e0e2-4fb6-acac-59e8ca8857ae	160	1155	110	38	plates
a8370302-095c-4b09-85bb-00b813432af3	275	1155	57	38	of
3fc4838a-134c-4228-ad94-c6458071fd8d	275	1155	57	38	,
6ff39cb0-4bcd-49cf-8eb7-86679dd2ede3	337	1155	52	38	3
f9815d6f-019f-4a1c-9225-898f79cc3bb7	337	1155	52	38	;
6f4245ae-286a-4f2c-a6c7-2b8a5054c919	393	1155	199	38	description
b63181c8-6cb1-4d3b-84ed-bb9e28b8191e	598	1155	57	38	of
4a3ad032-46a1-44b3-966f-4cb9ca741b0d	598	1155	57	38	,
3a9f0022-7789-419d-a768-d7b19e8039cb	659	1155	52	38	6
33399935-ffc4-4e40-80f4-ae60759ad7c7	659	1155	52	38	;
bc462b87-4345-4971-925e-9c9289d749aa	716	1155	171	38	obedience
073a91be-1a83-4271-a8fd-a6487ea0c057	892	1155	57	38	of
24979c12-0550-41f7-83fe-ec98571dfa4f	892	1155	57	38	,
3a280f1d-f3b8-4376-bd11-ae1f9d0739a4	954	1155	52	38	6
8e6fdd24-c910-4216-89e2-872d5514d84e	954	1155	52	38	;
21448fc2-bcde-45ae-9642-1099b4104327	1011	1155	123	38	speaks
4654eddf-b49b-4eaa-8c42-8cd53392849b	1139	1155	47	38	to
130381f8-ffbc-4e5f-832a-452f8efd6754	1191	1155	95	38	Sam
88697c30-683a-4bb5-a011-340cb23a6422	1191	1155	95	38	,
e74140eb-43e8-4f89-a6f9-fa9450ea13f6	1291	1155	43	38	6
1aa277db-930a-4e69-b51a-3e633b74e0fe	1291	1155	43	38	;
5bc18f68-8cf7-4c82-beb4-528e5878703d	164	1193	41	41	to
90931356-cdb5-4b72-862d-e4ee69581e28	210	1193	51	41	be
849b3934-31f4-44a9-9fdf-e98f45f4e5c1	266	1193	97	41	ruler
ef2704f9-6225-4493-aaf8-05283c9f935d	369	1193	77	41	and
2b032913-cad5-4484-9ebb-5fa0656d86a4	451	1193	143	41	teacher
69b8635d-5d05-41e1-8433-901a2f74c003	451	1193	143	41	,
936a7262-5110-4281-9d07-f82a8f2a3000	599	1193	51	41	6
23e52aa1-4393-4c8d-80e7-2044908171de	599	1193	51	41	;
78db3fac-d66f-4e28-868b-24d9fc80ed74	656	1193	87	41	seed
e1d28382-4ca3-4c23-a666-20c48ce48156	748	1193	56	41	of
936c3627-0832-460f-9ba1-fb3dc77f9c4b	748	1193	56	41	,
b42bc2ee-eadd-47d2-8af6-fe8d2ab054cf	809	1193	51	41	to
67675a45-6974-4945-a86f-aabaddf479d7	866	1193	46	41	be
6abc9ce4-219d-4f61-9a01-3cf6f8f68958	917	1193	169	41	scourged
f925f697-5e52-4459-a44e-3ff98a8dbb02	917	1193	169	41	,
a069bebd-918d-4b57-9958-67a876b0efd0	1091	1193	51	41	6
0b8400fb-7ebd-4fde-bf7d-b74d72eb560c	1091	1193	51	41	;
378601f6-a7a9-499e-a2e5-f886d2161f06	1147	1193	82	41	and
03bcecc9-f9da-47b8-9379-167724ba16c0	1234	1193	102	41	breth
23805a3f-d9f9-40b1-b50e-7ca7ba960674	1234	1193	102	41	-
d920860f-4ff4-4528-862c-9e75c53f5192	160	1228	66	44	ren
0d674413-0e32-490e-a692-c7b1cfadf0c7	232	1228	44	44	to
a5878542-67e1-491c-ae48-72eedb8ee8bf	282	1228	126	44	return
83a5d37b-954e-4414-af4e-f1334df507d3	414	1228	44	44	to
a98387f1-9ac2-4f38-9d7e-89a260b87350	463	1228	198	44	Jerusalem
dd4c998b-a148-45f7-a998-322e83084c95	463	1228	198	44	,
dda30345-4514-4226-aa17-6b711ab08b3c	667	1228	49	44	7
22cba16d-4233-4aca-8b4d-df801dde2cf5	667	1228	49	44	;
a64871e9-2dbc-481b-bfd3-c3e4a42270de	722	1228	159	44	brothers
37ab3018-6069-4334-8742-46f65912880b	886	1228	55	44	of
670f2c21-0dc7-4249-b535-37873898beea	886	1228	55	44	,
0c38817b-c625-478f-a140-70a00734a4fa	947	1228	159	44	murmur
ccad3b81-f324-4dc0-8ba6-c81890bd1079	947	1228	159	44	,
d9cb7ce5-91d6-4696-9d68-2859adab9a9b	1112	1228	49	44	7
2e715f6e-79cf-4db5-bcfd-a2ac3706599e	1112	1228	49	44	;
412e5e40-fde2-4762-8ec0-bde11b34e00f	1167	1228	167	44	obedience
733fb285-6fed-4d21-97b7-2ce7d038a727	160	1272	57	38	of
517fb7a5-27e1-41ed-882b-37a78202d2c9	160	1272	57	38	,
943a352e-66ea-47d7-beca-e1269701d55d	223	1272	52	38	7
b3a66f70-ff77-4138-8f50-ea282a3ab474	223	1272	52	38	;
25fc7cc5-3805-48d8-b18a-2464f74c0818	280	1272	180	38	statement
74c8c3de-1a70-4586-b791-1440a5814303	465	1272	57	38	of
5ae2073b-0c20-4c44-9d5e-be4dbd2ed610	465	1272	57	38	,
adebe556-8394-4a50-9d25-8c529f6f19e1	526	1272	43	38	7
b10e512c-c4c4-476f-accb-e866e4bef40b	526	1272	43	38	,
5fa0a971-9da7-410b-8551-b0d031af4c6e	574	1272	66	38	23
2e4529da-05ff-4db8-ab18-c5d09995e67f	574	1272	66	38	,
e08b6eba-7f1d-42a2-9a59-ff7abd1d1725	645	1272	71	38	26
ac157d16-a7b3-4169-a7cd-4a8de37163b4	645	1272	71	38	;
ad5b399c-ed9f-47c9-a875-40b03cb5626e	721	1272	180	38	genealogy
b2f6e7e4-df1d-481c-9bad-608468033939	906	1272	47	38	of
b73c9554-5dba-4e75-bd27-0184f958797f	958	1272	119	38	father
6552f3ec-c85e-4a88-aa61-01657f37cb3f	1082	1272	57	38	of
140f6229-0971-44a4-a770-56867bcb3eac	1082	1272	57	38	,
c8d7b69b-de76-4bb6-bf32-c8ae2e7c8766	1143	1272	57	38	8
432a84b5-285d-4e71-9ea9-3ae68bc00178	1143	1272	57	38	;
37795761-c59a-4730-9bdf-a6d243b07a3f	1205	1272	128	38	exhorts
3ad87aa2-f166-4196-a53e-647eb918bb80	160	1310	159	41	brethren
7e691b32-a2df-45bb-83b5-231a9096a419	160	1310	159	41	,
643f43ca-fe88-4bf6-96d2-a3f89deb0a4f	325	1310	41	41	8
7ea79fc9-fdd4-4a39-9d02-e58565494cef	325	1310	41	41	,
4939ab1b-2065-41a7-bf0d-ec8c53a61bc4	371	1310	61	41	10
61c1cdbf-356b-422d-a9b1-cf9d932f1e15	371	1310	61	41	,
ffaa00f2-252f-40be-ba4a-315169ff1e24	437	1310	61	41	17
9c677aec-a106-46e9-8567-829d97f8ef63	437	1310	61	41	,
2d9725f7-23ff-4b8a-bcf0-054e4f9f34c7	504	1310	67	41	43
50d4466d-8a08-4094-af9b-30430ef04ca5	504	1310	67	41	,
44cebe45-f9df-4f0d-9e3a-2966fa32c5c2	576	1310	61	41	45
5cbf4ccb-d827-4ff6-b0ff-d76f88d5b0b5	576	1310	61	41	,
1379a043-f334-4157-9906-44812ce15643	642	1310	61	41	50
87c0a78b-0af5-4796-b2d4-187c138bb750	642	1310	61	41	,
3800243f-1c93-4c98-8bf8-34216a85823b	709	1310	61	41	55
67832b0b-1d73-4c20-94aa-4a25ed16bee8	709	1310	61	41	,
18e18140-e527-41fe-92c5-4998d7cb4672	775	1310	61	41	61
952febbf-69d8-4ef8-9a2f-0ff15db70e44	775	1310	61	41	,
74e5f0a2-e5e3-448c-a326-c5c1a4734d54	842	1310	61	41	72
7176c5da-840e-44f9-adc3-2de60dd5fb0c	842	1310	61	41	,
cf99b7a6-b179-492e-b546-e16fd98b6e28	909	1310	72	41	92
046dd606-6f7a-4980-8776-e71cbdcb57ab	909	1310	72	41	;
6e4e74f3-6511-4539-9e5a-4acdeda1cea6	985	1310	77	41	and
7f8b0957-fa2d-47ee-9253-eff1f4a49fc6	1067	1310	149	41	brethren
bf2c8129-27aa-4822-bf86-e1139f1c1763	1221	1310	109	41	return
8e851d3f-392d-42fe-bca5-0f1f7b3378a5	160	1351	47	38	to
775570aa-3dd2-4faa-9b10-09678d9a6ad3	212	1351	92	37	land
9cc56b84-cecc-441a-bd8c-73f53f610ea4	309	1351	51	37	of
2db7929b-ddec-4c93-9621-a2cf1c2f0918	364	1351	208	37	inheritance
0f044c90-f42b-48af-80f0-75b36a291173	364	1351	208	37	,
482cf68e-c7e9-48de-9012-42578d8bc1ff	577	1351	60	37	9
fef960e7-926f-4228-84d0-5b3b280b25fc	577	1351	60	37	;
a2f2600e-a5bf-4efc-958d-ab36c78720da	642	1351	92	37	offer
943f2ee1-0420-4085-bf21-787fbc45540b	739	1351	46	37	to
659560bc-7f42-4826-95a9-35b3357f610c	789	1351	166	37	purchase
696cbbbc-56e2-45c9-8c7c-11d0a7da2b8c	960	1351	139	37	records
2d3e8363-8b4d-483d-80be-4ccd5e53d3e0	1104	1351	51	37	of
f3defdeb-4ea8-4f72-a2f6-e4e7c6e601a0	1159	1351	125	37	Laban
21b7aa80-f32b-44c6-b949-60be23b3e7b8	1159	1351	125	37	,
3e86ffd2-ae6d-4f75-9462-044f612fb336	1289	1351	45	38	9
5b68f3e5-e98f-4df6-8009-fdf24c0a9b2a	1289	1351	45	38	;
be6f8611-7886-414e-ac75-60104f9de305	160	1385	70	44	and
b318c4e5-4884-4b18-848e-f0c91e32aeb1	235	1384	156	44	brethren
90459660-4e9d-4085-9915-cd5bffe9586b	397	1384	65	43	flee
b3bc6f6e-dd45-47f9-a78e-476ef3e8e062	466	1384	97	43	from
8969a4ce-0f35-4adb-8396-0e4fd877d05a	568	1383	124	44	Laban
aea7cfda-96d8-4a0f-a725-e4893fbaa73c	568	1383	124	44	,
bdbeb059-b652-4d29-885a-149fc41b92d4	697	1383	54	43	9
b07cd417-68b2-4a5f-8221-c810d0bfe86d	697	1383	54	43	;
c3dcc7af-52fc-4b4a-b198-122095690e65	756	1382	102	43	angel
022f417a-eba5-49e2-af69-d21b9ad0f949	864	1381	124	44	speaks
158445f6-2764-4098-8940-22738687cd17	993	1381	54	43	to
82428019-b57e-4e42-8623-fdbe988ef8ed	993	1381	54	43	,
cd0ab091-6467-41bd-ba37-3d54584e23ea	1052	1381	54	43	9
30aa1dd2-1c3a-4e9d-8849-54a60bb434d7	1052	1381	54	43	;
0ee42c9c-73b2-456f-827b-fbfa49f51a35	1111	1380	102	43	slays
f611f561-f761-4a85-b649-448f5a2416b2	1218	1380	118	44	Laban
a12d3606-e8e4-420d-a924-6f8b82b3724f	1218	1380	118	44	,
b4baddf8-b861-41a3-9b68-0e1bacb76e90	164	1426	67	38	11
0dfd0c2d-32cc-4b79-9181-ba207d3c38f2	164	1426	67	38	;
b8e25e50-299e-4923-8be6-69c2f2f456d8	235	1426	138	38	obtains
6f5a82fb-dce5-4c95-a01c-aba9f396a0dd	377	1426	119	38	plates
28e698cb-b1c4-44c3-ae73-6decd5f51f1d	377	1426	119	38	,
e89368a3-e800-458e-bb84-db040179b5e9	501	1426	71	38	12
3bda3fbc-9301-450d-8101-e07a1ea2dec7	501	1426	71	38	;
6192c084-6500-4445-a1c1-d201c4a981a6	577	1426	138	38	returns
f3ae748c-1c25-4b60-af0e-45da08893426	719	1426	47	38	to
4158e69b-0716-4676-a1b3-a56f2beb512d	771	1426	119	38	father
4c91ee21-b86f-4b52-b0a3-649742859f5f	895	1426	47	38	in
33da6ba6-5899-4503-b823-b46957c30e26	947	1426	195	38	wilderness
7e60ec1d-8b57-4a1e-9802-a1257c2d129b	947	1426	195	38	,
6eae9cf0-b594-432d-a49d-effeee606d03	1146	1426	76	38	13
7d31d3d0-7245-4940-bbcb-31af8d315e1b	1146	1426	76	38	;
a0774cfe-05fc-40e9-952f-c643aa016523	1227	1426	106	38	record
e0af507b-3bc2-4e22-8d93-427ad36c3d3c	160	1464	53	38	of
13ac26ef-0e35-492d-8b96-8ccbc1139416	160	1464	53	38	,
4d02068e-e248-4144-b994-7c780e53abc9	218	1464	76	38	16
7a4eb4f2-5afb-47bb-b3a8-75d37c0ad54d	218	1464	76	38	;
92b54c05-d1e3-4f62-951d-00943963249c	299	1464	195	38	descendant
46400cc9-55b6-4762-8187-894fe50f1c7d	498	1464	47	38	of
d9b6704e-cf05-4d60-9e99-78ac5de5505b	550	1464	133	38	Joseph
4d67f275-c100-4f14-b12d-4601a1443b1b	550	1464	133	38	,
817bff85-97ed-4506-bb22-fdf98af0ea4e	688	1464	71	38	16
6d9d0fee-b946-4cb3-a4e3-56b334214cbe	688	1464	71	38	;
1fd29620-11c9-4e45-bfed-ac6754918245	764	1464	138	38	returns
05b09672-035b-4a86-97cc-c6636893c1bc	906	1464	47	38	to
7f34c43b-3517-4172-9dbe-f0a3014bf9a1	958	1464	190	38	Jerusalem
eefc9867-73e1-4b4f-988e-4f9b9e505b11	958	1464	190	38	,
9cbd7c2b-c9bf-4f80-9a23-9b2de273650f	1153	1464	71	38	17
5af0a9f0-845c-434c-814a-dc63a9baa16d	1153	1464	71	38	;
1ac2c4eb-a8a8-4a58-b3c3-80ce37622c55	1229	1464	108	38	breth
2defe955-eb51-441e-bae1-fe4a9181807e	1229	1464	108	38	-
ed62cf5f-f261-4d15-8613-27c4ee83adb3	160	1502	62	41	ren
72495cfa-9a9c-4d3b-8491-535ae8bd738b	227	1502	92	41	rebel
0bab8ca0-afa1-461e-95da-a585f3c05e86	325	1502	143	41	against
7c960b69-fbe9-42d2-9325-dce8fb29f501	325	1502	143	41	,
03b24058-92f0-4186-94d8-32fe22368c15	473	1502	72	41	17
f5b260e5-fcd6-437c-bc38-63ad6f0c453e	473	1502	72	41	;
be6fd794-f30a-459b-b552-894e9f591892	550	1502	113	41	bound
9465b2f5-86c3-4ac2-bfb4-6e626c291919	668	1502	87	41	with
3415c958-36a4-4fe7-b450-055417f41bdc	760	1502	108	41	cords
5a42a8ab-26a5-44f6-9ca1-53af1e105ae6	760	1502	108	41	,
61d95e45-d2ef-4168-a467-689219536e91	873	1502	72	41	18
889fa1fb-bd60-4b86-b350-3b7bb66cf23b	873	1502	72	41	;
57e2aa78-4f2a-4d75-a6d1-d369fb657573	950	1502	113	41	plates
e4a3e5cb-75ee-4165-b9fd-3a6f197da079	1067	1502	56	41	of
c9ae2cab-58a8-4ce8-95b3-c5fada863d13	1067	1502	56	41	,
0b57c93b-21ca-44df-8059-061a9209395f	1129	1502	133	41	contain
04e12861-df4d-4163-ae43-5ea40f47b691	1267	1502	63	41	full
22fd2d00-4867-4788-9a9c-debf75349f3f	160	1543	144	38	account
070e081c-4e8b-4395-805c-c653072186e4	309	1543	46	37	of
cfd5ae1c-da38-441a-b788-99585e32d440	360	1543	125	37	people
3b31eeb1-bd6e-4f69-a391-54b1ef7b0eea	360	1543	125	37	,
f894b399-b37a-47a7-9206-615d5ee7bf11	489	1543	79	37	23
da635979-c9d6-4335-970c-f046dc0513d6	489	1543	79	37	;
f8835d77-70a1-4caa-a78d-5038ffe860a5	572	1543	79	37	two
34782964-b7d3-4b2e-badf-0396482196fb	655	1543	79	37	sets
b82764e3-2acb-4529-a543-619cd0a6a4f1	739	1543	46	37	of
0c89e3ac-0bbf-410c-8b3b-228bb4fae476	789	1543	125	37	plates
3724f990-66d2-4b21-9637-893fda31d8f9	789	1543	125	37	,
e258c1fc-953a-4c56-8e3b-1de9c620c23d	919	1543	74	37	23
2d994b09-08ad-469c-8247-91a95c2e38c0	919	1543	74	37	;
a390dd55-ad58-4a56-9fdd-a63c76a7b02b	997	1543	106	37	reign
c919d137-724c-4aa8-8b68-40395c66c3a3	1108	1543	74	37	and
b5f448fc-680a-4ca9-95ce-db4637e8d5ba	1187	1543	143	38	ministry
687f476b-d11f-42df-8a18-782373498ab4	160	1580	57	41	of
b985790c-3843-4591-8bbc-15b70936c6d5	160	1580	57	41	,
a9416b39-ba13-4531-bb79-1f4ebf98a6e2	222	1580	77	41	24
6719edb5-9f45-400d-bd56-3f78be16d7aa	222	1580	77	41	;
3a29cf9d-06f2-42ba-80d7-eeb18922c5d8	304	1580	123	41	writes
fbf0d69c-6629-4fda-8c40-54b4ecb7d859	432	1580	46	41	in
27902a6d-4422-4f44-bd8a-02517234d17c	484	1580	102	41	book
606462ce-8ce7-4813-86d2-152ccf9e8334	484	1580	102	41	,
f5ef7507-f076-481f-b931-2c1d428b9fbf	591	1580	77	41	25
70719145-f6a8-4d1a-9067-1920faa8f72b	591	1580	77	41	;
4a0cb4b5-97bd-4b92-ab5f-3c934a98be7d	673	1580	118	41	vision
f1ab6261-2e2a-432d-823b-a98ec43b38bf	796	1580	61	41	of
84bcf71f-b92d-4a0c-b572-ceae36964891	796	1580	61	41	,
1e151564-2c3a-482f-910d-9d105354a5a2	863	1580	72	41	26
2b26fa0c-59e8-42d9-a899-b63eadb7eb6a	863	1580	72	41	;
5011a52c-8e92-4acf-bbee-a3ed35c5fa22	939	1580	108	41	angel
423829d8-61de-4ab8-bc81-ac2397e5ceb6	1052	1580	143	41	appears
4d335711-53ff-4f01-82a0-dc06aece46e2	1201	1580	61	41	to
0ca3ab4b-c70b-4182-9216-3e0f7df5e51b	1201	1580	61	41	,
5924b490-797c-4fd5-85e2-d8c993cf20ab	1267	1580	66	41	28
bf802153-407b-49f8-b53c-3a3d60ae85b5	1267	1580	66	41	;
d296d933-6ba2-4eb3-8840-e78e7da2cd52	160	1618	88	41	seed
6e4dede0-f337-48eb-ad32-b18cba918021	253	1618	56	41	of
ddcf0453-1588-4ec2-8520-5a6222fa53e8	253	1618	56	41	,
6511259d-2ec5-4b4e-bf6b-4e71752e38b1	315	1618	82	41	and
9b8bd209-11b5-4b0b-804b-60c313675b49	402	1618	46	41	of
f3f5b6e7-72f1-486b-99c0-0df45b7ba680	453	1618	169	41	brethren
cbc11deb-bbe5-4077-b414-f79cf2ee6f1f	453	1618	169	41	,
487057c0-e2b3-48ba-9d55-2afe1d2e944a	627	1618	77	41	30
313e1a79-a714-4a26-8d58-5f86c7d59078	627	1618	77	41	;
680fcecb-271d-468c-bb88-b897803609cc	709	1618	108	41	angel
223467b0-ad10-4928-a73b-3c928d384600	822	1618	123	41	speaks
b193dd44-1fa3-4fee-aed3-ac9955b1fd0b	950	1618	61	41	to
73bb8759-ff4e-4410-a475-89306d603368	950	1618	61	41	,
3992e3d6-4e01-4958-817d-5b4ce55b471e	1016	1618	67	41	39
814cb91a-3176-4c69-8cb2-bbdfb1fd0f79	1016	1618	67	41	,
63255e7d-7bfa-4c0a-af16-b435a8199ca9	1088	1618	77	41	41
897e7e35-ca20-476b-948a-7968418ba205	1088	1618	77	41	;
25382014-871b-4152-bcf6-6d3f71a78cb3	1170	1618	161	41	forbidden
85523c76-5aff-4534-8761-e5f3d0089b79	160	1656	47	41	to
bbfb2ff5-76ce-403e-9ff5-5a3b4ddbbfa6	212	1656	113	41	write
653f19e0-3d24-4153-a55e-517c867fa8d6	212	1656	113	41	,
bf233c83-0f79-4e5b-910c-d838377e08c3	330	1656	77	41	42
4d433622-1715-464b-bfa3-b7268986fb4a	330	1656	77	41	;
237266d9-a234-4938-86aa-22d61241162b	412	1656	138	41	grieved
11d102a6-9d6f-478c-9735-33efaa79404c	555	1656	56	41	by
6e0de2bd-777f-44f3-9e21-0498d0e968d3	617	1656	169	41	hardness
4dbe05da-d78e-4e0e-97a9-8ce088fdb704	791	1656	46	41	of
38bb96e9-3868-42b7-8f2f-17d48af9db12	842	1656	102	41	their
ffdd47a8-081a-4f62-8c5f-de91772fea7f	950	1656	128	41	hearts
f93fd683-14c5-4a14-9023-5a43d4fd5518	950	1656	128	41	,
e13964d3-1003-4399-bbbb-d6fd35eaa058	1083	1656	77	41	43
58e83901-dc79-4d80-b26f-12ad8a6b250b	1083	1656	77	41	;
81096a8c-8e2c-4176-b6e8-1a23e54ad8f2	1165	1656	169	41	overcome
83f0ddf0-05a5-41e7-89b4-7687f2d1e558	1165	1656	169	41	,
ebbf96d0-0214-4164-a9d1-b6aef1a90fc7	160	1697	67	38	43
1b37b977-5b36-472e-99d5-01b0550beb62	160	1697	67	38	;
4c0cb8b8-c234-4b12-8a8b-0e8ae8157040	232	1697	81	38	sees
1717dd17-a2de-4bbf-8baf-5363b1f0e907	318	1697	71	38	fall
23aa8fd7-022e-43f6-b3a1-ce0b66cb4292	393	1697	43	38	of
61e501a4-e531-4586-a3a4-8b7bc2f4021f	441	1697	128	38	people
9436b831-f416-4208-ac03-1c5f96771f25	441	1697	128	38	,
0b926c54-4677-4923-baef-1f1fc06cc220	574	1697	71	38	43
b205c780-ea56-4c1f-a4e4-9f5aa08f42e7	574	1697	71	38	;
d4c13ea4-8d38-406b-9bdc-2269edb291cb	650	1697	100	38	takes
13ca18db-317a-4cc2-abe8-556f856908c2	754	1697	161	38	daughter
0e2fc1c2-cdd6-443a-9052-40326255332b	920	1697	47	38	of
58440b0d-01a2-4fcc-99ae-e00f0cb1cba6	973	1697	142	38	Ishmael
cdbd3fb0-9555-4d83-95d5-5cd00096d6dd	1120	1697	47	38	to
6106922e-fee9-4350-85e5-2c8f4e564838	1172	1697	90	38	wife
076e2685-711a-4de5-ac94-980285ad8d6e	1172	1697	90	38	,
3d93351c-3264-49fb-a790-d48347dab8b2	1267	1697	67	38	48
826fc3f3-1e14-4d0a-b391-c2c66da0fbd1	1267	1697	67	38	;
1ecfd382-0df9-404d-995c-ee26d424758c	160	1735	125	38	breaks
7bae7c25-734f-4fb0-85f3-9b4cc30008c2	290	1735	88	37	bow
7ec3e05f-01bb-4c3d-a8d5-d9298f670d9d	290	1735	88	37	,
fa81a29e-93e1-44ac-90a1-917d05dec075	383	1735	83	37	49
29996b13-fd47-480f-ab21-26af6e4f4257	383	1735	83	37	;
53650314-d4cf-4340-8ee6-7e2535f01cc2	471	1735	208	37	commanded
3b354207-13fa-49c1-ae0c-50cc0cc96d05	683	1735	51	37	to
9780061d-f87e-48cb-8ede-c017ffa562cd	739	1735	102	37	build
2d643971-f4a7-4c53-a2cb-778c9176c74b	845	1735	97	37	ship
d56452a5-48a4-46d0-ae93-937edcc8e213	845	1735	97	37	,
d2640f91-2728-4ba5-9ede-5621b06f656d	947	1735	79	37	53
e320a559-c5bb-482d-b1bc-7b2975657d52	947	1735	79	37	;
07220ae1-2b9a-42c9-96ab-132839ead696	1030	1735	120	37	makes
792e0a03-681c-4114-be91-585093fe05af	1155	1735	106	37	tools
7363fc50-ca8c-430b-bac6-0a863f487215	1155	1735	106	37	,
a31b8aee-4c8e-4e7a-bf44-f7808dcb9b52	1266	1735	68	38	54
7ccafdd7-3e0f-48de-b453-a209e0c9ffe4	1266	1735	68	38	;
0fe6986a-b3a2-421f-91ab-b320e1a52b02	160	1772	157	38	stretches
8c85353b-55ee-48fb-b922-fef4c4421f38	322	1772	100	38	forth
8e988c71-5e1d-4bce-9e03-aa832c8114d5	427	1772	90	38	hand
070eca8e-b6aa-43c1-9baa-16f57de681c1	522	1772	71	38	and
de47a966-cf17-4f5f-85f1-5d602535e89f	598	1772	152	38	brethren
1f928232-e65b-4470-b28a-3cba13cf6cd5	754	1772	123	38	shaken
da0633ca-9597-448d-977f-602e7a54dacb	882	1772	52	38	by
1552f26f-f31b-416b-a96c-69cbed607eda	939	1772	62	38	the
9fe4194a-a5eb-419e-82b4-90f915da8c1c	1006	1772	100	38	Lord
6538eefa-dee8-4fac-9484-a73dd573ce7d	1006	1772	100	38	,
c24cdb2a-3417-4e6f-9bfb-16c62f4b7c1a	1110	1772	71	38	59
1f22715e-f97d-4667-a517-278cccf3ad65	1110	1772	71	38	;
aa286b80-ade7-4f8a-a036-c3180866139a	1186	1772	144	38	brethren
f693ad6d-0499-40db-8b7b-bf1fb2ab053b	160	1810	98	41	offer
c9d99dca-ee76-4c55-9ce1-8a8d4f4caf43	263	1810	56	41	to
2c455d13-c622-41b2-8dd7-5bbca886e293	325	1810	159	41	worship
fd0606b9-d97b-4263-9987-316a0ab3f630	325	1810	159	41	,
5fdb2078-1c24-4dce-9910-f62ceba5940c	489	1810	87	41	59
a15d774f-e4e7-454d-9b66-33867b433e37	489	1810	87	41	;
1f85ffb9-b89e-4e94-bc0b-9df8f7083d24	581	1810	184	41	completes
d2198127-ae80-448d-b4cf-73dadfc48923	770	1810	97	41	ship
d8b9f5d3-9f4e-4c0d-ba5b-109bf7d46c21	770	1810	97	41	,
ef6836e0-0d47-46b4-8e92-91d95eb93cac	873	1810	87	41	60
090f5781-9a65-4ce6-8602-b89e54f0192e	873	1810	87	41	;
4c7eaae0-b70e-4f4e-9bf7-2dab4b22d813	965	1810	92	41	goes
33ec9c97-df20-4571-b6b8-c237e8c71939	1062	1810	92	41	into
a98f5b88-87f4-41a8-878c-944ad0ffe37d	1160	1810	97	41	ship
42b5340c-70a1-4e9d-8e15-3b82b130861c	1160	1810	97	41	,
d46746ac-9e73-423f-a9fb-4e92f0990132	1262	1810	71	41	60
d702d474-18c0-40cf-a329-7f6ab424b5a1	1262	1810	71	41	;
5148c599-e639-4a66-9399-4d02d2184884	160	1851	120	32	bound
4801fdad-e0c1-44b8-8d89-2d74770cc54e	285	1851	96	32	with
84b20186-68ab-4b83-a24e-b8a1cfb5a67e	385	1851	112	32	cords
593cc2dd-b787-46f7-a5fe-415a974ca79f	501	1851	40	32	by
b8515b6c-fcc3-4bd2-866e-3479081eef42	560	1851	171	38	brethren
e005ab7b-683f-4139-98e4-9cece49d63c6	560	1851	171	38	,
e8dd8e8b-c92f-43be-8b79-25c7ecde1093	735	1851	85	38	61
6501e616-a827-4778-a404-c44ab49a87d6	735	1851	85	38	;
f6ece437-46fb-4115-b173-a2ad2b7c5d5b	825	1851	95	38	Lehi
2cde0188-9ea6-49d8-b219-2164e3492fb8	925	1851	123	38	pleads
ea7b65ad-3c38-4bdd-a033-0c0323dc2cc7	1053	1851	81	38	for
93720ec9-1f33-4881-8a70-785772596706	1053	1851	81	38	,
5b2559d7-c2f2-4119-a0e7-9e5372935acc	1139	1851	81	38	62
d68368e4-c808-4cc0-a409-f74c929df945	1139	1851	81	38	;
c82c3cdf-e136-4368-9c44-996ef767517c	1224	1851	106	38	makes
f9438437-ae78-4e5f-9578-ac9029fd431d	160	1889	119	38	plates
62ba6440-87dc-440d-986b-e4cb583a3336	284	1889	52	38	of
f9d5788e-2c93-45e3-bcb9-862839b3fbbe	341	1889	76	38	ore
774c5a77-536f-4d34-94fb-4a5abaef5b18	341	1889	76	38	,
0c7afc23-3fda-4e09-a0d1-e1ed5b8c5a51	422	1889	81	38	63
78bfb6a1-686a-4fba-a54e-d9350132c583	422	1889	81	38	;
1f785a55-0db6-4e0e-949c-0863228aef39	507	1889	119	38	makes
62803bba-517a-4ba1-a3b4-d8521830f48f	631	1889	142	38	records
750923e4-dd33-448c-84d3-197159f645d0	778	1889	57	38	on
648c73c6-6a21-4973-ac2d-182fd0f1c73a	840	1889	128	38	plates
10c6c837-fba5-4a4e-9592-62cb9abc9a50	840	1889	128	38	,
551721d4-af92-4b63-aca9-533a675a59ab	973	1889	81	38	64
c9f547e8-a051-4df3-9fcb-9e6992a94b49	973	1889	81	38	;
5c974ce0-50cc-40d7-954f-3fa585874eca	1058	1889	104	38	reads
983081c0-98a9-4de2-9059-b8544257ae0b	1167	1889	119	38	words
e5051d6f-34ba-47cd-98a9-1ea9ea77da4e	1291	1889	40	38	of
78664afb-71e2-40e1-ae08-2313ef6ad4ff	164	1927	114	38	Moses
70ee946f-2d72-4426-b3be-92d9e83a7747	164	1927	114	38	,
82995a1e-52dd-44e7-a98d-84b05811c758	283	1927	76	38	67
1ae0a9c6-6172-44df-88d7-1472ba4975f7	283	1927	76	38	;
2af6b85a-0b58-47aa-9caa-f2c6f6c48741	363	1927	109	38	reads
d2a28e1a-8a02-405c-954c-c9fa805f899b	477	1927	90	38	from
659931e0-dd8e-4619-93f7-d930ffb9f928	572	1927	119	38	plates
0d2b805b-c9f3-4cf0-adbc-ec096dc4ef19	696	1927	47	38	of
7ed3498d-c2e0-4b1e-a2e4-1b41d57203ae	748	1927	109	38	brass
be298644-1d57-41b1-9795-8d8d5d9a2ff1	748	1927	109	38	,
b29b0e8e-0de7-4985-82f2-a51ff8a47a72	862	1927	76	38	72
14747932-679e-41b5-b015-f360cd1b08cc	862	1927	76	38	;
ebe9617e-87b5-44e0-958c-0a10e910498b	942	1927	128	38	Joseph
f4e4a640-b9c1-4187-a07e-d65fca9a0481	1075	1927	52	38	to
364382cf-d875-4f83-a0bc-0a0566e117b3	1132	1927	142	38	hearken
0fd3594b-09a4-41ca-bce7-959ebbb20f33	1279	1927	51	38	to
f5344149-2a6e-4047-8319-54803ff01db4	1279	1927	51	38	.
50e8a941-5bde-4b02-ab06-c912f234db51	160	1965	70	41	90
c419a4bf-408d-48d4-a34b-a1d7a99ec601	160	1965	70	41	;
f515a0d1-1479-437f-aeda-2f536d783623	236	1965	130	40	speaks
27941a6f-0e7d-49ae-9581-9c000afa71c4	371	1965	195	40	concerning
c36ac216-cc0a-499f-9fa4-b377b828c8a5	571	1965	135	40	Joseph
8f5b129b-84a1-466f-a414-c05b429d4ba0	711	1965	50	40	of
133c0ae0-1162-4ef1-b6a7-19b59833af09	765	1965	125	40	Egypt
03f768ef-6df9-48a6-adab-b1ab7e714d46	765	1965	125	40	,
a9a37a38-4c62-4b77-ae42-86bf81d6e7cd	895	1965	80	40	90
e4c9d3d1-e83e-469b-9fc4-73db603d93d8	895	1965	80	40	;
84eb1b52-1873-4f93-a1bf-64b7b34f6b91	980	1965	135	40	Laman
2215e115-b809-4453-a260-45ff0dc43153	1120	1965	80	40	and
5bd4db6a-580d-49b5-91c0-0f7a71d97913	1205	1965	125	41	Lemuel
6bd8ed13-a655-4ebf-bde6-35cd4894cc38	164	2005	73	29	and
cae9e3cd-a212-44cf-889d-dd68a18090e5	240	2005	87	29	sons
bdeb668b-36e5-468e-8772-7a08d1459925	331	2005	51	29	of
07694799-dc0e-41e3-9d67-17fd385437c6	385	2005	134	29	Ishmael
d5fb3ef2-e859-4da5-843b-8a8221eac8f7	519	2005	128	38	angry
f82828c8-1e1f-4351-b5e9-51984f19c1a3	652	2005	95	38	with
2c6c44cf-5dfb-417f-bc3c-afb1070ab019	652	2005	95	38	,
ac6d816a-dea6-4d3f-b49f-0c329b69a7ed	751	2005	71	38	92
9ed2f267-a18d-4514-a82f-e139d863a92f	751	2005	71	38	;
31c612ea-ac8d-4e0b-8878-e8487fa96fdb	827	2005	190	38	ministered
c86ce11b-62c1-46e5-b40c-95c907a6716c	1022	2005	47	38	to
da39dc0e-d4d9-4337-aff5-64e016e337bd	1074	2005	52	38	by
94ea6951-6f4d-44bf-b6ed-65164ce29a2f	1131	2005	128	38	angels
a9f33186-933f-4e99-8a50-7de947fe029a	1131	2005	128	38	,
3d80bb5d-8fa9-4577-800c-504679c25c7e	1264	2005	63	38	93
1cf9b582-52b9-4ec2-82ec-80b09aad1306	1264	2005	63	38	;
71561f88-07cd-44ca-8bd8-e72bb4a1d3e9	160	2043	67	41	life
7f94aa59-eca1-4841-9d78-9a8cec5ccab2	233	2043	118	41	sought
25c81243-a8a4-414c-b815-19d49473b72a	356	2043	51	41	by
72e360d6-df24-4388-8621-664c7496c0a7	412	2043	164	41	brethren
dfe2e348-923b-45e6-bb05-0da69ffb0fad	412	2043	164	41	,
b9422a41-f0fd-4269-9399-a7fb17225a51	581	2043	72	41	94
7ce60ef1-12cd-4772-9be1-99ea629afc84	581	2043	72	41	;
19e2bc17-da12-4108-9518-e64177625363	658	2043	108	41	Nephi
782d1463-b13d-478f-862b-17b31e50a43c	770	2043	77	41	and
5bf896b9-60ab-49a3-8386-1e8d24d220be	852	2043	108	41	others
0f565387-25cd-4c97-95fe-7cbf7779b2c6	965	2043	123	41	depart
57c17ad1-a23e-4c15-b5f9-52d3c1091e55	1093	2043	46	41	in
36afc37f-2598-4afd-8cf6-5bb3ac1a533b	1144	2043	186	41	wilderness
f63e46e9-60fc-4ffa-95de-23ca0ece89a9	1144	2043	186	41	,
