ID	X	Y	Width	Height	Text
14c7eb9b-7dd5-4109-bbf9-6d0b78c6bc5f	116	98	72	38	816
8eb4c69f-a0c2-4ccc-b2f0-bcaa6e1ff869	484	91	149	41	BOOK
92965c50-0513-4578-9de2-3ca738ccf9f1	638	91	87	41	OF
ba311dbe-0dc1-4853-8c57-6e2179fc4555	730	91	235	41	MORMON
359bf193-2776-4c36-93d4-28285dae4adf	730	91	235	41	.
52e5b0ce-70b3-4f7a-af5c-a67005a4e9ea	116	167	181	44	Righteous
f0a84d02-bd44-4171-badb-a8e67e06f96d	116	167	181	44	,
8a2d8e7d-1717-4207-8a10-d3cd4de83d47	303	167	121	44	words
4fb49246-cac2-4c61-9828-a42e2f507fd8	429	167	49	44	of
72ffccd8-75aa-4cd3-bb99-58d34965b8c6	484	167	82	44	the
8b01ce19-05cc-4765-a848-17e75eaccc27	484	167	82	44	,
8b0f6c19-8433-4b54-9d1c-580bb6f1079e	572	167	55	44	to
5305d128-afec-433f-9930-7e01195c5cab	633	167	49	44	be
86731871-b096-49e4-9a3f-7caa9be3d6e8	688	167	154	44	written
fc6b36a7-5284-4563-8b5e-3313f7d7d1c4	688	167	154	44	,
47d3e57f-76bd-4608-ab82-b24c2cdaff0c	847	167	99	44	146
00498a58-ad1b-45a2-9db2-3ef0d2523485	847	167	99	44	;
f0078111-a7b0-468d-b00c-f9752a870b95	951	167	143	44	branch
62308511-3afb-4711-8478-2586c3efe650	951	167	143	44	,
bff9f660-3c9e-4def-8835-c2159812b76e	1100	167	49	44	to
f8e0a115-11ee-44e0-b038-1641189ace0e	1155	167	55	44	be
55bea29e-f423-49a0-8dbd-b4d959e407e3	1215	167	109	44	raised
fe4d39a4-2f44-4094-8326-b393e334c7a3	151	208	90	38	from
40933298-fa4b-44a8-950b-48595fd230d6	246	208	95	38	loins
180fa7fb-719a-430f-8596-9b9656445f2b	346	208	47	38	of
0a4e9819-d6f9-4df3-9a20-12780e57dcb6	398	208	123	38	Joseph
e394b7fe-5d0d-4570-91d1-81d969aadb33	526	208	47	38	of
bf35ce46-ce4f-4151-b168-1f33d6587ce5	578	208	123	38	Egypt
6f39c2df-ec49-464b-9aa4-78fdbe11b9ff	578	208	123	38	,
03dd5944-bad6-455b-93ac-94a198013e70	706	208	80	38	172
57926323-88b1-4813-9e33-de54635b5077	706	208	80	38	.
dc09b963-3a56-4425-9ada-e8550bc9a679	116	246	170	44	Riplakish
6f29cff9-3938-42f8-bd82-e626dbc3dc53	116	246	170	44	,
2aed04dd-dec1-46ed-b667-86db48649b93	292	246	66	44	son
d14db31a-ae1b-4747-97ab-912720bf0a84	363	246	49	44	of
b3d3e345-315d-4e0a-aae8-dcea4e501a85	418	246	99	44	Shez
655cf5ef-45bc-41e3-b341-01f2dbfa602f	418	246	99	44	,
2da38ee2-0ed9-4a96-9fc9-cd32b30b713a	523	246	88	44	714
aa3fcaf8-a064-4471-8801-84bde46b2b99	523	246	88	44	;
e4938051-8662-49c1-addc-c292fa1125be	616	246	110	44	reigns
dc97cea5-e1cf-426a-a668-057687f18739	731	246	44	44	in
7e92cb24-87a0-4b03-b283-f799c5528ea3	781	246	104	44	stead
581194a9-abaf-44d1-b6e8-c346c1ac8703	891	246	44	44	of
ee42f6bd-de99-4c32-8d93-3cd76feedd71	940	246	93	44	Shez
51fdf0ae-f604-46d7-906f-2539b848462d	940	246	93	44	,
747e8f56-996b-429a-b4a9-bcfcab97f53f	1039	246	77	44	had
a523acae-2aa7-4056-890c-8ed03e671325	1122	246	99	44	many
42a55fbc-c0f0-4879-a0c2-6effc73c4ae5	1226	246	101	44	wives
5d47200f-3e10-458e-a2a9-13b1b909e7f8	151	286	72	41	and
d43bd09f-d874-43db-bf6e-d4b544629f8a	228	286	200	41	concubines
5c3ecef9-ec3c-4b7b-a8b5-57c3761be6f8	228	286	200	41	,
c4726139-d200-418b-8c6b-3b347132a46d	433	286	189	41	oppression
fdf27e45-7816-40b1-885f-2dab7c110cf5	627	286	51	41	of
eb49ab46-4059-41ff-80bb-8eab93da66d8	627	286	51	41	,
77eb054a-6ae0-43d9-ba68-6f023b8a9e2d	684	286	118	41	killed
90d0155b-134e-4385-920c-3ccdfb93a777	684	286	118	41	,
80711b85-225e-44fa-b218-900cc45776ef	806	286	77	41	740
269aa164-c8c6-41e7-8629-099b9540e1f2	806	286	77	41	.
9097f5c0-53dd-4340-a6b0-47f8cfca9ea4	116	324	128	41	Riplah
72ca842d-3a13-4fd8-bded-799d46e90622	116	324	128	41	,
77f84a96-a9e9-46e4-84fb-9b707f80b97a	249	324	138	41	Moroni
e7930ce5-f877-4e82-af30-de72b32e6dd9	392	324	149	41	conceals
d54aba79-567c-4ab0-b8de-9647a55a432e	546	324	36	41	a
5d0ac3d2-4288-4589-a19d-a603d23d3763	587	324	92	41	part
7c70ce07-ff41-4073-8236-f6ea2ad00dcc	684	324	46	41	of
b2b5161a-26fd-410b-a674-13cab4ef8bae	736	324	102	41	army
578815f4-aeb1-43b2-a1fb-2105bd281133	843	324	102	41	near
a8e51686-1482-4500-b13b-e7547c63f16d	843	324	102	41	,
3905c0ad-a53a-47e0-af3e-bbe58ccc8582	951	324	78	41	459
127675df-6e2b-42ff-9b59-2d6c13e71ee1	951	324	78	41	.
beffaef6-88f8-42a7-a80c-29bb8448eb3d	116	367	210	42	Ripliancum
5541772f-505a-4295-bb32-0bbc07d234ad	116	367	210	42	,
ee99224b-a368-435b-b929-c8936d200bb5	331	365	205	42	Coriantumr
657f1966-0534-4498-8110-8e1b7cbf9fde	541	364	90	41	flees
9c2f0bd9-2ff9-4939-b336-a493bb2a7f55	636	364	50	40	to
4c56fbe1-1c0a-4243-8e2f-b5e6d4bec745	691	363	130	41	waters
4618a67c-813a-4997-aa46-ba462262afad	826	362	60	41	of
3f6f8e59-5517-4a81-9e80-244e56a7c448	826	362	60	41	,
037b53b8-671b-498d-af24-1100ffff895b	891	362	78	41	757
65c7fdec-f4e2-450a-847b-21dfa0f37c67	891	362	78	41	.
dfa824c2-70c0-412e-84b6-7b6204715c2a	116	403	111	47	Roads
a80fb28a-ca88-4fb6-bef9-5ed2cd1286ca	116	403	111	47	,
2605fbc5-e910-4a38-951b-ab1cac2c7843	233	403	94	47	built
707c9db2-0159-4d94-a2f0-b5b727d71aa9	333	403	88	47	from
a8630991-ffc7-44e2-b8a3-eb57da3283e2	427	403	76	47	city
41247949-c72c-4db4-a1c7-ef6d69e8503b	509	403	41	47	to
16393eff-8a3b-477b-b0b3-3c78c21450e4	556	403	88	47	city
1aad4d26-8341-4345-839d-c10f36abffab	556	403	88	47	,
31f612ef-6fe9-42f5-b448-bbfae87eb381	650	403	88	47	617
3a9b3e9d-7dfe-495a-b229-017d1514f760	650	403	88	47	;
4cefc8d6-7cf7-4a82-a90e-656d58de250b	744	403	135	47	spoiled
650553bb-6265-4eef-8583-d6e42c2bef09	744	403	135	47	,
e0b4eac1-1b12-4792-99e3-902b074109c7	885	403	81	47	624
cbefad81-8794-4372-bea4-a170d109e551	885	403	81	47	.
40d86eed-fdbf-42f5-89f8-57d5743e4744	116	444	97	44	Rock
c23b4c1d-130c-40e7-894c-5f5f909507bc	116	444	97	44	,
b1403bb0-be84-4702-9758-8202bc5a4f80	218	444	54	43	he
d43c9725-a3c0-4cac-bbca-c50e87661103	277	444	81	43	that
d6d7da40-5083-4baf-a9a6-1a9429560995	363	443	151	44	buildeth
cac859b0-dafb-4858-b280-8edd6b2c5df9	519	442	102	44	upon
1e26e65d-cade-40ee-81d0-275e017ebd1b	519	442	102	44	,
e2ca685b-8781-4209-99b4-507102753b81	626	442	92	44	155
431fc512-9937-45be-a5b6-937670aa657b	626	442	92	44	;
0183b13c-6974-4665-9268-4d17fa1678e3	723	441	54	43	to
002dbd5e-6903-4540-b72f-a1f6e605bdcb	782	441	108	44	found
02b518d7-50b1-453f-93cb-157126feb31b	895	440	129	44	church
e59b4d02-2121-46b8-b91a-a5b05da1c17e	1029	439	102	44	upon
5193c132-cfb5-436f-8ac6-594a17fa476f	1029	439	102	44	,
ac7da026-9a54-4194-9352-2db465cf9529	1137	439	77	44	635
c09a15f3-5ed6-41ab-9075-25f5a8df0caf	1137	439	77	44	.
64ca2b2d-1105-4f65-b6a4-c5e404d37646	113	479	77	44	Rod
bbae20c4-f413-4627-b4ad-7ddfb9a9b998	195	479	44	44	of
6fe524f6-a988-4a1c-a5f1-8611394a0383	245	479	88	44	iron
6d24ac4c-f3ba-44f6-80e4-f6ff181d4635	245	479	88	44	,
ba8f7122-5d6a-4751-b2fc-875b25741f2d	338	479	82	44	seen
2cf6d725-d9e9-4336-974c-59676d274dce	426	479	44	44	in
b9cad8c0-e0db-4ef7-8846-f03d7b228535	476	479	115	44	Lehis
644b1862-4de3-4585-9042-11bf213704e7	597	479	121	44	vision
2b09d681-58cb-4b4a-af83-39b059d85398	597	479	121	44	,
861235c8-ac6f-4b90-bf62-b81a30fbc1bd	723	479	66	44	21
ad20922f-bc1e-4fc6-84b5-8c8cfdcaca0f	723	479	66	44	;
be614905-590a-4200-bca6-d9d2306d0558	794	479	44	44	is
9c035431-6f48-4d6e-bca8-7f5ad214fd00	844	479	99	44	word
c8096615-6499-4fcd-8147-0b35a23b26bd	948	479	44	44	of
d047f98c-9884-4957-985f-6c0b327d32b1	998	479	82	44	God
d763b4a5-0bbd-4ef4-97ae-4e7f8f1c2688	998	479	82	44	,
c565f7d8-faf5-4ad7-8bba-b0b9d88873a6	1086	479	60	44	28
41ea8f34-622e-4524-8272-6eb1bf6b2a97	1086	479	60	44	,
90d1304f-9cd3-4d77-8077-d1859f262887	1152	479	62	44	29
d012c6b4-393e-4515-a85a-3d78183deadd	1152	479	62	44	.
4ae63b59-9c0e-4b46-9c8e-45ba8fa6a892	116	522	149	42	Sabbath
52a419bc-1ec8-4a2c-9caa-f61ea4b68c44	116	522	149	42	,
73765aae-c145-4c1e-997f-c8c9bc446918	270	522	98	42	Alma
e0f2bc78-e07b-415f-835b-b4fe51e6822b	372	521	185	42	commands
fc46dad6-0cb7-44e7-b061-c032a63ec5a0	562	520	139	42	keeping
265b924b-cdb5-44ab-8fa2-521cf768bf31	705	519	46	41	of
44e5aee2-af69-41b2-b975-436390be3bfd	756	519	72	41	the
14a24a9c-8509-480d-9507-b86724e6d7cf	756	519	72	41	,
491838b3-a0bc-4286-baeb-7af16eda8fb7	833	518	76	42	260
df483f5e-9904-494c-b22a-e1991cd595a0	833	518	76	42	.
94befb89-5e45-4c7c-9235-cf48aa6214cd	116	560	194	41	Sacrament
d649f146-698f-40b7-acc0-63e45d231708	116	560	194	41	,
797b4e56-bd0e-4162-bc0d-cbf9c5c7cc44	316	560	67	41	not
f6c56dcf-8a38-40a7-af58-e2e4808c1180	387	560	51	41	to
dff45608-f62b-47c1-840f-377b2c232cb4	444	560	51	41	be
efa6698f-00da-4e8d-ad3e-3a28da769bb7	500	560	102	41	taken
86fa7765-2388-4eee-90e6-5c2d795281e2	608	560	210	41	unworthily
5ea48db7-5cb8-4453-890c-9a27df7495ae	608	560	210	41	,
6f28ac6b-c833-4d89-b591-d26928826b6b	823	560	74	41	713
9b5fbfaf-6945-4db2-981e-9876b9a0b7aa	823	560	74	41	.
bfba4faf-fdb2-41fb-a1e5-f85fdcd69866	113	600	123	42	Saints
ebd34083-5949-4e21-8a99-dbd0386c077f	113	600	123	42	,
4b3a75a4-9b39-4535-960f-04cb4a87a652	241	599	118	42	power
5e2807fc-d34a-44c9-bdc3-2548fe097fa7	364	599	46	41	of
d2a0bcad-11d0-42f7-a053-321b0d0393eb	415	599	82	41	God
0a8356fe-b53e-4291-9792-86fbc56d5a06	502	598	159	42	descends
96adbd56-c3d2-48f1-b1b2-eb37e22b4d4c	666	597	103	41	upon
7a2832e9-6947-4a34-b1f6-53c9067b6a4c	666	597	103	41	,
30a4cd32-23cb-4542-9a46-920a52f218b9	774	597	77	41	41
b6dc39e8-3cf2-46e9-8afe-d4cd8fa6e556	774	597	77	41	;
0174c0db-5329-48aa-adc0-46ca3cb5ce0e	856	596	164	42	delivered
62502796-7564-460c-abb4-60974f10e546	1025	596	97	41	from
5feef26f-316d-4418-b69d-32cd69b9500e	1127	595	108	42	Devil
90aa2281-bb4a-446e-9d0a-fb0244c8489d	1127	595	108	42	,
b3625b60-15cf-4069-9c61-17441af80738	1240	595	88	42	108
3a47a472-62d0-485b-989b-ca490f93878e	1240	595	88	42	;
1e83a772-c30e-4e46-9795-c02bbca73aab	151	639	95	41	those
b0f51dd1-358b-4b0a-8f03-2b3adf9dd971	251	639	70	40	who
cf5984fc-92c1-45c6-9da7-d6b276fa9d29	326	638	75	40	slay
084d3976-4311-4237-9e5b-abca6e8f5050	406	638	90	41	shall
b011def3-73f7-43bc-bcf1-dc6813884284	501	637	120	41	perish
ffd1bf86-0408-455a-9a45-10a3ddcb521b	501	637	120	41	,
06e28cb8-0959-4813-b894-2afafd548481	625	636	85	41	144
2f8dbf34-9e99-4efe-bda1-ce1eebfae4b6	625	636	85	41	;
87e9ae62-0040-42ae-aa04-4d9f35d833c2	715	636	100	41	blood
c91fcf82-dae7-4f9e-89c1-74665f7ae231	820	636	40	40	of
c375613f-bddd-4d47-8fbf-1c10dbccb752	865	635	35	40	s
352fffd6-a706-4feb-89c9-393c3f769b3f	865	635	35	40	.
96a6a716-ccd7-45e9-9d99-77c05d1825ca	905	635	45	40	to
db9b7643-39ce-4ac8-a8d6-cb9825fc9c6d	955	635	60	40	cry
de69cc45-6b7d-436f-87f0-28a708c8c432	1020	634	90	41	from
f05b0187-7250-4e67-8b35-3be50384d799	1115	633	135	41	ground
66de7c5e-ff6b-4eff-96a4-4026c923a47b	1115	633	135	41	,
84523e48-05a8-4379-93d1-9e05e0b2d78d	1255	632	76	41	153
c6e7292b-4990-4df7-8021-63c87bdafc55	1255	632	76	41	.
763aac43-d34e-4b0c-8350-9b54809ff257	113	678	92	42	Sam
0f985f8b-fec4-4e77-9e68-0efa97955dac	113	678	92	42	,
7f41604c-7fd9-4562-b4cb-86ec0f6fcb3e	210	678	103	42	Nephi
59f10395-5e05-4e9d-9c38-93d899dddeee	318	677	123	42	speaks
73fe6dd0-2cc1-4338-a8b4-130298e485e2	446	677	51	41	to
76237f56-1fa6-4ac1-b626-f0bcc5ffc224	446	677	51	41	,
a0753c8f-cce7-493e-ace3-8adacf69e1f4	502	677	51	41	6
2308fb9b-c3a0-4e75-8473-acb1b62da0af	502	677	51	41	;
9799177d-5e4c-4a6d-80de-bbb2bb33a071	559	676	149	42	brothers
90a370c3-0ae4-44bf-8edc-675b763227f7	712	675	108	42	angry
750e16f2-b3f2-442d-b16a-62da93439cf7	825	675	98	41	with
14eddbe3-ae97-4b5e-b912-3760e9837823	825	675	98	41	,
134e87c1-641b-43cb-b1d3-3438d3ac1b81	927	675	51	41	9
3269d76a-9823-4255-8003-b413fe938947	927	675	51	41	;
fa60eaff-82dd-4f2e-94bd-b349a51821a2	984	674	87	41	Lehi
76ebefb2-ff04-4894-8c02-febbcf817635	1076	673	123	42	speaks
098dbeec-53ae-4496-b112-b938250ead1d	1204	673	51	41	to
6882693c-c4f9-4f2e-a346-e1f3ab426e93	1204	673	51	41	,
a57f0e59-68bb-4882-b16d-a2865f710eda	1260	673	67	42	91
ccda40af-99b0-4605-8a52-53522b0bc0be	1260	673	67	41	;
f0202eb0-8bac-4d9a-8464-38ec30d415ff	151	717	75	41	seed
065907e6-ce11-4101-b31e-e0128e16b465	231	716	40	40	of
21a20d47-f7fd-4969-9341-86a779c90a1e	276	716	45	40	to
ab415168-167c-4ebe-a0e1-9695107f5d82	326	716	45	40	be
6bbcc67b-07f8-4c10-b55e-079ac06add54	376	715	135	41	blessed
606ab4bd-b83d-422a-9ffc-b3af868cec06	376	715	135	41	,
fc005748-8ca4-4ec1-ad5e-9e7abf6fa40c	516	715	50	40	91
4d09bcaf-4a26-49ad-9c9d-26c7b629a7c7	570	715	15	40	;
30d3d223-1db5-427a-a84f-f67e01294eab	590	714	85	40	flees
c2a41e6d-87d2-4dd4-b720-7fc9fb5a9609	680	714	85	40	with
9caca85d-d1b7-4cc1-a04b-340916a8acba	770	713	105	41	Nephi
ab6df05f-8ed3-4582-999f-073e7ac15a63	880	713	75	40	into
03fa910d-2f08-4f76-8a29-c16ef2f0b249	960	712	195	41	wilderness
c88a3ed0-1ef3-4212-881d-ff86c81b22dc	960	712	195	41	,
532fac14-08b8-48d4-bfab-207a91bfaec4	1160	711	57	41	95
1166b41b-2f62-4d3e-8bc7-279804f5ce52	1160	711	57	41	.
baf8f307-1f49-4b51-b06b-037911aa1ebc	116	752	143	41	Samuel
33acd80a-8414-4b0e-8a0d-9b66b4114b80	116	752	143	41	,
626e5220-e711-4bab-83bd-dfe1546a3b4b	264	752	179	41	Lamanite
51817ccc-b1a3-49e8-884b-9188621623b4	449	752	154	41	prophet
40fe0df5-20d1-4bbe-9434-60fcb0c69373	449	752	154	41	,
2b8fd0b1-3ec6-4002-82e4-c1736d80edc9	608	752	118	41	comes
d2dc99c0-14fb-490a-a8a4-bfa149f9cbc2	730	752	56	41	to
442e5f9d-1063-4b43-a094-3ae611982e27	792	752	205	41	Zarahemla
9d546117-2f2f-4eb4-8471-945d9a96ecff	792	752	205	41	,
06cce097-7f67-4eb7-a0be-e4a77d0c3450	1002	752	97	41	586
bd5dee66-db31-42d0-9343-fc5aebb1e84c	1002	752	97	41	;
a218ffb3-ddac-4bfe-9385-9102ec9ae25f	1104	752	174	41	prophecy
b953275b-c35e-4779-81fc-6cde22589db6	1284	752	50	41	of
0b8c3007-2d97-413f-92dd-fd49c14f0681	1284	752	50	41	,
1cc73922-38ab-4e47-8ce3-68292484d5da	154	790	87	41	587
47430d0b-98cb-4683-8879-c243821a6df3	154	790	87	41	;
a1232e51-3fa7-4064-b1ef-3b4a589d789d	246	790	92	41	shot
c64937a7-5913-4bcb-b88b-0367768c2809	343	790	56	41	at
decf4f1f-3f58-4257-95bd-3226c52039be	343	790	56	41	,
a4c707a2-232e-4541-ac9e-3b58c2309cb3	405	790	97	41	597
12a77487-e384-4fbf-a0ee-599e23c2f043	405	790	97	41	;
7c2b74e5-b92b-40a9-a677-dda2195f287e	507	790	87	41	flees
3f9c5d66-da82-4a32-9a0e-5c7b5973b070	599	790	56	41	to
4249a0f9-c4e6-47c0-a23e-fd0fee673174	661	790	82	41	own
577efbc2-1f4e-45d7-b05f-61c8f3a5a600	748	790	143	41	country
27e6c74d-f160-46a3-912e-d4d8e1674526	897	790	77	41	and
66f2acdd-40a4-40c2-8c63-790f82b0f24e	978	790	169	41	preaches
8f41bcc8-e30e-402d-90d7-ad46b49d1386	978	790	169	41	,
5d5e2414-234a-4556-8536-65d84b681bf0	1153	790	97	41	598
95dc205e-423b-4882-bb64-2ec72405e653	1153	790	97	41	;
07523393-90d1-45b3-a922-7d7cd47c2bcb	1255	790	72	41	sign
268bc66b-3a54-4980-8b86-db63ec4fcc71	154	828	99	44	given
de609735-b5d7-4b69-8b89-bf41dd6702fc	258	828	60	44	by
c794efce-eb0b-43d7-928f-f05f590c68af	258	828	60	44	,
89808584-3005-4653-a675-b344b199220b	324	828	148	44	fulfilled
f541f49a-a043-457f-b059-db557b7f76a1	324	828	148	44	,
88d9d1e9-4bfa-4b24-87a1-87531df2e4ed	478	828	93	44	601
0e764ebf-c32d-45da-a3fe-3467fede36f0	478	828	93	44	;
b9f00438-44ad-4a1a-b097-fc3ad8c4210b	577	828	121	44	Christ
5a077e64-0682-4a0f-889f-6cb8cf1f24d2	704	828	187	44	commands
6db0d14a-19e9-4b03-969a-e919d56b7b4c	896	828	110	44	words
7a31d3c7-7348-4b14-836e-1dba530180eb	1011	828	49	44	of
e298d4a4-e041-4560-89bb-7975bde81852	1066	828	49	44	to
44a0d510-fa21-4455-bb57-6dc62b296b39	1121	828	44	44	be
43b8000a-292f-45dc-99f7-d832619cbe68	1171	828	163	44	recorded
f30f6e0f-af01-4f31-b69c-6f9c8db2d5b6	1171	828	163	44	,
f17ef5f9-000c-4b75-9df4-f27c3bbde67a	154	872	90	38	667
d76b934d-708e-4f91-bd48-de91415088e4	154	872	90	38	;
4ac61996-ae08-474e-be6c-9baf070aff28	249	872	119	38	words
7cdadcb2-fd33-4acc-85f1-ce1baed63873	372	872	57	38	of
7159f73d-4b45-47ed-8ed1-db90f1353eeb	372	872	57	38	,
74dcd028-9c37-489d-8ce2-2537223e03da	434	872	152	38	fulfilled
489bb14a-f845-4080-861e-f7aa8f0cbd8b	434	872	152	38	,
7f0c839d-b669-41bb-a477-48d8f2e710a2	591	872	85	38	689
9f066635-9f29-4709-b0a4-0c8c70af24cc	591	872	85	38	,
f77cc37a-3d1b-4623-89fa-319a1ea4b139	681	872	83	38	690
f5e4c2dd-cde2-4127-afe6-1c34376854c8	681	872	83	38	.
4859d34f-fd2e-4849-a355-14b20818c247	116	910	123	42	Sariah
c2dd905e-b286-4e88-a784-bf92eb9fa796	116	910	123	42	,
209056e5-0be9-40cd-924e-2050f9aa6500	244	910	82	41	wife
25790943-c5ad-4184-a29e-d2ccd9323e4b	331	910	46	41	of
46f9a8a2-1f70-40eb-b18d-f1cc78e85b12	383	909	97	41	Lehi
897731f1-8435-4548-ac62-58e51df9e441	383	909	97	41	,
a40d06ea-7bba-4746-85c7-5539bda9e0b1	485	909	41	41	4
76350856-487a-43e3-a8e9-064a420362b4	485	909	41	41	,
8fd82fdd-7f09-42d9-85f3-0e8c4e264615	531	909	72	41	12
bcdfa62f-509f-40fa-bb23-794a1dfd3dd5	531	909	72	41	;
7275baa2-ea76-4457-9aef-438497f91c70	608	908	179	42	complains
c34f7ef9-5d8c-42d0-a2bd-be0fb95c3c7c	792	907	133	42	against
fc663f10-e53d-4487-a87b-3928f4db078d	931	907	87	41	Lehi
41519dfa-ab74-49f3-a475-298f6b048fc4	1023	907	72	41	and
b7869c60-b952-489d-a9a6-e53f05a7504c	1100	906	41	41	is
3dd201a0-60e9-4948-92a4-1033c592b0bd	1146	906	185	42	comforted
a9e3bee9-8aed-4ca5-b178-231fa6887c74	1146	906	185	42	,
a5a082fc-669a-442a-a455-1ef79a5bf34d	154	954	53	31	14
bd754dba-6332-4341-998a-8750594d9da5	154	954	53	31	.
c0b8a9a7-5d04-4ee8-962a-1c6c8cd75019	116	985	112	41	Satan
66d41ae3-621d-4502-a70e-92e0426ed71b	116	985	112	41	,
d460fecc-c274-4671-a8f6-f10b11fed0e0	234	985	41	41	to
abfc018b-e979-4134-8f15-3d9f48c6ab26	280	985	87	41	have
2a615ea0-22aa-4f41-86ed-3a7e93113dbf	372	985	113	41	power
84e5d17b-416c-4e7f-92e1-329fc2cd0d53	490	985	82	41	over
ef8ee6df-0a34-449b-92d8-5543abad2306	577	985	118	41	hearts
12a31490-565b-488c-b877-27cb38e0af40	700	985	46	41	of
bbd17bbb-5cee-4492-9122-d35b51653295	751	985	87	41	men
21d6f544-c045-4966-8a02-5b22258cce7f	751	985	87	41	,
237ebbec-3c46-4534-83cb-c46adcd2b9e9	843	985	78	41	160
2e813fdb-bcbd-4b08-aebd-604315d4e330	843	985	78	41	.
02254356-4a25-43c3-8e8f-c7cf8bb25b41	116	1026	122	41	Savior
02090393-cd18-4bf0-8d01-96183d3b4438	116	1026	122	41	,
e147f593-bab4-4b9f-9faa-a2f1680e921e	244	1026	189	41	knowledge
05996a3f-169b-45b8-aeb0-9662913d5697	439	1026	51	41	of
1213b8f3-8a7a-4d7c-b271-946867817b09	439	1026	51	41	,
24ad3037-150b-4647-a1e6-9f9997d13cd7	495	1026	46	41	to
83ba63eb-10e7-45a7-b742-f1a33e1a6aba	546	1026	123	41	spread
53a57e43-fbe9-4b4b-aafe-04644aab3ef2	674	1026	46	41	to
c4398f61-3e96-4c80-8e96-4936682019f9	725	1026	102	41	every
87f9bd79-7922-4c8d-8622-cc33d8f145e1	833	1026	128	41	nation
5b70735c-f80d-4d45-8263-e9c9d0228f88	833	1026	128	41	,
cbc3d187-2de0-4d6f-97f2-fb2c6b15fa78	966	1026	81	41	218
01c0067b-15ca-4ec9-9890-3b9952104eb9	966	1026	81	41	.
b3a733c0-2c36-4aa0-b193-03a5bca21dab	116	1067	115	41	Sealed
7c35fa8f-1c5a-4447-a699-1b027c390277	236	1067	100	41	book
17565d8b-3bc2-4a86-995e-a0a3a05f8064	236	1067	100	41	,
63a251b0-d6b0-405e-b2e7-06dc66411198	341	1066	55	40	to
b9169c5c-c62b-47c0-80d6-ca49d6c9d690	401	1066	100	41	come
e71c9906-a49a-4fd4-98c9-3d23c1c29c17	506	1065	110	41	forth
20328ad0-1026-4365-9ae0-91e8ca46d0c9	506	1065	110	41	,
7b843f3f-d1e2-42c0-9006-a1c663387ac6	621	1064	95	41	149
de930b07-1195-4d43-9742-33cab5c6ae95	621	1064	95	41	;
d808bdfd-06ce-45e8-87d6-a5ea0a07c795	721	1063	120	41	words
07c03d90-7cc4-402b-ac5f-722c86bba4df	846	1063	55	40	of
8fa02ccd-64e8-4016-ad76-566007347fbe	846	1063	55	40	,
d2fe6c99-f2b1-429a-87cc-6de8a1bbad68	906	1063	55	40	to
1525af94-427d-485f-862b-6f409c22bd93	966	1062	50	40	be
a232c948-772c-42fe-9b1b-4d016adaae39	1021	1062	90	41	read
b9b9edbb-b5ed-4337-9430-a11f4df3dd5b	1115	1061	100	41	upon
26e7ece0-74da-4877-9772-d13fd90a549c	1220	1060	113	41	house
a17ccfd8-63b4-4031-a586-138a39909abd	1220	1060	113	41	-
4320406a-f9e5-434f-967a-203f9c9d7b52	154	1102	88	44	tops
fc30e574-892e-4f40-b2d8-f6bb74d2e411	154	1102	88	44	,
1afe05ac-7d77-4339-8462-6d393c313229	247	1102	93	44	149
18be0bfa-e706-40cc-b0d7-ee585a782d89	247	1102	93	44	;
082ac15c-4ee2-45e2-a08e-872ab208a680	346	1102	121	44	words
06b9b577-e817-49c8-98d6-9094b604218f	473	1102	55	44	of
b0ac74c9-721f-4faa-89ef-25230ee4dbaf	473	1102	55	44	,
048fef1f-7537-4e50-9cb7-0f0a13a2004e	533	1102	49	44	to
291e91ca-5794-49ef-b2a4-05e80a0529e6	588	1102	49	44	be
e1822e73-19f3-4274-85c0-16b7e0e2e914	643	1102	165	44	delivered
d4ed9b65-b451-4743-943b-9d279917f09b	813	1102	49	44	to
689a07cf-09d3-4eaf-a52b-057784febe38	868	1102	148	44	learned
64434b1d-c332-4cac-b513-d9c4dbef50d4	868	1102	148	44	,
b768a3e3-f71a-4b1b-9b89-71f3fc1fe21e	1022	1102	93	44	150
688ca79f-87ea-4982-a798-c4ed13cb1f6c	1022	1102	93	44	;
a2cc9fba-a283-4cdb-9515-2ffc9a37ffdb	1121	1102	143	44	learned
252e4afe-bd52-433e-9636-b214b1943c42	1270	1102	61	44	can
2416c35b-101a-4f5f-be0f-3d263a6e9e6e	154	1146	79	43	read
4c786477-558f-4c0e-9baa-06be4ca61dea	238	1145	79	43	not
a509e991-5fc3-4391-862c-479d472f8c50	238	1145	79	43	,
55989d40-4472-4d41-b452-0b684fb45166	322	1144	89	43	150
ecd507b6-fedc-4ede-b222-bf93747c8df7	322	1144	89	43	;
35c71092-845b-48d5-a293-d33608dad0e4	416	1144	116	43	things
3ae80ed1-6276-40b7-9ba1-4a2848059acc	537	1143	47	42	to
8880558a-37c5-4f79-a5db-dc81b191efde	589	1143	47	42	be
929712b6-4b30-45b1-9b37-df1eff35ee10	642	1142	142	43	brought
a11e7917-e646-4815-9976-fed958e6d903	789	1141	110	43	forth
d62adeb3-a6ec-4ff9-8683-f419ec0eb254	789	1141	110	43	,
c62a544d-8fc4-4419-9c1f-106599f78c63	904	1141	89	43	151
1e226a58-4733-4736-8b95-39206d9564fa	904	1141	89	43	;
0fd7c40c-7075-4cff-97d9-ed3611510113	999	1140	100	43	many
05b49f65-aae8-4e9b-885d-8ad95ac344ce	1103	1139	95	43	shall
f9dc5c1d-0440-4ffb-b510-ae91cad0b84d	1203	1138	131	43	believe
23e285f5-9b54-4fa6-8dcb-93224eb0b668	1203	1138	131	43	,
cf1d9326-3b89-49e5-8b71-dcd13ec9cd3d	157	1184	72	31	158
70c9b243-139d-4d24-a8ff-6a6adcfd5d12	157	1184	72	31	.
4f649a47-b249-41bc-b782-ab77edcecb33	120	1218	160	44	Seantum
c9c5498e-390d-4abf-b5a0-5b6bb7c2009a	120	1218	160	44	,
ce43ede3-d213-4c41-807e-3b655ba17389	285	1218	137	44	brother
cace2c85-758c-4a0d-a0d4-bf82568a0c15	428	1218	44	44	of
909770e5-6120-40e6-a978-722868576565	477	1218	181	44	Seezoram
7da249ae-8f7a-4333-80a8-f0c51e19279e	477	1218	181	44	,
bb1d41d7-3fd4-4049-9102-998a3129473a	664	1218	93	44	576
6bdc68e2-0939-4baf-b3f7-5329683e3283	664	1218	93	44	;
e03094f9-471e-4c95-b001-1292dccd87af	763	1218	165	44	confesses
124710cd-6f52-464d-ad05-54ce4e0d42a4	933	1218	137	44	murder
80f269f6-22dc-4c70-ad2b-4e68477a2da5	1076	1218	44	44	of
5100ad6c-b4d2-4d59-9040-a263f7d314fa	1126	1218	93	44	chief
58333b17-d235-4f9d-a3e8-9892f9773cb5	1225	1218	112	44	judge
8766dfe7-a0c6-4e49-a207-2792584603f4	1225	1218	112	44	,
cb0f9719-7a8b-4f5b-be51-43d7daaada5b	154	1262	75	35	577
a262fdbc-0e9c-4428-a9e1-b427a0ee65b2	154	1262	75	35	.
799f0b3a-79ad-4b06-9987-b2f32e3534fb	120	1300	113	41	Sebus
ecbb7d93-bf91-4380-82ad-4d2976e9cf1f	120	1300	113	41	,
cfd22a75-edfe-408c-8b2d-859dd46bded3	238	1300	123	41	waters
bc68e880-e0bf-4fc4-8477-1121fbf033b1	366	1300	56	41	of
d061cdc4-a0fd-40cc-a1bf-af354b98ea73	366	1300	56	41	,
7dd0eb9b-afd0-4390-8af7-1251d2e2b70e	427	1300	82	41	366
26c84321-dd54-4e9c-b69c-6e66be688c21	427	1300	82	41	,
36daea41-2a2f-46e6-8b22-04ebbbb19f50	514	1300	82	41	368
716f98fa-b80b-4e58-bd31-8acf255bfe47	514	1300	82	41	,
c7e89957-614b-40d2-a6d4-e0282e5903d5	601	1300	81	41	375
aa478d46-e954-411d-8a83-c5498e3a6cd1	601	1300	81	41	.
f9375e0d-8f4c-4a63-a841-ac9010e730d5	120	1335	121	44	Secret
455877b7-9f45-4ac0-934e-db19f2f32266	120	1335	121	44	,
01bd5c8c-72f6-46e8-83cd-e81c21aec1c6	246	1335	242	44	combinations
d572d4a3-bdd4-4c64-b20a-51a5c5cf4ee9	246	1335	242	44	,
f9eceeb6-fde0-4258-8b3a-551a5c0f36bb	494	1335	99	44	devil
01e5dde8-d783-4684-b0c1-cfe3ccacced8	598	1335	143	44	stirreth
ebaf5647-8263-41ca-805d-be21f980f314	746	1335	60	44	up
735196a9-31d9-40b3-b73c-2f3edd5f94a6	812	1335	148	44	children
3544371c-3505-4431-afec-99f93430af1f	966	1335	60	44	to
b513277e-e877-47f2-9ae9-ca361d087d48	966	1335	60	44	,
6b69f68b-12cd-4595-bd84-44972cb54c6a	1032	1335	93	44	106
aef8f430-7dce-42b1-a04f-565fe80fac43	1032	1335	93	44	;
f1495153-7a6c-43e1-9f4b-d7dc9d4d9ba0	1131	1335	154	44	founded
805a1f47-c9c7-4df0-8b6b-a788fba956b1	1291	1335	43	44	by
2b2b9576-f140-4f45-bac6-5325f28ead63	157	1376	97	41	devil
d7e4f342-9a01-4729-b907-7e67b1f6f11f	157	1376	97	41	,
a8356dbd-d81e-4874-abaa-02a3f69a04b2	259	1376	87	41	147
23123899-f7b0-474e-93e6-a140da6695e8	259	1376	87	41	;
af2cc607-1896-4f60-a1f7-21e2fb3a6045	352	1376	118	41	things
85b399b4-f8fa-428e-bbbd-bb565859384f	474	1376	92	41	shall
4ee19935-5351-4687-91a0-f774c7dcdd98	572	1376	46	41	be
ef36659b-2192-4cd2-ba91-eaf6058fcf0f	623	1376	159	41	revealed
e9f1220c-26d8-422f-b561-ca3bef0be0f6	623	1376	159	41	,
1b9ea1c4-6eeb-439c-a9da-a04b849ac985	787	1376	87	41	160
9db34dc3-5d54-46a0-a9e5-34f810c016d0	787	1376	87	41	;
2644bf44-beca-4c73-a83e-619e346d7f90	879	1376	123	41	works
4dde7513-9255-48c8-8490-4cbf18a6e2da	879	1376	123	41	,
538a2560-54f8-47e7-9ddd-a0cc0d41c738	1007	1376	87	41	440
2b3b85cd-6653-49ea-b745-76422607d964	1007	1376	87	41	;
fb8a35e9-d0e1-4ae2-8528-a5102b093371	1099	1376	237	41	combinations
1396525f-620d-4f5c-b0d0-6fe9df7b8dae	1099	1376	237	41	,
1ba460c6-6e13-49ca-a577-d095c6da60f6	154	1416	188	44	judgments
d0b6b411-4f8c-4f08-920a-da45654c85e6	347	1416	49	43	of
d05a5961-c0ba-426f-8100-1b072f030505	401	1415	81	43	God
654e6fe1-7873-4d98-9ece-ba8f9da7fb88	487	1414	102	44	upon
1a58cb7e-0b42-4853-b8a8-fccba21326a7	487	1414	102	44	,
d71f539f-0efe-47c1-9746-f5279ca44e4e	594	1414	97	44	441
48055ec2-8256-4463-a93b-47dc4fbbefc7	594	1414	97	44	;
2a686710-ed88-45d0-aa09-8d7502add16e	696	1413	108	44	plans
3f74c674-aa8f-4b1a-b1c4-3ae80b00e7c4	809	1413	49	43	to
cbdb85f8-280c-47f5-a65d-e80c15ed53ad	863	1412	49	43	be
0ac69ccf-184b-4f62-9808-9126d72ed3b2	917	1412	92	44	kept
6e5f0881-9344-4be4-b6b9-926ee5512989	1013	1411	97	44	from
016c6320-3bfb-47a0-9347-21adc360d0e2	1115	1410	129	44	people
7d8c5365-7a7d-4cd1-8278-e98b454adbd7	1115	1410	129	44	,
cd8df8e7-48e2-4678-97a3-f1f01a5fa3f1	1250	1410	87	44	441
e96f9f8a-fca4-4cb5-a20b-6683fab9cd59	1250	1410	87	44	;
9258845b-555f-4c48-86d9-aa26f1af14b1	157	1451	97	41	plans
37e6a26a-4946-4262-8fab-d72ee434f4f8	259	1451	46	41	of
4294c8be-fadf-48bc-aea7-0575858b3beb	311	1451	200	41	wickedness
b8fc2360-4aec-4f0b-a82a-10672373f914	311	1451	200	41	,
350c3b12-f7e6-4b3d-a31f-37f6f37cd3b5	515	1451	82	41	seek
5602dd3d-88ca-4336-9143-e1d011431531	602	1451	46	41	to
14dcc9bd-76da-4e13-8f69-508577c67c4a	654	1451	133	41	destroy
f9985a6b-9472-4a48-b452-15031f4bdef6	792	1451	215	41	Coriantumr
6ef4a3e0-e7e7-4e28-a1a8-86c3de38c1d0	792	1451	215	41	,
a6a6011f-d755-4e86-92e0-5f9bddeb5533	1012	1451	76	41	751
a1466f1c-022f-4a3d-a737-56f2031cbf11	1012	1451	76	41	.
b5d22e9a-8d2f-430b-825e-c75f96ec0a99	119	1495	98	42	Seed
33888445-b534-41d4-806b-0b1b82ebea6f	119	1495	98	42	,
4c437319-0342-4ec9-938e-7057e46d1022	222	1495	46	41	of
451ac6e8-27d7-4961-99d0-86b33f163f4c	273	1494	113	42	Nephi
93b725a3-b2d7-4c04-a853-0666070ced23	391	1493	77	41	and
18920945-c8a5-461b-bd0e-3212604fbc26	473	1492	164	42	brethren
d982e270-a1fb-4f32-a698-8d0a30d36106	473	1492	164	42	,
db25fb07-60d7-470c-86fc-010ffe922535	642	1492	67	41	30
c8fa2533-9b64-4237-aa57-0f5453f205ba	642	1492	67	41	,
023b91c6-6b08-4eac-86e8-6077f6123cd5	713	1491	72	41	44
fd21a2e0-f043-405c-b419-8519cae34dd9	713	1491	72	41	;
1e65d634-255d-4430-9c2f-12925398e118	790	1491	51	41	to
5d3c2035-4afd-482e-95a9-a2beb009e4bd	847	1490	133	42	become
3256ecf9-348d-4061-8cce-2736b94a9397	985	1489	92	42	dark
e6597968-01a4-4d9a-88ff-9f72b850e7a6	1082	1489	77	41	and
87481a80-cefd-4a58-9bae-181ccad2b57f	1164	1488	173	42	loathsome
3ffe7827-5ad7-4a77-ba2d-a589d669869b	157	1531	123	42	people
94bffca9-68d5-41f0-a0cd-85f83b049eff	157	1531	123	42	,
31b5b32c-e88a-45f7-be4c-adefdeb15b8d	285	1531	72	41	33
fdbabbad-c336-469e-8117-0d8fa91efb83	285	1531	72	41	;
08a3615f-76cd-4ade-a534-fa7cbf4ca57c	362	1531	46	41	of
1a3b8df9-0388-4b82-bfe5-723ef05cb5f4	413	1530	113	42	Nephi
c119785b-f1e2-4911-8d0d-d7d5e190467c	531	1530	46	41	to
b5968459-3615-453f-81de-0d3b4db797f3	582	1529	103	41	write
66451049-3218-4ad4-94ef-ade8df90393b	690	1529	103	41	many
4955d408-5bd1-497d-9e03-affdc030a08b	797	1528	98	41	plain
8a097e71-e7f1-449b-a684-c58c28696ef4	900	1528	77	41	and
596ddca4-bc67-4cf6-b125-9fa880d4453d	982	1527	149	42	precious
4daf91ca-5b7f-4001-a97c-50ff36def263	1135	1526	128	42	things
6859b115-9194-4334-aa75-111982920cff	1135	1526	128	42	,
81d19c87-c86c-411b-be42-359795873462	1268	1526	46	41	37
8d115cd4-91a4-46a6-89b0-eb4c6e3bc523	1320	1526	17	41	;
44de8ee0-2670-4e85-a881-3fc14a50a76d	157	1568	46	41	of
63234d90-8313-42e5-a381-e84475666cdd	208	1568	123	41	Joseph
735df6e5-eff2-4fee-b061-573f80635c9d	336	1568	67	41	not
ecc2e99b-7257-4086-b45b-728382479704	408	1568	46	41	to
c7d6589f-0d3d-4a42-a8cc-a12fa854ef47	459	1568	46	41	be
c364fe8e-0102-4af8-b631-8a98ec48285d	510	1568	184	41	destroyed
346fc7a0-6535-410c-b3b7-cca5fab53b6d	510	1568	184	41	,
0ed636ca-4df5-4a6f-9529-e1a9d2504b24	700	1568	72	41	87
499cc55c-ac68-43da-bba5-d77caf087d16	700	1568	72	41	;
a1db96dd-0925-4c19-8ba1-a859cc6bed98	777	1568	46	41	of
01b4b0c0-a7b9-4146-afd5-bfa96679db7d	828	1568	128	41	Laman
f60be15f-b358-415a-8099-6190b9f43750	961	1568	67	41	not
3b37c20e-7598-404a-8ac0-f59734fc081b	1033	1568	51	41	to
51edfbe5-ab03-461e-9447-69014abeca7c	1089	1568	123	41	perish
514a6a25-57f2-477c-ad85-050337a391ed	1089	1568	123	41	,
d6b44add-53f7-4786-99f7-36769b95b182	1217	1568	72	41	91
1a91b1fb-54fd-4fa4-bbbd-478b8954ac5d	1217	1568	72	41	;
dc075a6d-f044-45df-b98c-3bc25dbec47c	1294	1568	43	41	of
6c486e78-a9da-45d1-99de-5c3059067473	160	1606	129	41	Lemuel
483339e8-51ef-4038-b206-658d8dc571f7	294	1606	67	41	not
4194f51b-c2a3-4e68-96dd-4c4a0cbf276c	366	1606	46	41	to
263d2299-352f-4339-af9d-f7cb338d50f5	417	1606	51	41	be
6cd4b90b-527b-424d-bf74-56116a72532c	473	1606	179	41	destroyed
6c7c37f7-7281-4eed-8c63-b00b7dbef474	473	1606	179	41	,
808fa875-ce68-4bfc-8ee0-bf404b0404b7	658	1606	72	41	91
2bc99eee-319b-4e5f-8aeb-97555ba6b9a4	658	1606	72	41	;
97f569d9-1f2d-4a12-ba24-ff45ba95fbb9	734	1606	51	41	of
14d425c1-fda2-4c78-aea1-f73358bdd220	791	1606	87	41	Sam
cf5839ac-3121-46ff-b6c5-51e0982a884b	883	1606	138	41	blessed
54dbc634-8fd1-47b9-89cf-878cdc674ead	883	1606	138	41	,
70d95251-8ab6-4080-918b-6b048ebd8f1e	1026	1606	72	41	91
a0fee5c1-03e4-4bf6-a112-9424776da95a	1026	1606	72	41	;
7c3ca762-06f6-426b-8fa2-5ab46fa73eed	1103	1606	51	41	of
37d3e959-55c1-44cd-9b6a-fb79f1ffdf1a	1160	1606	174	41	Lamanites
35423b6e-6349-4d64-85ec-185cfc615597	157	1647	50	41	to
e39aa953-6101-4a3e-a398-1a39483a20c7	212	1647	55	40	be
e0e2adc0-f420-4d60-a00b-a29fd5ec9cb3	272	1647	135	40	cursed
ba0877a0-9287-4533-9103-0fbf275e07b3	272	1647	135	40	,
485e1bc5-e857-49cf-bb1c-920b1fbd68a5	412	1647	75	40	97
25f3fa53-cc25-4013-8948-2a9b17f09001	412	1647	75	40	;
c32e1238-156c-4ed9-9304-916a3e76497f	492	1647	55	40	of
2a7fb5c1-6cdc-42c9-b9ae-f91826fd643f	552	1647	115	40	Nephi
8c1bbeef-0a36-4132-993e-b8e77a84c9c9	672	1647	50	40	to
c790b4a4-0f9a-4a38-ac11-f51148811e18	727	1647	55	40	be
aa9ad8c4-865a-4d87-a72b-b7ea9cbd0697	786	1647	225	40	remembered
a9134044-30b4-4bab-9c03-016a420517ba	786	1647	225	40	,
b5113e17-f003-447f-b2d3-7605f8982f32	1016	1647	100	40	156
8a975ea7-c4fb-4c58-845e-42b218b8bc24	1016	1647	100	40	;
9ea929a5-3ebd-411d-8b47-52eb4ac8aff5	1121	1647	160	40	remnant
60a78cb4-d4ee-4e5b-a7b0-1726bb7aae94	1286	1647	51	41	of
ca544cd7-4751-45ed-92f0-cb978f8d57d1	1286	1647	51	41	,
12b05ecd-8895-45b7-89ba-bf7a8641ec1c	157	1684	97	41	shall
51da484f-6775-4600-91ae-6f102852993c	259	1684	113	41	know
2681c608-ef2d-4767-9ca8-9e4e15498e75	259	1684	113	41	,
d7c266a8-0583-4474-ad5f-c2dcb7ded847	377	1684	97	41	159
9465b7a6-e847-4ff8-a20c-8e4a188d5e03	377	1684	97	41	;
3ced76a3-d72d-4d9a-8792-907d2b9ec91f	480	1684	51	41	of
d749132d-ffe3-4e7e-951b-c9a4c7f4889f	536	1684	113	41	Nephi
2d721da8-e4f2-4823-bce9-eb455c1552fd	654	1684	51	41	to
f08d6550-0231-443a-a390-bec4fd1635e2	710	1684	56	41	be
ae5d2d95-d550-4c89-94eb-7c7341c4cf0f	771	1684	154	41	restored
a9320b9a-cf8e-4704-81e5-77c4354e7f58	930	1684	51	41	to
16dc0433-35d1-40e3-8363-2563574cd212	987	1684	189	41	knowledge
f72d3aa8-d9aa-4369-9902-1a6c167b3f9f	1181	1684	51	41	of
4999e338-87e7-4866-ba47-7ae4fe304e1a	1238	1684	96	41	Jesus
b3b0bcf4-823d-41d2-851b-95faf9002e9d	160	1725	129	38	Christ
b0ccafb1-b456-4456-8ef5-e39b80c3c063	160	1725	129	38	,
846b9fef-dcdf-4877-a8b8-50a4203c77f2	294	1725	95	38	159
62cd5355-efd1-41c1-8edb-bbf8152d75b1	294	1725	95	38	;
a6a60ce5-e1ca-409e-9f77-e13d4f2490da	393	1725	52	38	of
5d202c0f-b85d-4974-94ca-bcfd303632b8	450	1725	95	38	Lehi
20a80722-d059-42ec-80f1-fbac6c815828	550	1725	100	38	shall
31b7e010-2580-4ca5-bef3-cb325a38cce3	655	1725	133	38	become
aca85705-9f31-4791-a97a-54fa4b7d4dd7	792	1725	114	38	White
2e84baed-136a-4e6e-a746-5e53a0365553	911	1725	81	38	and
1586b1ea-5516-46a9-bf57-c3d77444b82f	996	1725	214	38	delightsome
166923c8-a470-4580-92fc-825288becfe9	1215	1725	122	38	people
8cde8258-c4aa-4f24-aac3-a9dc61e9bdc6	1215	1725	122	38	,
dad7c2c3-8e60-4773-9698-edd6194e5d8c	157	1760	87	41	159
2960edc3-0386-4b3b-9add-39ec2f439a9f	157	1760	87	41	;
c6c3cf0d-db31-4d25-a1dd-7007862b0f6a	249	1760	256	41	commandment
4544cf17-e09c-43dd-ac74-7b70affe68bb	510	1760	189	41	concerning
c5f6e11f-6c29-4abd-80b4-ce8642c52a17	705	1760	133	41	raising
a270e0b3-adcd-4ff2-ba42-9b7d43aea146	843	1760	56	41	up
03eb9801-d28d-48f3-85e1-409b14d6f656	905	1760	56	41	of
88789207-5c5c-4cc9-933e-47eab6b35692	905	1760	56	41	,
9f2ac82f-0590-41b1-8cbd-fe9234102a73	966	1760	92	41	172
35dfb714-8382-4971-944f-d16d289eaa85	966	1760	92	41	;
9a5ed495-123b-4dda-8b31-bcfd062e2f67	1063	1760	51	41	of
fe728239-7023-4756-bd2a-bdbdd6ab93c1	1120	1760	128	41	Christ
17c83b98-9b8b-4f81-8701-d2155078f464	1120	1760	128	41	,
698b64dc-51b3-48f3-b11e-7f9267928229	1253	1760	84	41	252
4f77c1e2-ee93-4228-8951-17ba1fab9426	1253	1760	84	41	;
61bfe270-4515-42fe-8e29-baab3da08593	160	1801	44	44	of
78f01197-e50a-4b99-b8f6-1d1b80ad1af0	210	1801	181	44	Lamanites
c908169f-1e0b-4144-a409-13589a790d9a	397	1801	242	44	distinguished
bd9a0351-c04d-428d-9bcf-f36b509d8dad	397	1801	242	44	,
bd212e61-8e95-4f13-b65a-d9196504b7d0	645	1801	93	44	308
ec0d3c24-14bc-4c9f-b3c4-bc85bf61c874	645	1801	93	44	;
17589903-14d3-4b10-9cc4-8e00de3e77aa	743	1801	49	44	of
cd2794a2-0f1c-4c9e-bf69-71c06a384511	798	1801	104	44	Jared
0a4518b2-adf6-46b0-b6df-ff0b05245680	908	1801	77	44	and
647551c6-b02a-46b6-a2d7-a0cb0fc3501f	991	1801	60	44	his
0c8fa619-38c7-4114-ae2e-2cd868861abf	1057	1801	137	44	brother
02e93b0f-9917-448d-a4ad-617732181325	1200	1801	49	44	to
20fbc83a-304e-4192-a0b8-6ae788d16036	1255	1801	49	44	be
f181fcb0-470c-4afc-9ae9-3d62c5554ba2	1310	1801	24	44	a
d96e0e8e-6e5e-46cb-aca4-5da49608abae	160	1842	95	38	great
f360af14-dd56-4e27-a948-1656e8d010e3	261	1842	133	38	nation
3601f1fd-6fa8-48c9-8d70-4ff21e6f7cd3	261	1842	133	38	,
3a0a932f-5e2f-4b8c-9395-9404e195477c	398	1842	74	38	716
8ec5af5b-d9bd-46b0-a8dd-1647a6cc1983	398	1842	74	38	.
7e17e888-9eb5-4f72-a645-a385450eca07	123	1882	108	42	Seeds
b1cce4c9-ab94-46fa-8a85-ec0bd7e138f0	123	1882	108	42	,
616bce8e-756a-4733-87ab-a515e00f531b	235	1881	169	42	gathered
c6e430b3-b301-40d1-8518-3a400f2853e2	235	1881	169	42	,
4bf29809-c013-4470-aa1b-d04e3713b26c	409	1881	72	41	19
def95afb-f90c-419c-ae45-78215cd660ab	409	1881	72	41	;
c5709d11-e8e8-4af8-9449-7f97ce566827	486	1880	108	42	taken
36bf5805-1fe2-441f-b9ab-edf8b0d39cb0	599	1880	82	41	into
678be28c-68bc-4d60-b110-706990ddbb4b	686	1879	200	42	wilderness
74fa81ed-3039-4234-852d-4acd6891128b	686	1879	200	42	,
43b001ee-14fd-4e18-89f1-6ecabf6d179d	891	1878	72	41	48
c1d1ae3d-5ab6-4791-9ed3-f874cdfb4625	891	1878	72	41	;
8879cf5c-2604-4bf0-b5cd-c4d249aefd73	968	1877	108	42	taken
30ae89fd-16a2-4173-8de9-5411f4401769	1080	1877	82	41	into
779749c0-2fc2-4544-bf2c-6827df00a58e	1167	1876	98	42	ship
b25d7387-883a-48bb-a560-7a5a5aa0535c	1167	1876	98	42	,
5d17d25a-d7ee-4bf1-8e90-0bd39963fe80	1270	1876	67	42	60
4dcc100e-a44a-4244-a051-19c6abad431d	1270	1876	67	41	;
bd17d304-64b3-4ea2-a428-bd41f1f2d7fd	157	1921	96	46	sown
8f84c600-72b6-4c91-90cf-7ad014cd1055	258	1921	51	46	in
87ea157f-c032-4aa6-94ea-3b10866c5352	314	1920	90	46	land
900809cf-d116-49ed-91af-8ba2f61f7713	410	1919	45	45	of
cb574ac8-c531-4c9e-903e-845dd3d92fd8	461	1917	152	47	promise
31149708-4a51-480b-9eb2-4dbf0bbe8c5f	461	1917	152	47	,
1f01fe5c-6c97-4494-9333-2d89d616b3bc	618	1917	74	46	63
53234f7f-51fe-43ee-ad54-2547ed669382	618	1917	74	46	;
5dd65ad4-274d-4ce4-a402-525f26c7e8c8	697	1915	130	46	reaped
96b660c0-d64c-471b-b570-be6b0b092fbf	832	1915	45	45	in
5c4abe77-18de-46b7-aeab-d2f7877cf786	882	1913	203	47	abundance
ca172520-09e1-4393-8391-99b3511ac748	882	1913	203	47	,
a0939bd9-7f6b-4959-8e48-58f08c98cd7c	1090	1912	74	46	95
4ff923f1-fc4e-42c2-8ee1-9c146991925c	1090	1912	74	46	;
dd584a85-054c-45fd-a31b-40fd9182885d	1169	1911	124	46	people
766fdf23-4244-4172-86e4-9a8a9263afb9	1298	1910	39	46	of
8c743b4b-54f9-412a-8629-b2a17856702c	160	1958	103	41	Zeniff
e3044b51-1a9b-4cfa-b39a-34a902b6ebd8	268	1958	97	41	plant
0066eeba-47f1-4836-b150-75895da1d58b	371	1958	51	41	all
89bbe28c-f2bf-497d-9813-93002606d86e	427	1958	108	41	kinds
cd3451a6-e861-4860-b1d8-d2572da2d1db	540	1958	51	41	of
cac21c44-d567-44f3-b26e-8e5a379694fb	540	1958	51	41	,
77cdd8e4-840d-41ec-8cff-e195a59b7022	596	1958	77	41	235
44bf694d-369f-49c9-961f-0f3195846698	596	1958	77	41	.
dfd9d14c-a368-46ae-9618-b1ba0addd6f1	123	1999	98	42	Seer
ff55435e-efc5-4ec4-a94f-e306718bbe8b	123	1999	98	42	,
bca02306-19d7-4884-8615-35718e6ac872	225	1998	128	42	choice
af6f3556-a6d4-4dbf-81c2-cfa698470ca4	225	1998	128	42	,
622bbc36-0ed8-430d-819d-f910af42fd32	358	1997	128	42	raised
cab3a715-242e-4f33-8d0d-45ce0230aef5	491	1997	67	41	up
bc229282-af5e-4ffb-8dd3-cb0bd1210689	563	1996	51	41	of
098d5a40-2ff0-48d9-ab76-60c1d0332849	619	1996	77	41	the
0f53292e-fa56-4a90-ba34-e312ff610da0	701	1995	103	42	fruit
682886cf-5a59-4169-9c04-373e3e5087e3	809	1995	51	41	of
b3ce2a04-5e15-4932-bb7c-27f783030d61	865	1994	77	41	the
00613c04-3b7e-461d-97cc-172f710c7e2c	947	1994	108	42	loins
c308b45a-31b7-475a-a589-b657b889a069	1060	1993	51	41	of
b5b7aba2-cdd5-460a-9dc3-60d9478bf9f9	1116	1993	144	42	Joseph
81e67826-80c6-4f92-8d01-a085a463841b	1116	1993	144	42	,
91d7cf19-a9a0-4de1-8c70-5f4a77660a42	1265	1992	72	42	87
59dd7d62-3da9-4e2a-8123-a06792709f13	1265	1992	72	41	;
76fb1424-07c7-4f6b-92a0-5f0a05bdfc48	160	2034	133	38	Ammon
d90b1977-dcd2-49c7-83a0-82505f16c284	299	2034	119	38	speaks
84fc5984-ec3c-4f9c-b716-bd7d621f4058	422	2034	52	38	of
2fec0661-b985-4850-975c-e432fcc2ea0c	422	2034	52	38	,
7f98214e-ca50-45c9-8a99-0d740ff8ea2c	479	2034	90	38	233
a99361ae-580f-4ab4-98ae-75b255bea9bb	479	2034	90	38	;
f8729577-f44a-4fe9-8327-e19597ad0148	574	2034	166	38	possesser
f7a394bd-147f-4bc0-8bc9-525885f75b4f	745	2034	43	38	of
572c6464-87aa-41b8-9b60-f44bda78d3b8	792	2034	114	38	stones
843763e5-4489-49d7-aed4-5598fec2e6c0	911	2034	119	38	called
ed68b82c-7dd3-48f5-be85-b37831963eec	911	2034	119	38	,
0aa0542f-928d-4e77-80d3-774bc51277a2	1034	2034	76	38	291
c33bcdd2-bbab-4b94-bfc7-0a8e701c2068	1034	2034	76	38	.
596752c9-5086-4b35-af55-c4eb7a25b547	123	2075	176	38	Seezoram
bdb1acab-ef08-4eb7-a56f-92a2195b885e	123	2075	176	38	,
e3eee74b-aef9-4d79-80a1-cbb5828f3e38	303	2075	92	37	chief
9625ab98-931d-44b4-9bac-31ae0c542078	400	2075	111	37	judge
dd4541b1-9123-4ae1-8fa8-88521b9ed5c5	400	2075	111	37	,
40bb1d1e-b817-40f8-994d-16e08cd92d34	516	2075	83	37	who
ddb15618-045d-4c4b-af1c-cf34946a8bc3	604	2075	74	37	was
2278d690-4ad3-4db8-8de0-a9e74aa00924	682	2075	106	37	slain
438816ca-6904-4371-85b3-2efa9ebbb7d5	682	2075	106	37	,
619bef07-332a-4ef6-bf9b-fddcbe733c68	793	2075	78	38	575
d1f73097-d52e-4e47-8815-91804fad1523	793	2075	78	38	.
