ID	X	Y	Width	Height	Text
22755220-b720-463b-8c6c-4366b24ca252	189	110	72	38	822
31f9f678-aa60-4aa2-8648-c9ae65aa798c	557	104	154	44	BOOK
cfbd027d-c42b-4b71-9174-cf110dabcd55	716	104	82	44	OF
387802a9-b5ca-46f7-bf32-5cdc805cde51	804	104	234	44	MORMON
efe649b6-667f-47d1-8067-25065f38254c	804	104	234	44	.
a440644c-8fe3-4da1-b0ab-67f8b62eab64	186	179	203	45	Zemnariah
593e69f5-d524-42d2-bb75-dcf627b0d57b	186	179	203	45	,
32b2fbfd-079f-43a3-91e2-d1097f70c449	394	179	118	45	leader
eaaaab4b-1d9b-4c6d-a3e8-7772d48339fe	518	179	56	45	of
9241aa48-955e-4e3a-b9d0-311b09080aa5	579	179	214	45	Gadiantons
cc7dbd25-2fa4-443c-a0fb-237b83cac278	579	179	214	45	,
9e86fa5c-52b4-42f1-aba2-90a3c169ad96	799	179	96	45	612
6d4468e6-45a6-425a-a74f-e0f075b2cd66	799	179	96	45	;
903a28b8-6365-495d-abfc-44100a885338	900	179	169	45	attempts
eb7ba9f6-ab9b-4207-9a4a-43b0038cca02	1074	179	51	45	to
88ebb161-5959-4854-b2e8-f28f5fc6e04c	1130	179	180	45	withdraw
8e209d60-bf6e-4186-8909-8c22d47d4fa9	1316	179	81	45	from
95c1ed1b-ccdb-4e25-8395-554494704528	223	224	101	38	siege
9c4b66dd-4214-449e-b057-360b609f7e50	223	224	101	38	,
260d2061-b421-4057-b4a7-2750655d9f99	329	224	199	37	surrounded
1f9d8b48-d9eb-4045-b20f-c6e74165a7a2	533	224	51	37	by
6d012681-e131-44fc-a0fa-aedda4aa96f8	588	224	166	37	Nephites
37b49a0f-3e72-4e13-95fe-30bb4587b894	588	224	166	37	,
5d08a93d-f324-4938-8cfd-67d5555a3364	759	224	139	37	hanged
d787c074-80d8-49b5-a3dc-ce90366d05a2	759	224	139	37	,
ee5ca5cd-66dd-4c23-b1b9-aa64c6c919b5	902	224	79	38	613
842aaa80-5e9a-463f-91b5-e6329f4b34e5	902	224	79	38	.
f0866c7c-f2ab-42bf-b6fb-5a75c583eef0	189	261	149	41	Zenephi
ccc16e98-40d5-4e72-9726-ac2d2f18fe3f	189	261	149	41	,
a0f36c88-9a18-4a38-aa45-0e32b673bd52	343	261	102	41	army
2b39b75b-db21-4f13-89f9-b8f8590e1aad	450	261	56	41	of
95d91d0e-0a5e-4a83-a4f4-b4fa8998b765	450	261	56	41	,
2dc9e60b-a7a1-4868-8f52-085df8b12ef6	512	261	80	41	773
7a0bcf5d-a598-4164-a3a4-bd5fcf962161	512	261	80	41	.
fde0ac38-aa16-4fff-beff-7e6627553e4c	186	299	113	41	Zeniff
abccf4cf-a2fb-4d89-b625-cecab0f5e1a6	186	299	113	41	,
6dec03d2-1096-4e2d-a210-9dc0b7226586	304	299	77	41	who
ea7483c3-9ed9-4851-946a-ec5c179a970d	386	299	92	41	came
e17fa33a-4c04-452b-a73b-41c80fdb69fd	483	299	87	41	from
807b956f-555f-432b-8281-b4d9705fe272	575	299	195	41	Zarahemla
66893afb-8dde-45fd-9515-6fc12f2e9262	575	299	195	41	,
5430b4e2-febe-4521-ac52-0b9f429863f5	775	299	87	41	227
b8ad3816-bb5c-4f35-9635-bdf628ef90ac	775	299	87	41	;
f36d349f-b459-40f7-82a9-303b469aacad	867	299	128	41	Laman
9bdac7aa-c46d-4b06-a241-9ee4903c49c0	1000	299	108	41	enters
662fae48-3d13-45d7-8872-a7e610780f07	1113	299	77	41	into
efd46ae8-5470-4bfd-bb2b-100947ff6881	1195	299	113	41	treaty
c37a257b-be64-4784-98b1-5d3a1731fd9d	1313	299	90	41	with
2787f3ad-47d3-47ba-ba22-8f80c2428d83	1313	299	90	41	,
2ed00c4c-e4db-426d-9c24-03fc30006af1	226	337	82	41	229
c8ded21c-7b9e-4323-af2b-3799803fbf9f	226	337	82	41	;
b18adbf4-d16d-4ab7-8ccc-d6f21686bd0e	314	337	118	41	taught
f6c25daa-841f-42cf-827e-2cb6fc4a5cda	437	337	41	41	in
84ea0d7c-adc3-4c81-84cc-beaff8d47be9	483	337	159	41	language
99f26c3c-4a95-4664-9afb-7bd4db8e72d6	647	337	41	41	of
8c315d07-d916-498d-aff4-cc352caf60cf	693	337	164	41	Nephites
1feba331-9fdf-4a71-9a91-baa1425e0770	693	337	164	41	,
3fdec51a-0dc5-4146-8dcc-31a861de6e66	862	337	61	41	234
3cc139d7-ff42-4a3f-9736-8232593b751d	928	337	20	41	;
d4740676-9aae-43da-99ab-70c25cf8600b	954	337	138	41	account
80d24895-7b17-44b9-859e-13c4020daac1	1097	337	41	41	of
466c496a-8fa9-422f-be6e-fbb63ea10c6a	1144	337	113	41	people
1936ed34-f98a-4f3a-b2fd-cf7ab11800f4	1261	337	51	41	of
27a26118-809b-4eb6-aeba-69166950c3aa	1261	337	51	41	,
6bae854e-4865-4de5-a2fa-0b4a8fd9cbbc	1318	337	67	41	234
d8e6d8db-699f-4b42-80cf-12fa87fd8d50	1389	337	10	41	;
7b082731-cfdb-48f8-8120-746a1c60c526	226	375	149	41	posesses
e5e68622-0881-40b9-9b44-1209d06ec8dd	380	375	92	41	land
2a2a3a9a-b5f9-41b3-8437-b91b993ad86f	478	375	51	41	of
8b32010e-e119-4f1e-953e-4ecda5562435	534	375	200	41	Lehi
ea622cb4-f1a5-4195-bc06-32647a361303	534	375	200	41	-
76d0b90e-ffcf-4258-bb1e-8bf5f2f3c7c6	534	375	200	41	Nephi
87b24fa4-94d1-47c1-9df9-d4c6022cbb82	739	375	82	41	and
ba56f5de-766b-4a40-8efc-97123d4b48bf	826	375	138	41	Shilom
62c3a9f5-23af-4922-8498-625ed43aa82e	826	375	138	41	,
b64ba526-5a5e-4cc2-bb9b-84f331feea40	969	375	97	41	235
2ddbb2a6-a1c7-4e03-8cad-c8dc629f207d	969	375	97	41	;
bd593305-9b70-4957-929b-89be08384a8d	1072	375	123	41	people
46528714-3e69-4547-8b9c-77995420925d	1200	375	61	41	of
c82c0593-959e-4141-b944-15589dbf4cb7	1200	375	61	41	,
735613ea-ce10-430c-959a-f784bc2db765	1267	375	72	41	till
91079662-b22c-4af3-9219-06d3960abb1b	1343	375	56	41	the
17e59cd7-50dc-4e55-8814-f056139e8c72	226	416	135	41	ground
25fa0dd1-7000-4fe4-8a07-c360d74ffa78	226	416	135	41	,
c516da40-4f03-45a9-bc33-23648c4f498b	367	416	95	40	235
e73a4282-27ca-4be9-80db-6961b72acf70	367	416	95	40	;
6cf4ea5f-3d4e-458a-a26f-b8595a03b342	467	416	125	40	people
b20f5936-3b16-4341-b9ff-1bdae093c0c9	597	416	55	40	of
a54727d8-9091-4b24-85b1-ea08b9f793e5	597	416	55	40	,
86876f4b-31e6-423c-a2f2-7e9afcfbde99	657	416	55	40	in
c72c83c2-e68b-4c77-8040-5eeb58d721bf	717	416	80	40	war
f0bf7885-810f-486c-8d67-022636d3692f	801	416	95	40	with
8ef634a7-e897-4783-9344-b7d2d7cdafe2	901	416	195	40	Lamanites
e959d312-ecfd-4248-9eb1-f8c93a39355a	901	416	195	40	,
0a205807-5bd1-4c02-b2f9-3905c4c685e1	1101	416	95	40	236
8f2d6696-df99-42da-bfff-e7b926248c53	1101	416	95	40	;
064ce1a4-9bb8-408b-b084-07df0ded56e6	1201	416	90	40	goes
229996a5-6c49-4edb-aa5c-63e5454ab9c5	1296	416	60	40	up
5d3e1449-d686-4ea6-9428-ad1a78b5cc2a	1361	416	38	41	to
ca228b98-4cb1-434b-8058-595bd09f108e	226	453	103	41	battle
02d4bec2-5929-4acd-b017-d5de369ee8aa	334	453	138	41	against
65549879-fcb9-462f-b21b-5d93dd6ecbb2	478	453	189	41	Lamanites
2bcbe1a1-8ae8-4b6a-a9d0-478d8d46bd2b	478	453	189	41	,
bddd37f7-ee6a-41f5-a803-0344bc68e230	672	453	87	41	237
bdf50e6b-245f-421f-8846-3470210f0a11	672	453	87	41	;
0ea29ea7-8c62-4cbe-8115-3508c4be3f21	765	453	123	41	people
ffa536df-e8cb-4da0-8d50-db8f1228337e	893	453	51	41	of
cd2085f1-aeec-4e22-8637-c02383db5eb8	893	453	51	41	,
fb313961-1188-4a59-8221-1b59a05ea320	949	453	82	41	slay
47e87d05-d757-4300-a3b7-db5bcf375573	1036	453	189	41	Lamanites
ed9ef68c-0be0-48d2-ac83-d02997bbd2d0	1036	453	189	41	,
bca43116-08aa-45c7-a0d3-50ed3365b6dc	1231	453	92	41	239
f8ab1fec-b9b2-4650-a0be-ea56150acebe	1231	453	92	41	;
75246158-72c6-4dc3-af38-6026c24e0735	1328	453	75	41	con
9f6204a1-31a5-4117-a4fc-4c07b7c2dcb7	1328	453	75	41	-
549b5df0-3374-4527-ae51-2ce9322c2986	226	491	72	41	fers
19a5ab09-e719-41e5-be99-21196b09ab4d	304	491	154	41	kingdom
9b9c5800-f783-44b8-902a-7123a7091df8	462	491	46	41	on
bd559696-2940-4b66-aa4b-9620f201b8c0	514	491	67	41	son
c89255c9-469d-41bd-8b25-2c57766d93d4	585	491	108	41	Noah
8602747b-58de-4516-b631-b0101f47a10a	585	491	108	41	,
23c9ca86-64fb-4e51-9167-b02cc0d4a605	698	491	87	41	239
ef7f472a-be16-43fa-9c48-c1b2ed5cd1ba	698	491	87	41	;
46f4ba44-e2e2-4340-b60e-609b6f74b5c3	790	491	133	41	records
d7337d79-2297-4b66-bc5d-0db79631066c	928	491	51	41	of
eacb22ec-25cc-41f6-b9a2-0927d682c922	928	491	51	41	,
52116d3f-dfbc-4cb8-8a72-067c9f9a1e38	985	491	82	41	read
e79421b5-f8e8-43f5-b5f5-22f9d2467384	1072	491	51	41	by
9e64ca2a-6b9d-4bd4-9047-221dab1188a1	1128	491	138	41	Mosiah
bf759051-b2f4-4218-9c08-000407bf6fb2	1128	491	138	41	,
654734c2-1755-4307-80f6-90c6b5114b44	1272	491	78	41	279
36db4968-4bd1-44f8-8c1c-86fe3a3809a5	1272	491	78	41	.
f7bd5ea0-bd21-46ed-a33a-44de9f17bdba	189	532	132	44	Zenock
10228682-0aba-4ff4-82c0-79fb70c21596	189	532	132	44	,
5380e296-a1fd-43b0-9757-460326703116	326	532	115	44	words
89b04dd4-1986-480a-b914-7639a7159499	447	532	55	44	of
6fd6cd23-c951-4215-ac82-cb6b8dfe91c6	447	532	55	44	,
8ac7f96e-d930-4609-972f-edb4a59f70ac	508	532	66	44	65
2c601eff-0d8d-49d1-ac62-bb7c3f60be9d	508	532	66	44	,
e6c5b135-ab36-48a4-90ce-67a63ae69f05	579	532	88	44	427
166aa955-ed7b-4038-98be-275a654a494c	579	532	88	44	,
1027de4b-3ba0-4fed-9619-bb64d9db5c64	673	532	88	44	428
4a0021fc-6a47-4c9c-9f9f-4db36439933f	673	532	88	44	;
8bf18e9d-9bf2-44da-94d5-2d2f321cbf5f	766	532	192	44	prophecies
8822430a-74b8-438b-bb3b-89f20d538031	964	532	55	44	of
69260cb4-e58c-48b6-b491-94abe635440e	964	532	55	44	,
f033e6db-8b8d-4a3c-a5f6-e8da03b8848d	1024	532	80	44	630
dea75222-d7cb-40fa-ac1b-0aaf9338ab16	1024	532	80	44	.
b66b067a-538f-49ab-91e3-2e313f42bebf	188	575	111	39	Zenos
31e3d9c8-fab9-43f0-852c-56a4df3afeb1	188	575	111	39	,
a0946442-fb09-4772-82ef-7316afcc2af7	302	570	138	41	words
1d0a9ffc-7134-4a43-ba8b-3ed89316fafd	445	570	61	41	of
257112ba-daa6-4f3d-b197-d9e083491f21	445	570	61	41	,
6d195b83-17e0-4c1e-8950-09cd5e073f00	512	570	72	41	65
8f309db3-777e-4c43-aed5-8ffc6ed26fcb	512	570	72	41	,
1780695e-db60-4d0d-83e3-5b0a3e16c0b5	589	570	72	41	66
64cd5faa-7f35-4ed7-b3ec-1f4be7db8dae	589	570	72	41	,
a18c893d-0b13-4208-afc8-df606fdfe54e	665	570	92	41	177
82cb7d96-27a0-4ddc-b0a2-b2a11ef5aab5	665	570	92	41	,
e2a58271-39b7-431a-bbd4-ba62a7a9de9f	763	570	87	41	426
afb0ad0b-fe47-4337-9bde-af6106251c3b	763	570	87	41	,
d1a0fb4a-4508-48da-9e45-5be959d7e03c	855	570	108	41	428
449fd054-71c6-4494-a29e-9c02dfe9f9e9	855	570	108	41	;
8c4ebee0-7fa9-4064-b3d4-85bd52ea9fa8	968	570	200	41	prophecies
afd036f1-7389-467e-a246-85c0a17c0844	1172	570	61	41	of
3956a4f3-a961-4e76-a0cc-57d7872186f4	1172	570	61	41	,
d547ec8b-44f4-49d1-97ce-901f39a8e538	1239	570	72	41	66
59311d49-9a48-4438-957f-c0745035fb77	1239	570	72	41	,
9dc0a595-d35a-4007-9ac7-fbdb7b88a1ec	1316	570	87	41	630
401e6d66-b4d2-4b02-b6ed-80f56e9052ac	1316	570	87	41	;
2d21a7d4-d55e-4a2c-8705-b64572fbb3a8	226	611	185	41	prophecies
d6a8d737-cf38-4e5a-bd17-d14f9500d7e5	416	611	56	41	of
d7002ad3-a906-4c1c-a16f-5047a4b8c9f5	416	611	56	41	,
7d7556c2-d261-40c8-a6af-55366098fa57	478	611	51	41	to
83da3f9b-c8b9-4055-9042-ef0db5c45d86	534	611	97	41	come
744a58b7-bdc1-487f-a1a5-aaf24fe5fd6f	637	611	46	41	to
0a005172-f92d-4081-a580-ebe8cbf80d93	688	611	97	41	pass
b19304da-c5e7-460e-a154-512f0cf4e1ac	688	611	97	41	,
2430a3dd-0b75-4060-ad89-6bff22f74a38	790	611	81	41	188
2379b414-0680-407a-ac41-14d839fd4ef0	790	611	81	41	.
a6c797a7-e0a8-43a2-8584-c0f2bd59433d	189	649	220	41	Zerahemnah
2c57e3fa-e91c-42cf-a805-04afe9f4f2a5	189	649	220	41	,
7c6eb8af-f8a4-4016-8f9f-e15af1a43966	414	649	120	40	leader
54e61216-b3a1-4f4c-ac39-d76842b6e85b	539	649	45	40	of
5595f409-5133-43f1-b188-b7c48d0bd239	589	649	195	40	Lamanites
43bf5cf9-20fe-4809-a9d2-c1fc75d35576	589	649	195	40	,
24affd05-0830-44f6-9db8-aca8b598193f	788	649	160	40	appoints
4f7ad2c7-3505-49eb-860f-6b90f931fc09	953	649	195	40	Amalekites
a72e8b42-1e4f-407f-9e73-239974b41579	1153	649	75	40	and
ea967caf-6d04-45d8-8cc8-62f8f0d0eb25	1233	649	170	41	Zoramites
9543e757-4c81-4429-9983-f28c72c4a40e	226	690	98	42	chief
8aacfefc-4823-4f82-9105-78aab572bd16	329	689	164	42	captains
bd8dae6f-88fc-4b31-a4a7-36588e610e06	329	689	164	42	,
861bac48-afab-4a84-b188-6573471f90f8	498	689	92	42	456
6ca137bb-00d8-4bbd-8988-7dc88503a9ba	498	689	92	42	;
10f8f433-e60d-4ad3-84d5-e562c3455790	595	688	108	42	army
9f19760d-3212-4f18-b1de-ac0ba81d1c15	708	688	57	41	of
226e3c79-39bb-458d-9be5-e5599a51bb81	708	688	57	41	,
f9186c54-8a3a-47e2-8baf-538a8877f22b	769	687	72	41	not
35bdbb45-098b-494f-87f5-f8edcae358db	846	686	164	42	prepared
30f1224d-8a63-4510-9783-4aad11880159	1015	686	57	41	as
5a18cae6-792b-41ce-be85-c8b58d06a811	1076	685	169	42	Nephites
2a4460c2-859e-4b1e-ba96-09dadb199a8e	1076	685	169	42	,
fd3c7503-8c9a-4643-9600-826ad887ebe8	1251	684	98	42	458
574affa2-928d-457c-bd5e-847743ab556c	1251	684	98	42	;
00d2c430-42e1-4152-b56b-a967c6bc2417	1353	684	53	42	in
c5808265-896f-42b8-8133-cc359eeccb7f	1353	684	53	41	-
b1604aee-77a0-4250-8e7e-c793949e7bfb	569	677	11	90	a
4c087f73-6c55-4652-9d4e-d7d9b1405d92	591	677	176	90	daresea
7c51aff0-ac76-441c-9d04-caf67285ad2a	226	727	113	41	spires
0fd54890-93bb-4ab8-84dc-fce77c569de5	345	727	113	41	army
895c1985-6e70-4f15-b9f5-dbb899fb4380	345	727	113	41	,
0344cb03-7a08-48c9-8593-75d04eb32627	462	727	97	41	461
d3af9d73-621c-4b8c-8a2b-ade50805ebfc	462	727	97	41	;
ea3a0578-7825-42ba-923d-864f96f8c278	565	727	184	41	addressed
e52c2dcc-de70-44c9-a330-f5a2364b8355	754	727	56	41	by
3f9b17ad-3476-434d-aeac-348971090250	816	727	82	41	and
e25a2003-f3b8-4beb-9a9b-e3492a7d4882	903	727	200	41	surrenders
f2d32f65-7cdc-47a5-8d88-04f180b9b7c9	1108	727	51	41	to
e57cfc83-a956-44dc-a1ed-2231ea497246	1164	727	149	41	Moroni
9ea91d5f-9ca0-4631-9258-4db2a6c474db	1164	727	149	41	,
d1cf0b1c-1136-453a-a8c2-b00c855d594d	1318	727	85	41	463
57570cec-c43f-4a39-851e-2c3e8d87325b	1318	727	85	41	;
acc0d3ef-4197-4605-b5ef-16bf37d0aca4	230	765	180	41	addressed
7fb6f9d1-e7e3-4095-9fd5-080bd063266f	414	765	149	41	Moroni
1964f3b8-7c27-43b2-952b-2d389e0e24a0	414	765	149	41	,
0c1fa5e8-3528-42d2-9393-697a797849f3	568	765	159	41	receives
3caa473a-84b1-4a00-a563-0ac0a28e8d06	732	765	164	41	weapons
fd0da6cb-bb0b-42d5-bc8c-72dea524fd9b	901	765	102	41	from
80386995-73ea-4fba-ad8e-9a08c2484856	1008	765	154	41	Moroni
688019ae-5535-4a31-9ad2-e04e77d3e147	1008	765	154	41	,
2f028af1-dd34-4ec6-9d2d-429747203d0c	1167	765	102	41	463
42e3d046-e9e3-4fe2-9681-02c311f7f199	1167	765	102	41	;
6f816dcc-2ea5-4095-93d5-6b65b1681962	1275	765	128	41	attacks
2e37b78a-fa3f-43b9-8511-d33dd38ad950	230	803	133	41	Moroni
d3388979-d443-477e-a86e-b0aa2f61abb7	230	803	133	41	,
c5cd4c45-80a2-451d-9620-9ace44801a97	368	803	138	41	smitten
7e8942c8-3eaa-4ff3-8348-eccabcfdb5b5	512	803	51	41	by
e7cbad74-bf04-4471-8f78-7fc566079958	568	803	133	41	oldier
d08b97dc-2e9b-4c34-bb43-3da01b461364	568	803	133	41	,
628c79d1-9308-4b83-a908-f42f904fa7e0	706	803	128	41	renews
8608ca9d-1fbf-4255-baff-51d0f906c0c5	839	803	118	41	battle
f75a20a7-be0c-48d1-b6ff-ad59c2239bfd	839	803	118	41	,
d903ee0b-3928-41ee-99a8-af5e017ce27e	962	803	76	41	464
396c7851-4287-4792-8a9d-b2aa4757180f	962	803	76	41	.
9c7e2f40-140b-43d8-96fc-2f425b9c624e	189	844	123	41	Zeram
af5c5f23-feb9-4e93-a654-9c9843ee91dd	189	844	123	41	,
c0c579ff-13df-4a74-985b-b426e6416914	317	844	82	41	sent
7a0c5c86-b6ac-4b6b-be33-18713bd17640	404	844	51	41	by
b2f31976-ed2a-465c-b7c2-2c07dbf4c1b0	460	844	97	41	Alma
c341e76b-e3a2-4f52-b17b-36997131bc23	563	844	46	41	to
bff82317-18a0-4c0e-aebe-4f769f12d5e1	614	844	72	41	spy
32674f86-aaa0-4f76-b2d5-b57374868520	691	844	51	41	on
d7cbd9c9-bccb-4a61-bff2-e0e4a3b82d29	747	844	174	41	Amlicites
f2e4bb43-dc71-4280-94b9-09cb63127bb8	747	844	174	41	,
1e3cbb3f-1e08-44ac-bab1-c0fb4d108a67	926	844	77	41	305
3f4e0ae4-cfb4-41ff-9a2c-fa9d8791f57b	926	844	77	41	.
6e931d21-5d19-4d1a-b09f-9b80d171949a	192	882	105	41	Zerin
1d85ff42-74aa-4f5a-8a23-874ab07a542d	192	882	105	41	,
e9017b84-77fe-4aa7-81a0-f69516cbe8e5	302	882	140	40	brother
7b162101-a261-4704-8c69-e2ce949675da	447	882	45	40	of
dfd1d7ab-a556-49da-8739-82b72428aba3	497	882	105	40	Jared
f9c2547d-73ee-42ad-a447-11c6c5df5530	607	882	185	40	commands
56260a50-c4f8-4af4-b11a-6a6cc692e7c2	796	882	50	40	to
fac302e3-07a6-49fc-8175-f7dc83d61b8b	851	882	140	40	remove
a7d4d312-ba35-4269-ac1d-6418d604cfa9	851	882	140	40	,
4ef856ba-f7d8-4460-b225-19e9e0458c6e	996	882	76	41	748
63432846-be93-4ba8-9c8f-71db91f483ce	996	882	76	41	.
1a8d76fd-d622-4dd4-8915-b799a932698a	192	923	95	41	Zion
30eb8a1c-0ff4-47d7-884e-ba39c2159fdd	192	923	95	41	,
27f1edec-f90a-4316-ab76-0cda8d8bb6e9	292	923	85	41	seek
9dce26ca-1185-4461-a0cb-aae60dabd0b3	382	922	45	40	to
938f3272-6c18-4822-9c35-ef517cfd8920	432	922	105	41	bring
fde526e5-b743-407b-a6e5-0bc480275bc2	541	921	110	41	forth
93faf3dc-64b2-4b90-917e-25bb09ec849b	541	921	110	41	,
8e526e1e-c6b6-4a25-b701-dffe78b59f06	656	920	75	40	37
af751053-117a-4fe6-b8cf-5ed2240ecc67	656	920	75	40	;
c234f7a9-3c48-42da-b76c-01ccdca79d3c	736	920	90	41	they
683859f1-0f5e-4bd1-a7aa-48b5f8be7677	831	919	85	41	that
984c4a25-af1c-4b9e-bda7-3541f64a0e61	921	919	95	41	fight
59b030ae-ead3-47ac-bf50-7f039ca21da0	1021	918	150	41	against
c32f4616-8ad7-417b-9bb5-f73e6cacc2c4	1021	918	150	41	,
524c98bf-dad2-48cb-9185-e1b0f070d120	1176	917	95	41	100
97045cae-e591-4ba6-9afd-36c735ba3a2e	1176	917	95	41	;
9b637423-51d9-4793-b1e0-0fa5a1cd540b	1276	916	130	41	welfare
0cdfb7f8-edc3-4b5c-be10-2649efbea1c6	230	960	71	38	not
546d629a-f301-4681-9faa-b552e93921c1	306	960	128	38	sought
02a2c077-2632-42dd-a70a-f962a7934660	439	960	57	38	by
cd6f9b30-69f9-42e1-8280-1d99969a6411	500	960	204	38	priesteraft
c2b16edd-1e8f-4716-b330-a0aa59c0307f	500	960	204	38	,
6b300a93-b617-4c11-ab4c-18b85cd1421b	709	960	100	38	147
7c151da5-622e-4f20-896d-db23cbd92bbd	709	960	100	38	;
5fc8ee1f-566c-4fc3-a44a-0e0609d34c39	814	960	138	38	laborer
58161008-0fde-46cf-9d2e-788053bf2aae	956	960	57	38	in
91cbbe34-fa62-4687-8983-d87d521cc9d1	956	960	57	38	,
6452fe83-93d3-4039-b8cb-3d11fee2ec86	1018	960	104	38	shall
3bcd658f-6614-4c6b-aafc-d8e4878ca6b8	1127	960	104	38	labor
9390ea5a-55fb-41da-af73-15ae734954d0	1236	960	76	38	for
26c8f42c-84b1-418f-af29-47fe16343521	1236	960	76	38	,
6d8af896-a820-4bdf-a7b6-5c6e2ebdf79f	1317	960	89	38	148
d6a33354-22d3-4bc4-8b98-7c25683a76bf	1317	960	89	38	;
418ac7e0-07f6-476b-beec-e83ee5d3dc52	230	998	133	38	nations
cc20c43f-fce8-4d92-8d89-f6cdbdc22db7	367	998	85	38	that
6b2ba1c4-fa37-4eb2-852d-a2c5701ae24f	458	998	85	38	fight
47e94211-2eb7-427b-b317-f0610d81821b	548	998	138	38	against
86b7badd-7432-40b5-b42e-63f97ad92ac6	690	998	66	38	her
101854b5-c1b7-4fde-bcb0-4bf88049a34d	761	998	95	38	shall
732cd65a-3cea-494e-9591-a3a6ac0951fc	861	998	52	38	be
b3ba064f-4c8b-409d-a26f-485316c8f290	918	998	47	38	as
8c1b7eb4-13b2-4036-86dd-9c4aa65611b5	970	998	33	38	a
d2af64aa-8b91-48a8-934b-8791d0ae4c6f	1008	998	128	38	dream
a7a5c2a1-a72b-4fec-b916-cbc59f764638	1008	998	128	38	,
1853ab77-0061-4a4b-a054-aac3a2dcb002	1141	998	95	38	148
5d729329-e830-4dac-8f27-fef2e6e83355	1141	998	95	38	;
a79245b1-4c3a-40e9-ba96-7c18f5c94fea	1241	998	76	38	woe
81ee5dcc-6ae6-4e5b-9b55-787e8efb7d95	1322	998	84	38	unto
08cdccd9-acae-4953-bf88-4d89f4459003	230	1036	72	41	him
7b3b545e-b0be-4e43-9ebb-228143e6c931	307	1036	82	41	that
1e8505a6-d2c1-4c24-8628-58b5a80559b8	394	1036	41	41	is
c2623b29-7faa-4aef-ab11-dc3093044fdb	440	1036	51	41	at
3d42128b-9311-4a80-a421-3d68b130fb33	496	1036	82	41	ease
83b6ed40-6263-4edf-9b52-142152a884ae	583	1036	56	41	in
311c116d-3406-4237-84c9-679fcf7070bb	583	1036	56	41	,
5032cd88-67d0-4640-9d9e-5456b0577e38	645	1036	87	41	155
b2b168d0-17e0-412d-a32e-d56daff2f46c	645	1036	87	41	;
848e5bca-ee41-4b8c-9d37-654b88c9e642	737	1036	51	41	to
6253201c-64d3-44ca-9744-48c49dbd5f04	793	1036	46	41	be
23c81a52-a620-482b-8ad1-5b68c83277d9	844	1036	205	41	established
d508943e-2d7c-471d-bf0c-aa7754fa5e01	844	1036	205	41	,
f5e6e3f2-81bd-452e-a748-4d9a330e67c8	1054	1036	81	41	662
ca107b4a-cf7f-4c77-86e2-394494934802	1054	1036	81	41	.
668bcea9-fd24-4944-aabb-92fffdeb41a8	189	1077	128	41	Zoram
d2bb5b99-ffeb-4841-8aca-c06ab38784d9	189	1077	128	41	,
55265922-c3bd-495a-a48e-76a60fed6e7d	322	1077	138	41	captain
f2814031-46e0-4bb9-a3f9-df01bafbc2d4	465	1077	46	41	of
bb8f7af3-c25d-427f-bd97-8d8b925bd64c	517	1077	164	41	Nephites
dd93b3a1-72fc-493c-b3d7-89c4f1205ba6	517	1077	164	41	,
ca832dad-97a8-4205-81ba-c6461cf22499	686	1077	87	41	350
2c9d0d66-a9da-4f7a-b215-9a17b25497da	686	1077	87	41	;
96e651c5-9406-4853-9951-120a0276ed41	778	1077	92	41	Lehi
62609088-97e0-45e1-8018-6e5a4ec732d4	875	1077	72	41	and
9d3fc4e3-9123-4a9c-b81e-392a665843a9	952	1077	87	41	Aha
e20aab33-a9e3-430c-be75-e491e68393e7	952	1077	87	41	,
b199a913-228a-47dd-9a9e-fe8415febfc6	1044	1077	87	41	sons
fadab61c-e558-4feb-a827-73e07e30d5c7	1136	1077	56	41	of
8aace77d-bab7-49ad-b4f6-e3c1468521d1	1136	1077	56	41	,
7c6bf3e9-a95a-42c9-ad8b-d191291d600f	1198	1077	92	41	359
78b0b53d-e715-492b-bd09-194bffa14e99	1198	1077	92	41	;
938905b6-af8f-4b54-b446-25b40bf20c6f	1295	1077	108	41	march
87ce1c1c-ef8e-414d-9d4c-339874754a82	230	1114	81	38	over
c42c048d-8d23-40f5-afea-8426e3a4d9d6	315	1114	90	38	river
c77b6b46-0671-4d20-9c31-fd1b5ea8d8f2	410	1114	114	38	Sidon
4d9f2085-8609-4be9-a194-619584789346	410	1114	114	38	,
5194363d-8b4f-4d57-af1c-277017808584	529	1114	85	38	360
032b5267-6852-481f-926e-b381b5e470bb	529	1114	85	38	;
ce9aa3f3-ac9f-409a-9067-d6c32f50a840	619	1114	100	38	drive
c1963b4e-0a59-474f-b71c-913015342e9d	724	1114	195	38	Lamanites
f285b0eb-6604-4589-9278-d4632b1c73cc	724	1114	195	38	,
d04df0dd-d2a6-42cf-aa93-72c3315ffd25	923	1114	90	38	360
329f0d61-b3bb-4229-88c8-c8823cb41167	923	1114	90	38	;
65a00aa5-e0b1-43c3-836e-d75052fe9ef9	1018	1114	128	38	rescues
8bdd928d-4475-4f5d-908a-5665dfa02ccb	1151	1114	176	38	prisoners
ae8b080c-0ed0-453e-a137-5356308c0d80	1151	1114	176	38	,
6d1f719e-5b46-40de-beed-34af28ae406f	1331	1114	75	38	360
bbe2d41d-50a3-41d0-8ae3-c9669a51fefa	1331	1114	75	38	.
c5b3235a-3ffc-4e26-a79f-312b3acac112	192	1156	120	41	Zoram
f5c2232d-bd09-4086-bb6f-5c456a91cfde	192	1156	120	41	,
f27773a0-6de9-48d3-8ea8-c8d3b6bbcc96	317	1155	115	41	leader
37b816c0-ccab-4384-a749-0756d228f4be	437	1155	45	40	of
0b2c4fb7-4b3e-44ce-8643-98e3c746c892	487	1154	190	41	Zoramites
9bf2fc29-3473-4306-be0b-45a62d509385	487	1154	190	41	,
4810b19b-f9a8-4190-a47d-7aeb1d1f06fc	681	1154	90	40	416
e15a51c1-194a-45c0-8b5c-63bbcf86832b	681	1154	90	40	;
6361f570-2dbf-4b1b-830e-9608ef9a8f92	776	1153	95	40	Alma
bbcf9ef1-9f30-48eb-93a8-bd0372901c4a	876	1153	75	40	and
0a750c1b-e929-4c6e-99d2-b8b38308cefb	956	1152	155	41	brethren
44f02635-27f0-4370-95bd-ca82a562c8fd	1116	1151	155	41	separate
642f483a-327b-4376-b2c6-b226da756004	1276	1151	45	40	in
e0c13786-db1f-4384-86e8-1528ee274fc5	1326	1150	77	41	land
89382c5a-40b4-45e8-99a3-7d26a97f3fc5	230	1196	52	38	of
1a59550a-fe00-44b2-8e10-672b317c966a	230	1196	52	38	,
ec9e6078-1ace-4bc1-ba5e-ef67419b17d1	287	1196	81	38	420
75ad5980-d54b-440a-8068-9c3e927e3695	287	1196	81	38	.
32f0330c-2a14-4420-8220-1e85968a9b94	192	1231	123	41	Zoram
5d9dd8c7-63fa-4d55-86f1-ef65d94e5655	192	1231	123	41	,
d586ebda-64f1-4889-b1da-8d6451b748ea	320	1231	138	41	servant
5e8c8c5f-f05c-444c-8b50-4b42f54ffb2a	463	1231	46	41	of
5ad63a3f-50f9-43fe-90f7-d520728b687c	515	1231	123	41	Laban
1faffc43-7ad4-4d96-857b-5f221450c16c	515	1231	123	41	,
dbe21fcc-713c-4047-9b51-10eb8dda8b00	643	1231	72	41	12
0ace1d9c-8c1f-4945-a150-87eb01cbe77c	643	1231	72	41	;
c8767ad9-865c-4ca4-b99f-02938a44c9ef	719	1231	220	41	accompanies
459d2878-5381-4758-8001-04aa9ba158ac	945	1231	118	41	Nephi
9afb09d0-451a-472f-bd6a-9c25a29b5227	945	1231	118	41	,
d475eedc-3e7b-40bc-9bf6-095232386075	1068	1231	72	41	13
dd9c7d3a-0d67-4ecc-8927-a38c9c8f5bc9	1068	1231	72	41	;
45c8d922-b9f0-4132-857c-810693a2fb19	1144	1231	102	41	takes
afdf2bca-e874-4040-853c-a1f95712a636	1252	1231	154	41	daughter
7d5ba200-d9d0-4a49-8392-5eda81f38ef9	233	1273	41	41	of
a65e9a06-45a4-4e31-983d-6206f3044868	279	1272	144	42	Ishmael
fd3bf141-b84f-4c9d-bfc5-a78c74002ca5	427	1272	51	41	to
594e7f99-8c92-4caa-84d9-3820777a9ead	484	1272	97	41	wife
a8159304-9772-431e-a202-8330f3a16451	484	1272	97	41	,
a754ea47-2eef-4f73-9c9e-4a4a7a335dbd	586	1271	72	41	48
6e209185-c7b1-47c6-a3ce-87284b91ce9f	586	1271	72	41	;
d8170de1-1943-4f05-8447-66e9795c88b3	663	1271	92	41	Lehi
ed377d5c-5b35-4ed4-a01e-1f1ca5ab48c1	760	1270	123	42	speaks
06a7fbe5-4d92-4c60-9c79-79972b4ad8e8	888	1270	57	41	to
38943f2e-d009-4e1e-bb68-c1ceab3fb589	888	1270	57	41	,
b331bea8-f462-4df9-bcc1-460e81cfca23	950	1270	72	41	81
146b668d-8225-4ae5-9d47-407e79317a9d	950	1270	72	41	;
61fe25ba-b183-4b4b-8be8-8d9f57d2f4c6	1026	1269	87	41	flees
be7d5740-71a8-4e24-8a65-083e58f8f3fb	1119	1269	92	41	with
ce911b1e-fc57-4cf6-8952-03d1bd82f168	1216	1268	113	42	Nephi
399e241c-1e7f-41b8-b3fc-44717bad7dd8	1334	1268	72	41	into
bd06c564-a58e-42a3-8764-4a2d3c06d395	233	1313	190	38	wilderness
057f2b15-b6e3-4732-8033-f8cdb43a1fca	233	1313	190	38	,
ca1bdd64-393d-4d42-b652-9c884e3e1702	427	1313	60	38	95
54bdc841-ffb0-4bd2-80db-0be168a5480e	427	1313	60	38	.
7f06530b-8f9f-4ba3-a029-1b3ceafe1918	192	1351	185	40	Zoramites
b47d77f8-ec91-412d-a3e1-71ef39ab2997	192	1351	185	40	,
87b56a58-a87f-47b9-9da3-4afe32eae594	382	1351	67	38	led
ee59a5b9-addd-4f51-8c87-2cb22e7d6be3	453	1350	52	38	by
feefa155-dae0-45b5-b38b-e3792fc6a477	510	1350	133	39	Zoram
07b7d6cc-39df-4b19-bba2-95d71bca7c5d	510	1350	133	39	,
fc4700d6-36cb-42cb-90cc-3de6fc4b3657	647	1349	95	39	416
e3fffd3b-641a-4d9b-a21d-39ec2b9017c7	647	1349	95	39	;
aeafe43f-be28-4f19-9437-3678c5e7538a	747	1348	190	39	separation
ddfb8f84-f7ca-43b3-ab79-01185704e434	942	1348	95	39	from
32b6dc28-622c-4f73-8ef1-16ce3b5d3434	1041	1347	171	39	Nephites
2058cb67-eed4-4d16-ab23-ec675df63e9a	1041	1347	171	39	,
5fedbc93-dcde-4f51-a9ff-4e93bfc655dc	1217	1346	95	39	416
50eb700f-8c5b-4ddd-9df1-65a7e4f143be	1217	1346	95	39	;
60308f80-ace9-4b71-8e16-25b907e40622	1317	1346	86	39	word
ef910e98-b267-4e3d-ad45-d9fabea0443f	226	1388	48	38	of
d56b156b-f7f5-45ee-983f-7e6a392ed5bd	279	1388	76	38	God
8a250eea-d980-4b65-b8e1-897b445cf031	360	1388	161	38	preached
861ed017-93ad-4a58-970a-9c1e97312bd1	526	1388	52	38	to
44a30984-10ef-4b75-8aeb-fcb0068b4420	526	1388	52	38	,
198ca625-2ad8-4e40-97d1-62d1797dd1e3	583	1388	90	38	417
f10a1b16-740a-4901-b18a-112aa55643e7	583	1388	90	38	;
8ee5e1e5-0c53-4008-88d0-c7fb9b8ee8d8	678	1388	123	38	prayer
11faa45c-bebc-46de-bb6f-e28c7dd9d8b0	806	1388	52	38	of
e1392bfb-0f95-429e-b14c-444a87a2019e	806	1388	52	38	,
8f8af86a-b14b-4fb3-84b2-dd27244d26d7	863	1388	90	38	418
6e78b01c-07d8-4d92-a461-196066d338df	863	1388	90	38	;
c42746dd-e546-4281-83e3-7621c4cc3dc3	958	1388	81	38	will
04b2067b-bbc3-408a-81c0-530a08ef71ae	1043	1388	66	38	not
0f9a04be-9ef9-46e9-b515-f1d29a7c51a5	1114	1388	142	38	hearken
c117c154-b097-4a97-90c5-4054d85029ab	1262	1388	47	38	to
7ffe3593-f27f-4f1a-914e-a66af50289f6	1314	1388	92	38	Alma
d7863274-1b0a-4843-b392-efbf76b77639	229	1428	68	43	and
4a1ee77f-48c8-4df8-84ef-5e80fa1cfad9	303	1427	142	43	Amulek
1c7acc22-8921-4f57-9182-66785a6dc4d4	303	1427	142	43	,
c86f81bf-6588-44a8-85b3-a2ee3c308ce9	450	1427	84	42	432
3a62c332-aac5-43b5-a552-87d31fa6dd40	450	1427	84	42	;
0469e4bf-daa4-40a5-919f-c7ead06c20ff	539	1427	79	42	cast
bd6168fe-8734-4fad-8806-2e8d293c4257	623	1426	58	42	out
8aea08d3-a047-4b9d-8407-a57f8ab614ba	686	1426	100	42	those
32b147ae-8795-4d20-b23d-8dcfcb0a218c	791	1425	74	42	who
0fed4eb6-6629-4f3f-86d2-e3b1133abb4b	869	1425	121	43	believe
7885a043-13dd-4d6a-a33f-71e6c2170161	995	1424	95	42	Alma
7682f24f-bd9b-4753-8749-4e8475d609ce	1095	1424	74	42	and
0667ba77-d929-4602-b0dd-79a3b7ca0eb3	1174	1423	142	43	Amulek
5d1556fc-96c3-4e65-b40c-ca0359424824	1174	1423	142	43	,
84fa33e4-e840-4101-95c1-6261d5c141f7	1321	1423	85	43	432
2273364e-c5e1-4661-8932-e2197766bd4e	1321	1423	85	43	;
5401dd2f-d891-4eca-b921-6c6b45e379f1	230	1464	77	41	mix
4ca4825b-1d2b-4f96-a11a-ee25ff44f870	312	1464	92	41	with
d45215a1-9a1b-49bd-a65b-c08d8a3a61ca	409	1464	195	41	Lamanites
c3efbccf-3180-47e5-9ea7-226accd81178	409	1464	195	41	,
5db6ffd0-5b4f-4eae-a328-49daec8a2317	609	1464	82	41	133
f21066b1-8385-4184-9ded-bdb27052672a	609	1464	82	41	,
4df0e3af-8377-479f-a5b8-88c367c99a24	696	1464	97	41	456
81897d59-8962-4d8a-a208-377f5f7e38c2	696	1464	97	41	;
c08b9cd4-fca6-4d0e-b8c3-23c4751538b3	798	1464	102	41	those
0bcf581f-67d7-4e85-81f1-afe98a71d091	906	1464	179	41	converted
064d7a47-32ac-4106-80a4-eafbf3cf8e65	1090	1464	118	41	driven
a48e3406-b804-4c8b-a904-6c82ca84d27e	1213	1464	97	41	from
59c02c0e-0fa8-4682-9aca-1090e651224d	1316	1464	93	41	land
4de6ab9b-4c80-4af4-8501-d45c5e719252	1316	1464	93	41	,
f9c5c4b4-e178-4891-b25f-e488c2b8ca90	229	1505	92	44	483
2058557c-7799-474c-bf5b-5c5ea6a5daf9	229	1505	92	44	;
934f5572-7c85-4ec8-be59-ed26139036b1	326	1504	145	44	Shiblon
211366e3-36ab-4e5c-a149-78db4a8fe430	476	1503	145	44	faithful
1c9c9b5f-beb0-4d8e-bc6a-42144df01d17	627	1502	140	44	among
ca2f9253-f601-492d-b13f-b0bdcc3ec982	627	1502	140	44	,
15ddbb4b-c648-4ea8-a279-a86805ed0fe4	772	1501	102	44	443
b54813b0-0260-4f1c-aeea-98f5df124706	772	1501	102	44	;
1656eb9a-82f2-415e-8287-39587bc6f4f7	879	1500	188	44	Antionum
b8f6bbca-7d9e-4841-ac5e-45d31a820f60	879	1500	188	44	,
04887568-9c36-4685-8cdb-850d85e2bd0b	1073	1499	97	44	land
af61a56c-1ca0-42ed-b207-d9f0115bad08	1175	1499	65	43	of
0a721ff8-f331-4914-a9f5-26e88543e318	1175	1499	65	43	,
2d374960-caca-4089-9a60-8d0d31941a10	1245	1498	97	44	456
5694d481-dedd-4e8f-9854-b24d373ab89f	1245	1498	97	44	;
ca704657-bc28-4aec-9106-223e61213a53	1347	1498	63	44	ap
c9139f9c-38a1-4ef5-83bf-24fe0ebbde5f	1347	1498	63	44	-
e59cf24d-5b53-4023-9f43-237f2e56fabd	223	1539	138	41	pointed
d4f0173e-5958-46fa-89cb-3a6127c36412	366	1539	92	41	chief
09efeb14-757d-49ff-9936-1b353f0433d6	464	1539	154	41	captains
60faae40-6e8a-4533-8975-b0e2e0d647af	622	1539	41	41	of
0b11894d-d1be-4965-b4c9-e88ad26dd32d	668	1539	195	41	Lamanites
59147ec3-ac8e-43a2-98e5-853501805860	668	1539	195	41	,
5f2d44f0-f07f-4472-938f-d93a4e19db9d	868	1539	82	41	156
2a35b7f8-f693-429c-a948-88cb8f33a63f	868	1539	82	41	,
532a579b-58ae-461d-8e2c-eee972c5f5d5	955	1539	87	41	478
4c2322c6-9894-46ed-8810-256265972cb1	955	1539	87	41	;
9499f1b9-f65f-428b-8ddb-7a180927f987	1047	1539	36	41	a
61afb9dd-009b-4bb1-bbea-1b4918c8a9d5	1088	1539	118	41	people
808828d5-1cb7-480c-95b3-fcea548cb9f9	1211	1539	113	41	called
1d991db9-7a57-450f-8e72-1e89329b41c5	1211	1539	113	41	,
22ed0811-900c-4e70-966f-520a5cfa0b99	1329	1539	80	41	685
32d60160-af7b-472e-8062-cc3d5fad2586	1329	1539	80	41	.
f61014c8-d4b8-4edd-990f-4bb05f33d834	192	1584	166	38	Loramite
cc722f15-384d-43ab-a0d8-dfb5a96e2e4e	192	1584	166	38	,
e7103a27-2827-47be-b1b2-71c39376abd8	363	1584	106	37	Jacob
7f6bb8de-4ddf-4839-8e4f-3efdee6e0532	474	1584	42	37	a
8747fa91-d999-4ede-add4-f46b4c83a51a	474	1584	42	37	,
9fee5ec7-1375-4be1-8a2c-943301b22a8c	520	1584	74	38	497
3f76b9f5-e91b-487f-9679-d0e8e002fd78	520	1584	74	38	.
